   7.5250000e+06   0.0000000e+00
   6.7097000e+04   2.1000000e+01
   6.7850000e+04   2.4000000e+01
   7.1510000e+04   2.1000000e+01
   7.2950000e+04   2.2000000e+01
   7.3110000e+04   2.4000000e+01
   7.5417000e+04   2.1000000e+01
   7.6510000e+04   2.2000000e+01
   7.6884000e+04   2.1000000e+01
   8.1611000e+04   2.2000000e+01
   1.8771700e+05   2.1000000e+01
   1.8923600e+05   2.1000000e+01
   1.9058300e+05   2.1000000e+01
   2.6895500e+05   2.1000000e+01
   2.7108600e+05   2.5000000e+01
   2.7144300e+05   2.1000000e+01
   2.7239200e+05   2.1000000e+01
   2.7241800e+05   2.1000000e+01
   2.7278300e+05   2.1000000e+01
   2.7361000e+05   2.5000000e+01
   2.7683200e+05   2.3000000e+01
   3.8023100e+05   2.1000000e+01
   3.8092700e+05   2.1000000e+01
   3.8244700e+05   2.2000000e+01
   5.7150100e+05   2.1000000e+01
   5.7213300e+05   2.1000000e+01
   5.7268800e+05   2.3000000e+01
   5.7286400e+05   2.1000000e+01
   5.7380800e+05   2.3000000e+01
   7.1676200e+05   2.2000000e+01
   7.1824100e+05   2.3000000e+01
   7.1878500e+05   3.1000000e+01
   7.1927100e+05   2.3000000e+01
   7.1999700e+05   2.1000000e+01
   7.2013900e+05   2.1000000e+01
   7.2023600e+05   2.4000000e+01
   7.2036100e+05   2.2000000e+01
   7.2050900e+05   2.3000000e+01
   7.2057600e+05   2.1000000e+01
   7.2087200e+05   2.2000000e+01
   7.2094700e+05   2.1000000e+01
   8.0814000e+05   2.1000000e+01
   8.0851800e+05   2.2000000e+01
   8.1009700e+05   2.6000000e+01
   8.1085700e+05   2.3000000e+01
   8.1212400e+05   2.1000000e+01
   8.3746000e+05   2.4000000e+01
   8.4208800e+05   2.2000000e+01
   8.7622600e+05   2.3000000e+01
   8.7832300e+05   2.2000000e+01
   8.8019400e+05   2.1000000e+01
   8.8271900e+05   2.1000000e+01
   9.8868400e+05   2.8000000e+01
   9.9176800e+05   2.1000000e+01
   9.9208700e+05   2.1000000e+01
   9.9512600e+05   2.1000000e+01
   9.9526700e+05   2.1000000e+01
   1.0859560e+06   2.5000000e+01
   1.0876780e+06   2.5000000e+01
   1.0890190e+06   2.1000000e+01
   1.0894380e+06   2.1000000e+01
   1.1881320e+06   2.2000000e+01
   1.1888850e+06   2.4000000e+01
   1.1889560e+06   2.4000000e+01
   1.1889940e+06   2.2000000e+01
   1.1894570e+06   2.1000000e+01
   1.1899450e+06   2.2000000e+01
   1.1899880e+06   2.1000000e+01
   1.1902360e+06   2.1000000e+01
   1.1905640e+06   2.2000000e+01
   1.1905990e+06   2.4000000e+01
   1.2542120e+06   2.4000000e+01
   1.2542970e+06   2.3000000e+01
   1.3119690e+06   2.1000000e+01
   1.3562510e+06   2.4000000e+01
   1.3587510e+06   2.1000000e+01
   1.3591040e+06   2.1000000e+01
   1.3593400e+06   2.1000000e+01
   1.3605170e+06   2.8000000e+01
   1.3608310e+06   2.2000000e+01
   1.4503250e+06   2.1000000e+01
   1.4531820e+06   2.3000000e+01
   1.4550990e+06   2.3000000e+01
   1.4553620e+06   2.7000000e+01
   1.4556190e+06   2.1000000e+01
   1.4556810e+06   2.4000000e+01
   1.4562870e+06   2.1000000e+01
   1.4565100e+06   2.5000000e+01
   1.4565590e+06   2.7000000e+01
   1.4569410e+06   2.4000000e+01
   1.4578500e+06   2.1000000e+01
   1.5046480e+06   2.3000000e+01
   1.5639430e+06   2.3000000e+01
   1.5651330e+06   2.1000000e+01
   1.5655870e+06   2.2000000e+01
   1.5668600e+06   2.4000000e+01
   1.5673410e+06   2.5000000e+01
   1.6510770e+06   2.4000000e+01
   1.6511710e+06   2.2000000e+01
   1.6537600e+06   2.3000000e+01
   1.6546520e+06   2.1000000e+01
   1.6562680e+06   2.5000000e+01
   1.6604410e+06   2.1000000e+01
   1.6638420e+06   2.2000000e+01
   1.6643960e+06   2.2000000e+01
   1.6649650e+06   2.6000000e+01
   1.8487270e+06   2.1000000e+01
   1.8506170e+06   2.2000000e+01
   1.8511610e+06   2.3000000e+01
   1.8513580e+06   2.4000000e+01
   1.9506690e+06   2.1000000e+01
   1.9510230e+06   2.3000000e+01
   1.9535230e+06   2.1000000e+01
   1.9567380e+06   2.1000000e+01
   1.9568480e+06   2.5000000e+01
   1.9572610e+06   2.4000000e+01
   1.9574640e+06   2.1000000e+01
   2.0039530e+06   2.2000000e+01
   2.0257190e+06   2.1000000e+01
   2.0866990e+06   2.2000000e+01
   2.0876510e+06   2.2000000e+01
   2.0885700e+06   2.2000000e+01
   2.0887620e+06   2.1000000e+01
   2.0909220e+06   2.1000000e+01
   2.1790660e+06   2.3000000e+01
   2.1796210e+06   2.2000000e+01
   2.1797710e+06   2.6000000e+01
   2.1801970e+06   2.3000000e+01
   2.1804060e+06   2.2000000e+01
   2.1809330e+06   2.2000000e+01
   2.1809900e+06   2.1000000e+01
   2.1812550e+06   2.5000000e+01
   2.1814390e+06   2.4000000e+01
   2.1867900e+06   2.1000000e+01
   2.1996990e+06   2.1000000e+01
   2.2810650e+06   2.5000000e+01
   2.2839480e+06   2.1000000e+01
   2.3524600e+06   2.1000000e+01
   2.3530150e+06   2.1000000e+01
   2.3555630e+06   2.1000000e+01
   2.3557650e+06   2.1000000e+01
   2.4258940e+06   2.1000000e+01
   2.4841320e+06   2.4000000e+01
   2.4871450e+06   2.1000000e+01
   2.4877420e+06   2.4000000e+01
   2.4881850e+06   2.1000000e+01
   2.4885170e+06   2.2000000e+01
   2.4888200e+06   2.3000000e+01
   2.4900870e+06   2.1000000e+01
   2.5633570e+06   2.2000000e+01
   2.5638230e+06   2.1000000e+01
   2.5644540e+06   2.5000000e+01
   2.5670130e+06   2.3000000e+01
   2.5674670e+06   2.2000000e+01
   2.5687280e+06   2.7000000e+01
   2.5701680e+06   2.1000000e+01
   2.5705930e+06   3.0000000e+01
   2.7179420e+06   2.2000000e+01
   2.7180130e+06   2.2000000e+01
   2.7181670e+06   2.2000000e+01
   2.7185080e+06   2.4000000e+01
   2.7186140e+06   2.4000000e+01
   2.7192210e+06   2.1000000e+01
   2.7193880e+06   2.4000000e+01
   2.7195970e+06   2.2000000e+01
   2.7199930e+06   2.1000000e+01
   2.7201200e+06   2.2000000e+01
   2.7217090e+06   2.1000000e+01
   2.9543090e+06   2.1000000e+01
   3.0250440e+06   2.2000000e+01
   3.0257420e+06   2.1000000e+01
   3.0260280e+06   2.2000000e+01
   3.0260730e+06   2.1000000e+01
   3.0266450e+06   2.5000000e+01
   3.0333990e+06   2.1000000e+01
   3.0337510e+06   2.1000000e+01
   3.0406020e+06   2.3000000e+01
   3.0439430e+06   2.3000000e+01
   3.0455070e+06   2.4000000e+01
   3.1694170e+06   2.2000000e+01
   3.1701800e+06   2.1000000e+01
   3.1702770e+06   2.1000000e+01
   3.1710970e+06   2.2000000e+01
   3.1719180e+06   2.1000000e+01
   3.1733590e+06   2.2000000e+01
   3.2722250e+06   2.1000000e+01
   3.3771330e+06   2.1000000e+01
   3.3777270e+06   3.0000000e+01
   3.3786470e+06   2.1000000e+01
   3.4061090e+06   2.2000000e+01
   3.4091360e+06   2.1000000e+01
   3.4121640e+06   2.1000000e+01
   3.4159540e+06   2.3000000e+01
   3.4182620e+06   2.1000000e+01
   3.4381440e+06   2.2000000e+01
   3.4462780e+06   3.7000000e+01
   3.4476530e+06   2.1000000e+01
   3.4477990e+06   2.1000000e+01
   3.4485850e+06   2.3000000e+01
   3.4487420e+06   2.2000000e+01
   3.4493640e+06   2.2000000e+01
   3.4859180e+06   2.1000000e+01
   3.5289910e+06   2.2000000e+01
   3.5326910e+06   2.2000000e+01
   3.5330440e+06   2.2000000e+01
   3.5358690e+06   2.1000000e+01
   3.5403260e+06   2.3000000e+01
   3.5466520e+06   2.1000000e+01
   3.5467710e+06   2.2000000e+01
   3.5471860e+06   2.1000000e+01
   3.5481680e+06   2.5000000e+01
   3.5508440e+06   2.3000000e+01
   3.5511160e+06   2.1000000e+01
   3.5530050e+06   2.1000000e+01
   3.6471440e+06   2.1000000e+01
   3.6478560e+06   2.3000000e+01
   3.6478950e+06   2.3000000e+01
   3.6488490e+06   2.2000000e+01
   3.7171640e+06   2.7000000e+01
   3.7265640e+06   2.1000000e+01
   3.7271280e+06   2.1000000e+01
   3.7337460e+06   2.1000000e+01
   3.7338920e+06   2.1000000e+01
   3.7363070e+06   2.2000000e+01
   3.7365240e+06   2.1000000e+01
   3.7365710e+06   2.5000000e+01
   3.7369730e+06   2.7000000e+01
   3.7370630e+06   2.3000000e+01
   3.7435850e+06   2.2000000e+01
   3.8229390e+06   2.3000000e+01
   3.8261380e+06   2.3000000e+01
   3.8267610e+06   2.2000000e+01
   3.8290680e+06   2.7000000e+01
   3.8350410e+06   2.3000000e+01
   3.9448170e+06   2.1000000e+01
   3.9450850e+06   2.6000000e+01
   3.9452140e+06   2.7000000e+01
   3.9453010e+06   2.1000000e+01
   3.9466770e+06   2.2000000e+01
   3.9471450e+06   2.1000000e+01
   3.9472310e+06   2.2000000e+01
   3.9473550e+06   2.1000000e+01
   3.9481060e+06   2.5000000e+01
   3.9481610e+06   2.1000000e+01
   3.9485440e+06   2.5000000e+01
   3.9489490e+06   2.4000000e+01
   3.9530960e+06   2.1000000e+01
   4.0049980e+06   2.2000000e+01
   4.0085620e+06   2.5000000e+01
   4.0097300e+06   2.2000000e+01
   4.0714530e+06   2.2000000e+01
   4.0715180e+06   2.3000000e+01
   4.0716450e+06   2.1000000e+01
   4.1615700e+06   2.1000000e+01
   4.1624910e+06   2.1000000e+01
   4.1638750e+06   2.4000000e+01
   4.2050740e+06   2.1000000e+01
   4.2289760e+06   2.2000000e+01
   4.2310230e+06   2.1000000e+01
   4.2310890e+06   2.1000000e+01
   4.2317470e+06   2.1000000e+01
   4.2322530e+06   2.5000000e+01
   4.2326590e+06   2.3000000e+01
   4.2331120e+06   2.2000000e+01
   4.2357270e+06   2.1000000e+01
   4.2379680e+06   2.1000000e+01
   4.3093590e+06   2.6000000e+01
   4.3096020e+06   2.1000000e+01
   4.3096330e+06   2.4000000e+01
   4.3101110e+06   2.1000000e+01
   4.3103730e+06   2.1000000e+01
   4.3104640e+06   2.5000000e+01
   4.3113070e+06   2.1000000e+01
   4.3689400e+06   2.2000000e+01
   4.3691120e+06   2.3000000e+01
   4.3707650e+06   2.3000000e+01
   4.3725790e+06   2.1000000e+01
   4.3727140e+06   2.1000000e+01
   4.3736280e+06   2.5000000e+01
   4.4464200e+06   2.3000000e+01
   4.4466500e+06   2.2000000e+01
   4.4964210e+06   2.1000000e+01
   4.5025830e+06   2.1000000e+01
   4.5100840e+06   2.2000000e+01
   4.5115210e+06   2.1000000e+01
   4.5137070e+06   2.3000000e+01
   4.5137950e+06   2.1000000e+01
   4.5655950e+06   2.1000000e+01
   4.5659090e+06   2.1000000e+01
   4.5683730e+06   2.6000000e+01
   4.5729420e+06   2.3000000e+01
   4.5739640e+06   2.2000000e+01
   4.6432550e+06   2.1000000e+01
   4.6433100e+06   2.1000000e+01
   4.6434380e+06   2.3000000e+01
   4.6440310e+06   2.1000000e+01
   4.6441580e+06   2.2000000e+01
   4.6445570e+06   2.1000000e+01
   4.6456890e+06   2.1000000e+01
   4.6493340e+06   2.2000000e+01
   4.6507820e+06   2.1000000e+01
   4.6540470e+06   2.3000000e+01
   4.6928820e+06   2.3000000e+01
   4.6929660e+06   2.6000000e+01
   4.6947480e+06   2.4000000e+01
   4.7438140e+06   2.4000000e+01
   4.7873730e+06   2.1000000e+01
   4.7874790e+06   2.6000000e+01
   4.7875250e+06   2.2000000e+01
   4.7880260e+06   2.2000000e+01
   4.7893680e+06   2.3000000e+01
   4.8448820e+06   2.3000000e+01
   4.8455760e+06   2.1000000e+01
   4.8457700e+06   2.1000000e+01
   4.8460300e+06   2.1000000e+01
   4.8460800e+06   2.1000000e+01
   4.8466170e+06   2.1000000e+01
   4.8471300e+06   2.4000000e+01
   4.8473540e+06   2.1000000e+01
   4.9224240e+06   2.1000000e+01
   4.9227880e+06   2.2000000e+01
   4.9228710e+06   2.1000000e+01
   4.9238280e+06   2.3000000e+01
   4.9311050e+06   2.2000000e+01
   5.0043470e+06   2.2000000e+01
   5.0054050e+06   2.5000000e+01
   5.0633010e+06   2.1000000e+01
   5.0644070e+06   2.3000000e+01
   5.0649620e+06   2.1000000e+01
   5.0655970e+06   2.1000000e+01
   5.0660800e+06   2.1000000e+01
   5.0667880e+06   2.1000000e+01
   5.0670080e+06   2.3000000e+01
   5.0670780e+06   2.1000000e+01
   5.0672480e+06   2.4000000e+01
   5.0674570e+06   2.1000000e+01
   5.0688390e+06   2.5000000e+01
   5.0696490e+06   2.2000000e+01
   5.0711690e+06   2.3000000e+01
   5.0819600e+06   2.1000000e+01
   5.0825150e+06   2.4000000e+01
   5.0826780e+06   2.2000000e+01
   5.0849910e+06   2.2000000e+01
   5.0858960e+06   2.1000000e+01
   5.0878960e+06   2.4000000e+01
   5.0924320e+06   2.1000000e+01
   5.1894430e+06   2.1000000e+01
   5.1895890e+06   2.2000000e+01
   5.1897950e+06   2.1000000e+01
   5.1901770e+06   2.1000000e+01
   5.1904400e+06   2.1000000e+01
   5.1921950e+06   2.2000000e+01
   5.1924250e+06   2.4000000e+01
   5.2712430e+06   2.2000000e+01
   5.2948700e+06   2.1000000e+01
   5.2950040e+06   2.2000000e+01
   5.2951380e+06   2.1000000e+01
   5.2956030e+06   2.1000000e+01
   5.2962740e+06   2.5000000e+01
   5.2973400e+06   2.6000000e+01
   5.2974130e+06   2.7000000e+01
   5.2975000e+06   2.2000000e+01
   5.2982800e+06   2.3000000e+01
   5.3453860e+06   2.1000000e+01
   5.3597750e+06   2.3000000e+01
   5.3930180e+06   2.2000000e+01
   5.3954280e+06   2.1000000e+01
   5.3955420e+06   2.1000000e+01
   5.3961130e+06   2.2000000e+01
   5.3965320e+06   2.7000000e+01
   5.4491880e+06   2.1000000e+01
   5.4494320e+06   2.2000000e+01
   5.4503030e+06   2.3000000e+01
   5.4617620e+06   2.1000000e+01
   5.5161290e+06   2.1000000e+01
   5.5185480e+06   2.4000000e+01
   5.5197780e+06   2.4000000e+01
   5.5198530e+06   2.4000000e+01
   5.5204050e+06   2.3000000e+01
   5.6286550e+06   2.1000000e+01
   5.6290030e+06   2.3000000e+01
   5.6304330e+06   2.3000000e+01
   5.6323470e+06   2.2000000e+01
   5.6328960e+06   2.3000000e+01
   5.6623050e+06   2.1000000e+01
   5.7181020e+06   3.0000000e+01
   5.7191400e+06   2.2000000e+01
   5.7207570e+06   2.1000000e+01
   5.7233580e+06   2.1000000e+01
   5.8139780e+06   2.5000000e+01
   5.8157580e+06   2.2000000e+01
   5.8274630e+06   2.2000000e+01
   5.8282450e+06   2.3000000e+01
   5.8286300e+06   2.3000000e+01
   5.8290710e+06   2.6000000e+01
   5.8300430e+06   2.1000000e+01
   5.9139900e+06   2.1000000e+01
   5.9248430e+06   2.1000000e+01
   5.9259430e+06   2.7000000e+01
   5.9261390e+06   2.2000000e+01
   5.9264990e+06   2.4000000e+01
   5.9265940e+06   2.6000000e+01
   5.9275800e+06   2.1000000e+01
   5.9284200e+06   2.2000000e+01
   5.9288560e+06   2.2000000e+01
   6.0153160e+06   2.1000000e+01
   6.0168830e+06   2.1000000e+01
   6.0175750e+06   2.4000000e+01
   6.0190510e+06   2.1000000e+01
   6.0981220e+06   2.2000000e+01
   6.0991790e+06   2.9000000e+01
   6.0995360e+06   2.2000000e+01
   6.0998010e+06   2.1000000e+01
   6.1001610e+06   2.1000000e+01
   6.1013150e+06   2.1000000e+01
   6.1723210e+06   2.5000000e+01
   6.1733570e+06   2.2000000e+01
   6.1911610e+06   2.5000000e+01
   6.2479120e+06   2.3000000e+01
   6.2507600e+06   2.3000000e+01
   6.2517310e+06   2.1000000e+01
   6.2520330e+06   2.3000000e+01
   6.2523990e+06   2.1000000e+01
   6.2525370e+06   2.1000000e+01
   6.2526030e+06   3.1000000e+01
   6.2527690e+06   2.2000000e+01
   6.2579670e+06   2.1000000e+01
   6.3595770e+06   2.1000000e+01
   6.3597110e+06   2.3000000e+01
   6.3602350e+06   2.2000000e+01
   6.3640140e+06   2.2000000e+01
   6.3713090e+06   2.4000000e+01
   6.3716310e+06   2.4000000e+01
   6.3721340e+06   2.1000000e+01
   6.3730160e+06   2.1000000e+01
   6.3734040e+06   2.8000000e+01
   6.3736180e+06   2.1000000e+01
   6.3749510e+06   2.2000000e+01
   6.3754050e+06   2.3000000e+01
   6.3883370e+06   2.3000000e+01
   6.4633790e+06   2.1000000e+01
   6.4639910e+06   2.1000000e+01
   6.4643050e+06   2.1000000e+01
   6.4648160e+06   2.2000000e+01
   6.4656980e+06   2.2000000e+01
   6.5070230e+06   2.1000000e+01
   6.5076040e+06   2.2000000e+01
   6.5742070e+06   2.1000000e+01
   6.5754310e+06   2.3000000e+01
   6.5755330e+06   2.1000000e+01
   6.6318120e+06   2.3000000e+01
   6.6323350e+06   2.1000000e+01
   6.6329180e+06   2.2000000e+01
   6.6334430e+06   2.2000000e+01
   6.6335200e+06   2.2000000e+01
   6.6336150e+06   2.6000000e+01
   6.6337500e+06   2.3000000e+01
   6.6346280e+06   2.3000000e+01
   6.6350130e+06   2.1000000e+01
   6.6687450e+06   2.2000000e+01
   6.6918460e+06   2.3000000e+01
   6.6959880e+06   2.1000000e+01
   6.6981910e+06   2.4000000e+01
   6.6988400e+06   2.2000000e+01
   6.7289150e+06   2.3000000e+01
   6.7333940e+06   2.9000000e+01
   6.8015710e+06   2.2000000e+01
   6.8030070e+06   2.1000000e+01
   6.8545350e+06   2.3000000e+01
   6.8548600e+06   2.1000000e+01
   6.8550040e+06   2.3000000e+01
   6.8562570e+06   2.1000000e+01
   6.9293630e+06   2.1000000e+01
   6.9302440e+06   2.2000000e+01
   6.9313750e+06   2.4000000e+01
   6.9316070e+06   2.2000000e+01
   6.9456860e+06   2.1000000e+01
   6.9921410e+06   2.1000000e+01
   6.9933330e+06   2.2000000e+01
   6.9949760e+06   2.4000000e+01
   6.9992010e+06   2.1000000e+01
   6.9994760e+06   2.2000000e+01
   7.0192250e+06   2.1000000e+01
   7.0262680e+06   2.3000000e+01
   7.0537130e+06   2.4000000e+01
   7.0868490e+06   2.1000000e+01
   7.0891380e+06   2.4000000e+01
   7.0891860e+06   2.1000000e+01
   7.0924050e+06   2.1000000e+01
   7.0928050e+06   2.2000000e+01
   7.0935640e+06   2.3000000e+01
   7.0937220e+06   2.3000000e+01
   7.0939930e+06   2.2000000e+01
   7.1053920e+06   2.3000000e+01
   7.1725210e+06   2.3000000e+01
   7.1786790e+06   2.1000000e+01
   7.1787350e+06   2.1000000e+01
   7.1787940e+06   2.1000000e+01
   7.1791990e+06   2.2000000e+01
   7.2270860e+06   2.4000000e+01
   7.2282850e+06   2.4000000e+01
   7.2283750e+06   2.4000000e+01
   7.2290230e+06   2.2000000e+01
   7.2292450e+06   2.1000000e+01
   7.2304600e+06   2.3000000e+01
   7.3244080e+06   2.5000000e+01
   7.3247230e+06   2.1000000e+01
   7.3254390e+06   2.2000000e+01
   7.3315550e+06   2.1000000e+01
   7.3572110e+06   2.4000000e+01
   7.3593950e+06   2.1000000e+01
   7.3597840e+06   2.2000000e+01
   7.3611890e+06   2.7000000e+01
   7.3618430e+06   2.2000000e+01
   7.3637550e+06   2.1000000e+01
   7.4229970e+06   2.2000000e+01
   7.4242240e+06   2.2000000e+01
   7.4252510e+06   2.1000000e+01
   7.4629980e+06   2.6000000e+01
   7.5129080e+06   2.1000000e+01
   7.5152010e+06   2.3000000e+01
   7.5153570e+06   2.1000000e+01
   7.5160300e+06   2.1000000e+01
   7.5161590e+06   2.7000000e+01
   7.5164060e+06   2.2000000e+01
   7.5204680e+06   2.1000000e+01
   7.5249400e+06   2.9000000e+01
