   7.5250000e+06   0.0000000e+00
   1.8969000e+04   2.4000000e+01
   6.2533000e+04   2.8000000e+01
   7.1736000e+04   2.7000000e+01
   7.7353000e+04   2.6000000e+01
   8.1552000e+04   2.3000000e+01
   1.0470700e+05   2.3000000e+01
   1.9058300e+05   2.5000000e+01
   1.9079700e+05   2.3000000e+01
   2.6895500e+05   2.5000000e+01
   2.6996700e+05   2.4000000e+01
   2.7239200e+05   3.0000000e+01
   2.7241800e+05   2.4000000e+01
   2.7653300e+05   2.3000000e+01
   2.7720800e+05   2.5000000e+01
   3.5081200e+05   2.5000000e+01
   3.9582300e+05   2.4000000e+01
   4.4704800e+05   2.3000000e+01
   5.3375500e+05   2.4000000e+01
   5.6952700e+05   2.6000000e+01
   5.7609300e+05   2.3000000e+01
   5.8128900e+05   2.3000000e+01
   5.8778500e+05   2.4000000e+01
   6.2826900e+05   2.5000000e+01
   7.1645000e+05   2.3000000e+01
   7.1676200e+05   2.5000000e+01
   7.1890500e+05   2.4000000e+01
   7.2326800e+05   2.6000000e+01
   8.0835600e+05   2.3000000e+01
   8.0985300e+05   2.3000000e+01
   8.1009800e+05   2.5000000e+01
   8.1086800e+05   2.6000000e+01
   9.8800500e+05   2.3000000e+01
   9.8868300e+05   2.7000000e+01
   9.9164900e+05   2.4000000e+01
   9.9178400e+05   2.3000000e+01
   9.9208800e+05   2.3000000e+01
   1.0859490e+06   2.8000000e+01
   1.0870170e+06   2.4000000e+01
   1.0871510e+06   2.3000000e+01
   1.0875010e+06   2.3000000e+01
   1.1887840e+06   2.3000000e+01
   1.1889930e+06   2.3000000e+01
   1.1905780e+06   2.5000000e+01
   1.1940830e+06   2.3000000e+01
   1.2532170e+06   2.3000000e+01
   1.3348220e+06   2.3000000e+01
   1.3562330e+06   2.5000000e+01
   1.3605170e+06   2.3000000e+01
   1.4503280e+06   2.7000000e+01
   1.4504360e+06   2.6000000e+01
   1.4533650e+06   2.5000000e+01
   1.4569410e+06   2.5000000e+01
   1.5046500e+06   2.3000000e+01
   1.5669130e+06   2.4000000e+01
   1.5739760e+06   2.5000000e+01
   1.6193080e+06   2.3000000e+01
   1.7550550e+06   2.5000000e+01
   1.7584760e+06   2.4000000e+01
   1.7794360e+06   2.3000000e+01
   1.8478790e+06   2.3000000e+01
   1.9506700e+06   2.4000000e+01
   1.9555640e+06   2.5000000e+01
   2.0606220e+06   2.3000000e+01
   2.0883240e+06   2.6000000e+01
   2.0909220e+06   3.0000000e+01
   2.0915840e+06   2.3000000e+01
   2.1243650e+06   2.5000000e+01
   2.1647110e+06   2.3000000e+01
   2.1797720e+06   2.3000000e+01
   2.1821310e+06   2.7000000e+01
   2.2936850e+06   2.3000000e+01
   2.3337270e+06   2.5000000e+01
   2.3508940e+06   2.4000000e+01
   2.4245270e+06   2.7000000e+01
   2.4696780e+06   2.3000000e+01
   2.4864000e+06   2.4000000e+01
   2.4871350e+06   2.3000000e+01
   2.4888020e+06   2.3000000e+01
   2.5671070e+06   2.5000000e+01
   2.5705710e+06   2.5000000e+01
   2.7179160e+06   2.4000000e+01
   2.7192180e+06   2.3000000e+01
   2.7193510e+06   2.4000000e+01
   2.7193870e+06   2.5000000e+01
   2.7195750e+06   2.5000000e+01
   2.7196030e+06   2.6000000e+01
   2.8171310e+06   2.5000000e+01
   3.0253480e+06   2.3000000e+01
   3.0284280e+06   2.3000000e+01
   3.0458720e+06   2.5000000e+01
   3.2182500e+06   2.3000000e+01
   3.3784360e+06   2.5000000e+01
   3.3786720e+06   2.4000000e+01
   3.4060970e+06   2.3000000e+01
   3.4465540e+06   2.3000000e+01
   3.4487250e+06   2.9000000e+01
   3.4493650e+06   2.4000000e+01
   3.4500850e+06   2.4000000e+01
   3.4505010e+06   2.7000000e+01
   3.5310150e+06   2.3000000e+01
   3.5325220e+06   2.3000000e+01
   3.5356250e+06   2.3000000e+01
   3.5403260e+06   2.3000000e+01
   3.5508440e+06   2.8000000e+01
   3.6454730e+06   2.5000000e+01
   3.6474250e+06   2.4000000e+01
   3.6478270e+06   2.3000000e+01
   3.7265640e+06   2.4000000e+01
   3.7287510e+06   2.3000000e+01
   3.7369510e+06   2.3000000e+01
   3.8261220e+06   2.3000000e+01
   3.8290680e+06   2.3000000e+01
   3.8297730e+06   2.5000000e+01
   3.8334570e+06   2.3000000e+01
   3.9453200e+06   2.5000000e+01
   3.9472300e+06   2.3000000e+01
   3.9473560e+06   2.3000000e+01
   3.9480950e+06   2.3000000e+01
   3.9485590e+06   2.7000000e+01
   3.9565480e+06   3.1000000e+01
   4.2103440e+06   2.3000000e+01
   4.2279610e+06   2.4000000e+01
   4.2283210e+06   2.3000000e+01
   4.2300490e+06   2.4000000e+01
   4.2317100e+06   2.4000000e+01
   4.2332810e+06   2.5000000e+01
   4.3096030e+06   2.4000000e+01
   4.3683910e+06   2.4000000e+01
   4.3691120e+06   2.5000000e+01
   4.3707650e+06   2.5000000e+01
   4.4466500e+06   3.0000000e+01
   4.5097090e+06   2.5000000e+01
   4.5100850e+06   2.3000000e+01
   4.5137070e+06   2.5000000e+01
   4.5660900e+06   2.3000000e+01
   4.5801460e+06   2.4000000e+01
   4.6434140e+06   2.3000000e+01
   4.6966110e+06   2.4000000e+01
   4.6971100e+06   2.5000000e+01
   4.7011580e+06   2.4000000e+01
   4.7958340e+06   2.4000000e+01
   4.8446800e+06   2.3000000e+01
   4.8447600e+06   2.3000000e+01
   4.8492220e+06   2.3000000e+01
   5.0858950e+06   2.4000000e+01
   5.0878870e+06   2.3000000e+01
   5.1897950e+06   2.3000000e+01
   5.1904060e+06   2.6000000e+01
   5.1909330e+06   2.5000000e+01
   5.1911540e+06   2.3000000e+01
   5.1912320e+06   2.3000000e+01
   5.1917430e+06   2.4000000e+01
   5.2686910e+06   2.3000000e+01
   5.2697310e+06   2.4000000e+01
   5.2949490e+06   2.5000000e+01
   5.2964540e+06   2.5000000e+01
   5.2973440e+06   2.4000000e+01
   5.2974110e+06   2.6000000e+01
   5.2976960e+06   2.4000000e+01
   5.3134420e+06   2.3000000e+01
   5.3597710e+06   2.3000000e+01
   5.3922740e+06   2.4000000e+01
   5.3930020e+06   2.4000000e+01
   5.4509300e+06   2.3000000e+01
   5.4626020e+06   2.4000000e+01
   5.4661290e+06   2.4000000e+01
   5.5197780e+06   2.4000000e+01
   5.5199720e+06   2.4000000e+01
   5.6292990e+06   2.3000000e+01
   5.7708040e+06   2.3000000e+01
   5.8181950e+06   2.6000000e+01
   5.8278930e+06   2.4000000e+01
   5.8282400e+06   2.7000000e+01
   5.8305370e+06   2.3000000e+01
   5.9139940e+06   2.5000000e+01
   5.9267990e+06   2.3000000e+01
   6.0139630e+06   2.3000000e+01
   6.0158130e+06   2.7000000e+01
   6.0970870e+06   2.6000000e+01
   6.0991800e+06   2.5000000e+01
   6.1001600e+06   2.3000000e+01
   6.1504170e+06   2.7000000e+01
   6.1702600e+06   2.3000000e+01
   6.1747700e+06   2.3000000e+01
   6.2427750e+06   2.4000000e+01
   6.2522130e+06   2.3000000e+01
   6.2526030e+06   2.3000000e+01
   6.3188000e+06   2.3000000e+01
   6.3297830e+06   2.5000000e+01
   6.3575610e+06   2.4000000e+01
   6.3730170e+06   2.6000000e+01
   6.3754050e+06   2.4000000e+01
   6.4648030e+06   2.4000000e+01
   6.5070260e+06   2.3000000e+01
   6.5071510e+06   2.5000000e+01
   6.5074750e+06   2.4000000e+01
   6.6305680e+06   2.3000000e+01
   6.6335220e+06   2.3000000e+01
   6.6335500e+06   2.4000000e+01
   6.6346280e+06   2.6000000e+01
   6.6359170e+06   2.4000000e+01
   6.7533090e+06   2.3000000e+01
   6.7991830e+06   2.7000000e+01
   6.7996440e+06   2.4000000e+01
   6.8135500e+06   2.3000000e+01
   6.8195410e+06   2.3000000e+01
   6.8244510e+06   2.8000000e+01
   6.8304470e+06   2.3000000e+01
   6.9293080e+06   2.3000000e+01
   6.9921410e+06   2.4000000e+01
   6.9984890e+06   2.3000000e+01
   7.0964530e+06   2.4000000e+01
   7.1480400e+06   2.3000000e+01
   7.1725210e+06   2.3000000e+01
   7.2261400e+06   2.3000000e+01
   7.2280730e+06   2.3000000e+01
   7.3244140e+06   2.3000000e+01
   7.3248220e+06   2.6000000e+01
   7.3309520e+06   2.4000000e+01
   7.3531630e+06   2.3000000e+01
   7.3608610e+06   2.6000000e+01
   7.4252520e+06   2.4000000e+01
   7.4293150e+06   2.3000000e+01
   7.5160450e+06   2.5000000e+01
   7.5180430e+06   2.5000000e+01
   7.5181270e+06   2.7000000e+01
