   7.5250000e+06   0.0000000e+00
   9.5260000e+03   2.1000000e+01
   6.0327000e+04   2.3000000e+01
   6.5053000e+04   2.2000000e+01
   6.5170000e+04   2.2000000e+01
   7.0457000e+04   2.9000000e+01
   7.0556000e+04   2.2000000e+01
   7.0603000e+04   2.3000000e+01
   7.1000000e+04   2.1000000e+01
   7.1353000e+04   2.4000000e+01
   7.1492000e+04   2.3000000e+01
   7.1716000e+04   2.2000000e+01
   7.2293000e+04   2.3000000e+01
   7.2452000e+04   2.3000000e+01
   7.2568000e+04   2.1000000e+01
   7.2949000e+04   2.6000000e+01
   7.3352000e+04   2.3000000e+01
   7.3958000e+04   2.2000000e+01
   7.4109000e+04   2.4000000e+01
   7.5778000e+04   2.1000000e+01
   7.6526000e+04   2.1000000e+01
   7.7254000e+04   2.3000000e+01
   7.7569000e+04   2.5000000e+01
   1.3317000e+05   2.4000000e+01
   1.8719600e+05   2.4000000e+01
   1.8945700e+05   2.3000000e+01
   1.8973800e+05   2.1000000e+01
   1.9007600e+05   2.7000000e+01
   1.9027900e+05   2.2000000e+01
   1.9082700e+05   2.1000000e+01
   1.9139300e+05   2.4000000e+01
   1.9196300e+05   2.3000000e+01
   1.9231300e+05   2.3000000e+01
   1.9255600e+05   2.2000000e+01
   2.7126600e+05   2.1000000e+01
   2.7275300e+05   2.3000000e+01
   2.7404300e+05   2.1000000e+01
   2.7441900e+05   2.2000000e+01
   2.7536000e+05   2.5000000e+01
   3.3907600e+05   2.2000000e+01
   3.5044800e+05   2.1000000e+01
   3.7417200e+05   2.2000000e+01
   3.8038500e+05   2.1000000e+01
   3.8127200e+05   2.3000000e+01
   3.8187400e+05   2.1000000e+01
   3.8191400e+05   2.1000000e+01
   3.8248100e+05   2.7000000e+01
   3.8260300e+05   2.2000000e+01
   3.8308200e+05   2.2000000e+01
   3.8418300e+05   2.3000000e+01
   3.8458000e+05   2.1000000e+01
   3.8725300e+05   2.2000000e+01
   3.8768300e+05   2.2000000e+01
   3.8879700e+05   2.1000000e+01
   3.8912000e+05   2.3000000e+01
   3.8974000e+05   2.1000000e+01
   4.6663700e+05   2.2000000e+01
   5.6926600e+05   2.1000000e+01
   5.6962900e+05   2.2000000e+01
   5.7214900e+05   2.9000000e+01
   5.7267700e+05   2.3000000e+01
   5.7287200e+05   2.3000000e+01
   5.7314000e+05   2.1000000e+01
   5.7318800e+05   2.5000000e+01
   5.7328300e+05   2.4000000e+01
   5.7379500e+05   2.7000000e+01
   5.7594900e+05   2.2000000e+01
   5.8206600e+05   2.1000000e+01
   5.8783100e+05   2.1000000e+01
   6.2823900e+05   2.3000000e+01
   6.2901300e+05   2.1000000e+01
   6.5925900e+05   2.2000000e+01
   7.1823500e+05   2.2000000e+01
   7.1888800e+05   2.1000000e+01
   7.1914900e+05   2.4000000e+01
   7.1957600e+05   2.2000000e+01
   7.2001200e+05   2.1000000e+01
   7.2017200e+05   2.6000000e+01
   7.2036500e+05   2.5000000e+01
   7.2043100e+05   2.4000000e+01
   7.2051000e+05   2.2000000e+01
   7.2091400e+05   2.3000000e+01
   7.2094900e+05   2.2000000e+01
   7.2330700e+05   2.1000000e+01
   8.0823800e+05   2.3000000e+01
   8.0844300e+05   2.1000000e+01
   8.0967900e+05   2.1000000e+01
   8.0987200e+05   2.3000000e+01
   8.1015400e+05   2.1000000e+01
   8.1038300e+05   2.3000000e+01
   8.1076500e+05   3.0000000e+01
   8.1087000e+05   2.2000000e+01
   8.7634100e+05   2.2000000e+01
   8.7982700e+05   2.1000000e+01
   8.7996600e+05   2.2000000e+01
   8.8085300e+05   2.1000000e+01
   8.8143600e+05   2.1000000e+01
   9.8868000e+05   2.5000000e+01
   9.9177300e+05   2.1000000e+01
   9.9358100e+05   2.1000000e+01
   9.9428500e+05   2.4000000e+01
   9.9506800e+05   2.1000000e+01
   9.9512900e+05   2.1000000e+01
   9.9591100e+05   2.3000000e+01
   1.0859610e+06   2.3000000e+01
   1.0860350e+06   2.1000000e+01
   1.0862430e+06   2.1000000e+01
   1.0864240e+06   2.1000000e+01
   1.0871800e+06   2.1000000e+01
   1.0874370e+06   2.1000000e+01
   1.0875340e+06   2.2000000e+01
   1.0876760e+06   2.2000000e+01
   1.0877500e+06   2.6000000e+01
   1.0880010e+06   2.8000000e+01
   1.0880500e+06   2.6000000e+01
   1.0881520e+06   2.4000000e+01
   1.0882220e+06   2.6000000e+01
   1.0885700e+06   2.4000000e+01
   1.0889160e+06   2.2000000e+01
   1.0890110e+06   2.2000000e+01
   1.0890380e+06   2.1000000e+01
   1.0891840e+06   2.3000000e+01
   1.1738200e+06   2.2000000e+01
   1.1887850e+06   2.1000000e+01
   1.1888260e+06   2.4000000e+01
   1.1889370e+06   2.3000000e+01
   1.1889870e+06   2.1000000e+01
   1.1892010e+06   2.3000000e+01
   1.1897050e+06   2.5000000e+01
   1.1899850e+06   2.1000000e+01
   1.1902810e+06   2.2000000e+01
   1.1903540e+06   2.1000000e+01
   1.1905490e+06   2.4000000e+01
   1.1905940e+06   3.1000000e+01
   1.1907630e+06   2.3000000e+01
   1.1908820e+06   2.3000000e+01
   1.2511590e+06   2.6000000e+01
   1.2537510e+06   2.2000000e+01
   1.2537870e+06   2.1000000e+01
   1.2540640e+06   2.1000000e+01
   1.2541740e+06   2.3000000e+01
   1.2543570e+06   2.2000000e+01
   1.2545440e+06   2.1000000e+01
   1.2556420e+06   2.7000000e+01
   1.2603520e+06   2.2000000e+01
   1.2648100e+06   2.2000000e+01
   1.3576940e+06   2.8000000e+01
   1.3591080e+06   2.1000000e+01
   1.3593030e+06   2.2000000e+01
   1.3596300e+06   2.1000000e+01
   1.3602830e+06   2.1000000e+01
   1.3603140e+06   2.8000000e+01
   1.3603480e+06   2.2000000e+01
   1.3604060e+06   2.4000000e+01
   1.3608320e+06   2.4000000e+01
   1.3608620e+06   2.7000000e+01
   1.3611750e+06   2.6000000e+01
   1.3614860e+06   2.3000000e+01
   1.4525610e+06   2.1000000e+01
   1.4547810e+06   2.2000000e+01
   1.4548110e+06   2.3000000e+01
   1.4549970e+06   2.2000000e+01
   1.4551010e+06   2.9000000e+01
   1.4553300e+06   2.1000000e+01
   1.4553810e+06   2.1000000e+01
   1.4559190e+06   2.1000000e+01
   1.4562770e+06   2.1000000e+01
   1.4564890e+06   2.3000000e+01
   1.4574430e+06   2.2000000e+01
   1.4578470e+06   2.1000000e+01
   1.4579420e+06   2.2000000e+01
   1.4594820e+06   2.5000000e+01
   1.5654150e+06   2.3000000e+01
   1.5656030e+06   2.3000000e+01
   1.5668950e+06   2.2000000e+01
   1.6102060e+06   2.1000000e+01
   1.6472730e+06   2.3000000e+01
   1.6511770e+06   2.6000000e+01
   1.6512800e+06   2.2000000e+01
   1.6514200e+06   2.3000000e+01
   1.6515760e+06   2.2000000e+01
   1.6524280e+06   2.3000000e+01
   1.6524820e+06   2.5000000e+01
   1.6525290e+06   2.1000000e+01
   1.6526440e+06   2.2000000e+01
   1.6528510e+06   2.3000000e+01
   1.6530010e+06   2.1000000e+01
   1.6533170e+06   2.2000000e+01
   1.6537060e+06   2.6000000e+01
   1.6560670e+06   2.4000000e+01
   1.6568280e+06   2.4000000e+01
   1.6569210e+06   2.2000000e+01
   1.6570640e+06   2.2000000e+01
   1.6575570e+06   2.2000000e+01
   1.6577270e+06   2.2000000e+01
   1.6579550e+06   2.3000000e+01
   1.6588780e+06   2.8000000e+01
   1.6594490e+06   2.2000000e+01
   1.6597870e+06   2.1000000e+01
   1.6598770e+06   2.2000000e+01
   1.6603100e+06   2.1000000e+01
   1.6604470e+06   2.2000000e+01
   1.6606510e+06   2.8000000e+01
   1.6615950e+06   2.8000000e+01
   1.6618540e+06   2.1000000e+01
   1.6625560e+06   2.1000000e+01
   1.6628040e+06   2.3000000e+01
   1.6629640e+06   2.1000000e+01
   1.6638480e+06   2.4000000e+01
   1.6638810e+06   2.1000000e+01
   1.6643980e+06   2.9000000e+01
   1.6645270e+06   2.7000000e+01
   1.6648070e+06   2.1000000e+01
   1.6658100e+06   2.4000000e+01
   1.6660860e+06   2.3000000e+01
   1.6672630e+06   2.3000000e+01
   1.7206520e+06   2.1000000e+01
   1.7318900e+06   2.3000000e+01
   1.7336310e+06   2.1000000e+01
   1.8358350e+06   2.2000000e+01
   1.8469000e+06   2.1000000e+01
   1.8489290e+06   2.1000000e+01
   1.8500560e+06   2.4000000e+01
   1.8504220e+06   2.4000000e+01
   1.8506410e+06   2.2000000e+01
   1.8507230e+06   2.1000000e+01
   1.8511160e+06   2.6000000e+01
   1.8513580e+06   2.8000000e+01
   1.8522350e+06   2.2000000e+01
   1.8526400e+06   2.4000000e+01
   1.8532040e+06   2.1000000e+01
   1.8541320e+06   2.2000000e+01
   1.8565820e+06   2.1000000e+01
   1.9494590e+06   2.2000000e+01
   1.9499930e+06   2.3000000e+01
   1.9501710e+06   2.5000000e+01
   1.9508780e+06   2.1000000e+01
   1.9539210e+06   2.3000000e+01
   1.9542740e+06   2.1000000e+01
   1.9546820e+06   2.1000000e+01
   1.9550540e+06   2.1000000e+01
   1.9552360e+06   2.1000000e+01
   1.9553270e+06   2.1000000e+01
   1.9555670e+06   2.3000000e+01
   1.9557900e+06   2.1000000e+01
   1.9559510e+06   2.3000000e+01
   1.9559960e+06   3.0000000e+01
   1.9560530e+06   2.1000000e+01
   1.9567400e+06   2.5000000e+01
   1.9570850e+06   2.1000000e+01
   1.9572660e+06   2.3000000e+01
   1.9585090e+06   2.1000000e+01
   1.9621160e+06   2.2000000e+01
   1.9791050e+06   2.3000000e+01
   2.0879460e+06   2.6000000e+01
   2.0885130e+06   3.0000000e+01
   2.0886790e+06   2.2000000e+01
   2.0887770e+06   2.4000000e+01
   2.0888510e+06   2.2000000e+01
   2.0891830e+06   2.3000000e+01
   2.0895760e+06   2.1000000e+01
   2.0899120e+06   2.5000000e+01
   2.0903980e+06   2.4000000e+01
   2.0909240e+06   2.2000000e+01
   2.1796080e+06   2.4000000e+01
   2.1797740e+06   2.7000000e+01
   2.1809010e+06   2.1000000e+01
   2.1811240e+06   2.6000000e+01
   2.1817560e+06   2.1000000e+01
   2.1818430e+06   2.3000000e+01
   2.1821190e+06   2.1000000e+01
   2.1842420e+06   2.4000000e+01
   2.1850580e+06   2.1000000e+01
   2.1867280e+06   2.4000000e+01
   2.1867720e+06   2.6000000e+01
   2.1869090e+06   2.1000000e+01
   2.1871510e+06   2.4000000e+01
   2.1997460e+06   2.1000000e+01
   2.1999930e+06   2.1000000e+01
   2.2036710e+06   2.1000000e+01
   2.2531140e+06   2.1000000e+01
   2.2813500e+06   2.9000000e+01
   2.2827800e+06   2.2000000e+01
   2.2828470e+06   2.1000000e+01
   2.2841720e+06   2.2000000e+01
   2.2843200e+06   2.1000000e+01
   2.2843770e+06   2.3000000e+01
   2.2847940e+06   2.2000000e+01
   2.2856040e+06   2.1000000e+01
   2.2861090e+06   2.1000000e+01
   2.2862440e+06   2.7000000e+01
   2.3028620e+06   2.2000000e+01
   2.3441270e+06   2.2000000e+01
   2.3500020e+06   2.1000000e+01
   2.3526950e+06   2.1000000e+01
   2.3536040e+06   2.3000000e+01
   2.3550840e+06   2.1000000e+01
   2.3553730e+06   2.2000000e+01
   2.3554390e+06   2.2000000e+01
   2.3555660e+06   2.1000000e+01
   2.3557740e+06   2.1000000e+01
   2.3558220e+06   2.1000000e+01
   2.3563400e+06   2.1000000e+01
   2.3563800e+06   2.4000000e+01
   2.3572330e+06   2.1000000e+01
   2.4192440e+06   2.1000000e+01
   2.4194590e+06   2.1000000e+01
   2.4198190e+06   2.4000000e+01
   2.4204450e+06   2.1000000e+01
   2.4220570e+06   2.2000000e+01
   2.4226760e+06   2.1000000e+01
   2.4253400e+06   2.1000000e+01
   2.4261110e+06   2.1000000e+01
   2.4262010e+06   2.3000000e+01
   2.4274570e+06   2.3000000e+01
   2.4283710e+06   2.3000000e+01
   2.4871930e+06   2.2000000e+01
   2.4877140e+06   2.2000000e+01
   2.4883590e+06   2.3000000e+01
   2.4888490e+06   2.1000000e+01
   2.4897600e+06   2.1000000e+01
   2.4899240e+06   2.4000000e+01
   2.5617090e+06   2.5000000e+01
   2.5633340e+06   2.1000000e+01
   2.5644440e+06   2.1000000e+01
   2.5647050e+06   2.7000000e+01
   2.5664990e+06   2.3000000e+01
   2.5674460e+06   2.1000000e+01
   2.5680890e+06   2.1000000e+01
   2.5682970e+06   2.3000000e+01
   2.5688230e+06   2.3000000e+01
   2.5691570e+06   2.2000000e+01
   2.5704580e+06   2.1000000e+01
   2.5705090e+06   2.3000000e+01
   2.5751990e+06   2.4000000e+01
   2.5974650e+06   2.5000000e+01
   2.7192150e+06   2.5000000e+01
   2.7194800e+06   2.1000000e+01
   2.7196010e+06   2.3000000e+01
   2.7196280e+06   2.1000000e+01
   2.7197140e+06   3.3000000e+01
   2.7198640e+06   2.2000000e+01
   2.7201590e+06   2.4000000e+01
   2.7202030e+06   2.1000000e+01
   2.7203500e+06   2.3000000e+01
   2.7204420e+06   2.1000000e+01
   2.8549150e+06   2.3000000e+01
   2.9263070e+06   2.1000000e+01
   2.9522820e+06   2.2000000e+01
   2.9527500e+06   2.2000000e+01
   3.0020250e+06   2.1000000e+01
   3.0242070e+06   2.2000000e+01
   3.0242520e+06   2.1000000e+01
   3.0249230e+06   2.7000000e+01
   3.0256530e+06   2.2000000e+01
   3.0258560e+06   2.3000000e+01
   3.0263280e+06   2.3000000e+01
   3.0264620e+06   2.2000000e+01
   3.0264890e+06   2.1000000e+01
   3.0323040e+06   2.1000000e+01
   3.0325970e+06   2.4000000e+01
   3.0330480e+06   2.2000000e+01
   3.0337410e+06   2.1000000e+01
   3.0338220e+06   2.3000000e+01
   3.0343490e+06   2.8000000e+01
   3.0381450e+06   2.1000000e+01
   3.0396880e+06   2.2000000e+01
   3.0406050e+06   2.5000000e+01
   3.0408160e+06   2.5000000e+01
   3.0412970e+06   2.2000000e+01
   3.0416360e+06   2.1000000e+01
   3.0418230e+06   2.2000000e+01
   3.0428800e+06   2.4000000e+01
   3.0429290e+06   2.4000000e+01
   3.0430480e+06   2.2000000e+01
   3.0437270e+06   2.2000000e+01
   3.0441580e+06   2.3000000e+01
   3.1315180e+06   2.2000000e+01
   3.1461900e+06   2.1000000e+01
   3.1691380e+06   2.4000000e+01
   3.1693500e+06   2.1000000e+01
   3.1700890e+06   2.2000000e+01
   3.1701990e+06   2.5000000e+01
   3.1702930e+06   2.1000000e+01
   3.1708830e+06   2.3000000e+01
   3.1719150e+06   2.4000000e+01
   3.1741110e+06   2.1000000e+01
   3.2699540e+06   2.1000000e+01
   3.2704600e+06   2.1000000e+01
   3.2705240e+06   2.2000000e+01
   3.2707620e+06   2.6000000e+01
   3.2713800e+06   2.1000000e+01
   3.2742640e+06   2.1000000e+01
   3.2749410e+06   2.1000000e+01
   3.2775670e+06   2.8000000e+01
   3.2787940e+06   2.4000000e+01
   3.3603880e+06   2.1000000e+01
   3.3768150e+06   2.2000000e+01
   3.3773770e+06   2.2000000e+01
   3.3776440e+06   2.3000000e+01
   3.3781790e+06   2.1000000e+01
   3.3786110e+06   2.2000000e+01
   3.3786650e+06   2.6000000e+01
   3.3787010e+06   2.2000000e+01
   3.3806410e+06   2.1000000e+01
   3.4061960e+06   2.2000000e+01
   3.4211410e+06   2.2000000e+01
   3.4360800e+06   2.1000000e+01
   3.4441130e+06   2.3000000e+01
   3.4452140e+06   2.1000000e+01
   3.4464670e+06   2.1000000e+01
   3.4466200e+06   2.4000000e+01
   3.4478030e+06   2.1000000e+01
   3.4492750e+06   2.3000000e+01
   3.4495120e+06   2.1000000e+01
   3.4495820e+06   2.2000000e+01
   3.4498770e+06   2.1000000e+01
   3.4513130e+06   2.2000000e+01
   3.4527320e+06   2.1000000e+01
   3.4630630e+06   2.2000000e+01
   3.4635390e+06   2.1000000e+01
   3.4700710e+06   2.2000000e+01
   3.4858960e+06   2.2000000e+01
   3.5324960e+06   2.3000000e+01
   3.5325210e+06   2.1000000e+01
   3.5326950e+06   2.4000000e+01
   3.5331020e+06   2.1000000e+01
   3.5349300e+06   2.1000000e+01
   3.5393050e+06   2.1000000e+01
   3.5399660e+06   2.1000000e+01
   3.5460150e+06   2.4000000e+01
   3.5466360e+06   2.4000000e+01
   3.5470780e+06   2.1000000e+01
   3.5481640e+06   2.2000000e+01
   3.5482580e+06   2.2000000e+01
   3.5488510e+06   2.3000000e+01
   3.5496120e+06   2.1000000e+01
   3.5496550e+06   2.2000000e+01
   3.5506990e+06   2.1000000e+01
   3.5513000e+06   2.1000000e+01
   3.5517580e+06   2.1000000e+01
   3.6456240e+06   2.1000000e+01
   3.6615040e+06   2.1000000e+01
   3.7171760e+06   2.3000000e+01
   3.7176470e+06   2.3000000e+01
   3.7178360e+06   2.1000000e+01
   3.7178850e+06   2.1000000e+01
   3.7180150e+06   2.5000000e+01
   3.7254830e+06   2.1000000e+01
   3.7257010e+06   2.1000000e+01
   3.7259870e+06   2.1000000e+01
   3.7262480e+06   2.1000000e+01
   3.7263400e+06   2.1000000e+01
   3.7266240e+06   2.4000000e+01
   3.7267350e+06   2.2000000e+01
   3.7267800e+06   3.1000000e+01
   3.7268660e+06   2.4000000e+01
   3.7269720e+06   2.2000000e+01
   3.7271540e+06   2.2000000e+01
   3.7272050e+06   2.1000000e+01
   3.7273030e+06   2.3000000e+01
   3.7274190e+06   2.2000000e+01
   3.7275550e+06   2.3000000e+01
   3.7279100e+06   2.1000000e+01
   3.7283130e+06   2.1000000e+01
   3.7284940e+06   2.3000000e+01
   3.7287540e+06   2.2000000e+01
   3.7288720e+06   2.1000000e+01
   3.7293570e+06   2.4000000e+01
   3.7338730e+06   2.4000000e+01
   3.7357480e+06   2.1000000e+01
   3.7363180e+06   2.6000000e+01
   3.7365550e+06   2.1000000e+01
   3.7366050e+06   2.1000000e+01
   3.7457180e+06   2.1000000e+01
   3.7486060e+06   2.1000000e+01
   3.7607470e+06   2.5000000e+01
   3.8208480e+06   2.2000000e+01
   3.8224990e+06   2.8000000e+01
   3.8228880e+06   2.2000000e+01
   3.8230290e+06   2.2000000e+01
   3.8245590e+06   2.5000000e+01
   3.8250480e+06   2.1000000e+01
   3.8253570e+06   2.1000000e+01
   3.8258090e+06   2.2000000e+01
   3.8290650e+06   2.1000000e+01
   3.8295530e+06   2.5000000e+01
   3.8304050e+06   2.1000000e+01
   3.8304640e+06   2.5000000e+01
   3.8323980e+06   2.2000000e+01
   3.9431370e+06   2.2000000e+01
   3.9445380e+06   2.3000000e+01
   3.9447100e+06   2.1000000e+01
   3.9451990e+06   2.3000000e+01
   3.9454800e+06   2.1000000e+01
   3.9456470e+06   2.5000000e+01
   3.9457670e+06   2.1000000e+01
   3.9464330e+06   2.3000000e+01
   3.9464940e+06   2.5000000e+01
   3.9470150e+06   2.4000000e+01
   3.9472320e+06   2.2000000e+01
   3.9481670e+06   2.4000000e+01
   3.9484280e+06   2.1000000e+01
   3.9485640e+06   2.4000000e+01
   3.9486450e+06   2.1000000e+01
   3.9504610e+06   2.3000000e+01
   3.9978230e+06   2.1000000e+01
   4.0047380e+06   2.1000000e+01
   4.0079420e+06   2.1000000e+01
   4.0092190e+06   2.3000000e+01
   4.0339560e+06   2.1000000e+01
   4.0700810e+06   2.1000000e+01
   4.0725630e+06   2.2000000e+01
   4.0727810e+06   2.2000000e+01
   4.0729930e+06   2.1000000e+01
   4.1583070e+06   2.3000000e+01
   4.1606300e+06   2.1000000e+01
   4.1613900e+06   2.1000000e+01
   4.1614870e+06   2.3000000e+01
   4.1623520e+06   2.2000000e+01
   4.1624200e+06   2.3000000e+01
   4.1624890e+06   2.3000000e+01
   4.1626290e+06   2.3000000e+01
   4.2276300e+06   2.3000000e+01
   4.2289740e+06   2.6000000e+01
   4.2293360e+06   2.4000000e+01
   4.2298950e+06   2.1000000e+01
   4.2299290e+06   2.8000000e+01
   4.2300740e+06   2.3000000e+01
   4.2302500e+06   2.3000000e+01
   4.2305070e+06   2.3000000e+01
   4.2306650e+06   2.1000000e+01
   4.2310280e+06   2.8000000e+01
   4.2310570e+06   2.1000000e+01
   4.2312640e+06   2.1000000e+01
   4.2314510e+06   2.2000000e+01
   4.2314820e+06   2.2000000e+01
   4.2322430e+06   2.2000000e+01
   4.2327860e+06   2.2000000e+01
   4.2330540e+06   2.6000000e+01
   4.2364230e+06   2.2000000e+01
   4.2449780e+06   2.2000000e+01
   4.2498050e+06   2.1000000e+01
   4.2650000e+06   2.1000000e+01
   4.3089340e+06   2.1000000e+01
   4.3091510e+06   2.3000000e+01
   4.3094510e+06   2.2000000e+01
   4.3094820e+06   2.1000000e+01
   4.3097320e+06   2.2000000e+01
   4.3099510e+06   2.4000000e+01
   4.3103660e+06   2.1000000e+01
   4.3104770e+06   2.3000000e+01
   4.3105020e+06   2.7000000e+01
   4.3110080e+06   2.2000000e+01
   4.3113270e+06   2.2000000e+01
   4.3113740e+06   2.4000000e+01
   4.3121890e+06   2.1000000e+01
   4.3695600e+06   2.2000000e+01
   4.3702350e+06   2.3000000e+01
   4.3718010e+06   2.8000000e+01
   4.3722840e+06   2.4000000e+01
   4.3726270e+06   2.6000000e+01
   4.3727120e+06   2.5000000e+01
   4.4349870e+06   2.2000000e+01
   4.4453520e+06   2.3000000e+01
   4.4462890e+06   2.1000000e+01
   4.4466510e+06   2.2000000e+01
   4.5115200e+06   2.4000000e+01
   4.5116740e+06   2.3000000e+01
   4.5133510e+06   2.1000000e+01
   4.5137090e+06   2.2000000e+01
   4.5138910e+06   2.1000000e+01
   4.5142030e+06   2.5000000e+01
   4.5149870e+06   2.1000000e+01
   4.5660930e+06   2.2000000e+01
   4.5693240e+06   2.2000000e+01
   4.5720710e+06   2.1000000e+01
   4.6040320e+06   2.1000000e+01
   4.6397940e+06   2.1000000e+01
   4.6416060e+06   2.1000000e+01
   4.6419510e+06   2.5000000e+01
   4.6419850e+06   2.2000000e+01
   4.6420980e+06   2.3000000e+01
   4.6427980e+06   2.1000000e+01
   4.6428290e+06   2.3000000e+01
   4.6430260e+06   2.3000000e+01
   4.6431950e+06   2.2000000e+01
   4.6432640e+06   2.4000000e+01
   4.6434350e+06   2.5000000e+01
   4.6437190e+06   2.6000000e+01
   4.6443760e+06   2.2000000e+01
   4.6445670e+06   2.3000000e+01
   4.6927080e+06   2.2000000e+01
   4.6929710e+06   2.2000000e+01
   4.6930440e+06   2.1000000e+01
   4.6937610e+06   2.1000000e+01
   4.6941470e+06   2.1000000e+01
   4.6947630e+06   2.7000000e+01
   4.6948960e+06   2.1000000e+01
   4.6951400e+06   2.2000000e+01
   4.6952960e+06   2.2000000e+01
   4.6966150e+06   2.3000000e+01
   4.7873180e+06   2.1000000e+01
   4.7873610e+06   2.8000000e+01
   4.7893650e+06   2.1000000e+01
   4.7896440e+06   2.5000000e+01
   4.8407090e+06   2.1000000e+01
   4.8458010e+06   2.2000000e+01
   4.8458770e+06   2.1000000e+01
   4.8460150e+06   2.1000000e+01
   4.8461560e+06   2.1000000e+01
   4.8463310e+06   2.1000000e+01
   4.8464810e+06   2.1000000e+01
   4.8465450e+06   2.1000000e+01
   4.8474910e+06   2.2000000e+01
   4.8479650e+06   2.2000000e+01
   4.9228760e+06   2.1000000e+01
   4.9233610e+06   2.3000000e+01
   4.9233880e+06   2.1000000e+01
   4.9240010e+06   2.5000000e+01
   4.9240510e+06   2.1000000e+01
   4.9250090e+06   2.1000000e+01
   4.9251570e+06   2.2000000e+01
   4.9255100e+06   2.1000000e+01
   5.0023260e+06   2.2000000e+01
   5.0040090e+06   2.1000000e+01
   5.0059270e+06   2.1000000e+01
   5.0090600e+06   2.2000000e+01
   5.0157030e+06   2.1000000e+01
   5.0212360e+06   2.2000000e+01
   5.0513000e+06   2.4000000e+01
   5.0639520e+06   2.2000000e+01
   5.0640220e+06   2.1000000e+01
   5.0645680e+06   2.1000000e+01
   5.0648460e+06   2.3000000e+01
   5.0649320e+06   2.4000000e+01
   5.0650610e+06   2.1000000e+01
   5.0651240e+06   2.1000000e+01
   5.0653560e+06   2.4000000e+01
   5.0655830e+06   2.3000000e+01
   5.0656090e+06   2.5000000e+01
   5.0656580e+06   2.1000000e+01
   5.0657250e+06   2.2000000e+01
   5.0658210e+06   2.2000000e+01
   5.0662650e+06   2.1000000e+01
   5.0663240e+06   2.5000000e+01
   5.0663840e+06   2.3000000e+01
   5.0668990e+06   2.1000000e+01
   5.0670050e+06   2.2000000e+01
   5.0672470e+06   2.2000000e+01
   5.0675200e+06   2.6000000e+01
   5.0682950e+06   2.3000000e+01
   5.0690690e+06   2.5000000e+01
   5.0819440e+06   2.6000000e+01
   5.0820320e+06   2.6000000e+01
   5.0837360e+06   2.7000000e+01
   5.0837820e+06   2.1000000e+01
   5.0876990e+06   2.1000000e+01
   5.0891410e+06   2.4000000e+01
   5.1482490e+06   2.3000000e+01
   5.1891740e+06   2.1000000e+01
   5.1896710e+06   2.4000000e+01
   5.1901810e+06   2.7000000e+01
   5.1902360e+06   2.1000000e+01
   5.1906650e+06   2.3000000e+01
   5.1908720e+06   2.1000000e+01
   5.1909390e+06   2.1000000e+01
   5.1912290e+06   3.2000000e+01
   5.1916270e+06   2.7000000e+01
   5.1925710e+06   2.2000000e+01
   5.1926150e+06   2.3000000e+01
   5.1926690e+06   2.1000000e+01
   5.2948600e+06   2.1000000e+01
   5.2962610e+06   2.1000000e+01
   5.2964520e+06   2.2000000e+01
   5.2973420e+06   2.4000000e+01
   5.2974120e+06   2.1000000e+01
   5.2975170e+06   2.4000000e+01
   5.2976150e+06   2.4000000e+01
   5.2976930e+06   2.2000000e+01
   5.2981490e+06   2.1000000e+01
   5.2986260e+06   2.6000000e+01
   5.3906640e+06   2.3000000e+01
   5.3922960e+06   2.2000000e+01
   5.3926870e+06   2.1000000e+01
   5.3932210e+06   2.1000000e+01
   5.3934550e+06   2.1000000e+01
   5.3936830e+06   2.1000000e+01
   5.3952600e+06   2.4000000e+01
   5.3953960e+06   2.6000000e+01
   5.3957690e+06   2.1000000e+01
   5.3961420e+06   2.1000000e+01
   5.3965120e+06   2.3000000e+01
   5.4486400e+06   2.3000000e+01
   5.4493850e+06   2.3000000e+01
   5.4495040e+06   2.2000000e+01
   5.4497420e+06   2.1000000e+01
   5.4498510e+06   2.3000000e+01
   5.4505800e+06   2.6000000e+01
   5.4515300e+06   2.9000000e+01
   5.4609230e+06   2.3000000e+01
   5.4616050e+06   2.5000000e+01
   5.4617420e+06   2.8000000e+01
   5.4619550e+06   2.1000000e+01
   5.4620240e+06   2.2000000e+01
   5.5163650e+06   2.2000000e+01
   5.5169930e+06   2.3000000e+01
   5.5178500e+06   2.1000000e+01
   5.5180670e+06   2.2000000e+01
   5.5186460e+06   2.1000000e+01
   5.5201880e+06   2.1000000e+01
   5.5203650e+06   2.1000000e+01
   5.6278880e+06   2.2000000e+01
   5.6289190e+06   2.3000000e+01
   5.6289970e+06   2.3000000e+01
   5.6307890e+06   2.2000000e+01
   5.6308700e+06   2.1000000e+01
   5.6312510e+06   2.5000000e+01
   5.7180320e+06   2.2000000e+01
   5.7189590e+06   2.4000000e+01
   5.7197480e+06   2.4000000e+01
   5.7198750e+06   2.2000000e+01
   5.7200090e+06   2.1000000e+01
   5.7202050e+06   2.4000000e+01
   5.7204650e+06   2.5000000e+01
   5.7205340e+06   2.1000000e+01
   5.7206330e+06   2.1000000e+01
   5.7209260e+06   2.4000000e+01
   5.7210760e+06   2.3000000e+01
   5.7215040e+06   2.7000000e+01
   5.7215390e+06   2.1000000e+01
   5.7220590e+06   2.2000000e+01
   5.7220880e+06   2.4000000e+01
   5.7229120e+06   2.1000000e+01
   5.8161710e+06   2.3000000e+01
   5.8174370e+06   2.2000000e+01
   5.8174830e+06   3.0000000e+01
   5.8181100e+06   2.2000000e+01
   5.8181770e+06   2.3000000e+01
   5.8199280e+06   2.2000000e+01
   5.8223800e+06   2.3000000e+01
   5.8256550e+06   2.1000000e+01
   5.8274450e+06   2.1000000e+01
   5.8274760e+06   2.7000000e+01
   5.8275750e+06   2.2000000e+01
   5.8280420e+06   2.2000000e+01
   5.8282470e+06   2.1000000e+01
   5.8282950e+06   2.5000000e+01
   5.8285770e+06   2.4000000e+01
   5.8287250e+06   2.1000000e+01
   5.8287970e+06   2.6000000e+01
   5.8289910e+06   2.2000000e+01
   5.8290930e+06   2.1000000e+01
   5.8293100e+06   2.2000000e+01
   5.8301460e+06   2.5000000e+01
   5.8306290e+06   2.6000000e+01
   5.9259360e+06   2.4000000e+01
   5.9259960e+06   2.1000000e+01
   5.9263340e+06   2.1000000e+01
   5.9266420e+06   2.5000000e+01
   5.9270070e+06   2.4000000e+01
   5.9272130e+06   2.1000000e+01
   5.9272510e+06   2.2000000e+01
   5.9273510e+06   2.1000000e+01
   5.9277190e+06   2.1000000e+01
   5.9282480e+06   2.2000000e+01
   5.9283410e+06   2.1000000e+01
   5.9284480e+06   2.4000000e+01
   5.9286350e+06   2.1000000e+01
   5.9288890e+06   2.1000000e+01
   6.0146920e+06   2.5000000e+01
   6.0153140e+06   2.5000000e+01
   6.0162290e+06   2.5000000e+01
   6.0162920e+06   2.1000000e+01
   6.0163180e+06   2.5000000e+01
   6.0167320e+06   2.3000000e+01
   6.0169320e+06   2.1000000e+01
   6.0170640e+06   2.5000000e+01
   6.0174610e+06   2.1000000e+01
   6.0181500e+06   2.1000000e+01
   6.0192490e+06   2.2000000e+01
   6.0207570e+06   2.2000000e+01
   6.0340830e+06   2.1000000e+01
   6.0820380e+06   2.1000000e+01
   6.0969590e+06   2.1000000e+01
   6.0971020e+06   2.3000000e+01
   6.0977150e+06   2.6000000e+01
   6.0987420e+06   2.2000000e+01
   6.0991210e+06   2.4000000e+01
   6.0991750e+06   3.3000000e+01
   6.0992060e+06   2.3000000e+01
   6.0997970e+06   2.1000000e+01
   6.0998520e+06   2.5000000e+01
   6.1000670e+06   2.1000000e+01
   6.1001520e+06   2.2000000e+01
   6.1004830e+06   2.3000000e+01
   6.1012520e+06   2.6000000e+01
   6.1025610e+06   2.1000000e+01
   6.1494350e+06   2.1000000e+01
   6.1697130e+06   2.1000000e+01
   6.1723030e+06   2.2000000e+01
   6.1727530e+06   2.1000000e+01
   6.1735250e+06   2.6000000e+01
   6.2155900e+06   2.2000000e+01
   6.2191070e+06   2.1000000e+01
   6.2284790e+06   2.1000000e+01
   6.2427070e+06   2.1000000e+01
   6.2433040e+06   2.2000000e+01
   6.2475240e+06   2.1000000e+01
   6.2491830e+06   2.1000000e+01
   6.2507580e+06   2.2000000e+01
   6.2511270e+06   2.1000000e+01
   6.2516350e+06   2.1000000e+01
   6.2520310e+06   2.5000000e+01
   6.2524010e+06   2.3000000e+01
   6.2525740e+06   2.3000000e+01
   6.2526260e+06   2.2000000e+01
   6.2526880e+06   2.5000000e+01
   6.2527540e+06   2.1000000e+01
   6.2529550e+06   2.7000000e+01
   6.2529870e+06   2.4000000e+01
   6.2541790e+06   2.2000000e+01
   6.2614080e+06   2.4000000e+01
   6.2783150e+06   2.2000000e+01
   6.2815950e+06   2.6000000e+01
   6.3055090e+06   2.1000000e+01
   6.3118340e+06   2.1000000e+01
   6.3384980e+06   2.2000000e+01
   6.3573050e+06   2.1000000e+01
   6.3594330e+06   2.4000000e+01
   6.3597820e+06   2.3000000e+01
   6.3721350e+06   2.5000000e+01
   6.3724120e+06   2.1000000e+01
   6.3744060e+06   2.1000000e+01
   6.3754060e+06   2.1000000e+01
   6.4347920e+06   2.1000000e+01
   6.4645210e+06   2.1000000e+01
   6.4648180e+06   2.4000000e+01
   6.4650680e+06   2.2000000e+01
   6.4661520e+06   2.1000000e+01
   6.4664590e+06   2.1000000e+01
   6.4667250e+06   2.2000000e+01
   6.4668600e+06   2.1000000e+01
   6.4688640e+06   2.1000000e+01
   6.5071850e+06   2.6000000e+01
   6.5074720e+06   2.2000000e+01
   6.5104530e+06   2.2000000e+01
   6.5107720e+06   2.5000000e+01
   6.5128400e+06   2.1000000e+01
   6.5609030e+06   2.1000000e+01
   6.5738940e+06   2.1000000e+01
   6.5746730e+06   2.3000000e+01
   6.5747090e+06   2.1000000e+01
   6.5747490e+06   2.2000000e+01
   6.5749860e+06   2.1000000e+01
   6.5753650e+06   2.3000000e+01
   6.5754440e+06   2.5000000e+01
   6.6299310e+06   2.1000000e+01
   6.6304620e+06   2.1000000e+01
   6.6324190e+06   2.2000000e+01
   6.6327550e+06   2.2000000e+01
   6.6332520e+06   2.1000000e+01
   6.6334590e+06   2.1000000e+01
   6.6335100e+06   2.3000000e+01
   6.6338380e+06   2.1000000e+01
   6.6342080e+06   2.1000000e+01
   6.6342520e+06   2.2000000e+01
   6.6346370e+06   2.7000000e+01
   6.6348040e+06   2.1000000e+01
   6.6350120e+06   2.1000000e+01
   6.6692600e+06   2.5000000e+01
   6.6725460e+06   2.1000000e+01
   6.6849290e+06   2.3000000e+01
   6.6908970e+06   2.4000000e+01
   6.6918620e+06   2.4000000e+01
   6.6936640e+06   2.1000000e+01
   6.6956520e+06   2.1000000e+01
   6.6973090e+06   2.1000000e+01
   6.6979880e+06   2.5000000e+01
   6.6981890e+06   2.4000000e+01
   6.6982420e+06   2.5000000e+01
   6.6983490e+06   2.4000000e+01
   6.6984320e+06   2.2000000e+01
   6.7010320e+06   2.1000000e+01
   6.7102820e+06   2.2000000e+01
   6.7313260e+06   2.1000000e+01
   6.7318340e+06   2.1000000e+01
   6.7320420e+06   2.7000000e+01
   6.7324880e+06   2.1000000e+01
   6.7326570e+06   2.3000000e+01
   6.7329550e+06   2.2000000e+01
   6.7337120e+06   2.1000000e+01
   6.7912720e+06   2.1000000e+01
   6.7990980e+06   2.2000000e+01
   6.8007800e+06   2.1000000e+01
   6.8011410e+06   2.1000000e+01
   6.8018080e+06   2.1000000e+01
   6.8021800e+06   2.3000000e+01
   6.8023000e+06   2.2000000e+01
   6.8038910e+06   2.3000000e+01
   6.8048250e+06   2.2000000e+01
   6.8545680e+06   2.2000000e+01
   6.8550010e+06   2.4000000e+01
   6.8553650e+06   2.5000000e+01
   6.8554020e+06   2.1000000e+01
   6.8555270e+06   2.2000000e+01
   6.8556950e+06   2.8000000e+01
   6.8565680e+06   2.1000000e+01
   6.8569500e+06   2.3000000e+01
   6.8571270e+06   2.3000000e+01
   6.9145930e+06   2.4000000e+01
   6.9289550e+06   2.2000000e+01
   6.9290080e+06   2.2000000e+01
   6.9293200e+06   2.2000000e+01
   6.9294250e+06   2.2000000e+01
   6.9302190e+06   2.1000000e+01
   6.9306490e+06   2.1000000e+01
   6.9312390e+06   2.1000000e+01
   6.9312860e+06   2.2000000e+01
   6.9313540e+06   2.2000000e+01
   6.9315030e+06   2.5000000e+01
   6.9350310e+06   2.1000000e+01
   6.9456860e+06   2.1000000e+01
   6.9900030e+06   2.1000000e+01
   6.9905760e+06   2.3000000e+01
   6.9921640e+06   2.3000000e+01
   6.9923150e+06   2.6000000e+01
   6.9926510e+06   3.0000000e+01
   6.9930050e+06   2.2000000e+01
   6.9980030e+06   2.2000000e+01
   6.9992020e+06   2.1000000e+01
   6.9992710e+06   2.2000000e+01
   6.9994490e+06   2.2000000e+01
   7.0030030e+06   2.1000000e+01
   7.0051320e+06   2.1000000e+01
   7.0353960e+06   2.1000000e+01
   7.0862740e+06   2.8000000e+01
   7.0867750e+06   2.2000000e+01
   7.0868480e+06   2.2000000e+01
   7.0877000e+06   2.1000000e+01
   7.0882080e+06   2.3000000e+01
   7.0898840e+06   2.1000000e+01
   7.0915970e+06   2.1000000e+01
   7.0916560e+06   2.2000000e+01
   7.0922790e+06   2.2000000e+01
   7.0923850e+06   2.2000000e+01
   7.0935620e+06   2.8000000e+01
   7.0937230e+06   2.6000000e+01
   7.0948880e+06   2.4000000e+01
   7.0951680e+06   2.1000000e+01
   7.0953950e+06   2.4000000e+01
   7.0958230e+06   2.1000000e+01
   7.0972640e+06   2.2000000e+01
   7.1739360e+06   2.2000000e+01
   7.1739770e+06   2.1000000e+01
   7.1785110e+06   2.1000000e+01
   7.1787100e+06   2.1000000e+01
   7.1791280e+06   2.1000000e+01
   7.1795120e+06   3.0000000e+01
   7.1796420e+06   2.1000000e+01
   7.1813060e+06   2.3000000e+01
   7.2266530e+06   2.1000000e+01
   7.2268050e+06   2.1000000e+01
   7.2272250e+06   2.2000000e+01
   7.2275480e+06   2.1000000e+01
   7.2280310e+06   2.2000000e+01
   7.2283500e+06   2.4000000e+01
   7.2284930e+06   2.8000000e+01
   7.2293040e+06   2.2000000e+01
   7.2355060e+06   2.1000000e+01
   7.3046290e+06   2.4000000e+01
   7.3241220e+06   2.1000000e+01
   7.3245360e+06   2.5000000e+01
   7.3248720e+06   2.5000000e+01
   7.3265370e+06   2.2000000e+01
   7.3267350e+06   2.4000000e+01
   7.3268530e+06   2.3000000e+01
   7.3275260e+06   2.1000000e+01
   7.3314200e+06   2.3000000e+01
   7.3504240e+06   2.2000000e+01
   7.3547690e+06   2.1000000e+01
   7.3574090e+06   2.1000000e+01
   7.3590100e+06   2.1000000e+01
   7.3591290e+06   2.1000000e+01
   7.3595410e+06   2.2000000e+01
   7.3597960e+06   2.1000000e+01
   7.3608300e+06   2.2000000e+01
   7.3609810e+06   2.2000000e+01
   7.3611870e+06   2.3000000e+01
   7.3613390e+06   2.3000000e+01
   7.3807000e+06   2.1000000e+01
   7.4059520e+06   2.5000000e+01
   7.4199510e+06   2.6000000e+01
   7.4201580e+06   2.1000000e+01
   7.4218860e+06   2.4000000e+01
   7.4230350e+06   2.3000000e+01
   7.4242190e+06   2.1000000e+01
   7.4251660e+06   2.3000000e+01
   7.4252490e+06   2.3000000e+01
   7.4263220e+06   2.5000000e+01
   7.5030680e+06   2.2000000e+01
   7.5147340e+06   2.1000000e+01
   7.5151970e+06   2.2000000e+01
   7.5155780e+06   2.1000000e+01
   7.5156710e+06   2.1000000e+01
   7.5160280e+06   2.4000000e+01
   7.5163390e+06   2.3000000e+01
   7.5164360e+06   2.3000000e+01
   7.5173670e+06   2.1000000e+01
   7.5181390e+06   2.8000000e+01
   7.5185830e+06   2.1000000e+01
   7.5188780e+06   2.3000000e+01
   7.5225910e+06   2.4000000e+01
   7.5242040e+06   2.2000000e+01
