   7.5250000e+06   0.0000000e+00
   6.2504000e+04   3.4000000e+01
   6.2532000e+04   3.3000000e+01
   6.4201000e+04   2.3000000e+01
   6.5038000e+04   3.4000000e+01
   6.5173000e+04   2.7000000e+01
   6.5377000e+04   2.5000000e+01
   6.5814000e+04   3.5000000e+01
   6.5880000e+04   2.3000000e+01
   6.6499000e+04   2.7000000e+01
   6.6839000e+04   2.6000000e+01
   6.6867000e+04   2.6000000e+01
   6.9977000e+04   2.4000000e+01
   7.0017000e+04   2.1000000e+01
   7.0459000e+04   3.0000000e+01
   7.0795000e+04   3.0000000e+01
   7.1182000e+04   3.1000000e+01
   7.1435000e+04   2.8000000e+01
   7.1475000e+04   2.9000000e+01
   7.1513000e+04   3.1000000e+01
   7.1561000e+04   2.1000000e+01
   7.1754000e+04   2.7000000e+01
   7.1830000e+04   2.8000000e+01
   7.1858000e+04   2.7000000e+01
   7.2384000e+04   2.4000000e+01
   7.2865000e+04   3.0000000e+01
   7.2955000e+04   2.4000000e+01
   7.3111000e+04   2.1000000e+01
   7.3139000e+04   2.1000000e+01
   7.3359000e+04   2.8000000e+01
   7.3581000e+04   2.8000000e+01
   7.4084000e+04   2.7000000e+01
   7.4551000e+04   2.8000000e+01
   7.4581000e+04   2.4000000e+01
   7.4792000e+04   3.7000000e+01
   7.5135000e+04   2.4000000e+01
   7.5212000e+04   2.3000000e+01
   7.6870000e+04   2.6000000e+01
   7.7056000e+04   3.0000000e+01
   7.7815000e+04   2.5000000e+01
   7.8546000e+04   2.8000000e+01
   7.9769000e+04   2.3000000e+01
   8.1447000e+04   2.3000000e+01
   8.1507000e+04   2.7000000e+01
   8.1632000e+04   3.7000000e+01
   8.2045000e+04   2.6000000e+01
   1.8771700e+05   2.7000000e+01
   1.8874300e+05   2.5000000e+01
   1.8943500e+05   2.7000000e+01
   1.8947700e+05   3.0000000e+01
   1.9006100e+05   2.7000000e+01
   1.9011000e+05   2.5000000e+01
   1.9058500e+05   2.1000000e+01
   1.9077800e+05   2.5000000e+01
   1.9084200e+05   2.8000000e+01
   1.9149900e+05   2.1000000e+01
   1.9196600e+05   2.2000000e+01
   1.9231800e+05   2.5000000e+01
   2.6827000e+05   3.5000000e+01
   2.6844000e+05   2.9000000e+01
   2.6886000e+05   2.3000000e+01
   2.6894600e+05   2.4000000e+01
   2.6897800e+05   3.5000000e+01
   2.6984500e+05   2.7000000e+01
   2.7176100e+05   2.3000000e+01
   2.7204900e+05   3.4000000e+01
   2.7208900e+05   3.1000000e+01
   2.7233100e+05   2.7000000e+01
   2.7238800e+05   2.7000000e+01
   2.7248100e+05   2.1000000e+01
   2.7285100e+05   2.9000000e+01
   2.7289100e+05   2.2000000e+01
   2.7295800e+05   2.4000000e+01
   2.7315800e+05   2.9000000e+01
   2.7340300e+05   2.8000000e+01
   2.7383200e+05   3.6000000e+01
   2.7389200e+05   2.2000000e+01
   2.7392700e+05   2.4000000e+01
   2.7426600e+05   3.1000000e+01
   2.7445300e+05   2.7000000e+01
   2.7493200e+05   2.3000000e+01
   2.7534400e+05   3.2000000e+01
   2.7541200e+05   3.0000000e+01
   2.7596900e+05   2.1000000e+01
   2.7627700e+05   2.7000000e+01
   2.7681400e+05   2.2000000e+01
   2.7740500e+05   2.2000000e+01
   2.7744600e+05   2.4000000e+01
   2.7874600e+05   2.6000000e+01
   3.7490000e+05   3.1000000e+01
   3.7494400e+05   2.9000000e+01
   3.7607900e+05   2.3000000e+01
   3.7727000e+05   3.2000000e+01
   3.7807500e+05   2.2000000e+01
   3.7843700e+05   2.6000000e+01
   3.7876300e+05   2.6000000e+01
   3.7892000e+05   2.7000000e+01
   3.7929200e+05   3.8000000e+01
   3.8028400e+05   3.4000000e+01
   3.8032900e+05   3.1000000e+01
   3.8074700e+05   2.1000000e+01
   3.8090200e+05   2.2000000e+01
   3.8144600e+05   2.8000000e+01
   3.8147100e+05   3.5000000e+01
   3.8191900e+05   2.8000000e+01
   3.8205400e+05   2.7000000e+01
   3.8249700e+05   2.1000000e+01
   3.8261600e+05   2.7000000e+01
   3.8281600e+05   2.4000000e+01
   3.8316300e+05   2.7000000e+01
   3.8325600e+05   2.5000000e+01
   3.8535300e+05   3.1000000e+01
   3.8577100e+05   2.8000000e+01
   3.8788200e+05   2.9000000e+01
   3.8827000e+05   2.4000000e+01
   3.8926200e+05   2.1000000e+01
   3.9116900e+05   2.1000000e+01
   3.9121300e+05   3.1000000e+01
   4.5579300e+05   2.2000000e+01
   4.6379200e+05   2.3000000e+01
   4.6552500e+05   2.9000000e+01
   5.6946100e+05   3.3000000e+01
   5.7015500e+05   2.2000000e+01
   5.7020700e+05   3.1000000e+01
   5.7090700e+05   2.8000000e+01
   5.7237900e+05   3.1000000e+01
   5.7267200e+05   2.3000000e+01
   5.7270000e+05   3.1000000e+01
   5.7321300e+05   3.2000000e+01
   5.7347000e+05   2.2000000e+01
   5.7418000e+05   2.7000000e+01
   5.7470600e+05   2.7000000e+01
   5.7497500e+05   3.1000000e+01
   5.7609300e+05   3.8000000e+01
   6.2646200e+05   2.7000000e+01
   6.2728800e+05   2.1000000e+01
   6.2851200e+05   2.1000000e+01
   6.2857000e+05   3.2000000e+01
   6.2907200e+05   3.4000000e+01
   7.1595700e+05   2.1000000e+01
   7.1641100e+05   3.3000000e+01
   7.1645500e+05   3.2000000e+01
   7.1676300e+05   2.2000000e+01
   7.1687900e+05   2.1000000e+01
   7.1825100e+05   2.5000000e+01
   7.1847100e+05   3.4000000e+01
   7.1890900e+05   2.2000000e+01
   7.1914600e+05   2.1000000e+01
   7.1920100e+05   2.4000000e+01
   7.1923500e+05   2.3000000e+01
   7.1932500e+05   3.1000000e+01
   7.1972600e+05   3.6000000e+01
   7.1998900e+05   2.8000000e+01
   7.2035100e+05   2.1000000e+01
   7.2073400e+05   3.2000000e+01
   7.2116900e+05   2.1000000e+01
   7.2120000e+05   2.2000000e+01
   7.2130900e+05   2.8000000e+01
   7.2251200e+05   2.2000000e+01
   7.9698700e+05   3.1000000e+01
   8.0776700e+05   2.6000000e+01
   8.0781400e+05   2.6000000e+01
   8.0801900e+05   2.7000000e+01
   8.0830000e+05   2.1000000e+01
   8.0835200e+05   2.3000000e+01
   8.0854500e+05   2.3000000e+01
   8.0901900e+05   2.9000000e+01
   8.0965000e+05   2.3000000e+01
   8.0998200e+05   3.2000000e+01
   8.1007500e+05   2.6000000e+01
   8.1039200e+05   2.6000000e+01
   8.1085300e+05   2.7000000e+01
   8.1171500e+05   2.8000000e+01
   8.6809400e+05   2.7000000e+01
   8.7529100e+05   2.2000000e+01
   8.7557200e+05   2.1000000e+01
   8.7567300e+05   3.4000000e+01
   8.7576400e+05   2.8000000e+01
   8.7617300e+05   3.0000000e+01
   8.7828800e+05   2.9000000e+01
   8.7838000e+05   3.2000000e+01
   8.7869100e+05   2.1000000e+01
   8.8128300e+05   2.9000000e+01
   9.7001500e+05   2.1000000e+01
   9.8131900e+05   2.8000000e+01
   9.8136400e+05   2.1000000e+01
   9.8866900e+05   2.1000000e+01
   9.8869500e+05   2.3000000e+01
   9.8882400e+05   3.9000000e+01
   9.8904900e+05   2.3000000e+01
   9.9013500e+05   2.2000000e+01
   9.9016000e+05   2.3000000e+01
   9.9059300e+05   2.9000000e+01
   9.9069400e+05   3.2000000e+01
   9.9170800e+05   2.2000000e+01
   9.9190300e+05   2.2000000e+01
   9.9206600e+05   2.2000000e+01
   9.9224400e+05   2.2000000e+01
   9.9238900e+05   3.3000000e+01
   9.9531500e+05   3.5000000e+01
   9.9593900e+05   3.1000000e+01
   9.9634100e+05   2.3000000e+01
   9.9662200e+05   3.3000000e+01
   9.9677800e+05   2.2000000e+01
   1.0686580e+06   2.9000000e+01
   1.0859460e+06   2.1000000e+01
   1.0860060e+06   2.9000000e+01
   1.0866130e+06   2.5000000e+01
   1.0866420e+06   2.2000000e+01
   1.0868380e+06   2.2000000e+01
   1.0872160e+06   3.0000000e+01
   1.0872940e+06   3.2000000e+01
   1.0875010e+06   3.5000000e+01
   1.0880120e+06   2.3000000e+01
   1.0885500e+06   2.9000000e+01
   1.0890160e+06   2.7000000e+01
   1.0893980e+06   2.2000000e+01
   1.0894350e+06   3.4000000e+01
   1.1139680e+06   2.3000000e+01
   1.1702490e+06   3.0000000e+01
   1.1875690e+06   2.6000000e+01
   1.1876750e+06   3.6000000e+01
   1.1882430e+06   2.3000000e+01
   1.1882970e+06   2.6000000e+01
   1.1887810e+06   3.0000000e+01
   1.1891250e+06   2.8000000e+01
   1.1892040e+06   3.0000000e+01
   1.1893160e+06   2.2000000e+01
   1.1893720e+06   2.1000000e+01
   1.1895240e+06   2.1000000e+01
   1.1896930e+06   3.1000000e+01
   1.1901470e+06   3.0000000e+01
   1.1905210e+06   2.4000000e+01
   1.1906000e+06   4.0000000e+01
   1.1910600e+06   2.5000000e+01
   1.1912700e+06   2.6000000e+01
   1.1924190e+06   3.4000000e+01
   1.1940790e+06   2.1000000e+01
   1.1947280e+06   3.1000000e+01
   1.2182950e+06   2.9000000e+01
   1.2413420e+06   3.4000000e+01
   1.2508350e+06   3.2000000e+01
   1.2511290e+06   2.1000000e+01
   1.2520760e+06   2.2000000e+01
   1.2521190e+06   2.3000000e+01
   1.2523050e+06   2.2000000e+01
   1.2524770e+06   3.2000000e+01
   1.2530610e+06   2.1000000e+01
   1.2531050e+06   2.1000000e+01
   1.2531530e+06   3.0000000e+01
   1.2532170e+06   2.2000000e+01
   1.2535490e+06   2.4000000e+01
   1.2537080e+06   2.3000000e+01
   1.2537400e+06   2.6000000e+01
   1.2537710e+06   2.3000000e+01
   1.2538040e+06   3.8000000e+01
   1.2541240e+06   2.9000000e+01
   1.2542000e+06   2.1000000e+01
   1.2543990e+06   2.1000000e+01
   1.2547820e+06   2.7000000e+01
   1.2549670e+06   3.2000000e+01
   1.2554190e+06   3.2000000e+01
   1.2563380e+06   2.4000000e+01
   1.3018260e+06   2.8000000e+01
   1.3207040e+06   2.9000000e+01
   1.3407520e+06   3.0000000e+01
   1.3551980e+06   2.1000000e+01
   1.3554840e+06   2.2000000e+01
   1.3558890e+06   2.1000000e+01
   1.3567120e+06   2.1000000e+01
   1.3575220e+06   2.1000000e+01
   1.3583980e+06   3.4000000e+01
   1.3590560e+06   2.2000000e+01
   1.3591000e+06   2.8000000e+01
   1.3597390e+06   2.3000000e+01
   1.3598720e+06   2.7000000e+01
   1.3599820e+06   3.0000000e+01
   1.3602400e+06   2.4000000e+01
   1.3606870e+06   2.2000000e+01
   1.3607250e+06   2.3000000e+01
   1.3608340e+06   2.2000000e+01
   1.3620840e+06   2.9000000e+01
   1.4504210e+06   2.1000000e+01
   1.4518930e+06   2.7000000e+01
   1.4521670e+06   3.2000000e+01
   1.4525650e+06   3.4000000e+01
   1.4533700e+06   3.2000000e+01
   1.4536150e+06   2.7000000e+01
   1.4544800e+06   2.7000000e+01
   1.4551220e+06   2.7000000e+01
   1.4553100e+06   3.3000000e+01
   1.4556730e+06   4.3000000e+01
   1.4561480e+06   2.1000000e+01
   1.4562850e+06   2.2000000e+01
   1.4566280e+06   2.3000000e+01
   1.4568280e+06   3.0000000e+01
   1.4569260e+06   2.2000000e+01
   1.4577530e+06   2.1000000e+01
   1.4580160e+06   2.6000000e+01
   1.4594350e+06   3.0000000e+01
   1.4597930e+06   3.3000000e+01
   1.5125920e+06   3.0000000e+01
   1.5140280e+06   2.7000000e+01
   1.5503600e+06   3.1000000e+01
   1.5631350e+06   3.0000000e+01
   1.5634350e+06   2.1000000e+01
   1.5635190e+06   2.4000000e+01
   1.5639940e+06   2.3000000e+01
   1.5640900e+06   2.2000000e+01
   1.5642570e+06   3.1000000e+01
   1.5650810e+06   2.7000000e+01
   1.5654930e+06   2.7000000e+01
   1.5667520e+06   3.1000000e+01
   1.5667770e+06   2.1000000e+01
   1.5682490e+06   2.8000000e+01
   1.6230990e+06   2.9000000e+01
   1.6511920e+06   3.0000000e+01
   1.6515440e+06   3.1000000e+01
   1.6518540e+06   2.3000000e+01
   1.6519260e+06   2.5000000e+01
   1.6523400e+06   2.9000000e+01
   1.6525860e+06   3.0000000e+01
   1.6531720e+06   2.4000000e+01
   1.6534700e+06   3.4000000e+01
   1.6538630e+06   2.8000000e+01
   1.6543660e+06   3.1000000e+01
   1.6571760e+06   3.3000000e+01
   1.6573300e+06   2.1000000e+01
   1.6575030e+06   2.3000000e+01
   1.6586050e+06   3.1000000e+01
   1.6597260e+06   2.7000000e+01
   1.6597750e+06   2.8000000e+01
   1.6598030e+06   2.1000000e+01
   1.6599610e+06   2.4000000e+01
   1.6603020e+06   3.2000000e+01
   1.6606410e+06   3.1000000e+01
   1.6607470e+06   2.5000000e+01
   1.6607980e+06   2.4000000e+01
   1.6609480e+06   2.8000000e+01
   1.6614290e+06   2.5000000e+01
   1.6618530e+06   2.9000000e+01
   1.6620180e+06   3.2000000e+01
   1.6621970e+06   2.2000000e+01
   1.6624360e+06   2.7000000e+01
   1.6626500e+06   2.1000000e+01
   1.6626900e+06   2.1000000e+01
   1.6627460e+06   2.3000000e+01
   1.6630060e+06   2.8000000e+01
   1.6630710e+06   2.5000000e+01
   1.6638280e+06   2.1000000e+01
   1.6643440e+06   3.8000000e+01
   1.6645170e+06   2.1000000e+01
   1.6646000e+06   2.1000000e+01
   1.6648920e+06   2.7000000e+01
   1.6649670e+06   2.9000000e+01
   1.6658580e+06   2.9000000e+01
   1.6660660e+06   2.5000000e+01
   1.6669820e+06   3.0000000e+01
   1.6691080e+06   3.3000000e+01
   1.8474590e+06   2.6000000e+01
   1.8478300e+06   3.2000000e+01
   1.8483160e+06   2.3000000e+01
   1.8492490e+06   2.4000000e+01
   1.8503090e+06   3.5000000e+01
   1.8505380e+06   2.3000000e+01
   1.8507740e+06   2.7000000e+01
   1.8511590e+06   3.1000000e+01
   1.8515480e+06   2.5000000e+01
   1.8521020e+06   3.3000000e+01
   1.8526490e+06   2.4000000e+01
   1.8535650e+06   2.3000000e+01
   1.8540410e+06   3.1000000e+01
   1.8540790e+06   2.4000000e+01
   1.8547810e+06   2.9000000e+01
   1.8550890e+06   2.8000000e+01
   1.8553590e+06   2.6000000e+01
   1.8554070e+06   2.2000000e+01
   1.8554830e+06   3.6000000e+01
   1.8559580e+06   3.1000000e+01
   1.8564130e+06   3.0000000e+01
   1.8569890e+06   2.5000000e+01
   1.8572130e+06   2.8000000e+01
   1.9510050e+06   3.4000000e+01
   1.9532020e+06   2.3000000e+01
   1.9534070e+06   2.9000000e+01
   1.9534320e+06   2.2000000e+01
   1.9538500e+06   3.1000000e+01
   1.9539430e+06   2.5000000e+01
   1.9539870e+06   2.2000000e+01
   1.9547850e+06   3.2000000e+01
   1.9548950e+06   3.3000000e+01
   1.9555420e+06   2.2000000e+01
   1.9558570e+06   2.6000000e+01
   1.9562280e+06   2.3000000e+01
   1.9566030e+06   2.1000000e+01
   1.9567310e+06   2.2000000e+01
   1.9580590e+06   3.1000000e+01
   1.9580950e+06   2.6000000e+01
   1.9589770e+06   2.8000000e+01
   2.0015470e+06   3.5000000e+01
   2.0024200e+06   3.0000000e+01
   2.0024870e+06   2.5000000e+01
   2.0028310e+06   2.1000000e+01
   2.0029670e+06   2.5000000e+01
   2.0039430e+06   2.2000000e+01
   2.0052710e+06   2.2000000e+01
   2.0054400e+06   2.7000000e+01
   2.0332600e+06   2.7000000e+01
   2.0362470e+06   2.3000000e+01
   2.0863630e+06   2.2000000e+01
   2.0864000e+06   2.2000000e+01
   2.0864730e+06   2.3000000e+01
   2.0867030e+06   2.1000000e+01
   2.0877850e+06   3.5000000e+01
   2.0883880e+06   2.9000000e+01
   2.0886000e+06   2.4000000e+01
   2.0887170e+06   3.0000000e+01
   2.0888350e+06   2.8000000e+01
   2.0899480e+06   2.1000000e+01
   2.0900030e+06   2.1000000e+01
   2.0904330e+06   2.3000000e+01
   2.0908950e+06   2.1000000e+01
   2.0909220e+06   2.6000000e+01
   2.0911530e+06   2.8000000e+01
   2.0911960e+06   2.4000000e+01
   2.1772370e+06   2.5000000e+01
   2.1796090e+06   2.7000000e+01
   2.1797670e+06   2.4000000e+01
   2.1798930e+06   2.1000000e+01
   2.1800380e+06   2.2000000e+01
   2.1801710e+06   2.6000000e+01
   2.1801970e+06   2.1000000e+01
   2.1806530e+06   2.1000000e+01
   2.1807060e+06   2.8000000e+01
   2.1808990e+06   2.8000000e+01
   2.1809790e+06   2.1000000e+01
   2.1811450e+06   2.6000000e+01
   2.1811720e+06   2.4000000e+01
   2.1814390e+06   2.1000000e+01
   2.1819180e+06   2.2000000e+01
   2.1821210e+06   2.9000000e+01
   2.1825720e+06   2.1000000e+01
   2.1830350e+06   2.3000000e+01
   2.1833110e+06   2.4000000e+01
   2.1868170e+06   2.2000000e+01
   2.2817360e+06   2.1000000e+01
   2.2817740e+06   2.3000000e+01
   2.2821150e+06   3.3000000e+01
   2.2824790e+06   2.8000000e+01
   2.2827970e+06   2.7000000e+01
   2.2838780e+06   2.1000000e+01
   2.2850960e+06   2.4000000e+01
   2.2852320e+06   3.4000000e+01
   2.2864290e+06   2.1000000e+01
   2.2865010e+06   2.5000000e+01
   2.2893990e+06   2.3000000e+01
   2.2894680e+06   3.0000000e+01
   2.3331870e+06   3.1000000e+01
   2.3335450e+06   3.4000000e+01
   2.3361400e+06   3.2000000e+01
   2.3500450e+06   2.4000000e+01
   2.3501000e+06   3.6000000e+01
   2.3505110e+06   3.5000000e+01
   2.3508650e+06   2.7000000e+01
   2.3508920e+06   4.8000000e+01
   2.3513010e+06   2.1000000e+01
   2.3520200e+06   3.1000000e+01
   2.3523300e+06   2.2000000e+01
   2.3524370e+06   3.4000000e+01
   2.3526610e+06   3.0000000e+01
   2.3527060e+06   2.2000000e+01
   2.3530150e+06   3.5000000e+01
   2.3533390e+06   2.9000000e+01
   2.3541380e+06   3.5000000e+01
   2.3552850e+06   2.1000000e+01
   2.3574400e+06   2.5000000e+01
   2.4219290e+06   2.5000000e+01
   2.4219980e+06   3.1000000e+01
   2.4232370e+06   2.3000000e+01
   2.4234810e+06   2.9000000e+01
   2.4245140e+06   2.5000000e+01
   2.4247020e+06   2.9000000e+01
   2.4258780e+06   2.3000000e+01
   2.4275490e+06   3.1000000e+01
   2.4370320e+06   2.1000000e+01
   2.4844500e+06   3.2000000e+01
   2.4849700e+06   2.2000000e+01
   2.4851110e+06   2.2000000e+01
   2.4859140e+06   2.3000000e+01
   2.4859500e+06   2.4000000e+01
   2.4863960e+06   2.2000000e+01
   2.4864490e+06   2.2000000e+01
   2.4864860e+06   3.1000000e+01
   2.4866490e+06   3.0000000e+01
   2.4870040e+06   2.9000000e+01
   2.4871360e+06   2.7000000e+01
   2.4871630e+06   2.4000000e+01
   2.4872520e+06   2.8000000e+01
   2.4876650e+06   2.7000000e+01
   2.4881050e+06   2.7000000e+01
   2.4883280e+06   2.9000000e+01
   2.4887740e+06   2.6000000e+01
   2.4914900e+06   3.5000000e+01
   2.5195430e+06   2.2000000e+01
   2.5623750e+06   3.4000000e+01
   2.5627090e+06   3.3000000e+01
   2.5645510e+06   3.2000000e+01
   2.5646900e+06   2.3000000e+01
   2.5651990e+06   3.1000000e+01
   2.5665180e+06   2.9000000e+01
   2.5665790e+06   2.1000000e+01
   2.5669890e+06   2.1000000e+01
   2.5670140e+06   2.3000000e+01
   2.5672670e+06   2.3000000e+01
   2.5674630e+06   2.1000000e+01
   2.5675080e+06   3.1000000e+01
   2.5676280e+06   2.5000000e+01
   2.5678560e+06   2.3000000e+01
   2.5680770e+06   3.5000000e+01
   2.5684770e+06   3.1000000e+01
   2.5686090e+06   2.1000000e+01
   2.5701990e+06   3.2000000e+01
   2.5705730e+06   2.3000000e+01
   2.5706850e+06   2.5000000e+01
   2.6019250e+06   3.2000000e+01
   2.6713930e+06   3.3000000e+01
   2.7131160e+06   3.0000000e+01
   2.7179170e+06   2.7000000e+01
   2.7180970e+06   3.0000000e+01
   2.7183200e+06   3.0000000e+01
   2.7185020e+06   2.1000000e+01
   2.7186440e+06   2.2000000e+01
   2.7190500e+06   2.8000000e+01
   2.7193110e+06   2.2000000e+01
   2.7195860e+06   3.2000000e+01
   2.7196350e+06   2.3000000e+01
   2.7198720e+06   2.1000000e+01
   2.7199150e+06   2.3000000e+01
   2.7199440e+06   3.1000000e+01
   2.7202710e+06   2.9000000e+01
   2.7203810e+06   2.7000000e+01
   2.7209210e+06   2.5000000e+01
   2.7209510e+06   2.8000000e+01
   2.7217050e+06   2.4000000e+01
   2.7217740e+06   2.5000000e+01
   2.7553340e+06   2.3000000e+01
   2.8179370e+06   2.8000000e+01
   2.9502940e+06   3.0000000e+01
   2.9503680e+06   3.5000000e+01
   2.9510700e+06   2.1000000e+01
   2.9522830e+06   2.8000000e+01
   2.9528900e+06   2.9000000e+01
   2.9531710e+06   3.2000000e+01
   2.9542030e+06   3.3000000e+01
   2.9542620e+06   2.4000000e+01
   2.9542930e+06   3.2000000e+01
   3.0129990e+06   3.1000000e+01
   3.0241530e+06   2.1000000e+01
   3.0242240e+06   2.1000000e+01
   3.0244300e+06   2.6000000e+01
   3.0247710e+06   2.2000000e+01
   3.0251430e+06   3.0000000e+01
   3.0255710e+06   2.8000000e+01
   3.0256580e+06   3.4000000e+01
   3.0258470e+06   2.3000000e+01
   3.0263860e+06   3.0000000e+01
   3.0264180e+06   2.7000000e+01
   3.0266290e+06   3.0000000e+01
   3.0267030e+06   2.7000000e+01
   3.0292690e+06   2.5000000e+01
   3.0308980e+06   2.1000000e+01
   3.0337410e+06   3.7000000e+01
   3.0343620e+06   3.1000000e+01
   3.0351300e+06   2.6000000e+01
   3.0396040e+06   2.5000000e+01
   3.0396670e+06   2.9000000e+01
   3.0405780e+06   2.3000000e+01
   3.0409100e+06   3.2000000e+01
   3.0411320e+06   2.3000000e+01
   3.0413030e+06   3.3000000e+01
   3.0415670e+06   2.2000000e+01
   3.0418190e+06   2.4000000e+01
   3.0418590e+06   2.6000000e+01
   3.0420680e+06   2.2000000e+01
   3.0422870e+06   3.1000000e+01
   3.0425210e+06   2.2000000e+01
   3.0425740e+06   3.0000000e+01
   3.0426470e+06   2.4000000e+01
   3.0428230e+06   2.3000000e+01
   3.0429490e+06   2.3000000e+01
   3.0433140e+06   2.7000000e+01
   3.0441780e+06   2.7000000e+01
   3.0454140e+06   2.8000000e+01
   3.0458610e+06   2.5000000e+01
   3.0474020e+06   2.9000000e+01
   3.0480580e+06   3.0000000e+01
   3.0486480e+06   3.0000000e+01
   3.1676330e+06   3.2000000e+01
   3.1680830e+06   3.1000000e+01
   3.1688890e+06   2.1000000e+01
   3.1692210e+06   3.7000000e+01
   3.1692460e+06   2.4000000e+01
   3.1692850e+06   2.3000000e+01
   3.1697900e+06   2.6000000e+01
   3.1698230e+06   4.0000000e+01
   3.1702960e+06   2.1000000e+01
   3.1705480e+06   2.2000000e+01
   3.1706740e+06   2.1000000e+01
   3.1710550e+06   2.4000000e+01
   3.1710860e+06   3.0000000e+01
   3.1717740e+06   2.6000000e+01
   3.2710950e+06   2.1000000e+01
   3.2711340e+06   2.9000000e+01
   3.2720370e+06   2.5000000e+01
   3.2721340e+06   2.1000000e+01
   3.2722190e+06   2.2000000e+01
   3.2726310e+06   2.4000000e+01
   3.2727080e+06   2.9000000e+01
   3.2731450e+06   2.5000000e+01
   3.2734030e+06   2.4000000e+01
   3.2751140e+06   2.1000000e+01
   3.2763790e+06   2.5000000e+01
   3.2771430e+06   2.8000000e+01
   3.3776370e+06   2.9000000e+01
   3.3782200e+06   2.9000000e+01
   3.3783200e+06   2.1000000e+01
   3.3784160e+06   2.3000000e+01
   3.3785910e+06   2.3000000e+01
   3.3786870e+06   3.3000000e+01
   3.3787850e+06   2.1000000e+01
   3.3791310e+06   2.7000000e+01
   3.3794890e+06   2.5000000e+01
   3.3801970e+06   2.4000000e+01
   3.3806450e+06   2.7000000e+01
   3.3808970e+06   2.5000000e+01
   3.3831210e+06   2.4000000e+01
   3.4159600e+06   3.0000000e+01
   3.4436110e+06   2.8000000e+01
   3.4438390e+06   4.3000000e+01
   3.4440930e+06   2.1000000e+01
   3.4441800e+06   2.3000000e+01
   3.4459920e+06   2.1000000e+01
   3.4460480e+06   3.2000000e+01
   3.4464650e+06   2.4000000e+01
   3.4465050e+06   3.3000000e+01
   3.4466100e+06   3.0000000e+01
   3.4469700e+06   3.0000000e+01
   3.4477620e+06   2.2000000e+01
   3.4482020e+06   2.5000000e+01
   3.4482300e+06   2.2000000e+01
   3.4482590e+06   3.1000000e+01
   3.4483240e+06   2.3000000e+01
   3.4487420e+06   4.8000000e+01
   3.4490140e+06   2.9000000e+01
   3.4490410e+06   2.6000000e+01
   3.4490790e+06   2.2000000e+01
   3.4493670e+06   2.3000000e+01
   3.4494550e+06   2.6000000e+01
   3.4497300e+06   2.1000000e+01
   3.4497870e+06   2.1000000e+01
   3.4500440e+06   2.6000000e+01
   3.4500720e+06   2.6000000e+01
   3.4505140e+06   2.7000000e+01
   3.4516850e+06   2.9000000e+01
   3.4521020e+06   2.4000000e+01
   3.4522340e+06   2.1000000e+01
   3.5032220e+06   2.7000000e+01
   3.5290330e+06   3.2000000e+01
   3.5297020e+06   2.3000000e+01
   3.5302690e+06   2.1000000e+01
   3.5303540e+06   2.4000000e+01
   3.5304650e+06   2.4000000e+01
   3.5307990e+06   3.0000000e+01
   3.5324850e+06   2.4000000e+01
   3.5325230e+06   2.5000000e+01
   3.5330040e+06   2.3000000e+01
   3.5330500e+06   3.2000000e+01
   3.5332750e+06   2.1000000e+01
   3.5333260e+06   2.3000000e+01
   3.5333620e+06   2.5000000e+01
   3.5338260e+06   3.3000000e+01
   3.5342960e+06   2.6000000e+01
   3.5343870e+06   2.1000000e+01
   3.5344350e+06   2.1000000e+01
   3.5352150e+06   2.8000000e+01
   3.5354950e+06   2.6000000e+01
   3.5356240e+06   2.1000000e+01
   3.5356620e+06   3.1000000e+01
   3.5361410e+06   2.8000000e+01
   3.5362630e+06   2.1000000e+01
   3.5375160e+06   2.5000000e+01
   3.5375850e+06   2.5000000e+01
   3.5388470e+06   2.2000000e+01
   3.5389760e+06   2.1000000e+01
   3.5393080e+06   3.2000000e+01
   3.5395400e+06   2.1000000e+01
   3.5396280e+06   2.3000000e+01
   3.5397260e+06   3.2000000e+01
   3.5399290e+06   2.1000000e+01
   3.5403120e+06   2.9000000e+01
   3.5407070e+06   3.1000000e+01
   3.5464930e+06   2.5000000e+01
   3.5471670e+06   2.2000000e+01
   3.5471970e+06   3.0000000e+01
   3.5475620e+06   2.1000000e+01
   3.5476740e+06   2.2000000e+01
   3.5479390e+06   2.9000000e+01
   3.5484800e+06   3.4000000e+01
   3.5486340e+06   2.2000000e+01
   3.5490100e+06   2.9000000e+01
   3.5490550e+06   2.4000000e+01
   3.5496070e+06   4.0000000e+01
   3.5501920e+06   2.9000000e+01
   3.5502600e+06   2.6000000e+01
   3.5502910e+06   2.2000000e+01
   3.5503320e+06   2.1000000e+01
   3.5504750e+06   2.4000000e+01
   3.5505350e+06   2.3000000e+01
   3.5508450e+06   4.6000000e+01
   3.5508770e+06   2.8000000e+01
   3.5510730e+06   2.7000000e+01
   3.5513060e+06   2.7000000e+01
   3.5516130e+06   2.9000000e+01
   3.5519020e+06   2.2000000e+01
   3.5519320e+06   2.3000000e+01
   3.5521460e+06   3.1000000e+01
   3.5523950e+06   2.4000000e+01
   3.5528800e+06   2.5000000e+01
   3.5529150e+06   2.5000000e+01
   3.5533500e+06   3.0000000e+01
   3.5542720e+06   2.5000000e+01
   3.5543110e+06   2.7000000e+01
   3.5544210e+06   2.3000000e+01
   3.5549360e+06   2.4000000e+01
   3.5555860e+06   3.3000000e+01
   3.6455260e+06   2.1000000e+01
   3.6455690e+06   2.4000000e+01
   3.6456260e+06   2.3000000e+01
   3.6467200e+06   3.7000000e+01
   3.6474330e+06   2.4000000e+01
   3.6476370e+06   2.5000000e+01
   3.6478050e+06   2.2000000e+01
   3.6478320e+06   2.4000000e+01
   3.6480710e+06   3.0000000e+01
   3.6483020e+06   3.5000000e+01
   3.6492350e+06   2.1000000e+01
   3.6497540e+06   2.7000000e+01
   3.6618750e+06   2.4000000e+01
   3.6960100e+06   2.7000000e+01
   3.7164200e+06   3.1000000e+01
   3.7182970e+06   2.2000000e+01
   3.7188750e+06   2.1000000e+01
   3.7196850e+06   3.6000000e+01
   3.7201560e+06   2.6000000e+01
   3.7256430e+06   2.1000000e+01
   3.7258060e+06   2.8000000e+01
   3.7260910e+06   2.2000000e+01
   3.7262150e+06   2.1000000e+01
   3.7265050e+06   2.4000000e+01
   3.7265450e+06   3.6000000e+01
   3.7267020e+06   2.3000000e+01
   3.7267620e+06   2.1000000e+01
   3.7268010e+06   2.3000000e+01
   3.7269670e+06   3.1000000e+01
   3.7271530e+06   2.1000000e+01
   3.7272270e+06   3.4000000e+01
   3.7273490e+06   2.8000000e+01
   3.7274380e+06   2.1000000e+01
   3.7276030e+06   2.6000000e+01
   3.7277170e+06   3.0000000e+01
   3.7279920e+06   2.1000000e+01
   3.7283280e+06   2.4000000e+01
   3.7283660e+06   2.2000000e+01
   3.7287900e+06   2.4000000e+01
   3.7288650e+06   3.2000000e+01
   3.7293210e+06   2.4000000e+01
   3.7296880e+06   3.3000000e+01
   3.7303950e+06   2.5000000e+01
   3.7309260e+06   2.2000000e+01
   3.7332690e+06   2.6000000e+01
   3.7332980e+06   2.1000000e+01
   3.7348060e+06   2.5000000e+01
   3.7348540e+06   2.8000000e+01
   3.7352540e+06   2.8000000e+01
   3.7360780e+06   2.2000000e+01
   3.7363090e+06   2.5000000e+01
   3.7365500e+06   2.2000000e+01
   3.7369320e+06   2.1000000e+01
   3.7370660e+06   2.4000000e+01
   3.7374460e+06   2.6000000e+01
   3.7380720e+06   2.3000000e+01
   3.7381930e+06   2.8000000e+01
   3.7391240e+06   2.8000000e+01
   3.7447200e+06   3.1000000e+01
   3.7460550e+06   2.8000000e+01
   3.7472100e+06   3.1000000e+01
   3.7480460e+06   3.0000000e+01
   3.7525510e+06   2.6000000e+01
   3.8201760e+06   3.5000000e+01
   3.8202360e+06   2.8000000e+01
   3.8227640e+06   2.1000000e+01
   3.8227900e+06   2.7000000e+01
   3.8228670e+06   2.9000000e+01
   3.8229120e+06   2.2000000e+01
   3.8232450e+06   3.0000000e+01
   3.8233550e+06   3.0000000e+01
   3.8237710e+06   3.0000000e+01
   3.8251370e+06   2.3000000e+01
   3.8252560e+06   2.4000000e+01
   3.8260710e+06   2.2000000e+01
   3.8261280e+06   3.0000000e+01
   3.8262470e+06   2.8000000e+01
   3.8263470e+06   2.3000000e+01
   3.8266320e+06   2.7000000e+01
   3.8267780e+06   3.7000000e+01
   3.8275400e+06   3.0000000e+01
   3.8275760e+06   4.1000000e+01
   3.8279710e+06   2.8000000e+01
   3.8280580e+06   2.2000000e+01
   3.8282120e+06   2.8000000e+01
   3.8284550e+06   2.4000000e+01
   3.8287050e+06   2.1000000e+01
   3.8290880e+06   2.7000000e+01
   3.8294310e+06   3.1000000e+01
   3.8294670e+06   3.0000000e+01
   3.8297710e+06   3.6000000e+01
   3.8297990e+06   2.4000000e+01
   3.8303680e+06   3.1000000e+01
   3.8304830e+06   2.2000000e+01
   3.8309880e+06   2.5000000e+01
   3.8313470e+06   2.8000000e+01
   3.8315570e+06   2.9000000e+01
   3.8316170e+06   2.1000000e+01
   3.8320010e+06   2.2000000e+01
   3.8326220e+06   2.5000000e+01
   3.8330480e+06   2.4000000e+01
   3.8335240e+06   2.9000000e+01
   3.8341910e+06   2.3000000e+01
   3.8347250e+06   2.1000000e+01
   3.8347550e+06   2.6000000e+01
   3.9258730e+06   2.8000000e+01
   3.9440580e+06   3.0000000e+01
   3.9445240e+06   3.1000000e+01
   3.9448650e+06   2.6000000e+01
   3.9450110e+06   2.2000000e+01
   3.9453040e+06   3.0000000e+01
   3.9453460e+06   2.1000000e+01
   3.9456500e+06   3.1000000e+01
   3.9464840e+06   2.3000000e+01
   3.9466320e+06   3.4000000e+01
   3.9472250e+06   2.3000000e+01
   3.9473320e+06   2.1000000e+01
   3.9477940e+06   2.6000000e+01
   3.9480190e+06   2.7000000e+01
   3.9480910e+06   3.2000000e+01
   3.9485480e+06   3.1000000e+01
   3.9490000e+06   2.6000000e+01
   3.9494630e+06   2.1000000e+01
   3.9495040e+06   2.3000000e+01
   3.9503090e+06   3.0000000e+01
   3.9516800e+06   2.2000000e+01
   3.9517430e+06   3.4000000e+01
   3.9523480e+06   3.0000000e+01
   3.9523860e+06   3.3000000e+01
   3.9528310e+06   2.5000000e+01
   3.9528570e+06   2.4000000e+01
   3.9529000e+06   2.8000000e+01
   3.9536940e+06   3.0000000e+01
   3.9538110e+06   3.2000000e+01
   4.0043560e+06   3.5000000e+01
   4.0048530e+06   3.8000000e+01
   4.0052190e+06   2.6000000e+01
   4.0053420e+06   2.4000000e+01
   4.0062750e+06   2.8000000e+01
   4.0063330e+06   4.1000000e+01
   4.0068790e+06   2.9000000e+01
   4.0069630e+06   3.0000000e+01
   4.0085510e+06   2.8000000e+01
   4.0092300e+06   3.2000000e+01
   4.0399180e+06   3.1000000e+01
   4.0702630e+06   3.0000000e+01
   4.0703880e+06   2.2000000e+01
   4.0711840e+06   2.3000000e+01
   4.0713950e+06   2.9000000e+01
   4.0715290e+06   2.1000000e+01
   4.0715730e+06   2.2000000e+01
   4.0718120e+06   2.5000000e+01
   4.0723590e+06   2.6000000e+01
   4.0740840e+06   2.3000000e+01
   4.1587920e+06   2.1000000e+01
   4.1588230e+06   2.2000000e+01
   4.1589140e+06   2.5000000e+01
   4.1594750e+06   2.7000000e+01
   4.1595450e+06   2.2000000e+01
   4.1602830e+06   2.6000000e+01
   4.1608360e+06   2.1000000e+01
   4.1610510e+06   2.6000000e+01
   4.1615710e+06   3.1000000e+01
   4.1617000e+06   2.9000000e+01
   4.1622410e+06   2.3000000e+01
   4.1978260e+06   2.1000000e+01
   4.2262930e+06   2.9000000e+01
   4.2263340e+06   2.7000000e+01
   4.2270510e+06   3.6000000e+01
   4.2271820e+06   2.8000000e+01
   4.2279640e+06   2.8000000e+01
   4.2282040e+06   2.2000000e+01
   4.2283090e+06   3.2000000e+01
   4.2292290e+06   3.9000000e+01
   4.2292740e+06   3.5000000e+01
   4.2309940e+06   2.3000000e+01
   4.2312390e+06   2.8000000e+01
   4.2315400e+06   3.0000000e+01
   4.2318420e+06   2.1000000e+01
   4.2320450e+06   2.4000000e+01
   4.2320720e+06   2.2000000e+01
   4.2326360e+06   2.1000000e+01
   4.2327220e+06   2.4000000e+01
   4.2332830e+06   3.0000000e+01
   4.2339490e+06   3.6000000e+01
   4.2347970e+06   2.9000000e+01
   4.2350880e+06   2.8000000e+01
   4.2357390e+06   3.1000000e+01
   4.2357790e+06   2.7000000e+01
   4.2358240e+06   2.5000000e+01
   4.2364150e+06   2.9000000e+01
   4.2366420e+06   2.1000000e+01
   4.2372130e+06   2.1000000e+01
   4.2373410e+06   2.3000000e+01
   4.2377950e+06   3.2000000e+01
   4.2383120e+06   3.2000000e+01
   4.2385660e+06   4.0000000e+01
   4.2425810e+06   2.1000000e+01
   4.2427130e+06   3.3000000e+01
   4.2430220e+06   3.3000000e+01
   4.3082510e+06   3.4000000e+01
   4.3083040e+06   2.2000000e+01
   4.3089480e+06   2.1000000e+01
   4.3089850e+06   3.4000000e+01
   4.3093420e+06   3.0000000e+01
   4.3095050e+06   3.5000000e+01
   4.3096300e+06   2.3000000e+01
   4.3096600e+06   3.2000000e+01
   4.3097380e+06   2.4000000e+01
   4.3100890e+06   3.1000000e+01
   4.3105870e+06   2.1000000e+01
   4.3109690e+06   2.5000000e+01
   4.3114660e+06   2.8000000e+01
   4.3116530e+06   2.8000000e+01
   4.3162670e+06   2.9000000e+01
   4.3684970e+06   2.2000000e+01
   4.3689840e+06   3.1000000e+01
   4.3691140e+06   3.0000000e+01
   4.3700360e+06   3.1000000e+01
   4.3707670e+06   3.1000000e+01
   4.3721690e+06   2.5000000e+01
   4.3722060e+06   2.9000000e+01
   4.3722850e+06   2.9000000e+01
   4.3727140e+06   2.4000000e+01
   4.3727420e+06   2.2000000e+01
   4.3727820e+06   2.1000000e+01
   4.3735190e+06   2.1000000e+01
   4.3735570e+06   2.6000000e+01
   4.3737250e+06   2.6000000e+01
   4.4430000e+06   2.9000000e+01
   4.4430270e+06   2.1000000e+01
   4.4432160e+06   3.9000000e+01
   4.4435740e+06   2.9000000e+01
   4.4446490e+06   2.6000000e+01
   4.4462890e+06   2.4000000e+01
   4.4464200e+06   2.2000000e+01
   4.4467230e+06   3.0000000e+01
   4.4474530e+06   3.0000000e+01
   4.4482970e+06   2.5000000e+01
   4.4483270e+06   3.4000000e+01
   4.4487180e+06   3.1000000e+01
   4.5092010e+06   2.7000000e+01
   4.5095410e+06   2.2000000e+01
   4.5097140e+06   2.7000000e+01
   4.5097490e+06   2.1000000e+01
   4.5100640e+06   2.9000000e+01
   4.5109040e+06   2.9000000e+01
   4.5109340e+06   3.1000000e+01
   4.5110780e+06   2.7000000e+01
   4.5119990e+06   2.6000000e+01
   4.5124050e+06   2.4000000e+01
   4.5124470e+06   2.4000000e+01
   4.5128750e+06   2.3000000e+01
   4.5129640e+06   2.3000000e+01
   4.5132150e+06   2.3000000e+01
   4.5132840e+06   2.8000000e+01
   4.5137040e+06   3.3000000e+01
   4.5138210e+06   2.2000000e+01
   4.5140330e+06   2.1000000e+01
   4.5142580e+06   2.2000000e+01
   4.5147160e+06   2.2000000e+01
   4.5147430e+06   2.5000000e+01
   4.5148370e+06   2.9000000e+01
   4.5647770e+06   2.4000000e+01
   4.5650410e+06   2.3000000e+01
   4.5654320e+06   2.3000000e+01
   4.5659130e+06   2.9000000e+01
   4.5660960e+06   3.1000000e+01
   4.5669440e+06   3.0000000e+01
   4.5701530e+06   2.7000000e+01
   4.5712220e+06   3.1000000e+01
   4.5722280e+06   2.1000000e+01
   4.5727790e+06   3.3000000e+01
   4.5734860e+06   2.6000000e+01
   4.5739390e+06   2.7000000e+01
   4.5741340e+06   3.0000000e+01
   4.6389920e+06   3.1000000e+01
   4.6395520e+06   2.9000000e+01
   4.6396220e+06   2.8000000e+01
   4.6411690e+06   2.8000000e+01
   4.6412250e+06   2.1000000e+01
   4.6418490e+06   3.2000000e+01
   4.6422210e+06   2.9000000e+01
   4.6422970e+06   2.4000000e+01
   4.6425620e+06   2.1000000e+01
   4.6426130e+06   3.0000000e+01
   4.6431810e+06   3.5000000e+01
   4.6434140e+06   2.5000000e+01
   4.6440570e+06   3.2000000e+01
   4.6443640e+06   2.1000000e+01
   4.6448950e+06   2.7000000e+01
   4.6454700e+06   3.2000000e+01
   4.6455030e+06   2.5000000e+01
   4.6455990e+06   3.1000000e+01
   4.6543190e+06   3.1000000e+01
   4.6926250e+06   2.2000000e+01
   4.6926910e+06   2.8000000e+01
   4.6928840e+06   2.9000000e+01
   4.6934910e+06   3.3000000e+01
   4.6935460e+06   3.1000000e+01
   4.6938450e+06   2.6000000e+01
   4.6942330e+06   3.2000000e+01
   4.6947760e+06   2.8000000e+01
   4.6949830e+06   2.5000000e+01
   4.6950180e+06   2.9000000e+01
   4.6953010e+06   2.7000000e+01
   4.6953490e+06   3.0000000e+01
   4.6964240e+06   2.2000000e+01
   4.6966050e+06   2.2000000e+01
   4.6971130e+06   3.5000000e+01
   4.6978710e+06   2.7000000e+01
   4.6983870e+06   3.3000000e+01
   4.7373440e+06   2.2000000e+01
   4.7856940e+06   3.9000000e+01
   4.7863780e+06   3.0000000e+01
   4.7864860e+06   3.2000000e+01
   4.7868930e+06   2.8000000e+01
   4.7873630e+06   3.1000000e+01
   4.7878220e+06   2.2000000e+01
   4.7885700e+06   2.8000000e+01
   4.7893800e+06   2.1000000e+01
   4.7894740e+06   2.2000000e+01
   4.7896100e+06   3.4000000e+01
   4.7910480e+06   2.3000000e+01
   4.7910790e+06   2.2000000e+01
   4.7917180e+06   2.6000000e+01
   4.8226340e+06   2.8000000e+01
   4.8440230e+06   2.5000000e+01
   4.8440870e+06   2.3000000e+01
   4.8446560e+06   3.3000000e+01
   4.8448150e+06   2.9000000e+01
   4.8452750e+06   3.4000000e+01
   4.8457530e+06   2.1000000e+01
   4.8460070e+06   3.3000000e+01
   4.8460830e+06   2.3000000e+01
   4.8464380e+06   2.1000000e+01
   4.8464950e+06   2.4000000e+01
   4.8471260e+06   2.6000000e+01
   4.8478380e+06   2.4000000e+01
   4.9234000e+06   2.2000000e+01
   4.9234270e+06   2.1000000e+01
   4.9239580e+06   2.6000000e+01
   4.9250950e+06   3.4000000e+01
   4.9252180e+06   2.1000000e+01
   4.9254080e+06   2.5000000e+01
   4.9254820e+06   2.7000000e+01
   4.9260730e+06   3.4000000e+01
   4.9261120e+06   3.1000000e+01
   4.9761150e+06   3.0000000e+01
   5.0026190e+06   2.8000000e+01
   5.0037670e+06   2.6000000e+01
   5.0043480e+06   3.2000000e+01
   5.0052760e+06   2.7000000e+01
   5.0064190e+06   2.9000000e+01
   5.0632780e+06   3.3000000e+01
   5.0636810e+06   3.6000000e+01
   5.0637540e+06   2.2000000e+01
   5.0638410e+06   2.5000000e+01
   5.0645610e+06   2.3000000e+01
   5.0647820e+06   2.1000000e+01
   5.0648290e+06   2.3000000e+01
   5.0648760e+06   3.1000000e+01
   5.0650440e+06   2.1000000e+01
   5.0651510e+06   2.1000000e+01
   5.0651840e+06   2.8000000e+01
   5.0653910e+06   2.2000000e+01
   5.0656070e+06   2.1000000e+01
   5.0656640e+06   2.1000000e+01
   5.0658470e+06   2.2000000e+01
   5.0660660e+06   2.1000000e+01
   5.0661310e+06   2.9000000e+01
   5.0664170e+06   3.0000000e+01
   5.0669340e+06   2.2000000e+01
   5.0670020e+06   2.1000000e+01
   5.0670810e+06   2.8000000e+01
   5.0672250e+06   2.3000000e+01
   5.0677760e+06   3.3000000e+01
   5.0679160e+06   2.2000000e+01
   5.0681380e+06   2.5000000e+01
   5.0682990e+06   3.0000000e+01
   5.0686720e+06   3.2000000e+01
   5.0691690e+06   2.9000000e+01
   5.0696250e+06   2.3000000e+01
   5.0701000e+06   2.9000000e+01
   5.0701690e+06   2.7000000e+01
   5.0705760e+06   2.3000000e+01
   5.0706160e+06   2.4000000e+01
   5.0711500e+06   2.9000000e+01
   5.0713120e+06   3.2000000e+01
   5.0715330e+06   2.7000000e+01
   5.0721160e+06   2.7000000e+01
   5.0729660e+06   2.1000000e+01
   5.0749710e+06   2.7000000e+01
   5.0771790e+06   2.1000000e+01
   5.0772280e+06   2.3000000e+01
   5.0826650e+06   3.3000000e+01
   5.0834500e+06   2.4000000e+01
   5.0836440e+06   2.4000000e+01
   5.0840210e+06   2.6000000e+01
   5.0841760e+06   2.7000000e+01
   5.0845680e+06   2.2000000e+01
   5.0849820e+06   3.0000000e+01
   5.0852820e+06   2.7000000e+01
   5.0858920e+06   2.1000000e+01
   5.0862990e+06   3.1000000e+01
   5.0864610e+06   3.1000000e+01
   5.0870410e+06   2.8000000e+01
   5.0876030e+06   3.3000000e+01
   5.0878910e+06   3.4000000e+01
   5.0881360e+06   2.9000000e+01
   5.0889140e+06   3.2000000e+01
   5.0898230e+06   2.6000000e+01
   5.1883690e+06   2.2000000e+01
   5.1885630e+06   2.6000000e+01
   5.1887310e+06   2.3000000e+01
   5.1896750e+06   2.6000000e+01
   5.1897960e+06   2.9000000e+01
   5.1903810e+06   2.4000000e+01
   5.1906350e+06   2.2000000e+01
   5.1906680e+06   2.1000000e+01
   5.1908450e+06   2.2000000e+01
   5.1909180e+06   2.9000000e+01
   5.1914700e+06   2.3000000e+01
   5.1916070e+06   3.0000000e+01
   5.1923610e+06   3.0000000e+01
   5.1926580e+06   3.3000000e+01
   5.1942410e+06   2.4000000e+01
   5.1943090e+06   2.8000000e+01
   5.1943560e+06   2.2000000e+01
   5.1945270e+06   2.4000000e+01
   5.1950100e+06   2.6000000e+01
   5.1950470e+06   2.4000000e+01
   5.1952730e+06   3.0000000e+01
   5.1953400e+06   2.8000000e+01
   5.2511480e+06   3.3000000e+01
   5.2924530e+06   2.5000000e+01
   5.2925680e+06   2.2000000e+01
   5.2925990e+06   2.7000000e+01
   5.2937320e+06   3.1000000e+01
   5.2946870e+06   3.4000000e+01
   5.2948940e+06   2.4000000e+01
   5.2949390e+06   2.3000000e+01
   5.2951030e+06   2.4000000e+01
   5.2951880e+06   2.8000000e+01
   5.2956100e+06   3.4000000e+01
   5.2959710e+06   2.3000000e+01
   5.2960040e+06   2.1000000e+01
   5.2964540e+06   3.0000000e+01
   5.2966780e+06   2.8000000e+01
   5.2969800e+06   2.7000000e+01
   5.2970310e+06   3.1000000e+01
   5.2974160e+06   2.5000000e+01
   5.2976020e+06   2.3000000e+01
   5.2981230e+06   4.1000000e+01
   5.2981680e+06   2.2000000e+01
   5.2988690e+06   2.8000000e+01
   5.2994550e+06   2.6000000e+01
   5.2995400e+06   2.7000000e+01
   5.3007510e+06   3.1000000e+01
   5.3597620e+06   2.5000000e+01
   5.3608030e+06   2.7000000e+01
   5.3860490e+06   3.1000000e+01
   5.3914480e+06   3.0000000e+01
   5.3915020e+06   3.4000000e+01
   5.3924940e+06   2.4000000e+01
   5.3925640e+06   2.4000000e+01
   5.3929480e+06   3.1000000e+01
   5.3931050e+06   3.3000000e+01
   5.3934670e+06   2.3000000e+01
   5.3941410e+06   3.3000000e+01
   5.3942820e+06   3.8000000e+01
   5.3946460e+06   2.5000000e+01
   5.3950920e+06   3.1000000e+01
   5.3952630e+06   2.5000000e+01
   5.3960970e+06   2.5000000e+01
   5.3961460e+06   3.4000000e+01
   5.3977470e+06   3.0000000e+01
   5.4339630e+06   3.3000000e+01
   5.4465000e+06   2.2000000e+01
   5.4470370e+06   2.7000000e+01
   5.4472300e+06   2.5000000e+01
   5.4473250e+06   2.1000000e+01
   5.4479260e+06   2.1000000e+01
   5.4480500e+06   2.1000000e+01
   5.4489940e+06   2.7000000e+01
   5.4490270e+06   3.2000000e+01
   5.4494330e+06   3.0000000e+01
   5.4496700e+06   2.4000000e+01
   5.4497250e+06   2.8000000e+01
   5.4497550e+06   2.3000000e+01
   5.4498420e+06   2.7000000e+01
   5.4500440e+06   3.0000000e+01
   5.4504430e+06   3.0000000e+01
   5.4514260e+06   3.0000000e+01
   5.4516420e+06   2.8000000e+01
   5.4518300e+06   2.4000000e+01
   5.4535680e+06   2.1000000e+01
   5.4536120e+06   3.5000000e+01
   5.4626040e+06   3.3000000e+01
   5.5134560e+06   2.6000000e+01
   5.5135370e+06   2.1000000e+01
   5.5163490e+06   2.6000000e+01
   5.5168980e+06   3.5000000e+01
   5.5172040e+06   3.5000000e+01
   5.5180060e+06   3.0000000e+01
   5.5181350e+06   2.6000000e+01
   5.5185070e+06   2.1000000e+01
   5.5189660e+06   2.2000000e+01
   5.5192250e+06   2.3000000e+01
   5.5192870e+06   2.4000000e+01
   5.5196750e+06   2.1000000e+01
   5.5197020e+06   2.4000000e+01
   5.5198380e+06   3.3000000e+01
   5.5201530e+06   2.2000000e+01
   5.5201920e+06   3.0000000e+01
   5.5208730e+06   3.2000000e+01
   5.5215660e+06   2.4000000e+01
   5.5215980e+06   2.2000000e+01
   5.5230030e+06   2.6000000e+01
   5.5230560e+06   3.3000000e+01
   5.5942220e+06   2.8000000e+01
   5.6130380e+06   2.9000000e+01
   5.6189780e+06   3.2000000e+01
   5.6270060e+06   2.5000000e+01
   5.6273300e+06   2.5000000e+01
   5.6277370e+06   3.3000000e+01
   5.6279870e+06   2.7000000e+01
   5.6283970e+06   2.6000000e+01
   5.6288290e+06   2.4000000e+01
   5.6296070e+06   2.6000000e+01
   5.6298030e+06   2.7000000e+01
   5.6302060e+06   3.4000000e+01
   5.6305610e+06   3.4000000e+01
   5.6313300e+06   2.4000000e+01
   5.6315600e+06   2.3000000e+01
   5.6328240e+06   3.0000000e+01
   5.6329690e+06   2.8000000e+01
   5.6334790e+06   2.8000000e+01
   5.7176140e+06   3.1000000e+01
   5.7180300e+06   2.2000000e+01
   5.7180720e+06   2.4000000e+01
   5.7182960e+06   2.3000000e+01
   5.7185890e+06   2.1000000e+01
   5.7188960e+06   2.5000000e+01
   5.7191360e+06   3.0000000e+01
   5.7194150e+06   2.1000000e+01
   5.7195240e+06   2.8000000e+01
   5.7199480e+06   2.6000000e+01
   5.7200260e+06   2.2000000e+01
   5.7206430e+06   2.1000000e+01
   5.7207390e+06   2.2000000e+01
   5.7217170e+06   2.9000000e+01
   5.7217700e+06   2.3000000e+01
   5.7223030e+06   2.9000000e+01
   5.7617170e+06   3.0000000e+01
   5.7649990e+06   3.1000000e+01
   5.7734340e+06   2.4000000e+01
   5.8151890e+06   2.1000000e+01
   5.8161360e+06   3.2000000e+01
   5.8170450e+06   3.4000000e+01
   5.8174690e+06   2.2000000e+01
   5.8179470e+06   2.2000000e+01
   5.8181800e+06   2.5000000e+01
   5.8231500e+06   3.1000000e+01
   5.8274500e+06   4.9000000e+01
   5.8278890e+06   2.5000000e+01
   5.8279300e+06   3.0000000e+01
   5.8281440e+06   2.5000000e+01
   5.8281790e+06   2.2000000e+01
   5.8284490e+06   2.5000000e+01
   5.8286020e+06   2.1000000e+01
   5.8287020e+06   2.6000000e+01
   5.8287790e+06   2.2000000e+01
   5.8290550e+06   2.3000000e+01
   5.8294280e+06   2.8000000e+01
   5.8300260e+06   3.2000000e+01
   5.8302590e+06   2.9000000e+01
   5.8307060e+06   2.1000000e+01
   5.8307940e+06   2.5000000e+01
   5.8313490e+06   2.8000000e+01
   5.8316470e+06   2.8000000e+01
   5.9139820e+06   2.5000000e+01
   5.9245780e+06   2.3000000e+01
   5.9246640e+06   3.5000000e+01
   5.9248620e+06   3.0000000e+01
   5.9253120e+06   2.3000000e+01
   5.9253570e+06   2.2000000e+01
   5.9256120e+06   2.2000000e+01
   5.9263940e+06   2.9000000e+01
   5.9264210e+06   2.1000000e+01
   5.9267880e+06   2.7000000e+01
   5.9268250e+06   2.5000000e+01
   5.9274240e+06   2.7000000e+01
   5.9274770e+06   3.0000000e+01
   5.9278850e+06   3.3000000e+01
   5.9279250e+06   2.7000000e+01
   5.9279680e+06   2.1000000e+01
   5.9280140e+06   2.1000000e+01
   5.9281210e+06   2.2000000e+01
   5.9282220e+06   2.8000000e+01
   5.9282660e+06   3.2000000e+01
   5.9284660e+06   2.2000000e+01
   5.9285190e+06   2.6000000e+01
   5.9286470e+06   2.3000000e+01
   5.9288280e+06   2.4000000e+01
   5.9288940e+06   3.3000000e+01
   5.9291590e+06   2.4000000e+01
   5.9304730e+06   2.9000000e+01
   5.9307720e+06   3.1000000e+01
   5.9313850e+06   2.6000000e+01
   5.9708760e+06   2.6000000e+01
   6.0141670e+06   2.8000000e+01
   6.0143980e+06   2.5000000e+01
   6.0145190e+06   3.2000000e+01
   6.0146450e+06   2.4000000e+01
   6.0147300e+06   2.5000000e+01
   6.0154460e+06   2.4000000e+01
   6.0158180e+06   2.3000000e+01
   6.0161050e+06   3.5000000e+01
   6.0166450e+06   2.1000000e+01
   6.0168850e+06   2.8000000e+01
   6.0171320e+06   2.7000000e+01
   6.0171570e+06   2.6000000e+01
   6.0172150e+06   2.2000000e+01
   6.0175060e+06   2.9000000e+01
   6.0179930e+06   2.7000000e+01
   6.0186640e+06   2.2000000e+01
   6.0192340e+06   2.1000000e+01
   6.0194020e+06   2.3000000e+01
   6.0207390e+06   2.8000000e+01
   6.0212020e+06   2.9000000e+01
   6.0960860e+06   3.2000000e+01
   6.0961160e+06   2.2000000e+01
   6.0966320e+06   2.8000000e+01
   6.0969450e+06   2.2000000e+01
   6.0970900e+06   3.0000000e+01
   6.0975370e+06   2.6000000e+01
   6.0977040e+06   2.8000000e+01
   6.0981660e+06   3.1000000e+01
   6.0984910e+06   2.7000000e+01
   6.0986180e+06   2.9000000e+01
   6.0992870e+06   2.1000000e+01
   6.0996270e+06   2.6000000e+01
   6.0996790e+06   3.3000000e+01
   6.1001370e+06   2.6000000e+01
   6.1001720e+06   2.2000000e+01
   6.1007880e+06   2.4000000e+01
   6.1036400e+06   2.2000000e+01
   6.1036960e+06   2.1000000e+01
   6.1702600e+06   2.4000000e+01
   6.1711810e+06   2.7000000e+01
   6.1714270e+06   3.5000000e+01
   6.1723030e+06   2.6000000e+01
   6.1723280e+06   3.7000000e+01
   6.1727540e+06   3.2000000e+01
   6.1730840e+06   2.9000000e+01
   6.1733570e+06   2.8000000e+01
   6.1744260e+06   2.4000000e+01
   6.1744860e+06   3.1000000e+01
   6.1747540e+06   2.5000000e+01
   6.1752400e+06   2.1000000e+01
   6.1752890e+06   3.1000000e+01
   6.2053530e+06   2.6000000e+01
   6.2421210e+06   3.3000000e+01
   6.2440410e+06   2.5000000e+01
   6.2453120e+06   2.9000000e+01
   6.2457480e+06   2.5000000e+01
   6.2464930e+06   2.9000000e+01
   6.2466730e+06   2.9000000e+01
   6.2467700e+06   2.2000000e+01
   6.2471770e+06   2.6000000e+01
   6.2481300e+06   2.4000000e+01
   6.2483080e+06   2.9000000e+01
   6.2486230e+06   2.5000000e+01
   6.2517120e+06   2.3000000e+01
   6.2517450e+06   2.1000000e+01
   6.2520220e+06   2.9000000e+01
   6.2520880e+06   2.3000000e+01
   6.2523110e+06   3.0000000e+01
   6.2523740e+06   2.5000000e+01
   6.2527500e+06   2.1000000e+01
   6.2527940e+06   2.8000000e+01
   6.2528940e+06   3.0000000e+01
   6.2532830e+06   3.0000000e+01
   6.2566630e+06   2.1000000e+01
   6.2579710e+06   3.2000000e+01
   6.3574490e+06   3.3000000e+01
   6.3575390e+06   2.6000000e+01
   6.3590980e+06   2.1000000e+01
   6.3593170e+06   3.0000000e+01
   6.3595620e+06   2.1000000e+01
   6.3597260e+06   2.6000000e+01
   6.3597520e+06   2.1000000e+01
   6.3598320e+06   2.5000000e+01
   6.3599720e+06   2.4000000e+01
   6.3601790e+06   2.1000000e+01
   6.3641680e+06   2.1000000e+01
   6.3686320e+06   2.7000000e+01
   6.3692460e+06   2.1000000e+01
   6.3697130e+06   2.2000000e+01
   6.3710340e+06   2.6000000e+01
   6.3711090e+06   2.9000000e+01
   6.3714120e+06   3.3000000e+01
   6.3717940e+06   2.9000000e+01
   6.3718570e+06   3.0000000e+01
   6.3721470e+06   2.5000000e+01
   6.3724830e+06   2.5000000e+01
   6.3728660e+06   4.3000000e+01
   6.3730170e+06   3.4000000e+01
   6.3733350e+06   2.9000000e+01
   6.3734290e+06   2.1000000e+01
   6.3734910e+06   2.9000000e+01
   6.3740900e+06   2.5000000e+01
   6.3743670e+06   2.3000000e+01
   6.3745000e+06   2.3000000e+01
   6.3754080e+06   2.2000000e+01
   6.3756730e+06   2.2000000e+01
   6.3764570e+06   2.9000000e+01
   6.4639810e+06   2.2000000e+01
   6.4641320e+06   2.3000000e+01
   6.4645070e+06   2.2000000e+01
   6.4645490e+06   2.8000000e+01
   6.4648040e+06   3.0000000e+01
   6.4650940e+06   2.3000000e+01
   6.4655020e+06   2.9000000e+01
   6.4656050e+06   2.7000000e+01
   6.4656780e+06   2.3000000e+01
   6.4659100e+06   3.1000000e+01
   6.4660080e+06   2.4000000e+01
   6.4664320e+06   2.5000000e+01
   6.4666350e+06   2.8000000e+01
   6.4671100e+06   2.4000000e+01
   6.4677280e+06   2.9000000e+01
   6.5054250e+06   2.4000000e+01
   6.5054740e+06   2.8000000e+01
   6.5059050e+06   2.1000000e+01
   6.5063600e+06   3.4000000e+01
   6.5070230e+06   2.3000000e+01
   6.5070640e+06   2.3000000e+01
   6.5071800e+06   2.2000000e+01
   6.5074760e+06   2.7000000e+01
   6.5076060e+06   2.3000000e+01
   6.5079620e+06   2.2000000e+01
   6.5086590e+06   3.1000000e+01
   6.5099730e+06   2.9000000e+01
   6.5100290e+06   2.9000000e+01
   6.5123960e+06   3.0000000e+01
   6.5727930e+06   3.3000000e+01
   6.5731240e+06   3.0000000e+01
   6.5736710e+06   3.5000000e+01
   6.5738590e+06   2.2000000e+01
   6.5740530e+06   2.7000000e+01
   6.5740820e+06   2.1000000e+01
   6.5747520e+06   3.7000000e+01
   6.5751680e+06   2.6000000e+01
   6.5793810e+06   2.7000000e+01
   6.6305300e+06   3.2000000e+01
   6.6305720e+06   3.0000000e+01
   6.6313690e+06   3.0000000e+01
   6.6317140e+06   2.1000000e+01
   6.6318000e+06   2.2000000e+01
   6.6319360e+06   2.2000000e+01
   6.6323140e+06   2.4000000e+01
   6.6329410e+06   4.5000000e+01
   6.6329780e+06   2.1000000e+01
   6.6332550e+06   3.6000000e+01
   6.6333080e+06   2.5000000e+01
   6.6335100e+06   2.1000000e+01
   6.6335500e+06   2.2000000e+01
   6.6338930e+06   2.1000000e+01
   6.6339650e+06   3.0000000e+01
   6.6340190e+06   2.5000000e+01
   6.6341970e+06   2.6000000e+01
   6.6346320e+06   2.2000000e+01
   6.6945920e+06   3.0000000e+01
   6.6947380e+06   2.1000000e+01
   6.6948200e+06   2.5000000e+01
   6.6953170e+06   3.3000000e+01
   6.6955000e+06   2.2000000e+01
   6.6958040e+06   2.1000000e+01
   6.6963030e+06   2.8000000e+01
   6.6977520e+06   2.7000000e+01
   6.6983020e+06   2.3000000e+01
   6.6985920e+06   2.9000000e+01
   6.6987150e+06   2.3000000e+01
   6.6996840e+06   2.8000000e+01
   6.7263890e+06   2.6000000e+01
   6.7289720e+06   2.6000000e+01
   6.7296430e+06   2.7000000e+01
   6.7313090e+06   2.4000000e+01
   6.7327760e+06   2.8000000e+01
   6.7334220e+06   2.6000000e+01
   6.7340400e+06   2.1000000e+01
   6.7342300e+06   3.0000000e+01
   6.7355230e+06   2.9000000e+01
   6.7653070e+06   2.9000000e+01
   6.7991060e+06   2.8000000e+01
   6.7999040e+06   3.1000000e+01
   6.8015490e+06   2.3000000e+01
   6.8016570e+06   2.3000000e+01
   6.8022290e+06   2.1000000e+01
   6.8023030e+06   3.1000000e+01
   6.8029940e+06   2.2000000e+01
   6.8030740e+06   3.0000000e+01
   6.8033820e+06   2.7000000e+01
   6.8047980e+06   2.2000000e+01
   6.8528480e+06   2.7000000e+01
   6.8529720e+06   2.9000000e+01
   6.8537570e+06   2.6000000e+01
   6.8540590e+06   2.8000000e+01
   6.8547870e+06   2.9000000e+01
   6.8551530e+06   2.6000000e+01
   6.8553600e+06   2.3000000e+01
   6.8555440e+06   3.2000000e+01
   6.8558970e+06   3.1000000e+01
   6.8559580e+06   3.3000000e+01
   6.8561430e+06   3.3000000e+01
   6.8565220e+06   3.3000000e+01
   6.8571780e+06   2.1000000e+01
   6.9206360e+06   3.2000000e+01
   6.9268100e+06   2.1000000e+01
   6.9279040e+06   3.0000000e+01
   6.9281660e+06   4.0000000e+01
   6.9285850e+06   3.3000000e+01
   6.9287060e+06   2.8000000e+01
   6.9291230e+06   3.2000000e+01
   6.9292890e+06   2.1000000e+01
   6.9296280e+06   2.3000000e+01
   6.9300900e+06   3.1000000e+01
   6.9301660e+06   2.5000000e+01
   6.9305880e+06   3.1000000e+01
   6.9312880e+06   2.3000000e+01
   6.9315160e+06   2.3000000e+01
   6.9327290e+06   2.5000000e+01
   6.9338250e+06   2.8000000e+01
   6.9344620e+06   2.9000000e+01
   6.9345290e+06   3.2000000e+01
   6.9348260e+06   2.1000000e+01
   6.9348960e+06   2.1000000e+01
   6.9349240e+06   2.2000000e+01
   6.9902400e+06   2.6000000e+01
   6.9908720e+06   2.9000000e+01
   6.9921400e+06   2.7000000e+01
   6.9946840e+06   3.2000000e+01
   6.9948270e+06   2.2000000e+01
   6.9952040e+06   3.0000000e+01
   6.9961850e+06   2.9000000e+01
   6.9966080e+06   2.5000000e+01
   6.9966620e+06   3.1000000e+01
   6.9970720e+06   3.0000000e+01
   6.9971270e+06   2.3000000e+01
   6.9971930e+06   3.6000000e+01
   6.9978040e+06   2.5000000e+01
   6.9979910e+06   2.6000000e+01
   6.9984070e+06   2.8000000e+01
   6.9986670e+06   2.7000000e+01
   6.9990510e+06   2.5000000e+01
   6.9992700e+06   2.1000000e+01
   7.0014200e+06   2.7000000e+01
   7.0018950e+06   2.6000000e+01
   7.0022900e+06   2.7000000e+01
   7.0029370e+06   2.6000000e+01
   7.0617890e+06   2.1000000e+01
   7.0618190e+06   2.1000000e+01
   7.0634220e+06   3.2000000e+01
   7.0879530e+06   3.1000000e+01
   7.0897050e+06   2.8000000e+01
   7.0898810e+06   2.4000000e+01
   7.0899280e+06   2.1000000e+01
   7.0908370e+06   3.0000000e+01
   7.0920560e+06   2.8000000e+01
   7.0920820e+06   2.2000000e+01
   7.0925000e+06   3.3000000e+01
   7.0927990e+06   3.2000000e+01
   7.0928260e+06   3.3000000e+01
   7.0932560e+06   3.3000000e+01
   7.0935020e+06   2.1000000e+01
   7.0935450e+06   2.4000000e+01
   7.0937000e+06   2.6000000e+01
   7.0939320e+06   2.2000000e+01
   7.0945130e+06   2.9000000e+01
   7.0946040e+06   2.8000000e+01
   7.0950190e+06   3.4000000e+01
   7.0951930e+06   3.1000000e+01
   7.0958170e+06   2.2000000e+01
   7.0963170e+06   2.5000000e+01
   7.0963430e+06   2.7000000e+01
   7.0965330e+06   2.6000000e+01
   7.0967540e+06   2.9000000e+01
   7.0978440e+06   2.5000000e+01
   7.1081210e+06   3.1000000e+01
   7.1718530e+06   2.8000000e+01
   7.1724860e+06   3.0000000e+01
   7.1725180e+06   2.2000000e+01
   7.1733440e+06   3.8000000e+01
   7.1738390e+06   2.4000000e+01
   7.1739760e+06   2.6000000e+01
   7.1741120e+06   2.1000000e+01
   7.1741770e+06   2.3000000e+01
   7.1745610e+06   2.3000000e+01
   7.1747260e+06   2.8000000e+01
   7.1750720e+06   2.4000000e+01
   7.1751270e+06   2.4000000e+01
   7.1753640e+06   3.1000000e+01
   7.1759070e+06   2.5000000e+01
   7.1759720e+06   3.4000000e+01
   7.1765310e+06   3.2000000e+01
   7.1770730e+06   2.5000000e+01
   7.1781630e+06   3.6000000e+01
   7.1787250e+06   2.9000000e+01
   7.1791990e+06   2.6000000e+01
   7.1794280e+06   2.1000000e+01
   7.1795000e+06   2.5000000e+01
   7.1795860e+06   2.5000000e+01
   7.1798180e+06   2.9000000e+01
   7.1806550e+06   3.1000000e+01
   7.2257040e+06   2.6000000e+01
   7.2257330e+06   2.5000000e+01
   7.2262190e+06   2.5000000e+01
   7.2262470e+06   2.1000000e+01
   7.2267630e+06   2.3000000e+01
   7.2270930e+06   3.6000000e+01
   7.2273610e+06   2.2000000e+01
   7.2274030e+06   2.8000000e+01
   7.2274360e+06   2.1000000e+01
   7.2275510e+06   2.3000000e+01
   7.2279220e+06   2.8000000e+01
   7.2280640e+06   2.7000000e+01
   7.2282340e+06   2.6000000e+01
   7.2284890e+06   2.4000000e+01
   7.2287630e+06   2.8000000e+01
   7.2292840e+06   2.3000000e+01
   7.2293290e+06   3.0000000e+01
   7.2307680e+06   3.6000000e+01
   7.2337870e+06   2.3000000e+01
   7.2897960e+06   3.0000000e+01
   7.3243200e+06   3.2000000e+01
   7.3243850e+06   2.3000000e+01
   7.3248590e+06   2.9000000e+01
   7.3256610e+06   3.0000000e+01
   7.3260670e+06   2.2000000e+01
   7.3261180e+06   2.2000000e+01
   7.3266080e+06   2.5000000e+01
   7.3267580e+06   2.3000000e+01
   7.3274390e+06   2.3000000e+01
   7.3279020e+06   2.6000000e+01
   7.3284470e+06   2.5000000e+01
   7.3285410e+06   3.0000000e+01
   7.3290440e+06   3.2000000e+01
   7.3291010e+06   2.9000000e+01
   7.3305530e+06   3.0000000e+01
   7.3531500e+06   2.5000000e+01
   7.3539100e+06   2.2000000e+01
   7.3547720e+06   2.8000000e+01
   7.3553030e+06   2.7000000e+01
   7.3561560e+06   3.0000000e+01
   7.3562010e+06   2.2000000e+01
   7.3565420e+06   2.4000000e+01
   7.3568250e+06   2.5000000e+01
   7.3568930e+06   2.2000000e+01
   7.3572110e+06   2.1000000e+01
   7.3573280e+06   2.6000000e+01
   7.3573840e+06   2.2000000e+01
   7.3581190e+06   2.1000000e+01
   7.3581680e+06   2.1000000e+01
   7.3595370e+06   2.1000000e+01
   7.3595900e+06   2.2000000e+01
   7.3598070e+06   2.2000000e+01
   7.3603020e+06   2.1000000e+01
   7.3603530e+06   2.2000000e+01
   7.3607300e+06   2.1000000e+01
   7.3607780e+06   2.6000000e+01
   7.3609300e+06   2.1000000e+01
   7.3609820e+06   2.9000000e+01
   7.3611850e+06   2.5000000e+01
   7.3613240e+06   2.3000000e+01
   7.3620360e+06   3.8000000e+01
   7.3621970e+06   2.5000000e+01
   7.3626840e+06   2.7000000e+01
   7.3637930e+06   2.5000000e+01
   7.3643660e+06   2.3000000e+01
   7.3649680e+06   2.9000000e+01
   7.4148870e+06   2.1000000e+01
   7.4164290e+06   2.7000000e+01
   7.4169400e+06   2.9000000e+01
   7.4170540e+06   2.5000000e+01
   7.4180420e+06   2.8000000e+01
   7.4181460e+06   2.9000000e+01
   7.4187600e+06   2.5000000e+01
   7.4190250e+06   2.2000000e+01
   7.4193620e+06   2.1000000e+01
   7.4194070e+06   2.8000000e+01
   7.4195800e+06   2.1000000e+01
   7.4199140e+06   2.1000000e+01
   7.4199730e+06   2.5000000e+01
   7.4204660e+06   2.6000000e+01
   7.4214990e+06   3.6000000e+01
   7.4215390e+06   3.0000000e+01
   7.4241700e+06   2.1000000e+01
   7.4242180e+06   2.3000000e+01
   7.4246280e+06   3.0000000e+01
   7.4252530e+06   2.8000000e+01
   7.4257540e+06   3.2000000e+01
   7.4272100e+06   3.1000000e+01
   7.4289060e+06   2.1000000e+01
   7.5126620e+06   3.0000000e+01
   7.5126870e+06   2.1000000e+01
   7.5129130e+06   2.8000000e+01
   7.5130060e+06   2.1000000e+01
   7.5131650e+06   3.2000000e+01
   7.5140830e+06   2.1000000e+01
   7.5141300e+06   2.2000000e+01
   7.5144610e+06   2.1000000e+01
   7.5148010e+06   2.9000000e+01
   7.5149810e+06   2.8000000e+01
   7.5152680e+06   2.1000000e+01
   7.5155790e+06   2.7000000e+01
   7.5156950e+06   2.3000000e+01
   7.5157390e+06   2.3000000e+01
   7.5159130e+06   2.5000000e+01
   7.5159600e+06   2.2000000e+01
   7.5160080e+06   3.1000000e+01
   7.5161620e+06   2.8000000e+01
   7.5163740e+06   2.9000000e+01
   7.5174160e+06   2.3000000e+01
   7.5174660e+06   2.1000000e+01
   7.5180280e+06   2.8000000e+01
   7.5188630e+06   3.1000000e+01
   7.5202350e+06   2.4000000e+01
   7.5202640e+06   3.5000000e+01
   7.5210690e+06   2.4000000e+01
   7.5215890e+06   2.2000000e+01
   7.5216480e+06   2.5000000e+01
   7.5218540e+06   3.1000000e+01
   7.5223170e+06   3.2000000e+01
   7.5223680e+06   2.5000000e+01
   7.5229370e+06   2.9000000e+01
   7.5233590e+06   3.4000000e+01
   7.5233980e+06   2.3000000e+01
   7.5237700e+06   2.4000000e+01
   7.5241850e+06   3.1000000e+01
   7.5245650e+06   3.8000000e+01
