   7.5250000e+06   0.0000000e+00
   4.0890000e+04   4.2000000e+01
   5.7972000e+04   4.1000000e+01
   6.1413000e+04   4.1000000e+01
   6.4297000e+04   4.1000000e+01
   7.1787000e+04   3.9000000e+01
   7.1903000e+04   3.2000000e+01
   7.3476000e+04   3.9000000e+01
   7.3873000e+04   3.4000000e+01
   7.4467000e+04   3.6000000e+01
   7.4957000e+04   3.9000000e+01
   7.6996000e+04   4.0000000e+01
   8.0024000e+04   3.8000000e+01
   8.2907000e+04   3.9000000e+01
   8.6530000e+04   3.8000000e+01
   1.7753200e+05   4.1000000e+01
   1.8981400e+05   4.4000000e+01
   1.9057500e+05   4.6000000e+01
   1.9102200e+05   3.8000000e+01
   1.9155800e+05   4.5000000e+01
   1.9349000e+05   4.3000000e+01
   1.9579800e+05   3.8000000e+01
   2.1186900e+05   4.2000000e+01
   2.6853500e+05   4.1000000e+01
   2.6932000e+05   4.1000000e+01
   2.7367700e+05   4.1000000e+01
   2.7408000e+05   6.3000000e+01
   2.7523200e+05   4.5000000e+01
   2.7825500e+05   4.1000000e+01
   3.7485000e+05   4.6000000e+01
   3.7614700e+05   4.0000000e+01
   3.8023200e+05   3.8000000e+01
   3.8168600e+05   4.6000000e+01
   3.8263800e+05   4.3000000e+01
   3.8563200e+05   4.2000000e+01
   3.8796100e+05   4.3000000e+01
   4.6291500e+05   4.0000000e+01
   5.3736500e+05   3.9000000e+01
   5.6801900e+05   4.2000000e+01
   5.6959300e+05   4.1000000e+01
   5.7015200e+05   4.0000000e+01
   5.7076700e+05   3.9000000e+01
   5.7190300e+05   3.8000000e+01
   5.7690000e+05   4.0000000e+01
   6.2657900e+05   3.5000000e+01
   6.2692500e+05   3.7000000e+01
   6.4341700e+05   4.0000000e+01
   7.1695400e+05   4.2000000e+01
   7.1936700e+05   3.9000000e+01
   7.2042700e+05   6.8000000e+01
   7.2101700e+05   4.2000000e+01
   7.9672100e+05   4.1000000e+01
   8.0843000e+05   3.7000000e+01
   8.0871400e+05   3.9000000e+01
   8.0901800e+05   3.8000000e+01
   8.0982600e+05   4.7000000e+01
   8.1009200e+05   3.9000000e+01
   8.1239100e+05   4.3000000e+01
   8.7442800e+05   4.0000000e+01
   8.7917300e+05   4.1000000e+01
   9.2474400e+05   3.8000000e+01
   9.7776600e+05   4.1000000e+01
   9.8896900e+05   4.0000000e+01
   9.9022800e+05   4.7000000e+01
   9.9189300e+05   4.0000000e+01
   1.0420670e+06   3.9000000e+01
   1.0793210e+06   3.7000000e+01
   1.0866020e+06   3.9000000e+01
   1.0874390e+06   4.2000000e+01
   1.0886330e+06   4.8000000e+01
   1.0899960e+06   4.2000000e+01
   1.1283370e+06   4.1000000e+01
   1.1872650e+06   4.0000000e+01
   1.1875350e+06   4.0000000e+01
   1.1893390e+06   4.1000000e+01
   1.1909170e+06   4.4000000e+01
   1.1931060e+06   4.2000000e+01
   1.2507200e+06   4.2000000e+01
   1.2509910e+06   3.4000000e+01
   1.2525670e+06   4.7000000e+01
   1.2531050e+06   4.2000000e+01
   1.2536410e+06   4.4000000e+01
   1.2548110e+06   4.0000000e+01
   1.2551330e+06   4.1000000e+01
   1.2556730e+06   4.2000000e+01
   1.3177010e+06   4.0000000e+01
   1.3417790e+06   3.8000000e+01
   1.3516020e+06   4.1000000e+01
   1.3550840e+06   4.3000000e+01
   1.3586100e+06   3.9000000e+01
   1.3608810e+06   4.1000000e+01
   1.3654790e+06   4.0000000e+01
   1.3722300e+06   6.1000000e+01
   1.4503360e+06   4.3000000e+01
   1.4521850e+06   4.5000000e+01
   1.4531690e+06   3.8000000e+01
   1.4561360e+06   6.0000000e+01
   1.4569320e+06   4.3000000e+01
   1.5163480e+06   3.7000000e+01
   1.5295120e+06   3.9000000e+01
   1.5640660e+06   3.8000000e+01
   1.5642490e+06   3.3000000e+01
   1.5656660e+06   4.5000000e+01
   1.5857120e+06   4.3000000e+01
   1.6026240e+06   3.7000000e+01
   1.6510970e+06   4.3000000e+01
   1.6516190e+06   6.6000000e+01
   1.6521280e+06   7.0000000e+01
   1.6553550e+06   3.8000000e+01
   1.6561820e+06   4.5000000e+01
   1.6578360e+06   4.5000000e+01
   1.6622710e+06   6.1000000e+01
   1.6627290e+06   4.2000000e+01
   1.6639790e+06   4.6000000e+01
   1.6651370e+06   4.7000000e+01
   1.6679070e+06   6.1000000e+01
   1.6728020e+06   4.2000000e+01
   1.6867830e+06   4.0000000e+01
   1.8476220e+06   4.1000000e+01
   1.8499200e+06   6.5000000e+01
   1.8519150e+06   4.2000000e+01
   1.8543990e+06   6.7000000e+01
   1.8547690e+06   3.9000000e+01
   1.8560520e+06   4.7000000e+01
   1.8564660e+06   4.5000000e+01
   1.8591470e+06   4.4000000e+01
   1.9531610e+06   3.9000000e+01
   1.9534230e+06   4.1000000e+01
   1.9553480e+06   4.0000000e+01
   1.9567290e+06   4.3000000e+01
   1.9580820e+06   4.0000000e+01
   1.9737360e+06   4.2000000e+01
   2.0012210e+06   3.9000000e+01
   2.0029560e+06   3.1000000e+01
   2.0049980e+06   4.1000000e+01
   2.0547490e+06   4.0000000e+01
   2.0694340e+06   3.8000000e+01
   2.0842820e+06   4.4000000e+01
   2.0879790e+06   4.2000000e+01
   2.0906430e+06   4.5000000e+01
   2.0911850e+06   6.6000000e+01
   2.1585860e+06   6.1000000e+01
   2.1799900e+06   4.0000000e+01
   2.1806230e+06   4.0000000e+01
   2.1832160e+06   4.2000000e+01
   2.1867120e+06   4.7000000e+01
   2.1881790e+06   3.5000000e+01
   2.1911580e+06   6.4000000e+01
   2.1976880e+06   4.1000000e+01
   2.2031990e+06   4.2000000e+01
   2.2828140e+06   4.5000000e+01
   2.2829180e+06   2.8000000e+01
   2.2835930e+06   3.9000000e+01
   2.3503800e+06   4.5000000e+01
   2.3504940e+06   3.1000000e+01
   2.3511690e+06   4.6000000e+01
   2.3522620e+06   4.0000000e+01
   2.3529850e+06   4.6000000e+01
   2.3541990e+06   4.2000000e+01
   2.3567460e+06   3.9000000e+01
   2.3597450e+06   4.2000000e+01
   2.4195560e+06   4.0000000e+01
   2.4218520e+06   4.4000000e+01
   2.4221520e+06   3.9000000e+01
   2.4258730e+06   4.3000000e+01
   2.4289460e+06   4.2000000e+01
   2.4294040e+06   3.9000000e+01
   2.4852330e+06   4.2000000e+01
   2.4855160e+06   4.1000000e+01
   2.4862210e+06   3.0000000e+01
   2.4884650e+06   4.4000000e+01
   2.5317710e+06   4.3000000e+01
   2.5621130e+06   4.3000000e+01
   2.5641100e+06   4.7000000e+01
   2.5669210e+06   4.4000000e+01
   2.5674000e+06   3.9000000e+01
   2.5676960e+06   4.0000000e+01
   2.7183130e+06   4.1000000e+01
   2.7186830e+06   4.4000000e+01
   2.7197600e+06   4.2000000e+01
   2.7207340e+06   4.1000000e+01
   2.7216340e+06   4.2000000e+01
   2.7274010e+06   4.2000000e+01
   2.9334530e+06   4.2000000e+01
   2.9503230e+06   4.4000000e+01
   2.9504540e+06   3.4000000e+01
   2.9536800e+06   4.2000000e+01
   2.9538490e+06   3.5000000e+01
   2.9550080e+06   6.4000000e+01
   2.9898840e+06   4.0000000e+01
   3.0248530e+06   3.7000000e+01
   3.0255130e+06   4.6000000e+01
   3.0258810e+06   6.8000000e+01
   3.0267810e+06   4.3000000e+01
   3.0321510e+06   3.9000000e+01
   3.0338910e+06   3.9000000e+01
   3.0411010e+06   6.3000000e+01
   3.0427540e+06   4.3000000e+01
   3.0457510e+06   4.0000000e+01
   3.0482390e+06   4.5000000e+01
   3.1690560e+06   4.3000000e+01
   3.1694020e+06   4.0000000e+01
   3.1713830e+06   4.7000000e+01
   3.1722420e+06   4.2000000e+01
   3.1726520e+06   4.4000000e+01
   3.1735410e+06   4.1000000e+01
   3.2722020e+06   4.2000000e+01
   3.2729000e+06   4.3000000e+01
   3.2741220e+06   3.6000000e+01
   3.2744920e+06   4.4000000e+01
   3.2753830e+06   6.8000000e+01
   3.2762890e+06   4.1000000e+01
   3.2777750e+06   4.4000000e+01
   3.2804910e+06   4.3000000e+01
   3.2839570e+06   4.0000000e+01
   3.2927750e+06   3.8000000e+01
   3.3785440e+06   4.4000000e+01
   3.3797850e+06   3.8000000e+01
   3.3807810e+06   4.3000000e+01
   3.4435930e+06   4.2000000e+01
   3.4439040e+06   3.6000000e+01
   3.4462960e+06   6.4000000e+01
   3.4483060e+06   7.0000000e+01
   3.4499700e+06   4.2000000e+01
   3.4508460e+06   4.0000000e+01
   3.5216700e+06   4.1000000e+01
   3.5297670e+06   6.9000000e+01
   3.5306160e+06   4.4000000e+01
   3.5334070e+06   4.0000000e+01
   3.5340230e+06   4.1000000e+01
   3.5348820e+06   4.4000000e+01
   3.5360710e+06   4.3000000e+01
   3.5513880e+06   4.3000000e+01
   3.5517490e+06   3.9000000e+01
   3.5547590e+06   3.7000000e+01
   3.5566860e+06   4.0000000e+01
   3.6457280e+06   4.3000000e+01
   3.6465410e+06   4.4000000e+01
   3.6482610e+06   4.7000000e+01
   3.6606220e+06   4.1000000e+01
   3.7090030e+06   4.3000000e+01
   3.7178780e+06   3.9000000e+01
   3.7207530e+06   3.7000000e+01
   3.7234870e+06   4.4000000e+01
   3.7254270e+06   4.6000000e+01
   3.7262980e+06   4.3000000e+01
   3.7265540e+06   4.6000000e+01
   3.7269590e+06   4.7000000e+01
   3.7274700e+06   4.3000000e+01
   3.7283850e+06   4.8000000e+01
   3.7291460e+06   4.4000000e+01
   3.7320600e+06   4.1000000e+01
   3.7339260e+06   3.9000000e+01
   3.8226530e+06   3.5000000e+01
   3.8255340e+06   4.0000000e+01
   3.8261960e+06   4.5000000e+01
   3.8264120e+06   3.6000000e+01
   3.8272520e+06   4.1000000e+01
   3.8286040e+06   4.5000000e+01
   3.8288710e+06   4.2000000e+01
   3.8345120e+06   4.4000000e+01
   3.9473420e+06   4.3000000e+01
   3.9475560e+06   3.8000000e+01
   3.9600440e+06   4.3000000e+01
   4.0041400e+06   4.6000000e+01
   4.0047100e+06   4.6000000e+01
   4.0049880e+06   3.6000000e+01
   4.0067880e+06   4.2000000e+01
   4.0258610e+06   3.5000000e+01
   4.0772660e+06   3.8000000e+01
   4.1146080e+06   4.2000000e+01
   4.1607260e+06   4.2000000e+01
   4.2260470e+06   4.0000000e+01
   4.2281810e+06   4.3000000e+01
   4.2293170e+06   4.5000000e+01
   4.2300430e+06   4.0000000e+01
   4.2313480e+06   4.2000000e+01
   4.2336350e+06   4.1000000e+01
   4.2349450e+06   4.4000000e+01
   4.2359960e+06   6.6000000e+01
   4.2361200e+06   4.5000000e+01
   4.2441760e+06   4.2000000e+01
   4.2996690e+06   3.8000000e+01
   4.3085670e+06   4.2000000e+01
   4.3094630e+06   4.3000000e+01
   4.3096250e+06   4.0000000e+01
   4.3101400e+06   6.6000000e+01
   4.3121170e+06   3.7000000e+01
   4.3393300e+06   3.8000000e+01
   4.3633780e+06   4.2000000e+01
   4.3682600e+06   6.9000000e+01
   4.3686920e+06   4.4000000e+01
   4.3688270e+06   5.5000000e+01
   4.3714950e+06   6.4000000e+01
   4.4431310e+06   4.2000000e+01
   4.4479120e+06   4.0000000e+01
   4.5025530e+06   4.2000000e+01
   4.5093750e+06   4.2000000e+01
   4.5097630e+06   4.2000000e+01
   4.5100780e+06   3.7000000e+01
   4.5130730e+06   4.1000000e+01
   4.5646090e+06   4.3000000e+01
   4.5648630e+06   4.3000000e+01
   4.5664230e+06   3.8000000e+01
   4.5735870e+06   4.5000000e+01
   4.5766820e+06   6.1000000e+01
   4.6060350e+06   4.0000000e+01
   4.6390890e+06   4.0000000e+01
   4.6427130e+06   4.4000000e+01
   4.6430310e+06   4.8000000e+01
   4.6434470e+06   7.3000000e+01
   4.6447220e+06   4.3000000e+01
   4.6486230e+06   4.0000000e+01
   4.6497860e+06   4.1000000e+01
   4.6558990e+06   4.1000000e+01
   4.6932990e+06   4.6000000e+01
   4.6936760e+06   4.1000000e+01
   4.6947080e+06   4.3000000e+01
   4.6969730e+06   4.5000000e+01
   4.7366490e+06   4.6000000e+01
   4.7852780e+06   7.0000000e+01
   4.7854380e+06   3.4000000e+01
   4.7879280e+06   3.9000000e+01
   4.7909350e+06   4.2000000e+01
   4.8443360e+06   4.4000000e+01
   4.8446210e+06   4.1000000e+01
   4.8458710e+06   4.1000000e+01
   4.8498480e+06   4.3000000e+01
   4.9236430e+06   2.9000000e+01
   4.9252500e+06   4.3000000e+01
   4.9543350e+06   4.5000000e+01
   5.0090670e+06   4.1000000e+01
   5.0424690e+06   4.5000000e+01
   5.0619840e+06   3.9000000e+01
   5.0632970e+06   4.5000000e+01
   5.0634860e+06   4.0000000e+01
   5.0647570e+06   4.5000000e+01
   5.0652630e+06   4.3000000e+01
   5.0659700e+06   4.7000000e+01
   5.0665840e+06   4.4000000e+01
   5.0738510e+06   5.9000000e+01
   5.0750690e+06   3.8000000e+01
   5.0763280e+06   4.4000000e+01
   5.0770920e+06   4.0000000e+01
   5.0785290e+06   4.3000000e+01
   5.0829570e+06   4.6000000e+01
   5.0839080e+06   6.1000000e+01
   5.0845450e+06   4.2000000e+01
   5.0857670e+06   4.6000000e+01
   5.0878910e+06   5.6000000e+01
   5.0895020e+06   4.1000000e+01
   5.0903470e+06   4.1000000e+01
   5.0976690e+06   4.1000000e+01
   5.1573670e+06   4.1000000e+01
   5.1881510e+06   4.4000000e+01
   5.1883830e+06   4.3000000e+01
   5.1893260e+06   4.4000000e+01
   5.1920530e+06   4.0000000e+01
   5.1938740e+06   3.8000000e+01
   5.2927120e+06   3.8000000e+01
   5.2955830e+06   4.0000000e+01
   5.2976250e+06   4.3000000e+01
   5.3002780e+06   4.2000000e+01
   5.3029210e+06   4.2000000e+01
   5.3592730e+06   4.4000000e+01
   5.3593970e+06   3.0000000e+01
   5.3913910e+06   4.5000000e+01
   5.3929210e+06   4.3000000e+01
   5.3937680e+06   7.0000000e+01
   5.3957730e+06   4.5000000e+01
   5.4465740e+06   4.2000000e+01
   5.4493560e+06   4.0000000e+01
   5.4507190e+06   4.3000000e+01
   5.4518250e+06   4.0000000e+01
   5.4558410e+06   3.9000000e+01
   5.4602930e+06   4.2000000e+01
   5.4635560e+06   4.2000000e+01
   5.5136450e+06   4.0000000e+01
   5.5138610e+06   3.8000000e+01
   5.5182370e+06   4.3000000e+01
   5.5194510e+06   4.2000000e+01
   5.5205720e+06   4.2000000e+01
   5.5225730e+06   4.0000000e+01
   5.5322070e+06   3.8000000e+01
   5.6143090e+06   4.2000000e+01
   5.6266170e+06   4.6000000e+01
   5.6274530e+06   4.2000000e+01
   5.6278210e+06   4.0000000e+01
   5.6286040e+06   4.5000000e+01
   5.6562980e+06   3.8000000e+01
   5.6813640e+06   4.3000000e+01
   5.7176750e+06   4.0000000e+01
   5.7179730e+06   3.9000000e+01
   5.7195040e+06   4.0000000e+01
   5.7204530e+06   4.5000000e+01
   5.7207860e+06   6.3000000e+01
   5.7216810e+06   4.5000000e+01
   5.7235980e+06   4.0000000e+01
   5.7249000e+06   4.4000000e+01
   5.7274710e+06   4.0000000e+01
   5.7377590e+06   3.9000000e+01
   5.7772100e+06   4.1000000e+01
   5.8146470e+06   4.7000000e+01
   5.8160490e+06   4.4000000e+01
   5.8171770e+06   4.4000000e+01
   5.8175770e+06   4.3000000e+01
   5.8204470e+06   4.4000000e+01
   5.8247820e+06   4.3000000e+01
   5.8275500e+06   4.0000000e+01
   5.8299160e+06   3.9000000e+01
   5.8304680e+06   4.6000000e+01
   5.8318070e+06   4.2000000e+01
   5.9251560e+06   4.6000000e+01
   5.9267740e+06   4.3000000e+01
   5.9273050e+06   3.9000000e+01
   5.9277320e+06   4.3000000e+01
   5.9284100e+06   6.6000000e+01
   5.9286190e+06   3.8000000e+01
   5.9303740e+06   4.2000000e+01
   6.0003440e+06   4.1000000e+01
   6.0140770e+06   4.4000000e+01
   6.0146790e+06   4.4000000e+01
   6.0170770e+06   4.5000000e+01
   6.0480420e+06   4.4000000e+01
   6.0967820e+06   3.9000000e+01
   6.0984200e+06   4.3000000e+01
   6.1003120e+06   4.3000000e+01
   6.1733000e+06   4.0000000e+01
   6.1736450e+06   4.4000000e+01
   6.1803250e+06   4.0000000e+01
   6.2294280e+06   4.2000000e+01
   6.2450470e+06   4.6000000e+01
   6.2460580e+06   4.3000000e+01
   6.2463530e+06   4.0000000e+01
   6.2476980e+06   4.3000000e+01
   6.2484790e+06   3.9000000e+01
   6.2520450e+06   4.5000000e+01
   6.3574870e+06   4.2000000e+01
   6.3576420e+06   3.5000000e+01
   6.3598220e+06   3.9000000e+01
   6.3599650e+06   5.4000000e+01
   6.3705060e+06   4.3000000e+01
   6.3721330e+06   3.8000000e+01
   6.3731610e+06   4.4000000e+01
   6.4000480e+06   4.2000000e+01
   6.4202220e+06   3.8000000e+01
   6.4343010e+06   4.1000000e+01
   6.4642420e+06   4.5000000e+01
   6.4652420e+06   6.7000000e+01
   6.4667820e+06   4.5000000e+01
   6.4681550e+06   4.5000000e+01
   6.5056380e+06   4.5000000e+01
   6.5071450e+06   4.6000000e+01
   6.5076880e+06   4.8000000e+01
   6.5083290e+06   4.6000000e+01
   6.5098830e+06   4.3000000e+01
   6.5115380e+06   3.7000000e+01
   6.5253420e+06   4.2000000e+01
   6.5747340e+06   4.4000000e+01
   6.5758240e+06   4.0000000e+01
   6.5785420e+06   4.3000000e+01
   6.5826730e+06   4.1000000e+01
   6.5865520e+06   3.9000000e+01
   6.5937350e+06   4.1000000e+01
   6.5988930e+06   4.1000000e+01
   6.6042990e+06   6.2000000e+01
   6.6304660e+06   3.7000000e+01
   6.6308280e+06   6.3000000e+01
   6.6318020e+06   5.8000000e+01
   6.6325550e+06   3.9000000e+01
   6.6336160e+06   6.5000000e+01
   6.6341570e+06   4.1000000e+01
   6.6364570e+06   3.8000000e+01
   6.6597060e+06   4.4000000e+01
   6.6716520e+06   4.3000000e+01
   6.6881450e+06   4.1000000e+01
   6.6944330e+06   6.5000000e+01
   6.6954460e+06   4.6000000e+01
   6.7075970e+06   4.6000000e+01
   6.7289170e+06   3.9000000e+01
   6.7300830e+06   4.0000000e+01
   6.7346510e+06   4.2000000e+01
   6.7740740e+06   4.0000000e+01
   6.7991600e+06   4.5000000e+01
   6.7992760e+06   4.8000000e+01
   6.7994880e+06   4.4000000e+01
   6.8019310e+06   4.4000000e+01
   6.8034430e+06   4.1000000e+01
   6.8153020e+06   4.2000000e+01
   6.8527900e+06   3.8000000e+01
   6.8529140e+06   3.0000000e+01
   6.8539870e+06   4.1000000e+01
   6.8559270e+06   6.2000000e+01
   6.8560600e+06   3.2000000e+01
   6.9093540e+06   4.3000000e+01
   6.9270230e+06   4.3000000e+01
   6.9278700e+06   4.4000000e+01
   6.9292610e+06   4.1000000e+01
   6.9393500e+06   3.9000000e+01
   6.9601220e+06   3.9000000e+01
   6.9852250e+06   4.1000000e+01
   6.9962480e+06   4.3000000e+01
   6.9988020e+06   4.9000000e+01
   6.9991050e+06   3.8000000e+01
   7.0015390e+06   4.0000000e+01
   7.0500100e+06   3.8000000e+01
   7.0556910e+06   4.1000000e+01
   7.0770170e+06   3.9000000e+01
   7.0873810e+06   4.2000000e+01
   7.0891010e+06   3.9000000e+01
   7.0895860e+06   3.2000000e+01
   7.0912180e+06   4.2000000e+01
   7.0948060e+06   4.5000000e+01
   7.0962010e+06   5.1000000e+01
   7.1002810e+06   3.7000000e+01
   7.1013250e+06   3.9000000e+01
   7.1072930e+06   4.4000000e+01
   7.1316490e+06   4.1000000e+01
   7.1429780e+06   6.8000000e+01
   7.1719470e+06   4.5000000e+01
   7.1726000e+06   4.5000000e+01
   7.1727600e+06   3.6000000e+01
   7.1735610e+06   4.0000000e+01
   7.1754970e+06   4.2000000e+01
   7.1776740e+06   4.2000000e+01
   7.1941820e+06   4.2000000e+01
   7.2258360e+06   3.9000000e+01
   7.2277710e+06   4.4000000e+01
   7.2282770e+06   4.0000000e+01
   7.2373510e+06   4.3000000e+01
   7.3547320e+06   5.7000000e+01
   7.3548500e+06   3.4000000e+01
   7.3556510e+06   4.4000000e+01
   7.3569930e+06   4.4000000e+01
   7.3626340e+06   4.3000000e+01
   7.3662700e+06   4.0000000e+01
   7.3739440e+06   4.3000000e+01
   7.3870480e+06   4.3000000e+01
   7.4132990e+06   6.2000000e+01
   7.4167240e+06   4.3000000e+01
   7.4180880e+06   4.3000000e+01
   7.4196210e+06   4.4000000e+01
   7.4198940e+06   6.6000000e+01
   7.4203030e+06   4.7000000e+01
   7.4217030e+06   4.3000000e+01
   7.5125440e+06   4.4000000e+01
   7.5136120e+06   4.5000000e+01
   7.5148880e+06   4.0000000e+01
   7.5151570e+06   3.9000000e+01
   7.5178980e+06   4.2000000e+01
   7.5222950e+06   4.1000000e+01
   7.5237370e+06   4.4000000e+01
