   7.5250000e+06   0.0000000e+00
   1.4347000e+04   6.9000000e+01
   2.1625000e+04   2.6000000e+01
   2.7175000e+04   6.8000000e+01
   3.9037000e+04   6.4000000e+01
   5.0823000e+04   1.2200000e+02
   7.2983000e+04   2.6000000e+01
   7.3094000e+04   2.5000000e+01
   7.4727000e+04   6.4000000e+01
   7.5399000e+04   2.4000000e+01
   7.5847000e+04   2.4000000e+01
   1.0591200e+05   6.7000000e+01
   1.1797500e+05   7.6000000e+01
   1.3222100e+05   6.6000000e+01
   1.3760400e+05   1.2200000e+02
   1.4040800e+05   4.6000000e+01
   1.4104700e+05   2.4000000e+01
   1.6376500e+05   7.4000000e+01
   1.8357600e+05   2.5000000e+01
   1.8969600e+05   6.6000000e+01
   1.9047600e+05   3.8000000e+01
   1.9058200e+05   2.6000000e+01
   1.9085000e+05   3.8000000e+01
   1.9120500e+05   3.5000000e+01
   1.9157800e+05   3.3000000e+01
   1.9211800e+05   5.7000000e+01
   1.9294800e+05   3.9000000e+01
   1.9751000e+05   6.9000000e+01
   2.1217100e+05   6.4000000e+01
   2.2706100e+05   6.9000000e+01
   2.3775700e+05   7.1000000e+01
   2.5672200e+05   6.4000000e+01
   2.5884600e+05   7.2000000e+01
   2.6895500e+05   2.8000000e+01
   2.7206300e+05   2.4000000e+01
   2.7239200e+05   2.7000000e+01
   2.8408600e+05   6.8000000e+01
   3.1104000e+05   6.7000000e+01
   3.1587000e+05   6.9000000e+01
   3.4234900e+05   6.4000000e+01
   3.4869000e+05   7.4000000e+01
   3.7811000e+05   1.2200000e+02
   3.7892900e+05   2.6000000e+01
   3.8092400e+05   2.4000000e+01
   3.8275900e+05   2.4000000e+01
   3.8326500e+05   2.6000000e+01
   3.9708400e+05   7.4000000e+01
   4.0904900e+05   7.1000000e+01
   4.3858100e+05   2.4000000e+01
   4.5990800e+05   7.1000000e+01
   4.6730600e+05   7.0000000e+01
   4.8140800e+05   6.9000000e+01
   5.0466400e+05   6.7000000e+01
   5.3737300e+05   2.4000000e+01
   5.6512800e+05   7.3000000e+01
   5.7267700e+05   2.4000000e+01
   5.7347700e+05   2.8000000e+01
   5.7360500e+05   2.4000000e+01
   5.8071500e+05   6.8000000e+01
   5.8204500e+05   2.4000000e+01
   5.8550400e+05   7.0000000e+01
   6.2544800e+05   4.0000000e+01
   6.4343400e+05   7.1000000e+01
   6.6142100e+05   3.9000000e+01
   7.0789700e+05   6.9000000e+01
   7.1595300e+05   2.5000000e+01
   7.6573000e+05   7.3000000e+01
   8.0433800e+05   7.5000000e+01
   8.1085700e+05   2.6000000e+01
   8.1296300e+05   7.9000000e+01
   8.2316900e+05   7.9000000e+01
   8.5251700e+05   7.3000000e+01
   8.5557000e+05   6.9000000e+01
   8.6030900e+05   6.9000000e+01
   8.6770300e+05   7.3000000e+01
   8.8063300e+05   7.0000000e+01
   8.8631600e+05   7.2000000e+01
   8.8890700e+05   1.1800000e+02
   8.9570700e+05   6.2000000e+01
   9.0083900e+05   6.4000000e+01
   9.2536800e+05   7.2000000e+01
   9.3171500e+05   6.8000000e+01
   9.4281400e+05   6.3000000e+01
   9.7668500e+05   7.9000000e+01
   9.8781600e+05   6.9000000e+01
   9.8868400e+05   3.1000000e+01
   9.9210800e+05   2.6000000e+01
   9.9535400e+05   2.4000000e+01
   1.0574060e+06   7.9000000e+01
   1.0796040e+06   7.0000000e+01
   1.0895010e+06   4.1000000e+01
   1.0910900e+06   4.8000000e+01
   1.0957320e+06   7.5000000e+01
   1.1024870e+06   7.0000000e+01
   1.1142040e+06   6.1000000e+01
   1.1241860e+06   6.5000000e+01
   1.1495900e+06   7.0000000e+01
   1.1550250e+06   7.5000000e+01
   1.1663200e+06   6.9000000e+01
   1.1733030e+06   7.0000000e+01
   1.1775800e+06   7.1000000e+01
   1.1829600e+06   7.0000000e+01
   1.1905990e+06   2.5000000e+01
   1.2050130e+06   6.8000000e+01
   1.2115090e+06   7.3000000e+01
   1.2203270e+06   6.6000000e+01
   1.2268290e+06   6.2000000e+01
   1.2356150e+06   7.4000000e+01
   1.2516140e+06   2.5000000e+01
   1.2617720e+06   7.1000000e+01
   1.2642980e+06   2.4000000e+01
   1.2731580e+06   7.1000000e+01
   1.3159420e+06   7.3000000e+01
   1.3554000e+06   2.8000000e+01
   1.3558830e+06   2.5000000e+01
   1.3579690e+06   7.3000000e+01
   1.3638320e+06   7.3000000e+01
   1.3703250e+06   7.4000000e+01
   1.3800330e+06   1.1700000e+02
   1.3851430e+06   7.2000000e+01
   1.3851880e+06   2.5000000e+01
   1.3921450e+06   7.1000000e+01
   1.4015460e+06   7.2000000e+01
   1.4065750e+06   6.7000000e+01
   1.4179900e+06   7.8000000e+01
   1.4205060e+06   2.4000000e+01
   1.4283870e+06   7.6000000e+01
   1.4503250e+06   2.4000000e+01
   1.4525870e+06   2.5000000e+01
   1.4556670e+06   2.4000000e+01
   1.4607580e+06   1.1200000e+02
   1.4662690e+06   6.8000000e+01
   1.4823560e+06   2.4000000e+01
   1.4863380e+06   6.8000000e+01
   1.5179030e+06   6.6000000e+01
   1.5249930e+06   6.2000000e+01
   1.5345490e+06   7.1000000e+01
   1.5496430e+06   5.4000000e+01
   1.5527850e+06   6.3000000e+01
   1.5639670e+06   2.4000000e+01
   1.5667820e+06   2.5000000e+01
   1.5692350e+06   7.3000000e+01
   1.5785460e+06   7.1000000e+01
   1.6020550e+06   7.4000000e+01
   1.6151790e+06   7.2000000e+01
   1.6330820e+06   7.2000000e+01
   1.6410190e+06   6.9000000e+01
   1.6562910e+06   2.8000000e+01
   1.6630290e+06   2.5000000e+01
   1.6643890e+06   2.4000000e+01
   1.6672810e+06   5.9000000e+01
   1.6734660e+06   6.5000000e+01
   1.6791570e+06   6.5000000e+01
   1.6908430e+06   1.1600000e+02
   1.7147080e+06   5.2000000e+01
   1.7311100e+06   6.5000000e+01
   1.7389410e+06   2.4000000e+01
   1.7430580e+06   7.6000000e+01
   1.7642900e+06   7.0000000e+01
   1.7790820e+06   2.4000000e+01
   1.7968840e+06   7.4000000e+01
   1.8070310e+06   7.3000000e+01
   1.8096010e+06   2.5000000e+01
   1.8258860e+06   6.6000000e+01
   1.8343070e+06   2.8000000e+01
   1.8437780e+06   7.2000000e+01
   1.8511440e+06   2.4000000e+01
   1.8587630e+06   6.7000000e+01
   1.8601840e+06   7.2000000e+01
   1.8711790e+06   6.0000000e+01
   1.8899410e+06   7.1000000e+01
   1.9190170e+06   6.9000000e+01
   1.9255050e+06   7.7000000e+01
   1.9373660e+06   6.4000000e+01
   1.9424630e+06   7.4000000e+01
   1.9567380e+06   2.4000000e+01
   1.9604220e+06   2.4000000e+01
   1.9611280e+06   7.1000000e+01
   1.9797900e+06   2.4000000e+01
   2.0002050e+06   7.3000000e+01
   2.0039530e+06   2.4000000e+01
   2.0126710e+06   6.6000000e+01
   2.0511500e+06   7.0000000e+01
   2.0546040e+06   2.4000000e+01
   2.0564000e+06   1.2500000e+02
   2.0655770e+06   7.2000000e+01
   2.0716270e+06   6.6000000e+01
   2.0844530e+06   6.8000000e+01
   2.0866850e+06   2.6000000e+01
   2.1003590e+06   5.9000000e+01
   2.1087940e+06   7.6000000e+01
   2.1146300e+06   7.9000000e+01
   2.1210860e+06   4.6000000e+01
   2.1485550e+06   6.6000000e+01
   2.1560090e+06   2.4000000e+01
   2.1569590e+06   6.9000000e+01
   2.1601790e+06   2.4000000e+01
   2.1639280e+06   6.9000000e+01
   2.1647240e+06   2.9000000e+01
   2.1809330e+06   2.5000000e+01
   2.1829490e+06   4.2000000e+01
   2.1831630e+06   2.4000000e+01
   2.1895460e+06   7.1000000e+01
   2.1984440e+06   3.1000000e+01
   2.2205640e+06   7.1000000e+01
   2.2340710e+06   6.9000000e+01
   2.2461320e+06   6.9000000e+01
   2.2691690e+06   7.7000000e+01
   2.2898630e+06   6.7000000e+01
   2.2974990e+06   7.0000000e+01
   2.3214910e+06   7.2000000e+01
   2.3244850e+06   2.4000000e+01
   2.3269880e+06   6.9000000e+01
   2.3359110e+06   7.0000000e+01
   2.3505320e+06   3.1000000e+01
   2.3561720e+06   6.5000000e+01
   2.3565490e+06   2.4000000e+01
   2.3587450e+06   7.0000000e+01
   2.3651790e+06   5.6000000e+01
   2.3922580e+06   7.5000000e+01
   2.4087570e+06   6.5000000e+01
   2.4219430e+06   2.5000000e+01
   2.4285320e+06   7.3000000e+01
   2.4363010e+06   6.9000000e+01
   2.4465680e+06   7.4000000e+01
   2.4790610e+06   7.6000000e+01
   2.4871440e+06   2.4000000e+01
   2.4952270e+06   6.8000000e+01
   2.5139350e+06   6.6000000e+01
   2.5227860e+06   6.8000000e+01
   2.5386160e+06   7.1000000e+01
   2.5449950e+06   6.6000000e+01
   2.5580710e+06   5.9000000e+01
   2.5647600e+06   2.4000000e+01
   2.5705710e+06   2.7000000e+01
   2.5783410e+06   7.3000000e+01
   2.6056180e+06   2.4000000e+01
   2.6250230e+06   6.9000000e+01
   2.6333410e+06   6.9000000e+01
   2.6478970e+06   6.8000000e+01
   2.6530350e+06   7.3000000e+01
   2.6727470e+06   7.4000000e+01
   2.6806970e+06   6.5000000e+01
   2.6978970e+06   7.6000000e+01
   2.7145410e+06   7.0000000e+01
   2.7185080e+06   2.7000000e+01
   2.7195980e+06   2.9000000e+01
   2.7196310e+06   2.9000000e+01
   2.7217080e+06   2.4000000e+01
   2.7263430e+06   6.8000000e+01
   2.7410200e+06   7.1000000e+01
   2.7740830e+06   7.2000000e+01
   2.7817570e+06   7.6000000e+01
   2.7947310e+06   6.5000000e+01
   2.7994630e+06   6.9000000e+01
   2.8150590e+06   7.0000000e+01
   2.8276540e+06   6.4000000e+01
   2.8310330e+06   5.4000000e+01
   2.8680650e+06   6.5000000e+01
   2.8710560e+06   1.2400000e+02
   2.8740880e+06   7.5000000e+01
   2.8912790e+06   6.8000000e+01
   2.9242670e+06   7.2000000e+01
   2.9316240e+06   7.0000000e+01
   2.9490940e+06   7.1000000e+01
   2.9688810e+06   6.7000000e+01
   2.9783290e+06   7.3000000e+01
   3.0012630e+06   6.8000000e+01
   3.0176290e+06   6.5000000e+01
   3.0233630e+06   7.0000000e+01
   3.0241930e+06   2.4000000e+01
   3.0253300e+06   2.6000000e+01
   3.0284290e+06   2.4000000e+01
   3.0296340e+06   6.8000000e+01
   3.0365400e+06   7.1000000e+01
   3.0437340e+06   2.4000000e+01
   3.0446050e+06   2.4000000e+01
   3.0458720e+06   2.5000000e+01
   3.0462490e+06   6.9000000e+01
   3.0598370e+06   6.9000000e+01
   3.0673800e+06   7.5000000e+01
   3.0740410e+06   2.6000000e+01
   3.0770670e+06   7.2000000e+01
   3.0827030e+06   7.4000000e+01
   3.0940910e+06   7.0000000e+01
   3.1037810e+06   7.0000000e+01
   3.1106620e+06   4.7000000e+01
   3.1256880e+06   7.2000000e+01
   3.1293180e+06   7.1000000e+01
   3.1515590e+06   7.4000000e+01
   3.1553260e+06   7.0000000e+01
   3.1626830e+06   1.2600000e+02
   3.1651160e+06   4.0000000e+01
   3.1706360e+06   3.1000000e+01
   3.1800310e+06   4.9000000e+01
   3.1945590e+06   7.6000000e+01
   3.2148480e+06   7.2000000e+01
   3.2257250e+06   6.4000000e+01
   3.2397030e+06   1.2500000e+02
   3.2541860e+06   7.4000000e+01
   3.2643330e+06   7.0000000e+01
   3.2715370e+06   6.8000000e+01
   3.2722000e+06   2.5000000e+01
   3.2727260e+06   2.5000000e+01
   3.2752300e+06   5.0000000e+01
   3.2783650e+06   7.0000000e+01
   3.2898290e+06   7.1000000e+01
   3.2957760e+06   7.0000000e+01
   3.3053150e+06   2.4000000e+01
   3.3172160e+06   6.9000000e+01
   3.3329000e+06   2.6000000e+01
   3.3353530e+06   6.8000000e+01
   3.3427330e+06   7.1000000e+01
   3.3798580e+06   2.6000000e+01
   3.3871270e+06   7.1000000e+01
   3.3940700e+06   7.0000000e+01
   3.4465310e+06   2.4000000e+01
   3.4528700e+06   7.4000000e+01
   3.4617230e+06   5.8000000e+01
   3.4631030e+06   6.9000000e+01
   3.4927530e+06   6.5000000e+01
   3.4987990e+06   6.0000000e+01
   3.5271990e+06   6.3000000e+01
   3.5326930e+06   2.4000000e+01
   3.5344720e+06   2.5000000e+01
   3.5348890e+06   2.4000000e+01
   3.5356430e+06   2.4000000e+01
   3.5361600e+06   2.4000000e+01
   3.5440030e+06   6.4000000e+01
   3.5496270e+06   2.8000000e+01
   3.5508430e+06   2.5000000e+01
   3.5549560e+06   2.4000000e+01
   3.5616270e+06   6.7000000e+01
   3.5640610e+06   6.2000000e+01
   3.5647660e+06   2.6000000e+01
   3.5788340e+06   5.0000000e+01
   3.5854890e+06   6.0000000e+01
   3.5954640e+06   6.6000000e+01
   3.5990070e+06   7.1000000e+01
   3.6074990e+06   7.1000000e+01
   3.6287450e+06   7.1000000e+01
   3.6488490e+06   2.8000000e+01
   3.6554930e+06   1.1000000e+02
   3.6611480e+06   6.3000000e+01
   3.6734090e+06   6.8000000e+01
   3.6759540e+06   7.3000000e+01
   3.6824510e+06   6.1000000e+01
   3.6938810e+06   7.4000000e+01
   3.7122920e+06   3.9000000e+01
   3.7236340e+06   6.3000000e+01
   3.7285240e+06   6.2000000e+01
   3.7308930e+06   4.4000000e+01
   3.7363160e+06   2.4000000e+01
   3.7422160e+06   6.8000000e+01
   3.7436910e+06   6.6000000e+01
   3.7472510e+06   7.2000000e+01
   3.7487210e+06   7.1000000e+01
   3.7498690e+06   7.0000000e+01
   3.7502490e+06   6.5000000e+01
   3.7524500e+06   7.1000000e+01
   3.7551920e+06   7.6000000e+01
   3.7559500e+06   6.2000000e+01
   3.7584550e+06   7.0000000e+01
   3.7608460e+06   6.8000000e+01
   3.7643440e+06   1.0800000e+02
   3.7671590e+06   7.0000000e+01
   3.7722560e+06   7.2000000e+01
   3.7774410e+06   7.2000000e+01
   3.7823340e+06   7.4000000e+01
   3.7870680e+06   6.6000000e+01
   3.7952170e+06   6.6000000e+01
   3.8014860e+06   7.0000000e+01
   3.8115280e+06   7.5000000e+01
   3.8202460e+06   2.5000000e+01
   3.8263470e+06   2.5000000e+01
   3.8290680e+06   2.6000000e+01
   3.8297930e+06   2.6000000e+01
   3.8368800e+06   6.9000000e+01
   3.8444190e+06   6.5000000e+01
   3.8558180e+06   5.7000000e+01
   3.8672180e+06   5.3000000e+01
   3.8738320e+06   6.7000000e+01
   3.8761870e+06   7.1000000e+01
   3.8819490e+06   2.7000000e+01
   3.8829030e+06   6.6000000e+01
   3.9025880e+06   7.1000000e+01
   3.9050500e+06   6.9000000e+01
   3.9180030e+06   6.7000000e+01
   3.9282970e+06   7.1000000e+01
   3.9358640e+06   6.9000000e+01
   3.9438450e+06   6.1000000e+01
   3.9566110e+06   6.1000000e+01
   3.9598530e+06   6.4000000e+01
   3.9630930e+06   7.3000000e+01
   3.9821270e+06   6.4000000e+01
   3.9880880e+06   2.5000000e+01
   4.0113870e+06   7.1000000e+01
   4.0197900e+06   6.1000000e+01
   4.0434580e+06   3.4000000e+01
   4.0480580e+06   1.1700000e+02
   4.0691100e+06   2.4000000e+01
   4.0759460e+06   6.3000000e+01
   4.0820420e+06   6.9000000e+01
   4.0876960e+06   7.0000000e+01
   4.1018050e+06   6.5000000e+01
   4.1334620e+06   6.8000000e+01
   4.1415820e+06   7.1000000e+01
   4.1434850e+06   6.4000000e+01
   4.1580320e+06   6.4000000e+01
   4.1594800e+06   2.4000000e+01
   4.1642980e+06   6.7000000e+01
   4.1704600e+06   5.3000000e+01
   4.1865570e+06   5.5000000e+01
   4.2001260e+06   6.2000000e+01
   4.2209450e+06   7.0000000e+01
   4.2332990e+06   9.1000000e+01
   4.2490410e+06   6.9000000e+01
   4.2537310e+06   7.2000000e+01
   4.2717580e+06   7.0000000e+01
   4.2937930e+06   6.2000000e+01
   4.2964310e+06   6.7000000e+01
   4.3070360e+06   6.5000000e+01
   4.3109800e+06   2.4000000e+01
   4.3224810e+06   6.9000000e+01
   4.3381570e+06   7.0000000e+01
   4.3467600e+06   6.9000000e+01
   4.3627500e+06   6.7000000e+01
   4.3684090e+06   2.6000000e+01
   4.3689500e+06   2.5000000e+01
   4.3691120e+06   2.4000000e+01
   4.3754560e+06   7.1000000e+01
   4.3881860e+06   6.5000000e+01
   4.4093130e+06   5.8000000e+01
   4.4297450e+06   7.3000000e+01
   4.4338320e+06   6.4000000e+01
   4.4462870e+06   2.4000000e+01
   4.4536000e+06   1.1700000e+02
   4.4666250e+06   3.7000000e+01
   4.4795290e+06   6.2000000e+01
   4.4824920e+06   6.7000000e+01
   4.5031040e+06   6.0000000e+01
   4.5100860e+06   2.5000000e+01
   4.5137070e+06   2.4000000e+01
   4.5139080e+06   2.4000000e+01
   4.5194200e+06   6.9000000e+01
   4.5295190e+06   6.9000000e+01
   4.5442000e+06   6.8000000e+01
   4.5503840e+06   6.5000000e+01
   4.5566090e+06   7.0000000e+01
   4.5612340e+06   6.9000000e+01
   4.5701510e+06   2.6000000e+01
   4.5707200e+06   6.6000000e+01
   4.6060150e+06   6.8000000e+01
   4.6251990e+06   4.7000000e+01
   4.6328250e+06   7.0000000e+01
   4.6433350e+06   2.4000000e+01
   4.6451710e+06   2.4000000e+01
   4.6505840e+06   6.4000000e+01
   4.6555180e+06   6.6000000e+01
   4.6760100e+06   6.6000000e+01
   4.6822160e+06   1.1600000e+02
   4.6920500e+06   6.8000000e+01
   4.6947740e+06   2.6000000e+01
   4.6971090e+06   2.4000000e+01
   4.7145080e+06   1.0900000e+02
   4.7216970e+06   6.4000000e+01
   4.7543880e+06   6.8000000e+01
   4.7774470e+06   6.8000000e+01
   4.7875240e+06   2.6000000e+01
   4.8069330e+06   6.4000000e+01
   4.8085920e+06   2.5000000e+01
   4.8167740e+06   6.5000000e+01
   4.8443450e+06   2.4000000e+01
   4.8513780e+06   6.8000000e+01
   4.8612670e+06   6.7000000e+01
   4.8855570e+06   7.1000000e+01
   4.9099310e+06   6.6000000e+01
   4.9295650e+06   6.3000000e+01
   4.9433500e+06   1.2000000e+02
   4.9615110e+06   6.3000000e+01
   4.9708510e+06   6.4000000e+01
   4.9740160e+06   6.8000000e+01
   4.9903430e+06   6.4000000e+01
   5.0014770e+06   1.2100000e+02
   5.0137980e+06   6.9000000e+01
   5.0201100e+06   6.3000000e+01
   5.0298500e+06   5.9000000e+01
   5.0518540e+06   6.8000000e+01
   5.0633870e+06   4.2000000e+01
   5.0645820e+06   2.6000000e+01
   5.0656180e+06   2.6000000e+01
   5.0674570e+06   2.5000000e+01
   5.0682970e+06   2.7000000e+01
   5.0720440e+06   2.5000000e+01
   5.0721570e+06   7.5000000e+01
   5.0736290e+06   2.4000000e+01
   5.0749500e+06   7.2000000e+01
   5.0970730e+06   7.1000000e+01
   5.1019420e+06   7.4000000e+01
   5.1099480e+06   2.5000000e+01
   5.1260650e+06   6.7000000e+01
   5.1319340e+06   7.2000000e+01
   5.1609670e+06   7.0000000e+01
   5.1767690e+06   6.9000000e+01
   5.1884700e+06   2.4000000e+01
   5.1997700e+06   6.8000000e+01
   5.2109340e+06   6.8000000e+01
   5.2472990e+06   6.8000000e+01
   5.2565900e+06   6.6000000e+01
   5.2666210e+06   1.1600000e+02
   5.2887550e+06   1.1700000e+02
   5.2951380e+06   2.4000000e+01
   5.2964750e+06   2.4000000e+01
   5.2973370e+06   2.8000000e+01
   5.2974140e+06   2.4000000e+01
   5.3071410e+06   7.0000000e+01
   5.3298700e+06   6.4000000e+01
   5.3425230e+06   7.0000000e+01
   5.3466000e+06   6.6000000e+01
   5.3523040e+06   7.0000000e+01
   5.3654420e+06   7.2000000e+01
   5.3769880e+06   6.3000000e+01
   5.3961150e+06   2.4000000e+01
   5.4025860e+06   6.7000000e+01
   5.4079630e+06   7.1000000e+01
   5.4284910e+06   1.2300000e+02
   5.4346340e+06   6.8000000e+01
   5.4494430e+06   2.4000000e+01
   5.4595770e+06   7.1000000e+01
   5.4617620e+06   2.4000000e+01
   5.4624790e+06   6.7000000e+01
   5.4660520e+06   5.9000000e+01
   5.4815920e+06   1.2900000e+02
   5.4926600e+06   6.9000000e+01
   5.5059440e+06   2.4000000e+01
   5.5180630e+06   2.4000000e+01
   5.5269250e+06   7.1000000e+01
   5.5350100e+06   7.5000000e+01
   5.5381410e+06   6.8000000e+01
   5.5591300e+06   6.5000000e+01
   5.5905140e+06   6.3000000e+01
   5.6004600e+06   7.3000000e+01
   5.6066260e+06   6.7000000e+01
   5.6115910e+06   7.3000000e+01
   5.6238030e+06   6.1000000e+01
   5.6369330e+06   6.9000000e+01
   5.6441000e+06   6.2000000e+01
   5.6580910e+06   7.2000000e+01
   5.6678580e+06   6.7000000e+01
   5.6771850e+06   5.6000000e+01
   5.6864350e+06   6.0000000e+01
   5.6972670e+06   7.6000000e+01
   5.7148130e+06   7.1000000e+01
   5.7191160e+06   2.4000000e+01
   5.7194160e+06   3.5000000e+01
   5.7198010e+06   6.0000000e+01
   5.7201380e+06   5.9000000e+01
   5.7204370e+06   5.5000000e+01
   5.7209410e+06   3.9000000e+01
   5.7215130e+06   4.2000000e+01
   5.7226960e+06   3.6000000e+01
   5.7291190e+06   6.6000000e+01
   5.7331130e+06   6.9000000e+01
   5.7382230e+06   7.1000000e+01
   5.7457670e+06   7.4000000e+01
   5.7565850e+06   6.9000000e+01
   5.7630410e+06   1.2200000e+02
   5.7890320e+06   6.6000000e+01
   5.8174870e+06   2.4000000e+01
   5.8188130e+06   2.9000000e+01
   5.8229330e+06   7.1000000e+01
   5.8303100e+06   2.4000000e+01
   5.8313610e+06   2.4000000e+01
   5.8395100e+06   7.0000000e+01
   5.8642510e+06   7.1000000e+01
   5.8778240e+06   2.6000000e+01
   5.8810970e+06   1.2400000e+02
   5.8854700e+06   6.6000000e+01
   5.9274960e+06   2.4000000e+01
   5.9278990e+06   2.4000000e+01
   5.9298790e+06   6.4000000e+01
   5.9329180e+06   6.2000000e+01
   5.9362000e+06   6.5000000e+01
   5.9709530e+06   6.4000000e+01
   5.9773230e+06   6.7000000e+01
   5.9776590e+06   2.6000000e+01
   6.0158130e+06   2.4000000e+01
   6.0225390e+06   6.7000000e+01
   6.0433680e+06   6.6000000e+01
   6.0543370e+06   5.6000000e+01
   6.0911290e+06   6.4000000e+01
   6.0977180e+06   2.4000000e+01
   6.0993160e+06   2.4000000e+01
   6.1025700e+06   3.6000000e+01
   6.1103490e+06   6.7000000e+01
   6.1368260e+06   1.1900000e+02
   6.1503490e+06   6.3000000e+01
   6.1723170e+06   2.5000000e+01
   6.1762140e+06   7.1000000e+01
   6.1800450e+06   6.2000000e+01
   6.1800860e+06   2.4000000e+01
   6.1886530e+06   6.6000000e+01
   6.2053940e+06   6.5000000e+01
   6.2123440e+06   6.4000000e+01
   6.2196650e+06   6.7000000e+01
   6.2460920e+06   7.2000000e+01
   6.2461250e+06   2.4000000e+01
   6.2498670e+06   6.9000000e+01
   6.2517540e+06   2.4000000e+01
   6.2526030e+06   2.4000000e+01
   6.2565510e+06   7.2000000e+01
   6.2580130e+06   1.2400000e+02
   6.2686750e+06   7.9000000e+01
   6.2832060e+06   6.3000000e+01
   6.3067760e+06   6.6000000e+01
   6.3242360e+06   6.7000000e+01
   6.3377770e+06   7.9000000e+01
   6.3485430e+06   6.4000000e+01
   6.3710320e+06   2.4000000e+01
   6.3728650e+06   2.4000000e+01
   6.3796530e+06   7.0000000e+01
   6.3950980e+06   6.3000000e+01
   6.4024170e+06   6.1000000e+01
   6.4310420e+06   6.9000000e+01
   6.4624240e+06   6.5000000e+01
   6.4648230e+06   2.5000000e+01
   6.4657010e+06   2.9000000e+01
   6.4660070e+06   2.6000000e+01
   6.4662000e+06   7.2000000e+01
   6.4748000e+06   6.5000000e+01
   6.4785950e+06   6.5000000e+01
   6.4990060e+06   8.1000000e+01
   6.5088730e+06   6.9000000e+01
   6.5123950e+06   2.4000000e+01
   6.5139760e+06   5.9000000e+01
   6.5339470e+06   7.1000000e+01
   6.5379230e+06   2.4000000e+01
   6.5684680e+06   7.1000000e+01
   6.5743870e+06   3.9000000e+01
   6.5750790e+06   4.0000000e+01
   6.5756080e+06   2.9000000e+01
   6.5762750e+06   3.6000000e+01
   6.5843210e+06   6.6000000e+01
   6.6039280e+06   5.5000000e+01
   6.6128270e+06   6.1000000e+01
   6.6286330e+06   6.1000000e+01
   6.6317960e+06   2.6000000e+01
   6.6335210e+06   2.7000000e+01
   6.6398490e+06   7.3000000e+01
   6.6482180e+06   7.0000000e+01
   6.6605630e+06   2.4000000e+01
   6.6687450e+06   2.5000000e+01
   6.6831060e+06   7.6000000e+01
   6.6955150e+06   2.4000000e+01
   6.7017270e+06   6.6000000e+01
   6.7463370e+06   7.0000000e+01
   6.7604350e+06   6.4000000e+01
   6.7782100e+06   8.1000000e+01
   6.7950230e+06   6.3000000e+01
   6.8148090e+06   6.8000000e+01
   6.8524740e+06   7.0000000e+01
   6.8563330e+06   2.5000000e+01
   6.8773470e+06   7.7000000e+01
   6.8967280e+06   6.5000000e+01
   6.9098360e+06   6.8000000e+01
   6.9301600e+06   2.5000000e+01
   6.9385050e+06   6.8000000e+01
   6.9432360e+06   6.2000000e+01
   6.9889360e+06   2.5000000e+01
   6.9980010e+06   2.4000000e+01
   7.0022180e+06   6.1000000e+01
   7.0061550e+06   3.2000000e+01
   7.0088880e+06   7.0000000e+01
   7.0133040e+06   1.1700000e+02
   7.0821690e+06   6.3000000e+01
   7.1013080e+06   6.7000000e+01
   7.1039720e+06   6.6000000e+01
   7.1093030e+06   1.2200000e+02
   7.1279500e+06   6.4000000e+01
   7.1532300e+06   7.0000000e+01
   7.1651910e+06   6.5000000e+01
   7.1725230e+06   2.7000000e+01
   7.1778270e+06   5.6000000e+01
   7.1794050e+06   2.4000000e+01
   7.1845360e+06   1.2200000e+02
   7.1949490e+06   6.6000000e+01
   7.2119610e+06   1.1300000e+02
   7.2273630e+06   2.4000000e+01
   7.2275500e+06   2.4000000e+01
   7.2374670e+06   2.7000000e+01
   7.2577310e+06   7.2000000e+01
   7.2645560e+06   6.5000000e+01
   7.3119720e+06   6.4000000e+01
   7.3239110e+06   7.0000000e+01
   7.3244070e+06   2.4000000e+01
   7.3608610e+06   2.4000000e+01
   7.3612040e+06   2.7000000e+01
   7.3681580e+06   6.6000000e+01
   7.3936970e+06   1.2200000e+02
   7.4039320e+06   7.1000000e+01
   7.4100840e+06   6.8000000e+01
   7.4170160e+06   6.8000000e+01
   7.4203130e+06   2.4000000e+01
   7.4320510e+06   6.9000000e+01
   7.5135410e+06   6.2000000e+01
   7.5161590e+06   2.4000000e+01
   7.5181280e+06   2.4000000e+01
   7.5223030e+06   2.5000000e+01
