   7.5250000e+06   0.0000000e+00
   6.9943000e+04   4.6000000e+01
   7.1014000e+04   7.1000000e+01
   7.1039000e+04   2.1000000e+01
   7.1510000e+04   2.1000000e+01
   7.1741000e+04   2.1000000e+01
   7.3110000e+04   2.2000000e+01
   8.1407000e+04   2.1000000e+01
   8.1612000e+04   2.1000000e+01
   8.2093000e+04   7.4000000e+01
   1.3670200e+05   4.4000000e+01
   1.8771600e+05   2.4000000e+01
   1.8788300e+05   2.2000000e+01
   1.8960500e+05   2.1000000e+01
   1.9058300e+05   2.1000000e+01
   2.7180200e+05   4.5000000e+01
   2.7182700e+05   2.4000000e+01
   2.7239200e+05   2.2000000e+01
   2.7243000e+05   2.1000000e+01
   2.7278300e+05   2.1000000e+01
   2.7361000e+05   2.4000000e+01
   2.7720700e+05   2.4000000e+01
   3.7929800e+05   2.1000000e+01
   3.8023200e+05   2.1000000e+01
   3.8036300e+05   2.1000000e+01
   3.8059700e+05   4.7000000e+01
   3.8092700e+05   2.3000000e+01
   3.8121200e+05   2.1000000e+01
   4.6691200e+05   4.3000000e+01
   4.6693800e+05   2.1000000e+01
   4.6734000e+05   4.3000000e+01
   5.7220400e+05   5.0000000e+01
   5.7255700e+05   4.2000000e+01
   5.7268800e+05   2.1000000e+01
   5.7286500e+05   2.1000000e+01
   5.7332200e+05   2.1000000e+01
   5.7348400e+05   2.3000000e+01
   7.1832100e+05   4.9000000e+01
   7.1854200e+05   5.0000000e+01
   7.1984500e+05   2.1000000e+01
   7.2023600e+05   2.4000000e+01
   7.2036200e+05   2.4000000e+01
   7.2057600e+05   2.1000000e+01
   7.2094700e+05   2.1000000e+01
   8.0801300e+05   4.0000000e+01
   8.1009700e+05   2.2000000e+01
   8.1085700e+05   2.3000000e+01
   8.1091900e+05   2.1000000e+01
   9.8868300e+05   2.7000000e+01
   9.9173400e+05   2.1000000e+01
   9.9176800e+05   2.4000000e+01
   9.9208700e+05   2.5000000e+01
   9.9545500e+05   4.8000000e+01
   1.0859350e+06   4.8000000e+01
   1.0871520e+06   2.1000000e+01
   1.0876580e+06   2.4000000e+01
   1.0894390e+06   2.4000000e+01
   1.1427340e+06   4.4000000e+01
   1.1887910e+06   4.2000000e+01
   1.1889930e+06   2.1000000e+01
   1.1891820e+06   5.1000000e+01
   1.1893930e+06   2.1000000e+01
   1.1897090e+06   2.3000000e+01
   1.1901600e+06   2.3000000e+01
   1.1905910e+06   2.7000000e+01
   1.2531250e+06   2.1000000e+01
   1.2547480e+06   5.0000000e+01
   1.2547730e+06   2.4000000e+01
   1.2780690e+06   4.2000000e+01
   1.2973470e+06   4.7000000e+01
   1.3328470e+06   4.6000000e+01
   1.3413490e+06   5.4000000e+01
   1.3562460e+06   2.2000000e+01
   1.3605020e+06   2.2000000e+01
   1.3659590e+06   4.3000000e+01
   1.3659840e+06   2.8000000e+01
   1.4503290e+06   2.5000000e+01
   1.4551150e+06   2.6000000e+01
   1.4553560e+06   4.5000000e+01
   1.4556830e+06   2.1000000e+01
   1.4569410e+06   2.7000000e+01
   1.4769230e+06   4.2000000e+01
   1.4772930e+06   4.4000000e+01
   1.4775990e+06   4.8000000e+01
   1.5046600e+06   2.3000000e+01
   1.5642070e+06   4.6000000e+01
   1.5657040e+06   7.5000000e+01
   1.5668560e+06   2.2000000e+01
   1.6193070e+06   2.1000000e+01
   1.6511050e+06   2.1000000e+01
   1.6512740e+06   4.0000000e+01
   1.6515430e+06   2.2000000e+01
   1.6515780e+06   8.4000000e+01
   1.6540560e+06   2.2000000e+01
   1.6562680e+06   2.1000000e+01
   1.6599430e+06   2.1000000e+01
   1.6622110e+06   4.6000000e+01
   1.6629470e+06   2.1000000e+01
   1.6630180e+06   2.1000000e+01
   1.6643800e+06   2.1000000e+01
   1.6644740e+06   4.2000000e+01
   1.6645010e+06   2.8000000e+01
   1.6649660e+06   2.1000000e+01
   1.6661300e+06   3.9000000e+01
   1.8476390e+06   2.1000000e+01
   1.8506170e+06   2.3000000e+01
   1.8513590e+06   2.3000000e+01
   1.8890010e+06   3.9000000e+01
   1.9501920e+06   2.2000000e+01
   1.9506690e+06   2.2000000e+01
   1.9510020e+06   2.1000000e+01
   1.9567380e+06   2.4000000e+01
   1.9571770e+06   2.1000000e+01
   1.9572590e+06   2.2000000e+01
   1.9598990e+06   4.6000000e+01
   2.0060450e+06   4.4000000e+01
   2.0865480e+06   4.5000000e+01
   2.0867020e+06   2.4000000e+01
   2.0876660e+06   2.1000000e+01
   2.0884730e+06   4.7000000e+01
   2.0889080e+06   3.6000000e+01
   2.0909220e+06   2.6000000e+01
   2.1785320e+06   5.1000000e+01
   2.1785770e+06   2.7000000e+01
   2.1790650e+06   2.2000000e+01
   2.1796210e+06   2.2000000e+01
   2.1797730e+06   2.7000000e+01
   2.1801650e+06   3.8000000e+01
   2.1804060e+06   2.3000000e+01
   2.1806240e+06   2.1000000e+01
   2.1814390e+06   2.1000000e+01
   2.1848450e+06   4.8000000e+01
   2.2810650e+06   2.3000000e+01
   2.2843720e+06   2.1000000e+01
   2.3509080e+06   2.2000000e+01
   2.3530160e+06   2.1000000e+01
   2.4255360e+06   2.1000000e+01
   2.4258950e+06   4.5000000e+01
   2.4871450e+06   2.4000000e+01
   2.4875370e+06   5.8000000e+01
   2.4886330e+06   2.1000000e+01
   2.4900870e+06   2.1000000e+01
   2.5644530e+06   2.5000000e+01
   2.5673990e+06   2.1000000e+01
   2.5692220e+06   4.1000000e+01
   2.5701690e+06   2.1000000e+01
   2.5705710e+06   2.3000000e+01
   2.7179160e+06   2.2000000e+01
   2.7181600e+06   3.8000000e+01
   2.7185070e+06   2.2000000e+01
   2.7185560e+06   2.1000000e+01
   2.7199190e+06   2.1000000e+01
   2.7199760e+06   2.1000000e+01
   2.9525100e+06   2.1000000e+01
   2.9527610e+06   4.4000000e+01
   3.0242090e+06   2.1000000e+01
   3.0248520e+06   2.4000000e+01
   3.0260280e+06   2.1000000e+01
   3.0264680e+06   4.4000000e+01
   3.0298310e+06   4.0000000e+01
   3.0356750e+06   2.2000000e+01
   3.0406010e+06   2.1000000e+01
   3.0407780e+06   4.6000000e+01
   3.0451700e+06   4.4000000e+01
   3.1702770e+06   2.3000000e+01
   3.2694710e+06   2.1000000e+01
   3.2696330e+06   3.2000000e+01
   3.2722250e+06   2.1000000e+01
   3.3773910e+06   4.7000000e+01
   3.3786720e+06   2.2000000e+01
   3.4159540e+06   2.1000000e+01
   3.4442580e+06   2.1000000e+01
   3.4443590e+06   2.2000000e+01
   3.4460470e+06   2.2000000e+01
   3.4462010e+06   4.9000000e+01
   3.4462720e+06   2.1000000e+01
   3.4478060e+06   2.2000000e+01
   3.4500850e+06   2.1000000e+01
   3.5312290e+06   2.1000000e+01
   3.5331690e+06   4.8000000e+01
   3.5332220e+06   2.1000000e+01
   3.5399790e+06   2.1000000e+01
   3.5475660e+06   4.3000000e+01
   3.5487650e+06   2.1000000e+01
   3.5508430e+06   2.1000000e+01
   3.6456370e+06   2.1000000e+01
   3.6471440e+06   2.2000000e+01
   3.6478560e+06   2.4000000e+01
   3.6488720e+06   2.9000000e+01
   3.7170130e+06   2.2000000e+01
   3.7171450e+06   2.1000000e+01
   3.7261260e+06   4.2000000e+01
   3.7266900e+06   4.3000000e+01
   3.7271690e+06   2.1000000e+01
   3.7283310e+06   2.1000000e+01
   3.7338920e+06   2.2000000e+01
   3.7363220e+06   2.6000000e+01
   3.7365240e+06   2.1000000e+01
   3.7366840e+06   5.0000000e+01
   3.7369030e+06   4.3000000e+01
   3.7369730e+06   2.1000000e+01
   3.8229380e+06   2.1000000e+01
   3.8261230e+06   2.3000000e+01
   3.8266600e+06   4.4000000e+01
   3.8290680e+06   2.4000000e+01
   3.9445200e+06   2.2000000e+01
   3.9450960e+06   5.3000000e+01
   3.9452020e+06   2.2000000e+01
   3.9452680e+06   5.4000000e+01
   3.9452960e+06   2.7000000e+01
   3.9453950e+06   4.0000000e+01
   3.9455040e+06   2.3000000e+01
   3.9480960e+06   2.3000000e+01
   3.9484490e+06   4.6000000e+01
   3.9485440e+06   2.1000000e+01
   3.9765370e+06   4.8000000e+01
   4.0053580e+06   2.7000000e+01
   4.0081640e+06   2.1000000e+01
   4.0714970e+06   2.2000000e+01
   4.0716450e+06   2.1000000e+01
   4.1584120e+06   2.2000000e+01
   4.1588050e+06   2.1000000e+01
   4.1594800e+06   2.2000000e+01
   4.2307170e+06   2.2000000e+01
   4.2310230e+06   2.5000000e+01
   4.2310890e+06   2.1000000e+01
   4.2332800e+06   2.1000000e+01
   4.2430200e+06   2.3000000e+01
   4.3096020e+06   2.2000000e+01
   4.3096330e+06   9.1000000e+01
   4.3104640e+06   2.4000000e+01
   4.3707650e+06   2.2000000e+01
   4.3722830e+06   2.1000000e+01
   4.3724970e+06   4.5000000e+01
   4.4460960e+06   2.1000000e+01
   4.5025820e+06   2.3000000e+01
   4.5137070e+06   2.1000000e+01
   4.5736730e+06   4.8000000e+01
   4.5737310e+06   2.1000000e+01
   4.6403530e+06   4.6000000e+01
   4.6419990e+06   2.1000000e+01
   4.6428490e+06   4.0000000e+01
   4.6429950e+06   2.1000000e+01
   4.6434380e+06   2.1000000e+01
   4.6947480e+06   2.1000000e+01
   4.6947750e+06   2.1000000e+01
   4.7438180e+06   2.1000000e+01
   4.7875240e+06   2.1000000e+01
   4.7878210e+06   2.3000000e+01
   4.7880260e+06   2.2000000e+01
   4.8447800e+06   2.1000000e+01
   4.8459520e+06   4.8000000e+01
   4.8460790e+06   2.5000000e+01
   4.8471190e+06   2.2000000e+01
   4.8478340e+06   2.1000000e+01
   4.9228060e+06   2.4000000e+01
   4.9228980e+06   2.1000000e+01
   4.9233720e+06   2.1000000e+01
   5.0648360e+06   4.5000000e+01
   5.0656180e+06   2.5000000e+01
   5.0672430e+06   2.1000000e+01
   5.0826640e+06   2.1000000e+01
   5.0879030e+06   2.5000000e+01
   5.1890810e+06   5.1000000e+01
   5.1895880e+06   2.4000000e+01
   5.1897950e+06   2.3000000e+01
   5.2093920e+06   2.1000000e+01
   5.2098130e+06   4.6000000e+01
   5.2327990e+06   4.3000000e+01
   5.2328260e+06   2.1000000e+01
   5.2332210e+06   4.0000000e+01
   5.2949340e+06   2.1000000e+01
   5.2955240e+06   4.9000000e+01
   5.2973400e+06   2.2000000e+01
   5.2974110e+06   2.1000000e+01
   5.3393520e+06   2.4000000e+01
   5.3597950e+06   2.3000000e+01
   5.3604870e+06   4.7000000e+01
   5.3930030e+06   2.2000000e+01
   5.3934780e+06   2.1000000e+01
   5.3965320e+06   2.5000000e+01
   5.4494430e+06   2.2000000e+01
   5.4516420e+06   2.4000000e+01
   5.4537230e+06   2.1000000e+01
   5.5161290e+06   2.1000000e+01
   5.5185490e+06   2.2000000e+01
   5.5190730e+06   2.2000000e+01
   5.5191340e+06   2.1000000e+01
   5.5196910e+06   2.2000000e+01
   5.5197780e+06   2.1000000e+01
   5.5198540e+06   2.1000000e+01
   5.5202130e+06   2.2000000e+01
   5.5225640e+06   4.4000000e+01
   5.5424630e+06   2.1000000e+01
   5.6281460e+06   2.1000000e+01
   5.7190890e+06   2.1000000e+01
   5.7191160e+06   2.5000000e+01
   5.7206620e+06   2.1000000e+01
   5.8139780e+06   2.1000000e+01
   5.8164410e+06   4.9000000e+01
   5.8174650e+06   2.2000000e+01
   5.8274630e+06   2.1000000e+01
   5.8282440e+06   2.1000000e+01
   5.8283090e+06   2.1000000e+01
   5.8290210e+06   5.1000000e+01
   5.8290620e+06   2.2000000e+01
   5.8294030e+06   2.1000000e+01
   5.8954420e+06   2.1000000e+01
   5.9139900e+06   2.1000000e+01
   5.9264970e+06   2.4000000e+01
   5.9265930e+06   2.3000000e+01
   5.9286470e+06   2.3000000e+01
   5.9288560e+06   2.1000000e+01
   5.9289540e+06   2.1000000e+01
   6.0152930e+06   2.2000000e+01
   6.0162020e+06   2.2000000e+01
   6.0907720e+06   2.1000000e+01
   6.0970570e+06   4.8000000e+01
   6.0970850e+06   2.7000000e+01
   6.0977130e+06   2.3000000e+01
   6.0991630e+06   2.2000000e+01
   6.0994390e+06   2.1000000e+01
   6.0995410e+06   2.2000000e+01
   6.1001560e+06   2.1000000e+01
   6.1009350e+06   2.3000000e+01
   6.1723010e+06   2.6000000e+01
   6.1727520e+06   2.2000000e+01
   6.1730660e+06   5.1000000e+01
   6.2517540e+06   2.3000000e+01
   6.2520340e+06   2.2000000e+01
   6.2523290e+06   4.6000000e+01
   6.2525370e+06   2.2000000e+01
   6.2526030e+06   3.0000000e+01
   6.2527740e+06   2.2000000e+01
   6.3602410e+06   2.4000000e+01
   6.3721340e+06   2.3000000e+01
   6.3729450e+06   4.5000000e+01
   6.3730080e+06   2.2000000e+01
   6.3749510e+06   2.2000000e+01
   6.4385290e+06   3.3000000e+01
   6.4637070e+06   4.4000000e+01
   6.4648160e+06   2.3000000e+01
   6.4656790e+06   2.3000000e+01
   6.5063840e+06   2.2000000e+01
   6.5070040e+06   2.2000000e+01
   6.5072460e+06   4.2000000e+01
   6.5632040e+06   4.3000000e+01
   6.6304650e+06   2.2000000e+01
   6.6318120e+06   2.3000000e+01
   6.6331300e+06   4.4000000e+01
   6.6331560e+06   2.2000000e+01
   6.6335210e+06   2.1000000e+01
   6.6346280e+06   2.1000000e+01
   6.6593750e+06   2.1000000e+01
   6.6687680e+06   2.1000000e+01
   6.6918450e+06   2.2000000e+01
   6.6983180e+06   2.1000000e+01
   6.7270320e+06   3.9000000e+01
   6.7325260e+06   2.1000000e+01
   6.7328120e+06   2.3000000e+01
   6.7996440e+06   2.3000000e+01
   6.8527570e+06   2.1000000e+01
   6.8548600e+06   2.3000000e+01
   6.8550040e+06   2.2000000e+01
   6.8563330e+06   2.2000000e+01
   6.8573760e+06   2.1000000e+01
   6.9283130e+06   3.7000000e+01
   6.9291640e+06   3.6000000e+01
   6.9293450e+06   2.3000000e+01
   6.9313730e+06   2.1000000e+01
   6.9316070e+06   2.2000000e+01
   6.9979870e+06   2.1000000e+01
   6.9992000e+06   2.1000000e+01
   7.0868500e+06   2.3000000e+01
   7.0927980e+06   2.3000000e+01
   7.0935470e+06   2.2000000e+01
   7.0945250e+06   2.1000000e+01
   7.1725210e+06   2.7000000e+01
   7.1731380e+06   7.7000000e+01
   7.1787500e+06   4.9000000e+01
   7.1787940e+06   2.1000000e+01
   7.2280740e+06   2.1000000e+01
   7.3244070e+06   2.1000000e+01
   7.3247350e+06   4.9000000e+01
   7.3572110e+06   2.3000000e+01
   7.3596760e+06   4.6000000e+01
   7.3611870e+06   2.2000000e+01
   7.3615070e+06   4.5000000e+01
   7.4212920e+06   2.1000000e+01
   7.4217600e+06   7.6000000e+01
   7.4252530e+06   2.1000000e+01
   7.5153960e+06   2.2000000e+01
   7.5160280e+06   2.6000000e+01
   7.5161590e+06   2.3000000e+01
   7.5164210e+06   2.4000000e+01
   7.5181140e+06   4.7000000e+01
   7.5215510e+06   2.1000000e+01
   7.5237680e+06   2.1000000e+01
