   3.0000000e+06   0.0000000e+00
   1.8416000e+04   3.4545898e+01
   5.0139000e+04   2.7832031e+01
   6.1269000e+04   2.6733398e+01
   7.5686000e+04   3.1127930e+01
   8.2307000e+04   3.7353516e+01
   8.2643000e+04   2.6733398e+01
   8.2916000e+04   3.0212402e+01
   8.3022000e+04   2.8503418e+01
   1.0911400e+05   3.2043457e+01
   1.2399600e+05   3.0578613e+01
   1.3942400e+05   3.8940430e+01
   1.3944900e+05   2.8503418e+01
   1.3972400e+05   2.9296875e+01
   1.6454000e+05   3.0090332e+01
   1.7394000e+05   2.7221680e+01
   1.8550200e+05   3.8085938e+01
   1.9636700e+05   3.7414551e+01
   2.2685300e+05   3.8757324e+01
   2.2701400e+05   2.7893066e+01
   2.2710000e+05   3.2592773e+01
   2.4703100e+05   3.0273438e+01
   2.4716400e+05   2.9907227e+01
   2.6537700e+05   3.5034180e+01
   2.6549400e+05   3.8024902e+01
   2.6557900e+05   2.6733398e+01
   2.7873700e+05   4.1748047e+01
   2.9063800e+05   3.5949707e+01
   3.0948100e+05   3.6743164e+01
   3.0960200e+05   3.4729004e+01
   3.0967200e+05   2.6550293e+01
   3.0974800e+05   2.6611328e+01
   3.2746400e+05   3.4545898e+01
   3.4339700e+05   3.0029297e+01
   3.6128200e+05   2.8625488e+01
   3.8006100e+05   3.1677246e+01
   4.1021800e+05   3.3630371e+01
   4.2432700e+05   3.1188965e+01
   4.4993700e+05   4.5898437e+01
   4.5025500e+05   2.7099609e+01
   4.5048100e+05   2.9235840e+01
   5.7413400e+05   3.6132813e+01
   5.9493200e+05   3.5705566e+01
   6.2842900e+05   3.5400391e+01
   6.2863600e+05   2.7526855e+01
   6.2872900e+05   2.8076172e+01
   6.2876900e+05   3.2043457e+01
   6.2882700e+05   4.0283203e+01
   6.2888700e+05   1.0253906e+02
   6.2890100e+05   2.8686523e+01
   6.2892700e+05   3.3447266e+01
   6.2897500e+05   7.7026367e+01
   6.2902900e+05   4.9377441e+01
   6.2905400e+05   2.8808594e+01
   6.2909000e+05   3.6987305e+01
   6.2917000e+05   2.8747559e+01
   6.2922800e+05   3.8452148e+01
   6.2930000e+05   3.9489746e+01
   6.2937400e+05   3.3081055e+01
   6.2951500e+05   4.6630859e+01
   6.2971000e+05   5.5725098e+01
   6.2995800e+05   3.1250000e+01
   6.3020700e+05   2.6977539e+01
   6.3042100e+05   3.0395508e+01
   6.5854300e+05   3.2958984e+01
   7.2149800e+05   3.4729004e+01
   7.2161200e+05   3.8818359e+01
   7.2168000e+05   3.5766602e+01
   7.2170100e+05   3.4423828e+01
   7.2175900e+05   2.9541016e+01
   7.2177500e+05   3.0822754e+01
   7.2180100e+05   3.4301758e+01
   7.2182700e+05   2.7038574e+01
   7.2185900e+05   2.9052734e+01
   7.2187000e+05   4.5471191e+01
   7.2192900e+05   8.8623047e+01
   7.2198400e+05   4.6386719e+01
   7.2204100e+05   3.1616211e+01
   7.2206500e+05   3.3996582e+01
   7.2209100e+05   2.7526855e+01
   7.2215500e+05   2.9663086e+01
   7.2221500e+05   2.6977539e+01
   7.2241300e+05   2.7709961e+01
   7.2250100e+05   3.3569336e+01
   7.2264400e+05   2.7832031e+01
   7.2279600e+05   6.1767578e+01
   7.2299700e+05   2.7709961e+01
   7.2318900e+05   5.8654785e+01
   7.2410400e+05   2.8564453e+01
   7.3917400e+05   3.6010742e+01
   8.1544600e+05   2.6916504e+01
   8.1548200e+05   3.3569336e+01
   8.1550300e+05   2.8381348e+01
   8.1555200e+05   2.6855469e+01
   8.1558000e+05   3.9550781e+01
   8.1560500e+05   3.8879395e+01
   8.1563700e+05   3.3081055e+01
   8.1566600e+05   9.4482422e+01
   8.1574400e+05   7.4279785e+01
   8.1580000e+05   6.2805176e+01
   8.1585300e+05   3.1311035e+01
   8.1599200e+05   3.2409668e+01
   8.1608900e+05   3.9245605e+01
   8.1617400e+05   3.9978027e+01
   8.1626200e+05   3.9123535e+01
   8.1639700e+05   4.1931152e+01
   8.1643700e+05   2.7160645e+01
   8.1671700e+05   5.6640625e+01
   8.1695700e+05   7.3425293e+01
   8.1727600e+05   6.9274902e+01
   8.1764200e+05   3.1127930e+01
   8.3407300e+05   3.4545898e+01
   8.3433800e+05   4.2541504e+01
   8.3436800e+05   3.4912109e+01
   8.3439300e+05   2.8259277e+01
   8.3449200e+05   3.0212402e+01
   8.3452200e+05   1.0723877e+02
   8.3453900e+05   3.5522461e+01
   8.3459200e+05   7.4768066e+01
   8.3465500e+05   4.8767090e+01
   8.3471900e+05   2.7893066e+01
   8.3478200e+05   2.9968262e+01
   8.3534500e+05   2.7465820e+01
   8.3542900e+05   2.6611328e+01
   8.3546400e+05   3.3447266e+01
   8.3557200e+05   4.2846680e+01
   8.3586700e+05   5.1635742e+01
   8.4815100e+05   2.6916504e+01
   8.4825000e+05   2.8808594e+01
   8.4830800e+05   4.6813965e+01
   8.4836100e+05   3.0273438e+01
   8.4841200e+05   2.8076172e+01
   8.4843600e+05   9.2651367e+01
   8.4848500e+05   3.7658691e+01
   8.4849800e+05   3.0151367e+01
   8.4858300e+05   7.8002930e+01
   8.4867600e+05   6.6223145e+01
   8.4868800e+05   2.9357910e+01
   8.4876900e+05   4.7119141e+01
   8.4888400e+05   2.6550293e+01
   8.4892600e+05   4.8950195e+01
   8.4902000e+05   4.2602539e+01
   8.4917800e+05   5.7434082e+01
   8.5707600e+05   3.2165527e+01
   8.5715600e+05   3.3996582e+01
   8.5720600e+05   3.5034180e+01
   8.5735700e+05   3.6682129e+01
   8.5742000e+05   3.1127930e+01
   8.5814200e+05   3.0639648e+01
   8.6955200e+05   3.0822754e+01
   8.6961900e+05   2.7648926e+01
   8.6964700e+05   2.6855469e+01
   8.6971600e+05   2.6672363e+01
   8.6974500e+05   3.0273438e+01
   8.6977100e+05   2.8625488e+01
   8.6985700e+05   2.7282715e+01
   8.6995400e+05   2.7832031e+01
   8.6996700e+05   9.6679688e+01
   8.7006900e+05   7.3486328e+01
   8.7015800e+05   6.2194824e+01
   8.7024000e+05   3.9062500e+01
   8.7033000e+05   4.1198730e+01
   8.7045800e+05   4.3701172e+01
   8.7063200e+05   4.1748047e+01
   8.7147100e+05   2.8381348e+01
   8.7967900e+05   3.5949707e+01
   8.7974800e+05   3.3203125e+01
   8.7977400e+05   2.6977539e+01
   8.7987600e+05   2.8808594e+01
   8.7997500e+05   3.3386230e+01
   8.8010400e+05   3.0090332e+01
   8.8030300e+05   3.0029297e+01
   8.8099800e+05   3.1860352e+01
   8.8794000e+05   3.0761719e+01
   8.8803600e+05   2.7465820e+01
   8.8805400e+05   2.8381348e+01
   8.8811700e+05   2.7893066e+01
   8.8826300e+05   3.1005859e+01
   8.8827900e+05   3.6987305e+01
   8.8839000e+05   3.0456543e+01
   8.8840000e+05   2.7465820e+01
   8.8871300e+05   2.6733398e+01
   8.9921900e+05   3.0273438e+01
   8.9931900e+05   3.8146973e+01
   8.9939500e+05   2.7709961e+01
   8.9941200e+05   3.1005859e+01
   8.9954900e+05   3.1005859e+01
   8.9957300e+05   2.9785156e+01
   8.9967100e+05   2.9296875e+01
   8.9975500e+05   2.6794434e+01
   8.9980200e+05   2.7343750e+01
   9.0800900e+05   3.6621094e+01
   9.0812700e+05   2.9846191e+01
   9.0821200e+05   2.8747559e+01
   9.0831500e+05   3.3935547e+01
   9.0847400e+05   3.4057617e+01
   9.0865000e+05   3.2226563e+01
   9.0895500e+05   2.7404785e+01
   9.2212700e+05   4.1687012e+01
   9.2228000e+05   3.9978027e+01
   9.2231900e+05   2.8015137e+01
   9.2239900e+05   2.9968262e+01
   9.2241300e+05   2.7038574e+01
   9.2267700e+05   2.7343750e+01
   9.2290700e+05   2.7160645e+01
   9.3843600e+05   2.6794434e+01
   9.3849600e+05   3.1250000e+01
   9.3854300e+05   3.1799316e+01
   9.3861500e+05   3.6804199e+01
   9.3872100e+05   3.0822754e+01
   9.3878600e+05   3.2165527e+01
   9.3881000e+05   3.0334473e+01
   9.3883400e+05   2.7832031e+01
   9.3888700e+05   3.1982422e+01
   9.3916000e+05   9.4726563e+01
   9.3923000e+05   2.7465820e+01
   9.4056300e+05   2.8320313e+01
   9.5224600e+05   3.5705566e+01
   9.5226300e+05   2.7465820e+01
   9.5237200e+05   5.6823730e+01
   9.5250000e+05   3.0090332e+01
   9.5279200e+05   2.7099609e+01
   9.5313600e+05   2.9296875e+01
   9.5343000e+05   2.6733398e+01
   9.6213600e+05   3.1372070e+01
   9.6226900e+05   4.2419434e+01
   9.6241500e+05   2.9968262e+01
   9.6273600e+05   2.6916504e+01
   9.7498100e+05   3.0395508e+01
   9.7526100e+05   3.4179688e+01
   9.7549100e+05   2.7587891e+01
   9.7611100e+05   3.6193848e+01
   9.9551700e+05   4.8461914e+01
   9.9560700e+05   2.8747559e+01
   9.9579200e+05   3.6987305e+01
   9.9634400e+05   3.4179688e+01
   1.0309700e+06   2.8015137e+01
   1.0312030e+06   2.7465820e+01
   1.0312890e+06   2.7526855e+01
   1.0313780e+06   3.3752441e+01
   1.0314110e+06   2.9968262e+01
   1.0314610e+06   2.7587891e+01
   1.0315180e+06   2.8747559e+01
   1.0315350e+06   3.0273438e+01
   1.0316430e+06   1.1218262e+02
   1.0317260e+06   9.0270996e+01
   1.0318970e+06   7.2814941e+01
   1.0328540e+06   2.6733398e+01
   1.0513940e+06   3.5278320e+01
   1.0515360e+06   2.8259277e+01
   1.0518600e+06   2.6916504e+01
   1.0522750e+06   2.8198242e+01
   1.0722950e+06   2.9174805e+01
   1.0730380e+06   3.2165527e+01
   1.0902010e+06   3.4484863e+01
   1.0952720e+06   3.6621094e+01
   1.0954990e+06   3.2531738e+01
   1.0955940e+06   3.1250000e+01
   1.2035090e+06   2.7954102e+01
   1.2035810e+06   3.3630371e+01
   1.2036270e+06   4.2663574e+01
   1.2036550e+06   2.6733398e+01
   1.2036950e+06   3.1555176e+01
   1.2037140e+06   3.5156250e+01
   1.2037330e+06   2.9296875e+01
   1.2037650e+06   3.1433105e+01
   1.2038060e+06   3.4057617e+01
   1.2038390e+06   2.9418945e+01
   1.2038700e+06   1.1267090e+02
   1.2039350e+06   7.3852539e+01
   1.2039690e+06   2.8137207e+01
   1.2040140e+06   5.4016113e+01
   1.2040730e+06   4.1259766e+01
   1.2041390e+06   4.3090820e+01
   1.2041890e+06   2.9479980e+01
   1.2044040e+06   3.8452148e+01
   1.2044950e+06   4.8339844e+01
   1.2046320e+06   5.8593750e+01
   1.2049290e+06   8.4045410e+01
   1.2054650e+06   2.6672363e+01
   1.2061500e+06   2.7709961e+01
   1.2514330e+06   3.1494141e+01
   1.2730550e+06   3.1188965e+01
   1.2833550e+06   3.1188965e+01
   1.3001360e+06   3.2226563e+01
   1.3002100e+06   3.3142090e+01
   1.3003140e+06   3.2897949e+01
   1.3003490e+06   3.6560059e+01
   1.3003840e+06   2.6550293e+01
   1.3004460e+06   3.6621094e+01
   1.3005130e+06   3.5949707e+01
   1.3005690e+06   3.2775879e+01
   1.3005980e+06   7.6171875e+01
   1.3006680e+06   6.4208984e+01
   1.3007220e+06   4.5166016e+01
   1.3007850e+06   2.6611328e+01
   1.3008530e+06   2.7160645e+01
   1.3010110e+06   5.0720215e+01
   1.3010370e+06   2.6977539e+01
   1.3011780e+06   5.6213379e+01
   1.3013180e+06   5.5175781e+01
   1.3016050e+06   2.6611328e+01
   1.3133730e+06   3.1250000e+01
   1.3134730e+06   3.4729004e+01
   1.3135460e+06   2.9602051e+01
   1.3135870e+06   3.6193848e+01
   1.3137190e+06   3.0334473e+01
   1.3138090e+06   1.0717773e+02
   1.3138640e+06   3.0639648e+01
   1.3139200e+06   8.4716797e+01
   1.3140570e+06   5.2673340e+01
   1.3141480e+06   5.2490234e+01
   1.3142670e+06   5.1940918e+01
   1.3144370e+06   4.3457031e+01
   1.3145910e+06   5.1696777e+01
   1.3273310e+06   2.9174805e+01
   1.3273470e+06   3.2470703e+01
   1.3274300e+06   3.4118652e+01
   1.3278480e+06   8.4838867e+01
   1.3282810e+06   2.7465820e+01
   1.3466570e+06   3.6865234e+01
   1.3466670e+06   2.8137207e+01
   1.3467180e+06   3.0944824e+01
   1.3467470e+06   3.1555176e+01
   1.3468210e+06   3.7170410e+01
   1.3468410e+06   2.7404785e+01
   1.3469290e+06   4.0100098e+01
   1.3470200e+06   7.2753906e+01
   1.3470830e+06   2.7038574e+01
   1.3470960e+06   6.6772461e+01
   1.3471790e+06   4.6508789e+01
   1.3472520e+06   3.8574219e+01
   1.3473320e+06   3.1311035e+01
   1.3474340e+06   4.0283203e+01
   1.3475410e+06   3.5278320e+01
   1.3476540e+06   3.5827637e+01
   1.3479240e+06   5.2734375e+01
   1.3492830e+06   2.8259277e+01
   1.3553260e+06   3.0761719e+01
   1.3553650e+06   4.3884277e+01
   1.3555470e+06   3.3081055e+01
   1.3560950e+06   2.8564453e+01
   1.3698020e+06   4.6813965e+01
   1.3698330e+06   3.8085938e+01
   1.3699310e+06   2.8625488e+01
   1.3699530e+06   2.8747559e+01
   1.3699830e+06   3.0822754e+01
   1.3700250e+06   2.6733398e+01
   1.3701030e+06   2.6916504e+01
   1.3701760e+06   1.0656738e+02
   1.3702330e+06   3.0395508e+01
   1.3703250e+06   7.2692871e+01
   1.3703580e+06   2.6977539e+01
   1.3704680e+06   6.8237305e+01
   1.3707180e+06   5.9020996e+01
   1.3709890e+06   3.0517578e+01
   1.3848350e+06   2.8869629e+01
   1.3848800e+06   3.1738281e+01
   1.3849080e+06   2.8625488e+01
   1.3849360e+06   2.8869629e+01
   1.3849490e+06   2.7465820e+01
   1.3849860e+06   3.0029297e+01
   1.3850950e+06   3.3508301e+01
   1.3851600e+06   2.7343750e+01
   1.3851830e+06   3.2104492e+01
   1.3852520e+06   3.1494141e+01
   1.3853830e+06   3.5705566e+01
   1.3926770e+06   2.9968262e+01
   1.3927190e+06   3.3996582e+01
   1.3928010e+06   4.4738770e+01
   1.4029920e+06   3.4606934e+01
   1.4030480e+06   3.6987305e+01
   1.4030600e+06   2.7648926e+01
   1.4030960e+06   2.9907227e+01
   1.4031720e+06   2.7526855e+01
   1.4031820e+06   3.1494141e+01
   1.4032630e+06   3.0334473e+01
   1.4032820e+06   2.7832031e+01
   1.4034300e+06   2.7282715e+01
   1.4107920e+06   4.1381836e+01
   1.4108360e+06   4.3945312e+01
   1.4109200e+06   3.2165527e+01
   1.4362340e+06   3.1494141e+01
   1.4363240e+06   3.4790039e+01
   1.4363420e+06   4.1625977e+01
   1.4364280e+06   4.1809082e+01
   1.4364790e+06   2.7770996e+01
   1.4365320e+06   2.6855469e+01
   1.4365740e+06   3.0822754e+01
   1.4366800e+06   2.8015137e+01
   1.4366950e+06   9.2651367e+01
   1.4368080e+06   8.2702637e+01
   1.4369750e+06   2.8625488e+01
   1.4369890e+06   7.5683594e+01
   1.4376540e+06   2.9479980e+01
   1.4380600e+06   2.9052734e+01
   1.4392590e+06   3.0517578e+01
   1.4450950e+06   4.1931152e+01
   1.4477970e+06   2.7404785e+01
   1.4480850e+06   2.8320313e+01
   1.4511270e+06   2.8869629e+01
   1.4550630e+06   2.8381348e+01
   1.4608860e+06   2.7587891e+01
   1.4611000e+06   2.9968262e+01
   1.4612000e+06   2.6977539e+01
   1.4678770e+06   2.8503418e+01
   1.4682510e+06   4.1748047e+01
   1.4754130e+06   2.9357910e+01
   1.4824860e+06   3.3508301e+01
   1.4890860e+06   3.2836914e+01
   1.4893590e+06   3.0090332e+01
   1.4962420e+06   3.1066895e+01
   1.4963850e+06   2.8381348e+01
   1.4964920e+06   3.4912109e+01
   1.5048600e+06   3.6010742e+01
   1.5049620e+06   3.5766602e+01
   1.5050770e+06   3.0029297e+01
   1.5050970e+06   2.7160645e+01
   1.5054030e+06   3.1433105e+01
   1.5055720e+06   3.0761719e+01
   1.5157330e+06   3.5339355e+01
   1.5157540e+06   3.0578613e+01
   1.5158290e+06   2.8137207e+01
   1.5158930e+06   2.8930664e+01
   1.5159630e+06   3.1372070e+01
   1.5163230e+06   3.4790039e+01
   1.5226370e+06   4.3395996e+01
   1.5258280e+06   3.5461426e+01
   1.5582400e+06   3.1982422e+01
   1.5582980e+06   2.8198242e+01
   1.5583230e+06   2.8198242e+01
   1.5584000e+06   2.8442383e+01
   1.5584180e+06   3.1921387e+01
   1.5585130e+06   2.7282715e+01
   1.5585390e+06   2.6916504e+01
   1.5585540e+06   3.0456543e+01
   1.5585800e+06   3.1738281e+01
   1.5586480e+06   1.0852051e+02
   1.5587290e+06   7.4096680e+01
   1.5588220e+06   6.6955566e+01
   1.5589200e+06   6.3659668e+01
   1.5590460e+06   6.0974121e+01
   1.5592420e+06   6.8176270e+01
   1.5649860e+06   2.8625488e+01
   1.5675150e+06   2.7160645e+01
   1.5743880e+06   3.2470703e+01
   1.5778150e+06   2.7709961e+01
   1.5838600e+06   3.2226563e+01
   1.5839540e+06   2.8442383e+01
   1.5839880e+06   2.8259277e+01
   1.5841610e+06   2.9479980e+01
   1.5905880e+06   3.5156250e+01
   1.5907540e+06   3.3386230e+01
   1.5910870e+06   2.6977539e+01
   1.5984100e+06   3.4545898e+01
   1.5984510e+06   2.7099609e+01
   1.5985360e+06   2.9663086e+01
   1.5989090e+06   3.0517578e+01
   1.6075780e+06   3.4851074e+01
   1.6076250e+06   2.7648926e+01
   1.6078520e+06   2.8869629e+01
   1.6080490e+06   2.9602051e+01
   1.6166520e+06   4.4677734e+01
   1.6167140e+06   3.0395508e+01
   1.6167370e+06   3.1921387e+01
   1.6168770e+06   2.9113770e+01
   1.6298590e+06   2.9602051e+01
   1.6298990e+06   2.7526855e+01
   1.6299410e+06   3.1250000e+01
   1.6300120e+06   3.8635254e+01
   1.6301000e+06   2.8198242e+01
   1.6440800e+06   3.2592773e+01
   1.6441150e+06   2.9052734e+01
   1.6442150e+06   3.2287598e+01
   1.6446230e+06   2.8564453e+01
   2.0404220e+06   2.8930664e+01
   2.0404680e+06   4.1992188e+01
   2.0405690e+06   3.1555176e+01
   2.0406080e+06   3.8208008e+01
   2.0406200e+06   9.2468262e+01
   2.0406840e+06   3.2348633e+01
   2.0406990e+06   8.6547852e+01
   2.0407550e+06   6.5856934e+01
   2.0408070e+06   4.4189453e+01
   2.0408680e+06   3.7902832e+01
   2.0408990e+06   2.7404785e+01
   2.0409370e+06   3.7963867e+01
   2.0410590e+06   3.3020020e+01
   2.0411660e+06   3.4423828e+01
   2.0412440e+06   3.9001465e+01
   2.0412570e+06   3.2409668e+01
   2.0413780e+06   3.6926270e+01
   2.0413890e+06   2.8259277e+01
   2.0414750e+06   3.4851074e+01
   2.0417570e+06   5.5664063e+01
   2.0419790e+06   7.4707031e+01
   2.0422740e+06   2.6977539e+01
   2.0423340e+06   6.3171387e+01
   2.1795590e+06   2.6794434e+01
   2.1795930e+06   3.4667969e+01
   2.1796220e+06   3.4362793e+01
   2.1796850e+06   3.6560059e+01
   2.1797090e+06   3.4179688e+01
   2.1797330e+06   9.2407227e+01
   2.1797700e+06   3.0456543e+01
   2.1797970e+06   7.3608398e+01
   2.1798210e+06   2.6855469e+01
   2.1798560e+06   6.2927246e+01
   2.1799070e+06   5.1696777e+01
   2.1799710e+06   2.9113770e+01
   2.1800250e+06   2.9479980e+01
   2.1800810e+06   3.3996582e+01
   2.1801750e+06   2.6916504e+01
   2.1804090e+06   2.9479980e+01
   2.1805100e+06   3.1982422e+01
   2.1808420e+06   5.7678223e+01
   2.1809110e+06   2.7893066e+01
   2.1810560e+06   5.8410645e+01
   2.1812630e+06   5.8654785e+01
   2.1815210e+06   3.4790039e+01
   2.1817330e+06   6.0974121e+01
   2.2275600e+06   3.6315918e+01
   2.2275830e+06   3.3386230e+01
   2.2275950e+06   3.5217285e+01
   2.2276630e+06   3.2714844e+01
   2.2276890e+06   3.0090332e+01
   2.2277420e+06   3.1921387e+01
   2.2277640e+06   3.0151367e+01
   2.2278410e+06   6.4453125e+01
   2.2278930e+06   6.1340332e+01
   2.2279390e+06   3.9306641e+01
   2.2285790e+06   3.7963867e+01
   2.2287290e+06   4.4189453e+01
   2.2287990e+06   3.0517578e+01
   2.2289210e+06   6.1584473e+01
   2.2290140e+06   2.7282715e+01
   2.2290530e+06   5.4138184e+01
   2.2292360e+06   2.7526855e+01
   2.2292810e+06   4.8400879e+01
   2.2297110e+06   6.5368652e+01
   2.2405700e+06   3.0700684e+01
   2.2406920e+06   2.6977539e+01
   2.2407100e+06   2.7343750e+01
   2.2407280e+06   9.9548340e+01
   2.2407540e+06   2.7099609e+01
   2.2407810e+06   3.8269043e+01
   2.2408330e+06   8.2092285e+01
   2.2409110e+06   5.7495117e+01
   2.2409530e+06   3.2104492e+01
   2.2409740e+06   3.3264160e+01
   2.2410380e+06   3.7963867e+01
   2.2414090e+06   2.7160645e+01
   2.2415300e+06   3.4118652e+01
   2.2415890e+06   3.0029297e+01
   2.2416810e+06   3.1433105e+01
   2.2418910e+06   3.8513184e+01
   2.2421120e+06   5.0476074e+01
   2.2534170e+06   3.3142090e+01
   2.2535180e+06   4.4555664e+01
   2.2535410e+06   3.8940430e+01
   2.2536240e+06   8.7829590e+01
   2.2537030e+06   3.3081055e+01
   2.2537370e+06   6.8786621e+01
   2.2537930e+06   3.2958984e+01
   2.2538480e+06   5.7739258e+01
   2.2538690e+06   2.9113770e+01
   2.2539240e+06   4.1625977e+01
   2.2540400e+06   3.3325195e+01
   2.2541410e+06   4.0649414e+01
   2.2541560e+06   3.0822754e+01
   2.2542240e+06   3.3630371e+01
   2.2543120e+06   2.7770996e+01
   2.2546020e+06   4.1442871e+01
   2.2549830e+06   5.9082031e+01
   2.2616610e+06   2.7160645e+01
   2.2618000e+06   3.6682129e+01
   2.2618440e+06   2.9602051e+01
   2.2619490e+06   3.3020020e+01
   2.2620850e+06   3.4057617e+01
   2.2626720e+06   3.1127930e+01
   2.2695080e+06   3.5034180e+01
   2.2695750e+06   2.9602051e+01
   2.2697050e+06   3.0822754e+01
   2.2697970e+06   3.2775879e+01
   2.2699740e+06   3.9855957e+01
   2.2701080e+06   3.0273438e+01
   2.2702870e+06   2.7648926e+01
   2.2857710e+06   3.2592773e+01
   2.2857910e+06   3.8635254e+01
   2.2858170e+06   3.7231445e+01
   2.2858500e+06   3.1921387e+01
   2.2858940e+06   2.6550293e+01
   2.2859260e+06   3.3874512e+01
   2.2859740e+06   9.9731445e+01
   2.2860030e+06   3.1982422e+01
   2.2860630e+06   2.6916504e+01
   2.2860760e+06   7.7270508e+01
   2.2861520e+06   5.3527832e+01
   2.2862260e+06   4.5104980e+01
   2.2862790e+06   3.2165527e+01
   2.2863140e+06   2.7404785e+01
   2.2863480e+06   2.7648926e+01
   2.2863860e+06   4.0283203e+01
   2.2864550e+06   3.5095215e+01
   2.2866070e+06   4.2480469e+01
   2.2867100e+06   5.0415039e+01
   2.2939950e+06   3.6621094e+01
   2.2942600e+06   3.5034180e+01
   2.2943610e+06   4.2907715e+01
   2.2948020e+06   2.6855469e+01
   2.3000180e+06   2.8808594e+01
   2.3005740e+06   3.0517578e+01
   2.3058650e+06   2.9968262e+01
   2.3060390e+06   3.1799316e+01
   2.3061790e+06   3.7292480e+01
   2.3061910e+06   2.7893066e+01
   2.3064300e+06   3.1188965e+01
   2.3146730e+06   5.0537109e+01
   2.3147850e+06   4.0649414e+01
   2.3147970e+06   3.7353516e+01
   2.3148980e+06   3.9428711e+01
   2.3149370e+06   2.7465820e+01
   2.3150020e+06   2.8076172e+01
   2.3150590e+06   9.4970703e+01
   2.3151750e+06   2.6550293e+01
   2.3300930e+06   3.8757324e+01
   2.3301050e+06   2.8625488e+01
   2.3301870e+06   3.5217285e+01
   2.3302100e+06   4.0344238e+01
   2.3302950e+06   3.3203125e+01
   2.3303740e+06   2.6550293e+01
   2.3304540e+06   8.7829590e+01
   2.3306410e+06   8.4838867e+01
   2.3306510e+06   3.0700684e+01
   2.3306850e+06   2.8747559e+01
   2.3376970e+06   4.0039063e+01
   2.3377660e+06   3.3813477e+01
   2.3379990e+06   3.6315918e+01
   2.3666980e+06   2.7832031e+01
   2.3667250e+06   2.7282715e+01
   2.3667660e+06   3.9184570e+01
   2.3667890e+06   4.0100098e+01
   2.3668710e+06   2.6977539e+01
   2.3669020e+06   1.0638428e+02
   2.3669210e+06   3.0151367e+01
   2.3670200e+06   7.9101563e+01
   2.3670980e+06   5.2185059e+01
   2.3671630e+06   3.7170410e+01
   2.3672120e+06   2.7465820e+01
   2.3672440e+06   3.4423828e+01
   2.3673650e+06   5.7678223e+01
   2.3674730e+06   4.6325684e+01
   2.3783830e+06   3.7475586e+01
   2.3784130e+06   2.6611328e+01
   2.3785360e+06   3.0151367e+01
   2.3786010e+06   3.5400391e+01
   2.3786690e+06   2.6672363e+01
   2.3788010e+06   2.9296875e+01
   2.3789350e+06   3.3020020e+01
   2.3898040e+06   2.8747559e+01
   2.3898680e+06   3.1616211e+01
   2.3899270e+06   3.0883789e+01
   2.3899400e+06   2.9541016e+01
   2.3900110e+06   4.0039063e+01
   2.3900290e+06   3.3508301e+01
   2.3901120e+06   3.6499023e+01
   2.3901730e+06   2.6550293e+01
   2.3902270e+06   3.0578613e+01
   2.3906460e+06   3.0761719e+01
   2.3988020e+06   2.6611328e+01
   2.3989310e+06   3.3752441e+01
   2.3989440e+06   3.1921387e+01
   2.3990270e+06   3.0700684e+01
   2.4167980e+06   2.9602051e+01
   2.4168500e+06   3.4362793e+01
   2.4168960e+06   2.9907227e+01
   2.4169230e+06   2.8869629e+01
   2.4169930e+06   3.0639648e+01
   2.4170880e+06   2.9479980e+01
   2.4170980e+06   3.3142090e+01
   2.4171780e+06   2.7587891e+01
   2.4269270e+06   3.1066895e+01
   2.4269870e+06   2.8747559e+01
   2.4271470e+06   3.0456543e+01
   2.4277290e+06   3.1005859e+01
   2.4411610e+06   3.5766602e+01
   2.4412740e+06   3.1555176e+01
   2.4414810e+06   2.7770996e+01
   2.4588330e+06   3.3203125e+01
   2.4589950e+06   3.1616211e+01
   2.6719020e+06   3.5888672e+01
   2.6719340e+06   2.6794434e+01
   2.6719970e+06   2.9663086e+01
   2.6720290e+06   3.0090332e+01
   2.6720790e+06   2.8015137e+01
   2.6721490e+06   2.9113770e+01
   2.6722050e+06   2.6855469e+01
   2.6722570e+06   8.2458496e+01
   2.6723290e+06   7.6416016e+01
   2.6723470e+06   2.7465820e+01
   2.6723820e+06   4.4616699e+01
   2.6724020e+06   2.6611328e+01
   2.6724570e+06   3.8574219e+01
   2.6725470e+06   3.6804199e+01
   2.6727090e+06   3.8696289e+01
   2.6729130e+06   4.2175293e+01
   2.6741920e+06   2.8930664e+01
   2.7851600e+06   3.4790039e+01
   2.7853180e+06   2.9785156e+01
   2.7853860e+06   3.6193848e+01
   2.7854260e+06   2.8686523e+01
   2.7854900e+06   3.2775879e+01
   2.7855170e+06   2.8137207e+01
   2.7855320e+06   1.0174561e+02
   2.7855570e+06   2.8503418e+01
   2.7856070e+06   6.7565918e+01
   2.7856660e+06   4.8706055e+01
   2.7856870e+06   2.8442383e+01
   2.7857200e+06   4.7241211e+01
   2.7858090e+06   3.0639648e+01
   2.7858400e+06   2.6855469e+01
   2.7858830e+06   3.8879395e+01
   2.7859530e+06   3.6315918e+01
   2.7860190e+06   2.8808594e+01
   2.7863210e+06   6.2377930e+01
   2.8422180e+06   3.6193848e+01
   2.8422690e+06   3.0273438e+01
   2.8422900e+06   2.8991699e+01
   2.8423130e+06   3.3386230e+01
   2.8423580e+06   3.1677246e+01
   2.8424400e+06   2.6733398e+01
   2.8424950e+06   9.3872070e+01
   2.8425260e+06   3.9428711e+01
   2.8425640e+06   7.2387695e+01
   2.8425820e+06   2.7832031e+01
   2.8426160e+06   2.7893066e+01
   2.8426280e+06   5.7617187e+01
   2.8426830e+06   3.2775879e+01
   2.8427520e+06   3.1188965e+01
   2.8428140e+06   2.7343750e+01
   2.8428780e+06   2.8808594e+01
   2.8429700e+06   3.4667969e+01
   2.8432210e+06   4.2175293e+01
   2.8434610e+06   5.8410645e+01
   2.8442940e+06   2.9235840e+01
   2.8602890e+06   2.8442383e+01
   2.8603320e+06   3.7597656e+01
   2.8604010e+06   3.9978027e+01
   2.8604320e+06   2.6611328e+01
   2.8605080e+06   3.7414551e+01
   2.8606140e+06   3.3020020e+01
   2.8606870e+06   5.9570313e+01
   2.8607080e+06   3.0456543e+01
   2.8607640e+06   4.4067383e+01
   2.8608120e+06   3.1799316e+01
   2.8608440e+06   2.9907227e+01
   2.8609450e+06   2.9846191e+01
   2.8613440e+06   3.6865234e+01
   2.8615950e+06   5.0781250e+01
   2.9108800e+06   2.7160645e+01
   2.9109450e+06   3.8085938e+01
   2.9109830e+06   2.9479980e+01
   2.9110050e+06   4.2602539e+01
   2.9110380e+06   2.8015137e+01
   2.9110840e+06   3.5034180e+01
   2.9111090e+06   3.3691406e+01
   2.9111300e+06   1.1145020e+02
   2.9111500e+06   2.9052734e+01
   2.9111690e+06   2.6733398e+01
   2.9112180e+06   7.2082520e+01
   2.9112820e+06   5.1635742e+01
   2.9113390e+06   4.3457031e+01
   2.9114140e+06   4.0954590e+01
   2.9115030e+06   3.0822754e+01
   2.9115340e+06   2.6611328e+01
   2.9116540e+06   3.0700684e+01
   2.9117370e+06   2.8015137e+01
   2.9119040e+06   4.4982910e+01
   2.9126210e+06   2.6733398e+01
   2.9225540e+06   4.9194336e+01
   2.9226600e+06   4.0283203e+01
   2.9226900e+06   2.8564453e+01
   2.9227170e+06   2.7160645e+01
   2.9227500e+06   4.0222168e+01
   2.9227680e+06   3.0761719e+01
   2.9227930e+06   2.9846191e+01
   2.9228410e+06   3.0822754e+01
   2.9229050e+06   8.0505371e+01
   2.9230300e+06   7.9223633e+01
   2.9232110e+06   6.3476562e+01
   2.9233360e+06   6.1645508e+01
   2.9236190e+06   5.7983398e+01
   2.9238920e+06   6.7138672e+01
   2.9362930e+06   3.4667969e+01
   2.9363150e+06   3.4606934e+01
   2.9364050e+06   2.7282715e+01
   2.9364590e+06   2.7954102e+01
   2.9365230e+06   2.9541016e+01
   2.9365510e+06   3.0395508e+01
   2.9366490e+06   9.9670410e+01
   2.9366700e+06   3.4179688e+01
   2.9367770e+06   3.7719727e+01
   2.9368330e+06   8.1787109e+01
   2.9369350e+06   2.6855469e+01
   2.9370710e+06   8.6669922e+01
   2.9372900e+06   2.7038574e+01
   2.9504910e+06   3.4362793e+01
   2.9505310e+06   2.8625488e+01
   2.9506040e+06   4.1503906e+01
   2.9506170e+06   2.7954102e+01
   2.9506970e+06   2.7038574e+01
   2.9507840e+06   3.0090332e+01
   2.9508330e+06   1.0595703e+02
   2.9509210e+06   3.2348633e+01
   2.9509480e+06   7.2265625e+01
   2.9510390e+06   2.8442383e+01
   2.9511330e+06   6.3354492e+01
   2.9512130e+06   2.7832031e+01
   2.9512820e+06   6.3964844e+01
   2.9515060e+06   2.6611328e+01
   2.9519890e+06   2.8137207e+01
   2.9530620e+06   2.7709961e+01
   2.9538700e+06   3.0456543e+01
   2.9592270e+06   3.2104492e+01
   2.9592840e+06   3.2592773e+01
   2.9596250e+06   3.1677246e+01
   2.9598530e+06   3.0639648e+01
   2.9659740e+06   2.8320313e+01
   2.9660320e+06   2.6916504e+01
   2.9661080e+06   2.9663086e+01
   2.9661610e+06   3.0212402e+01
   2.9662260e+06   3.1066895e+01
   2.9663320e+06   2.8564453e+01
   2.9749720e+06   3.2714844e+01
   2.9750350e+06   2.8503418e+01
   2.9751160e+06   3.5522461e+01
   2.9752420e+06   2.8991699e+01
   2.9753670e+06   3.6376953e+01
   2.9761100e+06   2.9907227e+01
   2.9798900e+06   2.9418945e+01
   2.9801930e+06   3.5705566e+01
   2.9896230e+06   3.4057617e+01
   2.9897310e+06   3.8024902e+01
   2.9897560e+06   3.0822754e+01
   2.9898840e+06   3.2470703e+01
   2.9899970e+06   3.0639648e+01
   2.9901170e+06   2.7343750e+01
   2.9902850e+06   2.9907227e+01
   2.9974690e+06   3.2897949e+01
   2.9975540e+06   2.7343750e+01
   2.9979320e+06   3.3508301e+01
