   3.0000000e+06   0.0000000e+00
   5.0665000e+04   3.9123535e+01
   6.6741000e+04   4.3212891e+01
   7.5794000e+04   3.8208008e+01
   8.2906000e+04   4.0893555e+01
   1.3940000e+05   4.0954590e+01
   1.6446200e+05   3.9855957e+01
   2.1613100e+05   3.9733887e+01
   2.2682500e+05   4.3457031e+01
   2.2769200e+05   3.8940430e+01
   2.4696900e+05   3.8208008e+01
   2.6534700e+05   4.0039063e+01
   2.6547600e+05   3.7597656e+01
   2.6625400e+05   4.1137695e+01
   2.7875900e+05   3.7780762e+01
   3.0960500e+05   3.8879395e+01
   3.0989800e+05   3.8635254e+01
   3.2801300e+05   4.4067383e+01
   3.4343300e+05   3.8391113e+01
   3.6372300e+05   3.9306641e+01
   3.8003300e+05   4.0405273e+01
   3.9223400e+05   3.7963867e+01
   4.5006900e+05   4.0100098e+01
   4.8091800e+05   4.2968750e+01
   4.8120400e+05   3.9489746e+01
   5.0362400e+05   3.8330078e+01
   5.0366400e+05   4.5043945e+01
   5.0393500e+05   4.0954590e+01
   5.0433400e+05   4.1564941e+01
   6.1060300e+05   3.8574219e+01
   6.1061400e+05   3.8085938e+01
   6.2849000e+05   3.8269043e+01
   6.2874200e+05   4.2968750e+01
   6.2902000e+05   3.8757324e+01
   6.5839500e+05   4.6020508e+01
   6.9986400e+05   4.1442871e+01
   7.2177000e+05   4.1564941e+01
   7.2183700e+05   4.5837402e+01
   7.2189600e+05   4.0527344e+01
   7.2283000e+05   4.7729492e+01
   7.2305900e+05   3.8024902e+01
   8.1538200e+05   3.9794922e+01
   8.1551000e+05   5.1635742e+01
   8.1563400e+05   3.7841797e+01
   8.1572900e+05   4.0039063e+01
   8.3401400e+05   4.0954590e+01
   8.3438100e+05   3.9611816e+01
   8.3452000e+05   3.8818359e+01
   8.3492600e+05   3.7963867e+01
   8.3507800e+05   3.9123535e+01
   8.3600900e+05   3.8269043e+01
   8.4833500e+05   4.0161133e+01
   8.4841100e+05   4.0039063e+01
   8.4869400e+05   3.8452148e+01
   8.5737100e+05   3.7414551e+01
   8.6980800e+05   5.0476074e+01
   8.6993500e+05   4.3762207e+01
   8.7006600e+05   4.0832520e+01
   8.7011600e+05   3.9367676e+01
   8.7972500e+05   4.0222168e+01
   8.7977500e+05   3.8146973e+01
   8.8812600e+05   4.6936035e+01
   8.9962200e+05   3.9978027e+01
   9.2223800e+05   4.1076660e+01
   9.2229400e+05   4.0588379e+01
   9.2234800e+05   4.0283203e+01
   9.2269500e+05   4.2846680e+01
   9.3843100e+05   4.1076660e+01
   9.3857200e+05   5.2124023e+01
   9.3868400e+05   3.8879395e+01
   9.3897300e+05   3.9550781e+01
   9.3899800e+05   3.9916992e+01
   9.7495100e+05   3.7658691e+01
   9.9551700e+05   3.7597656e+01
   1.0310030e+06   4.3762207e+01
   1.0313470e+06   4.5959473e+01
   1.0317270e+06   3.7658691e+01
   1.0901550e+06   3.8574219e+01
   1.0905200e+06   4.0344238e+01
   1.2035150e+06   3.7719727e+01
   1.2035900e+06   3.7414551e+01
   1.2036250e+06   3.9855957e+01
   1.2729220e+06   4.5288086e+01
   1.3004130e+06   4.2602539e+01
   1.3004240e+06   4.5227051e+01
   1.3005480e+06   4.4921875e+01
   1.3006390e+06   3.9001465e+01
   1.3135880e+06   4.4433594e+01
   1.3137140e+06   4.4250488e+01
   1.3137610e+06   3.7780762e+01
   1.3138560e+06   3.9062500e+01
   1.3140000e+06   4.2541504e+01
   1.3147990e+06   3.8513184e+01
   1.3274690e+06   4.5410156e+01
   1.3275770e+06   3.8024902e+01
   1.3465900e+06   4.3823242e+01
   1.3467290e+06   4.1137695e+01
   1.3467510e+06   3.9245605e+01
   1.3468020e+06   4.2480469e+01
   1.3468480e+06   4.6569824e+01
   1.3470600e+06   4.1198730e+01
   1.3485110e+06   3.8635254e+01
   1.3699750e+06   4.6997070e+01
   1.3700620e+06   3.9001465e+01
   1.3849940e+06   3.9245605e+01
   1.3850880e+06   4.4128418e+01
   1.3928630e+06   3.7963867e+01
   1.4031610e+06   3.9306641e+01
   1.4363740e+06   4.2663574e+01
   1.4365300e+06   4.3640137e+01
   1.4366050e+06   4.3457031e+01
   1.4366650e+06   3.8879395e+01
   1.4367080e+06   4.8278809e+01
   1.4368980e+06   4.2846680e+01
   1.4547330e+06   3.7536621e+01
   1.5054490e+06   4.6020508e+01
   1.5581970e+06   3.8818359e+01
   1.5582570e+06   3.9855957e+01
   1.5582780e+06   3.7597656e+01
   1.5583540e+06   4.1381836e+01
   1.5585180e+06   3.8208008e+01
   1.5585600e+06   3.8208008e+01
   1.5586470e+06   3.8452148e+01
   1.5905450e+06   4.6630859e+01
   1.5909370e+06   3.8208008e+01
   1.5983820e+06   3.8208008e+01
   1.6075510e+06   3.9184570e+01
   1.6302710e+06   3.8391113e+01
   1.6440420e+06   4.0893555e+01
   2.0405270e+06   3.9001465e+01
   2.0406020e+06   3.7658691e+01
   2.0407580e+06   4.3212891e+01
   2.0418200e+06   4.9682617e+01
   2.0428050e+06   3.9611816e+01
   2.1796100e+06   5.6701660e+01
   2.1798210e+06   4.2175293e+01
   2.1799450e+06   4.0344238e+01
   2.1808620e+06   3.9001465e+01
   2.2277900e+06   4.1137695e+01
   2.2406380e+06   4.1931152e+01
   2.2407280e+06   3.9611816e+01
   2.2407660e+06   4.3945313e+01
   2.2408920e+06   3.7536621e+01
   2.2417070e+06   3.7902832e+01
   2.2535650e+06   4.1625977e+01
   2.2537200e+06   4.0649414e+01
   2.2538040e+06   3.7658691e+01
   2.2618020e+06   4.1015625e+01
   2.2619920e+06   4.0161133e+01
   2.2696730e+06   3.9611816e+01
   2.2698320e+06   4.1870117e+01
   2.2858290e+06   4.7485352e+01
   2.2862400e+06   3.9001465e+01
   2.2942500e+06   4.0161133e+01
   2.2943850e+06   3.8757324e+01
   2.3001740e+06   4.1625977e+01
   2.3148380e+06   4.8583984e+01
   2.3150000e+06   3.8818359e+01
   2.3300700e+06   3.9062500e+01
   2.3301370e+06   4.3884277e+01
   2.3302370e+06   4.0710449e+01
   2.3303580e+06   4.0710449e+01
   2.3303760e+06   4.1748047e+01
   2.3375890e+06   3.8146973e+01
   2.3666190e+06   3.9794922e+01
   2.3667580e+06   4.2907715e+01
   2.3667780e+06   4.2236328e+01
   2.3668880e+06   3.9367676e+01
   2.3785740e+06   3.7841797e+01
   2.3786600e+06   4.1809082e+01
   2.3900400e+06   4.2419434e+01
   2.3901960e+06   4.5471191e+01
   2.4168890e+06   3.8757324e+01
   2.4169980e+06   4.5410156e+01
   2.4171300e+06   4.5837402e+01
   2.4413990e+06   4.1992188e+01
   2.4683030e+06   4.0405273e+01
   2.4954410e+06   3.8635254e+01
   2.6720940e+06   4.0649414e+01
   2.6728160e+06   3.9001465e+01
   2.7853220e+06   3.8024902e+01
   2.7854270e+06   4.0649414e+01
   2.7855940e+06   4.7546387e+01
   2.8423090e+06   3.8330078e+01
   2.8423550e+06   4.2968750e+01
   2.8424250e+06   3.8330078e+01
   2.8424860e+06   4.2175293e+01
   2.8425640e+06   5.9570313e+01
   2.8604830e+06   3.8757324e+01
   2.8605080e+06   4.0771484e+01
   2.8605460e+06   4.1015625e+01
   2.8606230e+06   4.1381836e+01
   2.8606820e+06   3.9306641e+01
   2.9109970e+06   5.5847168e+01
   2.9110600e+06   4.1748047e+01
   2.9110890e+06   3.9855957e+01
   2.9226760e+06   4.3823242e+01
   2.9227640e+06   4.0893555e+01
   2.9362060e+06   3.9306641e+01
   2.9364230e+06   4.0771484e+01
   2.9364930e+06   5.3466797e+01
   2.9365330e+06   4.3395996e+01
   2.9367040e+06   3.7902832e+01
   2.9505890e+06   3.8635254e+01
   2.9506970e+06   4.3457031e+01
   2.9663070e+06   3.8635254e+01
   2.9752380e+06   3.7719727e+01
   2.9897990e+06   3.9672852e+01
