   3.0000000e+06   0.0000000e+00
   9.7900000e+02   4.7973633e+01
   1.0530000e+03   4.8645020e+01
   1.0990000e+03   4.7119141e+01
   1.1420000e+03   4.9011230e+01
   1.2590000e+03   5.2917480e+01
   1.2890000e+03   4.3823242e+01
   1.3620000e+03   5.1269531e+01
   1.4600000e+03   4.4372559e+01
   1.8340000e+03   4.3823242e+01
   9.7650000e+03   5.0354004e+01
   9.9520000e+03   4.7302246e+01
   1.0147000e+04   4.7302246e+01
   1.8199000e+04   4.7302246e+01
   1.8237000e+04   4.5532227e+01
   1.8261000e+04   9.7778320e+01
   1.8271000e+04   4.8095703e+01
   1.8326000e+04   4.8034668e+01
   1.8376000e+04   5.4565430e+01
   1.8651000e+04   4.5166016e+01
   1.8882000e+04   4.6936035e+01
   2.7901000e+04   4.6569824e+01
   3.5567000e+04   4.4006348e+01
   3.5855000e+04   4.8217773e+01
   3.5878000e+04   4.4982910e+01
   3.6246000e+04   5.3588867e+01
   4.1920000e+04   5.1757813e+01
   4.9896000e+04   5.0781250e+01
   4.9956000e+04   4.3762207e+01
   4.9977000e+04   4.8889160e+01
   5.0026000e+04   5.7800293e+01
   5.0061000e+04   4.6752930e+01
   5.0208000e+04   4.9316406e+01
   5.0321000e+04   4.5532227e+01
   5.0434000e+04   4.9682617e+01
   6.0850000e+04   5.8044434e+01
   7.0557000e+04   4.3762207e+01
   7.0645000e+04   4.6691895e+01
   7.5153000e+04   4.3640137e+01
   7.5469000e+04   5.1696777e+01
   7.5803000e+04   4.6569824e+01
   8.2316000e+04   4.5776367e+01
   9.5749000e+04   5.0598145e+01
   9.5839000e+04   6.0546875e+01
   9.5917000e+04   4.5166016e+01
   9.6127000e+04   4.4433594e+01
   1.0897800e+05   4.5654297e+01
   1.0903400e+05   4.3823242e+01
   1.0905300e+05   5.5297852e+01
   1.0943300e+05   4.8767090e+01
   1.1831400e+05   4.7546387e+01
   1.2383800e+05   5.6945801e+01
   1.2388400e+05   4.4555664e+01
   1.2390600e+05   4.5898438e+01
   1.2405700e+05   4.4494629e+01
   1.2409800e+05   4.5104980e+01
   1.2414600e+05   4.3701172e+01
   1.3927200e+05   6.0241699e+01
   1.3929800e+05   7.1105957e+01
   1.3934200e+05   5.0292969e+01
   1.3936500e+05   4.3823242e+01
   1.3944400e+05   4.3884277e+01
   1.4055200e+05   4.5471191e+01
   1.5548300e+05   4.8828125e+01
   1.5561700e+05   4.3762207e+01
   1.5586900e+05   4.4006348e+01
   1.6435400e+05   4.7119141e+01
   1.6444200e+05   5.3771973e+01
   1.6445300e+05   4.7668457e+01
   1.6457000e+05   4.5166016e+01
   1.7376800e+05   4.8950195e+01
   1.7378000e+05   6.0058594e+01
   1.7384900e+05   6.5307617e+01
   1.8526600e+05   4.5288086e+01
   1.8532100e+05   4.4677734e+01
   1.8537000e+05   5.1452637e+01
   1.8539200e+05   4.9438477e+01
   1.9611500e+05   4.6386719e+01
   1.9620600e+05   5.0415039e+01
   1.9623500e+05   5.2795410e+01
   1.9624900e+05   4.7912598e+01
   1.9631100e+05   4.9682617e+01
   1.9639600e+05   5.4931641e+01
   1.9652500e+05   4.9865723e+01
   1.9669400e+05   4.7119141e+01
   2.0315000e+05   5.1757813e+01
   2.0348000e+05   4.6508789e+01
   2.1044100e+05   4.4494629e+01
   2.1050500e+05   6.2622070e+01
   2.1055300e+05   4.3823242e+01
   2.1059600e+05   5.3649902e+01
   2.1091600e+05   4.5776367e+01
   2.1140200e+05   4.6386719e+01
   2.2670900e+05   5.6518555e+01
   2.2672100e+05   4.8156738e+01
   2.2676900e+05   5.6579590e+01
   2.2679300e+05   5.0109863e+01
   2.2681300e+05   4.8767090e+01
   2.2712600e+05   4.4006348e+01
   2.4689800e+05   5.0476074e+01
   2.4698300e+05   4.8278809e+01
   2.6524600e+05   5.3039551e+01
   2.6530500e+05   4.7546387e+01
   2.6537200e+05   5.4321289e+01
   2.6542900e+05   4.4128418e+01
   2.6570800e+05   5.1696777e+01
   2.7853600e+05   4.4982910e+01
   2.7858500e+05   7.3303223e+01
   2.7861200e+05   4.6386719e+01
   2.7867900e+05   5.2001953e+01
   2.7874200e+05   4.9804688e+01
   2.7904400e+05   4.4067383e+01
   2.9057500e+05   5.0598145e+01
   3.0935900e+05   4.3823242e+01
   3.0938800e+05   4.9743652e+01
   3.0941000e+05   4.8522949e+01
   3.0959200e+05   4.8034668e+01
   3.0968400e+05   4.8217773e+01
   3.1567800e+05   4.4067383e+01
   3.2729700e+05   4.6997070e+01
   3.2731300e+05   6.2683105e+01
   3.2736200e+05   4.8095703e+01
   3.2756300e+05   4.6630859e+01
   3.2786800e+05   4.8156738e+01
   3.3325300e+05   4.4250488e+01
   3.4327500e+05   5.1940918e+01
   3.4333900e+05   5.8288574e+01
   3.4337600e+05   4.5043945e+01
   3.4349400e+05   4.6020508e+01
   3.6105500e+05   4.4738770e+01
   3.6113700e+05   5.1147461e+01
   3.6115500e+05   4.5654297e+01
   3.6120200e+05   6.6101074e+01
   3.6130500e+05   4.5043945e+01
   3.8000600e+05   4.6813965e+01
   3.8003500e+05   5.9082031e+01
   3.8006900e+05   4.6325684e+01
   3.8032500e+05   4.7302246e+01
   3.8063900e+05   4.3762207e+01
   3.8091300e+05   4.7058105e+01
   3.8106200e+05   4.4433594e+01
   3.9140400e+05   6.1401367e+01
   3.9195600e+05   4.4982910e+01
   4.1006200e+05   5.5908203e+01
   4.1009600e+05   4.8095703e+01
   4.1045400e+05   5.4809570e+01
   4.1048000e+05   4.5654297e+01
   4.2441300e+05   4.8034668e+01
   4.2455400e+05   4.6386719e+01
   4.2465000e+05   4.8950195e+01
   4.2501000e+05   4.3945313e+01
   4.4988000e+05   4.5104980e+01
   4.4992600e+05   5.0720215e+01
   4.5005100e+05   6.2866211e+01
   4.5018400e+05   4.6264648e+01
   4.5034900e+05   5.6518555e+01
   4.5048800e+05   5.5297852e+01
   4.5082400e+05   4.9682617e+01
   4.5895100e+05   5.2001953e+01
   4.5918300e+05   4.4799805e+01
   4.5920600e+05   4.7790527e+01
   4.5931400e+05   5.4199219e+01
   4.5960400e+05   4.5227051e+01
   4.6778000e+05   6.0119629e+01
   4.6793800e+05   4.3945313e+01
   4.6811400e+05   4.8461914e+01
   4.8096600e+05   4.4372559e+01
   4.8111900e+05   4.5898438e+01
   4.8119900e+05   4.7851563e+01
   4.8139800e+05   4.8278809e+01
   4.8146100e+05   4.6569824e+01
   4.8187500e+05   4.4982910e+01
   5.0373600e+05   4.7485352e+01
   5.0386400e+05   4.6936035e+01
   5.0398400e+05   6.1279297e+01
   5.0414700e+05   4.5166016e+01
   5.0417600e+05   5.1635742e+01
   5.0420700e+05   4.6325684e+01
   5.0432100e+05   6.5368652e+01
   5.0454800e+05   5.5358887e+01
   5.0472000e+05   5.0476074e+01
   5.2230400e+05   5.4504395e+01
   5.2270700e+05   5.6945801e+01
   5.2290100e+05   4.8706055e+01
   5.2306700e+05   4.7058105e+01
   5.3548300e+05   5.3100586e+01
   5.3589600e+05   5.4992676e+01
   5.5795500e+05   5.0964355e+01
   5.5826300e+05   4.3823242e+01
   5.7443000e+05   4.6081543e+01
   5.7474300e+05   4.5471191e+01
   5.9499500e+05   4.4616699e+01
   6.1903700e+05   5.5358887e+01
   6.2768500e+05   4.6936035e+01
   6.8744200e+05   4.4250488e+01
   7.0632300e+05   4.4311523e+01
   7.2155200e+05   4.3640137e+01
   7.2167600e+05   4.8400879e+01
   7.2177000e+05   4.9133301e+01
   7.2188400e+05   4.4433594e+01
   7.2199000e+05   7.6110840e+01
   7.4299400e+05   5.0109863e+01
   7.5198100e+05   4.9011230e+01
   8.1529900e+05   4.5104980e+01
   8.1537100e+05   5.0048828e+01
   8.1541300e+05   4.8400879e+01
   8.1545800e+05   4.5837402e+01
   8.1563200e+05   8.3984375e+01
   8.1573900e+05   4.3945313e+01
   8.3379800e+05   4.3823242e+01
   8.4875100e+05   4.4433594e+01
   9.3839300e+05   4.7363281e+01
   9.3843400e+05   5.8898926e+01
   9.3860500e+05   1.0034180e+02
   9.6291100e+05   4.4616699e+01
   9.7529300e+05   5.2001953e+01
   9.7568700e+05   4.5959473e+01
   1.0141680e+06   4.4189453e+01
   1.0951370e+06   4.5471191e+01
   1.0951710e+06   5.4077148e+01
   1.0952150e+06   4.6691895e+01
   1.0954000e+06   8.2458496e+01
   1.0954900e+06   8.4655762e+01
   1.0956010e+06   6.2072754e+01
   1.1214340e+06   4.4311523e+01
   1.1707460e+06   4.3945313e+01
   1.1809480e+06   4.4189453e+01
   1.2033960e+06   4.6875000e+01
   1.2034250e+06   4.5410156e+01
   1.2034650e+06   4.4067383e+01
   1.2034880e+06   5.8837891e+01
   1.2035370e+06   4.4677734e+01
   1.2036420e+06   7.7941895e+01
   1.2036570e+06   4.7912598e+01
   1.2037090e+06   8.0627441e+01
   1.2037990e+06   6.7810059e+01
   1.2040260e+06   4.5227051e+01
   1.2041280e+06   4.4433594e+01
   1.2069970e+06   4.6997070e+01
   1.2302500e+06   4.5776367e+01
   1.2726020e+06   4.6325684e+01
   1.2732090e+06   7.9284668e+01
   1.2832260e+06   4.7302246e+01
   1.3000610e+06   4.6936035e+01
   1.3000940e+06   7.0434570e+01
   1.3001120e+06   4.5837402e+01
   1.3001410e+06   4.7912598e+01
   1.3001690e+06   5.2673340e+01
   1.3002050e+06   5.0476074e+01
   1.3002810e+06   1.0089111e+02
   1.3004670e+06   5.7861328e+01
   1.3007650e+06   4.6508789e+01
   1.3130910e+06   4.4372559e+01
   1.3131450e+06   5.8715820e+01
   1.3131840e+06   5.1940918e+01
   1.3133660e+06   6.1889648e+01
   1.3133770e+06   4.5898438e+01
   1.3134050e+06   4.6142578e+01
   1.3134690e+06   6.1462402e+01
   1.3135050e+06   5.0109863e+01
   1.3136890e+06   6.4392090e+01
   1.3271160e+06   4.4067383e+01
   1.3271820e+06   4.6875000e+01
   1.3272700e+06   5.1757813e+01
   1.3273050e+06   4.5654297e+01
   1.3273390e+06   4.4189453e+01
   1.3274100e+06   8.3923340e+01
   1.3275180e+06   5.6091309e+01
   1.3278060e+06   8.0200195e+01
   1.3464880e+06   4.3762207e+01
   1.3465160e+06   5.3283691e+01
   1.3465790e+06   4.3762207e+01
   1.3466080e+06   7.4035645e+01
   1.3466350e+06   4.8400879e+01
   1.3466830e+06   7.2814941e+01
   1.3467030e+06   6.6345215e+01
   1.3467560e+06   4.7058105e+01
   1.3468260e+06   4.4128418e+01
   1.3468480e+06   4.3823242e+01
   1.3469240e+06   4.5288086e+01
   1.3469790e+06   4.4494629e+01
   1.3470080e+06   4.3884277e+01
   1.3471350e+06   4.3945313e+01
   1.3472870e+06   4.4616699e+01
   1.3489230e+06   4.4555664e+01
   1.3500640e+06   4.5227051e+01
   1.3551680e+06   4.6997070e+01
   1.3554480e+06   5.4382324e+01
   1.3556640e+06   5.8715820e+01
   1.3696890e+06   4.8095703e+01
   1.3697400e+06   4.6752930e+01
   1.3697910e+06   4.4128418e+01
   1.3698470e+06   4.4372559e+01
   1.3698970e+06   4.4677734e+01
   1.3699550e+06   4.7729492e+01
   1.3700740e+06   4.4311523e+01
   1.3702260e+06   4.7790527e+01
   1.3705860e+06   4.3701172e+01
   1.3848350e+06   4.8034668e+01
   1.3848540e+06   5.6762695e+01
   1.3848920e+06   8.0932617e+01
   1.3849870e+06   5.2612305e+01
   1.3850010e+06   5.1757813e+01
   1.3850420e+06   4.9560547e+01
   1.3851470e+06   4.7729492e+01
   1.3925670e+06   4.4311523e+01
   1.3926340e+06   5.4443359e+01
   1.3927880e+06   5.4077148e+01
   1.3928990e+06   4.8828125e+01
   1.3932220e+06   4.5043945e+01
   1.4028530e+06   4.7302246e+01
   1.4029920e+06   6.5307617e+01
   1.4030470e+06   5.9082031e+01
   1.4031020e+06   5.4870605e+01
   1.4031850e+06   6.4086914e+01
   1.4032690e+06   4.7546387e+01
   1.4106480e+06   5.4626465e+01
   1.4106890e+06   4.8522949e+01
   1.4107220e+06   8.5205078e+01
   1.4108960e+06   4.4128418e+01
   1.4109790e+06   5.4687500e+01
   1.4362300e+06   6.9641113e+01
   1.4362570e+06   4.6142578e+01
   1.4362830e+06   5.5297852e+01
   1.4363450e+06   5.6274414e+01
   1.4363850e+06   5.2856445e+01
   1.4364660e+06   4.4494629e+01
   1.4507490e+06   6.7077637e+01
   1.4607630e+06   4.8889160e+01
   1.4609240e+06   4.6142578e+01
   1.4679510e+06   4.5715332e+01
   1.4752320e+06   4.8950195e+01
   1.4753000e+06   5.0048828e+01
   1.4753260e+06   5.4992676e+01
   1.4753610e+06   6.8359375e+01
   1.4754680e+06   4.7973633e+01
   1.4755050e+06   4.4677734e+01
   1.4755920e+06   4.6936035e+01
   1.4819010e+06   5.1574707e+01
   1.4819430e+06   4.5043945e+01
   1.4820350e+06   4.7546387e+01
   1.4820560e+06   5.1513672e+01
   1.4821160e+06   5.2124023e+01
   1.4827490e+06   4.6569824e+01
   1.4889030e+06   5.5847168e+01
   1.4889520e+06   4.3762207e+01
   1.4889930e+06   4.5104980e+01
   1.4890920e+06   5.3710938e+01
   1.4894340e+06   5.9204102e+01
   1.4959920e+06   4.4738770e+01
   1.4960940e+06   4.7119141e+01
   1.4961690e+06   4.7973633e+01
   1.4961930e+06   5.6274414e+01
   1.4962350e+06   4.8950195e+01
   1.4962720e+06   4.9316406e+01
   1.4964220e+06   4.7668457e+01
   1.4967700e+06   4.6447754e+01
   1.5047040e+06   5.2429199e+01
   1.5047310e+06   4.4372559e+01
   1.5047470e+06   5.5053711e+01
   1.5047790e+06   4.4982910e+01
   1.5048090e+06   4.6875000e+01
   1.5049380e+06   4.9682617e+01
   1.5156200e+06   5.2734375e+01
   1.5156400e+06   4.4311523e+01
   1.5156890e+06   4.9743652e+01
   1.5157860e+06   4.7424316e+01
   1.5160960e+06   4.4860840e+01
   1.5163570e+06   5.1696777e+01
   1.5165890e+06   4.4494629e+01
   1.5581240e+06   4.5654297e+01
   1.5581430e+06   4.8645020e+01
   1.5581620e+06   6.1340332e+01
   1.5582150e+06   5.9997559e+01
   1.5599490e+06   4.4433594e+01
   1.5673530e+06   4.7729492e+01
   1.5673880e+06   4.7424316e+01
   1.5674090e+06   4.9804688e+01
   1.5698040e+06   4.6325684e+01
   1.5741730e+06   5.4992676e+01
   1.5742630e+06   5.0659180e+01
   1.5743010e+06   4.9133301e+01
   1.5837200e+06   5.3161621e+01
   1.5838380e+06   4.4860840e+01
   1.5843460e+06   4.4189453e+01
   1.5845820e+06   4.8339844e+01
   1.5903660e+06   4.6325684e+01
   1.5904210e+06   5.5969238e+01
   1.5904650e+06   4.8706055e+01
   1.5905120e+06   4.6875000e+01
   1.5982520e+06   4.9987793e+01
   1.5982680e+06   4.6142578e+01
   1.5983880e+06   4.8339844e+01
   1.5984240e+06   6.3293457e+01
   1.5989870e+06   5.0659180e+01
   1.6074250e+06   4.8278809e+01
   1.6074430e+06   5.0109863e+01
   1.6075180e+06   4.8583984e+01
   1.6076010e+06   5.0720215e+01
   1.6076120e+06   4.7119141e+01
   1.6076720e+06   4.4372559e+01
   1.6164530e+06   5.1330566e+01
   1.6165240e+06   5.8227539e+01
   1.6165520e+06   4.8828125e+01
   1.6165760e+06   4.9560547e+01
   1.6166130e+06   4.9011230e+01
   1.6166740e+06   6.1706543e+01
   1.6167570e+06   4.5593262e+01
   1.6178530e+06   4.4372559e+01
   1.6297100e+06   4.3945313e+01
   1.6297710e+06   5.3161621e+01
   1.6298010e+06   7.0922852e+01
   1.6298250e+06   6.5124512e+01
   1.6299360e+06   4.6203613e+01
   1.6308480e+06   4.4494629e+01
   1.6439000e+06   4.6508789e+01
   1.6440130e+06   4.8950195e+01
   1.6440530e+06   4.5166016e+01
   1.6441010e+06   4.8339844e+01
   1.6445610e+06   5.3894043e+01
   1.6486320e+06   4.8339844e+01
   1.6487060e+06   4.8767090e+01
   1.9941890e+06   4.8217773e+01
   2.0407860e+06   4.3701172e+01
   2.0408590e+06   8.8684082e+01
   2.0409170e+06   8.9172363e+01
   2.0409300e+06   6.4758301e+01
   2.0410040e+06   7.1044922e+01
   2.0413240e+06   7.3486328e+01
   2.0414580e+06   7.7880859e+01
   2.0415660e+06   6.0485840e+01
   2.0607020e+06   4.8706055e+01
   2.0607270e+06   4.4860840e+01
   2.0609360e+06   6.7749023e+01
   2.0611330e+06   6.6833496e+01
   2.0612250e+06   5.5847168e+01
   2.1798220e+06   5.0170898e+01
   2.1798490e+06   8.7951660e+01
   2.1799080e+06   7.1655273e+01
   2.1800040e+06   7.5561523e+01
   2.1801000e+06   7.6232910e+01
   2.1802930e+06   5.9997559e+01
   2.1803030e+06   4.5532227e+01
   2.1804170e+06   4.4189453e+01
   2.1805000e+06   8.0871582e+01
   2.1806220e+06   6.7077637e+01
   2.1808700e+06   6.9458008e+01
   2.2261600e+06   5.7006836e+01
   2.2273910e+06   4.5715332e+01
   2.2274800e+06   4.7302246e+01
   2.2274990e+06   6.2438965e+01
   2.2275230e+06   4.4616699e+01
   2.2275380e+06   4.7180176e+01
   2.2275690e+06   6.0729980e+01
   2.2275960e+06   4.4128418e+01
   2.2276280e+06   7.5744629e+01
   2.2277490e+06   5.5297852e+01
   2.2279180e+06   4.4067383e+01
   2.2285470e+06   4.4006348e+01
   2.2403480e+06   8.5021973e+01
   2.2404010e+06   4.4738770e+01
   2.2404920e+06   9.3200684e+01
   2.2405970e+06   6.6284180e+01
   2.2407280e+06   6.3171387e+01
   2.2409190e+06   5.0292969e+01
   2.2409940e+06   4.5776367e+01
   2.2411000e+06   5.8654785e+01
   2.2536720e+06   5.7800293e+01
   2.2537550e+06   7.4890137e+01
   2.2538710e+06   7.1777344e+01
   2.2540780e+06   4.4555664e+01
   2.2542340e+06   5.2856445e+01
   2.2544410e+06   4.7241211e+01
   2.2546510e+06   4.4128418e+01
   2.2620100e+06   4.3701172e+01
   2.2620320e+06   6.2194824e+01
   2.2621550e+06   6.7260742e+01
   2.2623260e+06   5.0842285e+01
   2.2623570e+06   4.6691895e+01
   2.2624270e+06   6.1401367e+01
   2.2628760e+06   4.4006348e+01
   2.2630000e+06   4.3945313e+01
   2.2698060e+06   5.2978516e+01
   2.2699910e+06   6.0424805e+01
   2.2702240e+06   4.5776367e+01
   2.2704080e+06   5.5847168e+01
   2.2858430e+06   6.4086914e+01
   2.2859060e+06   6.3659668e+01
   2.2859740e+06   7.1166992e+01
   2.2860210e+06   5.1574707e+01
   2.2861260e+06   4.4250488e+01
   2.2861890e+06   4.5654297e+01
   2.2866950e+06   5.6823730e+01
   2.2941900e+06   7.2204590e+01
   2.2943560e+06   4.5166016e+01
   2.2944370e+06   6.3781738e+01
   2.2947720e+06   5.8776855e+01
   2.2950170e+06   4.6142578e+01
   2.3003820e+06   5.4321289e+01
   2.3005320e+06   6.5368652e+01
   2.3009550e+06   4.4128418e+01
   2.3061540e+06   6.6040039e+01
   2.3061970e+06   4.7302246e+01
   2.3062390e+06   4.5837402e+01
   2.3063130e+06   5.4504395e+01
   2.3064600e+06   5.1330566e+01
   2.3066550e+06   5.3710938e+01
   2.3147400e+06   9.3444824e+01
   2.3149020e+06   4.9255371e+01
   2.3149130e+06   6.3598633e+01
   2.3300750e+06   4.9499512e+01
   2.3300940e+06   5.7861328e+01
   2.3302220e+06   6.5917969e+01
   2.3302760e+06   4.8278809e+01
   2.3303510e+06   4.3640137e+01
   2.3312320e+06   5.1086426e+01
   2.3378110e+06   6.2683105e+01
   2.3379480e+06   5.7739258e+01
   2.3380680e+06   5.8593750e+01
   2.3664940e+06   4.4311523e+01
   2.3666380e+06   8.4045410e+01
   2.3667260e+06   8.2336426e+01
   2.3668450e+06   4.3701172e+01
   2.3784390e+06   6.4819336e+01
   2.3785220e+06   5.6030273e+01
   2.3785970e+06   4.4128418e+01
   2.3786480e+06   4.4982910e+01
   2.3792100e+06   4.6264648e+01
   2.3898740e+06   6.3354492e+01
   2.3899850e+06   5.0109863e+01
   2.3900720e+06   4.5288086e+01
   2.3904780e+06   4.4677734e+01
   2.3908400e+06   4.3884277e+01
   2.3987280e+06   4.8645020e+01
   2.3987540e+06   8.0627441e+01
   2.3989170e+06   5.1757813e+01
   2.3989640e+06   5.3405762e+01
   2.3990090e+06   4.6936035e+01
   2.3990240e+06   4.8950195e+01
   2.3992200e+06   4.8767090e+01
   2.4167370e+06   7.6721191e+01
   2.4167660e+06   4.6569824e+01
   2.4168020e+06   5.0537109e+01
   2.4168190e+06   6.8664551e+01
   2.4168660e+06   5.3894043e+01
   2.4169000e+06   4.4311523e+01
   2.4171640e+06   4.7302246e+01
   2.4171930e+06   4.8767090e+01
   2.4172730e+06   4.6020508e+01
   2.4268640e+06   7.9101563e+01
   2.4269430e+06   4.4433594e+01
   2.4270190e+06   6.1157227e+01
   2.4410150e+06   4.4738770e+01
   2.4410290e+06   6.0485840e+01
   2.4411090e+06   5.1818848e+01
   2.4411420e+06   4.5043945e+01
   2.4412440e+06   5.3161621e+01
   2.4587300e+06   5.8959961e+01
   2.4587550e+06   4.8278809e+01
   2.4588410e+06   5.6213379e+01
   2.4588790e+06   4.7973633e+01
   2.4681360e+06   7.1289063e+01
   2.4681830e+06   5.1086426e+01
   2.4682350e+06   4.6447754e+01
   2.4684460e+06   4.6264648e+01
   2.4949050e+06   7.2021484e+01
   2.4949420e+06   5.7189941e+01
   2.4950620e+06   5.0781250e+01
   2.4951670e+06   5.0292969e+01
   2.4957470e+06   4.8706055e+01
   2.4958810e+06   4.9682617e+01
   2.5138050e+06   6.2133789e+01
   2.5139330e+06   5.2551270e+01
   2.5140020e+06   6.2133789e+01
   2.5140540e+06   5.7861328e+01
   2.5140830e+06   4.6142578e+01
   2.5141630e+06   5.5541992e+01
   2.5655660e+06   4.9011230e+01
   2.5656790e+06   6.6284180e+01
   2.5657040e+06   4.4433594e+01
   2.5658150e+06   4.6936035e+01
   2.5658670e+06   6.8542480e+01
   2.5659840e+06   6.0058594e+01
   2.5660120e+06   5.3588867e+01
   2.5660780e+06   6.2438965e+01
   2.5661130e+06   6.0546875e+01
   2.5661650e+06   4.4372559e+01
   2.5661910e+06   4.8706055e+01
   2.5662840e+06   4.4067383e+01
   2.5668860e+06   4.9499512e+01
   2.5671890e+06   4.6386719e+01
   2.6718170e+06   5.5053711e+01
   2.6718420e+06   4.6081543e+01
   2.6718800e+06   5.9509277e+01
   2.6719520e+06   7.2265625e+01
   2.6720250e+06   5.0537109e+01
   2.6720400e+06   4.8034668e+01
   2.6720570e+06   5.8044434e+01
   2.6721450e+06   4.9743652e+01
   2.6722160e+06   5.4138184e+01
   2.6725890e+06   5.2734375e+01
   2.7600050e+06   5.1147461e+01
   2.7850630e+06   4.5959473e+01
   2.7851120e+06   4.6997070e+01
   2.7851330e+06   5.1513672e+01
   2.7852270e+06   4.6203613e+01
   2.7852780e+06   5.1147461e+01
   2.7852880e+06   9.3261719e+01
   2.7853550e+06   5.9753418e+01
   2.7853910e+06   5.8837891e+01
   2.7854430e+06   7.7392578e+01
   2.7854560e+06   4.4311523e+01
   2.7855530e+06   6.7993164e+01
   2.7856690e+06   6.6040039e+01
   2.7858190e+06   4.8767090e+01
   2.7859470e+06   6.5246582e+01
   2.8421280e+06   4.5593262e+01
   2.8421620e+06   5.2124023e+01
   2.8421760e+06   4.5349121e+01
   2.8421970e+06   5.2795410e+01
   2.8422180e+06   5.0964355e+01
   2.8422430e+06   5.4321289e+01
   2.8422750e+06   7.7331543e+01
   2.8423550e+06   9.2041016e+01
   2.8423850e+06   5.1208496e+01
   2.8424540e+06   5.3771973e+01
   2.8425600e+06   4.6386719e+01
   2.8425740e+06   4.5349121e+01
   2.8428500e+06   4.3884277e+01
   2.8433380e+06   4.4799805e+01
   2.8595620e+06   5.0109863e+01
   2.8605390e+06   6.6162109e+01
   2.8607050e+06   5.9692383e+01
   2.8609110e+06   5.0292969e+01
   2.9108030e+06   6.0852051e+01
   2.9108360e+06   4.7119141e+01
   2.9109110e+06   1.0491943e+02
   2.9109730e+06   4.7546387e+01
   2.9110380e+06   4.4433594e+01
   2.9110880e+06   4.4677734e+01
   2.9111750e+06   4.6142578e+01
   2.9114920e+06   4.5776367e+01
   2.9120040e+06   5.1391602e+01
   2.9223390e+06   5.0415039e+01
   2.9223730e+06   4.7424316e+01
   2.9226320e+06   4.5349121e+01
   2.9226560e+06   5.2551270e+01
   2.9227080e+06   4.8156738e+01
   2.9227760e+06   4.3640137e+01
   2.9229580e+06   4.6875000e+01
   2.9230520e+06   5.0170898e+01
   2.9363040e+06   4.6936035e+01
   2.9363620e+06   4.7973633e+01
   2.9365160e+06   5.5358887e+01
   2.9365290e+06   7.9895020e+01
   2.9365630e+06   7.5378418e+01
   2.9366480e+06   4.3701172e+01
   2.9367000e+06   6.6406250e+01
   2.9504640e+06   4.8156738e+01
   2.9504930e+06   4.9621582e+01
   2.9505600e+06   5.8654785e+01
   2.9505950e+06   4.6325684e+01
   2.9506560e+06   5.1452637e+01
   2.9506660e+06   5.2978516e+01
   2.9507810e+06   4.5166016e+01
   2.9508520e+06   4.8461914e+01
   2.9510720e+06   4.4189453e+01
   2.9521980e+06   4.4067383e+01
   2.9588830e+06   4.5532227e+01
   2.9659040e+06   5.8044434e+01
   2.9659340e+06   4.8095703e+01
   2.9659790e+06   4.4006348e+01
   2.9660880e+06   4.5349121e+01
   2.9749320e+06   4.8156738e+01
   2.9749520e+06   4.6997070e+01
   2.9749730e+06   5.9875488e+01
   2.9750040e+06   5.5969238e+01
   2.9750700e+06   4.5593262e+01
   2.9750930e+06   4.4677734e+01
   2.9751510e+06   5.0170898e+01
   2.9752090e+06   4.5715332e+01
   2.9752850e+06   5.3405762e+01
   2.9797910e+06   5.0537109e+01
   2.9801870e+06   4.5715332e+01
   2.9895530e+06   5.7495117e+01
   2.9895800e+06   9.3811035e+01
   2.9896040e+06   5.9570313e+01
   2.9896510e+06   4.4921875e+01
   2.9898070e+06   4.7058105e+01
   2.9898370e+06   4.8767090e+01
   2.9899140e+06   5.1757813e+01
   2.9924290e+06   4.3762207e+01
   2.9973720e+06   4.4860840e+01
   2.9974080e+06   4.4494629e+01
   2.9974180e+06   4.3762207e+01
