   7.5250000e+06   0.0000000e+00
   1.0046000e+04   3.2000000e+01
   1.0191000e+04   3.5000000e+01
   1.0378000e+04   3.4000000e+01
   1.0468000e+04   2.7000000e+01
   1.0654000e+04   3.1000000e+01
   1.0745000e+04   2.7000000e+01
   1.2436000e+04   3.0000000e+01
   1.2813000e+04   2.7000000e+01
   1.4478000e+04   3.3000000e+01
   1.5126000e+04   2.7000000e+01
   1.1250200e+05   3.0000000e+01
   1.3383600e+05   2.8000000e+01
   1.3410800e+05   2.9000000e+01
   1.3417700e+05   3.2000000e+01
   1.3431400e+05   2.8000000e+01
   1.3464800e+05   2.9000000e+01
   1.3494700e+05   2.7000000e+01
   2.0699900e+05   3.2000000e+01
   2.0749500e+05   2.8000000e+01
   2.0785600e+05   2.7000000e+01
   2.0795500e+05   2.7000000e+01
   2.0939500e+05   3.1000000e+01
   2.0964500e+05   3.3000000e+01
   2.1057600e+05   2.8000000e+01
   2.1067600e+05   3.2000000e+01
   2.1203100e+05   3.4000000e+01
   2.5809500e+05   3.9000000e+01
   2.5831600e+05   3.9000000e+01
   2.5855500e+05   3.6000000e+01
   2.5922600e+05   2.8000000e+01
   2.5930800e+05   3.0000000e+01
   2.5964900e+05   2.9000000e+01
   2.5971200e+05   2.8000000e+01
   2.5981100e+05   2.7000000e+01
   2.6155200e+05   3.0000000e+01
   2.6205700e+05   2.9000000e+01
   2.6209900e+05   2.7000000e+01
   2.6291000e+05   3.1000000e+01
   2.6452100e+05   2.9000000e+01
   3.1967400e+05   3.1000000e+01
   3.2670700e+05   2.9000000e+01
   3.3802100e+05   3.0000000e+01
   3.3817900e+05   3.9000000e+01
   3.3854700e+05   3.4000000e+01
   3.3886800e+05   2.7000000e+01
   3.3895900e+05   3.2000000e+01
   3.3911300e+05   2.7000000e+01
   3.3918500e+05   2.8000000e+01
   3.3925200e+05   3.1000000e+01
   3.4037800e+05   3.0000000e+01
   3.4348500e+05   3.0000000e+01
   4.3222900e+05   3.0000000e+01
   4.3257600e+05   3.5000000e+01
   4.9766200e+05   2.8000000e+01
   4.9898400e+05   2.7000000e+01
   4.9913000e+05   3.0000000e+01
   4.9950100e+05   2.7000000e+01
   4.9998500e+05   3.7000000e+01
   5.0003200e+05   3.1000000e+01
   5.0023200e+05   2.9000000e+01
   5.0025900e+05   3.9000000e+01
   5.0031300e+05   3.5000000e+01
   5.0034500e+05   2.8000000e+01
   5.0043900e+05   2.7000000e+01
   5.0090200e+05   2.9000000e+01
   5.0099400e+05   2.7000000e+01
   5.0203100e+05   2.7000000e+01
   5.4377800e+05   2.7000000e+01
   5.8940400e+05   2.7000000e+01
   6.1654900e+05   2.9000000e+01
   6.1681100e+05   3.2000000e+01
   6.1708300e+05   2.7000000e+01
   6.1739700e+05   2.7000000e+01
   6.1806700e+05   2.8000000e+01
   6.1892800e+05   2.8000000e+01
   6.1897600e+05   2.7000000e+01
   6.2008400e+05   2.8000000e+01
   6.2018900e+05   2.7000000e+01
   6.2101900e+05   3.1000000e+01
   7.1786900e+05   2.8000000e+01
   7.1808300e+05   3.3000000e+01
   7.1838300e+05   3.1000000e+01
   7.2387700e+05   2.7000000e+01
   7.7625900e+05   2.7000000e+01
   7.8094300e+05   3.2000000e+01
   7.8098900e+05   3.4000000e+01
   8.1874400e+05   3.5000000e+01
   8.5530400e+05   3.0000000e+01
   8.5552600e+05   2.7000000e+01
   8.6748000e+05   3.8000000e+01
   8.6869500e+05   2.7000000e+01
   8.6872300e+05   3.5000000e+01
   8.6884500e+05   2.7000000e+01
   8.8312000e+05   3.0000000e+01
   9.4321400e+05   2.8000000e+01
   9.4397200e+05   3.6000000e+01
   9.9524700e+05   3.3000000e+01
   9.9542000e+05   3.1000000e+01
   9.9563700e+05   2.8000000e+01
   9.9598500e+05   2.7000000e+01
   9.9616100e+05   2.7000000e+01
   9.9618700e+05   2.9000000e+01
   9.9626000e+05   3.3000000e+01
   9.9695000e+05   2.7000000e+01
   9.9706200e+05   2.7000000e+01
   9.9742000e+05   2.9000000e+01
   9.9754700e+05   3.1000000e+01
   9.9774700e+05   2.7000000e+01
   9.9793500e+05   2.8000000e+01
   9.9797800e+05   2.7000000e+01
   9.9827200e+05   3.1000000e+01
   9.9837700e+05   2.7000000e+01
   9.9862300e+05   2.7000000e+01
   9.9883100e+05   2.7000000e+01
   9.9931800e+05   3.4000000e+01
   9.9943600e+05   3.0000000e+01
   1.0006870e+06   2.9000000e+01
   1.0683720e+06   2.8000000e+01
   1.0923920e+06   2.7000000e+01
   1.1134260e+06   2.8000000e+01
   1.1445970e+06   3.4000000e+01
   1.1447920e+06   3.0000000e+01
   1.1451010e+06   3.4000000e+01
   1.1453090e+06   3.3000000e+01
   1.1459380e+06   2.8000000e+01
   1.1460750e+06   3.2000000e+01
   1.1462230e+06   3.3000000e+01
   1.1470830e+06   3.2000000e+01
   1.1471190e+06   2.7000000e+01
   1.1471850e+06   2.8000000e+01
   1.1472420e+06   2.8000000e+01
   1.1479940e+06   3.4000000e+01
   1.1484940e+06   3.1000000e+01
   1.1493930e+06   2.7000000e+01
   1.1977020e+06   2.7000000e+01
   1.2300550e+06   3.5000000e+01
   1.2304510e+06   3.3000000e+01
   1.2309860e+06   2.9000000e+01
   1.2311720e+06   3.2000000e+01
   1.2314750e+06   2.7000000e+01
   1.2316730e+06   3.2000000e+01
   1.2317780e+06   3.9000000e+01
   1.2321400e+06   2.7000000e+01
   1.2322230e+06   2.7000000e+01
   1.2327780e+06   2.8000000e+01
   1.2328860e+06   2.7000000e+01
   1.2352140e+06   3.0000000e+01
   1.2357310e+06   3.4000000e+01
   1.2379190e+06   2.8000000e+01
   1.2388130e+06   3.2000000e+01
   1.2754330e+06   3.0000000e+01
   1.2755670e+06   2.7000000e+01
   1.2765390e+06   3.1000000e+01
   1.2766460e+06   2.7000000e+01
   1.2794280e+06   3.8000000e+01
   1.2797280e+06   3.1000000e+01
   1.2800410e+06   2.8000000e+01
   1.2819690e+06   2.9000000e+01
   1.2838410e+06   3.0000000e+01
   1.2843750e+06   2.7000000e+01
   1.2855100e+06   3.3000000e+01
   1.3431070e+06   2.8000000e+01
   1.3438020e+06   4.1000000e+01
   1.3838170e+06   2.8000000e+01
   1.3869300e+06   2.8000000e+01
   1.4162060e+06   3.0000000e+01
   1.4184940e+06   3.0000000e+01
   1.4186470e+06   3.4000000e+01
   1.4191350e+06   2.9000000e+01
   1.4192520e+06   3.4000000e+01
   1.4279720e+06   2.8000000e+01
   1.5087820e+06   3.0000000e+01
   1.5099920e+06   3.2000000e+01
   1.5101470e+06   3.8000000e+01
   1.5103290e+06   3.3000000e+01
   1.5105150e+06   2.8000000e+01
   1.5105470e+06   2.9000000e+01
   1.5241890e+06   4.1000000e+01
   1.5250270e+06   3.6000000e+01
   1.5250750e+06   2.8000000e+01
   1.5251050e+06   2.7000000e+01
   1.5259460e+06   3.5000000e+01
   1.5269130e+06   4.0000000e+01
   1.5326790e+06   2.7000000e+01
   1.5428580e+06   2.8000000e+01
   1.6160350e+06   2.8000000e+01
   1.6161150e+06   2.8000000e+01
   1.6163820e+06   2.9000000e+01
   1.6165430e+06   2.9000000e+01
   1.6166690e+06   3.0000000e+01
   1.6182050e+06   3.0000000e+01
   1.6189030e+06   2.8000000e+01
   1.6191090e+06   3.1000000e+01
   1.6198610e+06   2.8000000e+01
   1.6201020e+06   2.7000000e+01
   1.6205600e+06   2.9000000e+01
   1.6370370e+06   2.7000000e+01
   1.6796370e+06   2.7000000e+01
   1.6798180e+06   3.5000000e+01
   1.6801160e+06   2.8000000e+01
   1.7039510e+06   2.7000000e+01
   1.7140420e+06   3.0000000e+01
   1.7144510e+06   2.7000000e+01
   1.7178790e+06   3.1000000e+01
   1.7621710e+06   3.6000000e+01
   1.7623090e+06   2.7000000e+01
   1.7626520e+06   3.8000000e+01
   1.7644020e+06   2.7000000e+01
   1.7645010e+06   2.7000000e+01
   1.7646540e+06   3.3000000e+01
   1.7649590e+06   2.7000000e+01
   1.7671340e+06   3.1000000e+01
   1.7680810e+06   2.8000000e+01
   1.8032330e+06   3.0000000e+01
   1.8033800e+06   3.0000000e+01
   1.8045000e+06   3.0000000e+01
   1.8069620e+06   3.2000000e+01
   1.8070830e+06   2.7000000e+01
   1.8079790e+06   2.8000000e+01
   1.8084110e+06   2.7000000e+01
   1.8084840e+06   3.5000000e+01
   1.8085330e+06   3.3000000e+01
   1.8085920e+06   2.9000000e+01
   1.8094960e+06   3.0000000e+01
   1.8095420e+06   2.7000000e+01
   1.8099650e+06   3.1000000e+01
   1.8107010e+06   2.9000000e+01
   1.8107390e+06   2.8000000e+01
   1.8108070e+06   2.7000000e+01
   1.8121300e+06   3.3000000e+01
   1.8128750e+06   2.7000000e+01
   1.8147850e+06   2.7000000e+01
   1.8870690e+06   4.2000000e+01
   1.8925550e+06   2.7000000e+01
   1.8963000e+06   2.8000000e+01
   1.9116030e+06   2.9000000e+01
   1.9303620e+06   2.7000000e+01
   1.9428540e+06   3.2000000e+01
   1.9432690e+06   3.6000000e+01
   1.9433010e+06   3.1000000e+01
   1.9433590e+06   3.3000000e+01
   1.9437990e+06   3.0000000e+01
   1.9443350e+06   3.6000000e+01
   1.9446910e+06   2.7000000e+01
   1.9456360e+06   2.9000000e+01
   1.9954180e+06   3.0000000e+01
   2.0125220e+06   2.7000000e+01
   2.0267520e+06   2.8000000e+01
   2.0270190e+06   2.9000000e+01
   2.0271860e+06   2.7000000e+01
   2.0277060e+06   3.4000000e+01
   2.0294940e+06   2.7000000e+01
   2.0299990e+06   2.8000000e+01
   2.0333090e+06   3.1000000e+01
   2.0391530e+06   3.0000000e+01
   2.0475370e+06   3.4000000e+01
   2.0478920e+06   2.7000000e+01
   2.0488060e+06   3.1000000e+01
   2.0497560e+06   4.0000000e+01
   2.0506570e+06   3.9000000e+01
   2.0608770e+06   2.7000000e+01
   2.0988860e+06   2.8000000e+01
   2.1292120e+06   2.7000000e+01
   2.1368090e+06   3.0000000e+01
   2.1444560e+06   3.0000000e+01
   2.1454180e+06   4.4000000e+01
   2.1454560e+06   2.7000000e+01
   2.1462310e+06   3.4000000e+01
   2.1472150e+06   2.9000000e+01
   2.1484270e+06   3.2000000e+01
   2.1580460e+06   2.7000000e+01
   2.1835990e+06   2.8000000e+01
   2.2031280e+06   3.2000000e+01
   2.2032830e+06   3.4000000e+01
   2.2034990e+06   2.9000000e+01
   2.2038770e+06   3.1000000e+01
   2.2040150e+06   2.7000000e+01
   2.2045990e+06   2.7000000e+01
   2.2055650e+06   2.7000000e+01
   2.2056900e+06   2.8000000e+01
   2.2064730e+06   2.7000000e+01
   2.2257690e+06   2.8000000e+01
   2.2738380e+06   3.2000000e+01
   2.2738660e+06   2.7000000e+01
   2.2754160e+06   2.8000000e+01
   2.2769370e+06   3.2000000e+01
   2.2770890e+06   2.8000000e+01
   2.2776140e+06   3.1000000e+01
   2.2777870e+06   3.2000000e+01
   2.2780010e+06   2.9000000e+01
   2.2780510e+06   2.8000000e+01
   2.2782290e+06   3.0000000e+01
   2.2782700e+06   2.8000000e+01
   2.2785370e+06   2.9000000e+01
   2.2786860e+06   3.0000000e+01
   2.2787720e+06   2.7000000e+01
   2.2789080e+06   3.2000000e+01
   2.2792700e+06   2.7000000e+01
   2.2800020e+06   2.9000000e+01
   2.2805350e+06   3.1000000e+01
   2.3197190e+06   2.8000000e+01
   2.3513450e+06   4.6000000e+01
   2.3523820e+06   3.1000000e+01
   2.3671740e+06   2.9000000e+01
   2.3983630e+06   2.8000000e+01
   2.3998190e+06   2.7000000e+01
   2.4018770e+06   2.8000000e+01
   2.4020370e+06   3.4000000e+01
   2.4020900e+06   3.0000000e+01
   2.4021220e+06   2.7000000e+01
   2.4032270e+06   3.1000000e+01
   2.4036930e+06   2.7000000e+01
   2.4050830e+06   3.9000000e+01
   2.4056120e+06   2.7000000e+01
   2.4600380e+06   2.8000000e+01
   2.4727490e+06   3.6000000e+01
   2.5539610e+06   2.9000000e+01
   2.5610410e+06   3.0000000e+01
   2.5613210e+06   3.6000000e+01
   2.5618330e+06   3.8000000e+01
   2.5621240e+06   2.7000000e+01
   2.5622420e+06   2.9000000e+01
   2.5625730e+06   2.8000000e+01
   2.5626320e+06   2.7000000e+01
   2.5630660e+06   2.7000000e+01
   2.5631910e+06   2.8000000e+01
   2.5632920e+06   2.9000000e+01
   2.5640700e+06   3.2000000e+01
   2.5653060e+06   3.0000000e+01
   2.6061440e+06   2.7000000e+01
   2.6216340e+06   3.2000000e+01
   2.6236080e+06   3.3000000e+01
   2.6240860e+06   3.2000000e+01
   2.6244140e+06   2.7000000e+01
   2.6245090e+06   2.7000000e+01
   2.6246230e+06   2.7000000e+01
   2.6263390e+06   3.4000000e+01
   2.6267380e+06   3.0000000e+01
   2.6268030e+06   2.7000000e+01
   2.6274880e+06   2.8000000e+01
   2.6276830e+06   3.0000000e+01
   2.6277990e+06   2.9000000e+01
   2.6285150e+06   2.8000000e+01
   2.6286810e+06   3.0000000e+01
   2.6573470e+06   2.7000000e+01
   2.7082580e+06   2.7000000e+01
   2.7641890e+06   2.8000000e+01
   2.7645700e+06   3.4000000e+01
   2.7649090e+06   3.6000000e+01
   2.7650380e+06   3.2000000e+01
   2.7653520e+06   2.9000000e+01
   2.7655520e+06   2.8000000e+01
   2.7656450e+06   3.0000000e+01
   2.7661900e+06   2.8000000e+01
   2.7670450e+06   3.1000000e+01
   2.7671340e+06   2.8000000e+01
   2.7673980e+06   2.7000000e+01
   2.7675150e+06   2.9000000e+01
   2.7686420e+06   2.7000000e+01
   2.7690100e+06   2.7000000e+01
   2.7693340e+06   2.7000000e+01
   2.7709130e+06   2.7000000e+01
   2.8481480e+06   3.3000000e+01
   2.8491310e+06   3.3000000e+01
   2.8502240e+06   3.1000000e+01
   2.8503800e+06   2.7000000e+01
   2.8507310e+06   3.2000000e+01
   2.8509600e+06   2.8000000e+01
   2.8511430e+06   2.7000000e+01
   2.8514680e+06   2.9000000e+01
   2.8515300e+06   3.7000000e+01
   2.8520240e+06   3.0000000e+01
   2.8531320e+06   2.7000000e+01
   2.9333640e+06   4.0000000e+01
   2.9339120e+06   2.8000000e+01
   2.9349250e+06   3.3000000e+01
   2.9349840e+06   2.9000000e+01
   2.9350990e+06   3.3000000e+01
   2.9352220e+06   2.8000000e+01
   2.9356770e+06   2.8000000e+01
   2.9357310e+06   3.4000000e+01
   2.9359180e+06   2.7000000e+01
   2.9361730e+06   3.0000000e+01
   2.9362120e+06   3.5000000e+01
   2.9362990e+06   3.1000000e+01
   2.9363730e+06   3.3000000e+01
   2.9368090e+06   2.9000000e+01
   2.9374190e+06   2.8000000e+01
   2.9377640e+06   2.7000000e+01
   2.9380340e+06   3.0000000e+01
   2.9381770e+06   2.7000000e+01
   2.9382330e+06   3.6000000e+01
   2.9385120e+06   2.7000000e+01
   2.9386760e+06   2.9000000e+01
   2.9406360e+06   2.9000000e+01
   2.9427340e+06   3.0000000e+01
   2.9561040e+06   3.4000000e+01
   2.9605970e+06   2.7000000e+01
   2.9641150e+06   2.7000000e+01
   2.9667400e+06   2.8000000e+01
   2.9875850e+06   2.7000000e+01
   2.9876750e+06   3.5000000e+01
   2.9888920e+06   3.0000000e+01
   2.9890490e+06   3.0000000e+01
   2.9893920e+06   3.4000000e+01
   2.9896380e+06   2.9000000e+01
   2.9918990e+06   2.9000000e+01
   2.9920870e+06   2.8000000e+01
   2.9935310e+06   3.0000000e+01
   2.9936710e+06   2.7000000e+01
   2.9946940e+06   2.8000000e+01
   3.0127520e+06   3.0000000e+01
   3.0162180e+06   2.7000000e+01
   3.0538460e+06   3.9000000e+01
   3.0546130e+06   2.8000000e+01
   3.0553320e+06   3.2000000e+01
   3.0563840e+06   3.4000000e+01
   3.0567240e+06   3.2000000e+01
   3.0569020e+06   2.7000000e+01
   3.0569510e+06   3.0000000e+01
   3.0574640e+06   2.7000000e+01
   3.0969130e+06   2.8000000e+01
   3.1502990e+06   2.7000000e+01
   3.1504040e+06   3.1000000e+01
   3.1509190e+06   3.3000000e+01
   3.1509970e+06   2.8000000e+01
   3.1512150e+06   2.7000000e+01
   3.1513210e+06   2.9000000e+01
   3.1514010e+06   2.9000000e+01
   3.1520360e+06   2.9000000e+01
   3.1521270e+06   3.0000000e+01
   3.1521710e+06   3.6000000e+01
   3.1530170e+06   2.7000000e+01
   3.1530520e+06   3.0000000e+01
   3.1532490e+06   3.2000000e+01
   3.1542130e+06   2.8000000e+01
   3.1545810e+06   2.8000000e+01
   3.1549940e+06   2.8000000e+01
   3.1662300e+06   3.5000000e+01
   3.2404340e+06   2.7000000e+01
   3.2493440e+06   2.8000000e+01
   3.2596040e+06   3.8000000e+01
   3.2597470e+06   2.7000000e+01
   3.2598150e+06   2.8000000e+01
   3.2598970e+06   3.3000000e+01
   3.2601500e+06   3.2000000e+01
   3.2612400e+06   3.0000000e+01
   3.2613100e+06   3.2000000e+01
   3.2615360e+06   2.8000000e+01
   3.2615610e+06   3.6000000e+01
   3.2620590e+06   2.9000000e+01
   3.2631570e+06   2.9000000e+01
   3.3103060e+06   2.9000000e+01
   3.3429870e+06   3.7000000e+01
   3.3443260e+06   2.7000000e+01
   3.3443880e+06   2.8000000e+01
   3.3454010e+06   3.5000000e+01
   3.3461910e+06   4.3000000e+01
   3.3495490e+06   3.3000000e+01
   3.3648810e+06   2.9000000e+01
   3.3652030e+06   4.9000000e+01
   3.3688320e+06   3.0000000e+01
   3.3714500e+06   2.7000000e+01
   3.4446320e+06   2.7000000e+01
   3.4456130e+06   2.8000000e+01
   3.4640910e+06   3.1000000e+01
   3.4653850e+06   3.5000000e+01
   3.4656890e+06   2.8000000e+01
   3.4657670e+06   2.7000000e+01
   3.4658970e+06   2.8000000e+01
   3.4664860e+06   3.0000000e+01
   3.4669750e+06   2.9000000e+01
   3.4680500e+06   3.1000000e+01
   3.5058720e+06   2.7000000e+01
   3.5600550e+06   2.9000000e+01
   3.5617070e+06   2.8000000e+01
   3.5624660e+06   2.9000000e+01
   3.5625790e+06   3.1000000e+01
   3.5681450e+06   3.1000000e+01
   3.5718790e+06   3.4000000e+01
   3.6473150e+06   2.7000000e+01
   3.6501900e+06   2.7000000e+01
   3.6503520e+06   2.9000000e+01
   3.6521070e+06   3.0000000e+01
   3.6542570e+06   2.7000000e+01
   3.6611610e+06   2.9000000e+01
   3.7140440e+06   3.0000000e+01
   3.7396080e+06   3.2000000e+01
   3.8090370e+06   3.1000000e+01
   3.8113700e+06   3.8000000e+01
   3.8370610e+06   2.8000000e+01
   3.8406200e+06   3.3000000e+01
   3.8409830e+06   3.6000000e+01
   3.8414070e+06   3.0000000e+01
   3.8418230e+06   3.2000000e+01
   3.8477480e+06   3.0000000e+01
   3.8540860e+06   2.8000000e+01
   3.8548470e+06   2.8000000e+01
   3.8751000e+06   3.0000000e+01
   3.8946550e+06   3.0000000e+01
   3.9393880e+06   2.8000000e+01
   3.9397080e+06   3.8000000e+01
   3.9410200e+06   2.9000000e+01
   3.9412470e+06   2.7000000e+01
   3.9417510e+06   4.0000000e+01
   3.9420870e+06   2.9000000e+01
   3.9433540e+06   2.7000000e+01
   3.9600860e+06   2.9000000e+01
   3.9895550e+06   2.7000000e+01
   3.9901880e+06   2.8000000e+01
   3.9916150e+06   3.3000000e+01
   3.9920500e+06   3.5000000e+01
   3.9921560e+06   2.8000000e+01
   3.9925220e+06   2.7000000e+01
   3.9926240e+06   3.0000000e+01
   3.9927110e+06   2.9000000e+01
   3.9931930e+06   3.7000000e+01
   3.9932930e+06   3.0000000e+01
   3.9941680e+06   3.0000000e+01
   4.0371250e+06   2.7000000e+01
   4.0421240e+06   2.7000000e+01
   4.0422160e+06   2.8000000e+01
   4.0429590e+06   2.9000000e+01
   4.0432700e+06   2.7000000e+01
   4.0434610e+06   3.4000000e+01
   4.0435900e+06   2.7000000e+01
   4.0436170e+06   3.2000000e+01
   4.0437240e+06   3.3000000e+01
   4.0439590e+06   2.8000000e+01
   4.0440160e+06   3.1000000e+01
   4.0440920e+06   2.8000000e+01
   4.0442080e+06   2.9000000e+01
   4.0443270e+06   2.7000000e+01
   4.0444610e+06   2.9000000e+01
   4.0451400e+06   2.7000000e+01
   4.0482940e+06   2.8000000e+01
   4.0489750e+06   2.7000000e+01
   4.0624410e+06   3.4000000e+01
   4.0628830e+06   2.7000000e+01
   4.0638620e+06   2.9000000e+01
   4.0649020e+06   2.9000000e+01
   4.0650970e+06   2.7000000e+01
   4.0653800e+06   2.8000000e+01
   4.0665600e+06   3.0000000e+01
   4.1658750e+06   3.0000000e+01
   4.1662310e+06   2.9000000e+01
   4.1666140e+06   2.9000000e+01
   4.1667440e+06   2.9000000e+01
   4.1667990e+06   3.1000000e+01
   4.1672710e+06   2.9000000e+01
   4.1672990e+06   2.9000000e+01
   4.1674630e+06   3.1000000e+01
   4.1675320e+06   3.0000000e+01
   4.1676160e+06   2.7000000e+01
   4.1689070e+06   2.7000000e+01
   4.1691380e+06   2.7000000e+01
   4.1691840e+06   3.1000000e+01
   4.2199170e+06   2.7000000e+01
   4.2250380e+06   3.0000000e+01
   4.2253880e+06   2.8000000e+01
   4.2269600e+06   2.9000000e+01
   4.2277820e+06   2.7000000e+01
   4.2278740e+06   3.3000000e+01
   4.2280640e+06   2.8000000e+01
   4.2281370e+06   3.8000000e+01
   4.2303810e+06   2.8000000e+01
   4.2308180e+06   2.7000000e+01
   4.3378600e+06   3.0000000e+01
   4.3380680e+06   2.9000000e+01
   4.3382580e+06   2.7000000e+01
   4.3398640e+06   2.8000000e+01
   4.3401700e+06   2.7000000e+01
   4.3403910e+06   3.9000000e+01
   4.3417030e+06   2.8000000e+01
   4.3477830e+06   2.7000000e+01
   4.3480670e+06   2.8000000e+01
   4.4200180e+06   2.7000000e+01
   4.4534760e+06   2.7000000e+01
   4.4745080e+06   3.2000000e+01
   4.4745610e+06   3.3000000e+01
   4.4750420e+06   3.1000000e+01
   4.4751140e+06   2.8000000e+01
   4.4753150e+06   2.7000000e+01
   4.4759250e+06   3.0000000e+01
   4.4815910e+06   2.7000000e+01
   4.5597450e+06   2.7000000e+01
   4.5601760e+06   2.8000000e+01
   4.5684600e+06   3.3000000e+01
   4.5684950e+06   2.7000000e+01
   4.5686510e+06   3.3000000e+01
   4.5691720e+06   3.5000000e+01
   4.5695050e+06   3.0000000e+01
   4.5958810e+06   2.7000000e+01
   4.6252040e+06   3.0000000e+01
   4.6430460e+06   3.1000000e+01
   4.6433470e+06   2.9000000e+01
   4.6437640e+06   3.3000000e+01
   4.6439520e+06   2.7000000e+01
   4.6504050e+06   2.9000000e+01
   4.7134260e+06   2.8000000e+01
   4.7152960e+06   2.8000000e+01
   4.7238890e+06   2.7000000e+01
   4.7445590e+06   2.9000000e+01
   4.7563240e+06   2.7000000e+01
   4.7780580e+06   2.8000000e+01
   4.7982720e+06   3.0000000e+01
   4.8031360e+06   3.0000000e+01
   4.8033100e+06   2.9000000e+01
   4.8035690e+06   2.9000000e+01
   4.8037210e+06   2.7000000e+01
   4.8037740e+06   3.5000000e+01
   4.8087800e+06   3.8000000e+01
   4.8093800e+06   5.0000000e+01
   4.8104290e+06   3.3000000e+01
   4.8112480e+06   3.0000000e+01
   4.8113070e+06   4.0000000e+01
   4.8159820e+06   2.9000000e+01
   4.8226560e+06   2.7000000e+01
   4.8665420e+06   2.7000000e+01
   4.8813310e+06   2.9000000e+01
   4.8860990e+06   2.7000000e+01
   4.8864830e+06   3.5000000e+01
   4.8866440e+06   2.7000000e+01
   4.8867970e+06   2.7000000e+01
   4.8870460e+06   2.9000000e+01
   4.8874020e+06   3.0000000e+01
   4.8875370e+06   4.4000000e+01
   4.8879210e+06   2.9000000e+01
   4.8879980e+06   2.9000000e+01
   4.8883060e+06   2.8000000e+01
   4.8883630e+06   3.0000000e+01
   4.8884210e+06   2.9000000e+01
   4.8885870e+06   3.3000000e+01
   4.8887000e+06   3.3000000e+01
   4.8888560e+06   2.7000000e+01
   4.8900860e+06   3.0000000e+01
   4.8902360e+06   3.2000000e+01
   4.8910340e+06   3.2000000e+01
   4.8927440e+06   2.8000000e+01
   4.8938290e+06   2.9000000e+01
   4.8971530e+06   2.8000000e+01
   4.9073770e+06   2.7000000e+01
   4.9175270e+06   2.9000000e+01
   4.9967480e+06   3.2000000e+01
   4.9973490e+06   3.3000000e+01
   4.9978260e+06   3.1000000e+01
   4.9983130e+06   2.8000000e+01
   4.9983490e+06   3.3000000e+01
   5.0021770e+06   2.9000000e+01
   5.0445440e+06   2.7000000e+01
   5.0497470e+06   4.2000000e+01
   5.0523140e+06   2.8000000e+01
   5.0524730e+06   2.9000000e+01
   5.0526760e+06   3.1000000e+01
   5.0528670e+06   3.3000000e+01
   5.0529430e+06   3.2000000e+01
   5.0537830e+06   2.7000000e+01
   5.0539600e+06   3.0000000e+01
   5.0556360e+06   2.7000000e+01
   5.0556740e+06   2.9000000e+01
   5.0558950e+06   2.8000000e+01
   5.0715430e+06   3.8000000e+01
   5.0733810e+06   3.8000000e+01
   5.1049460e+06   3.1000000e+01
   5.1051450e+06   2.9000000e+01
   5.1055050e+06   3.1000000e+01
   5.1066670e+06   3.1000000e+01
   5.1067570e+06   2.7000000e+01
   5.1073800e+06   2.8000000e+01
   5.1083760e+06   2.8000000e+01
   5.1088810e+06   2.8000000e+01
   5.1089660e+06   2.9000000e+01
   5.1090280e+06   3.8000000e+01
   5.1572560e+06   2.7000000e+01
   5.1574130e+06   2.9000000e+01
   5.1578120e+06   2.8000000e+01
   5.1579720e+06   3.0000000e+01
   5.1590250e+06   3.4000000e+01
   5.1596200e+06   3.5000000e+01
   5.1597580e+06   2.7000000e+01
   5.1598330e+06   2.8000000e+01
   5.1598880e+06   4.4000000e+01
   5.1601970e+06   3.1000000e+01
   5.1608080e+06   2.8000000e+01
   5.1609490e+06   2.7000000e+01
   5.1611680e+06   2.7000000e+01
   5.1621640e+06   2.8000000e+01
   5.2341860e+06   2.8000000e+01
   5.2448040e+06   2.7000000e+01
   5.2448380e+06   3.3000000e+01
   5.2458240e+06   2.7000000e+01
   5.2488770e+06   2.7000000e+01
   5.2767050e+06   3.6000000e+01
   5.2907140e+06   2.9000000e+01
   5.2955910e+06   2.7000000e+01
   5.2957040e+06   2.7000000e+01
   5.2967110e+06   3.4000000e+01
   5.2967840e+06   2.8000000e+01
   5.2974830e+06   3.1000000e+01
   5.2986270e+06   3.6000000e+01
   5.3234140e+06   3.3000000e+01
   5.3813420e+06   2.8000000e+01
   5.3845870e+06   2.8000000e+01
   5.3875810e+06   2.8000000e+01
   5.4115550e+06   3.1000000e+01
   5.4153090e+06   2.7000000e+01
   5.4159340e+06   2.7000000e+01
   5.4162130e+06   3.4000000e+01
   5.4163820e+06   2.8000000e+01
   5.4165560e+06   3.4000000e+01
   5.4181590e+06   3.0000000e+01
   5.4184980e+06   2.8000000e+01
   5.4198030e+06   3.3000000e+01
   5.4228080e+06   2.8000000e+01
   5.4653690e+06   2.8000000e+01
   5.4655250e+06   3.2000000e+01
   5.4659330e+06   2.7000000e+01
   5.4662450e+06   3.4000000e+01
   5.4664170e+06   3.5000000e+01
   5.4668230e+06   3.0000000e+01
   5.4678300e+06   2.9000000e+01
   5.4686950e+06   2.7000000e+01
   5.4692530e+06   2.8000000e+01
   5.4721800e+06   2.7000000e+01
   5.4801240e+06   2.8000000e+01
   5.5339980e+06   2.8000000e+01
   5.5347910e+06   2.8000000e+01
   5.6000260e+06   2.8000000e+01
   5.6170450e+06   2.7000000e+01
   5.6173520e+06   3.1000000e+01
   5.6174280e+06   3.5000000e+01
   5.6557780e+06   2.9000000e+01
   5.6660950e+06   4.2000000e+01
   5.6664510e+06   3.9000000e+01
   5.6666650e+06   2.8000000e+01
   5.6669730e+06   2.8000000e+01
   5.6670760e+06   3.0000000e+01
   5.6672760e+06   2.8000000e+01
   5.6712650e+06   3.0000000e+01
   5.6810320e+06   3.2000000e+01
   5.7166100e+06   3.4000000e+01
   5.7403210e+06   2.9000000e+01
   5.7406740e+06   2.7000000e+01
   5.7408940e+06   3.6000000e+01
   5.7410250e+06   3.1000000e+01
   5.7411270e+06   2.9000000e+01
   5.7412000e+06   3.1000000e+01
   5.7415550e+06   3.0000000e+01
   5.7426930e+06   3.0000000e+01
   5.7429380e+06   3.2000000e+01
   5.7433250e+06   2.9000000e+01
   5.7438350e+06   3.3000000e+01
   5.7446490e+06   2.8000000e+01
   5.7448600e+06   2.8000000e+01
   5.7954390e+06   3.1000000e+01
   5.8327210e+06   2.9000000e+01
   5.8328730e+06   3.2000000e+01
   5.8332400e+06   3.4000000e+01
   5.8336400e+06   3.3000000e+01
   5.8342210e+06   2.9000000e+01
   5.8344720e+06   2.9000000e+01
   5.8346480e+06   3.1000000e+01
   5.8349220e+06   2.7000000e+01
   5.8353340e+06   2.9000000e+01
   5.8369780e+06   2.7000000e+01
   5.8374580e+06   2.7000000e+01
   5.8376130e+06   3.0000000e+01
   5.8407490e+06   2.7000000e+01
   5.8554230e+06   2.8000000e+01
   5.8557000e+06   2.9000000e+01
   5.9251850e+06   2.8000000e+01
   5.9334430e+06   2.8000000e+01
   5.9831880e+06   3.8000000e+01
   5.9834630e+06   2.7000000e+01
   5.9837090e+06   4.3000000e+01
   5.9848480e+06   2.7000000e+01
   5.9851620e+06   2.7000000e+01
   5.9853790e+06   2.7000000e+01
   5.9854150e+06   2.8000000e+01
   5.9855210e+06   2.7000000e+01
   5.9859150e+06   2.9000000e+01
   5.9859700e+06   2.7000000e+01
   5.9866650e+06   2.7000000e+01
   5.9869780e+06   3.1000000e+01
   6.0808840e+06   3.0000000e+01
   6.0883740e+06   2.7000000e+01
   6.1290120e+06   2.7000000e+01
   6.1291690e+06   3.4000000e+01
   6.1299810e+06   3.0000000e+01
   6.1300900e+06   2.7000000e+01
   6.1307420e+06   2.7000000e+01
   6.1308120e+06   2.8000000e+01
   6.1308910e+06   3.0000000e+01
   6.1316830e+06   3.0000000e+01
   6.1345510e+06   2.7000000e+01
   6.1346990e+06   2.9000000e+01
   6.1505700e+06   4.6000000e+01
   6.1511540e+06   4.6000000e+01
   6.1519310e+06   3.9000000e+01
   6.1520410e+06   2.7000000e+01
   6.1520880e+06   2.8000000e+01
   6.1526480e+06   3.8000000e+01
   6.1534700e+06   3.2000000e+01
   6.1547770e+06   4.3000000e+01
   6.1562080e+06   4.1000000e+01
   6.1845770e+06   2.8000000e+01
   6.2121400e+06   2.7000000e+01
   6.2146610e+06   3.0000000e+01
   6.2148310e+06   2.8000000e+01
   6.2150980e+06   3.2000000e+01
   6.2168620e+06   2.9000000e+01
   6.2183800e+06   2.7000000e+01
   6.2507590e+06   2.7000000e+01
   6.2709150e+06   3.1000000e+01
   6.2709500e+06   2.7000000e+01
   6.2710520e+06   3.2000000e+01
   6.2711390e+06   3.4000000e+01
   6.2711870e+06   3.0000000e+01
   6.2715240e+06   2.8000000e+01
   6.2726590e+06   3.5000000e+01
   6.2729790e+06   2.7000000e+01
   6.2730100e+06   3.0000000e+01
   6.2730880e+06   2.9000000e+01
   6.2734070e+06   3.4000000e+01
   6.2736520e+06   3.1000000e+01
   6.2737350e+06   2.8000000e+01
   6.2739030e+06   2.7000000e+01
   6.3414640e+06   4.0000000e+01
   6.3423710e+06   2.8000000e+01
   6.3428680e+06   3.6000000e+01
   6.3440340e+06   4.6000000e+01
   6.3607470e+06   3.2000000e+01
   6.3675620e+06   2.8000000e+01
   6.4028430e+06   2.7000000e+01
   6.4134250e+06   2.8000000e+01
   6.4139980e+06   3.0000000e+01
   6.4143170e+06   2.8000000e+01
   6.4144190e+06   2.7000000e+01
   6.4145730e+06   2.8000000e+01
   6.4154470e+06   2.7000000e+01
   6.4162400e+06   2.8000000e+01
   6.4167520e+06   2.7000000e+01
   6.4173060e+06   2.7000000e+01
   6.5593100e+06   2.7000000e+01
   6.5675420e+06   2.7000000e+01
   6.5675790e+06   2.7000000e+01
   6.5676320e+06   2.9000000e+01
   6.5677940e+06   2.7000000e+01
   6.5681390e+06   2.7000000e+01
   6.5682410e+06   2.7000000e+01
   6.5688020e+06   2.9000000e+01
   6.5696790e+06   2.9000000e+01
   6.5739980e+06   2.7000000e+01
   6.5804940e+06   4.8000000e+01
   6.5807640e+06   3.4000000e+01
   6.5814020e+06   2.7000000e+01
   6.5819290e+06   2.9000000e+01
   6.6052830e+06   2.7000000e+01
   6.6336750e+06   3.3000000e+01
   6.6710150e+06   2.7000000e+01
   6.6975730e+06   2.8000000e+01
   6.7085130e+06   3.0000000e+01
   6.7086310e+06   3.1000000e+01
   6.7086870e+06   2.9000000e+01
   6.7090810e+06   2.9000000e+01
   6.7092840e+06   3.1000000e+01
   6.7098130e+06   2.7000000e+01
   6.7098740e+06   3.0000000e+01
   6.7099640e+06   2.7000000e+01
   6.7111140e+06   2.8000000e+01
   6.7116050e+06   3.7000000e+01
   6.7124790e+06   3.0000000e+01
   6.7125410e+06   2.7000000e+01
   6.7130040e+06   2.9000000e+01
   6.7592530e+06   2.7000000e+01
   6.7769020e+06   3.5000000e+01
   6.7784580e+06   3.9000000e+01
   6.7826050e+06   2.8000000e+01
   6.7877790e+06   2.8000000e+01
   6.7888830e+06   2.7000000e+01
   6.8322740e+06   2.7000000e+01
   6.8327600e+06   3.0000000e+01
   6.8334760e+06   2.9000000e+01
   6.8350820e+06   2.8000000e+01
   6.8352230e+06   2.7000000e+01
   6.8357730e+06   3.4000000e+01
   6.8364680e+06   2.8000000e+01
   6.8376530e+06   3.7000000e+01
   6.8379460e+06   2.7000000e+01
   6.8386050e+06   3.4000000e+01
   6.8390660e+06   3.3000000e+01
   6.8392300e+06   2.9000000e+01
   6.8412910e+06   2.7000000e+01
   6.9332690e+06   2.7000000e+01
   6.9341960e+06   2.7000000e+01
   6.9429560e+06   3.3000000e+01
   6.9687440e+06   2.9000000e+01
   6.9904280e+06   3.9000000e+01
   6.9905310e+06   2.9000000e+01
   6.9905820e+06   2.9000000e+01
   6.9908130e+06   2.9000000e+01
   6.9908530e+06   3.1000000e+01
   6.9917960e+06   2.8000000e+01
   6.9919630e+06   3.3000000e+01
   6.9922040e+06   2.7000000e+01
   6.9929470e+06   2.9000000e+01
   6.9930300e+06   2.7000000e+01
   6.9942590e+06   3.0000000e+01
   6.9954330e+06   2.8000000e+01
   6.9993890e+06   2.7000000e+01
   7.0000110e+06   2.7000000e+01
   7.0495200e+06   2.9000000e+01
   7.0551380e+06   3.3000000e+01
   7.0586440e+06   2.9000000e+01
   7.0588580e+06   3.8000000e+01
   7.0750610e+06   2.8000000e+01
   7.1188180e+06   3.1000000e+01
   7.1401500e+06   2.8000000e+01
   7.1409010e+06   3.1000000e+01
   7.1579730e+06   2.9000000e+01
   7.1913360e+06   2.7000000e+01
   7.1953970e+06   3.0000000e+01
   7.2083080e+06   2.7000000e+01
   7.2572580e+06   3.8000000e+01
   7.2578960e+06   3.0000000e+01
   7.2584690e+06   3.5000000e+01
   7.2593040e+06   2.7000000e+01
   7.2697470e+06   2.9000000e+01
   7.2907930e+06   3.0000000e+01
   7.3240870e+06   2.9000000e+01
   7.3527420e+06   3.1000000e+01
   7.3530840e+06   3.1000000e+01
   7.3531310e+06   3.6000000e+01
   7.3531700e+06   3.3000000e+01
   7.3535040e+06   3.4000000e+01
   7.3538530e+06   3.3000000e+01
   7.3540630e+06   2.8000000e+01
   7.3544620e+06   2.8000000e+01
   7.3545520e+06   3.7000000e+01
   7.3579890e+06   3.2000000e+01
   7.3690570e+06   2.7000000e+01
   7.4020430e+06   2.7000000e+01
   7.4270180e+06   3.1000000e+01
   7.4271670e+06   2.7000000e+01
   7.4274260e+06   3.3000000e+01
   7.4278280e+06   4.2000000e+01
   7.4281050e+06   2.8000000e+01
   7.4281370e+06   2.7000000e+01
   7.4283540e+06   2.8000000e+01
   7.4290920e+06   2.7000000e+01
   7.4305790e+06   3.0000000e+01
   7.4306940e+06   2.9000000e+01
   7.4316620e+06   2.7000000e+01
   7.4322390e+06   3.4000000e+01
   7.4488560e+06   3.5000000e+01
   7.4694150e+06   2.8000000e+01
   7.4698250e+06   3.4000000e+01
   7.4699460e+06   2.9000000e+01
   7.4702760e+06   2.7000000e+01
   7.4713320e+06   3.3000000e+01
   7.4714540e+06   2.9000000e+01
   7.4715060e+06   3.4000000e+01
   7.4716450e+06   3.4000000e+01
   7.4717330e+06   2.7000000e+01
   7.4726770e+06   2.8000000e+01
   7.4733760e+06   2.8000000e+01
   7.4734540e+06   2.7000000e+01
   7.4737110e+06   2.9000000e+01
   7.4739990e+06   2.7000000e+01
