   7.5250000e+06   0.0000000e+00
   1.6189000e+04   2.3000000e+01
   1.3418000e+05   2.1000000e+01
   1.3800800e+05   2.2000000e+01
   2.6607900e+05   2.5000000e+01
   3.4346100e+05   2.3000000e+01
   5.0026000e+05   2.2000000e+01
   6.2278000e+05   2.1000000e+01
   6.2280900e+05   2.2000000e+01
   7.1975200e+05   2.1000000e+01
   8.6871500e+05   2.1000000e+01
   9.4399000e+05   2.2000000e+01
   9.9742400e+05   2.3000000e+01
   1.0043880e+06   2.6000000e+01
   1.1526710e+06   2.3000000e+01
   1.2348730e+06   2.5000000e+01
   1.2377770e+06   2.4000000e+01
   1.2838420e+06   2.3000000e+01
   1.2855090e+06   2.1000000e+01
   1.3470200e+06   2.1000000e+01
   1.3479900e+06   2.2000000e+01
   1.4331580e+06   2.1000000e+01
   1.6221040e+06   2.9000000e+01
   1.7689790e+06   2.2000000e+01
   1.8092740e+06   2.8000000e+01
   1.8095450e+06   2.1000000e+01
   1.8121370e+06   2.2000000e+01
   2.0277060e+06   2.3000000e+01
   2.2055690e+06   2.2000000e+01
   2.2856140e+06   2.1000000e+01
   2.4020920e+06   2.1000000e+01
   2.4061620e+06   2.1000000e+01
   2.4063640e+06   2.3000000e+01
   2.6263650e+06   2.3000000e+01
   2.6268240e+06   2.1000000e+01
   2.6287270e+06   2.1000000e+01
   2.7076980e+06   2.1000000e+01
   2.7651880e+06   2.2000000e+01
   2.7656440e+06   2.2000000e+01
   2.7674750e+06   2.1000000e+01
   2.8509640e+06   2.1000000e+01
   2.8514690e+06   2.5000000e+01
   2.9352060e+06   2.3000000e+01
   2.9352770e+06   2.3000000e+01
   2.9354310e+06   2.3000000e+01
   2.9355680e+06   2.1000000e+01
   2.9369110e+06   2.1000000e+01
   2.9393810e+06   2.1000000e+01
   2.9422580e+06   2.3000000e+01
   2.9464250e+06   2.2000000e+01
   3.0305830e+06   2.1000000e+01
   3.0549380e+06   2.1000000e+01
   3.0572480e+06   2.2000000e+01
   3.1150490e+06   2.1000000e+01
   3.1513780e+06   2.2000000e+01
   3.1521280e+06   2.4000000e+01
   3.1546040e+06   2.2000000e+01
   3.2611960e+06   2.2000000e+01
   3.2615380e+06   2.1000000e+01
   3.3794370e+06   2.1000000e+01
   3.4670220e+06   2.4000000e+01
   3.4689220e+06   2.6000000e+01
   3.6394550e+06   2.1000000e+01
   3.7121450e+06   2.2000000e+01
   3.9422630e+06   2.5000000e+01
   3.9433650e+06   2.4000000e+01
   3.9932050e+06   2.4000000e+01
   3.9935510e+06   2.2000000e+01
   4.0436140e+06   2.1000000e+01
   4.0437260e+06   2.4000000e+01
   4.0438970e+06   2.5000000e+01
   4.1674410e+06   2.1000000e+01
   4.1675390e+06   2.1000000e+01
   4.2297360e+06   2.5000000e+01
   4.2347370e+06   2.4000000e+01
   4.3416590e+06   2.4000000e+01
   4.4587240e+06   2.4000000e+01
   4.8870230e+06   2.3000000e+01
   5.1089710e+06   2.2000000e+01
   5.1090160e+06   2.5000000e+01
   5.1094690e+06   2.2000000e+01
   5.1602200e+06   2.1000000e+01
   5.1606790e+06   2.2000000e+01
   5.1649050e+06   2.4000000e+01
   5.3870700e+06   2.9000000e+01
   5.4165840e+06   2.2000000e+01
   5.4683050e+06   2.3000000e+01
   5.4688630e+06   2.2000000e+01
   5.6701510e+06   2.2000000e+01
   5.6730210e+06   2.1000000e+01
   5.6740260e+06   2.1000000e+01
   5.8353340e+06   2.1000000e+01
   5.8396100e+06   2.1000000e+01
   5.9851590e+06   2.1000000e+01
   6.1310900e+06   2.3000000e+01
   6.2725920e+06   2.8000000e+01
   6.3327070e+06   2.1000000e+01
   6.3886250e+06   2.3000000e+01
   6.4144180e+06   2.1000000e+01
   6.7130280e+06   2.1000000e+01
   6.7132920e+06   2.6000000e+01
   6.7135380e+06   2.2000000e+01
   6.7877760e+06   2.3000000e+01
   6.8357870e+06   2.2000000e+01
   6.8359840e+06   2.3000000e+01
   6.8364370e+06   2.2000000e+01
   6.8390670e+06   2.5000000e+01
   6.9937200e+06   2.1000000e+01
   7.2576460e+06   2.1000000e+01
   7.3538560e+06   2.1000000e+01
   7.3544640e+06   2.2000000e+01
   7.3662500e+06   2.1000000e+01
   7.3990180e+06   2.6000000e+01
   7.4299380e+06   2.6000000e+01
   7.4717450e+06   2.3000000e+01
   7.4737450e+06   2.1000000e+01
