   7.5250000e+06   0.0000000e+00
   2.8190000e+03   2.3000000e+01
   1.5125000e+04   2.2000000e+01
   1.3417900e+05   2.5000000e+01
   1.3800800e+05   2.9000000e+01
   3.3895000e+05   2.2000000e+01
   3.4345600e+05   2.3000000e+01
   5.0035100e+05   2.2000000e+01
   5.0098000e+05   2.4000000e+01
   5.0555400e+05   2.2000000e+01
   5.9281700e+05   2.2000000e+01
   6.2008600e+05   2.4000000e+01
   7.2295600e+05   2.2000000e+01
   9.4397600e+05   2.4000000e+01
   9.9741000e+05   2.5000000e+01
   1.1473270e+06   2.4000000e+01
   1.2316720e+06   2.2000000e+01
   1.2318600e+06   2.2000000e+01
   1.2321210e+06   2.5000000e+01
   1.2802990e+06   2.2000000e+01
   1.2838410e+06   2.6000000e+01
   1.2855090e+06   2.2000000e+01
   1.3447290e+06   2.2000000e+01
   1.3449750e+06   2.5000000e+01
   1.3453420e+06   2.2000000e+01
   1.6191170e+06   2.3000000e+01
   1.6199530e+06   2.3000000e+01
   1.7158500e+06   2.2000000e+01
   1.7645440e+06   2.4000000e+01
   1.7649550e+06   2.5000000e+01
   1.7689350e+06   2.3000000e+01
   2.0291690e+06   2.2000000e+01
   2.0301490e+06   2.2000000e+01
   2.4020870e+06   2.2000000e+01
   2.4063610e+06   2.4000000e+01
   2.4065830e+06   2.3000000e+01
   2.5618580e+06   2.2000000e+01
   2.5631940e+06   2.2000000e+01
   2.5632970e+06   2.3000000e+01
   2.6263650e+06   2.6000000e+01
   2.6268030e+06   2.2000000e+01
   2.6287870e+06   2.2000000e+01
   2.7649120e+06   2.2000000e+01
   2.7653300e+06   2.3000000e+01
   2.7656440e+06   2.9000000e+01
   2.7686390e+06   2.3000000e+01
   2.8514680e+06   2.2000000e+01
   2.9351980e+06   2.5000000e+01
   2.9427420e+06   2.2000000e+01
   2.9436270e+06   2.2000000e+01
   3.0563820e+06   2.3000000e+01
   3.1521280e+06   2.9000000e+01
   3.1523640e+06   2.3000000e+01
   3.2404170e+06   2.2000000e+01
   3.2612040e+06   3.0000000e+01
   3.2615510e+06   2.5000000e+01
   3.2620550e+06   2.3000000e+01
   3.3544630e+06   2.4000000e+01
   3.4653710e+06   2.2000000e+01
   3.4669730e+06   2.3000000e+01
   3.6394550e+06   2.2000000e+01
   3.7121460e+06   2.2000000e+01
   3.9422520e+06   2.3000000e+01
   3.9932050e+06   2.2000000e+01
   4.0429620e+06   2.2000000e+01
   4.0437260e+06   2.5000000e+01
   4.0458220e+06   2.4000000e+01
   4.1691980e+06   2.6000000e+01
   4.2281410e+06   2.2000000e+01
   4.2293940e+06   2.3000000e+01
   4.8879190e+06   2.5000000e+01
   5.0539610e+06   2.2000000e+01
   5.1068510e+06   2.3000000e+01
   5.1073800e+06   2.3000000e+01
   5.1089710e+06   2.3000000e+01
   5.1090310e+06   2.4000000e+01
   5.1622600e+06   2.3000000e+01
   5.2841920e+06   2.4000000e+01
   5.3855150e+06   2.2000000e+01
   5.4167330e+06   2.2000000e+01
   5.4181440e+06   2.2000000e+01
   5.6086300e+06   2.3000000e+01
   5.6172540e+06   2.3000000e+01
   5.6174620e+06   2.2000000e+01
   5.7457210e+06   2.2000000e+01
   5.8344790e+06   2.2000000e+01
   5.9851590e+06   2.4000000e+01
   6.1324670e+06   2.2000000e+01
   6.2183640e+06   2.3000000e+01
   6.2715440e+06   2.3000000e+01
   6.5688090e+06   2.2000000e+01
   6.7124820e+06   2.5000000e+01
   6.7130470e+06   2.2000000e+01
   6.7824210e+06   2.3000000e+01
   6.7877750e+06   2.2000000e+01
   6.8364380e+06   2.6000000e+01
   6.9974520e+06   2.4000000e+01
   7.0633180e+06   2.2000000e+01
   7.1953950e+06   2.3000000e+01
   7.2122790e+06   2.2000000e+01
   7.2919260e+06   2.6000000e+01
   7.3538540e+06   2.2000000e+01
   7.3544670e+06   2.2000000e+01
   7.3560030e+06   2.2000000e+01
   7.4717450e+06   2.2000000e+01
   7.4737450e+06   2.2000000e+01
