   7.5250000e+06   0.0000000e+00
   2.8180000e+03   2.8000000e+01
   1.0465000e+04   2.6000000e+01
   1.1532000e+04   2.6000000e+01
   1.1785000e+04   2.6000000e+01
   1.1896000e+04   2.8000000e+01
   1.2157000e+04   2.6000000e+01
   1.2816000e+04   2.8000000e+01
   1.4393000e+04   2.7000000e+01
   1.5098000e+04   2.7000000e+01
   2.6788000e+04   2.6000000e+01
   3.1353000e+04   2.6000000e+01
   1.3016500e+05   2.9000000e+01
   1.3117700e+05   2.9000000e+01
   1.3411900e+05   2.7000000e+01
   1.3418700e+05   3.4000000e+01
   1.3503500e+05   2.9000000e+01
   1.3510600e+05   3.2000000e+01
   1.3569500e+05   3.2000000e+01
   1.3800800e+05   2.9000000e+01
   1.7440500e+05   2.8000000e+01
   2.0793500e+05   2.9000000e+01
   2.0806900e+05   2.7000000e+01
   2.0958900e+05   2.8000000e+01
   2.1028500e+05   2.8000000e+01
   2.1059300e+05   2.6000000e+01
   2.1123700e+05   3.1000000e+01
   2.5969400e+05   2.7000000e+01
   2.5988300e+05   2.6000000e+01
   2.6014200e+05   2.7000000e+01
   2.6017200e+05   2.7000000e+01
   2.6089900e+05   2.9000000e+01
   2.6178900e+05   2.7000000e+01
   2.6216900e+05   2.6000000e+01
   2.6291300e+05   2.7000000e+01
   2.6422700e+05   2.8000000e+01
   2.6453900e+05   3.4000000e+01
   2.6774000e+05   2.7000000e+01
   3.3895000e+05   3.0000000e+01
   3.3900100e+05   3.4000000e+01
   3.3914300e+05   2.7000000e+01
   3.3922700e+05   3.0000000e+01
   3.3991200e+05   2.7000000e+01
   3.4155300e+05   2.6000000e+01
   3.4348000e+05   3.4000000e+01
   3.4725500e+05   2.7000000e+01
   4.0461700e+05   2.8000000e+01
   4.2085300e+05   2.9000000e+01
   4.3336100e+05   3.1000000e+01
   4.3519500e+05   2.6000000e+01
   4.3553600e+05   3.0000000e+01
   4.3570600e+05   3.1000000e+01
   4.9849200e+05   3.4000000e+01
   4.9871600e+05   2.6000000e+01
   4.9898500e+05   4.1000000e+01
   5.0002800e+05   2.9000000e+01
   5.0025500e+05   3.6000000e+01
   5.0037200e+05   3.3000000e+01
   5.0091900e+05   3.0000000e+01
   5.0099500e+05   3.2000000e+01
   5.0202600e+05   2.6000000e+01
   5.0556800e+05   3.5000000e+01
   5.6063400e+05   2.8000000e+01
   6.1744700e+05   2.7000000e+01
   6.1748800e+05   2.9000000e+01
   6.1779800e+05   3.4000000e+01
   6.1784200e+05   2.6000000e+01
   6.1799100e+05   2.7000000e+01
   6.1810700e+05   2.6000000e+01
   6.1865300e+05   2.9000000e+01
   6.1912900e+05   3.0000000e+01
   6.1947900e+05   2.6000000e+01
   6.1956500e+05   2.7000000e+01
   6.1996800e+05   2.8000000e+01
   6.2099200e+05   2.7000000e+01
   6.2102100e+05   2.8000000e+01
   6.2277700e+05   2.8000000e+01
   6.2280900e+05   3.2000000e+01
   6.2415900e+05   2.7000000e+01
   6.2949000e+05   2.6000000e+01
   6.4250700e+05   2.7000000e+01
   6.5727400e+05   2.7000000e+01
   6.7618000e+05   2.6000000e+01
   6.8526900e+05   2.8000000e+01
   7.1615900e+05   2.8000000e+01
   7.1933200e+05   2.7000000e+01
   7.1978900e+05   2.6000000e+01
   7.2130100e+05   2.7000000e+01
   7.2150600e+05   2.6000000e+01
   7.2186900e+05   2.9000000e+01
   7.2202600e+05   2.7000000e+01
   7.2224400e+05   2.6000000e+01
   7.2468700e+05   2.7000000e+01
   7.2487700e+05   2.7000000e+01
   7.7624400e+05   3.1000000e+01
   7.8129500e+05   3.2000000e+01
   7.8302600e+05   2.9000000e+01
   7.8309100e+05   2.8000000e+01
   7.8453800e+05   2.8000000e+01
   7.8553000e+05   2.7000000e+01
   8.4818100e+05   2.6000000e+01
   8.4957500e+05   2.8000000e+01
   8.5117100e+05   2.6000000e+01
   8.5162500e+05   3.3000000e+01
   8.5296400e+05   2.7000000e+01
   8.5424800e+05   2.9000000e+01
   8.5527800e+05   2.7000000e+01
   8.5550200e+05   2.8000000e+01
   8.6017900e+05   2.9000000e+01
   8.7717000e+05   3.0000000e+01
   9.3577400e+05   2.8000000e+01
   9.4268400e+05   3.7000000e+01
   9.4320500e+05   3.2000000e+01
   9.8894700e+05   2.6000000e+01
   9.9619100e+05   2.9000000e+01
   9.9661900e+05   2.6000000e+01
   9.9694700e+05   2.7000000e+01
   9.9741700e+05   3.3000000e+01
   9.9765700e+05   3.1000000e+01
   9.9826700e+05   2.9000000e+01
   9.9834300e+05   2.7000000e+01
   9.9862500e+05   3.3000000e+01
   9.9931400e+05   2.6000000e+01
   9.9943400e+05   3.4000000e+01
   1.0967710e+06   2.8000000e+01
   1.1007920e+06   2.6000000e+01
   1.1182850e+06   2.6000000e+01
   1.1341450e+06   3.1000000e+01
   1.1462430e+06   3.0000000e+01
   1.1465650e+06   3.1000000e+01
   1.1466880e+06   2.8000000e+01
   1.1469890e+06   2.7000000e+01
   1.1471040e+06   2.6000000e+01
   1.1473270e+06   2.6000000e+01
   1.1491520e+06   2.7000000e+01
   1.1496120e+06   2.6000000e+01
   1.1503270e+06   2.8000000e+01
   1.1521380e+06   2.7000000e+01
   1.1523780e+06   2.6000000e+01
   1.2038930e+06   2.9000000e+01
   1.2306110e+06   2.9000000e+01
   1.2311210e+06   3.1000000e+01
   1.2311470e+06   3.7000000e+01
   1.2314020e+06   2.6000000e+01
   1.2316720e+06   3.4000000e+01
   1.2321210e+06   2.7000000e+01
   1.2327760e+06   2.6000000e+01
   1.2329640e+06   2.7000000e+01
   1.2357240e+06   3.2000000e+01
   1.2612760e+06   2.6000000e+01
   1.2750290e+06   2.6000000e+01
   1.2765630e+06   2.7000000e+01
   1.2766420e+06   2.6000000e+01
   1.2783690e+06   2.7000000e+01
   1.2800230e+06   2.6000000e+01
   1.2820020e+06   2.9000000e+01
   1.2838390e+06   3.3000000e+01
   1.2841630e+06   2.8000000e+01
   1.2843660e+06   2.6000000e+01
   1.2855090e+06   2.6000000e+01
   1.3447280e+06   3.1000000e+01
   1.3449750e+06   3.4000000e+01
   1.3456190e+06   2.6000000e+01
   1.3456900e+06   2.6000000e+01
   1.3480010e+06   3.5000000e+01
   1.3509220e+06   2.7000000e+01
   1.3838200e+06   2.7000000e+01
   1.4191600e+06   3.2000000e+01
   1.4199830e+06   2.6000000e+01
   1.4459080e+06   2.7000000e+01
   1.4938290e+06   2.7000000e+01
   1.4992470e+06   3.0000000e+01
   1.5063740e+06   2.8000000e+01
   1.5094570e+06   2.7000000e+01
   1.5101570e+06   2.6000000e+01
   1.5107590e+06   2.6000000e+01
   1.5109300e+06   2.6000000e+01
   1.5113450e+06   2.9000000e+01
   1.5126090e+06   3.2000000e+01
   1.5171680e+06   2.9000000e+01
   1.5178630e+06   2.6000000e+01
   1.5266610e+06   2.7000000e+01
   1.5280870e+06   2.8000000e+01
   1.5335480e+06   2.6000000e+01
   1.5420470e+06   2.9000000e+01
   1.5427060e+06   2.6000000e+01
   1.5671920e+06   2.7000000e+01
   1.5708840e+06   3.2000000e+01
   1.5709900e+06   2.6000000e+01
   1.6169730e+06   2.8000000e+01
   1.6188570e+06   2.6000000e+01
   1.6189050e+06   2.6000000e+01
   1.6190660e+06   2.9000000e+01
   1.6194340e+06   2.8000000e+01
   1.6196920e+06   3.1000000e+01
   1.6198590e+06   2.8000000e+01
   1.6199760e+06   3.3000000e+01
   1.6205650e+06   3.1000000e+01
   1.6222440e+06   2.6000000e+01
   1.6627460e+06   2.6000000e+01
   1.6672900e+06   2.6000000e+01
   1.6802490e+06   2.6000000e+01
   1.7048350e+06   3.0000000e+01
   1.7085720e+06   2.6000000e+01
   1.7103080e+06   2.7000000e+01
   1.7111740e+06   2.7000000e+01
   1.7158900e+06   2.6000000e+01
   1.7161300e+06   2.7000000e+01
   1.7566560e+06   2.6000000e+01
   1.7607190e+06   2.9000000e+01
   1.7638420e+06   2.7000000e+01
   1.7645110e+06   3.1000000e+01
   1.7649140e+06   3.1000000e+01
   1.7655420e+06   2.8000000e+01
   1.7689480e+06   2.8000000e+01
   1.8080660e+06   3.0000000e+01
   1.8084780e+06   2.6000000e+01
   1.8085890e+06   2.7000000e+01
   1.8090700e+06   2.6000000e+01
   1.8092030e+06   2.6000000e+01
   1.8094470e+06   3.1000000e+01
   1.8094750e+06   2.7000000e+01
   1.8095330e+06   2.6000000e+01
   1.8099610e+06   3.1000000e+01
   1.8101970e+06   2.6000000e+01
   1.8847710e+06   2.6000000e+01
   1.8890390e+06   2.6000000e+01
   1.8963160e+06   3.2000000e+01
   1.9303650e+06   2.6000000e+01
   1.9387870e+06   2.6000000e+01
   1.9389900e+06   2.6000000e+01
   1.9390600e+06   2.6000000e+01
   1.9428560e+06   2.6000000e+01
   1.9456440e+06   2.9000000e+01
   1.9662240e+06   2.9000000e+01
   1.9666940e+06   3.1000000e+01
   1.9763360e+06   2.9000000e+01
   1.9864290e+06   2.7000000e+01
   1.9882590e+06   2.9000000e+01
   1.9954190e+06   2.6000000e+01
   2.0216970e+06   2.9000000e+01
   2.0225950e+06   2.7000000e+01
   2.0226990e+06   2.7000000e+01
   2.0253050e+06   3.1000000e+01
   2.0264660e+06   2.6000000e+01
   2.0291700e+06   2.6000000e+01
   2.0322940e+06   3.0000000e+01
   2.0327800e+06   2.6000000e+01
   2.0333260e+06   2.6000000e+01
   2.0356610e+06   2.7000000e+01
   2.0391520e+06   2.8000000e+01
   2.0484350e+06   2.6000000e+01
   2.0502620e+06   2.6000000e+01
   2.0520750e+06   2.7000000e+01
   2.0521310e+06   2.6000000e+01
   2.0677480e+06   2.6000000e+01
   2.0729280e+06   2.6000000e+01
   2.0988870e+06   2.9000000e+01
   2.1197550e+06   2.6000000e+01
   2.1368070e+06   2.6000000e+01
   2.1418980e+06   2.7000000e+01
   2.1462130e+06   2.7000000e+01
   2.1564400e+06   2.6000000e+01
   2.1779200e+06   2.6000000e+01
   2.1835980e+06   2.6000000e+01
   2.1924410e+06   3.3000000e+01
   2.2043660e+06   2.6000000e+01
   2.2055280e+06   2.6000000e+01
   2.2056880e+06   2.6000000e+01
   2.2677520e+06   2.6000000e+01
   2.2754110e+06   2.6000000e+01
   2.2780150e+06   2.7000000e+01
   2.2782340e+06   2.9000000e+01
   2.2785340e+06   3.0000000e+01
   2.2790570e+06   3.1000000e+01
   2.2791160e+06   2.6000000e+01
   2.2793090e+06   2.7000000e+01
   2.2805380e+06   4.5000000e+01
   2.2813760e+06   2.6000000e+01
   2.2819110e+06   2.7000000e+01
   2.3197170e+06   2.7000000e+01
   2.3495490e+06   2.6000000e+01
   2.3661690e+06   2.6000000e+01
   2.3671750e+06   2.6000000e+01
   2.3893110e+06   3.1000000e+01
   2.4020080e+06   2.6000000e+01
   2.4020880e+06   3.0000000e+01
   2.4032180e+06   2.6000000e+01
   2.4034600e+06   2.8000000e+01
   2.4043160e+06   2.6000000e+01
   2.4045690e+06   2.7000000e+01
   2.4049790e+06   2.9000000e+01
   2.4063000e+06   2.8000000e+01
   2.4583980e+06   2.7000000e+01
   2.4591340e+06   2.6000000e+01
   2.4754990e+06   2.8000000e+01
   2.5257380e+06   2.7000000e+01
   2.5539620e+06   2.9000000e+01
   2.5595940e+06   2.8000000e+01
   2.5618600e+06   3.0000000e+01
   2.5622750e+06   2.6000000e+01
   2.5632970e+06   3.1000000e+01
   2.5638210e+06   3.1000000e+01
   2.5642170e+06   2.6000000e+01
   2.5924750e+06   2.7000000e+01
   2.6263640e+06   3.3000000e+01
   2.6265220e+06   2.9000000e+01
   2.6268000e+06   3.1000000e+01
   2.6277880e+06   2.8000000e+01
   2.6283160e+06   2.7000000e+01
   2.6286780e+06   2.6000000e+01
   2.6287270e+06   3.0000000e+01
   2.6287870e+06   2.7000000e+01
   2.6297430e+06   2.7000000e+01
   2.6382960e+06   2.6000000e+01
   2.6997710e+06   3.0000000e+01
   2.7083490e+06   2.7000000e+01
   2.7116200e+06   2.9000000e+01
   2.7118830e+06   2.8000000e+01
   2.7628040e+06   2.8000000e+01
   2.7639730e+06   2.7000000e+01
   2.7650430e+06   2.7000000e+01
   2.7653550e+06   2.8000000e+01
   2.7656430e+06   3.4000000e+01
   2.7659190e+06   3.1000000e+01
   2.7666250e+06   2.6000000e+01
   2.7670900e+06   2.6000000e+01
   2.7671320e+06   2.7000000e+01
   2.7674300e+06   2.9000000e+01
   2.7675120e+06   2.9000000e+01
   2.7686550e+06   2.6000000e+01
   2.7688770e+06   2.9000000e+01
   2.7689090e+06   2.7000000e+01
   2.8410650e+06   2.8000000e+01
   2.8505630e+06   2.8000000e+01
   2.8509340e+06   2.6000000e+01
   2.8511210e+06   2.7000000e+01
   2.8514140e+06   2.6000000e+01
   2.8514690e+06   2.6000000e+01
   2.8519530e+06   2.6000000e+01
   2.8527670e+06   2.8000000e+01
   2.8534180e+06   3.1000000e+01
   2.8567950e+06   2.7000000e+01
   2.8962830e+06   2.8000000e+01
   2.9349040e+06   2.6000000e+01
   2.9350270e+06   3.0000000e+01
   2.9351980e+06   2.8000000e+01
   2.9353400e+06   2.7000000e+01
   2.9359390e+06   2.6000000e+01
   2.9369140e+06   2.6000000e+01
   2.9374220e+06   2.6000000e+01
   2.9377330e+06   2.8000000e+01
   2.9378040e+06   2.6000000e+01
   2.9393790e+06   2.9000000e+01
   2.9394770e+06   2.7000000e+01
   2.9398200e+06   2.6000000e+01
   2.9406130e+06   2.6000000e+01
   2.9412810e+06   2.6000000e+01
   2.9427210e+06   2.7000000e+01
   2.9436280e+06   2.6000000e+01
   2.9442750e+06   2.6000000e+01
   2.9449220e+06   2.6000000e+01
   2.9561220e+06   3.1000000e+01
   2.9595120e+06   2.7000000e+01
   2.9893730e+06   2.6000000e+01
   2.9896030e+06   2.7000000e+01
   2.9919130e+06   2.9000000e+01
   2.9935510e+06   2.9000000e+01
   3.0420310e+06   2.6000000e+01
   3.0543300e+06   2.9000000e+01
   3.0547190e+06   2.9000000e+01
   3.0552900e+06   2.6000000e+01
   3.0563820e+06   2.7000000e+01
   3.0565940e+06   2.6000000e+01
   3.0568140e+06   3.1000000e+01
   3.0569390e+06   3.1000000e+01
   3.0570260e+06   2.6000000e+01
   3.0570560e+06   2.9000000e+01
   3.0580600e+06   2.7000000e+01
   3.0969110e+06   3.4000000e+01
   3.1150490e+06   2.8000000e+01
   3.1333640e+06   2.8000000e+01
   3.1510010e+06   2.6000000e+01
   3.1513990e+06   3.2000000e+01
   3.1521070e+06   2.6000000e+01
   3.1522760e+06   2.8000000e+01
   3.1523610e+06   2.8000000e+01
   3.1531620e+06   2.7000000e+01
   3.1533850e+06   2.6000000e+01
   3.1541550e+06   2.7000000e+01
   3.1562120e+06   2.6000000e+01
   3.2390510e+06   2.6000000e+01
   3.2404210e+06   2.7000000e+01
   3.2493450e+06   3.1000000e+01
   3.2606380e+06   2.7000000e+01
   3.2609250e+06   2.8000000e+01
   3.2609980e+06   2.6000000e+01
   3.2612040e+06   3.8000000e+01
   3.2615380e+06   2.7000000e+01
   3.2618290e+06   2.9000000e+01
   3.2620560e+06   2.6000000e+01
   3.2632580e+06   2.6000000e+01
   3.2648440e+06   3.0000000e+01
   3.3435530e+06   3.1000000e+01
   3.3466790e+06   2.8000000e+01
   3.3544620e+06   2.7000000e+01
   3.3572520e+06   2.8000000e+01
   3.3581240e+06   2.7000000e+01
   3.3648820e+06   2.8000000e+01
   3.3665820e+06   2.7000000e+01
   3.3674470e+06   2.7000000e+01
   3.3685300e+06   2.7000000e+01
   3.3688350e+06   2.6000000e+01
   3.3689000e+06   3.2000000e+01
   3.3707320e+06   2.7000000e+01
   3.3923710e+06   3.1000000e+01
   3.4456260e+06   3.4000000e+01
   3.4597450e+06   2.6000000e+01
   3.4603940e+06   3.3000000e+01
   3.4622130e+06   2.8000000e+01
   3.4635990e+06   2.6000000e+01
   3.4653670e+06   2.6000000e+01
   3.4658950e+06   3.1000000e+01
   3.4659860e+06   3.0000000e+01
   3.4663380e+06   2.7000000e+01
   3.4666100e+06   2.6000000e+01
   3.4669730e+06   2.8000000e+01
   3.4673270e+06   2.6000000e+01
   3.4689320e+06   2.9000000e+01
   3.4778620e+06   2.6000000e+01
   3.4959450e+06   2.6000000e+01
   3.5617470e+06   2.7000000e+01
   3.5624630e+06   3.2000000e+01
   3.5689010e+06   2.6000000e+01
   3.5699650e+06   2.6000000e+01
   3.5821950e+06   2.7000000e+01
   3.6256480e+06   2.6000000e+01
   3.6394550e+06   2.9000000e+01
   3.6494330e+06   2.6000000e+01
   3.6503530e+06   3.1000000e+01
   3.6521100e+06   2.7000000e+01
   3.6552300e+06   2.8000000e+01
   3.6649950e+06   3.0000000e+01
   3.6652930e+06   2.6000000e+01
   3.6848690e+06   2.7000000e+01
   3.6861730e+06   2.6000000e+01
   3.6915320e+06   2.6000000e+01
   3.6970570e+06   2.7000000e+01
   3.6979650e+06   2.7000000e+01
   3.6989700e+06   2.7000000e+01
   3.6991340e+06   2.8000000e+01
   3.7032120e+06   2.7000000e+01
   3.7121450e+06   2.8000000e+01
   3.7697070e+06   3.2000000e+01
   3.8131220e+06   2.6000000e+01
   3.8390740e+06   2.9000000e+01
   3.8464610e+06   2.7000000e+01
   3.8472400e+06   2.6000000e+01
   3.8477590e+06   2.8000000e+01
   3.8598440e+06   2.7000000e+01
   3.8600860e+06   2.6000000e+01
   3.8668330e+06   2.6000000e+01
   3.8752980e+06   2.9000000e+01
   3.8876400e+06   3.3000000e+01
   3.8914970e+06   2.6000000e+01
   3.8917730e+06   2.6000000e+01
   3.8935400e+06   2.7000000e+01
   3.8984090e+06   2.7000000e+01
   3.8991570e+06   3.1000000e+01
   3.9064530e+06   2.9000000e+01
   3.9388170e+06   2.6000000e+01
   3.9412450e+06   3.0000000e+01
   3.9422610e+06   2.6000000e+01
   3.9433550e+06   2.8000000e+01
   3.9438310e+06   2.6000000e+01
   3.9443060e+06   2.6000000e+01
   3.9600700e+06   2.6000000e+01
   3.9921270e+06   2.6000000e+01
   3.9928850e+06   3.1000000e+01
   3.9932060e+06   2.9000000e+01
   3.9942450e+06   2.9000000e+01
   3.9943220e+06   3.5000000e+01
   3.9944920e+06   3.0000000e+01
   3.9947580e+06   2.7000000e+01
   4.0028900e+06   2.7000000e+01
   4.0281190e+06   2.8000000e+01
   4.0365860e+06   2.7000000e+01
   4.0371230e+06   2.8000000e+01
   4.0403530e+06   2.7000000e+01
   4.0426850e+06   2.6000000e+01
   4.0429580e+06   2.8000000e+01
   4.0436140e+06   2.6000000e+01
   4.0437110e+06   2.7000000e+01
   4.0438720e+06   3.1000000e+01
   4.0441660e+06   2.7000000e+01
   4.0442440e+06   2.6000000e+01
   4.0445180e+06   2.6000000e+01
   4.0448520e+06   2.6000000e+01
   4.0449710e+06   2.7000000e+01
   4.0451440e+06   2.8000000e+01
   4.0458230e+06   2.9000000e+01
   4.0480380e+06   2.8000000e+01
   4.0645580e+06   2.6000000e+01
   4.0645890e+06   2.6000000e+01
   4.1003700e+06   2.7000000e+01
   4.1674660e+06   2.6000000e+01
   4.1688740e+06   2.8000000e+01
   4.1701530e+06   2.8000000e+01
   4.1707810e+06   3.4000000e+01
   4.1955190e+06   2.6000000e+01
   4.2131660e+06   2.6000000e+01
   4.2272880e+06   2.9000000e+01
   4.2279250e+06   2.9000000e+01
   4.2281210e+06   2.6000000e+01
   4.2293510e+06   3.3000000e+01
   4.2320630e+06   2.9000000e+01
   4.2441470e+06   2.6000000e+01
   4.2772270e+06   2.8000000e+01
   4.2840220e+06   2.7000000e+01
   4.3395010e+06   2.6000000e+01
   4.3395640e+06   2.7000000e+01
   4.3400650e+06   2.7000000e+01
   4.3401710e+06   2.9000000e+01
   4.3403900e+06   2.8000000e+01
   4.3405300e+06   2.6000000e+01
   4.3413930e+06   2.9000000e+01
   4.3415070e+06   2.6000000e+01
   4.3425330e+06   2.7000000e+01
   4.3823800e+06   2.6000000e+01
   4.4200180e+06   2.6000000e+01
   4.4587190e+06   2.9000000e+01
   4.4642040e+06   2.6000000e+01
   4.4745240e+06   2.9000000e+01
   4.4756230e+06   2.6000000e+01
   4.4756950e+06   3.1000000e+01
   4.4763620e+06   2.7000000e+01
   4.4770930e+06   2.8000000e+01
   4.5484370e+06   2.9000000e+01
   4.5670920e+06   2.8000000e+01
   4.5684880e+06   2.7000000e+01
   4.5691470e+06   2.6000000e+01
   4.5694810e+06   2.6000000e+01
   4.5696450e+06   2.7000000e+01
   4.5721880e+06   2.8000000e+01
   4.5810320e+06   2.8000000e+01
   4.5958840e+06   2.7000000e+01
   4.6093520e+06   2.9000000e+01
   4.6365880e+06   2.6000000e+01
   4.6420040e+06   2.8000000e+01
   4.6439510e+06   3.0000000e+01
   4.6501150e+06   2.6000000e+01
   4.6503320e+06   2.7000000e+01
   4.6503970e+06   3.0000000e+01
   4.6505670e+06   2.6000000e+01
   4.6515300e+06   2.9000000e+01
   4.6521000e+06   2.6000000e+01
   4.6805680e+06   2.6000000e+01
   4.7140810e+06   2.6000000e+01
   4.7143630e+06   2.6000000e+01
   4.7180040e+06   2.6000000e+01
   4.7445560e+06   2.9000000e+01
   4.7563360e+06   2.9000000e+01
   4.8097100e+06   2.8000000e+01
   4.8159860e+06   2.7000000e+01
   4.8179380e+06   2.6000000e+01
   4.8220630e+06   2.6000000e+01
   4.8226560e+06   2.7000000e+01
   4.8665400e+06   2.7000000e+01
   4.8868950e+06   2.7000000e+01
   4.8879190e+06   2.9000000e+01
   4.8888190e+06   2.6000000e+01
   4.8888670e+06   2.7000000e+01
   4.8894100e+06   2.9000000e+01
   4.8898360e+06   2.8000000e+01
   4.8902350e+06   3.3000000e+01
   4.8905050e+06   3.2000000e+01
   4.8910310e+06   2.7000000e+01
   4.8913310e+06   2.8000000e+01
   4.8917490e+06   2.6000000e+01
   4.9444360e+06   2.8000000e+01
   4.9949180e+06   2.7000000e+01
   4.9966390e+06   2.6000000e+01
   4.9978080e+06   2.7000000e+01
   4.9983750e+06   3.2000000e+01
   4.9996080e+06   2.8000000e+01
   5.0030340e+06   2.6000000e+01
   5.0524940e+06   3.1000000e+01
   5.0526500e+06   2.9000000e+01
   5.0529610e+06   2.6000000e+01
   5.0539590e+06   2.9000000e+01
   5.0548360e+06   2.7000000e+01
   5.0549380e+06   2.9000000e+01
   5.0557330e+06   2.6000000e+01
   5.0574610e+06   2.8000000e+01
   5.0580780e+06   3.0000000e+01
   5.0733360e+06   3.1000000e+01
   5.0735850e+06   2.8000000e+01
   5.0754620e+06   2.8000000e+01
   5.0780180e+06   2.8000000e+01
   5.1000080e+06   2.6000000e+01
   5.1030760e+06   3.0000000e+01
   5.1066060e+06   2.8000000e+01
   5.1067580e+06   2.8000000e+01
   5.1068310e+06   2.6000000e+01
   5.1068690e+06   2.6000000e+01
   5.1073780e+06   3.7000000e+01
   5.1076280e+06   2.7000000e+01
   5.1079410e+06   2.6000000e+01
   5.1083740e+06   2.8000000e+01
   5.1084910e+06   2.6000000e+01
   5.1087740e+06   3.1000000e+01
   5.1088800e+06   2.9000000e+01
   5.1089710e+06   2.8000000e+01
   5.1090110e+06   2.8000000e+01
   5.1091160e+06   2.7000000e+01
   5.1105130e+06   2.7000000e+01
   5.1112080e+06   2.7000000e+01
   5.1130660e+06   2.9000000e+01
   5.1197470e+06   2.9000000e+01
   5.1516180e+06   2.6000000e+01
   5.1590270e+06   2.9000000e+01
   5.1597550e+06   2.7000000e+01
   5.1598360e+06   2.6000000e+01
   5.1607920e+06   2.6000000e+01
   5.1611660e+06   3.0000000e+01
   5.1612590e+06   2.9000000e+01
   5.2427750e+06   2.9000000e+01
   5.2430530e+06   3.2000000e+01
   5.2495870e+06   2.7000000e+01
   5.2674790e+06   2.6000000e+01
   5.2678440e+06   2.6000000e+01
   5.2767210e+06   2.6000000e+01
   5.2841670e+06   3.1000000e+01
   5.2841920e+06   2.6000000e+01
   5.2842450e+06   2.6000000e+01
   5.2948360e+06   2.6000000e+01
   5.2955890e+06   2.6000000e+01
   5.2957090e+06   3.0000000e+01
   5.2967790e+06   2.7000000e+01
   5.2981200e+06   2.9000000e+01
   5.2984990e+06   2.6000000e+01
   5.2998930e+06   2.7000000e+01
   5.3042560e+06   2.6000000e+01
   5.3102210e+06   2.6000000e+01
   5.3255050e+06   2.7000000e+01
   5.3285200e+06   2.9000000e+01
   5.3831590e+06   2.6000000e+01
   5.3846600e+06   2.8000000e+01
   5.3870440e+06   2.8000000e+01
   5.3875830e+06   2.9000000e+01
   5.4049440e+06   2.9000000e+01
   5.4150690e+06   2.6000000e+01
   5.4151960e+06   2.6000000e+01
   5.4153970e+06   2.6000000e+01
   5.4166150e+06   2.7000000e+01
   5.4167320e+06   3.2000000e+01
   5.4176530e+06   2.7000000e+01
   5.4181430e+06   3.2000000e+01
   5.4184230e+06   2.6000000e+01
   5.4190640e+06   2.6000000e+01
   5.4197990e+06   2.9000000e+01
   5.4200630e+06   2.6000000e+01
   5.4204540e+06   2.6000000e+01
   5.4227040e+06   2.8000000e+01
   5.4232380e+06   2.8000000e+01
   5.4667980e+06   2.6000000e+01
   5.4678130e+06   2.6000000e+01
   5.4680450e+06   2.6000000e+01
   5.4683030e+06   3.3000000e+01
   5.4686450e+06   2.9000000e+01
   5.4692540e+06   2.6000000e+01
   5.4739250e+06   2.7000000e+01
   5.4801220e+06   2.6000000e+01
   5.5233390e+06   3.4000000e+01
   5.5332770e+06   2.6000000e+01
   5.5426130e+06   2.6000000e+01
   5.5459150e+06   2.7000000e+01
   5.5497580e+06   2.7000000e+01
   5.5599300e+06   2.7000000e+01
   5.5601610e+06   2.6000000e+01
   5.6000250e+06   2.8000000e+01
   5.6086300e+06   3.0000000e+01
   5.6172410e+06   2.6000000e+01
   5.6174660e+06   2.6000000e+01
   5.6672560e+06   2.6000000e+01
   5.6690910e+06   2.6000000e+01
   5.6698130e+06   2.9000000e+01
   5.6701100e+06   2.6000000e+01
   5.6720200e+06   2.6000000e+01
   5.6721330e+06   3.1000000e+01
   5.6724260e+06   2.6000000e+01
   5.6736750e+06   2.6000000e+01
   5.7270510e+06   2.9000000e+01
   5.7411300e+06   2.8000000e+01
   5.7418010e+06   2.6000000e+01
   5.7437190e+06   2.6000000e+01
   5.7457160e+06   2.6000000e+01
   5.8153190e+06   2.6000000e+01
   5.8330900e+06   2.7000000e+01
   5.8342410e+06   2.7000000e+01
   5.8353350e+06   2.8000000e+01
   5.8369110e+06   2.6000000e+01
   5.8369800e+06   2.6000000e+01
   5.8465050e+06   3.0000000e+01
   5.8621050e+06   2.7000000e+01
   5.9183780e+06   3.2000000e+01
   5.9291620e+06   3.2000000e+01
   5.9848600e+06   2.7000000e+01
   5.9851600e+06   3.1000000e+01
   5.9855090e+06   2.7000000e+01
   5.9857140e+06   2.6000000e+01
   5.9859320e+06   2.6000000e+01
   5.9861980e+06   2.9000000e+01
   6.0460810e+06   2.7000000e+01
   6.0647660e+06   2.7000000e+01
   6.0721140e+06   3.3000000e+01
   6.0808850e+06   3.3000000e+01
   6.1285460e+06   3.1000000e+01
   6.1307360e+06   2.6000000e+01
   6.1308010e+06   2.9000000e+01
   6.1314380e+06   2.9000000e+01
   6.1363870e+06   3.0000000e+01
   6.1495050e+06   2.6000000e+01
   6.1513110e+06   2.6000000e+01
   6.1520200e+06   2.6000000e+01
   6.1523350e+06   3.0000000e+01
   6.1559920e+06   2.7000000e+01
   6.1964530e+06   2.8000000e+01
   6.2132670e+06   2.6000000e+01
   6.2147210e+06   2.6000000e+01
   6.2169850e+06   2.6000000e+01
   6.2183630e+06   2.6000000e+01
   6.2350360e+06   2.6000000e+01
   6.2671970e+06   2.9000000e+01
   6.2676440e+06   2.6000000e+01
   6.2690230e+06   2.9000000e+01
   6.2691220e+06   3.1000000e+01
   6.2713210e+06   2.7000000e+01
   6.2715440e+06   2.9000000e+01
   6.2734790e+06   2.6000000e+01
   6.2736760e+06   2.6000000e+01
   6.2739160e+06   3.1000000e+01
   6.2740710e+06   2.6000000e+01
   6.2757260e+06   2.6000000e+01
   6.3346770e+06   2.7000000e+01
   6.3413110e+06   2.7000000e+01
   6.3423600e+06   2.6000000e+01
   6.3437010e+06   2.6000000e+01
   6.3438300e+06   2.8000000e+01
   6.3553460e+06   2.8000000e+01
   6.3607450e+06   2.6000000e+01
   6.4028540e+06   2.8000000e+01
   6.4150450e+06   2.6000000e+01
   6.4168450e+06   2.9000000e+01
   6.4172910e+06   2.8000000e+01
   6.4181030e+06   2.6000000e+01
   6.4983460e+06   2.6000000e+01
   6.5017330e+06   2.7000000e+01
   6.5095940e+06   2.6000000e+01
   6.5688090e+06   2.6000000e+01
   6.5696810e+06   3.0000000e+01
   6.5838810e+06   2.8000000e+01
   6.5941730e+06   2.8000000e+01
   6.6336880e+06   2.8000000e+01
   6.6392750e+06   2.7000000e+01
   6.6416490e+06   2.6000000e+01
   6.6416920e+06   2.6000000e+01
   6.6433330e+06   2.9000000e+01
   6.6744830e+06   2.6000000e+01
   6.7086320e+06   2.6000000e+01
   6.7093490e+06   2.8000000e+01
   6.7096650e+06   2.6000000e+01
   6.7111500e+06   3.1000000e+01
   6.7113230e+06   2.6000000e+01
   6.7116470e+06   2.9000000e+01
   6.7130280e+06   3.2000000e+01
   6.7133730e+06   2.6000000e+01
   6.7834840e+06   2.8000000e+01
   6.7838100e+06   3.0000000e+01
   6.7839960e+06   3.2000000e+01
   6.7842790e+06   2.6000000e+01
   6.7877770e+06   2.6000000e+01
   6.8337060e+06   3.2000000e+01
   6.8348030e+06   2.6000000e+01
   6.8350030e+06   2.6000000e+01
   6.8351880e+06   3.0000000e+01
   6.8357810e+06   3.0000000e+01
   6.8361550e+06   2.7000000e+01
   6.8364380e+06   2.7000000e+01
   6.8364640e+06   3.0000000e+01
   6.8369880e+06   2.7000000e+01
   6.8373700e+06   3.0000000e+01
   6.8418080e+06   2.6000000e+01
   6.8444330e+06   2.8000000e+01
   6.9332770e+06   2.6000000e+01
   6.9341950e+06   2.6000000e+01
   6.9429560e+06   2.6000000e+01
   6.9516790e+06   2.6000000e+01
   6.9594110e+06   2.6000000e+01
   6.9687430e+06   3.3000000e+01
   6.9919030e+06   2.8000000e+01
   6.9929150e+06   2.6000000e+01
   6.9929870e+06   2.7000000e+01
   6.9932700e+06   3.0000000e+01
   6.9934990e+06   2.6000000e+01
   6.9954370e+06   2.7000000e+01
   6.9993880e+06   3.0000000e+01
   7.0336550e+06   2.6000000e+01
   7.0555870e+06   2.6000000e+01
   7.0976590e+06   2.6000000e+01
   7.0990970e+06   2.6000000e+01
   7.1188200e+06   2.7000000e+01
   7.1392450e+06   2.6000000e+01
   7.1405360e+06   2.9000000e+01
   7.2122780e+06   2.8000000e+01
   7.2177070e+06   2.7000000e+01
   7.2244880e+06   3.1000000e+01
   7.2427420e+06   2.6000000e+01
   7.2467910e+06   2.6000000e+01
   7.2534260e+06   3.2000000e+01
   7.2576250e+06   2.6000000e+01
   7.2604480e+06   3.2000000e+01
   7.2919260e+06   3.1000000e+01
   7.3033660e+06   3.0000000e+01
   7.3287480e+06   2.6000000e+01
   7.3522890e+06   2.6000000e+01
   7.3524960e+06   2.6000000e+01
   7.3531280e+06   2.7000000e+01
   7.3534170e+06   2.8000000e+01
   7.3539020e+06   2.9000000e+01
   7.3544610e+06   3.1000000e+01
   7.3552150e+06   2.7000000e+01
   7.3579920e+06   2.7000000e+01
   7.3581280e+06   2.6000000e+01
   7.3941560e+06   2.8000000e+01
   7.3971650e+06   2.8000000e+01
   7.4004580e+06   2.6000000e+01
   7.4201680e+06   2.6000000e+01
   7.4281400e+06   2.9000000e+01
   7.4283180e+06   2.9000000e+01
   7.4283520e+06   3.0000000e+01
   7.4290880e+06   3.4000000e+01
   7.4293790e+06   2.6000000e+01
   7.4299320e+06   2.9000000e+01
   7.4306730e+06   2.6000000e+01
   7.4312630e+06   2.8000000e+01
   7.4322720e+06   2.7000000e+01
   7.4323360e+06   2.6000000e+01
   7.4327910e+06   2.6000000e+01
   7.4329330e+06   2.7000000e+01
   7.4678150e+06   2.7000000e+01
   7.4717290e+06   3.1000000e+01
   7.4718850e+06   3.0000000e+01
   7.4719550e+06   2.9000000e+01
   7.4724980e+06   2.7000000e+01
   7.4736900e+06   3.2000000e+01
   7.4737210e+06   2.6000000e+01
   7.4738930e+06   2.7000000e+01
   7.4744310e+06   2.7000000e+01
   7.4891510e+06   3.1000000e+01
