   7.5250000e+06   0.0000000e+00
   1.2510000e+03   2.7000000e+01
   2.8060000e+03   3.1000000e+01
   1.4395000e+04   2.7000000e+01
   1.4478000e+04   3.0000000e+01
   2.9208000e+04   2.8000000e+01
   2.9292000e+04   8.9000000e+01
   2.9828000e+04   6.0000000e+01
   3.0256000e+04   2.7000000e+01
   3.1338000e+04   6.1000000e+01
   1.3417700e+05   3.2000000e+01
   1.3440700e+05   3.2000000e+01
   1.3749500e+05   2.7000000e+01
   1.6721700e+05   2.9000000e+01
   2.0793300e+05   2.7000000e+01
   2.0863700e+05   3.0000000e+01
   2.0959000e+05   3.2000000e+01
   2.0972100e+05   2.8000000e+01
   2.0982300e+05   2.7000000e+01
   2.1037700e+05   2.9000000e+01
   2.1072200e+05   2.7000000e+01
   2.1123500e+05   2.9000000e+01
   2.1147600e+05   2.7000000e+01
   2.6014000e+05   2.8000000e+01
   2.6090500e+05   2.9000000e+01
   2.6155200e+05   2.7000000e+01
   2.6170400e+05   2.9000000e+01
   2.6187300e+05   3.0000000e+01
   2.6218200e+05   2.9000000e+01
   2.6290700e+05   2.9000000e+01
   2.6300300e+05   2.9000000e+01
   2.6452200e+05   3.5000000e+01
   2.6540200e+05   2.9000000e+01
   2.9605400e+05   2.7000000e+01
   3.1967300e+05   3.0000000e+01
   3.3886900e+05   2.7000000e+01
   3.3914700e+05   3.5000000e+01
   3.3922500e+05   2.7000000e+01
   3.3926800e+05   3.2000000e+01
   3.4115200e+05   2.8000000e+01
   3.4152100e+05   2.9000000e+01
   3.4347700e+05   2.7000000e+01
   3.8486900e+05   2.7000000e+01
   4.8410500e+05   2.8000000e+01
   4.9766200e+05   2.7000000e+01
   4.9898400e+05   3.0000000e+01
   4.9902300e+05   3.0000000e+01
   4.9990500e+05   2.7000000e+01
   5.0025300e+05   3.7000000e+01
   5.0037500e+05   2.9000000e+01
   5.0139000e+05   2.8000000e+01
   5.0195800e+05   2.7000000e+01
   5.0203100e+05   2.8000000e+01
   5.0555700e+05   2.7000000e+01
   6.1800100e+05   2.8000000e+01
   6.1865500e+05   2.9000000e+01
   6.1895600e+05   2.9000000e+01
   6.1913100e+05   2.9000000e+01
   6.1934000e+05   2.8000000e+01
   6.2007600e+05   3.0000000e+01
   6.2101900e+05   2.9000000e+01
   6.2279400e+05   3.0000000e+01
   7.7624500e+05   3.3000000e+01
   7.8310000e+05   2.8000000e+01
   7.8870200e+05   3.0000000e+01
   8.5162700e+05   2.9000000e+01
   8.5169200e+05   2.8000000e+01
   8.8263000e+05   2.9000000e+01
   9.4268000e+05   2.8000000e+01
   9.4320400e+05   3.3000000e+01
   9.4397300e+05   3.2000000e+01
   9.9626100e+05   3.1000000e+01
   9.9682700e+05   2.7000000e+01
   9.9695100e+05   2.8000000e+01
   9.9742100e+05   3.1000000e+01
   9.9774600e+05   3.1000000e+01
   9.9793500e+05   2.8000000e+01
   9.9827200e+05   3.2000000e+01
   9.9933400e+05   3.6000000e+01
   9.9941300e+05   3.0000000e+01
   1.0018810e+06   2.8000000e+01
   1.0923920e+06   2.9000000e+01
   1.1134060e+06   2.7000000e+01
   1.1182860e+06   3.1000000e+01
   1.1460310e+06   2.9000000e+01
   1.1460860e+06   2.9000000e+01
   1.1462230e+06   2.7000000e+01
   1.1471150e+06   3.0000000e+01
   1.1471450e+06   2.7000000e+01
   1.1475750e+06   2.8000000e+01
   1.1484940e+06   2.9000000e+01
   1.1493930e+06   2.8000000e+01
   1.1513200e+06   3.0000000e+01
   1.1977020e+06   2.7000000e+01
   1.2304750e+06   2.8000000e+01
   1.2311500e+06   3.1000000e+01
   1.2314050e+06   3.4000000e+01
   1.2314750e+06   2.8000000e+01
   1.2316700e+06   3.2000000e+01
   1.2321220e+06   3.2000000e+01
   1.2327780e+06   3.2000000e+01
   1.2328110e+06   2.7000000e+01
   1.2357320e+06   2.8000000e+01
   1.2388260e+06   3.2000000e+01
   1.2766460e+06   3.1000000e+01
   1.2783270e+06   2.7000000e+01
   1.2800400e+06   2.8000000e+01
   1.2833770e+06   2.7000000e+01
   1.2838410e+06   3.0000000e+01
   1.2843590e+06   2.8000000e+01
   1.2855200e+06   3.7000000e+01
   1.3445550e+06   2.7000000e+01
   1.3465670e+06   3.1000000e+01
   1.3478710e+06   2.7000000e+01
   1.4004170e+06   2.8000000e+01
   1.4191540e+06   2.9000000e+01
   1.4204820e+06   2.7000000e+01
   1.4548270e+06   2.7000000e+01
   1.4571910e+06   2.8000000e+01
   1.5095790e+06   3.3000000e+01
   1.5103200e+06   3.4000000e+01
   1.5104090e+06   2.8000000e+01
   1.5105220e+06   3.1000000e+01
   1.5105470e+06   3.4000000e+01
   1.5126130e+06   3.0000000e+01
   1.5133080e+06   3.2000000e+01
   1.5250980e+06   3.3000000e+01
   1.5259400e+06   3.7000000e+01
   1.5279150e+06   3.8000000e+01
   1.5406670e+06   6.8000000e+01
   1.5406930e+06   2.7000000e+01
   1.5410860e+06   2.8000000e+01
   1.5423290e+06   5.0000000e+01
   1.5423570e+06   2.8000000e+01
   1.5424040e+06   2.8000000e+01
   1.5428450e+06   2.8000000e+01
   1.5435150e+06   5.0000000e+01
   1.5435430e+06   3.3000000e+01
   1.6161900e+06   2.9000000e+01
   1.6193630e+06   2.8000000e+01
   1.6198610e+06   2.8000000e+01
   1.6199540e+06   2.7000000e+01
   1.6203440e+06   2.7000000e+01
   1.6205590e+06   3.4000000e+01
   1.6207190e+06   2.7000000e+01
   1.6370370e+06   2.8000000e+01
   1.6672880e+06   2.9000000e+01
   1.7145480e+06   2.9000000e+01
   1.7148620e+06   2.7000000e+01
   1.7159180e+06   2.7000000e+01
   1.7178680e+06   2.9000000e+01
   1.7579230e+06   2.8000000e+01
   1.7593020e+06   3.2000000e+01
   1.7648540e+06   2.9000000e+01
   1.7649120e+06   2.7000000e+01
   1.7651280e+06   3.2000000e+01
   1.7667140e+06   3.1000000e+01
   1.7671340e+06   2.7000000e+01
   1.7680960e+06   3.3000000e+01
   1.8045000e+06   2.8000000e+01
   1.8070820e+06   2.7000000e+01
   1.8084110e+06   2.7000000e+01
   1.8086080e+06   3.1000000e+01
   1.8090710e+06   2.8000000e+01
   1.8095420e+06   2.8000000e+01
   1.8099440e+06   2.8000000e+01
   1.8113040e+06   2.7000000e+01
   1.8147860e+06   3.0000000e+01
   1.8149620e+06   2.8000000e+01
   1.8570410e+06   2.7000000e+01
   1.8963190e+06   2.8000000e+01
   1.9249610e+06   2.7000000e+01
   1.9428540e+06   3.2000000e+01
   1.9435230e+06   2.7000000e+01
   1.9456370e+06   2.8000000e+01
   1.9763360e+06   2.7000000e+01
   1.9954180e+06   2.7000000e+01
   2.0125220e+06   2.7000000e+01
   2.0253080e+06   2.9000000e+01
   2.0283110e+06   2.8000000e+01
   2.0322980e+06   3.0000000e+01
   2.0333080e+06   2.9000000e+01
   2.0605460e+06   2.7000000e+01
   2.1297840e+06   3.4000000e+01
   2.1303330e+06   2.9000000e+01
   2.1306720e+06   6.0000000e+01
   2.1313490e+06   6.0000000e+01
   2.1368090e+06   2.7000000e+01
   2.1564410e+06   2.9000000e+01
   2.1580470e+06   2.7000000e+01
   2.1924590e+06   2.9000000e+01
   2.2055570e+06   3.0000000e+01
   2.2056930e+06   3.6000000e+01
   2.2066410e+06   2.7000000e+01
   2.2780620e+06   2.7000000e+01
   2.2785610e+06   3.3000000e+01
   2.2788890e+06   2.8000000e+01
   2.2790280e+06   2.7000000e+01
   2.2791160e+06   2.8000000e+01
   2.2792490e+06   2.8000000e+01
   2.2800010e+06   2.9000000e+01
   2.2805410e+06   2.7000000e+01
   2.2814690e+06   2.7000000e+01
   2.3495470e+06   2.7000000e+01
   2.3671740e+06   2.9000000e+01
   2.3893090e+06   2.9000000e+01
   2.3983480e+06   2.7000000e+01
   2.4020770e+06   2.7000000e+01
   2.4036930e+06   3.2000000e+01
   2.4049840e+06   2.8000000e+01
   2.4197070e+06   2.8000000e+01
   2.4727490e+06   2.7000000e+01
   2.4895570e+06   2.9000000e+01
   2.5185360e+06   2.8000000e+01
   2.5618680e+06   2.8000000e+01
   2.5621240e+06   2.7000000e+01
   2.5623830e+06   2.7000000e+01
   2.5624910e+06   3.1000000e+01
   2.5626810e+06   2.9000000e+01
   2.5628170e+06   2.8000000e+01
   2.5631910e+06   2.7000000e+01
   2.5641680e+06   2.8000000e+01
   2.5654480e+06   2.9000000e+01
   2.6263660e+06   2.8000000e+01
   2.6277840e+06   2.8000000e+01
   2.6285140e+06   2.7000000e+01
   2.6286810e+06   2.8000000e+01
   2.6308450e+06   2.8000000e+01
   2.7084740e+06   2.7000000e+01
   2.7565580e+06   2.9000000e+01
   2.7642100e+06   2.9000000e+01
   2.7652770e+06   2.7000000e+01
   2.7653520e+06   2.9000000e+01
   2.7655630e+06   3.0000000e+01
   2.7656590e+06   2.8000000e+01
   2.7659240e+06   2.9000000e+01
   2.7664350e+06   2.7000000e+01
   2.7668710e+06   2.7000000e+01
   2.7671340e+06   3.0000000e+01
   2.7673980e+06   3.1000000e+01
   2.7675150e+06   2.7000000e+01
   2.7677940e+06   2.7000000e+01
   2.8184140e+06   2.8000000e+01
   2.8506870e+06   2.7000000e+01
   2.8507650e+06   2.7000000e+01
   2.8514710e+06   3.1000000e+01
   2.8520420e+06   2.7000000e+01
   2.8530460e+06   2.9000000e+01
   2.8962650e+06   2.9000000e+01
   2.9229980e+06   2.7000000e+01
   2.9350290e+06   2.7000000e+01
   2.9352000e+06   2.8000000e+01
   2.9352260e+06   2.9000000e+01
   2.9353280e+06   2.8000000e+01
   2.9356770e+06   2.9000000e+01
   2.9357310e+06   3.4000000e+01
   2.9359180e+06   2.7000000e+01
   2.9360300e+06   2.9000000e+01
   2.9362560e+06   3.4000000e+01
   2.9368500e+06   3.1000000e+01
   2.9371430e+06   2.7000000e+01
   2.9373950e+06   2.8000000e+01
   2.9377390e+06   3.2000000e+01
   2.9398220e+06   2.7000000e+01
   2.9424220e+06   3.0000000e+01
   2.9427350e+06   2.8000000e+01
   2.9449470e+06   2.7000000e+01
   2.9452030e+06   2.8000000e+01
   2.9561260e+06   2.7000000e+01
   2.9667360e+06   2.7000000e+01
   2.9893340e+06   2.9000000e+01
   2.9893750e+06   2.7000000e+01
   2.9918990e+06   2.8000000e+01
   2.9943760e+06   2.9000000e+01
   3.0127530e+06   2.7000000e+01
   3.0543630e+06   2.8000000e+01
   3.0577220e+06   2.8000000e+01
   3.0618130e+06   3.1000000e+01
   3.0834120e+06   2.7000000e+01
   3.0969130e+06   2.8000000e+01
   3.0981080e+06   2.7000000e+01
   3.1150480e+06   2.9000000e+01
   3.1333530e+06   2.7000000e+01
   3.1365450e+06   2.8000000e+01
   3.1513580e+06   3.0000000e+01
   3.1519920e+06   2.7000000e+01
   3.1521270e+06   3.0000000e+01
   3.1522850e+06   2.7000000e+01
   3.1531490e+06   3.0000000e+01
   3.1533420e+06   2.7000000e+01
   3.1536440e+06   2.8000000e+01
   3.1576900e+06   2.7000000e+01
   3.1662300e+06   3.3000000e+01
   3.1921370e+06   3.3000000e+01
   3.2332660e+06   2.8000000e+01
   3.2404350e+06   2.8000000e+01
   3.2563500e+06   2.9000000e+01
   3.2601240e+06   2.7000000e+01
   3.2609950e+06   2.7000000e+01
   3.2611900e+06   2.7000000e+01
   3.2612530e+06   3.1000000e+01
   3.2613090e+06   3.1000000e+01
   3.2615480e+06   3.1000000e+01
   3.2616470e+06   3.0000000e+01
   3.2622320e+06   2.7000000e+01
   3.2626790e+06   2.7000000e+01
   3.2639020e+06   3.0000000e+01
   3.2658640e+06   3.0000000e+01
   3.3103060e+06   2.8000000e+01
   3.3265100e+06   3.0000000e+01
   3.3361430e+06   2.9000000e+01
   3.3418970e+06   2.8000000e+01
   3.3473900e+06   3.3000000e+01
   3.3640860e+06   3.4000000e+01
   3.3648960e+06   3.2000000e+01
   3.3657280e+06   3.6000000e+01
   3.3663100e+06   3.0000000e+01
   3.3674090e+06   2.8000000e+01
   3.3674410e+06   2.8000000e+01
   3.3688830e+06   2.9000000e+01
   3.3700020e+06   2.9000000e+01
   3.4018270e+06   3.3000000e+01
   3.4446320e+06   2.8000000e+01
   3.4597420e+06   6.8000000e+01
   3.4603930e+06   3.2000000e+01
   3.4624280e+06   6.7000000e+01
   3.4636230e+06   3.0000000e+01
   3.4659690e+06   2.7000000e+01
   3.4660860e+06   2.7000000e+01
   3.4668270e+06   2.9000000e+01
   3.4669710e+06   2.9000000e+01
   3.5617500e+06   2.7000000e+01
   3.5624600e+06   2.7000000e+01
   3.5625790e+06   2.8000000e+01
   3.5830140e+06   2.7000000e+01
   3.5833420e+06   3.0000000e+01
   3.5871650e+06   2.9000000e+01
   3.6394540e+06   3.1000000e+01
   3.6473170e+06   2.7000000e+01
   3.6499990e+06   2.7000000e+01
   3.6500250e+06   1.1000000e+02
   3.6500530e+06   3.5000000e+01
   3.6501200e+06   2.7000000e+01
   3.6515130e+06   5.9000000e+01
   3.6526090e+06   5.6000000e+01
   3.6526390e+06   3.1000000e+01
   3.6542570e+06   3.0000000e+01
   3.6650010e+06   2.7000000e+01
   3.6753100e+06   2.7000000e+01
   3.6820550e+06   2.7000000e+01
   3.7032140e+06   2.8000000e+01
   3.7115220e+06   2.7000000e+01
   3.7140440e+06   2.7000000e+01
   3.7500960e+06   3.3000000e+01
   3.7697300e+06   2.8000000e+01
   3.7913380e+06   6.8000000e+01
   3.7913660e+06   3.6000000e+01
   3.7932290e+06   5.4000000e+01
   3.7932850e+06   2.9000000e+01
   3.8418230e+06   2.9000000e+01
   3.8434970e+06   2.9000000e+01
   3.8477680e+06   2.9000000e+01
   3.8657180e+06   3.4000000e+01
   3.8753160e+06   3.3000000e+01
   3.8917680e+06   2.8000000e+01
   3.8994130e+06   2.7000000e+01
   3.9064550e+06   3.0000000e+01
   3.9387200e+06   2.7000000e+01
   3.9931420e+06   2.7000000e+01
   3.9931920e+06   2.7000000e+01
   3.9933140e+06   2.8000000e+01
   3.9942240e+06   2.8000000e+01
   3.9943210e+06   3.0000000e+01
   3.9944770e+06   2.8000000e+01
   3.9956920e+06   2.9000000e+01
   4.0365850e+06   2.9000000e+01
   4.0429600e+06   2.7000000e+01
   4.0436060e+06   3.4000000e+01
   4.0437500e+06   3.0000000e+01
   4.0438940e+06   2.7000000e+01
   4.0439690e+06   2.8000000e+01
   4.0440160e+06   2.9000000e+01
   4.0441560e+06   2.9000000e+01
   4.0442100e+06   2.8000000e+01
   4.0443230e+06   3.1000000e+01
   4.0444910e+06   3.0000000e+01
   4.0446540e+06   2.9000000e+01
   4.1672700e+06   3.3000000e+01
   4.1674620e+06   2.8000000e+01
   4.1675480e+06   2.7000000e+01
   4.1686450e+06   2.8000000e+01
   4.1690850e+06   2.9000000e+01
   4.1691160e+06   2.9000000e+01
   4.1691840e+06   2.9000000e+01
   4.1707830e+06   2.9000000e+01
   4.1955200e+06   2.7000000e+01
   4.2253870e+06   2.7000000e+01
   4.2276170e+06   2.7000000e+01
   4.2277830e+06   2.7000000e+01
   4.2281370e+06   3.3000000e+01
   4.2283290e+06   3.0000000e+01
   4.2288550e+06   2.7000000e+01
   4.2308180e+06   2.7000000e+01
   4.2642040e+06   3.0000000e+01
   4.2835950e+06   8.2000000e+01
   4.2836270e+06   3.2000000e+01
   4.2850460e+06   5.6000000e+01
   4.3362580e+06   2.9000000e+01
   4.3401880e+06   2.7000000e+01
   4.3403910e+06   2.9000000e+01
   4.3415790e+06   2.7000000e+01
   4.3485040e+06   2.9000000e+01
   4.4200160e+06   2.8000000e+01
   4.4534760e+06   3.0000000e+01
   4.4585350e+06   2.9000000e+01
   4.4587250e+06   3.0000000e+01
   4.4759440e+06   2.7000000e+01
   4.4761430e+06   3.0000000e+01
   4.4803180e+06   2.7000000e+01
   4.5696610e+06   3.1000000e+01
   4.6252150e+06   2.7000000e+01
   4.6520050e+06   2.8000000e+01
   4.7180070e+06   3.0000000e+01
   4.7445580e+06   2.7000000e+01
   4.7563240e+06   3.5000000e+01
   4.7982720e+06   2.7000000e+01
   4.8037620e+06   3.0000000e+01
   4.8085700e+06   2.8000000e+01
   4.8090950e+06   3.4000000e+01
   4.8092080e+06   3.0000000e+01
   4.8096790e+06   2.9000000e+01
   4.8100730e+06   2.7000000e+01
   4.8111850e+06   3.6000000e+01
   4.8112170e+06   2.9000000e+01
   4.8133920e+06   3.9000000e+01
   4.8159830e+06   2.9000000e+01
   4.8226570e+06   2.8000000e+01
   4.8665420e+06   2.9000000e+01
   4.8868810e+06   2.9000000e+01
   4.8879210e+06   2.7000000e+01
   4.8888230e+06   2.9000000e+01
   4.8888580e+06   3.6000000e+01
   4.8894140e+06   3.3000000e+01
   4.8895570e+06   2.7000000e+01
   4.8905140e+06   2.7000000e+01
   4.8927440e+06   3.2000000e+01
   4.9090240e+06   2.8000000e+01
   4.9175270e+06   3.3000000e+01
   4.9949200e+06   2.8000000e+01
   4.9959640e+06   2.7000000e+01
   4.9978240e+06   3.2000000e+01
   4.9983490e+06   3.0000000e+01
   4.9984070e+06   2.7000000e+01
   4.9993040e+06   2.7000000e+01
   5.0445420e+06   2.8000000e+01
   5.0539380e+06   2.7000000e+01
   5.0542210e+06   3.0000000e+01
   5.0556360e+06   2.8000000e+01
   5.0557530e+06   3.1000000e+01
   5.0719140e+06   3.8000000e+01
   5.0734840e+06   3.7000000e+01
   5.0750040e+06   4.0000000e+01
   5.1067540e+06   2.8000000e+01
   5.1073800e+06   3.0000000e+01
   5.1083760e+06   2.8000000e+01
   5.1088740e+06   2.9000000e+01
   5.1090310e+06   3.0000000e+01
   5.1094250e+06   2.7000000e+01
   5.1095150e+06   2.7000000e+01
   5.1096040e+06   2.7000000e+01
   5.1097360e+06   2.7000000e+01
   5.1112690e+06   3.0000000e+01
   5.1197520e+06   2.9000000e+01
   5.1590060e+06   3.7000000e+01
   5.1609630e+06   3.0000000e+01
   5.1611530e+06   2.7000000e+01
   5.1618490e+06   2.7000000e+01
   5.1621640e+06   3.0000000e+01
   5.1622620e+06   2.8000000e+01
   5.2341860e+06   3.1000000e+01
   5.2434920e+06   2.7000000e+01
   5.2459170e+06   2.7000000e+01
   5.2767040e+06   3.0000000e+01
   5.2957120e+06   2.9000000e+01
   5.2985020e+06   3.0000000e+01
   5.3102230e+06   2.7000000e+01
   5.3229570e+06   2.7000000e+01
   5.3230040e+06   4.0000000e+01
   5.3839170e+06   2.8000000e+01
   5.3844820e+06   3.0000000e+01
   5.3871970e+06   2.7000000e+01
   5.3875810e+06   2.7000000e+01
   5.4165880e+06   3.1000000e+01
   5.4167340e+06   3.2000000e+01
   5.4168970e+06   2.7000000e+01
   5.4170990e+06   3.2000000e+01
   5.4200230e+06   2.7000000e+01
   5.4227130e+06   2.7000000e+01
   5.4668240e+06   2.8000000e+01
   5.4670770e+06   2.8000000e+01
   5.4682740e+06   2.9000000e+01
   5.4686940e+06   3.0000000e+01
   5.4693210e+06   2.8000000e+01
   5.4698510e+06   2.8000000e+01
   5.5561070e+06   2.8000000e+01
   5.5612420e+06   2.9000000e+01
   5.6000260e+06   3.5000000e+01
   5.6557640e+06   2.7000000e+01
   5.6661760e+06   2.7000000e+01
   5.6670650e+06   2.9000000e+01
   5.6672590e+06   2.8000000e+01
   5.6682540e+06   2.7000000e+01
   5.6764880e+06   2.9000000e+01
   5.7415550e+06   3.0000000e+01
   5.7430380e+06   2.7000000e+01
   5.7438190e+06   2.9000000e+01
   5.7443200e+06   2.8000000e+01
   5.7457030e+06   2.9000000e+01
   5.7635470e+06   3.2000000e+01
   5.7954390e+06   2.7000000e+01
   5.8353340e+06   2.7000000e+01
   5.8551790e+06   7.5000000e+01
   5.8552550e+06   2.8000000e+01
   5.8554030e+06   2.8000000e+01
   5.8563880e+06   7.1000000e+01
   5.8564190e+06   2.7000000e+01
   5.8570800e+06   5.6000000e+01
   5.8571080e+06   2.7000000e+01
   5.8587170e+06   4.8000000e+01
   5.8587470e+06   3.2000000e+01
   5.8605540e+06   2.8000000e+01
   5.9203530e+06   2.8000000e+01
   5.9851620e+06   2.7000000e+01
   5.9855310e+06   2.9000000e+01
   5.9865360e+06   3.0000000e+01
   5.9867270e+06   2.8000000e+01
   5.9869650e+06   2.7000000e+01
   5.9881940e+06   2.7000000e+01
   6.0808840e+06   2.9000000e+01
   6.0849200e+06   2.7000000e+01
   6.0883750e+06   2.7000000e+01
   6.1307370e+06   3.1000000e+01
   6.1307850e+06   3.5000000e+01
   6.1308910e+06   3.0000000e+01
   6.1505600e+06   3.4000000e+01
   6.1507420e+06   6.8000000e+01
   6.1507720e+06   2.7000000e+01
   6.1508590e+06   2.7000000e+01
   6.1520870e+06   2.7000000e+01
   6.1523220e+06   3.2000000e+01
   6.1526690e+06   3.1000000e+01
   6.1537670e+06   2.9000000e+01
   6.1547810e+06   4.0000000e+01
   6.1558250e+06   2.9000000e+01
   6.2121400e+06   3.0000000e+01
   6.2132800e+06   2.7000000e+01
   6.2706130e+06   3.1000000e+01
   6.2712870e+06   7.2000000e+01
   6.2725890e+06   2.8000000e+01
   6.2726710e+06   3.0000000e+01
   6.2733560e+06   5.4000000e+01
   6.2733870e+06   3.1000000e+01
   6.2737280e+06   2.9000000e+01
   6.2739020e+06   2.7000000e+01
   6.2824200e+06   2.7000000e+01
   6.3438300e+06   3.5000000e+01
   6.3446400e+06   2.9000000e+01
   6.3607470e+06   3.6000000e+01
   6.3675610e+06   2.9000000e+01
   6.3916750e+06   3.1000000e+01
   6.4028510e+06   2.9000000e+01
   6.4154470e+06   3.0000000e+01
   6.4162390e+06   2.7000000e+01
   6.4168470e+06   2.9000000e+01
   6.5032430e+06   5.4000000e+01
   6.5032690e+06   2.8000000e+01
   6.5033810e+06   3.6000000e+01
   6.5046800e+06   3.1000000e+01
   6.5688280e+06   2.8000000e+01
   6.5696790e+06   3.0000000e+01
   6.5814030e+06   2.8000000e+01
   6.6336740e+06   3.0000000e+01
   6.6392730e+06   3.0000000e+01
   6.6406070e+06   2.7000000e+01
   6.6971050e+06   2.8000000e+01
   6.7111150e+06   2.7000000e+01
   6.7163400e+06   2.7000000e+01
   6.7877780e+06   3.0000000e+01
   6.7888830e+06   2.9000000e+01
   6.8332800e+06   2.7000000e+01
   6.8338360e+06   2.7000000e+01
   6.8339530e+06   3.2000000e+01
   6.8350910e+06   3.2000000e+01
   6.8351880e+06   3.1000000e+01
   6.8352180e+06   2.7000000e+01
   6.8357730e+06   2.7000000e+01
   6.8363280e+06   2.8000000e+01
   6.8364450e+06   3.7000000e+01
   6.8376900e+06   3.4000000e+01
   6.8388400e+06   2.8000000e+01
   6.8392300e+06   3.0000000e+01
   6.8412910e+06   2.8000000e+01
   6.9200420e+06   2.7000000e+01
   6.9341960e+06   2.9000000e+01
   6.9505680e+06   3.2000000e+01
   6.9687450e+06   2.8000000e+01
   6.9907280e+06   2.7000000e+01
   6.9917960e+06   3.0000000e+01
   6.9919180e+06   2.7000000e+01
   6.9932580e+06   2.7000000e+01
   6.9934330e+06   2.9000000e+01
   6.9942590e+06   2.8000000e+01
   6.9993850e+06   2.8000000e+01
   7.0750610e+06   2.9000000e+01
   7.0986920e+06   5.9000000e+01
   7.1000870e+06   5.7000000e+01
   7.1001170e+06   2.9000000e+01
   7.1011320e+06   2.7000000e+01
   7.1188190e+06   2.9000000e+01
   7.1389710e+06   2.7000000e+01
   7.1439020e+06   2.7000000e+01
   7.1571160e+06   3.0000000e+01
   7.1579730e+06   2.9000000e+01
   7.1687100e+06   2.7000000e+01
   7.2534230e+06   2.8000000e+01
   7.2586700e+06   2.9000000e+01
   7.2697460e+06   3.1000000e+01
   7.2764760e+06   3.0000000e+01
   7.2907930e+06   2.8000000e+01
   7.2919270e+06   2.7000000e+01
   7.3531260e+06   2.7000000e+01
   7.3538540e+06   3.6000000e+01
   7.3544500e+06   2.7000000e+01
   7.3552120e+06   3.2000000e+01
   7.3554390e+06   2.7000000e+01
   7.3560130e+06   2.8000000e+01
   7.3579680e+06   3.3000000e+01
   7.3690500e+06   2.8000000e+01
   7.3971710e+06   2.7000000e+01
   7.4004650e+06   2.9000000e+01
   7.4020430e+06   3.1000000e+01
   7.4082270e+06   3.1000000e+01
   7.4283250e+06   2.7000000e+01
   7.4288760e+06   2.8000000e+01
   7.4299280e+06   3.0000000e+01
   7.4305780e+06   3.2000000e+01
   7.4310540e+06   2.8000000e+01
   7.4314680e+06   2.7000000e+01
   7.4331120e+06   2.7000000e+01
   7.4714790e+06   2.8000000e+01
   7.4716450e+06   2.8000000e+01
   7.4737440e+06   3.0000000e+01
   7.4737720e+06   2.9000000e+01
