   7.5250000e+06   0.0000000e+00
   4.2030000e+04   1.9000000e+01
   4.3319000e+04   2.3000000e+01
   4.3347000e+04   2.7000000e+01
   7.5009000e+04   1.9000000e+01
   7.5282000e+04   2.7000000e+01
   7.5635000e+04   2.5000000e+01
   7.6061000e+04   2.0000000e+01
   7.6187000e+04   2.4000000e+01
   7.8316000e+04   2.4000000e+01
   8.1600000e+04   2.8000000e+01
   8.2554000e+04   1.9000000e+01
   1.6761700e+05   1.9000000e+01
   1.6764600e+05   2.1000000e+01
   1.7568000e+05   2.4000000e+01
   2.4106400e+05   2.0000000e+01
   2.4109600e+05   2.3000000e+01
   2.4160500e+05   1.9000000e+01
   2.4174800e+05   2.0000000e+01
   2.4265300e+05   2.9000000e+01
   3.1521100e+05   1.9000000e+01
   3.2381200e+05   2.3000000e+01
   3.2384100e+05   2.1000000e+01
   3.3473200e+05   1.9000000e+01
   4.2653800e+05   2.3000000e+01
   4.2825300e+05   3.0000000e+01
   4.2845100e+05   2.5000000e+01
   4.9622500e+05   2.8000000e+01
   5.0151500e+05   2.3000000e+01
   5.0154300e+05   2.0000000e+01
   5.4004400e+05   2.9000000e+01
   5.4166800e+05   2.3000000e+01
   5.4174200e+05   2.7000000e+01
   5.4177200e+05   2.1000000e+01
   5.4213500e+05   2.4000000e+01
   5.4216400e+05   2.0000000e+01
   5.4265500e+05   2.7000000e+01
   5.4268200e+05   2.2000000e+01
   5.4952200e+05   2.5000000e+01
   6.1518000e+05   2.1000000e+01
   6.3966800e+05   1.9000000e+01
   6.4063000e+05   2.8000000e+01
   6.4686800e+05   2.1000000e+01
   6.4689400e+05   2.2000000e+01
   6.9464800e+05   2.6000000e+01
   7.6804700e+05   1.9000000e+01
   7.7070500e+05   3.2000000e+01
   8.3466000e+05   2.4000000e+01
   8.3472500e+05   1.9000000e+01
   8.3947800e+05   2.0000000e+01
   8.3950900e+05   2.3000000e+01
   8.9236100e+05   2.7000000e+01
   9.6972000e+05   2.1000000e+01
   9.7006200e+05   2.0000000e+01
   9.7008800e+05   2.4000000e+01
   9.7154600e+05   2.9000000e+01
   9.7264100e+05   1.9000000e+01
   9.7267200e+05   2.0000000e+01
   9.7355600e+05   2.6000000e+01
   1.0321510e+06   2.7000000e+01
   1.0381510e+06   1.9000000e+01
   1.0381790e+06   2.3000000e+01
   1.0427110e+06   2.5000000e+01
   1.0427400e+06   2.1000000e+01
   1.0454130e+06   3.0000000e+01
   1.0477190e+06   2.3000000e+01
   1.0499260e+06   2.3000000e+01
   1.0499570e+06   1.9000000e+01
   1.0540470e+06   2.0000000e+01
   1.1744560e+06   2.2000000e+01
   1.1856320e+06   2.0000000e+01
   1.1856610e+06   2.3000000e+01
   1.2954880e+06   2.8000000e+01
   1.2964570e+06   3.1000000e+01
   1.2984410e+06   2.7000000e+01
   1.3647130e+06   2.1000000e+01
   1.3663300e+06   2.4000000e+01
   1.3663590e+06   1.9000000e+01
   1.4317150e+06   2.0000000e+01
   1.4317440e+06   1.9000000e+01
   1.4337170e+06   1.9000000e+01
   1.5192170e+06   2.5000000e+01
   1.5334190e+06   2.4000000e+01
   1.5362490e+06   2.8000000e+01
   1.6236970e+06   2.9000000e+01
   1.6245590e+06   2.1000000e+01
   1.6810920e+06   2.8000000e+01
   1.6811220e+06   2.4000000e+01
   1.6821820e+06   2.1000000e+01
   1.6822160e+06   2.4000000e+01
   1.6831830e+06   2.0000000e+01
   1.6832340e+06   3.5000000e+01
   1.6842140e+06   3.1000000e+01
   1.7905030e+06   2.7000000e+01
   1.7937870e+06   2.6000000e+01
   1.7938160e+06   1.9000000e+01
   1.8195170e+06   1.9000000e+01
   1.8199240e+06   2.1000000e+01
   1.8199540e+06   2.2000000e+01
   1.8353980e+06   2.3000000e+01
   1.8354230e+06   2.2000000e+01
   1.8375430e+06   1.9000000e+01
   1.8391610e+06   2.4000000e+01
   1.9088020e+06   2.4000000e+01
   1.9088310e+06   2.6000000e+01
   1.9101140e+06   3.0000000e+01
   2.0009340e+06   2.5000000e+01
   2.0045410e+06   2.2000000e+01
   2.0115160e+06   2.1000000e+01
   2.0116020e+06   2.3000000e+01
   2.0122780e+06   2.2000000e+01
   2.0123100e+06   2.2000000e+01
   2.0128940e+06   1.9000000e+01
   2.0129450e+06   2.5000000e+01
   2.0134170e+06   1.9000000e+01
   2.0135220e+06   2.4000000e+01
   2.0136160e+06   2.1000000e+01
   2.0138730e+06   2.4000000e+01
   2.0142730e+06   1.9000000e+01
   2.0143220e+06   3.8000000e+01
   2.0143980e+06   3.1000000e+01
   2.0144230e+06   2.2000000e+01
   2.0146150e+06   1.9000000e+01
   2.0146860e+06   2.1000000e+01
   2.0149330e+06   2.4000000e+01
   2.0149980e+06   2.1000000e+01
   2.0150670e+06   1.9000000e+01
   2.0152000e+06   2.3000000e+01
   2.0155210e+06   3.3000000e+01
   2.0155750e+06   2.5000000e+01
   2.0158140e+06   2.4000000e+01
   2.0158420e+06   1.9000000e+01
   2.0159850e+06   2.1000000e+01
   2.0161930e+06   2.0000000e+01
   2.0162200e+06   1.9000000e+01
   2.0163200e+06   1.9000000e+01
   2.0166070e+06   2.4000000e+01
   2.0166980e+06   2.1000000e+01
   2.0167260e+06   2.2000000e+01
   2.0169620e+06   2.0000000e+01
   2.0177070e+06   2.7000000e+01
   2.0177340e+06   2.0000000e+01
   2.0182520e+06   2.3000000e+01
   2.0196220e+06   2.1000000e+01
   2.4506260e+06   2.2000000e+01
   2.4506550e+06   1.9000000e+01
   2.4517280e+06   1.9000000e+01
   2.4517590e+06   2.2000000e+01
   2.4518690e+06   1.9000000e+01
   2.4518970e+06   2.2000000e+01
   2.4525990e+06   3.0000000e+01
   2.4983450e+06   1.9000000e+01
   2.4983700e+06   1.9000000e+01
   2.5008680e+06   2.6000000e+01
   2.5784990e+06   2.1000000e+01
   2.5785240e+06   2.2000000e+01
   2.5793190e+06   2.7000000e+01
   2.5797720e+06   2.6000000e+01
   2.6653790e+06   1.9000000e+01
   2.6666870e+06   1.9000000e+01
   2.6667140e+06   2.1000000e+01
   2.6683940e+06   2.3000000e+01
   2.7090410e+06   2.3000000e+01
   2.7096270e+06   2.1000000e+01
   2.7097450e+06   1.9000000e+01
   2.7100950e+06   1.9000000e+01
   2.7229010e+06   2.6000000e+01
   2.7626070e+06   2.2000000e+01
   2.7626360e+06   2.1000000e+01
   2.7637080e+06   1.9000000e+01
   2.7637600e+06   2.1000000e+01
   2.7638460e+06   1.9000000e+01
   2.8175680e+06   2.9000000e+01
   2.8185110e+06   2.4000000e+01
   2.8588170e+06   2.2000000e+01
   2.8588450e+06   1.9000000e+01
   2.8593400e+06   2.2000000e+01
   2.8593680e+06   2.9000000e+01
   2.8595950e+06   2.5000000e+01
   2.8596220e+06   1.9000000e+01
   2.8602070e+06   1.9000000e+01
   2.8604020e+06   2.6000000e+01
   2.9448640e+06   2.2000000e+01
   2.9448890e+06   2.0000000e+01
   2.9455360e+06   2.0000000e+01
   2.9455660e+06   2.1000000e+01
   2.9465040e+06   1.9000000e+01
   2.9467310e+06   1.9000000e+01
   2.9467600e+06   2.2000000e+01
   2.9472440e+06   2.3000000e+01
   3.0368300e+06   2.4000000e+01
   3.0368580e+06   2.4000000e+01
   3.0404710e+06   2.1000000e+01
   3.0407310e+06   2.6000000e+01
   3.0457600e+06   2.5000000e+01
   3.0482780e+06   2.0000000e+01
   3.0483070e+06   2.7000000e+01
   3.0928250e+06   2.0000000e+01
   3.0934680e+06   2.6000000e+01
   3.0934950e+06   2.6000000e+01
   3.0946080e+06   2.5000000e+01
   3.0946370e+06   1.9000000e+01
   3.0983930e+06   2.7000000e+01
   3.1390020e+06   2.0000000e+01
   3.1390290e+06   1.9000000e+01
   3.1401150e+06   2.1000000e+01
   3.1401410e+06   2.3000000e+01
   3.2002300e+06   3.0000000e+01
   3.2013290e+06   2.7000000e+01
   3.2402170e+06   1.9000000e+01
   3.2402460e+06   1.9000000e+01
   3.2404580e+06   2.0000000e+01
   3.2486850e+06   3.1000000e+01
   3.2509270e+06   2.0000000e+01
   3.3043030e+06   2.0000000e+01
   3.3068550e+06   2.7000000e+01
   3.3090650e+06   2.6000000e+01
   3.3090910e+06   2.1000000e+01
   3.3570630e+06   1.9000000e+01
   3.3600440e+06   2.0000000e+01
   3.3895680e+06   2.0000000e+01
   3.3895950e+06   1.9000000e+01
   3.3907600e+06   2.8000000e+01
   3.3909620e+06   1.9000000e+01
   3.3915790e+06   2.5000000e+01
   3.3916100e+06   1.9000000e+01
   3.4197330e+06   2.3000000e+01
   3.4435430e+06   2.0000000e+01
   3.4436510e+06   1.9000000e+01
   3.5030280e+06   1.9000000e+01
   3.5032250e+06   2.8000000e+01
   3.5041260e+06   2.4000000e+01
   3.5042260e+06   2.3000000e+01
   3.5571660e+06   2.6000000e+01
   3.5599130e+06   2.1000000e+01
   3.5613020e+06   2.8000000e+01
   3.6049660e+06   1.9000000e+01
   3.6050280e+06   1.9000000e+01
   3.6051540e+06   1.9000000e+01
   3.6068590e+06   2.2000000e+01
   3.6109600e+06   2.0000000e+01
   3.6109910e+06   2.0000000e+01
   3.6584350e+06   1.9000000e+01
   3.6585420e+06   2.2000000e+01
   3.6590110e+06   2.1000000e+01
   3.6590410e+06   2.6000000e+01
   3.7048110e+06   3.0000000e+01
   3.7055710e+06   2.6000000e+01
   3.7557940e+06   2.0000000e+01
   3.8105730e+06   3.0000000e+01
   3.8111640e+06   2.0000000e+01
   3.8111930e+06   3.5000000e+01
   3.8112220e+06   2.0000000e+01
   3.8114530e+06   2.1000000e+01
   3.8115710e+06   1.9000000e+01
   3.8116110e+06   4.0000000e+01
   3.8116890e+06   1.9000000e+01
   3.8118330e+06   2.3000000e+01
   3.8118840e+06   2.4000000e+01
   3.8121180e+06   2.0000000e+01
   3.8122670e+06   1.9000000e+01
   3.8124010e+06   3.1000000e+01
   3.8129650e+06   1.9000000e+01
   3.8627750e+06   1.9000000e+01
   3.8628110e+06   1.9000000e+01
   3.8633010e+06   1.9000000e+01
   3.8642550e+06   2.2000000e+01
   3.8656890e+06   2.4000000e+01
   3.9190670e+06   2.0000000e+01
   3.9190980e+06   1.9000000e+01
   3.9202130e+06   1.9000000e+01
   3.9207410e+06   2.3000000e+01
   3.9226040e+06   2.8000000e+01
   3.9310470e+06   2.7000000e+01
   3.9666710e+06   2.2000000e+01
   3.9666990e+06   2.0000000e+01
   3.9674100e+06   2.3000000e+01
   3.9679610e+06   2.3000000e+01
   4.0125310e+06   2.6000000e+01
   4.0138160e+06   2.9000000e+01
   4.1103530e+06   2.7000000e+01
   4.1109870e+06   2.3000000e+01
   4.1171510e+06   1.9000000e+01
   4.2020860e+06   2.1000000e+01
   4.2021160e+06   2.2000000e+01
   4.2060020e+06   2.7000000e+01
   4.2429180e+06   2.5000000e+01
   4.2429430e+06   2.2000000e+01
   4.2432830e+06   2.0000000e+01
   4.2438200e+06   1.9000000e+01
   4.2438520e+06   2.1000000e+01
   4.2440540e+06   2.0000000e+01
   4.2440820e+06   2.1000000e+01
   4.2441530e+06   2.4000000e+01
   4.2441780e+06   2.2000000e+01
   4.2442840e+06   2.0000000e+01
   4.2445170e+06   2.0000000e+01
   4.2545070e+06   2.5000000e+01
   4.3259720e+06   2.5000000e+01
   4.3279060e+06   2.3000000e+01
   4.3894110e+06   2.0000000e+01
   4.3894430e+06   1.9000000e+01
   4.4373330e+06   2.4000000e+01
   4.4482580e+06   2.1000000e+01
   4.4538760e+06   3.0000000e+01
   4.4655840e+06   2.2000000e+01
   4.5780690e+06   3.0000000e+01
   4.5795530e+06   1.9000000e+01
   4.5795830e+06   2.3000000e+01
   4.5799540e+06   1.9000000e+01
   4.5799820e+06   2.8000000e+01
   4.5806500e+06   2.3000000e+01
   4.5806780e+06   2.0000000e+01
   4.5930970e+06   1.9000000e+01
   4.6452900e+06   3.1000000e+01
   4.6563970e+06   2.5000000e+01
   4.6564230e+06   2.3000000e+01
   4.7381180e+06   2.3000000e+01
   4.7416830e+06   2.7000000e+01
   4.7860550e+06   2.0000000e+01
   4.7885790e+06   1.9000000e+01
   4.8248090e+06   2.8000000e+01
   4.8283330e+06   2.4000000e+01
   4.8483350e+06   2.0000000e+01
   4.8483610e+06   1.9000000e+01
   4.8492960e+06   2.5000000e+01
   4.9030100e+06   1.9000000e+01
   4.9046610e+06   3.1000000e+01
   4.9608560e+06   2.8000000e+01
   4.9608840e+06   2.9000000e+01
   4.9611320e+06   2.2000000e+01
   4.9612040e+06   1.9000000e+01
   4.9612400e+06   2.4000000e+01
   4.9613960e+06   2.0000000e+01
   4.9615740e+06   1.9000000e+01
   4.9617180e+06   2.2000000e+01
   4.9617460e+06   3.0000000e+01
   4.9620610e+06   2.3000000e+01
   4.9620920e+06   1.9000000e+01
   4.9623110e+06   1.9000000e+01
   4.9626840e+06   2.2000000e+01
   4.9627140e+06   2.0000000e+01
   4.9627760e+06   3.0000000e+01
   4.9628050e+06   1.9000000e+01
   4.9628950e+06   1.9000000e+01
   4.9633320e+06   1.9000000e+01
   4.9633610e+06   1.9000000e+01
   4.9635110e+06   2.0000000e+01
   4.9635430e+06   2.2000000e+01
   4.9636150e+06   2.1000000e+01
   4.9636450e+06   2.1000000e+01
   4.9637190e+06   1.9000000e+01
   4.9644610e+06   2.9000000e+01
   4.9644880e+06   2.5000000e+01
   5.1282420e+06   2.0000000e+01
   5.2281180e+06   2.7000000e+01
   5.2303010e+06   2.1000000e+01
   5.2303300e+06   2.1000000e+01
   5.2728440e+06   2.4000000e+01
   5.2735560e+06   3.2000000e+01
   5.2748330e+06   3.1000000e+01
   5.3674370e+06   2.1000000e+01
   5.3683600e+06   2.0000000e+01
   5.3895880e+06   2.3000000e+01
   5.4680270e+06   2.5000000e+01
   5.4766180e+06   2.7000000e+01
   5.4849310e+06   2.5000000e+01
   5.4863040e+06   2.4000000e+01
   5.5326070e+06   2.1000000e+01
   5.5326410e+06   2.0000000e+01
   5.5350970e+06   1.9000000e+01
   5.5655930e+06   3.0000000e+01
   5.5690040e+06   2.6000000e+01
   5.6172400e+06   2.6000000e+01
   5.6188280e+06   2.6000000e+01
   5.6193110e+06   2.1000000e+01
   5.6200540e+06   2.8000000e+01
   5.6200810e+06   2.1000000e+01
   5.6212710e+06   2.5000000e+01
   5.6746880e+06   2.1000000e+01
   5.6851920e+06   2.4000000e+01
   5.7486380e+06   2.4000000e+01
   5.7486650e+06   2.8000000e+01
   5.7515020e+06   1.9000000e+01
   5.7866670e+06   2.7000000e+01
   5.8012700e+06   2.2000000e+01
   5.8020880e+06   1.9000000e+01
   5.8021570e+06   2.5000000e+01
   5.8836350e+06   2.6000000e+01
   5.8836670e+06   2.6000000e+01
   5.8839760e+06   2.6000000e+01
   5.8840050e+06   2.2000000e+01
   5.8842470e+06   2.2000000e+01
   5.8842790e+06   2.0000000e+01
   5.8851690e+06   2.0000000e+01
   5.9444170e+06   2.5000000e+01
   5.9448190e+06   1.9000000e+01
   5.9454010e+06   2.4000000e+01
   5.9466980e+06   2.3000000e+01
   6.0027980e+06   2.7000000e+01
   6.0158810e+06   3.0000000e+01
   6.0383680e+06   2.7000000e+01
   6.0397680e+06   2.3000000e+01
   6.0397930e+06   2.1000000e+01
   6.0981620e+06   2.3000000e+01
   6.0982160e+06   2.5000000e+01
   6.0989290e+06   2.1000000e+01
   6.1003430e+06   1.9000000e+01
   6.1695570e+06   3.0000000e+01
   6.1696300e+06   1.9000000e+01
   6.1696550e+06   2.2000000e+01
   6.1703190e+06   2.5000000e+01
   6.1703470e+06   2.2000000e+01
   6.1712820e+06   2.2000000e+01
   6.2066810e+06   2.2000000e+01
   6.2305470e+06   3.5000000e+01
   6.2313120e+06   2.5000000e+01
   6.2322960e+06   3.6000000e+01
   6.2333600e+06   2.1000000e+01
   6.2333870e+06   2.2000000e+01
   6.2335110e+06   2.3000000e+01
   6.2335420e+06   2.3000000e+01
   6.3009150e+06   2.0000000e+01
   6.3347830e+06   2.1000000e+01
   6.3348080e+06   2.0000000e+01
   6.3404520e+06   2.5000000e+01
   6.3616980e+06   2.1000000e+01
   6.3617230e+06   2.0000000e+01
   6.3625830e+06   2.2000000e+01
   6.3627740e+06   2.0000000e+01
   6.3635680e+06   2.2000000e+01
   6.4020900e+06   2.6000000e+01
   6.4035430e+06   2.8000000e+01
   6.4035700e+06   2.1000000e+01
   6.4065440e+06   1.9000000e+01
   6.4096580e+06   2.3000000e+01
   6.4096850e+06   1.9000000e+01
   6.4198500e+06   2.0000000e+01
   6.5350420e+06   2.3000000e+01
   6.5372040e+06   2.0000000e+01
   6.5372310e+06   2.3000000e+01
   6.5557690e+06   2.3000000e+01
   6.6027760e+06   3.0000000e+01
   6.6037010e+06   1.9000000e+01
   6.6107020e+06   2.7000000e+01
   6.6115220e+06   1.9000000e+01
   6.6115480e+06   1.9000000e+01
   6.6549620e+06   2.9000000e+01
   6.6550010e+06   1.9000000e+01
   6.6558330e+06   2.6000000e+01
   6.6558600e+06   2.5000000e+01
   6.6583190e+06   2.9000000e+01
   6.6926030e+06   2.6000000e+01
   6.6934910e+06   2.8000000e+01
   6.6935200e+06   1.9000000e+01
   6.7291920e+06   2.1000000e+01
   6.7305520e+06   2.2000000e+01
   6.7305800e+06   2.2000000e+01
   6.7351600e+06   2.5000000e+01
   6.8046110e+06   2.6000000e+01
   6.8085430e+06   2.5000000e+01
   6.8141070e+06   3.1000000e+01
   6.8700680e+06   2.4000000e+01
   6.8719500e+06   3.2000000e+01
   6.8729760e+06   3.0000000e+01
   6.8730010e+06   2.2000000e+01
   6.8811670e+06   2.8000000e+01
   6.9932730e+06   2.2000000e+01
   6.9933000e+06   2.7000000e+01
   6.9936890e+06   1.9000000e+01
   6.9937520e+06   2.0000000e+01
   6.9937900e+06   2.2000000e+01
   6.9939250e+06   2.9000000e+01
   6.9939520e+06   2.9000000e+01
   6.9942830e+06   2.5000000e+01
   6.9948310e+06   2.0000000e+01
   6.9951510e+06   3.9000000e+01
   6.9956040e+06   3.1000000e+01
   6.9957800e+06   2.3000000e+01
   6.9958050e+06   2.7000000e+01
   6.9959430e+06   2.0000000e+01
   6.9967330e+06   2.5000000e+01
   6.9967840e+06   2.4000000e+01
   7.0928310e+06   2.9000000e+01
   7.1222980e+06   2.8000000e+01
   7.1926950e+06   1.9000000e+01
   7.2709120e+06   2.6000000e+01
   7.2739580e+06   2.5000000e+01
   7.2752370e+06   3.0000000e+01
   7.2761430e+06   2.1000000e+01
   7.2770410e+06   2.3000000e+01
   7.3384670e+06   2.3000000e+01
   7.3384930e+06   2.1000000e+01
   7.3868580e+06   1.9000000e+01
   7.3868830e+06   2.0000000e+01
   7.3880490e+06   1.9000000e+01
   7.3885110e+06   2.2000000e+01
   7.3885370e+06   2.6000000e+01
   7.3992460e+06   2.6000000e+01
   7.4716810e+06   2.9000000e+01
   7.4726050e+06   2.3000000e+01
   7.4864740e+06   2.9000000e+01
