   7.5250000e+06   0.0000000e+00
   4.2923000e+04   1.8000000e+01
   7.3738000e+04   2.2000000e+01
   7.4254000e+04   2.3000000e+01
   7.5067000e+04   2.2000000e+01
   7.5650000e+04   2.2000000e+01
   7.5906000e+04   2.0000000e+01
   7.6200000e+04   1.9000000e+01
   7.6855000e+04   2.4000000e+01
   7.6939000e+04   1.8000000e+01
   7.7254000e+04   1.8000000e+01
   7.7457000e+04   2.4000000e+01
   7.7656000e+04   1.8000000e+01
   7.8021000e+04   2.0000000e+01
   7.8498000e+04   2.2000000e+01
   7.9167000e+04   1.8000000e+01
   8.0137000e+04   1.8000000e+01
   8.0477000e+04   1.9000000e+01
   8.1813000e+04   1.8000000e+01
   8.3035000e+04   2.1000000e+01
   8.4041000e+04   1.9000000e+01
   8.5285000e+04   2.0000000e+01
   1.3855900e+05   1.8000000e+01
   2.0774000e+05   1.9000000e+01
   2.4124900e+05   2.3000000e+01
   2.4146200e+05   2.7000000e+01
   2.4172900e+05   2.4000000e+01
   2.4212500e+05   2.4000000e+01
   2.4227800e+05   2.6000000e+01
   2.4267500e+05   1.8000000e+01
   2.4273100e+05   2.0000000e+01
   2.4275900e+05   3.3000000e+01
   2.4283800e+05   2.1000000e+01
   2.4313200e+05   1.8000000e+01
   2.4323200e+05   1.9000000e+01
   2.4350400e+05   2.3000000e+01
   2.4355600e+05   1.9000000e+01
   2.4362600e+05   2.4000000e+01
   2.4369600e+05   2.4000000e+01
   2.4383900e+05   1.8000000e+01
   2.4388400e+05   1.8000000e+01
   2.4436400e+05   1.8000000e+01
   2.4470100e+05   2.1000000e+01
   2.4485700e+05   2.1000000e+01
   2.4528300e+05   1.9000000e+01
   2.4552100e+05   1.9000000e+01
   2.4582200e+05   2.4000000e+01
   2.4608100e+05   1.8000000e+01
   2.4680000e+05   2.3000000e+01
   2.4712400e+05   2.0000000e+01
   2.4789600e+05   1.8000000e+01
   2.4838500e+05   1.8000000e+01
   2.4927600e+05   2.0000000e+01
   2.5015200e+05   2.0000000e+01
   3.0016700e+05   2.0000000e+01
   3.1467700e+05   2.1000000e+01
   3.1622300e+05   1.8000000e+01
   3.1694900e+05   2.1000000e+01
   3.1846800e+05   1.9000000e+01
   3.1850600e+05   2.3000000e+01
   3.1905500e+05   2.0000000e+01
   3.1915100e+05   1.8000000e+01
   3.1962600e+05   1.9000000e+01
   3.2158400e+05   2.4000000e+01
   4.0960800e+05   1.8000000e+01
   4.2764400e+05   2.7000000e+01
   4.2955800e+05   1.8000000e+01
   4.8851000e+05   1.8000000e+01
   5.0044700e+05   1.8000000e+01
   5.3810100e+05   2.1000000e+01
   5.3905900e+05   2.2000000e+01
   5.4023300e+05   2.1000000e+01
   5.4029300e+05   2.1000000e+01
   5.4080800e+05   2.1000000e+01
   5.4091700e+05   2.1000000e+01
   5.4100200e+05   1.8000000e+01
   5.4161700e+05   1.8000000e+01
   5.4171100e+05   1.8000000e+01
   5.4201200e+05   2.2000000e+01
   5.4361100e+05   1.8000000e+01
   5.4516300e+05   3.8000000e+01
   5.4569300e+05   2.0000000e+01
   6.4079800e+05   2.0000000e+01
   6.4131400e+05   2.5000000e+01
   6.4200100e+05   1.9000000e+01
   6.4220200e+05   2.2000000e+01
   6.4265300e+05   1.8000000e+01
   6.4313200e+05   2.1000000e+01
   6.4402200e+05   2.1000000e+01
   6.4547900e+05   1.8000000e+01
   6.4785500e+05   1.8000000e+01
   6.4789300e+05   1.9000000e+01
   6.4851300e+05   1.9000000e+01
   6.5107000e+05   1.9000000e+01
   7.5334600e+05   1.9000000e+01
   7.5494900e+05   2.2000000e+01
   7.5500100e+05   1.9000000e+01
   7.5699900e+05   2.7000000e+01
   7.5759100e+05   1.8000000e+01
   7.5786100e+05   1.8000000e+01
   7.5804100e+05   2.0000000e+01
   7.5854000e+05   2.1000000e+01
   7.5889900e+05   1.9000000e+01
   7.5933800e+05   1.8000000e+01
   7.5944500e+05   1.8000000e+01
   7.5988700e+05   2.0000000e+01
   7.6059500e+05   1.9000000e+01
   7.6119500e+05   1.8000000e+01
   7.6292100e+05   1.8000000e+01
   7.6775100e+05   1.8000000e+01
   9.0233600e+05   1.9000000e+01
   9.0290000e+05   1.9000000e+01
   9.0379000e+05   2.2000000e+01
   9.0639400e+05   2.1000000e+01
   9.0693400e+05   1.8000000e+01
   9.3929800e+05   1.8000000e+01
   9.5594300e+05   1.9000000e+01
   9.5744000e+05   2.0000000e+01
   9.6467600e+05   2.4000000e+01
   9.7001700e+05   2.0000000e+01
   9.7239700e+05   2.1000000e+01
   9.7536400e+05   1.8000000e+01
   9.8776400e+05   1.9000000e+01
   9.9891600e+05   1.8000000e+01
   1.0014340e+06   1.9000000e+01
   1.0228440e+06   1.9000000e+01
   1.0276650e+06   1.8000000e+01
   1.0288550e+06   1.9000000e+01
   1.0334130e+06   1.8000000e+01
   1.0337370e+06   1.8000000e+01
   1.0342620e+06   1.8000000e+01
   1.0346670e+06   1.9000000e+01
   1.0357510e+06   1.8000000e+01
   1.0384930e+06   1.8000000e+01
   1.0395120e+06   1.8000000e+01
   1.0395370e+06   1.8000000e+01
   1.0399780e+06   2.0000000e+01
   1.0411480e+06   1.9000000e+01
   1.0416140e+06   2.0000000e+01
   1.0430570e+06   1.8000000e+01
   1.0436570e+06   1.9000000e+01
   1.0442870e+06   1.8000000e+01
   1.0443650e+06   1.8000000e+01
   1.0462150e+06   1.8000000e+01
   1.0468390e+06   2.0000000e+01
   1.0469130e+06   1.8000000e+01
   1.0470330e+06   1.9000000e+01
   1.0857290e+06   1.9000000e+01
   1.0887540e+06   1.9000000e+01
   1.1060360e+06   2.1000000e+01
   1.1060880e+06   2.9000000e+01
   1.1606780e+06   2.1000000e+01
   1.1611370e+06   2.2000000e+01
   1.1783640e+06   2.1000000e+01
   1.1805400e+06   1.8000000e+01
   1.1808700e+06   1.9000000e+01
   1.1821900e+06   2.3000000e+01
   1.1832940e+06   1.9000000e+01
   1.1857570e+06   2.0000000e+01
   1.1890410e+06   1.8000000e+01
   1.1896650e+06   1.8000000e+01
   1.2933430e+06   1.8000000e+01
   1.2942680e+06   1.8000000e+01
   1.2947720e+06   1.8000000e+01
   1.2951900e+06   1.8000000e+01
   1.2975020e+06   2.5000000e+01
   1.3634470e+06   1.9000000e+01
   1.3645330e+06   1.8000000e+01
   1.4003880e+06   1.8000000e+01
   1.4252560e+06   2.5000000e+01
   1.4265510e+06   2.0000000e+01
   1.4271010e+06   1.9000000e+01
   1.4271800e+06   2.8000000e+01
   1.4279280e+06   1.8000000e+01
   1.4286280e+06   1.9000000e+01
   1.4292660e+06   2.2000000e+01
   1.4301820e+06   2.3000000e+01
   1.4307460e+06   1.8000000e+01
   1.4308060e+06   1.8000000e+01
   1.4313820e+06   2.1000000e+01
   1.4320250e+06   1.9000000e+01
   1.4380110e+06   1.8000000e+01
   1.4837590e+06   1.8000000e+01
   1.5307970e+06   1.8000000e+01
   1.5353130e+06   1.8000000e+01
   1.5539450e+06   1.8000000e+01
   1.6246230e+06   2.1000000e+01
   1.6248070e+06   2.1000000e+01
   1.6250460e+06   1.9000000e+01
   1.6251760e+06   2.7000000e+01
   1.6252460e+06   2.0000000e+01
   1.6256360e+06   2.8000000e+01
   1.6257660e+06   2.0000000e+01
   1.6260850e+06   2.4000000e+01
   1.6261610e+06   2.0000000e+01
   1.6265200e+06   1.8000000e+01
   1.6267570e+06   2.1000000e+01
   1.6272060e+06   2.6000000e+01
   1.6272480e+06   1.8000000e+01
   1.6277060e+06   2.0000000e+01
   1.6281930e+06   1.8000000e+01
   1.6284050e+06   1.8000000e+01
   1.6289160e+06   2.0000000e+01
   1.6293430e+06   1.9000000e+01
   1.6301020e+06   2.2000000e+01
   1.6305960e+06   2.3000000e+01
   1.6312690e+06   1.9000000e+01
   1.6343060e+06   2.1000000e+01
   1.7106190e+06   2.0000000e+01
   1.7519230e+06   1.9000000e+01
   1.8121530e+06   1.9000000e+01
   1.8131520e+06   1.8000000e+01
   1.8170340e+06   1.9000000e+01
   1.8174050e+06   2.1000000e+01
   1.8175650e+06   1.8000000e+01
   1.8183450e+06   2.1000000e+01
   1.8188890e+06   2.0000000e+01
   1.8427660e+06   1.8000000e+01
   1.9076350e+06   1.8000000e+01
   1.9078200e+06   2.2000000e+01
   1.9078930e+06   2.0000000e+01
   1.9116490e+06   2.0000000e+01
   1.9126860e+06   1.9000000e+01
   1.9136170e+06   1.8000000e+01
   1.9146840e+06   1.8000000e+01
   1.9804610e+06   2.3000000e+01
   1.9807990e+06   3.3000000e+01
   2.0004350e+06   1.9000000e+01
   2.0021680e+06   1.8000000e+01
   2.0099020e+06   2.3000000e+01
   2.0109830e+06   2.6000000e+01
   2.0117450e+06   2.3000000e+01
   2.0119070e+06   2.0000000e+01
   2.0121830e+06   2.1000000e+01
   2.0128890e+06   2.2000000e+01
   2.0129700e+06   2.8000000e+01
   2.0130700e+06   2.0000000e+01
   2.0131850e+06   1.8000000e+01
   2.0132340e+06   1.8000000e+01
   2.0132660e+06   1.9000000e+01
   2.0133430e+06   2.0000000e+01
   2.0134700e+06   2.0000000e+01
   2.0135780e+06   1.8000000e+01
   2.0136190e+06   2.1000000e+01
   2.0136890e+06   1.9000000e+01
   2.0138620e+06   1.9000000e+01
   2.0139080e+06   2.2000000e+01
   2.0139870e+06   2.0000000e+01
   2.0142040e+06   1.8000000e+01
   2.0142510e+06   2.0000000e+01
   2.0143230e+06   1.8000000e+01
   2.0145930e+06   2.2000000e+01
   2.0146580e+06   1.9000000e+01
   2.0147810e+06   1.9000000e+01
   2.0149000e+06   2.0000000e+01
   2.0149650e+06   2.6000000e+01
   2.0150610e+06   2.0000000e+01
   2.0152970e+06   2.2000000e+01
   2.0153420e+06   2.0000000e+01
   2.0154210e+06   2.0000000e+01
   2.0155810e+06   1.8000000e+01
   2.0156400e+06   3.0000000e+01
   2.0157210e+06   2.2000000e+01
   2.0159700e+06   2.2000000e+01
   2.0160010e+06   1.9000000e+01
   2.0164120e+06   2.2000000e+01
   2.0167270e+06   3.2000000e+01
   2.0170000e+06   1.8000000e+01
   2.0170660e+06   2.2000000e+01
   2.0171910e+06   2.3000000e+01
   2.0174070e+06   1.8000000e+01
   2.0176860e+06   2.2000000e+01
   2.0177530e+06   2.0000000e+01
   2.0178590e+06   2.4000000e+01
   2.0182390e+06   2.3000000e+01
   2.0184980e+06   2.2000000e+01
   2.0190170e+06   2.0000000e+01
   2.0195100e+06   1.8000000e+01
   2.0195640e+06   1.8000000e+01
   2.0203450e+06   1.9000000e+01
   2.0207090e+06   1.8000000e+01
   2.0233610e+06   2.0000000e+01
   2.0237000e+06   2.3000000e+01
   2.0242410e+06   2.0000000e+01
   2.0249160e+06   1.8000000e+01
   2.1162600e+06   1.9000000e+01
   2.1278840e+06   1.9000000e+01
   2.1446970e+06   1.8000000e+01
   2.1455390e+06   2.1000000e+01
   2.2325690e+06   2.9000000e+01
   2.2731290e+06   2.2000000e+01
   2.3095540e+06   1.8000000e+01
   2.3147950e+06   1.9000000e+01
   2.3765930e+06   1.9000000e+01
   2.3775210e+06   1.8000000e+01
   2.3775510e+06   1.8000000e+01
   2.3776080e+06   1.8000000e+01
   2.3835570e+06   2.0000000e+01
   2.3847800e+06   3.4000000e+01
   2.3961610e+06   2.5000000e+01
   2.3983230e+06   1.8000000e+01
   2.3992220e+06   2.1000000e+01
   2.3995880e+06   1.9000000e+01
   2.4002900e+06   1.8000000e+01
   2.4019760e+06   1.8000000e+01
   2.4020490e+06   1.9000000e+01
   2.4027390e+06   1.9000000e+01
   2.4493780e+06   3.6000000e+01
   2.4494110e+06   2.4000000e+01
   2.4507210e+06   1.8000000e+01
   2.4517080e+06   1.8000000e+01
   2.4520600e+06   1.9000000e+01
   2.4528510e+06   1.9000000e+01
   2.4536510e+06   1.9000000e+01
   2.4539610e+06   2.0000000e+01
   2.4543760e+06   1.9000000e+01
   2.4925970e+06   2.0000000e+01
   2.4951180e+06   1.8000000e+01
   2.4967500e+06   1.9000000e+01
   2.4990910e+06   1.8000000e+01
   2.5683870e+06   2.3000000e+01
   2.5689520e+06   2.2000000e+01
   2.5690870e+06   1.8000000e+01
   2.5699950e+06   2.1000000e+01
   2.5700360e+06   2.1000000e+01
   2.5703420e+06   1.9000000e+01
   2.5731620e+06   2.0000000e+01
   2.5739500e+06   2.1000000e+01
   2.5757340e+06   1.8000000e+01
   2.5763760e+06   1.9000000e+01
   2.5770420e+06   2.3000000e+01
   2.5771140e+06   2.0000000e+01
   2.5774930e+06   1.8000000e+01
   2.5782060e+06   1.8000000e+01
   2.5787890e+06   1.9000000e+01
   2.5802860e+06   1.8000000e+01
   2.5881500e+06   2.1000000e+01
   2.6588100e+06   1.8000000e+01
   2.6606490e+06   2.2000000e+01
   2.6637540e+06   1.8000000e+01
   2.6649290e+06   1.9000000e+01
   2.6659850e+06   1.9000000e+01
   2.6674620e+06   2.3000000e+01
   2.7068370e+06   2.3000000e+01
   2.7084580e+06   2.0000000e+01
   2.7090950e+06   1.8000000e+01
   2.7098450e+06   1.8000000e+01
   2.7107160e+06   2.2000000e+01
   2.7127650e+06   2.3000000e+01
   2.7131930e+06   1.8000000e+01
   2.7631510e+06   2.1000000e+01
   2.7650130e+06   1.9000000e+01
   2.8183890e+06   1.9000000e+01
   2.8187790e+06   2.4000000e+01
   2.8190860e+06   2.0000000e+01
   2.8574540e+06   2.0000000e+01
   2.8574940e+06   1.8000000e+01
   2.8583620e+06   1.9000000e+01
   2.8585000e+06   1.8000000e+01
   2.8592410e+06   1.8000000e+01
   2.8593190e+06   2.0000000e+01
   2.8593760e+06   2.2000000e+01
   2.8594590e+06   1.8000000e+01
   2.8619450e+06   1.8000000e+01
   2.8646450e+06   1.8000000e+01
   2.8651890e+06   1.8000000e+01
   2.9441080e+06   2.2000000e+01
   2.9447680e+06   2.7000000e+01
   2.9451840e+06   2.0000000e+01
   2.9453580e+06   1.9000000e+01
   2.9456880e+06   2.0000000e+01
   2.9459160e+06   1.8000000e+01
   2.9463920e+06   2.1000000e+01
   2.9464450e+06   1.8000000e+01
   2.9468920e+06   2.0000000e+01
   2.9480640e+06   1.8000000e+01
   3.0357770e+06   2.1000000e+01
   3.0358200e+06   2.2000000e+01
   3.0366050e+06   1.9000000e+01
   3.0371820e+06   1.9000000e+01
   3.0373970e+06   2.1000000e+01
   3.0381280e+06   1.8000000e+01
   3.0386590e+06   1.8000000e+01
   3.0386860e+06   1.8000000e+01
   3.0389460e+06   1.8000000e+01
   3.0396150e+06   2.0000000e+01
   3.0401340e+06   1.8000000e+01
   3.0402210e+06   1.8000000e+01
   3.0407260e+06   2.0000000e+01
   3.0408160e+06   1.8000000e+01
   3.0410540e+06   2.1000000e+01
   3.0412030e+06   1.8000000e+01
   3.0428370e+06   2.1000000e+01
   3.0466280e+06   1.8000000e+01
   3.0486550e+06   1.8000000e+01
   3.0934040e+06   1.8000000e+01
   3.0961420e+06   2.0000000e+01
   3.0985680e+06   2.1000000e+01
   3.1329120e+06   2.2000000e+01
   3.1351430e+06   2.5000000e+01
   3.1351730e+06   2.1000000e+01
   3.1357890e+06   2.7000000e+01
   3.1368330e+06   1.8000000e+01
   3.1380270e+06   1.8000000e+01
   3.1382760e+06   1.9000000e+01
   3.1406490e+06   2.0000000e+01
   3.1510450e+06   2.1000000e+01
   3.1972800e+06   1.8000000e+01
   3.1973250e+06   1.9000000e+01
   3.2007600e+06   1.8000000e+01
   3.2422250e+06   2.7000000e+01
   3.2438760e+06   1.8000000e+01
   3.2442240e+06   1.8000000e+01
   3.2455650e+06   1.8000000e+01
   3.2457450e+06   1.8000000e+01
   3.2462210e+06   2.2000000e+01
   3.2482250e+06   2.1000000e+01
   3.2486670e+06   1.9000000e+01
   3.2491690e+06   1.8000000e+01
   3.2495280e+06   1.9000000e+01
   3.2564440e+06   1.9000000e+01
   3.3039450e+06   2.5000000e+01
   3.3073580e+06   1.8000000e+01
   3.3093400e+06   1.8000000e+01
   3.3551440e+06   2.0000000e+01
   3.3581330e+06   2.3000000e+01
   3.3602950e+06   2.1000000e+01
   3.3879020e+06   1.9000000e+01
   3.3888260e+06   1.9000000e+01
   3.3891190e+06   1.8000000e+01
   3.3892500e+06   2.1000000e+01
   3.3895450e+06   2.4000000e+01
   3.3898190e+06   2.3000000e+01
   3.3902510e+06   2.3000000e+01
   3.3903110e+06   1.8000000e+01
   3.3906640e+06   2.1000000e+01
   3.3908080e+06   1.9000000e+01
   3.3911040e+06   2.2000000e+01
   3.3913430e+06   1.9000000e+01
   3.3913950e+06   2.3000000e+01
   3.3916320e+06   1.8000000e+01
   3.3920370e+06   1.8000000e+01
   3.3922480e+06   2.7000000e+01
   3.3925230e+06   2.0000000e+01
   3.3928430e+06   1.8000000e+01
   3.3932620e+06   2.0000000e+01
   3.3934150e+06   1.9000000e+01
   3.3934470e+06   2.1000000e+01
   3.3937470e+06   1.8000000e+01
   3.3938120e+06   1.8000000e+01
   3.3947050e+06   1.9000000e+01
   3.3948560e+06   2.0000000e+01
   3.3953050e+06   1.8000000e+01
   3.3955500e+06   1.9000000e+01
   3.3956030e+06   1.9000000e+01
   3.3994750e+06   1.8000000e+01
   3.4059800e+06   1.8000000e+01
   3.4086040e+06   1.8000000e+01
   3.4114550e+06   1.8000000e+01
   3.4248580e+06   1.9000000e+01
   3.4393200e+06   1.8000000e+01
   3.4402730e+06   2.0000000e+01
   3.5069070e+06   1.8000000e+01
   3.5070360e+06   2.0000000e+01
   3.5070610e+06   2.2000000e+01
   3.5588940e+06   2.0000000e+01
   3.5607120e+06   2.0000000e+01
   3.5607450e+06   3.1000000e+01
   3.5620280e+06   2.7000000e+01
   3.5991720e+06   2.3000000e+01
   3.5996130e+06   1.9000000e+01
   3.6013020e+06   2.3000000e+01
   3.6028180e+06   2.0000000e+01
   3.6036240e+06   1.9000000e+01
   3.6045370e+06   2.1000000e+01
   3.6048240e+06   1.9000000e+01
   3.6054160e+06   2.3000000e+01
   3.6054710e+06   2.1000000e+01
   3.6061190e+06   1.9000000e+01
   3.6066690e+06   1.9000000e+01
   3.6071570e+06   1.8000000e+01
   3.6082270e+06   1.8000000e+01
   3.6093890e+06   1.8000000e+01
   3.6096530e+06   2.1000000e+01
   3.6114940e+06   1.8000000e+01
   3.6503430e+06   1.9000000e+01
   3.6518630e+06   1.9000000e+01
   3.6535900e+06   2.1000000e+01
   3.6543810e+06   1.8000000e+01
   3.6703240e+06   2.0000000e+01
   3.6803170e+06   1.8000000e+01
   3.7014760e+06   1.9000000e+01
   3.7033810e+06   2.0000000e+01
   3.7111840e+06   1.8000000e+01
   3.7532220e+06   2.0000000e+01
   3.7585540e+06   2.0000000e+01
   3.7587600e+06   2.0000000e+01
   3.7597150e+06   1.9000000e+01
   3.7612550e+06   2.1000000e+01
   3.7621560e+06   1.9000000e+01
   3.7622070e+06   2.1000000e+01
   3.8117330e+06   2.9000000e+01
   3.8120840e+06   2.3000000e+01
   3.8121690e+06   2.0000000e+01
   3.8129820e+06   2.7000000e+01
   3.8133130e+06   2.2000000e+01
   3.8134340e+06   1.9000000e+01
   3.8137710e+06   1.9000000e+01
   3.8139030e+06   2.6000000e+01
   3.8141560e+06   1.8000000e+01
   3.8142160e+06   1.8000000e+01
   3.8143020e+06   2.1000000e+01
   3.8143920e+06   1.9000000e+01
   3.8144370e+06   1.8000000e+01
   3.8144620e+06   2.1000000e+01
   3.8146640e+06   2.3000000e+01
   3.8152410e+06   1.8000000e+01
   3.8153770e+06   1.9000000e+01
   3.8156470e+06   2.4000000e+01
   3.8158450e+06   2.1000000e+01
   3.8158990e+06   1.9000000e+01
   3.8162820e+06   2.2000000e+01
   3.8165930e+06   2.0000000e+01
   3.8171580e+06   1.8000000e+01
   3.8174200e+06   2.1000000e+01
   3.8176970e+06   2.5000000e+01
   3.8185090e+06   1.8000000e+01
   3.8191730e+06   2.3000000e+01
   3.8199040e+06   2.0000000e+01
   3.8596910e+06   2.1000000e+01
   3.8614510e+06   1.8000000e+01
   3.8618650e+06   2.1000000e+01
   3.8634100e+06   1.8000000e+01
   3.8637170e+06   1.8000000e+01
   3.8638280e+06   1.8000000e+01
   3.8644590e+06   1.9000000e+01
   3.8658680e+06   1.8000000e+01
   3.8659160e+06   1.8000000e+01
   3.9132790e+06   2.6000000e+01
   3.9296530e+06   1.8000000e+01
   3.9651700e+06   2.5000000e+01
   3.9663490e+06   2.6000000e+01
   3.9670370e+06   1.8000000e+01
   3.9706920e+06   2.0000000e+01
   3.9985670e+06   1.8000000e+01
   3.9999170e+06   2.2000000e+01
   4.0090650e+06   1.8000000e+01
   4.0114360e+06   2.2000000e+01
   4.0135620e+06   2.1000000e+01
   4.0144000e+06   1.8000000e+01
   4.0144440e+06   1.9000000e+01
   4.0169000e+06   2.2000000e+01
   4.0184960e+06   1.8000000e+01
   4.1112720e+06   2.5000000e+01
   4.1113760e+06   1.9000000e+01
   4.1123390e+06   1.9000000e+01
   4.1130020e+06   2.0000000e+01
   4.1133620e+06   2.0000000e+01
   4.1136960e+06   1.9000000e+01
   4.1138140e+06   2.5000000e+01
   4.1142060e+06   2.1000000e+01
   4.1144210e+06   1.8000000e+01
   4.1147310e+06   2.5000000e+01
   4.1155920e+06   2.0000000e+01
   4.1156470e+06   2.0000000e+01
   4.1161650e+06   1.8000000e+01
   4.1164560e+06   1.8000000e+01
   4.1165120e+06   2.2000000e+01
   4.1959320e+06   2.3000000e+01
   4.1976600e+06   2.1000000e+01
   4.1977380e+06   1.8000000e+01
   4.2004110e+06   2.2000000e+01
   4.2005910e+06   1.8000000e+01
   4.2384630e+06   1.8000000e+01
   4.2410920e+06   2.3000000e+01
   4.2413380e+06   2.1000000e+01
   4.2433880e+06   1.9000000e+01
   4.2434400e+06   1.8000000e+01
   4.2442430e+06   1.8000000e+01
   4.2444150e+06   2.0000000e+01
   4.2451680e+06   2.6000000e+01
   4.2451940e+06   2.1000000e+01
   4.2454660e+06   2.4000000e+01
   4.2458820e+06   1.8000000e+01
   4.2459910e+06   2.2000000e+01
   4.2466950e+06   2.1000000e+01
   4.2475280e+06   2.1000000e+01
   4.2975730e+06   1.8000000e+01
   4.3208380e+06   1.9000000e+01
   4.3236550e+06   1.8000000e+01
   4.3243940e+06   1.9000000e+01
   4.3259680e+06   2.0000000e+01
   4.3261920e+06   2.0000000e+01
   4.3265820e+06   1.9000000e+01
   4.3273230e+06   1.9000000e+01
   4.3280460e+06   1.8000000e+01
   4.3285870e+06   2.4000000e+01
   4.3307720e+06   1.8000000e+01
   4.3336520e+06   1.8000000e+01
   4.3859970e+06   1.8000000e+01
   4.3876020e+06   2.3000000e+01
   4.3885770e+06   2.0000000e+01
   4.3886650e+06   2.0000000e+01
   4.3890310e+06   2.0000000e+01
   4.4360220e+06   2.2000000e+01
   4.4373600e+06   1.8000000e+01
   4.4393780e+06   1.9000000e+01
   4.4403010e+06   2.3000000e+01
   4.4403260e+06   1.8000000e+01
   4.4408130e+06   1.8000000e+01
   4.4415910e+06   1.8000000e+01
   4.4428750e+06   1.8000000e+01
   4.4433880e+06   2.0000000e+01
   4.4441380e+06   2.0000000e+01
   4.4453050e+06   1.8000000e+01
   4.4459650e+06   2.0000000e+01
   4.4462690e+06   2.3000000e+01
   4.4463150e+06   2.1000000e+01
   4.4468260e+06   2.4000000e+01
   4.4471570e+06   1.8000000e+01
   4.4475250e+06   2.0000000e+01
   4.4478570e+06   2.1000000e+01
   4.4487290e+06   2.0000000e+01
   4.4489820e+06   1.8000000e+01
   4.4501020e+06   1.8000000e+01
   4.4504610e+06   2.0000000e+01
   4.4509250e+06   2.0000000e+01
   4.4528070e+06   1.8000000e+01
   4.4572470e+06   2.0000000e+01
   4.5455430e+06   1.8000000e+01
   4.5497640e+06   1.8000000e+01
   4.5747150e+06   2.5000000e+01
   4.5750020e+06   1.8000000e+01
   4.5756580e+06   2.3000000e+01
   4.5763190e+06   1.9000000e+01
   4.5764500e+06   2.4000000e+01
   4.5768740e+06   2.1000000e+01
   4.5769670e+06   2.5000000e+01
   4.5772760e+06   1.9000000e+01
   4.5774950e+06   1.8000000e+01
   4.5781920e+06   2.1000000e+01
   4.5783560e+06   2.4000000e+01
   4.5789500e+06   2.0000000e+01
   4.5790330e+06   2.0000000e+01
   4.5799810e+06   1.8000000e+01
   4.6427380e+06   1.9000000e+01
   4.6431100e+06   1.8000000e+01
   4.6435850e+06   1.9000000e+01
   4.6456080e+06   2.0000000e+01
   4.6457670e+06   2.3000000e+01
   4.6467550e+06   1.9000000e+01
   4.6479680e+06   2.0000000e+01
   4.6489710e+06   2.2000000e+01
   4.6819100e+06   2.4000000e+01
   4.6875160e+06   2.1000000e+01
   4.7353820e+06   2.0000000e+01
   4.7372730e+06   1.8000000e+01
   4.7377960e+06   1.8000000e+01
   4.7381600e+06   1.9000000e+01
   4.7389210e+06   1.9000000e+01
   4.7391000e+06   2.4000000e+01
   4.7429110e+06   2.0000000e+01
   4.7430150e+06   2.0000000e+01
   4.7436210e+06   1.9000000e+01
   4.7438820e+06   2.0000000e+01
   4.7441390e+06   1.9000000e+01
   4.7445060e+06   1.8000000e+01
   4.7454920e+06   1.9000000e+01
   4.7824550e+06   2.3000000e+01
   4.7874110e+06   2.0000000e+01
   4.8227750e+06   2.0000000e+01
   4.8234830e+06   1.9000000e+01
   4.8246720e+06   1.8000000e+01
   4.8257370e+06   1.8000000e+01
   4.8258400e+06   2.4000000e+01
   4.8267090e+06   2.2000000e+01
   4.8285000e+06   1.8000000e+01
   4.8423710e+06   1.8000000e+01
   4.8433500e+06   1.8000000e+01
   4.8446770e+06   2.1000000e+01
   4.8463060e+06   2.6000000e+01
   4.8485220e+06   2.1000000e+01
   4.8563330e+06   1.8000000e+01
   4.8577640e+06   2.0000000e+01
   4.8766980e+06   2.2000000e+01
   4.8998660e+06   1.9000000e+01
   4.9012290e+06   1.8000000e+01
   4.9039860e+06   2.2000000e+01
   4.9040140e+06   1.8000000e+01
   4.9047460e+06   1.8000000e+01
   4.9596530e+06   2.9000000e+01
   4.9609640e+06   1.8000000e+01
   4.9610460e+06   1.8000000e+01
   4.9612610e+06   1.8000000e+01
   4.9614900e+06   2.2000000e+01
   4.9617000e+06   1.8000000e+01
   4.9617520e+06   1.8000000e+01
   4.9620570e+06   2.0000000e+01
   4.9621060e+06   1.8000000e+01
   4.9623580e+06   1.9000000e+01
   4.9624280e+06   1.8000000e+01
   4.9624630e+06   2.1000000e+01
   4.9625070e+06   2.4000000e+01
   4.9626210e+06   2.4000000e+01
   4.9628160e+06   2.2000000e+01
   4.9628590e+06   2.4000000e+01
   4.9630620e+06   1.8000000e+01
   4.9631200e+06   1.8000000e+01
   4.9631500e+06   2.1000000e+01
   4.9631850e+06   2.0000000e+01
   4.9632850e+06   1.8000000e+01
   4.9634250e+06   2.0000000e+01
   4.9634840e+06   1.8000000e+01
   4.9636170e+06   1.8000000e+01
   4.9637680e+06   1.8000000e+01
   4.9637970e+06   2.2000000e+01
   4.9638520e+06   1.8000000e+01
   4.9638920e+06   2.2000000e+01
   4.9639700e+06   2.1000000e+01
   4.9640350e+06   1.8000000e+01
   4.9640650e+06   2.1000000e+01
   4.9640950e+06   1.8000000e+01
   4.9644750e+06   2.1000000e+01
   4.9645730e+06   1.8000000e+01
   4.9647200e+06   1.9000000e+01
   4.9649190e+06   3.2000000e+01
   4.9651550e+06   2.0000000e+01
   4.9652030e+06   2.5000000e+01
   4.9652940e+06   1.8000000e+01
   4.9654980e+06   2.6000000e+01
   4.9659470e+06   2.4000000e+01
   4.9661760e+06   2.6000000e+01
   4.9662190e+06   1.9000000e+01
   4.9666600e+06   1.9000000e+01
   4.9670910e+06   2.2000000e+01
   4.9672930e+06   2.3000000e+01
   4.9675790e+06   2.1000000e+01
   4.9676360e+06   2.8000000e+01
   4.9680310e+06   2.5000000e+01
   4.9685480e+06   1.9000000e+01
   4.9687510e+06   2.1000000e+01
   4.9689850e+06   2.1000000e+01
   4.9695120e+06   2.1000000e+01
   4.9697630e+06   2.2000000e+01
   4.9703990e+06   2.1000000e+01
   4.9709600e+06   1.9000000e+01
   4.9714100e+06   1.8000000e+01
   4.9735520e+06   2.0000000e+01
   4.9746320e+06   1.8000000e+01
   5.0645670e+06   2.4000000e+01
   5.0664850e+06   2.2000000e+01
   5.0874220e+06   2.4000000e+01
   5.1175110e+06   1.9000000e+01
   5.1178300e+06   1.9000000e+01
   5.1196600e+06   1.8000000e+01
   5.1204340e+06   2.3000000e+01
   5.1222750e+06   1.8000000e+01
   5.1262580e+06   1.9000000e+01
   5.1269840e+06   1.8000000e+01
   5.2229640e+06   2.0000000e+01
   5.2233430e+06   1.8000000e+01
   5.2277200e+06   2.7000000e+01
   5.2699460e+06   1.9000000e+01
   5.2702950e+06   2.5000000e+01
   5.2712680e+06   1.9000000e+01
   5.2715830e+06   1.8000000e+01
   5.2716630e+06   2.1000000e+01
   5.2720650e+06   2.2000000e+01
   5.2723230e+06   1.8000000e+01
   5.2723800e+06   2.0000000e+01
   5.2727980e+06   1.9000000e+01
   5.2735700e+06   1.8000000e+01
   5.2737940e+06   1.9000000e+01
   5.2741060e+06   1.9000000e+01
   5.2742010e+06   1.8000000e+01
   5.2744800e+06   1.8000000e+01
   5.2747410e+06   2.1000000e+01
   5.2748360e+06   2.0000000e+01
   5.2750640e+06   1.8000000e+01
   5.2754630e+06   2.8000000e+01
   5.2757830e+06   2.2000000e+01
   5.2766570e+06   2.3000000e+01
   5.2830880e+06   1.8000000e+01
   5.2842520e+06   2.0000000e+01
   5.3357600e+06   2.1000000e+01
   5.3379550e+06   1.9000000e+01
   5.3413160e+06   2.0000000e+01
   5.3560730e+06   2.1000000e+01
   5.3598080e+06   1.9000000e+01
   5.3640590e+06   2.0000000e+01
   5.3666160e+06   1.9000000e+01
   5.3676940e+06   2.1000000e+01
   5.3687960e+06   2.1000000e+01
   5.3694540e+06   2.1000000e+01
   5.4316990e+06   2.4000000e+01
   5.4461280e+06   2.2000000e+01
   5.4604080e+06   2.5000000e+01
   5.4609540e+06   2.1000000e+01
   5.4618670e+06   2.3000000e+01
   5.4619860e+06   1.8000000e+01
   5.4626010e+06   2.4000000e+01
   5.4626610e+06   2.8000000e+01
   5.4632730e+06   2.4000000e+01
   5.4643130e+06   2.0000000e+01
   5.4648700e+06   1.8000000e+01
   5.4730770e+06   1.8000000e+01
   5.5312670e+06   1.8000000e+01
   5.5314850e+06   2.5000000e+01
   5.5317270e+06   1.8000000e+01
   5.5688550e+06   2.6000000e+01
   5.5707140e+06   1.8000000e+01
   5.5712340e+06   2.7000000e+01
   5.5715060e+06   1.9000000e+01
   5.5722010e+06   1.8000000e+01
   5.5724060e+06   1.9000000e+01
   5.5751010e+06   2.1000000e+01
   5.5774520e+06   1.8000000e+01
   5.5787290e+06   1.8000000e+01
   5.5821670e+06   1.9000000e+01
   5.5861430e+06   1.8000000e+01
   5.5907270e+06   2.2000000e+01
   5.5917530e+06   1.8000000e+01
   5.6180010e+06   2.1000000e+01
   5.6184300e+06   2.2000000e+01
   5.6200810e+06   2.7000000e+01
   5.6776170e+06   2.1000000e+01
   5.6787490e+06   1.9000000e+01
   5.6800020e+06   2.4000000e+01
   5.6801840e+06   1.8000000e+01
   5.6869350e+06   1.9000000e+01
   5.7451490e+06   1.9000000e+01
   5.7456130e+06   1.9000000e+01
   5.7456430e+06   1.9000000e+01
   5.7477000e+06   2.3000000e+01
   5.7485600e+06   1.9000000e+01
   5.7489100e+06   2.0000000e+01
   5.7494690e+06   2.2000000e+01
   5.7495920e+06   1.9000000e+01
   5.7502450e+06   2.5000000e+01
   5.7504130e+06   1.9000000e+01
   5.7517390e+06   2.1000000e+01
   5.7530230e+06   2.4000000e+01
   5.7540330e+06   2.0000000e+01
   5.7567900e+06   2.3000000e+01
   5.7850320e+06   2.6000000e+01
   5.8111380e+06   2.0000000e+01
   5.8134760e+06   2.0000000e+01
   5.8137710e+06   2.1000000e+01
   5.8138210e+06   2.2000000e+01
   5.8142960e+06   2.0000000e+01
   5.8143240e+06   1.9000000e+01
   5.8144530e+06   1.9000000e+01
   5.8156110e+06   1.9000000e+01
   5.8324290e+06   1.8000000e+01
   5.8817120e+06   2.0000000e+01
   5.8820400e+06   2.3000000e+01
   5.8826280e+06   2.0000000e+01
   5.8832090e+06   1.9000000e+01
   5.8833730e+06   2.3000000e+01
   5.8836750e+06   1.9000000e+01
   5.8837610e+06   2.1000000e+01
   5.8841700e+06   1.8000000e+01
   5.8846460e+06   2.4000000e+01
   5.8850820e+06   1.9000000e+01
   5.8854560e+06   1.9000000e+01
   5.8864620e+06   1.8000000e+01
   5.9416440e+06   2.1000000e+01
   5.9448800e+06   2.0000000e+01
   5.9968030e+06   1.8000000e+01
   5.9985970e+06   1.8000000e+01
   5.9991020e+06   1.9000000e+01
   5.9997350e+06   1.9000000e+01
   6.0061810e+06   1.9000000e+01
   6.0500330e+06   1.8000000e+01
   6.0517740e+06   2.4000000e+01
   6.0820280e+06   2.0000000e+01
   6.0836570e+06   2.0000000e+01
   6.0940190e+06   2.0000000e+01
   6.0959490e+06   2.2000000e+01
   6.0974010e+06   2.2000000e+01
   6.0977890e+06   1.9000000e+01
   6.0978900e+06   2.0000000e+01
   6.0981330e+06   2.3000000e+01
   6.0981720e+06   2.2000000e+01
   6.0983490e+06   2.1000000e+01
   6.0984050e+06   2.3000000e+01
   6.0985150e+06   1.9000000e+01
   6.0992450e+06   2.1000000e+01
   6.0994890e+06   2.5000000e+01
   6.0996210e+06   1.9000000e+01
   6.0998750e+06   1.9000000e+01
   6.1000960e+06   2.1000000e+01
   6.1005440e+06   2.0000000e+01
   6.1005690e+06   2.0000000e+01
   6.1006090e+06   2.0000000e+01
   6.1016910e+06   2.0000000e+01
   6.1017570e+06   2.3000000e+01
   6.1021490e+06   2.0000000e+01
   6.1023120e+06   1.8000000e+01
   6.1024470e+06   1.9000000e+01
   6.1028610e+06   2.0000000e+01
   6.1029600e+06   2.3000000e+01
   6.1033130e+06   1.8000000e+01
   6.1034120e+06   2.1000000e+01
   6.1040320e+06   2.3000000e+01
   6.1043840e+06   1.8000000e+01
   6.1045410e+06   2.2000000e+01
   6.1049500e+06   1.8000000e+01
   6.1054710e+06   1.8000000e+01
   6.1059040e+06   2.0000000e+01
   6.1064260e+06   2.1000000e+01
   6.1128570e+06   1.8000000e+01
   6.1706620e+06   1.9000000e+01
   6.1711290e+06   1.8000000e+01
   6.1714970e+06   2.1000000e+01
   6.1754430e+06   2.0000000e+01
   6.2083460e+06   2.5000000e+01
   6.2282030e+06   1.8000000e+01
   6.2289480e+06   2.0000000e+01
   6.2297030e+06   1.8000000e+01
   6.2298810e+06   2.6000000e+01
   6.2302530e+06   1.8000000e+01
   6.2303660e+06   1.8000000e+01
   6.2308570e+06   2.5000000e+01
   6.2309710e+06   1.8000000e+01
   6.2311770e+06   2.0000000e+01
   6.2314490e+06   1.9000000e+01
   6.2316850e+06   1.8000000e+01
   6.2317230e+06   4.5000000e+01
   6.2321970e+06   2.3000000e+01
   6.2322840e+06   3.1000000e+01
   6.2324190e+06   2.0000000e+01
   6.2328710e+06   2.2000000e+01
   6.2329250e+06   2.7000000e+01
   6.2333310e+06   2.1000000e+01
   6.2336520e+06   2.2000000e+01
   6.2342710e+06   2.3000000e+01
   6.2347860e+06   1.8000000e+01
   6.2351000e+06   2.0000000e+01
   6.2357880e+06   1.9000000e+01
   6.2760340e+06   2.1000000e+01
   6.2761260e+06   1.9000000e+01
   6.3609790e+06   1.8000000e+01
   6.3618980e+06   2.2000000e+01
   6.3628170e+06   1.9000000e+01
   6.3630160e+06   2.2000000e+01
   6.3630480e+06   1.9000000e+01
   6.3634190e+06   2.2000000e+01
   6.3636210e+06   2.7000000e+01
   6.3636730e+06   2.4000000e+01
   6.3637090e+06   3.2000000e+01
   6.3651420e+06   1.9000000e+01
   6.3660910e+06   2.1000000e+01
   6.3668860e+06   2.1000000e+01
   6.3989980e+06   2.2000000e+01
   6.3999520e+06   2.0000000e+01
   6.4014580e+06   1.8000000e+01
   6.4015960e+06   1.8000000e+01
   6.4022050e+06   1.9000000e+01
   6.4022370e+06   2.0000000e+01
   6.4022760e+06   1.9000000e+01
   6.4026230e+06   1.9000000e+01
   6.4029810e+06   2.1000000e+01
   6.4036290e+06   2.0000000e+01
   6.4037010e+06   1.8000000e+01
   6.4038230e+06   1.8000000e+01
   6.4042030e+06   1.8000000e+01
   6.4042480e+06   2.2000000e+01
   6.4043700e+06   1.9000000e+01
   6.4049840e+06   1.9000000e+01
   6.4050710e+06   1.9000000e+01
   6.4079560e+06   1.8000000e+01
   6.4127700e+06   1.9000000e+01
   6.4897140e+06   1.9000000e+01
   6.4913790e+06   2.0000000e+01
   6.4914270e+06   2.0000000e+01
   6.5330400e+06   1.8000000e+01
   6.5332660e+06   2.2000000e+01
   6.5338610e+06   1.9000000e+01
   6.5350060e+06   1.8000000e+01
   6.5366300e+06   2.3000000e+01
   6.5369410e+06   2.0000000e+01
   6.5374520e+06   1.8000000e+01
   6.5381690e+06   2.1000000e+01
   6.5385190e+06   2.5000000e+01
   6.6002000e+06   1.8000000e+01
   6.6002570e+06   1.9000000e+01
   6.6014400e+06   1.9000000e+01
   6.6015630e+06   2.1000000e+01
   6.6022120e+06   2.0000000e+01
   6.6026390e+06   2.0000000e+01
   6.6040320e+06   1.8000000e+01
   6.6043750e+06   1.8000000e+01
   6.6065880e+06   2.4000000e+01
   6.6075440e+06   2.2000000e+01
   6.6504960e+06   2.0000000e+01
   6.6550040e+06   2.0000000e+01
   6.6576240e+06   2.2000000e+01
   6.6903000e+06   2.2000000e+01
   6.6907920e+06   1.8000000e+01
   6.6918670e+06   1.9000000e+01
   6.6940640e+06   1.9000000e+01
   6.6952050e+06   2.5000000e+01
   6.7260210e+06   1.8000000e+01
   6.7289900e+06   1.9000000e+01
   6.7292460e+06   1.8000000e+01
   6.7304310e+06   1.8000000e+01
   6.7428340e+06   1.9000000e+01
   6.8032360e+06   1.9000000e+01
   6.8052170e+06   2.2000000e+01
   6.8066550e+06   2.1000000e+01
   6.8070240e+06   2.7000000e+01
   6.8074820e+06   2.4000000e+01
   6.8080950e+06   2.1000000e+01
   6.8082450e+06   1.8000000e+01
   6.8148800e+06   1.9000000e+01
   6.8154380e+06   1.8000000e+01
   6.8156430e+06   1.8000000e+01
   6.8161430e+06   1.8000000e+01
   6.8670000e+06   2.0000000e+01
   6.8678410e+06   1.8000000e+01
   6.8691580e+06   2.1000000e+01
   6.8712450e+06   2.2000000e+01
   6.8715240e+06   1.9000000e+01
   6.8871530e+06   2.0000000e+01
   6.8875450e+06   1.8000000e+01
   6.9348650e+06   1.8000000e+01
   6.9369240e+06   2.4000000e+01
   6.9381140e+06   2.5000000e+01
   6.9708600e+06   2.6000000e+01
   6.9891970e+06   2.2000000e+01
   6.9916740e+06   1.8000000e+01
   6.9933530e+06   2.0000000e+01
   6.9933900e+06   2.5000000e+01
   6.9934190e+06   1.9000000e+01
   6.9942330e+06   1.8000000e+01
   6.9947320e+06   2.0000000e+01
   6.9949740e+06   2.4000000e+01
   6.9951260e+06   1.9000000e+01
   6.9952190e+06   2.5000000e+01
   6.9953470e+06   1.8000000e+01
   6.9954530e+06   1.9000000e+01
   6.9956850e+06   1.9000000e+01
   6.9958600e+06   1.8000000e+01
   6.9959260e+06   1.9000000e+01
   6.9961190e+06   2.4000000e+01
   6.9963030e+06   2.1000000e+01
   6.9965040e+06   3.4000000e+01
   6.9965410e+06   3.8000000e+01
   6.9967760e+06   1.9000000e+01
   6.9968380e+06   2.2000000e+01
   6.9973440e+06   1.9000000e+01
   6.9982050e+06   1.9000000e+01
   6.9987460e+06   2.0000000e+01
   7.0585340e+06   2.0000000e+01
   7.0590420e+06   2.1000000e+01
   7.0612490e+06   1.8000000e+01
   7.0846850e+06   1.9000000e+01
   7.0865180e+06   2.1000000e+01
   7.0873400e+06   2.8000000e+01
   7.1113650e+06   1.8000000e+01
   7.1203600e+06   1.8000000e+01
   7.1206950e+06   2.0000000e+01
   7.1207970e+06   1.9000000e+01
   7.1212780e+06   1.8000000e+01
   7.1213750e+06   2.1000000e+01
   7.1215220e+06   1.9000000e+01
   7.1226710e+06   1.8000000e+01
   7.1235930e+06   2.1000000e+01
   7.1241560e+06   1.8000000e+01
   7.1246000e+06   2.0000000e+01
   7.1251090e+06   1.8000000e+01
   7.1257020e+06   1.9000000e+01
   7.1264160e+06   1.8000000e+01
   7.1264840e+06   2.0000000e+01
   7.1639520e+06   1.9000000e+01
   7.1911780e+06   2.1000000e+01
   7.1914250e+06   1.8000000e+01
   7.1917400e+06   1.8000000e+01
   7.1926200e+06   1.9000000e+01
   7.1936260e+06   2.0000000e+01
   7.1938920e+06   1.8000000e+01
   7.2395350e+06   2.5000000e+01
   7.2418120e+06   3.2000000e+01
   7.2420550e+06   1.9000000e+01
   7.2615180e+06   1.8000000e+01
   7.2667200e+06   1.9000000e+01
   7.2719310e+06   2.2000000e+01
   7.2724180e+06   1.8000000e+01
   7.2740800e+06   2.7000000e+01
   7.2744760e+06   1.8000000e+01
   7.2752070e+06   1.8000000e+01
   7.2752420e+06   1.9000000e+01
   7.2752910e+06   2.5000000e+01
   7.2756800e+06   1.9000000e+01
   7.2761200e+06   1.8000000e+01
   7.2766590e+06   2.1000000e+01
   7.2772550e+06   2.1000000e+01
   7.3386470e+06   1.9000000e+01
   7.3391040e+06   1.9000000e+01
   7.3391590e+06   2.0000000e+01
   7.3834010e+06   2.1000000e+01
   7.3844910e+06   1.8000000e+01
   7.3845610e+06   1.9000000e+01
   7.3861260e+06   1.9000000e+01
   7.3866840e+06   1.9000000e+01
   7.3870200e+06   2.5000000e+01
   7.3873440e+06   2.9000000e+01
   7.3877300e+06   1.8000000e+01
   7.3883360e+06   1.8000000e+01
   7.3912580e+06   2.0000000e+01
   7.3983450e+06   1.8000000e+01
   7.4274450e+06   2.3000000e+01
   7.4287470e+06   3.4000000e+01
   7.4296920e+06   2.1000000e+01
   7.4709200e+06   1.9000000e+01
   7.4721670e+06   1.9000000e+01
   7.5210820e+06   1.8000000e+01
