   7.5250000e+06   0.0000000e+00
   4.2945000e+04   1.8000000e+01
   4.3031000e+04   4.0000000e+01
   4.3196000e+04   2.0000000e+01
   4.3319000e+04   2.6000000e+01
   7.5091000e+04   2.4000000e+01
   7.5750000e+04   1.9000000e+01
   7.7303000e+04   1.8000000e+01
   7.7690000e+04   2.3000000e+01
   7.7810000e+04   1.8000000e+01
   7.8227000e+04   4.2000000e+01
   7.8458000e+04   2.1000000e+01
   7.8525000e+04   3.7000000e+01
   7.9211000e+04   1.9000000e+01
   7.9529000e+04   4.2000000e+01
   7.9978000e+04   2.1000000e+01
   8.0292000e+04   1.8000000e+01
   8.0418000e+04   3.7000000e+01
   8.0677000e+04   3.3000000e+01
   8.0733000e+04   3.3000000e+01
   8.0838000e+04   1.9000000e+01
   8.1211000e+04   1.9000000e+01
   8.1239000e+04   2.2000000e+01
   8.1579000e+04   2.5000000e+01
   8.1914000e+04   2.3000000e+01
   8.2087000e+04   2.4000000e+01
   8.2113000e+04   2.5000000e+01
   8.2460000e+04   1.8000000e+01
   8.2884000e+04   2.1000000e+01
   8.2909000e+04   1.9000000e+01
   8.3283000e+04   1.8000000e+01
   8.3419000e+04   3.8000000e+01
   8.3615000e+04   1.8000000e+01
   8.3739000e+04   2.5000000e+01
   8.4145000e+04   1.8000000e+01
   8.4178000e+04   1.9000000e+01
   8.4430000e+04   2.1000000e+01
   8.4634000e+04   2.2000000e+01
   8.4741000e+04   2.0000000e+01
   8.4773000e+04   2.7000000e+01
   8.5377000e+04   1.8000000e+01
   8.5409000e+04   2.1000000e+01
   8.6430000e+04   3.0000000e+01
   8.6499000e+04   1.8000000e+01
   8.6577000e+04   2.1000000e+01
   8.7167000e+04   1.8000000e+01
   8.7352000e+04   2.0000000e+01
   8.7536000e+04   2.9000000e+01
   8.7861000e+04   5.0000000e+01
   8.7889000e+04   2.5000000e+01
   8.9655000e+04   2.0000000e+01
   8.9849000e+04   2.5000000e+01
   9.1116000e+04   1.8000000e+01
   9.3007000e+04   3.2000000e+01
   9.3035000e+04   2.3000000e+01
   9.5111000e+04   3.5000000e+01
   9.5137000e+04   2.1000000e+01
   9.5399000e+04   2.0000000e+01
   9.6311000e+04   1.8000000e+01
   9.7508000e+04   1.9000000e+01
   9.8275000e+04   2.2000000e+01
   1.0002800e+05   2.0000000e+01
   1.0350900e+05   3.6000000e+01
   1.0353400e+05   1.9000000e+01
   1.7219900e+05   4.7000000e+01
   1.7222600e+05   2.0000000e+01
   1.7614700e+05   1.8000000e+01
   1.7742200e+05   2.0000000e+01
   2.3327800e+05   1.8000000e+01
   2.4223600e+05   1.9000000e+01
   3.1417100e+05   1.8000000e+01
   3.1592800e+05   2.1000000e+01
   3.1897500e+05   2.0000000e+01
   3.1937300e+05   2.1000000e+01
   3.2082700e+05   2.3000000e+01
   3.2247800e+05   1.9000000e+01
   3.2353200e+05   1.8000000e+01
   3.2473000e+05   2.2000000e+01
   3.3241700e+05   2.0000000e+01
   3.3291600e+05   2.0000000e+01
   4.2536300e+05   3.2000000e+01
   4.2683800e+05   4.9000000e+01
   4.2736300e+05   2.6000000e+01
   4.2985700e+05   1.9000000e+01
   4.3084800e+05   2.9000000e+01
   4.8422100e+05   3.4000000e+01
   5.0403100e+05   3.3000000e+01
   5.0477900e+05   2.6000000e+01
   5.0774200e+05   2.6000000e+01
   5.3399900e+05   1.9000000e+01
   5.3729200e+05   1.8000000e+01
   5.3971200e+05   1.8000000e+01
   5.4008900e+05   1.8000000e+01
   5.4019000e+05   3.1000000e+01
   5.4029400e+05   1.9000000e+01
   5.4045700e+05   1.8000000e+01
   5.4093500e+05   1.9000000e+01
   5.4209700e+05   2.0000000e+01
   5.4240700e+05   1.8000000e+01
   5.4246000e+05   1.9000000e+01
   5.4270400e+05   2.0000000e+01
   5.4373200e+05   2.3000000e+01
   5.4464900e+05   2.0000000e+01
   5.4502400e+05   2.1000000e+01
   5.4581200e+05   3.2000000e+01
   5.4667000e+05   1.9000000e+01
   5.4841600e+05   2.2000000e+01
   5.4849400e+05   1.8000000e+01
   5.4872900e+05   2.1000000e+01
   5.4887800e+05   4.1000000e+01
   5.4973500e+05   3.7000000e+01
   5.4976600e+05   2.0000000e+01
   5.5049200e+05   2.1000000e+01
   5.5360000e+05   2.9000000e+01
   5.5432400e+05   1.8000000e+01
   5.5483800e+05   2.1000000e+01
   5.5573900e+05   1.8000000e+01
   5.5806900e+05   1.9000000e+01
   5.5993300e+05   2.0000000e+01
   6.1844700e+05   2.8000000e+01
   6.4475900e+05   4.6000000e+01
   6.4478500e+05   2.2000000e+01
   6.4592600e+05   1.8000000e+01
   6.4616900e+05   4.1000000e+01
   6.4619500e+05   2.1000000e+01
   6.4655500e+05   2.2000000e+01
   6.4658100e+05   1.9000000e+01
   6.4761400e+05   2.2000000e+01
   6.4887200e+05   1.8000000e+01
   6.4921500e+05   1.8000000e+01
   6.5147300e+05   1.8000000e+01
   7.5525400e+05   5.7000000e+01
   7.5633000e+05   1.9000000e+01
   7.5689600e+05   1.9000000e+01
   7.5798200e+05   1.9000000e+01
   7.5994400e+05   1.8000000e+01
   7.6028100e+05   1.8000000e+01
   7.6260600e+05   1.9000000e+01
   7.6329800e+05   2.0000000e+01
   7.6372900e+05   1.9000000e+01
   7.6583500e+05   2.2000000e+01
   7.6749600e+05   2.3000000e+01
   7.6818200e+05   1.8000000e+01
   7.6844700e+05   2.7000000e+01
   7.6911200e+05   1.8000000e+01
   7.6921800e+05   1.8000000e+01
   7.7024900e+05   1.9000000e+01
   7.8158200e+05   1.9000000e+01
   7.8172500e+05   2.7000000e+01
   7.8897100e+05   1.8000000e+01
   7.9524100e+05   1.8000000e+01
   8.3823200e+05   1.8000000e+01
   8.3909800e+05   4.0000000e+01
   8.3912600e+05   2.3000000e+01
   8.4103900e+05   1.9000000e+01
   8.4226900e+05   1.8000000e+01
   8.6738500e+05   1.8000000e+01
   8.6802500e+05   2.0000000e+01
   8.6852700e+05   2.1000000e+01
   8.7013900e+05   1.8000000e+01
   8.7068000e+05   1.8000000e+01
   8.9882300e+05   1.9000000e+01
   8.9908600e+05   6.9000000e+01
   8.9911400e+05   2.0000000e+01
   9.0140600e+05   1.8000000e+01
   9.0226300e+05   1.8000000e+01
   9.0282300e+05   3.6000000e+01
   9.0347700e+05   1.9000000e+01
   9.0353200e+05   2.0000000e+01
   9.0363800e+05   3.7000000e+01
   9.0370400e+05   1.9000000e+01
   9.0382400e+05   1.9000000e+01
   9.0699900e+05   1.8000000e+01
   9.7282400e+05   3.2000000e+01
   9.7588800e+05   3.1000000e+01
   9.7890600e+05   2.6000000e+01
   1.0328880e+06   3.2000000e+01
   1.0333350e+06   2.2000000e+01
   1.0352700e+06   1.8000000e+01
   1.0414800e+06   1.9000000e+01
   1.0417060e+06   2.2000000e+01
   1.0421950e+06   2.4000000e+01
   1.0426420e+06   1.9000000e+01
   1.0434000e+06   1.9000000e+01
   1.0439620e+06   2.0000000e+01
   1.0445650e+06   3.4000000e+01
   1.0463790e+06   1.8000000e+01
   1.0466050e+06   2.0000000e+01
   1.0469230e+06   1.8000000e+01
   1.0471090e+06   1.8000000e+01
   1.0473260e+06   1.8000000e+01
   1.0484010e+06   2.0000000e+01
   1.0489750e+06   1.9000000e+01
   1.0490100e+06   2.7000000e+01
   1.0498540e+06   2.1000000e+01
   1.0514540e+06   1.9000000e+01
   1.0515020e+06   2.8000000e+01
   1.0521860e+06   1.8000000e+01
   1.0541060e+06   2.1000000e+01
   1.0548450e+06   2.0000000e+01
   1.1637530e+06   2.0000000e+01
   1.1758870e+06   1.8000000e+01
   1.1789240e+06   1.8000000e+01
   1.1800580e+06   5.8000000e+01
   1.1833570e+06   3.1000000e+01
   1.1835130e+06   3.8000000e+01
   1.1835400e+06   2.1000000e+01
   1.1844930e+06   1.8000000e+01
   1.1862470e+06   2.2000000e+01
   1.1863090e+06   1.8000000e+01
   1.1868390e+06   1.9000000e+01
   1.1873460e+06   3.0000000e+01
   1.1879410e+06   2.0000000e+01
   1.1880790e+06   3.8000000e+01
   1.1881090e+06   2.0000000e+01
   1.1885390e+06   4.0000000e+01
   1.1886940e+06   3.0000000e+01
   1.1889820e+06   2.0000000e+01
   1.1895330e+06   1.8000000e+01
   1.1895580e+06   2.4000000e+01
   1.1901420e+06   1.8000000e+01
   1.1913950e+06   3.9000000e+01
   1.1914240e+06   1.9000000e+01
   1.2940590e+06   4.0000000e+01
   1.2964670e+06   4.1000000e+01
   1.2964920e+06   2.8000000e+01
   1.2966940e+06   1.9000000e+01
   1.2969080e+06   3.0000000e+01
   1.2971960e+06   1.8000000e+01
   1.2977490e+06   3.6000000e+01
   1.2983880e+06   1.9000000e+01
   1.2990120e+06   1.8000000e+01
   1.3005280e+06   2.7000000e+01
   1.3634800e+06   1.9000000e+01
   1.3644760e+06   5.9000000e+01
   1.3645020e+06   1.9000000e+01
   1.3651820e+06   2.0000000e+01
   1.3661060e+06   2.0000000e+01
   1.4267320e+06   2.0000000e+01
   1.4275680e+06   5.8000000e+01
   1.4277550e+06   1.8000000e+01
   1.4280080e+06   2.1000000e+01
   1.4286210e+06   1.8000000e+01
   1.4288330e+06   1.8000000e+01
   1.4293630e+06   2.2000000e+01
   1.4303020e+06   1.9000000e+01
   1.4303610e+06   3.7000000e+01
   1.4303910e+06   2.5000000e+01
   1.4308120e+06   1.9000000e+01
   1.4309400e+06   1.9000000e+01
   1.4316550e+06   1.8000000e+01
   1.4322050e+06   3.2000000e+01
   1.4330390e+06   1.8000000e+01
   1.4332350e+06   1.9000000e+01
   1.4347980e+06   2.7000000e+01
   1.4350030e+06   1.8000000e+01
   1.4400210e+06   1.8000000e+01
   1.4406730e+06   2.0000000e+01
   1.4415450e+06   1.8000000e+01
   1.4422140e+06   2.6000000e+01
   1.5296760e+06   1.8000000e+01
   1.5326340e+06   5.1000000e+01
   1.5330150e+06   1.9000000e+01
   1.5338600e+06   3.0000000e+01
   1.5345720e+06   2.1000000e+01
   1.5408070e+06   1.9000000e+01
   1.5460720e+06   1.9000000e+01
   1.6250950e+06   1.9000000e+01
   1.6266620e+06   2.0000000e+01
   1.6808360e+06   1.8000000e+01
   1.6810750e+06   4.3000000e+01
   1.6811000e+06   2.2000000e+01
   1.6819030e+06   1.9000000e+01
   1.6821380e+06   1.9000000e+01
   1.6826620e+06   1.8000000e+01
   1.6835760e+06   2.0000000e+01
   1.7089230e+06   1.9000000e+01
   1.7093600e+06   1.9000000e+01
   1.7560490e+06   1.8000000e+01
   1.7561340e+06   5.5000000e+01
   1.7561980e+06   1.8000000e+01
   1.7562720e+06   1.8000000e+01
   1.7571750e+06   1.8000000e+01
   1.7684010e+06   1.9000000e+01
   1.8130250e+06   2.7000000e+01
   1.8142140e+06   3.3000000e+01
   1.8179880e+06   4.4000000e+01
   1.8180130e+06   2.1000000e+01
   1.8226280e+06   2.1000000e+01
   1.8230310e+06   1.8000000e+01
   1.8383590e+06   2.2000000e+01
   1.8387530e+06   1.8000000e+01
   1.8396390e+06   1.9000000e+01
   1.8408820e+06   1.8000000e+01
   1.8421340e+06   1.8000000e+01
   1.8454050e+06   1.8000000e+01
   1.9093440e+06   1.8000000e+01
   1.9096580e+06   1.8000000e+01
   1.9101000e+06   2.3000000e+01
   1.9101270e+06   2.0000000e+01
   1.9810010e+06   3.8000000e+01
   2.0005150e+06   4.1000000e+01
   2.0005440e+06   2.1000000e+01
   2.0015160e+06   1.8000000e+01
   2.0033210e+06   1.9000000e+01
   2.0040250e+06   2.1000000e+01
   2.0121000e+06   1.8000000e+01
   2.0123510e+06   2.3000000e+01
   2.0123790e+06   2.2000000e+01
   2.0128500e+06   1.9000000e+01
   2.0129870e+06   2.5000000e+01
   2.0132140e+06   2.1000000e+01
   2.0132960e+06   1.9000000e+01
   2.0133780e+06   2.2000000e+01
   2.0134110e+06   1.8000000e+01
   2.0136140e+06   1.8000000e+01
   2.0138290e+06   1.8000000e+01
   2.0139090e+06   1.9000000e+01
   2.0142260e+06   1.9000000e+01
   2.0142950e+06   2.1000000e+01
   2.0149960e+06   1.8000000e+01
   2.0150700e+06   2.5000000e+01
   2.0151020e+06   2.4000000e+01
   2.0154080e+06   2.1000000e+01
   2.0154480e+06   2.3000000e+01
   2.0155790e+06   2.0000000e+01
   2.0157830e+06   1.8000000e+01
   2.0159590e+06   2.1000000e+01
   2.0159850e+06   1.9000000e+01
   2.0161610e+06   2.1000000e+01
   2.0164760e+06   2.2000000e+01
   2.0166130e+06   2.2000000e+01
   2.0170350e+06   2.9000000e+01
   2.0171130e+06   1.9000000e+01
   2.0177500e+06   2.8000000e+01
   2.0179260e+06   1.9000000e+01
   2.0179790e+06   1.9000000e+01
   2.0180770e+06   1.9000000e+01
   2.0183310e+06   1.8000000e+01
   2.0184360e+06   1.8000000e+01
   2.0188410e+06   2.1000000e+01
   2.0188700e+06   1.8000000e+01
   2.0194100e+06   2.1000000e+01
   2.0201170e+06   2.2000000e+01
   2.0204520e+06   2.4000000e+01
   2.0205090e+06   1.8000000e+01
   2.0219240e+06   2.4000000e+01
   2.0220500e+06   4.8000000e+01
   2.0227640e+06   2.1000000e+01
   2.0234140e+06   1.8000000e+01
   2.0234540e+06   2.2000000e+01
   2.0253180e+06   3.6000000e+01
   2.0253440e+06   2.4000000e+01
   2.0270560e+06   4.0000000e+01
   2.0270870e+06   1.8000000e+01
   2.0306550e+06   2.1000000e+01
   2.1283770e+06   2.9000000e+01
   2.1618940e+06   1.8000000e+01
   2.2035660e+06   4.0000000e+01
   2.2733180e+06   3.7000000e+01
   2.2760490e+06   2.8000000e+01
   2.3111700e+06   1.9000000e+01
   2.3146100e+06   1.9000000e+01
   2.3146390e+06   1.8000000e+01
   2.3156990e+06   3.2000000e+01
   2.3534970e+06   2.1000000e+01
   2.3565840e+06   2.0000000e+01
   2.3773460e+06   2.0000000e+01
   2.3779720e+06   2.0000000e+01
   2.3782520e+06   4.4000000e+01
   2.3782780e+06   2.0000000e+01
   2.3783850e+06   1.8000000e+01
   2.3830200e+06   2.2000000e+01
   2.3835490e+06   1.8000000e+01
   2.3841640e+06   1.8000000e+01
   2.3979070e+06   6.7000000e+01
   2.3979350e+06   2.0000000e+01
   2.3988840e+06   1.8000000e+01
   2.3992350e+06   2.1000000e+01
   2.3992680e+06   5.8000000e+01
   2.3999490e+06   1.9000000e+01
   2.3999840e+06   2.2000000e+01
   2.4014660e+06   3.5000000e+01
   2.4014920e+06   2.2000000e+01
   2.4019110e+06   1.8000000e+01
   2.4019750e+06   2.3000000e+01
   2.4020860e+06   3.7000000e+01
   2.4026970e+06   2.2000000e+01
   2.4932590e+06   2.2000000e+01
   2.4963030e+06   4.1000000e+01
   2.4966130e+06   2.0000000e+01
   2.4980060e+06   2.3000000e+01
   2.4981630e+06   4.3000000e+01
   2.4981960e+06   2.3000000e+01
   2.4984640e+06   3.2000000e+01
   2.4988730e+06   2.0000000e+01
   2.4989700e+06   4.0000000e+01
   2.4990350e+06   1.8000000e+01
   2.4998340e+06   2.0000000e+01
   2.4999220e+06   1.8000000e+01
   2.4999520e+06   2.2000000e+01
   2.5026680e+06   2.0000000e+01
   2.5034220e+06   4.4000000e+01
   2.5034580e+06   4.5000000e+01
   2.5040410e+06   2.3000000e+01
   2.5052840e+06   1.8000000e+01
   2.5719720e+06   1.8000000e+01
   2.5758850e+06   1.8000000e+01
   2.5764020e+06   1.9000000e+01
   2.5771980e+06   1.9000000e+01
   2.5775370e+06   2.0000000e+01
   2.5776680e+06   5.2000000e+01
   2.5776940e+06   2.0000000e+01
   2.5778200e+06   1.9000000e+01
   2.5783890e+06   2.5000000e+01
   2.5784880e+06   2.1000000e+01
   2.5785480e+06   4.0000000e+01
   2.5785740e+06   2.1000000e+01
   2.5793440e+06   2.2000000e+01
   2.5805420e+06   3.5000000e+01
   2.5808500e+06   2.3000000e+01
   2.5810490e+06   2.2000000e+01
   2.5828070e+06   2.9000000e+01
   2.5830700e+06   1.9000000e+01
   2.5830970e+06   1.8000000e+01
   2.5835220e+06   1.8000000e+01
   2.5836590e+06   2.0000000e+01
   2.5838130e+06   2.7000000e+01
   2.5848850e+06   2.2000000e+01
   2.5854720e+06   1.8000000e+01
   2.5876720e+06   1.8000000e+01
   2.5884910e+06   4.3000000e+01
   2.5893790e+06   3.5000000e+01
   2.5894080e+06   1.8000000e+01
   2.5896130e+06   2.7000000e+01
   2.6633580e+06   4.2000000e+01
   2.6633950e+06   1.8000000e+01
   2.6650050e+06   4.6000000e+01
   2.6656380e+06   2.1000000e+01
   2.6658630e+06   1.8000000e+01
   2.6662300e+06   3.9000000e+01
   2.6662840e+06   2.0000000e+01
   2.7119070e+06   3.2000000e+01
   2.7131350e+06   3.6000000e+01
   2.8165050e+06   1.9000000e+01
   2.8165820e+06   2.1000000e+01
   2.8179420e+06   2.0000000e+01
   2.8185570e+06   1.9000000e+01
   2.8186850e+06   1.8000000e+01
   2.8189260e+06   1.8000000e+01
   2.8197960e+06   2.3000000e+01
   2.8564880e+06   1.8000000e+01
   2.8585910e+06   4.5000000e+01
   2.8586190e+06   2.1000000e+01
   2.8594580e+06   3.4000000e+01
   2.8594850e+06   1.9000000e+01
   2.8595160e+06   2.1000000e+01
   2.8596320e+06   1.8000000e+01
   2.8600450e+06   1.8000000e+01
   2.8613430e+06   2.1000000e+01
   2.8614860e+06   4.1000000e+01
   2.8615210e+06   1.8000000e+01
   2.8618520e+06   3.4000000e+01
   2.8628210e+06   5.4000000e+01
   2.8628470e+06   1.9000000e+01
   2.8631840e+06   2.8000000e+01
   2.8633340e+06   5.4000000e+01
   2.8633630e+06   1.8000000e+01
   2.8637300e+06   1.8000000e+01
   2.8639750e+06   3.2000000e+01
   2.8640170e+06   3.3000000e+01
   2.8658350e+06   1.8000000e+01
   2.8694730e+06   3.8000000e+01
   2.8694980e+06   2.5000000e+01
   2.8704300e+06   2.8000000e+01
   2.8719150e+06   1.8000000e+01
   2.8731390e+06   1.9000000e+01
   2.9126910e+06   1.8000000e+01
   2.9439910e+06   2.2000000e+01
   2.9440420e+06   3.8000000e+01
   2.9440820e+06   2.0000000e+01
   2.9449600e+06   2.6000000e+01
   2.9461770e+06   2.0000000e+01
   3.0373230e+06   5.8000000e+01
   3.0373500e+06   2.1000000e+01
   3.0381910e+06   2.7000000e+01
   3.0383490e+06   4.1000000e+01
   3.0383750e+06   1.9000000e+01
   3.0385380e+06   1.8000000e+01
   3.0387000e+06   1.8000000e+01
   3.0390610e+06   1.8000000e+01
   3.0391230e+06   2.2000000e+01
   3.0397990e+06   2.1000000e+01
   3.0398700e+06   2.0000000e+01
   3.0401620e+06   1.8000000e+01
   3.0402030e+06   1.8000000e+01
   3.0405320e+06   1.8000000e+01
   3.0410420e+06   1.8000000e+01
   3.0420750e+06   1.9000000e+01
   3.0434200e+06   1.8000000e+01
   3.0439620e+06   2.2000000e+01
   3.0449160e+06   4.9000000e+01
   3.0449440e+06   2.1000000e+01
   3.0467420e+06   1.8000000e+01
   3.0471660e+06   3.9000000e+01
   3.0475830e+06   2.3000000e+01
   3.0476570e+06   2.4000000e+01
   3.0476860e+06   1.9000000e+01
   3.0509680e+06   2.1000000e+01
   3.0513660e+06   1.8000000e+01
   3.0978390e+06   2.0000000e+01
   3.0990220e+06   3.6000000e+01
   3.1358040e+06   1.9000000e+01
   3.1371760e+06   1.9000000e+01
   3.1379650e+06   1.8000000e+01
   3.1385330e+06   2.1000000e+01
   3.1390330e+06   1.8000000e+01
   3.1395860e+06   1.9000000e+01
   3.1396750e+06   3.7000000e+01
   3.1397440e+06   2.3000000e+01
   3.1408930e+06   2.0000000e+01
   3.1409270e+06   6.2000000e+01
   3.1409580e+06   2.1000000e+01
   3.1411380e+06   1.8000000e+01
   3.1413800e+06   2.0000000e+01
   3.1418410e+06   2.4000000e+01
   3.1418760e+06   5.9000000e+01
   3.1419020e+06   2.1000000e+01
   3.1436010e+06   2.2000000e+01
   3.1438670e+06   1.8000000e+01
   3.1439850e+06   1.9000000e+01
   3.1456330e+06   4.1000000e+01
   3.1456590e+06   2.6000000e+01
   3.1463690e+06   1.9000000e+01
   3.1479860e+06   1.9000000e+01
   3.1500610e+06   3.9000000e+01
   3.1501230e+06   2.1000000e+01
   3.1514790e+06   3.3000000e+01
   3.1515200e+06   1.9000000e+01
   3.1517450e+06   1.9000000e+01
   3.1522500e+06   1.8000000e+01
   3.1523570e+06   1.9000000e+01
   3.1526310e+06   2.1000000e+01
   3.1538450e+06   1.8000000e+01
   3.1539390e+06   1.9000000e+01
   3.1541030e+06   3.7000000e+01
   3.1949770e+06   1.8000000e+01
   3.1952060e+06   1.9000000e+01
   3.1961020e+06   4.3000000e+01
   3.1961300e+06   2.1000000e+01
   3.1961620e+06   1.8000000e+01
   3.1988120e+06   2.3000000e+01
   3.1989050e+06   4.2000000e+01
   3.1989340e+06   2.9000000e+01
   3.1994060e+06   2.8000000e+01
   3.1995410e+06   3.7000000e+01
   3.2011100e+06   1.9000000e+01
   3.2011720e+06   1.9000000e+01
   3.2012000e+06   2.1000000e+01
   3.2014580e+06   2.1000000e+01
   3.2035050e+06   2.1000000e+01
   3.2445600e+06   4.0000000e+01
   3.2445920e+06   1.9000000e+01
   3.2457820e+06   4.0000000e+01
   3.2458080e+06   2.2000000e+01
   3.2465110e+06   4.1000000e+01
   3.2473380e+06   1.8000000e+01
   3.2474260e+06   3.8000000e+01
   3.2474520e+06   2.1000000e+01
   3.2475140e+06   2.3000000e+01
   3.2486970e+06   4.3000000e+01
   3.2497720e+06   2.1000000e+01
   3.2498230e+06   2.0000000e+01
   3.2534950e+06   3.7000000e+01
   3.2535220e+06   2.0000000e+01
   3.2543760e+06   2.0000000e+01
   3.2545270e+06   2.3000000e+01
   3.2560520e+06   3.0000000e+01
   3.2560820e+06   2.2000000e+01
   3.3025100e+06   2.3000000e+01
   3.3025370e+06   1.9000000e+01
   3.3053370e+06   2.2000000e+01
   3.3054510e+06   4.2000000e+01
   3.3054790e+06   2.3000000e+01
   3.3055370e+06   2.3000000e+01
   3.3060720e+06   5.1000000e+01
   3.3063260e+06   1.8000000e+01
   3.3071330e+06   3.6000000e+01
   3.3072930e+06   3.4000000e+01
   3.3078740e+06   2.0000000e+01
   3.3078990e+06   2.5000000e+01
   3.3080940e+06   1.8000000e+01
   3.3085320e+06   2.3000000e+01
   3.3588450e+06   3.5000000e+01
   3.3611760e+06   3.1000000e+01
   3.3689690e+06   1.8000000e+01
   3.3846180e+06   2.0000000e+01
   3.3875800e+06   4.3000000e+01
   3.3888240e+06   2.0000000e+01
   3.3891140e+06   4.4000000e+01
   3.3891420e+06   2.5000000e+01
   3.3892760e+06   2.4000000e+01
   3.3897560e+06   2.2000000e+01
   3.3900000e+06   2.2000000e+01
   3.3902680e+06   1.8000000e+01
   3.3903600e+06   3.1000000e+01
   3.3903870e+06   2.2000000e+01
   3.3905620e+06   2.4000000e+01
   3.3916490e+06   2.0000000e+01
   3.3917730e+06   2.5000000e+01
   3.3923170e+06   2.0000000e+01
   3.3927370e+06   2.1000000e+01
   3.3928010e+06   1.8000000e+01
   3.3929640e+06   2.3000000e+01
   3.3940730e+06   3.3000000e+01
   3.3941650e+06   2.0000000e+01
   3.3944780e+06   2.9000000e+01
   3.3949010e+06   1.8000000e+01
   3.3952930e+06   1.8000000e+01
   3.3954110e+06   1.8000000e+01
   3.3954580e+06   3.0000000e+01
   3.3959140e+06   2.0000000e+01
   3.3961580e+06   2.1000000e+01
   3.3964930e+06   1.9000000e+01
   3.3974590e+06   2.1000000e+01
   3.3979820e+06   5.2000000e+01
   3.3980140e+06   1.8000000e+01
   3.3982930e+06   1.9000000e+01
   3.3983750e+06   2.1000000e+01
   3.3991120e+06   2.4000000e+01
   3.3994290e+06   2.1000000e+01
   3.4026010e+06   2.4000000e+01
   3.4026280e+06   2.3000000e+01
   3.4076650e+06   3.5000000e+01
   3.4090210e+06   3.3000000e+01
   3.4093390e+06   1.8000000e+01
   3.4094510e+06   3.2000000e+01
   3.4094930e+06   2.5000000e+01
   3.4095300e+06   2.3000000e+01
   3.4095600e+06   2.0000000e+01
   3.4097690e+06   1.9000000e+01
   3.4100910e+06   1.8000000e+01
   3.4108540e+06   2.4000000e+01
   3.4108810e+06   4.8000000e+01
   3.4121620e+06   1.9000000e+01
   3.4130830e+06   4.1000000e+01
   3.4157060e+06   1.8000000e+01
   3.4157580e+06   1.8000000e+01
   3.4184730e+06   1.8000000e+01
   3.4210630e+06   3.7000000e+01
   3.4210880e+06   2.2000000e+01
   3.4229040e+06   1.9000000e+01
   3.4242150e+06   2.1000000e+01
   3.4248400e+06   4.4000000e+01
   3.4257960e+06   3.4000000e+01
   3.4268980e+06   1.8000000e+01
   3.4282380e+06   1.9000000e+01
   3.4297470e+06   2.0000000e+01
   3.4301150e+06   1.8000000e+01
   3.4317920e+06   3.0000000e+01
   3.4318170e+06   2.1000000e+01
   3.4333740e+06   3.3000000e+01
   3.4347220e+06   2.0000000e+01
   3.4354170e+06   3.1000000e+01
   3.4354450e+06   2.3000000e+01
   3.4361050e+06   2.1000000e+01
   3.4362080e+06   3.9000000e+01
   3.4362390e+06   1.9000000e+01
   3.4364880e+06   2.2000000e+01
   3.4382960e+06   1.8000000e+01
   3.4392810e+06   3.2000000e+01
   3.4393110e+06   1.9000000e+01
   3.4397560e+06   2.1000000e+01
   3.4399530e+06   3.1000000e+01
   3.4406180e+06   1.8000000e+01
   3.4408210e+06   2.7000000e+01
   3.4425650e+06   3.3000000e+01
   3.4433870e+06   1.8000000e+01
   3.4471350e+06   3.2000000e+01
   3.4471640e+06   2.3000000e+01
   3.4476310e+06   1.8000000e+01
   3.4505670e+06   3.5000000e+01
   3.4505950e+06   1.8000000e+01
   3.4507050e+06   1.8000000e+01
   3.4517700e+06   5.0000000e+01
   3.4518000e+06   2.4000000e+01
   3.4527770e+06   3.1000000e+01
   3.4546960e+06   2.6000000e+01
   3.4568710e+06   2.2000000e+01
   3.5573850e+06   1.8000000e+01
   3.5579810e+06   1.8000000e+01
   3.5595870e+06   1.9000000e+01
   3.5600310e+06   1.9000000e+01
   3.6033220e+06   3.5000000e+01
   3.6033590e+06   2.6000000e+01
   3.6038190e+06   1.8000000e+01
   3.6041970e+06   2.4000000e+01
   3.6042410e+06   4.9000000e+01
   3.6048330e+06   4.7000000e+01
   3.6058180e+06   2.6000000e+01
   3.6062470e+06   3.5000000e+01
   3.6062850e+06   1.8000000e+01
   3.6076010e+06   1.8000000e+01
   3.6076420e+06   5.9000000e+01
   3.6086060e+06   3.4000000e+01
   3.6086710e+06   1.8000000e+01
   3.6088180e+06   2.0000000e+01
   3.6090700e+06   3.4000000e+01
   3.6097990e+06   1.8000000e+01
   3.6099050e+06   3.1000000e+01
   3.6100700e+06   3.4000000e+01
   3.6100950e+06   2.2000000e+01
   3.6104260e+06   2.0000000e+01
   3.6109170e+06   2.1000000e+01
   3.6112230e+06   2.0000000e+01
   3.6540080e+06   4.0000000e+01
   3.6571080e+06   1.8000000e+01
   3.6582250e+06   5.2000000e+01
   3.6582560e+06   2.6000000e+01
   3.7018700e+06   4.9000000e+01
   3.7035030e+06   4.3000000e+01
   3.7035360e+06   1.8000000e+01
   3.7039210e+06   1.9000000e+01
   3.7043460e+06   4.4000000e+01
   3.7044520e+06   2.0000000e+01
   3.7045360e+06   2.4000000e+01
   3.7052800e+06   2.1000000e+01
   3.7055860e+06   2.3000000e+01
   3.7058920e+06   1.8000000e+01
   3.7069840e+06   3.3000000e+01
   3.7071240e+06   2.3000000e+01
   3.7087640e+06   1.9000000e+01
   3.7181240e+06   2.4000000e+01
   3.7199550e+06   1.8000000e+01
   3.7587170e+06   3.7000000e+01
   3.7599280e+06   4.1000000e+01
   3.7633080e+06   3.7000000e+01
   3.7634300e+06   1.9000000e+01
   3.7634620e+06   1.9000000e+01
   3.7640090e+06   5.5000000e+01
   3.8123930e+06   1.8000000e+01
   3.8128070e+06   1.9000000e+01
   3.8133990e+06   1.8000000e+01
   3.8139930e+06   1.9000000e+01
   3.8163680e+06   2.2000000e+01
   3.8174850e+06   1.9000000e+01
   3.8620130e+06   1.8000000e+01
   3.8621990e+06   4.3000000e+01
   3.8622400e+06   1.8000000e+01
   3.8624690e+06   1.8000000e+01
   3.8629530e+06   2.0000000e+01
   3.8635320e+06   1.9000000e+01
   3.8635830e+06   2.0000000e+01
   3.8636230e+06   2.8000000e+01
   3.8637100e+06   1.8000000e+01
   3.8640390e+06   3.9000000e+01
   3.8640700e+06   2.9000000e+01
   3.8642690e+06   2.1000000e+01
   3.8653980e+06   1.8000000e+01
   3.9088480e+06   6.2000000e+01
   3.9104650e+06   2.0000000e+01
   3.9187340e+06   4.8000000e+01
   3.9187620e+06   1.8000000e+01
   3.9191080e+06   1.8000000e+01
   3.9202270e+06   1.8000000e+01
   3.9205970e+06   3.6000000e+01
   3.9209800e+06   2.0000000e+01
   3.9210410e+06   1.9000000e+01
   3.9211000e+06   4.0000000e+01
   3.9215170e+06   2.0000000e+01
   3.9216500e+06   1.8000000e+01
   3.9237130e+06   1.9000000e+01
   3.9250390e+06   3.8000000e+01
   3.9250670e+06   2.1000000e+01
   3.9282530e+06   2.0000000e+01
   3.9290240e+06   3.7000000e+01
   3.9293980e+06   2.0000000e+01
   3.9300950e+06   2.0000000e+01
   3.9303420e+06   1.9000000e+01
   3.9685750e+06   3.2000000e+01
   3.9698790e+06   1.9000000e+01
   3.9707030e+06   4.2000000e+01
   3.9707290e+06   2.2000000e+01
   3.9974510e+06   1.8000000e+01
   4.0010940e+06   1.8000000e+01
   4.0017710e+06   1.8000000e+01
   4.0082720e+06   4.2000000e+01
   4.0092890e+06   3.7000000e+01
   4.0097230e+06   2.0000000e+01
   4.0106980e+06   3.9000000e+01
   4.0107270e+06   2.0000000e+01
   4.0112380e+06   1.8000000e+01
   4.0113250e+06   3.0000000e+01
   4.0122830e+06   2.5000000e+01
   4.0124960e+06   3.0000000e+01
   4.0126750e+06   3.6000000e+01
   4.0127040e+06   2.1000000e+01
   4.0128550e+06   1.8000000e+01
   4.0131850e+06   1.8000000e+01
   4.0135150e+06   2.0000000e+01
   4.0135870e+06   1.8000000e+01
   4.0138220e+06   2.5000000e+01
   4.0140990e+06   1.8000000e+01
   4.0146050e+06   1.8000000e+01
   4.0160770e+06   2.6000000e+01
   4.0180730e+06   1.8000000e+01
   4.0195760e+06   1.8000000e+01
   4.0209200e+06   1.9000000e+01
   4.0875840e+06   2.0000000e+01
   4.1103790e+06   4.4000000e+01
   4.1104060e+06   2.5000000e+01
   4.1109410e+06   1.9000000e+01
   4.1136820e+06   1.8000000e+01
   4.1137650e+06   1.8000000e+01
   4.1142990e+06   2.9000000e+01
   4.1147590e+06   2.0000000e+01
   4.1777500e+06   3.9000000e+01
   4.1976220e+06   1.8000000e+01
   4.1996870e+06   4.1000000e+01
   4.1997190e+06   2.2000000e+01
   4.2002180e+06   2.0000000e+01
   4.2004280e+06   1.8000000e+01
   4.2004550e+06   2.0000000e+01
   4.2005020e+06   1.8000000e+01
   4.2006040e+06   1.8000000e+01
   4.2009210e+06   2.5000000e+01
   4.2011530e+06   2.0000000e+01
   4.2049570e+06   2.9000000e+01
   4.2055120e+06   1.8000000e+01
   4.2056340e+06   2.1000000e+01
   4.2417790e+06   1.8000000e+01
   4.2420170e+06   1.8000000e+01
   4.2420540e+06   5.7000000e+01
   4.2420890e+06   2.0000000e+01
   4.2425050e+06   2.0000000e+01
   4.2427090e+06   4.0000000e+01
   4.2427400e+06   1.9000000e+01
   4.2429740e+06   1.9000000e+01
   4.2434240e+06   3.5000000e+01
   4.2435000e+06   2.0000000e+01
   4.2438530e+06   2.6000000e+01
   4.2499870e+06   4.3000000e+01
   4.2500170e+06   2.0000000e+01
   4.2511560e+06   1.8000000e+01
   4.2527430e+06   1.8000000e+01
   4.2528430e+06   2.2000000e+01
   4.2529320e+06   4.5000000e+01
   4.2529630e+06   2.0000000e+01
   4.2534220e+06   2.5000000e+01
   4.2534650e+06   1.8000000e+01
   4.2551050e+06   1.8000000e+01
   4.2611530e+06   1.9000000e+01
   4.2955390e+06   1.8000000e+01
   4.3244970e+06   2.2000000e+01
   4.3246560e+06   6.2000000e+01
   4.3247500e+06   2.0000000e+01
   4.3250890e+06   2.0000000e+01
   4.3252300e+06   4.1000000e+01
   4.3268680e+06   2.4000000e+01
   4.3269980e+06   4.2000000e+01
   4.3270300e+06   2.4000000e+01
   4.3272040e+06   2.4000000e+01
   4.3273310e+06   2.3000000e+01
   4.3280590e+06   2.4000000e+01
   4.3301490e+06   1.9000000e+01
   4.3315830e+06   1.9000000e+01
   4.3318310e+06   2.1000000e+01
   4.3493570e+06   1.9000000e+01
   4.3566020e+06   1.8000000e+01
   4.3878330e+06   2.0000000e+01
   4.3881620e+06   3.4000000e+01
   4.3882670e+06   3.8000000e+01
   4.3883340e+06   2.3000000e+01
   4.3887860e+06   2.5000000e+01
   4.3889110e+06   2.1000000e+01
   4.3891110e+06   3.6000000e+01
   4.3895850e+06   1.8000000e+01
   4.3896860e+06   4.4000000e+01
   4.3897170e+06   2.8000000e+01
   4.3900260e+06   2.8000000e+01
   4.3908840e+06   2.0000000e+01
   4.3931520e+06   1.8000000e+01
   4.3937000e+06   2.3000000e+01
   4.4372630e+06   4.3000000e+01
   4.4372880e+06   2.1000000e+01
   4.4373230e+06   1.8000000e+01
   4.4394220e+06   1.8000000e+01
   4.4406810e+06   2.5000000e+01
   4.4437890e+06   1.9000000e+01
   4.4446200e+06   1.8000000e+01
   4.4456310e+06   1.8000000e+01
   4.4456570e+06   2.1000000e+01
   4.4463070e+06   3.9000000e+01
   4.4463390e+06   1.8000000e+01
   4.4463820e+06   1.8000000e+01
   4.4471570e+06   2.0000000e+01
   4.4473810e+06   2.1000000e+01
   4.4475000e+06   3.6000000e+01
   4.4475250e+06   2.5000000e+01
   4.4477360e+06   2.0000000e+01
   4.4479430e+06   2.4000000e+01
   4.4486240e+06   2.0000000e+01
   4.4487660e+06   1.8000000e+01
   4.4491840e+06   2.3000000e+01
   4.4503250e+06   2.5000000e+01
   4.4504650e+06   2.3000000e+01
   4.4505310e+06   1.9000000e+01
   4.4507060e+06   1.8000000e+01
   4.4508590e+06   2.6000000e+01
   4.4509000e+06   3.8000000e+01
   4.4509340e+06   1.8000000e+01
   4.4510140e+06   1.8000000e+01
   4.4516670e+06   2.7000000e+01
   4.4518820e+06   1.8000000e+01
   4.4523250e+06   2.0000000e+01
   4.4524140e+06   3.3000000e+01
   4.4524410e+06   2.0000000e+01
   4.4528050e+06   1.8000000e+01
   4.4534280e+06   2.4000000e+01
   4.4539950e+06   2.4000000e+01
   4.4541340e+06   3.2000000e+01
   4.4544110e+06   2.5000000e+01
   4.4544730e+06   2.9000000e+01
   4.4554750e+06   2.4000000e+01
   4.4559450e+06   2.3000000e+01
   4.4561920e+06   4.3000000e+01
   4.4565340e+06   2.3000000e+01
   4.4570630e+06   4.7000000e+01
   4.4577860e+06   2.0000000e+01
   4.4579250e+06   2.6000000e+01
   4.4589420e+06   2.2000000e+01
   4.4589770e+06   1.8000000e+01
   4.4602300e+06   2.5000000e+01
   4.4610570e+06   2.8000000e+01
   4.4610870e+06   1.8000000e+01
   4.4617780e+06   1.9000000e+01
   4.4628000e+06   1.8000000e+01
   4.4642000e+06   1.9000000e+01
   4.4660400e+06   1.8000000e+01
   4.4698190e+06   3.2000000e+01
   4.4698500e+06   1.9000000e+01
   4.5181360e+06   3.7000000e+01
   4.5766480e+06   4.6000000e+01
   4.5766750e+06   2.0000000e+01
   4.5775780e+06   3.7000000e+01
   4.5779590e+06   3.7000000e+01
   4.5779880e+06   1.8000000e+01
   4.5782350e+06   1.9000000e+01
   4.5796690e+06   5.2000000e+01
   4.5797990e+06   2.0000000e+01
   4.5803850e+06   2.9000000e+01
   4.5808020e+06   1.9000000e+01
   4.5890870e+06   1.8000000e+01
   4.5915520e+06   5.3000000e+01
   4.5915770e+06   2.5000000e+01
   4.5934930e+06   1.8000000e+01
   4.6431660e+06   5.0000000e+01
   4.6431940e+06   1.9000000e+01
   4.6447270e+06   1.8000000e+01
   4.6449520e+06   1.9000000e+01
   4.6451550e+06   4.4000000e+01
   4.6451870e+06   2.1000000e+01
   4.6452610e+06   1.9000000e+01
   4.6459850e+06   2.2000000e+01
   4.6464280e+06   2.1000000e+01
   4.6467570e+06   1.8000000e+01
   4.6468340e+06   1.8000000e+01
   4.6469150e+06   2.0000000e+01
   4.6477650e+06   1.9000000e+01
   4.6499440e+06   1.8000000e+01
   4.6513150e+06   1.8000000e+01
   4.6531960e+06   1.9000000e+01
   4.6546810e+06   1.8000000e+01
   4.6860240e+06   1.8000000e+01
   4.6871930e+06   2.7000000e+01
   4.7401610e+06   4.6000000e+01
   4.7412340e+06   2.4000000e+01
   4.7413240e+06   3.9000000e+01
   4.7413500e+06   3.1000000e+01
   4.7433160e+06   1.8000000e+01
   4.7438650e+06   1.8000000e+01
   4.7455280e+06   1.8000000e+01
   4.7466470e+06   1.8000000e+01
   4.7808810e+06   1.8000000e+01
   4.7813750e+06   1.9000000e+01
   4.7839030e+06   2.0000000e+01
   4.7852510e+06   3.3000000e+01
   4.7869710e+06   3.1000000e+01
   4.8227210e+06   6.5000000e+01
   4.8227530e+06   1.8000000e+01
   4.8233120e+06   2.2000000e+01
   4.8245450e+06   1.9000000e+01
   4.8247540e+06   2.0000000e+01
   4.8247890e+06   4.3000000e+01
   4.8249830e+06   2.3000000e+01
   4.8250990e+06   2.0000000e+01
   4.8469320e+06   2.0000000e+01
   4.8473570e+06   5.6000000e+01
   4.8481610e+06   1.8000000e+01
   4.8483010e+06   1.9000000e+01
   4.8488200e+06   2.1000000e+01
   4.8488510e+06   1.9000000e+01
   4.8494000e+06   1.9000000e+01
   4.8494500e+06   1.9000000e+01
   4.8495390e+06   2.0000000e+01
   4.8535450e+06   3.7000000e+01
   4.8541200e+06   2.1000000e+01
   4.8543480e+06   1.9000000e+01
   4.8548040e+06   1.8000000e+01
   4.8548880e+06   4.8000000e+01
   4.8549240e+06   1.8000000e+01
   4.8553090e+06   2.1000000e+01
   4.8554620e+06   2.0000000e+01
   4.8556520e+06   1.8000000e+01
   4.8560560e+06   2.0000000e+01
   4.8887310e+06   1.8000000e+01
   4.9012610e+06   5.0000000e+01
   4.9031400e+06   2.8000000e+01
   4.9032560e+06   4.5000000e+01
   4.9032830e+06   2.0000000e+01
   4.9038430e+06   2.0000000e+01
   4.9039000e+06   3.5000000e+01
   4.9039330e+06   3.2000000e+01
   4.9045440e+06   2.0000000e+01
   4.9046110e+06   2.4000000e+01
   4.9527730e+06   1.8000000e+01
   4.9536750e+06   1.9000000e+01
   4.9596930e+06   2.2000000e+01
   4.9605500e+06   2.0000000e+01
   4.9612350e+06   2.6000000e+01
   4.9613790e+06   4.4000000e+01
   4.9614060e+06   2.4000000e+01
   4.9615780e+06   2.1000000e+01
   4.9616500e+06   2.1000000e+01
   4.9617800e+06   3.7000000e+01
   4.9620260e+06   1.8000000e+01
   4.9621560e+06   2.3000000e+01
   4.9624090e+06   1.9000000e+01
   4.9625110e+06   1.8000000e+01
   4.9626280e+06   1.9000000e+01
   4.9627420e+06   2.3000000e+01
   4.9627680e+06   2.0000000e+01
   4.9631870e+06   2.0000000e+01
   4.9633190e+06   2.3000000e+01
   4.9633540e+06   2.4000000e+01
   4.9636330e+06   2.2000000e+01
   4.9637890e+06   2.3000000e+01
   4.9640090e+06   1.8000000e+01
   4.9641120e+06   1.8000000e+01
   4.9645850e+06   2.0000000e+01
   4.9655060e+06   2.2000000e+01
   4.9655430e+06   1.9000000e+01
   4.9655830e+06   1.8000000e+01
   4.9663700e+06   2.0000000e+01
   4.9665780e+06   1.8000000e+01
   4.9674410e+06   2.9000000e+01
   4.9682940e+06   2.1000000e+01
   5.0641120e+06   3.1000000e+01
   5.1145010e+06   1.9000000e+01
   5.1175930e+06   4.4000000e+01
   5.1176220e+06   1.9000000e+01
   5.1178780e+06   2.4000000e+01
   5.1182660e+06   4.6000000e+01
   5.1191460e+06   1.8000000e+01
   5.1194740e+06   2.9000000e+01
   5.1196540e+06   4.3000000e+01
   5.1199290e+06   2.8000000e+01
   5.1200500e+06   2.0000000e+01
   5.1217320e+06   1.9000000e+01
   5.1217790e+06   2.2000000e+01
   5.1221160e+06   1.8000000e+01
   5.1230810e+06   2.6000000e+01
   5.1262520e+06   1.9000000e+01
   5.1265590e+06   2.0000000e+01
   5.1267610e+06   2.7000000e+01
   5.1281010e+06   1.9000000e+01
   5.1281640e+06   1.9000000e+01
   5.1287090e+06   2.0000000e+01
   5.1288220e+06   3.7000000e+01
   5.1288490e+06   1.9000000e+01
   5.1292880e+06   3.2000000e+01
   5.1293940e+06   3.9000000e+01
   5.1301280e+06   2.0000000e+01
   5.1316350e+06   3.5000000e+01
   5.1316610e+06   2.2000000e+01
   5.1320560e+06   4.5000000e+01
   5.1320850e+06   3.0000000e+01
   5.1715870e+06   1.8000000e+01
   5.1725970e+06   1.8000000e+01
   5.1737660e+06   1.8000000e+01
   5.1970840e+06   1.9000000e+01
   5.1972470e+06   3.8000000e+01
   5.1972780e+06   1.8000000e+01
   5.1989280e+06   1.9000000e+01
   5.1993420e+06   1.8000000e+01
   5.2222830e+06   4.1000000e+01
   5.2223090e+06   2.1000000e+01
   5.2227800e+06   1.9000000e+01
   5.2231130e+06   3.5000000e+01
   5.2231400e+06   1.8000000e+01
   5.2237250e+06   2.0000000e+01
   5.2237510e+06   2.1000000e+01
   5.2238990e+06   2.3000000e+01
   5.2247470e+06   5.0000000e+01
   5.2254400e+06   1.8000000e+01
   5.2256770e+06   2.0000000e+01
   5.2263550e+06   2.6000000e+01
   5.2266970e+06   2.2000000e+01
   5.2271200e+06   1.9000000e+01
   5.2280050e+06   2.7000000e+01
   5.2720500e+06   4.3000000e+01
   5.2720790e+06   1.8000000e+01
   5.2730220e+06   2.5000000e+01
   5.2730730e+06   3.9000000e+01
   5.2732800e+06   2.0000000e+01
   5.2736780e+06   1.8000000e+01
   5.2737950e+06   2.3000000e+01
   5.2739080e+06   3.7000000e+01
   5.2739390e+06   1.9000000e+01
   5.2741010e+06   2.0000000e+01
   5.2750040e+06   3.2000000e+01
   5.2756580e+06   2.1000000e+01
   5.2757630e+06   3.7000000e+01
   5.2765640e+06   2.2000000e+01
   5.2769630e+06   2.0000000e+01
   5.2772630e+06   1.9000000e+01
   5.2775260e+06   1.8000000e+01
   5.2779850e+06   3.1000000e+01
   5.2783830e+06   2.8000000e+01
   5.2787610e+06   4.4000000e+01
   5.2787880e+06   1.9000000e+01
   5.2789230e+06   2.5000000e+01
   5.2796220e+06   2.8000000e+01
   5.2800750e+06   2.6000000e+01
   5.2802500e+06   2.0000000e+01
   5.2806110e+06   2.6000000e+01
   5.2808270e+06   3.9000000e+01
   5.2808520e+06   2.0000000e+01
   5.2811480e+06   1.8000000e+01
   5.2816860e+06   2.8000000e+01
   5.2818890e+06   3.2000000e+01
   5.2819180e+06   1.9000000e+01
   5.2821780e+06   2.2000000e+01
   5.2827460e+06   2.0000000e+01
   5.2829330e+06   1.9000000e+01
   5.2829930e+06   2.1000000e+01
   5.2838880e+06   3.0000000e+01
   5.2840140e+06   1.9000000e+01
   5.2840810e+06   1.8000000e+01
   5.2866080e+06   2.0000000e+01
   5.2866910e+06   2.4000000e+01
   5.2868790e+06   3.3000000e+01
   5.2869060e+06   2.7000000e+01
   5.2890390e+06   3.7000000e+01
   5.2922630e+06   2.0000000e+01
   5.2960970e+06   2.1000000e+01
   5.3401580e+06   3.2000000e+01
   5.3653130e+06   4.4000000e+01
   5.3664430e+06   1.9000000e+01
   5.3665880e+06   4.4000000e+01
   5.3667820e+06   2.4000000e+01
   5.3673980e+06   1.8000000e+01
   5.3818510e+06   1.9000000e+01
   5.3825540e+06   1.8000000e+01
   5.3832320e+06   4.6000000e+01
   5.3832570e+06   2.0000000e+01
   5.3845300e+06   1.8000000e+01
   5.3847480e+06   1.8000000e+01
   5.3847920e+06   1.9000000e+01
   5.3887940e+06   2.1000000e+01
   5.3890850e+06   1.8000000e+01
   5.3928360e+06   1.8000000e+01
   5.4308200e+06   2.9000000e+01
   5.4594990e+06   1.8000000e+01
   5.4638260e+06   1.9000000e+01
   5.4638810e+06   1.8000000e+01
   5.4648090e+06   2.7000000e+01
   5.4648390e+06   1.8000000e+01
   5.4653680e+06   2.2000000e+01
   5.4662210e+06   2.0000000e+01
   5.4665460e+06   2.5000000e+01
   5.4673740e+06   2.4000000e+01
   5.4697680e+06   2.0000000e+01
   5.4732530e+06   1.8000000e+01
   5.4737740e+06   2.1000000e+01
   5.4752850e+06   1.9000000e+01
   5.4757450e+06   4.2000000e+01
   5.4758120e+06   1.8000000e+01
   5.4759520e+06   2.4000000e+01
   5.4765810e+06   1.9000000e+01
   5.4849040e+06   1.9000000e+01
   5.4851160e+06   4.5000000e+01
   5.4859690e+06   1.8000000e+01
   5.4860360e+06   2.3000000e+01
   5.5185240e+06   1.9000000e+01
   5.5275390e+06   1.8000000e+01
   5.5316630e+06   4.2000000e+01
   5.5316970e+06   1.8000000e+01
   5.5318110e+06   1.8000000e+01
   5.5332540e+06   1.8000000e+01
   5.5390070e+06   2.9000000e+01
   5.5700730e+06   3.0000000e+01
   5.5718260e+06   4.1000000e+01
   5.5718510e+06   2.5000000e+01
   5.5719900e+06   2.4000000e+01
   5.5750730e+06   4.3000000e+01
   5.5751010e+06   1.8000000e+01
   5.5752160e+06   1.8000000e+01
   5.5752860e+06   1.9000000e+01
   5.5753450e+06   5.8000000e+01
   5.5779900e+06   1.8000000e+01
   5.5780730e+06   3.9000000e+01
   5.5780990e+06   2.5000000e+01
   5.5784850e+06   3.6000000e+01
   5.5786150e+06   3.6000000e+01
   5.5801370e+06   2.8000000e+01
   5.5813840e+06   2.2000000e+01
   5.5814250e+06   2.6000000e+01
   5.5832770e+06   3.4000000e+01
   5.5833050e+06   2.2000000e+01
   5.5837220e+06   3.4000000e+01
   5.5839160e+06   3.2000000e+01
   5.5849170e+06   1.8000000e+01
   5.5849850e+06   3.1000000e+01
   5.5865820e+06   2.0000000e+01
   5.5876580e+06   3.0000000e+01
   5.5928830e+06   3.2000000e+01
   5.5929120e+06   2.1000000e+01
   5.5930270e+06   1.8000000e+01
   5.6161420e+06   1.8000000e+01
   5.6162220e+06   3.7000000e+01
   5.6162500e+06   2.3000000e+01
   5.6163000e+06   2.4000000e+01
   5.6163460e+06   1.8000000e+01
   5.6166590e+06   2.4000000e+01
   5.6168000e+06   3.6000000e+01
   5.6168280e+06   2.1000000e+01
   5.6169470e+06   2.7000000e+01
   5.6170880e+06   2.2000000e+01
   5.6172060e+06   2.8000000e+01
   5.6175150e+06   3.2000000e+01
   5.6175420e+06   2.7000000e+01
   5.6178950e+06   1.9000000e+01
   5.6184600e+06   2.1000000e+01
   5.6185180e+06   1.8000000e+01
   5.6187200e+06   2.0000000e+01
   5.6199790e+06   2.0000000e+01
   5.6216980e+06   1.9000000e+01
   5.6771370e+06   5.0000000e+01
   5.6771620e+06   2.1000000e+01
   5.6785660e+06   2.3000000e+01
   5.6787230e+06   5.2000000e+01
   5.6831510e+06   2.2000000e+01
   5.6832800e+06   1.8000000e+01
   5.6843640e+06   1.9000000e+01
   5.6863950e+06   3.7000000e+01
   5.6864220e+06   2.1000000e+01
   5.6870190e+06   4.6000000e+01
   5.6870470e+06   2.4000000e+01
   5.6870840e+06   2.0000000e+01
   5.6871100e+06   3.2000000e+01
   5.6895290e+06   2.0000000e+01
   5.6928810e+06   1.8000000e+01
   5.6952580e+06   1.8000000e+01
   5.7365620e+06   1.9000000e+01
   5.7476970e+06   4.9000000e+01
   5.7478770e+06   1.8000000e+01
   5.7482260e+06   1.8000000e+01
   5.7484390e+06   1.8000000e+01
   5.7485020e+06   2.1000000e+01
   5.7485380e+06   1.8000000e+01
   5.7488120e+06   1.8000000e+01
   5.7489430e+06   2.5000000e+01
   5.7492150e+06   3.5000000e+01
   5.7494930e+06   1.9000000e+01
   5.7498490e+06   1.8000000e+01
   5.7501310e+06   1.8000000e+01
   5.7502920e+06   2.0000000e+01
   5.7503480e+06   2.1000000e+01
   5.7511730e+06   2.0000000e+01
   5.7512760e+06   2.4000000e+01
   5.7514930e+06   1.9000000e+01
   5.7516400e+06   3.5000000e+01
   5.7516710e+06   1.8000000e+01
   5.7519450e+06   2.3000000e+01
   5.7522230e+06   1.9000000e+01
   5.7523910e+06   2.6000000e+01
   5.7524260e+06   2.4000000e+01
   5.7532360e+06   2.0000000e+01
   5.7535390e+06   3.4000000e+01
   5.7535690e+06   1.9000000e+01
   5.7539770e+06   2.5000000e+01
   5.7545590e+06   2.0000000e+01
   5.7546280e+06   2.0000000e+01
   5.7546790e+06   2.2000000e+01
   5.7551060e+06   2.8000000e+01
   5.7551720e+06   1.9000000e+01
   5.7557190e+06   1.9000000e+01
   5.7557570e+06   1.9000000e+01
   5.7562520e+06   3.4000000e+01
   5.7569140e+06   2.2000000e+01
   5.7573420e+06   2.0000000e+01
   5.7573670e+06   2.2000000e+01
   5.7578670e+06   2.6000000e+01
   5.7584110e+06   2.3000000e+01
   5.7589100e+06   2.0000000e+01
   5.7591340e+06   1.8000000e+01
   5.7591830e+06   2.2000000e+01
   5.7604500e+06   2.5000000e+01
   5.7611000e+06   2.0000000e+01
   5.7636480e+06   1.9000000e+01
   5.8068450e+06   1.8000000e+01
   5.8093320e+06   4.5000000e+01
   5.8093630e+06   2.0000000e+01
   5.8097140e+06   1.9000000e+01
   5.8109160e+06   1.9000000e+01
   5.8111100e+06   4.0000000e+01
   5.8111350e+06   1.9000000e+01
   5.8115590e+06   2.9000000e+01
   5.8117160e+06   1.8000000e+01
   5.8120960e+06   1.9000000e+01
   5.8132680e+06   1.9000000e+01
   5.8134050e+06   3.4000000e+01
   5.8134350e+06   2.5000000e+01
   5.8138740e+06   4.0000000e+01
   5.8139100e+06   2.8000000e+01
   5.8141430e+06   2.1000000e+01
   5.8143870e+06   1.9000000e+01
   5.8145610e+06   2.0000000e+01
   5.8164130e+06   1.9000000e+01
   5.8825450e+06   4.5000000e+01
   5.8829600e+06   1.9000000e+01
   5.8835690e+06   1.9000000e+01
   5.8845050e+06   2.1000000e+01
   5.8857380e+06   3.7000000e+01
   5.8879160e+06   4.6000000e+01
   5.8892540e+06   2.4000000e+01
   5.8892910e+06   5.6000000e+01
   5.8893170e+06   2.5000000e+01
   5.8894460e+06   1.8000000e+01
   5.8898610e+06   2.1000000e+01
   5.9295040e+06   1.8000000e+01
   5.9441340e+06   4.8000000e+01
   5.9441620e+06   2.1000000e+01
   5.9449240e+06   3.0000000e+01
   5.9454840e+06   4.3000000e+01
   5.9491110e+06   3.8000000e+01
   5.9986620e+06   4.4000000e+01
   5.9998300e+06   4.1000000e+01
   6.0001940e+06   2.0000000e+01
   6.0092420e+06   1.9000000e+01
   6.0095500e+06   2.1000000e+01
   6.0127050e+06   1.8000000e+01
   6.0140440e+06   2.1000000e+01
   6.0152120e+06   1.8000000e+01
   6.0153500e+06   4.3000000e+01
   6.0153790e+06   2.2000000e+01
   6.0155960e+06   2.2000000e+01
   6.0520310e+06   1.9000000e+01
   6.0527040e+06   4.0000000e+01
   6.0532780e+06   3.9000000e+01
   6.0539020e+06   1.8000000e+01
   6.0549690e+06   1.9000000e+01
   6.0619470e+06   2.0000000e+01
   6.0962510e+06   1.9000000e+01
   6.0977550e+06   4.2000000e+01
   6.0977840e+06   1.8000000e+01
   6.0980800e+06   2.0000000e+01
   6.0984810e+06   1.8000000e+01
   6.0987790e+06   1.8000000e+01
   6.0989240e+06   3.9000000e+01
   6.0989590e+06   2.1000000e+01
   6.0998220e+06   1.8000000e+01
   6.1006160e+06   2.1000000e+01
   6.1006570e+06   3.4000000e+01
   6.1006890e+06   1.8000000e+01
   6.1009860e+06   2.7000000e+01
   6.1012290e+06   1.9000000e+01
   6.1016450e+06   2.4000000e+01
   6.1020820e+06   2.2000000e+01
   6.1028060e+06   2.9000000e+01
   6.1030120e+06   3.3000000e+01
   6.1030510e+06   2.2000000e+01
   6.1033230e+06   3.1000000e+01
   6.1036280e+06   2.3000000e+01
   6.1037130e+06   1.9000000e+01
   6.1037820e+06   1.9000000e+01
   6.1038730e+06   3.2000000e+01
   6.1039000e+06   2.1000000e+01
   6.1043010e+06   2.1000000e+01
   6.1044160e+06   3.0000000e+01
   6.1044790e+06   2.0000000e+01
   6.1045190e+06   1.9000000e+01
   6.1050820e+06   2.2000000e+01
   6.1055120e+06   2.2000000e+01
   6.1057420e+06   2.7000000e+01
   6.1058960e+06   3.2000000e+01
   6.1063040e+06   2.2000000e+01
   6.1067730e+06   2.8000000e+01
   6.1068400e+06   3.3000000e+01
   6.1069480e+06   1.9000000e+01
   6.1069820e+06   1.9000000e+01
   6.1070650e+06   1.8000000e+01
   6.1073120e+06   2.3000000e+01
   6.1073390e+06   1.9000000e+01
   6.1077090e+06   2.2000000e+01
   6.1078790e+06   2.6000000e+01
   6.1086640e+06   1.9000000e+01
   6.1088000e+06   2.4000000e+01
   6.1094140e+06   1.8000000e+01
   6.1094750e+06   3.2000000e+01
   6.1095000e+06   2.7000000e+01
   6.1101360e+06   2.5000000e+01
   6.1101760e+06   2.1000000e+01
   6.1106850e+06   2.6000000e+01
   6.1107870e+06   3.7000000e+01
   6.1108120e+06   2.4000000e+01
   6.1114100e+06   2.3000000e+01
   6.1117020e+06   3.0000000e+01
   6.1131630e+06   1.8000000e+01
   6.1132940e+06   3.3000000e+01
   6.1133450e+06   1.9000000e+01
   6.1133790e+06   2.1000000e+01
   6.1149180e+06   2.9000000e+01
   6.1162460e+06   1.8000000e+01
   6.1162710e+06   2.4000000e+01
   6.1164330e+06   1.9000000e+01
   6.1167150e+06   1.8000000e+01
   6.1167470e+06   1.8000000e+01
   6.1696650e+06   1.8000000e+01
   6.1717260e+06   1.9000000e+01
   6.2065330e+06   6.2000000e+01
   6.2087390e+06   1.8000000e+01
   6.2088120e+06   1.8000000e+01
   6.2290750e+06   1.8000000e+01
   6.2307580e+06   1.8000000e+01
   6.2322580e+06   1.8000000e+01
   6.2327420e+06   1.9000000e+01
   6.2328080e+06   2.9000000e+01
   6.2792840e+06   2.1000000e+01
   6.2998150e+06   1.9000000e+01
   6.3353120e+06   3.7000000e+01
   6.3353660e+06   1.8000000e+01
   6.3361870e+06   4.0000000e+01
   6.3612290e+06   2.0000000e+01
   6.3626720e+06   3.2000000e+01
   6.3636300e+06   3.2000000e+01
   6.3637040e+06   3.2000000e+01
   6.3644300e+06   2.9000000e+01
   6.3645370e+06   1.8000000e+01
   6.3648220e+06   1.8000000e+01
   6.3981350e+06   2.0000000e+01
   6.3999970e+06   1.8000000e+01
   6.4005480e+06   1.8000000e+01
   6.4011960e+06   1.9000000e+01
   6.4014230e+06   3.6000000e+01
   6.4014890e+06   3.9000000e+01
   6.4015150e+06   2.4000000e+01
   6.4021160e+06   2.7000000e+01
   6.4027210e+06   1.8000000e+01
   6.4028760e+06   2.4000000e+01
   6.4030100e+06   1.8000000e+01
   6.4037120e+06   1.9000000e+01
   6.4037770e+06   1.9000000e+01
   6.4038690e+06   1.8000000e+01
   6.4039860e+06   2.3000000e+01
   6.4042390e+06   2.2000000e+01
   6.4051990e+06   2.2000000e+01
   6.4053050e+06   1.9000000e+01
   6.4053390e+06   2.0000000e+01
   6.4055300e+06   2.0000000e+01
   6.4061240e+06   3.0000000e+01
   6.4062740e+06   3.6000000e+01
   6.4066710e+06   1.8000000e+01
   6.4073510e+06   2.4000000e+01
   6.4074710e+06   2.7000000e+01
   6.4079240e+06   3.7000000e+01
   6.4079930e+06   2.0000000e+01
   6.4080360e+06   1.8000000e+01
   6.4084430e+06   2.1000000e+01
   6.4086070e+06   1.8000000e+01
   6.4097830e+06   2.1000000e+01
   6.4099080e+06   4.9000000e+01
   6.4099380e+06   2.2000000e+01
   6.4119660e+06   1.8000000e+01
   6.4134930e+06   3.3000000e+01
   6.4135860e+06   2.7000000e+01
   6.4142750e+06   1.8000000e+01
   6.4144580e+06   1.8000000e+01
   6.4151550e+06   3.9000000e+01
   6.4151800e+06   2.1000000e+01
   6.4164010e+06   1.9000000e+01
   6.4166250e+06   3.1000000e+01
   6.4180330e+06   2.0000000e+01
   6.4185580e+06   1.9000000e+01
   6.4188150e+06   2.5000000e+01
   6.4190520e+06   2.0000000e+01
   6.4918030e+06   4.3000000e+01
   6.4918460e+06   1.8000000e+01
   6.5339060e+06   4.5000000e+01
   6.5341000e+06   1.8000000e+01
   6.5343760e+06   1.9000000e+01
   6.5350650e+06   2.0000000e+01
   6.5351040e+06   1.8000000e+01
   6.5354710e+06   2.3000000e+01
   6.5354970e+06   2.2000000e+01
   6.5363590e+06   2.0000000e+01
   6.5363950e+06   3.7000000e+01
   6.5364230e+06   2.9000000e+01
   6.5371480e+06   3.3000000e+01
   6.5381620e+06   2.2000000e+01
   6.5387230e+06   2.0000000e+01
   6.5391430e+06   1.9000000e+01
   6.6019120e+06   1.9000000e+01
   6.6025120e+06   1.8000000e+01
   6.6026730e+06   5.8000000e+01
   6.6027090e+06   1.8000000e+01
   6.6027650e+06   1.9000000e+01
   6.6030640e+06   1.9000000e+01
   6.6045220e+06   2.4000000e+01
   6.6053080e+06   3.7000000e+01
   6.6058730e+06   2.0000000e+01
   6.6069270e+06   2.1000000e+01
   6.6076820e+06   2.1000000e+01
   6.6078720e+06   2.5000000e+01
   6.6082210e+06   1.9000000e+01
   6.6083080e+06   1.9000000e+01
   6.6084740e+06   1.8000000e+01
   6.6109200e+06   1.8000000e+01
   6.6552180e+06   4.0000000e+01
   6.6552460e+06   2.1000000e+01
   6.6553760e+06   1.8000000e+01
   6.6581390e+06   1.9000000e+01
   6.6916180e+06   2.8000000e+01
   6.6923410e+06   1.8000000e+01
   6.6947100e+06   2.8000000e+01
   6.7272990e+06   1.9000000e+01
   6.7276220e+06   1.8000000e+01
   6.7278530e+06   4.3000000e+01
   6.7284690e+06   1.9000000e+01
   6.7290080e+06   4.5000000e+01
   6.7290340e+06   2.1000000e+01
   6.7290840e+06   3.2000000e+01
   6.7294180e+06   2.1000000e+01
   6.7295690e+06   6.6000000e+01
   6.7350080e+06   2.0000000e+01
   6.7358760e+06   2.1000000e+01
   6.7359010e+06   6.1000000e+01
   6.7359310e+06   2.6000000e+01
   6.7362280e+06   3.0000000e+01
   6.7366710e+06   2.0000000e+01
   6.7367180e+06   2.7000000e+01
   6.7387030e+06   1.9000000e+01
   6.7389930e+06   5.5000000e+01
   6.7406420e+06   5.0000000e+01
   6.7414830e+06   3.4000000e+01
   6.7427710e+06   1.8000000e+01
   6.7448780e+06   4.9000000e+01
   6.7449100e+06   2.0000000e+01
   6.8055320e+06   1.8000000e+01
   6.8060240e+06   4.8000000e+01
   6.8064450e+06   2.0000000e+01
   6.8064900e+06   4.6000000e+01
   6.8082590e+06   2.4000000e+01
   6.8102380e+06   3.1000000e+01
   6.8107810e+06   4.1000000e+01
   6.8108080e+06   1.8000000e+01
   6.8130040e+06   2.1000000e+01
   6.8133240e+06   1.8000000e+01
   6.8137150e+06   2.0000000e+01
   6.8138760e+06   1.9000000e+01
   6.8145010e+06   4.3000000e+01
   6.8145270e+06   1.9000000e+01
   6.8147120e+06   2.1000000e+01
   6.8153920e+06   1.8000000e+01
   6.8158990e+06   1.8000000e+01
   6.8165370e+06   1.9000000e+01
   6.8201870e+06   1.8000000e+01
   6.8634880e+06   5.0000000e+01
   6.8635180e+06   1.9000000e+01
   6.8671660e+06   2.4000000e+01
   6.8673510e+06   3.6000000e+01
   6.8676470e+06   2.0000000e+01
   6.8687400e+06   1.8000000e+01
   6.8689530e+06   1.8000000e+01
   6.8693170e+06   2.0000000e+01
   6.8698280e+06   4.9000000e+01
   6.8702910e+06   1.9000000e+01
   6.8705600e+06   1.8000000e+01
   6.8716550e+06   1.9000000e+01
   6.8719100e+06   6.2000000e+01
   6.8719360e+06   2.3000000e+01
   6.8723310e+06   1.9000000e+01
   6.8731250e+06   2.9000000e+01
   6.8732430e+06   2.0000000e+01
   6.8732700e+06   1.8000000e+01
   6.8738540e+06   4.6000000e+01
   6.8745040e+06   2.6000000e+01
   6.8762380e+06   2.1000000e+01
   6.8780330e+06   1.9000000e+01
   6.8798330e+06   1.9000000e+01
   6.8801040e+06   3.5000000e+01
   6.8801310e+06   1.8000000e+01
   6.8835130e+06   1.9000000e+01
   6.8846000e+06   1.8000000e+01
   6.8865470e+06   3.6000000e+01
   6.9371650e+06   5.0000000e+01
   6.9923960e+06   1.8000000e+01
   6.9933430e+06   4.0000000e+01
   6.9934130e+06   2.4000000e+01
   6.9937850e+06   1.8000000e+01
   6.9941130e+06   2.4000000e+01
   6.9945180e+06   1.8000000e+01
   6.9948830e+06   1.9000000e+01
   6.9952520e+06   1.8000000e+01
   6.9957330e+06   1.8000000e+01
   6.9958380e+06   1.8000000e+01
   6.9964820e+06   1.8000000e+01
   7.0606690e+06   4.3000000e+01
   7.0607030e+06   1.9000000e+01
   7.0870290e+06   3.8000000e+01
   7.0873860e+06   5.9000000e+01
   7.0874140e+06   1.8000000e+01
   7.0878590e+06   2.9000000e+01
   7.1207620e+06   4.6000000e+01
   7.1212690e+06   2.1000000e+01
   7.1214100e+06   4.1000000e+01
   7.1214430e+06   1.9000000e+01
   7.1217770e+06   2.3000000e+01
   7.1222230e+06   2.0000000e+01
   7.1227270e+06   2.0000000e+01
   7.1235460e+06   1.8000000e+01
   7.1236330e+06   1.8000000e+01
   7.1242180e+06   2.0000000e+01
   7.1244300e+06   2.3000000e+01
   7.1248080e+06   1.8000000e+01
   7.1262850e+06   2.0000000e+01
   7.1266090e+06   2.0000000e+01
   7.1282100e+06   3.2000000e+01
   7.1901170e+06   4.9000000e+01
   7.1901440e+06   2.0000000e+01
   7.1908540e+06   2.3000000e+01
   7.1933760e+06   3.4000000e+01
   7.1941410e+06   4.3000000e+01
   7.2419070e+06   3.2000000e+01
   7.2428000e+06   2.0000000e+01
   7.2459510e+06   2.7000000e+01
   7.2468020e+06   3.3000000e+01
   7.2667550e+06   5.8000000e+01
   7.2673630e+06   1.9000000e+01
   7.2679620e+06   2.8000000e+01
   7.2681570e+06   2.0000000e+01
   7.2682210e+06   1.8000000e+01
   7.2682740e+06   4.8000000e+01
   7.2683040e+06   1.9000000e+01
   7.2685080e+06   1.8000000e+01
   7.2729310e+06   1.9000000e+01
   7.2729760e+06   5.3000000e+01
   7.2730060e+06   2.0000000e+01
   7.2734150e+06   2.3000000e+01
   7.2737910e+06   1.9000000e+01
   7.2738980e+06   2.1000000e+01
   7.2746450e+06   2.0000000e+01
   7.2750830e+06   1.8000000e+01
   7.2752500e+06   2.0000000e+01
   7.2756520e+06   2.0000000e+01
   7.2756870e+06   2.1000000e+01
   7.2758620e+06   1.9000000e+01
   7.2762640e+06   2.6000000e+01
   7.2769510e+06   2.1000000e+01
   7.2779420e+06   2.3000000e+01
   7.2793330e+06   2.0000000e+01
   7.2793850e+06   3.3000000e+01
   7.2810300e+06   1.9000000e+01
   7.2816580e+06   1.8000000e+01
   7.2828350e+06   1.9000000e+01
   7.3343600e+06   1.8000000e+01
   7.3345770e+06   4.6000000e+01
   7.3346050e+06   3.4000000e+01
   7.3385080e+06   4.1000000e+01
   7.3385380e+06   1.9000000e+01
   7.3403150e+06   1.8000000e+01
   7.3845360e+06   2.2000000e+01
   7.3848400e+06   1.8000000e+01
   7.3852010e+06   2.0000000e+01
   7.3859600e+06   4.0000000e+01
   7.3865070e+06   1.9000000e+01
   7.3881750e+06   4.1000000e+01
   7.3887410e+06   1.8000000e+01
   7.3891230e+06   2.3000000e+01
   7.3892650e+06   1.8000000e+01
   7.3893620e+06   3.9000000e+01
   7.3893880e+06   1.9000000e+01
   7.3895450e+06   2.2000000e+01
   7.3896100e+06   2.5000000e+01
   7.3902490e+06   2.0000000e+01
   7.3906280e+06   3.1000000e+01
   7.3910670e+06   2.9000000e+01
   7.3912100e+06   1.9000000e+01
   7.3914610e+06   1.8000000e+01
   7.3915140e+06   2.4000000e+01
   7.3921480e+06   1.9000000e+01
   7.3925120e+06   2.1000000e+01
   7.3928040e+06   3.7000000e+01
   7.3937270e+06   2.2000000e+01
   7.3937530e+06   1.8000000e+01
   7.3938900e+06   1.9000000e+01
   7.3985460e+06   5.3000000e+01
   7.4666050e+06   1.8000000e+01
   7.4713620e+06   4.4000000e+01
   7.4719450e+06   2.1000000e+01
   7.4723400e+06   2.3000000e+01
   7.4744870e+06   1.8000000e+01
   7.4769010e+06   1.8000000e+01
   7.4780360e+06   4.4000000e+01
   7.4780630e+06   1.8000000e+01
   7.4835190e+06   2.6000000e+01
   7.4865180e+06   1.8000000e+01
