   7.5000000e+06   0.0000000e+00
   5.0000000e+00   4.0000000e+01
   2.6720000e+03   1.9000000e+01
   2.8220000e+03   2.6000000e+01
   2.9230000e+03   1.9000000e+01
   3.5590000e+03   3.2000000e+01
   4.8280000e+03   3.0000000e+01
   6.1080000e+03   2.3000000e+01
   6.1550000e+03   1.9000000e+01
   6.9830000e+03   1.9000000e+01
   7.0080000e+03   3.3000000e+01
   8.1520000e+03   3.0000000e+01
   1.0041000e+04   2.9000000e+01
   1.4026000e+04   1.9000000e+01
   1.6929000e+04   3.1000000e+01
   2.1756600e+05   2.6000000e+01
   2.1804200e+05   1.9000000e+01
   2.1823100e+05   2.0000000e+01
   2.1886900e+05   1.9000000e+01
   2.2131000e+05   3.4000000e+01
   2.2385300e+05   3.0000000e+01
   2.2531900e+05   2.6000000e+01
   2.2537000e+05   2.0000000e+01
   2.2550700e+05   1.9000000e+01
   2.2755300e+05   1.9000000e+01
   2.2766800e+05   1.9000000e+01
   2.2802200e+05   2.2000000e+01
   2.2870000e+05   2.6000000e+01
   2.2873900e+05   2.4000000e+01
   2.2976500e+05   1.9000000e+01
   2.3080200e+05   2.6000000e+01
   2.3113900e+05   2.0000000e+01
   2.3230800e+05   1.9000000e+01
   2.3522500e+05   1.9000000e+01
   2.3840000e+05   3.2000000e+01
   3.3208500e+05   2.7000000e+01
   3.3803200e+05   3.1000000e+01
   3.3891400e+05   2.1000000e+01
   3.3909100e+05   1.9000000e+01
   3.3990100e+05   2.7000000e+01
   3.4129500e+05   1.9000000e+01
   3.4317300e+05   3.3000000e+01
   3.5122400e+05   1.9000000e+01
   4.7259500e+05   2.5000000e+01
   4.7373100e+05   2.1000000e+01
   5.3815400e+05   3.1000000e+01
   6.3228200e+05   2.9000000e+01
   6.3625000e+05   2.0000000e+01
   6.3755600e+05   4.1000000e+01
   6.3986800e+05   3.3000000e+01
   6.3995700e+05   2.2000000e+01
   6.4005200e+05   1.9000000e+01
   6.4075600e+05   3.4000000e+01
   6.4085800e+05   2.2000000e+01
   6.4088600e+05   2.2000000e+01
   6.4108900e+05   2.2000000e+01
   6.4130300e+05   1.9000000e+01
   6.4135100e+05   3.0000000e+01
   6.4166000e+05   2.6000000e+01
   6.4177400e+05   2.9000000e+01
   6.4213000e+05   2.6000000e+01
   6.4215700e+05   2.1000000e+01
   6.4260100e+05   2.0000000e+01
   6.4263800e+05   2.1000000e+01
   6.4284100e+05   1.9000000e+01
   6.4287100e+05   2.1000000e+01
   6.4300500e+05   2.6000000e+01
   6.4318000e+05   1.9000000e+01
   6.4329600e+05   2.0000000e+01
   6.4343100e+05   2.1000000e+01
   6.4385400e+05   3.8000000e+01
   6.4420700e+05   1.9000000e+01
   6.4451200e+05   2.1000000e+01
   6.4458500e+05   2.2000000e+01
   6.4533800e+05   2.6000000e+01
   6.4538200e+05   2.1000000e+01
   6.4586200e+05   1.9000000e+01
   6.4672900e+05   1.9000000e+01
   6.4803700e+05   2.0000000e+01
   6.4871800e+05   2.4000000e+01
   6.8824800e+05   2.0000000e+01
   7.0471100e+05   1.9000000e+01
   7.0594200e+05   3.2000000e+01
   7.0781300e+05   3.2000000e+01
   7.1312700e+05   2.9000000e+01
   7.2128600e+05   3.4000000e+01
   7.2131100e+05   2.5000000e+01
   7.2218800e+05   4.0000000e+01
   7.2284400e+05   3.2000000e+01
   7.2567200e+05   3.4000000e+01
   7.4420600e+05   1.9000000e+01
   7.4447500e+05   2.5000000e+01
   7.4562100e+05   2.0000000e+01
   7.5258400e+05   2.1000000e+01
   7.7773600e+05   3.1000000e+01
   9.9010800e+05   2.0000000e+01
   9.9334600e+05   2.2000000e+01
   1.0060810e+06   3.5000000e+01
   1.0061690e+06   1.9000000e+01
   1.0069680e+06   2.3000000e+01
   1.0072520e+06   2.0000000e+01
   1.0074540e+06   2.4000000e+01
   1.0076580e+06   2.7000000e+01
   1.0081290e+06   3.1000000e+01
   1.0081970e+06   2.2000000e+01
   1.0083260e+06   1.9000000e+01
   1.0083850e+06   1.9000000e+01
   1.0084410e+06   2.0000000e+01
   1.0085530e+06   2.1000000e+01
   1.0085780e+06   2.8000000e+01
   1.0087660e+06   1.9000000e+01
   1.0088300e+06   1.9000000e+01
   1.0088650e+06   1.9000000e+01
   1.0089070e+06   1.9000000e+01
   1.0091240e+06   1.9000000e+01
   1.0091800e+06   2.1000000e+01
   1.0092590e+06   2.2000000e+01
   1.0094090e+06   1.9000000e+01
   1.0096050e+06   2.0000000e+01
   1.0096630e+06   2.0000000e+01
   1.0097550e+06   2.9000000e+01
   1.0098070e+06   2.4000000e+01
   1.0099910e+06   2.4000000e+01
   1.0100780e+06   3.1000000e+01
   1.0106270e+06   2.9000000e+01
   1.0109120e+06   2.8000000e+01
   1.0111680e+06   2.6000000e+01
   1.0112120e+06   2.0000000e+01
   1.0112590e+06   2.4000000e+01
   1.0122150e+06   2.0000000e+01
   1.0125730e+06   1.9000000e+01
   1.0127960e+06   3.0000000e+01
   1.0141780e+06   3.5000000e+01
   1.0142560e+06   2.0000000e+01
   1.0443290e+06   2.3000000e+01
   1.0454990e+06   1.9000000e+01
   1.0455820e+06   2.8000000e+01
   1.0466520e+06   2.9000000e+01
   1.0482260e+06   1.9000000e+01
   1.0484090e+06   3.7000000e+01
   1.0497090e+06   2.6000000e+01
   1.0509500e+06   3.0000000e+01
   1.2786550e+06   2.3000000e+01
   1.2788140e+06   1.9000000e+01
   1.2797900e+06   2.2000000e+01
   1.2801560e+06   2.0000000e+01
   1.2888590e+06   2.3000000e+01
   1.2893680e+06   1.9000000e+01
   1.2906160e+06   2.0000000e+01
   1.2925830e+06   2.7000000e+01
   1.2930600e+06   1.9000000e+01
   1.2947670e+06   3.1000000e+01
   1.2958450e+06   3.6000000e+01
   1.2987040e+06   2.8000000e+01
   1.2991490e+06   1.9000000e+01
   1.2995060e+06   1.9000000e+01
   1.3006630e+06   3.4000000e+01
   1.3034080e+06   2.4000000e+01
   1.3163520e+06   3.0000000e+01
   1.3443890e+06   3.0000000e+01
   1.3457600e+06   2.0000000e+01
   1.3457880e+06   2.3000000e+01
   1.3464330e+06   3.1000000e+01
   1.3474840e+06   2.8000000e+01
   1.3482680e+06   2.5000000e+01
   1.4219470e+06   2.7000000e+01
   1.4237190e+06   2.0000000e+01
   1.4243930e+06   2.0000000e+01
   1.4246720e+06   3.9000000e+01
   1.4266030e+06   2.3000000e+01
   1.5598140e+06   2.2000000e+01
   1.5598700e+06   2.9000000e+01
   1.5611390e+06   2.5000000e+01
   1.5698550e+06   3.4000000e+01
   1.5709340e+06   2.7000000e+01
   1.5730550e+06   3.7000000e+01
   1.5748460e+06   3.4000000e+01
   1.5760830e+06   2.9000000e+01
   1.5761870e+06   2.0000000e+01
   1.5769410e+06   1.9000000e+01
   1.5773840e+06   2.3000000e+01
   1.5774140e+06   2.2000000e+01
   1.5777890e+06   1.9000000e+01
   1.5784280e+06   2.9000000e+01
   1.7596020e+06   1.9000000e+01
   1.7628950e+06   2.7000000e+01
   1.7646870e+06   2.7000000e+01
   1.7651970e+06   1.9000000e+01
   1.7664510e+06   2.5000000e+01
   1.7997090e+06   2.1000000e+01
   1.8048750e+06   3.0000000e+01
   1.8070560e+06   2.9000000e+01
   1.8075210e+06   2.0000000e+01
   1.8104090e+06   3.3000000e+01
   1.8114500e+06   3.0000000e+01
   1.8128460e+06   3.2000000e+01
   1.8148630e+06   3.1000000e+01
   1.8166370e+06   2.0000000e+01
   1.8199410e+06   3.1000000e+01
   1.8499500e+06   3.2000000e+01
   1.8514080e+06   1.9000000e+01
   1.8515570e+06   3.0000000e+01
   1.8517100e+06   2.2000000e+01
   1.8521350e+06   2.0000000e+01
   1.8529870e+06   1.9000000e+01
   1.8538960e+06   2.8000000e+01
   1.9218450e+06   2.8000000e+01
   1.9223480e+06   2.0000000e+01
   1.9230240e+06   2.6000000e+01
   1.9272140e+06   2.3000000e+01
   1.9278390e+06   3.0000000e+01
   1.9285180e+06   2.1000000e+01
   1.9291620e+06   3.2000000e+01
   1.9313630e+06   2.4000000e+01
   1.9440510e+06   3.1000000e+01
   1.9493100e+06   1.9000000e+01
   1.9518960e+06   2.1000000e+01
   1.9660000e+06   2.0000000e+01
   1.9661070e+06   3.3000000e+01
   1.9664590e+06   1.9000000e+01
   1.9727590e+06   3.1000000e+01
   1.9759200e+06   1.9000000e+01
   2.1086400e+06   4.3000000e+01
   2.1097790e+06   3.2000000e+01
   2.1128450e+06   2.9000000e+01
   2.1146800e+06   1.9000000e+01
   2.1160590e+06   2.8000000e+01
   2.1199560e+06   3.3000000e+01
   2.1208190e+06   2.0000000e+01
   2.1257400e+06   3.3000000e+01
   2.1325160e+06   1.9000000e+01
   2.1328630e+06   3.6000000e+01
   2.1373920e+06   1.9000000e+01
   2.2201110e+06   1.9000000e+01
   2.2578240e+06   2.0000000e+01
   2.2581700e+06   1.9000000e+01
   2.2593720e+06   2.8000000e+01
   2.2599190e+06   1.9000000e+01
   2.2643510e+06   3.2000000e+01
   2.2667150e+06   3.2000000e+01
   2.2708950e+06   3.2000000e+01
   2.2848580e+06   2.9000000e+01
   2.2850230e+06   1.9000000e+01
   2.2856740e+06   2.3000000e+01
   2.2861060e+06   1.9000000e+01
   2.2861320e+06   3.4000000e+01
   2.2862930e+06   1.9000000e+01
   2.2866390e+06   2.0000000e+01
   2.2872060e+06   2.5000000e+01
   2.2872540e+06   4.5000000e+01
   2.2880630e+06   1.9000000e+01
   2.2882040e+06   2.5000000e+01
   2.2987370e+06   2.9000000e+01
   2.3014750e+06   3.1000000e+01
   2.3025380e+06   1.9000000e+01
   2.3032320e+06   2.3000000e+01
   2.3049730e+06   2.8000000e+01
   2.3093770e+06   2.5000000e+01
   2.4008990e+06   1.9000000e+01
   2.4017860e+06   2.2000000e+01
   2.4018130e+06   2.0000000e+01
   2.5922500e+06   1.9000000e+01
   2.5946080e+06   2.2000000e+01
   2.6136040e+06   2.0000000e+01
   2.6136780e+06   1.9000000e+01
   2.6167710e+06   2.0000000e+01
   2.6172110e+06   1.9000000e+01
   2.6173040e+06   1.9000000e+01
   2.6239870e+06   3.2000000e+01
   2.6255610e+06   2.6000000e+01
   2.6259250e+06   1.9000000e+01
   2.6278440e+06   3.1000000e+01
   2.6286630e+06   1.9000000e+01
   2.6296370e+06   2.6000000e+01
   2.6308770e+06   1.9000000e+01
   2.7744400e+06   1.9000000e+01
   2.7751370e+06   3.2000000e+01
   2.7769450e+06   3.9000000e+01
   2.7769850e+06   1.9000000e+01
   2.7779110e+06   2.9000000e+01
   2.7857230e+06   3.5000000e+01
   2.7902540e+06   2.5000000e+01
   2.7936400e+06   3.1000000e+01
   3.0129600e+06   3.3000000e+01
   3.0130490e+06   2.0000000e+01
   3.0143890e+06   3.1000000e+01
   3.0150650e+06   2.2000000e+01
   3.0154140e+06   2.0000000e+01
   3.0161960e+06   3.2000000e+01
   3.0162380e+06   2.0000000e+01
   3.0251660e+06   3.2000000e+01
   3.0340130e+06   2.2000000e+01
   3.0367420e+06   2.0000000e+01
   3.1394970e+06   2.0000000e+01
   3.1439880e+06   2.8000000e+01
   3.1466450e+06   2.6000000e+01
   3.1468970e+06   1.9000000e+01
   3.1474710e+06   3.0000000e+01
   3.1478390e+06   3.5000000e+01
   3.1481820e+06   2.2000000e+01
   3.1482080e+06   1.9000000e+01
   3.1482620e+06   1.9000000e+01
   3.1484170e+06   3.0000000e+01
   3.1486040e+06   2.3000000e+01
   3.1486320e+06   2.2000000e+01
   3.1489980e+06   1.9000000e+01
   3.1490970e+06   1.9000000e+01
   3.1491740e+06   2.2000000e+01
   3.1493200e+06   2.4000000e+01
   3.1495780e+06   2.2000000e+01
   3.1496250e+06   1.9000000e+01
   3.1497340e+06   1.9000000e+01
   3.1501890e+06   1.9000000e+01
   3.1505190e+06   1.9000000e+01
   3.1506850e+06   2.0000000e+01
   3.1507110e+06   1.9000000e+01
   3.1510670e+06   2.2000000e+01
   3.1511190e+06   2.0000000e+01
   3.1515390e+06   1.9000000e+01
   3.1520670e+06   2.0000000e+01
   3.1524090e+06   1.9000000e+01
   3.1532020e+06   1.9000000e+01
   3.1537010e+06   2.0000000e+01
   3.1544290e+06   2.0000000e+01
   3.1569630e+06   1.9000000e+01
   3.2523980e+06   2.8000000e+01
   3.3759380e+06   2.0000000e+01
   3.3772230e+06   2.2000000e+01
   3.3786530e+06   1.9000000e+01
   3.3821270e+06   2.0000000e+01
   3.3836550e+06   1.9000000e+01
   3.3851130e+06   4.0000000e+01
   3.3881520e+06   2.6000000e+01
   3.3889910e+06   2.0000000e+01
   3.3902120e+06   3.1000000e+01
   3.3942760e+06   2.7000000e+01
   3.3957050e+06   1.9000000e+01
   3.3983330e+06   1.9000000e+01
   3.4038830e+06   2.9000000e+01
   3.4065960e+06   3.0000000e+01
   3.4146570e+06   3.1000000e+01
   3.4190540e+06   2.6000000e+01
   3.4252670e+06   2.0000000e+01
   3.4264480e+06   2.9000000e+01
   3.4272980e+06   2.8000000e+01
   3.4274140e+06   1.9000000e+01
   3.4277220e+06   2.1000000e+01
   3.4278630e+06   1.9000000e+01
   3.4280660e+06   2.2000000e+01
   3.4281020e+06   2.9000000e+01
   3.4281330e+06   2.2000000e+01
   3.4283690e+06   1.9000000e+01
   3.4285420e+06   2.5000000e+01
   3.4286480e+06   2.1000000e+01
   3.4287450e+06   2.1000000e+01
   3.4289920e+06   3.2000000e+01
   3.4290180e+06   1.9000000e+01
   3.4291010e+06   2.3000000e+01
   3.4291300e+06   2.1000000e+01
   3.4294110e+06   1.9000000e+01
   3.4296020e+06   2.3000000e+01
   3.4296760e+06   1.9000000e+01
   3.4304190e+06   3.8000000e+01
   3.4306750e+06   1.9000000e+01
   3.4315520e+06   1.9000000e+01
   3.4319030e+06   2.2000000e+01
   3.4321720e+06   2.2000000e+01
   3.4331120e+06   2.0000000e+01
   3.4340400e+06   2.4000000e+01
   3.4343950e+06   3.2000000e+01
   3.4370730e+06   1.9000000e+01
   3.6753190e+06   2.0000000e+01
   3.6768920e+06   2.0000000e+01
   3.6773330e+06   1.9000000e+01
   3.6889870e+06   2.8000000e+01
   3.6895630e+06   1.9000000e+01
   3.6899490e+06   2.5000000e+01
   3.6919800e+06   2.7000000e+01
   3.6927270e+06   2.8000000e+01
   3.7007860e+06   2.9000000e+01
   3.7031550e+06   2.8000000e+01
   3.7072220e+06   1.9000000e+01
   3.7434420e+06   1.9000000e+01
   3.7451410e+06   1.9000000e+01
   3.8907090e+06   1.9000000e+01
   3.9386690e+06   1.9000000e+01
   3.9442300e+06   1.9000000e+01
   3.9448330e+06   2.8000000e+01
   3.9491780e+06   4.5000000e+01
   3.9504510e+06   2.7000000e+01
   3.9538280e+06   3.1000000e+01
   3.9538720e+06   2.0000000e+01
   3.9549450e+06   1.9000000e+01
   3.9567660e+06   2.6000000e+01
   3.9568040e+06   1.9000000e+01
   3.9569420e+06   2.0000000e+01
   3.9571180e+06   1.9000000e+01
   3.9576220e+06   2.0000000e+01
   3.9623760e+06   3.0000000e+01
   3.9653850e+06   3.1000000e+01
   3.9756400e+06   2.7000000e+01
   3.9885180e+06   3.2000000e+01
   4.0030790e+06   2.6000000e+01
   4.0058140e+06   1.9000000e+01
   4.0060240e+06   3.3000000e+01
   4.0066120e+06   2.2000000e+01
   4.0067040e+06   2.2000000e+01
   4.0067510e+06   2.1000000e+01
   4.0071110e+06   2.5000000e+01
   4.0071570e+06   4.3000000e+01
   4.0073470e+06   1.9000000e+01
   4.0074440e+06   1.9000000e+01
   4.0075030e+06   3.5000000e+01
   4.0075460e+06   2.3000000e+01
   4.0075830e+06   2.1000000e+01
   4.0076890e+06   2.2000000e+01
   4.0078290e+06   2.0000000e+01
   4.0078760e+06   2.1000000e+01
   4.0079570e+06   2.3000000e+01
   4.0080240e+06   3.6000000e+01
   4.0080780e+06   2.2000000e+01
   4.0081270e+06   2.4000000e+01
   4.0083140e+06   2.1000000e+01
   4.0083670e+06   2.1000000e+01
   4.0083920e+06   2.1000000e+01
   4.0084190e+06   3.4000000e+01
   4.0084920e+06   2.0000000e+01
   4.0085840e+06   2.1000000e+01
   4.0086620e+06   1.9000000e+01
   4.0087320e+06   1.9000000e+01
   4.0087670e+06   4.5000000e+01
   4.0088130e+06   2.3000000e+01
   4.0088730e+06   1.9000000e+01
   4.0089920e+06   2.0000000e+01
   4.0090390e+06   2.0000000e+01
   4.0091200e+06   2.3000000e+01
   4.0092700e+06   3.1000000e+01
   4.0093240e+06   2.2000000e+01
   4.0098680e+06   3.1000000e+01
   4.0099030e+06   1.9000000e+01
   4.0100650e+06   2.2000000e+01
   4.0101070e+06   2.0000000e+01
   4.0102770e+06   2.8000000e+01
   4.0103830e+06   1.9000000e+01
   4.0105930e+06   2.1000000e+01
   4.0106350e+06   2.0000000e+01
   4.0106950e+06   2.7000000e+01
   4.0107440e+06   2.2000000e+01
   4.0110930e+06   2.0000000e+01
   4.0111670e+06   2.0000000e+01
   4.0112780e+06   1.9000000e+01
   4.0113320e+06   2.2000000e+01
   4.0113850e+06   2.0000000e+01
   4.0116080e+06   2.0000000e+01
   4.0117560e+06   2.3000000e+01
   4.0122230e+06   3.1000000e+01
   4.0127200e+06   2.4000000e+01
   4.0130270e+06   1.9000000e+01
   4.0133170e+06   2.5000000e+01
   4.0140310e+06   2.0000000e+01
   4.0141720e+06   2.6000000e+01
   4.0142170e+06   2.1000000e+01
   4.0145620e+06   1.9000000e+01
   4.0150980e+06   1.9000000e+01
   4.0155720e+06   2.0000000e+01
   4.0168120e+06   1.9000000e+01
   4.0177830e+06   2.5000000e+01
   4.0978680e+06   3.2000000e+01
   4.0993150e+06   3.0000000e+01
   4.1011550e+06   2.7000000e+01
   4.1064880e+06   1.9000000e+01
   4.1138920e+06   1.9000000e+01
   4.1703640e+06   2.0000000e+01
   4.2675900e+06   2.1000000e+01
   4.3039270e+06   2.9000000e+01
   4.3046770e+06   3.0000000e+01
   4.3053710e+06   2.2000000e+01
   4.3053960e+06   1.9000000e+01
   4.3055320e+06   2.6000000e+01
   4.3057170e+06   2.4000000e+01
   4.3064070e+06   1.9000000e+01
   4.3064540e+06   2.4000000e+01
   4.3069700e+06   1.9000000e+01
   4.3071630e+06   2.3000000e+01
   4.3072150e+06   1.9000000e+01
   4.3080000e+06   2.0000000e+01
   4.3083280e+06   1.9000000e+01
   4.3085480e+06   1.9000000e+01
   4.3094100e+06   3.2000000e+01
   4.3103040e+06   1.9000000e+01
   4.3117340e+06   2.8000000e+01
   4.3117850e+06   1.9000000e+01
   4.3121800e+06   1.9000000e+01
   4.3125830e+06   2.1000000e+01
   4.3168210e+06   2.5000000e+01
   4.3232160e+06   2.6000000e+01
   4.3274840e+06   1.9000000e+01
   4.3365530e+06   2.5000000e+01
   4.3464550e+06   2.0000000e+01
   4.3482160e+06   2.0000000e+01
   4.4037860e+06   2.7000000e+01
   4.4059770e+06   2.8000000e+01
   4.4060940e+06   2.1000000e+01
   4.5174850e+06   1.9000000e+01
   4.5316560e+06   1.9000000e+01
   4.5664410e+06   2.1000000e+01
   4.5666130e+06   1.9000000e+01
   4.5674510e+06   2.3000000e+01
   4.5681080e+06   2.1000000e+01
   4.5744870e+06   4.1000000e+01
   4.5789570e+06   2.8000000e+01
   4.5793190e+06   2.1000000e+01
   4.5799980e+06   2.9000000e+01
   4.5806260e+06   2.0000000e+01
   4.5835340e+06   2.7000000e+01
   4.5861000e+06   3.0000000e+01
   4.5959820e+06   2.9000000e+01
   4.6059370e+06   2.2000000e+01
   4.6059630e+06   2.5000000e+01
   4.6069370e+06   3.2000000e+01
   4.6076270e+06   2.6000000e+01
   4.7924690e+06   2.3000000e+01
   4.8240810e+06   3.1000000e+01
   4.8256620e+06   3.2000000e+01
   4.8257340e+06   2.3000000e+01
   4.8271480e+06   2.0000000e+01
   4.8327590e+06   1.9000000e+01
   4.8335420e+06   2.1000000e+01
   4.8335680e+06   2.7000000e+01
   4.8363280e+06   2.9000000e+01
   4.8364470e+06   1.9000000e+01
   4.8364920e+06   2.0000000e+01
   4.8377230e+06   2.7000000e+01
   4.8384930e+06   2.7000000e+01
   4.8394000e+06   2.8000000e+01
   4.8408430e+06   1.9000000e+01
   4.8410720e+06   2.2000000e+01
   5.0386130e+06   2.1000000e+01
   5.0389180e+06   2.4000000e+01
   5.0397260e+06   3.0000000e+01
   5.0407150e+06   1.9000000e+01
   5.0415500e+06   2.2000000e+01
   5.0416160e+06   4.3000000e+01
   5.1037320e+06   1.9000000e+01
   5.1066560e+06   3.0000000e+01
   5.1074540e+06   1.9000000e+01
   5.1084660e+06   2.9000000e+01
   5.1100790e+06   2.6000000e+01
   5.1139630e+06   2.9000000e+01
   5.1163230e+06   3.2000000e+01
   5.1197870e+06   2.8000000e+01
   5.2073080e+06   1.9000000e+01
   5.2308290e+06   1.9000000e+01
   5.2326340e+06   3.1000000e+01
   5.2333550e+06   2.9000000e+01
   5.2338440e+06   2.2000000e+01
   5.2338720e+06   1.9000000e+01
   5.2339510e+06   2.8000000e+01
   5.2342470e+06   2.1000000e+01
   5.2344560e+06   2.0000000e+01
   5.2344970e+06   2.0000000e+01
   5.2345440e+06   3.0000000e+01
   5.2347910e+06   2.0000000e+01
   5.2348730e+06   2.1000000e+01
   5.2349060e+06   2.0000000e+01
   5.2350500e+06   2.1000000e+01
   5.2351780e+06   2.5000000e+01
   5.2352350e+06   2.2000000e+01
   5.2355930e+06   2.8000000e+01
   5.2357080e+06   3.5000000e+01
   5.2360880e+06   2.0000000e+01
   5.2367390e+06   2.0000000e+01
   5.2373270e+06   2.2000000e+01
   5.2376520e+06   2.0000000e+01
   5.2376810e+06   4.6000000e+01
   5.2381690e+06   2.3000000e+01
   5.2386210e+06   1.9000000e+01
   5.2959500e+06   1.9000000e+01
   5.2960780e+06   1.9000000e+01
   5.2965910e+06   3.2000000e+01
   5.2984110e+06   2.7000000e+01
   5.3004410e+06   2.9000000e+01
   5.3027450e+06   2.4000000e+01
   5.4482080e+06   1.9000000e+01
   5.4490560e+06   2.0000000e+01
   5.4547970e+06   1.9000000e+01
   5.4576030e+06   2.8000000e+01
   5.4577400e+06   1.9000000e+01
   5.4621100e+06   2.0000000e+01
   5.4625610e+06   3.0000000e+01
   5.4626000e+06   1.9000000e+01
   5.4647560e+06   4.3000000e+01
   5.5676060e+06   2.0000000e+01
   5.5678750e+06   1.9000000e+01
   5.5684170e+06   2.4000000e+01
   5.5694240e+06   3.5000000e+01
   5.5705260e+06   3.8000000e+01
   5.5705720e+06   2.2000000e+01
   5.5709990e+06   1.9000000e+01
   5.5710990e+06   2.0000000e+01
   5.5711740e+06   3.6000000e+01
   5.5714770e+06   2.5000000e+01
   5.5720190e+06   1.9000000e+01
   5.5723210e+06   2.3000000e+01
   5.5726300e+06   2.0000000e+01
   5.5971480e+06   1.9000000e+01
   5.5994280e+06   3.1000000e+01
   5.6041940e+06   1.9000000e+01
   5.6042900e+06   2.3000000e+01
   5.6088710e+06   2.5000000e+01
   5.6139210e+06   1.9000000e+01
   5.6150140e+06   4.2000000e+01
   5.6208030e+06   3.1000000e+01
   5.6232970e+06   2.8000000e+01
   5.6262590e+06   2.7000000e+01
   5.6289130e+06   2.8000000e+01
   5.6289540e+06   1.9000000e+01
   5.6309050e+06   3.2000000e+01
   5.6313470e+06   2.2000000e+01
   5.6318680e+06   1.9000000e+01
   5.7804740e+06   2.6000000e+01
   5.7852340e+06   2.9000000e+01
   5.7858510e+06   3.1000000e+01
   5.7864590e+06   3.0000000e+01
   5.7865550e+06   1.9000000e+01
   5.7866150e+06   2.2000000e+01
   5.7869930e+06   2.1000000e+01
   5.7872000e+06   1.9000000e+01
   5.7872630e+06   1.9000000e+01
   5.7873980e+06   2.4000000e+01
   5.7877520e+06   2.8000000e+01
   5.7877880e+06   2.1000000e+01
   5.7878880e+06   2.1000000e+01
   5.7881950e+06   3.0000000e+01
   5.7892160e+06   2.1000000e+01
   5.7899840e+06   2.4000000e+01
   5.7996600e+06   2.7000000e+01
   5.8029110e+06   1.9000000e+01
   5.8038650e+06   2.5000000e+01
   5.8055550e+06   1.9000000e+01
   5.8088230e+06   2.0000000e+01
   5.8221880e+06   1.9000000e+01
   5.8580750e+06   1.9000000e+01
   5.8589530e+06   2.0000000e+01
   5.9522070e+06   1.9000000e+01
   5.9549950e+06   2.5000000e+01
   5.9696130e+06   1.9000000e+01
   6.0775420e+06   2.9000000e+01
   6.0776020e+06   1.9000000e+01
   6.0784900e+06   4.3000000e+01
   6.0796750e+06   2.9000000e+01
   6.0798610e+06   2.0000000e+01
   6.0806530e+06   2.7000000e+01
   6.0809760e+06   2.0000000e+01
   6.0813900e+06   2.1000000e+01
   6.0815070e+06   3.9000000e+01
   6.0816520e+06   1.9000000e+01
   6.0820090e+06   1.9000000e+01
   6.0820380e+06   1.9000000e+01
   6.0824780e+06   3.0000000e+01
   6.0835210e+06   2.1000000e+01
   6.0835900e+06   4.2000000e+01
   6.0874170e+06   1.9000000e+01
   6.2908140e+06   1.9000000e+01
   6.2914020e+06   2.5000000e+01
   6.2979660e+06   2.0000000e+01
   6.2984520e+06   2.1000000e+01
   6.2984780e+06   2.3000000e+01
   6.2989840e+06   2.5000000e+01
   6.2995850e+06   2.0000000e+01
   6.2996580e+06   3.5000000e+01
   6.2998750e+06   2.3000000e+01
   6.3003340e+06   2.1000000e+01
   6.3003660e+06   2.3000000e+01
   6.3005870e+06   2.0000000e+01
   6.3010830e+06   1.9000000e+01
   6.3011920e+06   2.1000000e+01
   6.3014660e+06   1.9000000e+01
   6.3018790e+06   3.4000000e+01
   6.3020620e+06   2.1000000e+01
   6.3024050e+06   1.9000000e+01
   6.3024390e+06   4.1000000e+01
   6.3028550e+06   2.1000000e+01
   6.3029650e+06   3.3000000e+01
   6.3030650e+06   2.0000000e+01
   6.3037770e+06   2.5000000e+01
   6.3038390e+06   2.0000000e+01
   6.4715090e+06   2.0000000e+01
   6.4719060e+06   2.9000000e+01
   6.4727050e+06   2.8000000e+01
   6.4728780e+06   1.9000000e+01
   6.4729280e+06   2.0000000e+01
   6.4732820e+06   3.9000000e+01
   6.4734610e+06   1.9000000e+01
   6.4735740e+06   2.0000000e+01
   6.4736000e+06   3.5000000e+01
   6.4738910e+06   1.9000000e+01
   6.4740490e+06   2.4000000e+01
   6.4743190e+06   2.0000000e+01
   6.4743800e+06   2.5000000e+01
   6.4747940e+06   2.6000000e+01
   6.4764170e+06   1.9000000e+01
   6.4764990e+06   2.5000000e+01
   6.4769360e+06   2.1000000e+01
   6.4803120e+06   2.5000000e+01
   6.4918390e+06   2.9000000e+01
   6.5088130e+06   3.2000000e+01
   6.5259200e+06   1.9000000e+01
   6.5309660e+06   2.1000000e+01
   6.5372630e+06   1.9000000e+01
   6.5376010e+06   4.8000000e+01
   6.5386560e+06   2.9000000e+01
   6.5395330e+06   3.5000000e+01
   6.5409090e+06   2.0000000e+01
   6.5590120e+06   2.9000000e+01
   6.5601150e+06   3.1000000e+01
   6.5603680e+06   1.9000000e+01
   6.5617890e+06   2.2000000e+01
   6.5627730e+06   2.9000000e+01
   6.5664870e+06   3.5000000e+01
   6.6041970e+06   3.3000000e+01
   6.6092590e+06   2.8000000e+01
   6.6129530e+06   3.7000000e+01
   6.7461540e+06   2.0000000e+01
   6.8306110e+06   1.9000000e+01
   6.8336100e+06   1.9000000e+01
   6.8338310e+06   2.0000000e+01
   6.8344940e+06   2.0000000e+01
   6.8345740e+06   1.9000000e+01
   6.8347160e+06   2.9000000e+01
   6.8349760e+06   2.0000000e+01
   6.8350110e+06   2.4000000e+01
   6.8355300e+06   3.7000000e+01
   6.8365520e+06   2.0000000e+01
   6.8434030e+06   2.9000000e+01
   6.8445390e+06   1.9000000e+01
   6.8448140e+06   4.2000000e+01
   6.8470090e+06   3.3000000e+01
   6.8513580e+06   2.5000000e+01
   6.9054210e+06   1.9000000e+01
   6.9601580e+06   3.1000000e+01
   6.9626040e+06   2.5000000e+01
   6.9645450e+06   2.4000000e+01
   6.9663410e+06   1.9000000e+01
   6.9667090e+06   1.9000000e+01
   6.9667600e+06   1.9000000e+01
   6.9668230e+06   2.1000000e+01
   6.9669470e+06   2.0000000e+01
   6.9671430e+06   4.1000000e+01
   6.9675080e+06   1.9000000e+01
   6.9677310e+06   3.5000000e+01
   6.9687830e+06   3.9000000e+01
   6.9689070e+06   2.1000000e+01
   6.9696270e+06   2.4000000e+01
   7.0451450e+06   2.0000000e+01
   7.0459300e+06   2.6000000e+01
   7.0511980e+06   2.7000000e+01
   7.0516830e+06   2.7000000e+01
   7.0525720e+06   3.0000000e+01
   7.0536380e+06   3.6000000e+01
   7.0558030e+06   2.9000000e+01
   7.0564250e+06   1.9000000e+01
   7.0580950e+06   2.8000000e+01
   7.0648390e+06   3.3000000e+01
   7.0737750e+06   2.3000000e+01
   7.0852010e+06   2.8000000e+01
   7.2001000e+06   3.5000000e+01
   7.2015630e+06   2.1000000e+01
   7.2016120e+06   2.1000000e+01
   7.2032140e+06   2.8000000e+01
   7.2039670e+06   2.6000000e+01
   7.2052850e+06   2.0000000e+01
   7.2061580e+06   3.0000000e+01
