   7.5000000e+06   0.0000000e+00
   1.7000000e+01   3.8000000e+01
   1.1080000e+03   1.8000000e+01
   1.5080000e+03   1.8000000e+01
   2.7650000e+03   1.8000000e+01
   2.8220000e+03   2.8000000e+01
   3.5590000e+03   2.9000000e+01
   4.8280000e+03   2.9000000e+01
   6.1080000e+03   2.6000000e+01
   6.9830000e+03   1.9000000e+01
   7.0080000e+03   3.7000000e+01
   8.1410000e+03   1.8000000e+01
   8.1700000e+03   2.1000000e+01
   1.0029000e+04   1.8000000e+01
   1.4026000e+04   1.9000000e+01
   1.6928000e+04   3.0000000e+01
   1.3543200e+05   1.8000000e+01
   2.1590400e+05   2.0000000e+01
   2.1754800e+05   1.8000000e+01
   2.1886800e+05   2.0000000e+01
   2.2131000e+05   3.0000000e+01
   2.2135800e+05   2.0000000e+01
   2.2225700e+05   1.8000000e+01
   2.2385300e+05   2.7000000e+01
   2.2531800e+05   2.6000000e+01
   2.2536900e+05   2.0000000e+01
   2.2756100e+05   2.7000000e+01
   2.2775000e+05   1.8000000e+01
   2.2802100e+05   1.9000000e+01
   2.2870100e+05   2.3000000e+01
   2.2888000e+05   2.1000000e+01
   2.2919100e+05   1.8000000e+01
   2.2975200e+05   1.8000000e+01
   2.3065900e+05   1.8000000e+01
   2.3079900e+05   2.3000000e+01
   2.3840000e+05   3.0000000e+01
   3.3208600e+05   2.9000000e+01
   3.3705200e+05   1.9000000e+01
   3.3716400e+05   1.8000000e+01
   3.3803200e+05   2.9000000e+01
   3.3862200e+05   1.8000000e+01
   3.3908800e+05   1.8000000e+01
   3.3990200e+05   2.3000000e+01
   3.4177400e+05   2.0000000e+01
   3.4317300e+05   2.8000000e+01
   3.4479700e+05   1.8000000e+01
   4.1727100e+05   1.8000000e+01
   4.7259500e+05   2.3000000e+01
   4.7375200e+05   2.2000000e+01
   4.7942600e+05   1.8000000e+01
   5.3815200e+05   3.0000000e+01
   6.3228200e+05   3.2000000e+01
   6.3752400e+05   1.8000000e+01
   6.3755600e+05   3.8000000e+01
   6.3948500e+05   1.8000000e+01
   6.3985500e+05   2.4000000e+01
   6.3995800e+05   1.9000000e+01
   6.4074500e+05   1.8000000e+01
   6.4077200e+05   3.1000000e+01
   6.4085900e+05   1.9000000e+01
   6.4088600e+05   1.8000000e+01
   6.4108800e+05   1.8000000e+01
   6.4132900e+05   1.9000000e+01
   6.4164200e+05   1.8000000e+01
   6.4169500e+05   1.8000000e+01
   6.4177500e+05   2.7000000e+01
   6.4201000e+05   1.8000000e+01
   6.4211600e+05   2.0000000e+01
   6.4214900e+05   1.9000000e+01
   6.4241300e+05   1.9000000e+01
   6.4250400e+05   1.8000000e+01
   6.4260100e+05   1.9000000e+01
   6.4286000e+05   1.8000000e+01
   6.4299600e+05   1.9000000e+01
   6.4302400e+05   2.3000000e+01
   6.4318000e+05   2.0000000e+01
   6.4329600e+05   2.0000000e+01
   6.4362800e+05   1.8000000e+01
   6.4380500e+05   2.0000000e+01
   6.4385400e+05   3.3000000e+01
   6.4423300e+05   1.8000000e+01
   6.4451300e+05   1.8000000e+01
   6.4459900e+05   2.3000000e+01
   6.4488600e+05   1.8000000e+01
   6.4527400e+05   1.9000000e+01
   6.4535700e+05   2.0000000e+01
   6.4587500e+05   2.0000000e+01
   6.4631300e+05   1.8000000e+01
   6.4673000e+05   1.8000000e+01
   6.4871800e+05   2.0000000e+01
   6.8827100e+05   2.0000000e+01
   6.9311300e+05   2.0000000e+01
   7.0228000e+05   2.1000000e+01
   7.0258600e+05   1.8000000e+01
   7.0280200e+05   2.0000000e+01
   7.0594200e+05   2.6000000e+01
   7.0781300e+05   3.0000000e+01
   7.1312700e+05   3.3000000e+01
   7.2048900e+05   1.9000000e+01
   7.2128600e+05   3.4000000e+01
   7.2132900e+05   2.4000000e+01
   7.2218700e+05   2.7000000e+01
   7.2284400e+05   2.9000000e+01
   7.2567200e+05   3.2000000e+01
   7.4446700e+05   2.2000000e+01
   7.4449200e+05   2.9000000e+01
   7.4562100e+05   2.1000000e+01
   7.4567500e+05   1.9000000e+01
   7.5258200e+05   1.9000000e+01
   7.5262500e+05   1.8000000e+01
   7.7773700e+05   2.3000000e+01
   7.8243200e+05   1.8000000e+01
   8.2369700e+05   1.8000000e+01
   9.0697500e+05   1.8000000e+01
   9.8936400e+05   1.9000000e+01
   9.9012700e+05   1.9000000e+01
   1.0055680e+06   1.8000000e+01
   1.0060810e+06   2.9000000e+01
   1.0064480e+06   1.9000000e+01
   1.0066730e+06   2.1000000e+01
   1.0069670e+06   2.1000000e+01
   1.0071160e+06   1.8000000e+01
   1.0072340e+06   1.9000000e+01
   1.0073400e+06   2.1000000e+01
   1.0076580e+06   2.4000000e+01
   1.0077940e+06   1.8000000e+01
   1.0078310e+06   1.8000000e+01
   1.0080410e+06   1.8000000e+01
   1.0081290e+06   3.1000000e+01
   1.0083200e+06   1.8000000e+01
   1.0085530e+06   2.2000000e+01
   1.0085830e+06   2.0000000e+01
   1.0087700e+06   1.9000000e+01
   1.0088290e+06   1.9000000e+01
   1.0088670e+06   2.1000000e+01
   1.0089070e+06   2.5000000e+01
   1.0089920e+06   1.8000000e+01
   1.0091230e+06   1.8000000e+01
   1.0091910e+06   2.6000000e+01
   1.0092600e+06   2.1000000e+01
   1.0094840e+06   1.8000000e+01
   1.0096340e+06   2.1000000e+01
   1.0097540e+06   2.7000000e+01
   1.0098080e+06   2.6000000e+01
   1.0099310e+06   2.1000000e+01
   1.0099910e+06   2.0000000e+01
   1.0100780e+06   2.7000000e+01
   1.0104520e+06   1.8000000e+01
   1.0106270e+06   2.8000000e+01
   1.0107950e+06   1.9000000e+01
   1.0109110e+06   2.3000000e+01
   1.0110220e+06   2.0000000e+01
   1.0111680e+06   2.2000000e+01
   1.0112270e+06   1.9000000e+01
   1.0112580e+06   2.5000000e+01
   1.0116390e+06   1.8000000e+01
   1.0121990e+06   1.9000000e+01
   1.0122300e+06   1.8000000e+01
   1.0123160e+06   1.9000000e+01
   1.0124680e+06   2.0000000e+01
   1.0125820e+06   1.8000000e+01
   1.0127970e+06   2.8000000e+01
   1.0136740e+06   1.8000000e+01
   1.0141930e+06   3.1000000e+01
   1.0179340e+06   1.8000000e+01
   1.0443280e+06   2.2000000e+01
   1.0453680e+06   1.8000000e+01
   1.0455820e+06   2.3000000e+01
   1.0466530e+06   2.7000000e+01
   1.0472570e+06   1.8000000e+01
   1.0482510e+06   1.8000000e+01
   1.0483930e+06   2.2000000e+01
   1.0484180e+06   1.9000000e+01
   1.0496780e+06   1.8000000e+01
   1.0497230e+06   3.9000000e+01
   1.0509500e+06   3.0000000e+01
   1.0521140e+06   1.8000000e+01
   1.1290770e+06   1.8000000e+01
   1.2786550e+06   2.0000000e+01
   1.2788080e+06   2.0000000e+01
   1.2797960e+06   2.2000000e+01
   1.2801560e+06   1.8000000e+01
   1.2888390e+06   1.8000000e+01
   1.2888690e+06   1.8000000e+01
   1.2893680e+06   2.1000000e+01
   1.2906160e+06   1.9000000e+01
   1.2911890e+06   1.8000000e+01
   1.2921720e+06   1.8000000e+01
   1.2925830e+06   2.2000000e+01
   1.2928300e+06   1.8000000e+01
   1.2930600e+06   1.9000000e+01
   1.2947680e+06   3.0000000e+01
   1.2949000e+06   1.8000000e+01
   1.2958440e+06   2.5000000e+01
   1.2973740e+06   2.0000000e+01
   1.2975670e+06   1.8000000e+01
   1.2987040e+06   2.8000000e+01
   1.2991680e+06   1.9000000e+01
   1.2995060e+06   1.9000000e+01
   1.3006630e+06   3.0000000e+01
   1.3034060e+06   2.6000000e+01
   1.3097150e+06   1.8000000e+01
   1.3114980e+06   1.9000000e+01
   1.3142140e+06   1.8000000e+01
   1.3163520e+06   3.2000000e+01
   1.3221410e+06   1.8000000e+01
   1.3298780e+06   1.8000000e+01
   1.3443890e+06   4.0000000e+01
   1.3450170e+06   1.8000000e+01
   1.3457610e+06   2.0000000e+01
   1.3463850e+06   1.8000000e+01
   1.3464330e+06   3.4000000e+01
   1.3474830e+06   2.3000000e+01
   1.3482660e+06   2.5000000e+01
   1.4212250e+06   1.9000000e+01
   1.4219480e+06   2.9000000e+01
   1.4240430e+06   1.9000000e+01
   1.4246720e+06   3.8000000e+01
   1.4248030e+06   1.9000000e+01
   1.4266050e+06   2.5000000e+01
   1.5516240e+06   1.8000000e+01
   1.5597910e+06   1.8000000e+01
   1.5598600e+06   1.8000000e+01
   1.5598860e+06   2.6000000e+01
   1.5611400e+06   2.4000000e+01
   1.5618920e+06   1.9000000e+01
   1.5698550e+06   2.9000000e+01
   1.5698960e+06   1.8000000e+01
   1.5709340e+06   2.7000000e+01
   1.5711770e+06   1.8000000e+01
   1.5730550e+06   2.8000000e+01
   1.5748460e+06   3.1000000e+01
   1.5760830e+06   2.7000000e+01
   1.5765320e+06   1.8000000e+01
   1.5766210e+06   1.8000000e+01
   1.5773820e+06   2.3000000e+01
   1.5774300e+06   1.9000000e+01
   1.5779680e+06   2.0000000e+01
   1.5781770e+06   1.8000000e+01
   1.5784300e+06   2.6000000e+01
   1.7628970e+06   2.7000000e+01
   1.7639050e+06   1.9000000e+01
   1.7646880e+06   2.7000000e+01
   1.7664530e+06   2.6000000e+01
   1.7987870e+06   1.8000000e+01
   1.7988430e+06   1.9000000e+01
   1.7991970e+06   2.1000000e+01
   1.7994870e+06   1.9000000e+01
   1.8048750e+06   2.5000000e+01
   1.8070560e+06   2.4000000e+01
   1.8104090e+06   3.2000000e+01
   1.8114500e+06   3.4000000e+01
   1.8125670e+06   1.8000000e+01
   1.8128460e+06   3.0000000e+01
   1.8148640e+06   2.9000000e+01
   1.8167500e+06   1.8000000e+01
   1.8199410e+06   2.4000000e+01
   1.8499500e+06   3.1000000e+01
   1.8512400e+06   1.8000000e+01
   1.8513540e+06   1.8000000e+01
   1.8515570e+06   2.5000000e+01
   1.8516910e+06   1.9000000e+01
   1.8521350e+06   1.9000000e+01
   1.8529870e+06   2.0000000e+01
   1.8538970e+06   2.6000000e+01
   1.9217130e+06   1.8000000e+01
   1.9218450e+06   4.3000000e+01
   1.9223620e+06   2.0000000e+01
   1.9230240e+06   2.5000000e+01
   1.9262490e+06   1.8000000e+01
   1.9271950e+06   2.7000000e+01
   1.9272210e+06   2.2000000e+01
   1.9278390e+06   2.7000000e+01
   1.9285400e+06   2.0000000e+01
   1.9291600e+06   2.8000000e+01
   1.9292070e+06   2.0000000e+01
   1.9313630e+06   2.6000000e+01
   1.9314720e+06   1.8000000e+01
   1.9440510e+06   3.2000000e+01
   1.9489150e+06   1.9000000e+01
   1.9489510e+06   1.9000000e+01
   1.9518960e+06   1.9000000e+01
   1.9661070e+06   2.9000000e+01
   1.9664590e+06   1.9000000e+01
   1.9668250e+06   1.8000000e+01
   1.9727600e+06   2.8000000e+01
   1.9759200e+06   1.8000000e+01
   2.1046670e+06   1.9000000e+01
   2.1082270e+06   1.8000000e+01
   2.1086400e+06   3.9000000e+01
   2.1087570e+06   1.9000000e+01
   2.1097720e+06   1.9000000e+01
   2.1128450e+06   2.5000000e+01
   2.1160570e+06   2.6000000e+01
   2.1199560e+06   3.0000000e+01
   2.1208520e+06   1.8000000e+01
   2.1257400e+06   3.2000000e+01
   2.1328620e+06   3.1000000e+01
   2.2593720e+06   2.6000000e+01
   2.2599030e+06   2.0000000e+01
   2.2615970e+06   1.8000000e+01
   2.2619270e+06   1.8000000e+01
   2.2643510e+06   2.8000000e+01
   2.2647060e+06   1.9000000e+01
   2.2662990e+06   1.8000000e+01
   2.2667060e+06   2.0000000e+01
   2.2667310e+06   3.3000000e+01
   2.2680670e+06   1.8000000e+01
   2.2708950e+06   2.4000000e+01
   2.2831580e+06   1.8000000e+01
   2.2848580e+06   2.8000000e+01
   2.2850230e+06   2.0000000e+01
   2.2856750e+06   2.4000000e+01
   2.2857370e+06   2.1000000e+01
   2.2861320e+06   2.7000000e+01
   2.2863130e+06   1.8000000e+01
   2.2872060e+06   2.3000000e+01
   2.2872540e+06   4.1000000e+01
   2.2882010e+06   2.5000000e+01
   2.2987370e+06   2.9000000e+01
   2.3014750e+06   2.8000000e+01
   2.3016690e+06   1.8000000e+01
   2.3032320e+06   2.6000000e+01
   2.3049730e+06   2.6000000e+01
   2.3093770e+06   2.5000000e+01
   2.4009240e+06   2.0000000e+01
   2.4017860e+06   2.0000000e+01
   2.4018120e+06   2.0000000e+01
   2.5010060e+06   1.8000000e+01
   2.5113620e+06   1.8000000e+01
   2.5678660e+06   1.9000000e+01
   2.5912820e+06   1.8000000e+01
   2.5922360e+06   2.0000000e+01
   2.5946070e+06   1.8000000e+01
   2.6136930e+06   2.0000000e+01
   2.6137450e+06   1.9000000e+01
   2.6148540e+06   1.8000000e+01
   2.6167710e+06   1.9000000e+01
   2.6169540e+06   1.8000000e+01
   2.6173020e+06   1.8000000e+01
   2.6174620e+06   1.9000000e+01
   2.6183750e+06   1.8000000e+01
   2.6200500e+06   1.8000000e+01
   2.6215680e+06   1.8000000e+01
   2.6237290e+06   1.8000000e+01
   2.6239880e+06   3.0000000e+01
   2.6255610e+06   2.5000000e+01
   2.6259250e+06   2.0000000e+01
   2.6278440e+06   2.7000000e+01
   2.6296370e+06   2.6000000e+01
   2.6308770e+06   1.8000000e+01
   2.7688990e+06   1.9000000e+01
   2.7751380e+06   3.4000000e+01
   2.7753730e+06   1.8000000e+01
   2.7754950e+06   1.9000000e+01
   2.7769450e+06   3.1000000e+01
   2.7779110e+06   2.4000000e+01
   2.7779360e+06   2.2000000e+01
   2.7857230e+06   3.1000000e+01
   2.7874870e+06   1.9000000e+01
   2.7902540e+06   2.8000000e+01
   2.7936390e+06   2.7000000e+01
   2.8201740e+06   1.8000000e+01
   2.8202610e+06   1.8000000e+01
   3.0094090e+06   1.8000000e+01
   3.0129600e+06   2.7000000e+01
   3.0130490e+06   2.1000000e+01
   3.0143890e+06   2.9000000e+01
   3.0150670e+06   3.1000000e+01
   3.0154200e+06   2.1000000e+01
   3.0161970e+06   2.9000000e+01
   3.0162390e+06   2.0000000e+01
   3.0166820e+06   1.8000000e+01
   3.0251660e+06   2.6000000e+01
   3.0340130e+06   2.1000000e+01
   3.0340380e+06   1.8000000e+01
   3.0426580e+06   1.8000000e+01
   3.1394980e+06   2.0000000e+01
   3.1438740e+06   1.8000000e+01
   3.1439870e+06   2.4000000e+01
   3.1440900e+06   1.8000000e+01
   3.1466450e+06   2.0000000e+01
   3.1468180e+06   1.8000000e+01
   3.1470780e+06   1.8000000e+01
   3.1474710e+06   2.0000000e+01
   3.1478390e+06   3.8000000e+01
   3.1482100e+06   1.9000000e+01
   3.1484170e+06   3.0000000e+01
   3.1486100e+06   2.6000000e+01
   3.1489980e+06   2.0000000e+01
   3.1490960e+06   1.9000000e+01
   3.1491690e+06   2.0000000e+01
   3.1491950e+06   1.9000000e+01
   3.1493200e+06   2.1000000e+01
   3.1495770e+06   2.0000000e+01
   3.1500830e+06   1.8000000e+01
   3.1502130e+06   1.8000000e+01
   3.1505220e+06   1.8000000e+01
   3.1506910e+06   2.0000000e+01
   3.1510670e+06   2.2000000e+01
   3.1511160e+06   2.0000000e+01
   3.1515380e+06   1.9000000e+01
   3.1520670e+06   1.8000000e+01
   3.1523520e+06   1.8000000e+01
   3.1523810e+06   1.9000000e+01
   3.1532100e+06   1.8000000e+01
   3.1536410e+06   1.8000000e+01
   3.1544290e+06   1.9000000e+01
   3.1558060e+06   1.8000000e+01
   3.1569620e+06   1.9000000e+01
   3.1697950e+06   1.8000000e+01
   3.2109360e+06   1.8000000e+01
   3.2523980e+06   2.8000000e+01
   3.3759630e+06   1.9000000e+01
   3.3772230e+06   2.0000000e+01
   3.3786530e+06   1.9000000e+01
   3.3797040e+06   2.0000000e+01
   3.3819270e+06   1.8000000e+01
   3.3821260e+06   1.9000000e+01
   3.3823160e+06   1.8000000e+01
   3.3827110e+06   1.8000000e+01
   3.3844820e+06   1.9000000e+01
   3.3851110e+06   3.9000000e+01
   3.3881500e+06   2.4000000e+01
   3.3889910e+06   1.9000000e+01
   3.3891100e+06   2.1000000e+01
   3.3902140e+06   3.3000000e+01
   3.3942770e+06   2.6000000e+01
   3.3944210e+06   1.9000000e+01
   3.3976980e+06   2.0000000e+01
   3.3991820e+06   2.0000000e+01
   3.4038840e+06   2.8000000e+01
   3.4065960e+06   2.8000000e+01
   3.4146570e+06   2.7000000e+01
   3.4190530e+06   2.5000000e+01
   3.4234680e+06   2.0000000e+01
   3.4252640e+06   1.8000000e+01
   3.4264480e+06   2.6000000e+01
   3.4267220e+06   2.0000000e+01
   3.4269250e+06   2.0000000e+01
   3.4272980e+06   2.6000000e+01
   3.4279800e+06   1.8000000e+01
   3.4280650e+06   1.8000000e+01
   3.4281010e+06   3.4000000e+01
   3.4281330e+06   2.4000000e+01
   3.4285000e+06   1.8000000e+01
   3.4285420e+06   2.7000000e+01
   3.4287550e+06   1.8000000e+01
   3.4289910e+06   3.0000000e+01
   3.4290410e+06   2.2000000e+01
   3.4291020e+06   1.9000000e+01
   3.4291300e+06   2.0000000e+01
   3.4292680e+06   1.9000000e+01
   3.4294030e+06   1.9000000e+01
   3.4296020e+06   2.1000000e+01
   3.4296760e+06   1.8000000e+01
   3.4303280e+06   1.8000000e+01
   3.4304190e+06   3.3000000e+01
   3.4306450e+06   1.9000000e+01
   3.4306840e+06   2.0000000e+01
   3.4315710e+06   1.9000000e+01
   3.4319030e+06   1.8000000e+01
   3.4321720e+06   1.8000000e+01
   3.4322000e+06   1.9000000e+01
   3.4340610e+06   2.7000000e+01
   3.4343950e+06   2.6000000e+01
   3.4349620e+06   1.9000000e+01
   3.4352410e+06   1.9000000e+01
   3.4377310e+06   1.9000000e+01
   3.4379440e+06   1.9000000e+01
   3.4485950e+06   1.8000000e+01
   3.6773330e+06   1.8000000e+01
   3.6866800e+06   1.8000000e+01
   3.6889870e+06   4.6000000e+01
   3.6891410e+06   1.8000000e+01
   3.6895780e+06   1.9000000e+01
   3.6899480e+06   2.7000000e+01
   3.6919800e+06   2.9000000e+01
   3.6927300e+06   2.6000000e+01
   3.6930750e+06   1.9000000e+01
   3.7007860e+06   2.7000000e+01
   3.7031550e+06   2.7000000e+01
   3.7451270e+06   2.0000000e+01
   3.9386730e+06   1.8000000e+01
   3.9435590e+06   1.9000000e+01
   3.9442290e+06   1.9000000e+01
   3.9448340e+06   2.9000000e+01
   3.9491770e+06   4.3000000e+01
   3.9504500e+06   2.6000000e+01
   3.9534820e+06   1.9000000e+01
   3.9538280e+06   2.9000000e+01
   3.9538720e+06   2.2000000e+01
   3.9546280e+06   1.8000000e+01
   3.9551850e+06   1.8000000e+01
   3.9560740e+06   1.8000000e+01
   3.9567650e+06   2.1000000e+01
   3.9569610e+06   2.3000000e+01
   3.9575010e+06   1.8000000e+01
   3.9576230e+06   2.2000000e+01
   3.9623750e+06   3.2000000e+01
   3.9653850e+06   2.7000000e+01
   3.9700220e+06   1.8000000e+01
   3.9756390e+06   2.2000000e+01
   3.9765810e+06   1.8000000e+01
   3.9857880e+06   1.8000000e+01
   3.9885180e+06   3.2000000e+01
   3.9928480e+06   1.8000000e+01
   4.0030790e+06   2.4000000e+01
   4.0060240e+06   3.1000000e+01
   4.0062240e+06   1.8000000e+01
   4.0064380e+06   2.2000000e+01
   4.0064750e+06   1.8000000e+01
   4.0067050e+06   2.4000000e+01
   4.0067510e+06   1.9000000e+01
   4.0070710e+06   1.8000000e+01
   4.0071200e+06   2.5000000e+01
   4.0071570e+06   3.6000000e+01
   4.0071820e+06   1.9000000e+01
   4.0073640e+06   2.2000000e+01
   4.0074450e+06   2.0000000e+01
   4.0074880e+06   1.8000000e+01
   4.0075410e+06   2.9000000e+01
   4.0076870e+06   2.0000000e+01
   4.0078340e+06   1.9000000e+01
   4.0078770e+06   2.1000000e+01
   4.0079680e+06   2.9000000e+01
   4.0080220e+06   3.4000000e+01
   4.0080770e+06   2.1000000e+01
   4.0081320e+06   1.9000000e+01
   4.0083130e+06   2.1000000e+01
   4.0083870e+06   2.6000000e+01
   4.0084190e+06   2.8000000e+01
   4.0084920e+06   2.4000000e+01
   4.0085910e+06   2.0000000e+01
   4.0086610e+06   1.9000000e+01
   4.0087540e+06   2.0000000e+01
   4.0087830e+06   2.8000000e+01
   4.0088320e+06   1.8000000e+01
   4.0088950e+06   1.9000000e+01
   4.0089920e+06   1.8000000e+01
   4.0090430e+06   2.1000000e+01
   4.0091200e+06   1.9000000e+01
   4.0092520e+06   1.9000000e+01
   4.0092860e+06   2.7000000e+01
   4.0093240e+06   2.1000000e+01
   4.0095600e+06   2.0000000e+01
   4.0098680e+06   2.8000000e+01
   4.0099070e+06   1.9000000e+01
   4.0099440e+06   1.8000000e+01
   4.0100310e+06   1.8000000e+01
   4.0100630e+06   2.4000000e+01
   4.0101070e+06   2.0000000e+01
   4.0101330e+06   1.8000000e+01
   4.0102770e+06   2.7000000e+01
   4.0103030e+06   2.3000000e+01
   4.0103380e+06   2.0000000e+01
   4.0105250e+06   1.8000000e+01
   4.0105930e+06   2.7000000e+01
   4.0106350e+06   2.1000000e+01
   4.0106940e+06   2.6000000e+01
   4.0107440e+06   2.5000000e+01
   4.0110940e+06   1.9000000e+01
   4.0113110e+06   1.9000000e+01
   4.0113830e+06   2.0000000e+01
   4.0116300e+06   1.8000000e+01
   4.0117560e+06   1.9000000e+01
   4.0122220e+06   2.6000000e+01
   4.0123790e+06   1.8000000e+01
   4.0126340e+06   2.0000000e+01
   4.0127060e+06   2.0000000e+01
   4.0133190e+06   2.7000000e+01
   4.0136920e+06   1.8000000e+01
   4.0140310e+06   1.9000000e+01
   4.0141710e+06   2.5000000e+01
   4.0142230e+06   1.8000000e+01
   4.0155720e+06   2.3000000e+01
   4.0177830e+06   2.5000000e+01
   4.0978680e+06   2.7000000e+01
   4.0979070e+06   1.8000000e+01
   4.0993160e+06   4.3000000e+01
   4.0994840e+06   1.8000000e+01
   4.1010310e+06   1.8000000e+01
   4.1011550e+06   2.9000000e+01
   4.1065490e+06   1.8000000e+01
   4.1115120e+06   1.9000000e+01
   4.1117730e+06   1.8000000e+01
   4.3025990e+06   1.8000000e+01
   4.3039190e+06   1.8000000e+01
   4.3046770e+06   2.8000000e+01
   4.3053950e+06   2.0000000e+01
   4.3055330e+06   2.7000000e+01
   4.3057220e+06   2.0000000e+01
   4.3058750e+06   2.1000000e+01
   4.3064160e+06   3.0000000e+01
   4.3064540e+06   2.3000000e+01
   4.3069780e+06   1.9000000e+01
   4.3071630e+06   2.3000000e+01
   4.3072150e+06   1.9000000e+01
   4.3079760e+06   1.8000000e+01
   4.3080690e+06   2.0000000e+01
   4.3083280e+06   1.8000000e+01
   4.3083580e+06   1.8000000e+01
   4.3094100e+06   3.4000000e+01
   4.3109010e+06   1.8000000e+01
   4.3113670e+06   1.9000000e+01
   4.3117340e+06   2.8000000e+01
   4.3121820e+06   1.8000000e+01
   4.3168210e+06   2.6000000e+01
   4.3232160e+06   2.1000000e+01
   4.3365530e+06   3.9000000e+01
   4.3427770e+06   1.8000000e+01
   4.3838970e+06   1.8000000e+01
   4.4037870e+06   2.9000000e+01
   4.4056400e+06   1.8000000e+01
   4.4059780e+06   3.2000000e+01
   4.4060720e+06   2.0000000e+01
   4.5664410e+06   1.8000000e+01
   4.5666160e+06   2.0000000e+01
   4.5674510e+06   1.9000000e+01
   4.5681230e+06   2.0000000e+01
   4.5744880e+06   3.4000000e+01
   4.5771430e+06   1.8000000e+01
   4.5789570e+06   4.3000000e+01
   4.5793190e+06   1.8000000e+01
   4.5793720e+06   1.9000000e+01
   4.5799980e+06   2.8000000e+01
   4.5806250e+06   1.9000000e+01
   4.5830700e+06   1.8000000e+01
   4.5835350e+06   2.6000000e+01
   4.5861140e+06   3.9000000e+01
   4.5882210e+06   2.0000000e+01
   4.5920310e+06   1.9000000e+01
   4.5959830e+06   3.5000000e+01
   4.6054350e+06   1.9000000e+01
   4.6058600e+06   1.8000000e+01
   4.6059380e+06   2.0000000e+01
   4.6060090e+06   1.8000000e+01
   4.6069370e+06   2.8000000e+01
   4.6072160e+06   1.8000000e+01
   4.6076290e+06   2.5000000e+01
   4.6087340e+06   1.8000000e+01
   4.7884840e+06   1.8000000e+01
   4.7924690e+06   2.1000000e+01
   4.7975880e+06   2.1000000e+01
   4.8240810e+06   2.8000000e+01
   4.8241190e+06   1.8000000e+01
   4.8249270e+06   1.8000000e+01
   4.8256630e+06   2.8000000e+01
   4.8257350e+06   2.4000000e+01
   4.8271670e+06   1.9000000e+01
   4.8335500e+06   3.0000000e+01
   4.8335750e+06   2.0000000e+01
   4.8342610e+06   1.8000000e+01
   4.8363280e+06   3.0000000e+01
   4.8364470e+06   1.9000000e+01
   4.8364960e+06   2.0000000e+01
   4.8369060e+06   1.8000000e+01
   4.8377370e+06   4.3000000e+01
   4.8384920e+06   3.0000000e+01
   4.8394000e+06   2.4000000e+01
   4.8410730e+06   2.4000000e+01
   4.8567010e+06   1.8000000e+01
   5.0242310e+06   2.0000000e+01
   5.0389180e+06   2.8000000e+01
   5.0395680e+06   1.8000000e+01
   5.0397260e+06   2.7000000e+01
   5.0407150e+06   1.9000000e+01
   5.0415510e+06   2.0000000e+01
   5.0416170e+06   4.4000000e+01
   5.0497100e+06   2.0000000e+01
   5.1037300e+06   2.3000000e+01
   5.1056570e+06   1.9000000e+01
   5.1066560e+06   2.8000000e+01
   5.1074570e+06   1.9000000e+01
   5.1084660e+06   2.9000000e+01
   5.1088760e+06   1.8000000e+01
   5.1100780e+06   2.4000000e+01
   5.1139630e+06   3.0000000e+01
   5.1163230e+06   2.8000000e+01
   5.1197870e+06   2.8000000e+01
   5.2300530e+06   1.8000000e+01
   5.2302760e+06   1.8000000e+01
   5.2308230e+06   1.8000000e+01
   5.2326340e+06   2.6000000e+01
   5.2328080e+06   1.8000000e+01
   5.2333540e+06   2.6000000e+01
   5.2338440e+06   2.0000000e+01
   5.2339510e+06   2.3000000e+01
   5.2339770e+06   1.8000000e+01
   5.2342410e+06   2.1000000e+01
   5.2344580e+06   1.8000000e+01
   5.2344970e+06   2.1000000e+01
   5.2345440e+06   3.1000000e+01
   5.2348700e+06   2.0000000e+01
   5.2349610e+06   1.9000000e+01
   5.2350500e+06   1.9000000e+01
   5.2351780e+06   2.5000000e+01
   5.2355930e+06   2.5000000e+01
   5.2357080e+06   3.2000000e+01
   5.2360750e+06   1.8000000e+01
   5.2361790e+06   2.1000000e+01
   5.2367340e+06   2.1000000e+01
   5.2373070e+06   2.2000000e+01
   5.2376550e+06   2.2000000e+01
   5.2376810e+06   4.2000000e+01
   5.2381900e+06   2.3000000e+01
   5.2389990e+06   1.8000000e+01
   5.2468900e+06   1.8000000e+01
   5.2965910e+06   2.7000000e+01
   5.2984100e+06   2.7000000e+01
   5.3004420e+06   2.7000000e+01
   5.3027460e+06   2.5000000e+01
   5.4490610e+06   1.8000000e+01
   5.4576030e+06   2.8000000e+01
   5.4577400e+06   2.0000000e+01
   5.4583970e+06   1.8000000e+01
   5.4625610e+06   3.0000000e+01
   5.4647560e+06   2.9000000e+01
   5.5579990e+06   1.8000000e+01
   5.5674290e+06   1.8000000e+01
   5.5678760e+06   2.3000000e+01
   5.5679300e+06   1.8000000e+01
   5.5684170e+06   2.0000000e+01
   5.5694240e+06   3.0000000e+01
   5.5694710e+06   1.9000000e+01
   5.5705260e+06   3.4000000e+01
   5.5705540e+06   2.2000000e+01
   5.5707200e+06   1.8000000e+01
   5.5709980e+06   2.2000000e+01
   5.5710990e+06   1.8000000e+01
   5.5711740e+06   3.2000000e+01
   5.5714570e+06   2.2000000e+01
   5.5720200e+06   2.5000000e+01
   5.5723220e+06   2.4000000e+01
   5.5726270e+06   1.8000000e+01
   5.5986340e+06   1.9000000e+01
   5.5994280e+06   3.3000000e+01
   5.6043060e+06   3.7000000e+01
   5.6088710e+06   2.0000000e+01
   5.6149980e+06   2.4000000e+01
   5.6157930e+06   1.9000000e+01
   5.6208020e+06   2.4000000e+01
   5.6232970e+06   2.9000000e+01
   5.6262590e+06   2.6000000e+01
   5.6263100e+06   2.2000000e+01
   5.6289130e+06   2.8000000e+01
   5.6309050e+06   2.9000000e+01
   5.6313470e+06   2.3000000e+01
   5.6313720e+06   1.9000000e+01
   5.6318420e+06   2.0000000e+01
   5.6320370e+06   1.8000000e+01
   5.7804750e+06   2.5000000e+01
   5.7842420e+06   2.0000000e+01
   5.7852340e+06   2.7000000e+01
   5.7858510e+06   3.0000000e+01
   5.7864590e+06   2.3000000e+01
   5.7865590e+06   1.9000000e+01
   5.7868220e+06   1.8000000e+01
   5.7869960e+06   1.8000000e+01
   5.7871850e+06   2.2000000e+01
   5.7872220e+06   2.7000000e+01
   5.7872780e+06   1.9000000e+01
   5.7874160e+06   2.4000000e+01
   5.7877510e+06   2.8000000e+01
   5.7877940e+06   2.5000000e+01
   5.7878760e+06   2.1000000e+01
   5.7879330e+06   1.9000000e+01
   5.7881950e+06   2.9000000e+01
   5.7885850e+06   1.8000000e+01
   5.7889470e+06   1.8000000e+01
   5.7892160e+06   2.2000000e+01
   5.7899840e+06   2.1000000e+01
   5.7996600e+06   2.3000000e+01
   5.7998170e+06   2.3000000e+01
   5.8029150e+06   1.9000000e+01
   5.8029960e+06   2.0000000e+01
   5.8038650e+06   2.8000000e+01
   5.8039120e+06   1.8000000e+01
   5.8088340e+06   1.9000000e+01
   5.8221250e+06   1.8000000e+01
   5.8221970e+06   1.8000000e+01
   5.8242460e+06   1.9000000e+01
   5.8418490e+06   1.8000000e+01
   5.8575280e+06   1.9000000e+01
   5.8584380e+06   1.8000000e+01
   5.8588810e+06   1.9000000e+01
   5.8589290e+06   1.8000000e+01
   5.8589810e+06   1.8000000e+01
   5.9522220e+06   1.9000000e+01
   5.9549940e+06   2.5000000e+01
   6.0775420e+06   2.9000000e+01
   6.0775880e+06   1.9000000e+01
   6.0781460e+06   1.8000000e+01
   6.0784760e+06   4.5000000e+01
   6.0796770e+06   2.9000000e+01
   6.0797230e+06   1.9000000e+01
   6.0804850e+06   1.8000000e+01
   6.0805940e+06   2.0000000e+01
   6.0806680e+06   4.3000000e+01
   6.0810200e+06   1.8000000e+01
   6.0813240e+06   1.9000000e+01
   6.0813900e+06   2.4000000e+01
   6.0814800e+06   2.0000000e+01
   6.0815080e+06   3.9000000e+01
   6.0820320e+06   1.8000000e+01
   6.0821310e+06   2.0000000e+01
   6.0824430e+06   1.9000000e+01
   6.0824920e+06   3.6000000e+01
   6.0835230e+06   1.9000000e+01
   6.0835900e+06   4.1000000e+01
   6.1638690e+06   1.8000000e+01
   6.2908350e+06   1.8000000e+01
   6.2914050e+06   2.2000000e+01
   6.2930770e+06   1.8000000e+01
   6.2972000e+06   1.9000000e+01
   6.2979660e+06   2.0000000e+01
   6.2984310e+06   1.8000000e+01
   6.2984790e+06   3.7000000e+01
   6.2989850e+06   1.9000000e+01
   6.2992340e+06   1.8000000e+01
   6.2995960e+06   2.2000000e+01
   6.2996580e+06   3.0000000e+01
   6.2997450e+06   1.9000000e+01
   6.2998730e+06   1.8000000e+01
   6.3001820e+06   1.8000000e+01
   6.3002150e+06   2.0000000e+01
   6.3002840e+06   1.9000000e+01
   6.3003350e+06   2.2000000e+01
   6.3003670e+06   2.5000000e+01
   6.3005880e+06   2.0000000e+01
   6.3010830e+06   1.8000000e+01
   6.3011280e+06   1.8000000e+01
   6.3014800e+06   1.9000000e+01
   6.3018420e+06   2.0000000e+01
   6.3018790e+06   2.1000000e+01
   6.3020070e+06   1.8000000e+01
   6.3020830e+06   2.4000000e+01
   6.3024400e+06   2.6000000e+01
   6.3028400e+06   1.9000000e+01
   6.3029650e+06   3.4000000e+01
   6.3030890e+06   1.8000000e+01
   6.3037760e+06   2.6000000e+01
   6.3038390e+06   2.0000000e+01
   6.3048040e+06   1.9000000e+01
   6.3051350e+06   1.8000000e+01
   6.3438250e+06   1.8000000e+01
   6.4719060e+06   2.8000000e+01
   6.4727040e+06   2.5000000e+01
   6.4727920e+06   2.1000000e+01
   6.4728780e+06   2.2000000e+01
   6.4729280e+06   1.8000000e+01
   6.4732520e+06   1.8000000e+01
   6.4732980e+06   4.6000000e+01
   6.4734960e+06   1.9000000e+01
   6.4735990e+06   2.3000000e+01
   6.4736730e+06   1.9000000e+01
   6.4740500e+06   2.7000000e+01
   6.4743450e+06   1.8000000e+01
   6.4743800e+06   2.1000000e+01
   6.4747920e+06   2.3000000e+01
   6.4758860e+06   1.8000000e+01
   6.4764180e+06   1.8000000e+01
   6.4764990e+06   2.5000000e+01
   6.4769360e+06   1.9000000e+01
   6.4803120e+06   2.6000000e+01
   6.4918380e+06   2.9000000e+01
   6.5000220e+06   1.8000000e+01
   6.5052220e+06   1.8000000e+01
   6.5053730e+06   1.8000000e+01
   6.5088130e+06   3.0000000e+01
   6.5309660e+06   2.4000000e+01
   6.5313770e+06   1.8000000e+01
   6.5372270e+06   1.8000000e+01
   6.5374030e+06   1.9000000e+01
   6.5376010e+06   2.6000000e+01
   6.5376570e+06   1.8000000e+01
   6.5383440e+06   1.8000000e+01
   6.5386560e+06   3.0000000e+01
   6.5390390e+06   1.8000000e+01
   6.5394400e+06   1.9000000e+01
   6.5395330e+06   2.8000000e+01
   6.5402580e+06   1.9000000e+01
   6.5406370e+06   1.8000000e+01
   6.5407430e+06   1.8000000e+01
   6.5409180e+06   2.8000000e+01
   6.5422120e+06   1.8000000e+01
   6.5590120e+06   2.9000000e+01
   6.5601150e+06   3.0000000e+01
   6.5617890e+06   2.7000000e+01
   6.5627730e+06   2.7000000e+01
   6.5664870e+06   3.3000000e+01
   6.6041970e+06   3.0000000e+01
   6.6092590e+06   2.9000000e+01
   6.6129530e+06   3.2000000e+01
   6.6240260e+06   2.1000000e+01
   6.7453490e+06   1.8000000e+01
   6.7461540e+06   2.2000000e+01
   6.8336120e+06   1.9000000e+01
   6.8338140e+06   1.8000000e+01
   6.8344950e+06   1.9000000e+01
   6.8345740e+06   1.8000000e+01
   6.8347160e+06   2.7000000e+01
   6.8350130e+06   2.1000000e+01
   6.8351950e+06   2.0000000e+01
   6.8355290e+06   3.3000000e+01
   6.8372650e+06   1.8000000e+01
   6.8431010e+06   2.0000000e+01
   6.8432390e+06   1.9000000e+01
   6.8434040e+06   2.7000000e+01
   6.8445390e+06   1.8000000e+01
   6.8448140e+06   2.6000000e+01
   6.8456620e+06   1.8000000e+01
   6.8470090e+06   2.6000000e+01
   6.8508860e+06   2.1000000e+01
   6.8513580e+06   2.6000000e+01
   6.9592530e+06   1.8000000e+01
   6.9596710e+06   2.1000000e+01
   6.9601580e+06   2.6000000e+01
   6.9626030e+06   2.4000000e+01
   6.9626460e+06   1.8000000e+01
   6.9633510e+06   1.8000000e+01
   6.9640600e+06   1.9000000e+01
   6.9642110e+06   1.8000000e+01
   6.9644950e+06   1.8000000e+01
   6.9645450e+06   1.9000000e+01
   6.9646130e+06   1.8000000e+01
   6.9648880e+06   1.8000000e+01
   6.9656670e+06   2.0000000e+01
   6.9656970e+06   1.9000000e+01
   6.9663760e+06   1.8000000e+01
   6.9667060e+06   1.8000000e+01
   6.9667600e+06   1.9000000e+01
   6.9667850e+06   2.4000000e+01
   6.9668230e+06   2.0000000e+01
   6.9669370e+06   2.1000000e+01
   6.9671430e+06   2.7000000e+01
   6.9671820e+06   1.8000000e+01
   6.9675260e+06   2.5000000e+01
   6.9675910e+06   1.8000000e+01
   6.9677310e+06   3.0000000e+01
   6.9679510e+06   1.8000000e+01
   6.9687980e+06   3.3000000e+01
   6.9689080e+06   2.1000000e+01
   6.9696270e+06   2.0000000e+01
   7.0451440e+06   2.5000000e+01
   7.0459310e+06   2.8000000e+01
   7.0506020e+06   2.0000000e+01
   7.0507830e+06   1.8000000e+01
   7.0508740e+06   1.8000000e+01
   7.0512000e+06   2.3000000e+01
   7.0512850e+06   1.8000000e+01
   7.0515690e+06   2.0000000e+01
   7.0516840e+06   3.0000000e+01
   7.0525720e+06   2.8000000e+01
   7.0536380e+06   2.9000000e+01
   7.0546310e+06   1.8000000e+01
   7.0558030e+06   3.0000000e+01
   7.0580960e+06   2.7000000e+01
   7.0611190e+06   2.0000000e+01
   7.0648400e+06   3.3000000e+01
   7.0737740e+06   2.3000000e+01
   7.0804560e+06   1.8000000e+01
   7.0821600e+06   1.8000000e+01
   7.0852010e+06   2.4000000e+01
   7.2001000e+06   3.3000000e+01
   7.2003050e+06   1.8000000e+01
   7.2009690e+06   2.0000000e+01
   7.2015640e+06   2.4000000e+01
   7.2016120e+06   1.8000000e+01
   7.2032140e+06   2.8000000e+01
   7.2039670e+06   2.1000000e+01
   7.2052850e+06   1.8000000e+01
   7.2061580e+06   2.6000000e+01
   7.2281300e+06   1.8000000e+01
   7.3950040e+06   1.8000000e+01
   7.4536410e+06   1.8000000e+01
   7.4765560e+06   1.9000000e+01
