   7.5000000e+06   0.0000000e+00
   3.9900000e+02   2.5000000e+01
   4.9000000e+02   1.9000000e+01
   7.8400000e+02   1.8000000e+01
   1.2830000e+03   6.7000000e+01
   1.3170000e+03   2.8000000e+01
   1.7060000e+03   1.9000000e+01
   1.9370000e+03   1.8000000e+01
   2.1460000e+03   2.0000000e+01
   2.2120000e+03   1.9000000e+01
   2.4400000e+03   2.2000000e+01
   2.7070000e+03   7.8000000e+01
   2.7320000e+03   1.9000000e+01
   2.8140000e+03   3.4000000e+01
   3.2130000e+03   2.1000000e+01
   3.4740000e+03   1.8000000e+01
   3.5600000e+03   2.3000000e+01
   3.7830000e+03   1.8000000e+01
   4.2330000e+03   1.9000000e+01
   6.1240000e+03   1.8000000e+01
   6.1710000e+03   1.8000000e+01
   6.9920000e+03   2.1000000e+01
   8.1510000e+03   1.8000000e+01
   1.0031000e+04   1.8000000e+01
   1.4186000e+04   2.1000000e+01
   1.6929000e+04   1.9000000e+01
   2.1755100e+05   1.9000000e+01
   2.2131000e+05   1.8000000e+01
   2.2136100e+05   1.8000000e+01
   2.2214700e+05   2.4000000e+01
   2.2255000e+05   2.4000000e+01
   2.2291600e+05   1.8000000e+01
   2.2347700e+05   2.0000000e+01
   2.2385300e+05   1.8000000e+01
   2.2495500e+05   2.1000000e+01
   2.2531900e+05   1.8000000e+01
   2.2755900e+05   2.5000000e+01
   2.2802700e+05   2.1000000e+01
   2.2871500e+05   2.2000000e+01
   2.2966100e+05   1.9000000e+01
   2.2977600e+05   2.3000000e+01
   2.3040600e+05   1.9000000e+01
   2.3076600e+05   7.6000000e+01
   2.3080000e+05   3.7000000e+01
   2.3291400e+05   1.8000000e+01
   2.3840200e+05   1.9000000e+01
   2.4215600e+05   1.8000000e+01
   2.8742500e+05   1.9000000e+01
   3.0159400e+05   2.0000000e+01
   3.0714700e+05   2.0000000e+01
   3.3180000e+05   2.1000000e+01
   3.3208600e+05   2.4000000e+01
   3.3233200e+05   2.8000000e+01
   3.3404200e+05   2.8000000e+01
   3.3513700e+05   2.0000000e+01
   3.3567600e+05   2.3000000e+01
   3.3803200e+05   1.8000000e+01
   3.3843000e+05   2.5000000e+01
   3.3909100e+05   1.9000000e+01
   3.3990000e+05   1.8000000e+01
   3.4253800e+05   2.0000000e+01
   3.4317500e+05   1.9000000e+01
   3.4415300e+05   2.0000000e+01
   4.1627100e+05   1.8000000e+01
   4.7324500e+05   1.8000000e+01
   5.1385600e+05   1.8000000e+01
   5.1644600e+05   2.1000000e+01
   5.2114800e+05   1.9000000e+01
   5.3815300e+05   1.8000000e+01
   5.9020600e+05   1.8000000e+01
   6.3228400e+05   2.2000000e+01
   6.3551600e+05   2.0000000e+01
   6.3560000e+05   1.9000000e+01
   6.3592700e+05   2.7000000e+01
   6.3631900e+05   2.3000000e+01
   6.3676800e+05   1.9000000e+01
   6.3701800e+05   8.6000000e+01
   6.3704400e+05   2.7000000e+01
   6.3738400e+05   2.1000000e+01
   6.3755800e+05   2.6000000e+01
   6.3760300e+05   2.0000000e+01
   6.3788400e+05   2.4000000e+01
   6.3851900e+05   1.9000000e+01
   6.3856900e+05   2.1000000e+01
   6.3899200e+05   2.0000000e+01
   6.3979800e+05   7.1000000e+01
   6.3982600e+05   2.5000000e+01
   6.3985300e+05   3.3000000e+01
   6.4045400e+05   2.2000000e+01
   6.4075500e+05   1.9000000e+01
   6.4086100e+05   1.8000000e+01
   6.4099700e+05   1.8000000e+01
   6.4122800e+05   1.8000000e+01
   6.4133000e+05   1.9000000e+01
   6.4141500e+05   2.3000000e+01
   6.4164600e+05   1.9000000e+01
   6.4177500e+05   1.8000000e+01
   6.4211000e+05   1.8000000e+01
   6.4231300e+05   2.1000000e+01
   6.4300500e+05   2.8000000e+01
   6.4387000e+05   2.3000000e+01
   6.4533900e+05   2.2000000e+01
   6.4805600e+05   1.8000000e+01
   6.8843800e+05   1.9000000e+01
   7.0344700e+05   1.9000000e+01
   7.0467200e+05   2.0000000e+01
   7.0563000e+05   2.6000000e+01
   7.0594400e+05   2.0000000e+01
   7.0680700e+05   2.5000000e+01
   7.0728300e+05   2.3000000e+01
   7.0782800e+05   2.1000000e+01
   7.0939200e+05   1.9000000e+01
   7.1010400e+05   2.4000000e+01
   7.1065400e+05   2.5000000e+01
   7.1234800e+05   1.9000000e+01
   7.1314600e+05   2.1000000e+01
   7.1542400e+05   2.4000000e+01
   7.2128900e+05   2.0000000e+01
   7.2220100e+05   1.9000000e+01
   7.2261800e+05   2.0000000e+01
   7.2265700e+05   2.7000000e+01
   7.2284500e+05   1.8000000e+01
   7.2386000e+05   1.8000000e+01
   7.2389800e+05   2.0000000e+01
   7.2567400e+05   2.0000000e+01
   7.2584400e+05   2.3000000e+01
   7.2588600e+05   1.9000000e+01
   7.4449000e+05   2.8000000e+01
   7.4577700e+05   2.7000000e+01
   7.4583700e+05   1.9000000e+01
   7.5260400e+05   2.6000000e+01
   7.5331200e+05   2.8000000e+01
   7.5835400e+05   1.9000000e+01
   7.7773800e+05   2.4000000e+01
   9.5296500e+05   1.9000000e+01
   9.9435200e+05   2.0000000e+01
   1.0018300e+06   1.8000000e+01
   1.0051030e+06   2.5000000e+01
   1.0055280e+06   2.1000000e+01
   1.0058730e+06   1.9000000e+01
   1.0059950e+06   7.2000000e+01
   1.0060230e+06   2.7000000e+01
   1.0060510e+06   2.4000000e+01
   1.0060930e+06   1.9000000e+01
   1.0062420e+06   2.2000000e+01
   1.0065940e+06   1.8000000e+01
   1.0066450e+06   1.9000000e+01
   1.0069820e+06   2.9000000e+01
   1.0070160e+06   1.8000000e+01
   1.0070730e+06   2.0000000e+01
   1.0072010e+06   2.4000000e+01
   1.0075240e+06   5.1000000e+01
   1.0075510e+06   2.4000000e+01
   1.0076180e+06   1.9000000e+01
   1.0076700e+06   2.9000000e+01
   1.0079750e+06   1.8000000e+01
   1.0080580e+06   5.8000000e+01
   1.0080910e+06   2.2000000e+01
   1.0081280e+06   2.5000000e+01
   1.0081920e+06   2.2000000e+01
   1.0083510e+06   2.0000000e+01
   1.0085770e+06   2.1000000e+01
   1.0087530e+06   5.1000000e+01
   1.0087940e+06   2.0000000e+01
   1.0088430e+06   2.3000000e+01
   1.0089650e+06   2.0000000e+01
   1.0091180e+06   1.9000000e+01
   1.0091920e+06   2.7000000e+01
   1.0092580e+06   1.8000000e+01
   1.0096000e+06   1.8000000e+01
   1.0097520e+06   2.1000000e+01
   1.0098100e+06   1.8000000e+01
   1.0098530e+06   2.7000000e+01
   1.0098780e+06   2.3000000e+01
   1.0100770e+06   1.8000000e+01
   1.0103670e+06   1.8000000e+01
   1.0105060e+06   2.5000000e+01
   1.0105460e+06   2.3000000e+01
   1.0106140e+06   1.8000000e+01
   1.0106660e+06   2.1000000e+01
   1.0108130e+06   2.5000000e+01
   1.0111680e+06   2.2000000e+01
   1.0112320e+06   1.8000000e+01
   1.0122330e+06   2.1000000e+01
   1.0125970e+06   1.8000000e+01
   1.0128120e+06   2.4000000e+01
   1.0134030e+06   1.8000000e+01
   1.0141800e+06   2.6000000e+01
   1.0142610e+06   1.8000000e+01
   1.0155650e+06   1.9000000e+01
   1.0167760e+06   2.3000000e+01
   1.0443280e+06   2.7000000e+01
   1.0453350e+06   1.8000000e+01
   1.0455830e+06   1.8000000e+01
   1.0466530e+06   2.8000000e+01
   1.0468170e+06   1.9000000e+01
   1.0468610e+06   2.3000000e+01
   1.0469100e+06   1.9000000e+01
   1.0481370e+06   2.0000000e+01
   1.0481860e+06   2.7000000e+01
   1.0483940e+06   2.3000000e+01
   1.0497110e+06   1.9000000e+01
   1.0501880e+06   2.1000000e+01
   1.0502270e+06   2.0000000e+01
   1.0509630e+06   1.9000000e+01
   1.0511110e+06   1.8000000e+01
   1.0516240e+06   2.2000000e+01
   1.0516730e+06   2.5000000e+01
   1.1199890e+06   1.9000000e+01
   1.1212290e+06   1.9000000e+01
   1.1244580e+06   1.8000000e+01
   1.2397420e+06   2.0000000e+01
   1.2906580e+06   1.9000000e+01
   1.2909590e+06   2.2000000e+01
   1.2913860e+06   1.8000000e+01
   1.2918990e+06   2.0000000e+01
   1.2925160e+06   1.9000000e+01
   1.2925840e+06   1.8000000e+01
   1.2934860e+06   2.0000000e+01
   1.2946540e+06   1.9000000e+01
   1.2947690e+06   1.9000000e+01
   1.2948060e+06   2.3000000e+01
   1.2951750e+06   1.8000000e+01
   1.2957250e+06   1.9000000e+01
   1.2958440e+06   1.9000000e+01
   1.2987030e+06   2.0000000e+01
   1.2988820e+06   2.4000000e+01
   1.3006640e+06   1.9000000e+01
   1.3032710e+06   1.8000000e+01
   1.3034230e+06   1.9000000e+01
   1.3076700e+06   2.0000000e+01
   1.3103790e+06   1.9000000e+01
   1.3111620e+06   2.4000000e+01
   1.3163510e+06   1.9000000e+01
   1.3396530e+06   1.9000000e+01
   1.3443910e+06   2.2000000e+01
   1.3449390e+06   2.6000000e+01
   1.3449680e+06   1.8000000e+01
   1.3452890e+06   2.7000000e+01
   1.3453310e+06   2.2000000e+01
   1.3457610e+06   2.0000000e+01
   1.3461250e+06   2.2000000e+01
   1.3461620e+06   2.3000000e+01
   1.3464360e+06   1.9000000e+01
   1.3474850e+06   1.9000000e+01
   1.3478970e+06   2.4000000e+01
   1.3479380e+06   2.0000000e+01
   1.3482700e+06   2.5000000e+01
   1.4211480e+06   1.8000000e+01
   1.4219490e+06   2.0000000e+01
   1.4225660e+06   2.1000000e+01
   1.4231750e+06   1.9000000e+01
   1.4237990e+06   2.2000000e+01
   1.4246710e+06   2.0000000e+01
   1.4250180e+06   1.9000000e+01
   1.4259920e+06   2.0000000e+01
   1.4266190e+06   2.3000000e+01
   1.4270670e+06   1.8000000e+01
   1.5475000e+06   1.8000000e+01
   1.5580460e+06   2.1000000e+01
   1.5584810e+06   1.9000000e+01
   1.5588930e+06   2.4000000e+01
   1.5589760e+06   1.9000000e+01
   1.5593100e+06   1.9000000e+01
   1.5597140e+06   1.9000000e+01
   1.5598120e+06   2.3000000e+01
   1.5598850e+06   2.1000000e+01
   1.5601980e+06   2.4000000e+01
   1.5605650e+06   2.0000000e+01
   1.5611520e+06   2.0000000e+01
   1.5613140e+06   1.8000000e+01
   1.5616240e+06   1.8000000e+01
   1.5693110e+06   1.9000000e+01
   1.5698560e+06   2.4000000e+01
   1.5709380e+06   1.9000000e+01
   1.5730530e+06   2.2000000e+01
   1.5748480e+06   1.8000000e+01
   1.5760350e+06   1.8000000e+01
   1.5760860e+06   2.3000000e+01
   1.5782390e+06   1.9000000e+01
   1.5784290e+06   2.0000000e+01
   1.7628970e+06   2.0000000e+01
   1.7631900e+06   1.8000000e+01
   1.7637190e+06   2.0000000e+01
   1.7644760e+06   1.9000000e+01
   1.7646910e+06   1.9000000e+01
   1.7649780e+06   2.2000000e+01
   1.7652260e+06   5.7000000e+01
   1.7652530e+06   2.3000000e+01
   1.7653020e+06   1.8000000e+01
   1.7664520e+06   1.9000000e+01
   1.8048310e+06   2.7000000e+01
   1.8048770e+06   2.4000000e+01
   1.8067040e+06   2.2000000e+01
   1.8070700e+06   2.2000000e+01
   1.8076830e+06   1.9000000e+01
   1.8110140e+06   9.1000000e+01
   1.8110950e+06   2.0000000e+01
   1.8114510e+06   1.9000000e+01
   1.8128620e+06   2.6000000e+01
   1.8132810e+06   1.8000000e+01
   1.8199420e+06   2.0000000e+01
   1.8490380e+06   2.9000000e+01
   1.8499510e+06   2.0000000e+01
   1.8500460e+06   2.3000000e+01
   1.8501270e+06   1.8000000e+01
   1.8515690e+06   2.3000000e+01
   1.8538970e+06   2.0000000e+01
   1.8585890e+06   1.8000000e+01
   1.9218470e+06   1.8000000e+01
   1.9230250e+06   1.9000000e+01
   1.9244880e+06   1.8000000e+01
   1.9254580e+06   2.1000000e+01
   1.9272170e+06   2.0000000e+01
   1.9272700e+06   3.2000000e+01
   1.9274310e+06   1.9000000e+01
   1.9276110e+06   6.6000000e+01
   1.9276420e+06   3.0000000e+01
   1.9278580e+06   1.8000000e+01
   1.9285190e+06   2.0000000e+01
   1.9291640e+06   2.2000000e+01
   1.9307760e+06   1.8000000e+01
   1.9311730e+06   1.8000000e+01
   1.9313650e+06   2.4000000e+01
   1.9352560e+06   2.2000000e+01
   1.9440540e+06   1.9000000e+01
   1.9471290e+06   1.8000000e+01
   1.9603980e+06   2.5000000e+01
   1.9651410e+06   1.8000000e+01
   1.9661050e+06   1.8000000e+01
   1.9727590e+06   2.2000000e+01
   2.1078600e+06   2.5000000e+01
   2.1082090e+06   2.9000000e+01
   2.1082690e+06   1.9000000e+01
   2.1086400e+06   2.5000000e+01
   2.1087220e+06   2.5000000e+01
   2.1093210e+06   1.8000000e+01
   2.1097970e+06   3.1000000e+01
   2.1102130e+06   2.0000000e+01
   2.1104030e+06   2.0000000e+01
   2.1108000e+06   1.8000000e+01
   2.1121140e+06   8.3000000e+01
   2.1121390e+06   2.3000000e+01
   2.1128470e+06   2.0000000e+01
   2.1160600e+06   2.1000000e+01
   2.1168150e+06   1.8000000e+01
   2.1170660e+06   2.4000000e+01
   2.1199540e+06   1.8000000e+01
   2.1207860e+06   2.7000000e+01
   2.1230880e+06   1.8000000e+01
   2.1257410e+06   1.8000000e+01
   2.1328650e+06   1.8000000e+01
   2.2577980e+06   1.8000000e+01
   2.2593390e+06   2.4000000e+01
   2.2593750e+06   2.6000000e+01
   2.2597450e+06   2.1000000e+01
   2.2603050e+06   1.8000000e+01
   2.2606790e+06   2.1000000e+01
   2.2613210e+06   1.9000000e+01
   2.2616270e+06   6.4000000e+01
   2.2616570e+06   2.7000000e+01
   2.2619730e+06   2.2000000e+01
   2.2643520e+06   1.9000000e+01
   2.2656380e+06   2.2000000e+01
   2.2667170e+06   2.0000000e+01
   2.2689230e+06   1.9000000e+01
   2.2708960e+06   1.8000000e+01
   2.2723640e+06   1.8000000e+01
   2.2848340e+06   6.0000000e+01
   2.2848590e+06   4.2000000e+01
   2.2852900e+06   2.5000000e+01
   2.2856760e+06   2.0000000e+01
   2.2858800e+06   2.7000000e+01
   2.2861330e+06   2.3000000e+01
   2.2864300e+06   3.0000000e+01
   2.2865900e+06   2.1000000e+01
   2.2872500e+06   2.7000000e+01
   2.2882030e+06   2.1000000e+01
   2.2927150e+06   1.8000000e+01
   2.2943060e+06   2.0000000e+01
   2.2960370e+06   2.3000000e+01
   2.2980740e+06   2.0000000e+01
   2.2987540e+06   2.1000000e+01
   2.3002540e+06   2.0000000e+01
   2.3014910e+06   2.3000000e+01
   2.3032520e+06   2.1000000e+01
   2.3049760e+06   2.9000000e+01
   2.3093950e+06   2.5000000e+01
   2.3576410e+06   2.0000000e+01
   2.3595070e+06   1.8000000e+01
   2.5527120e+06   1.9000000e+01
   2.5538490e+06   1.9000000e+01
   2.5692450e+06   1.9000000e+01
   2.6239560e+06   2.2000000e+01
   2.6239880e+06   2.7000000e+01
   2.6255530e+06   1.8000000e+01
   2.6258310e+06   2.3000000e+01
   2.6269720e+06   6.7000000e+01
   2.6269970e+06   2.0000000e+01
   2.6277000e+06   5.2000000e+01
   2.6277310e+06   3.1000000e+01
   2.6282280e+06   1.9000000e+01
   2.6284180e+06   1.8000000e+01
   2.6286450e+06   1.8000000e+01
   2.6289910e+06   1.8000000e+01
   2.6292380e+06   1.8000000e+01
   2.6296370e+06   1.8000000e+01
   2.7631030e+06   1.8000000e+01
   2.7693350e+06   1.8000000e+01
   2.7705290e+06   1.8000000e+01
   2.7725420e+06   1.9000000e+01
   2.7739870e+06   2.3000000e+01
   2.7743490e+06   1.9000000e+01
   2.7747760e+06   2.3000000e+01
   2.7751370e+06   2.1000000e+01
   2.7752900e+06   7.0000000e+01
   2.7753150e+06   2.9000000e+01
   2.7753610e+06   1.9000000e+01
   2.7757640e+06   1.9000000e+01
   2.7766690e+06   2.0000000e+01
   2.7769470e+06   2.0000000e+01
   2.7772360e+06   2.5000000e+01
   2.7779310e+06   2.6000000e+01
   2.7783690e+06   1.8000000e+01
   2.7857250e+06   2.1000000e+01
   2.7902690e+06   2.4000000e+01
   2.7936540e+06   2.3000000e+01
   2.8898690e+06   1.8000000e+01
   2.8911030e+06   2.1000000e+01
   2.8948940e+06   1.9000000e+01
   2.9407560e+06   1.8000000e+01
   2.9780050e+06   2.2000000e+01
   3.0062640e+06   1.8000000e+01
   3.0098220e+06   1.9000000e+01
   3.0121680e+06   1.8000000e+01
   3.0126970e+06   2.4000000e+01
   3.0127260e+06   2.0000000e+01
   3.0129610e+06   2.2000000e+01
   3.0130430e+06   2.7000000e+01
   3.0133360e+06   1.9000000e+01
   3.0143710e+06   4.4000000e+01
   3.0145630e+06   1.8000000e+01
   3.0150680e+06   3.0000000e+01
   3.0154180e+06   5.0000000e+01
   3.0154590e+06   2.0000000e+01
   3.0158090e+06   1.8000000e+01
   3.0167990e+06   2.1000000e+01
   3.0169940e+06   4.6000000e+01
   3.0170210e+06   3.1000000e+01
   3.0251680e+06   2.5000000e+01
   3.0340140e+06   1.9000000e+01
   3.0367640e+06   2.1000000e+01
   3.1407090e+06   1.8000000e+01
   3.1415890e+06   1.9000000e+01
   3.1444420e+06   2.3000000e+01
   3.1462510e+06   1.9000000e+01
   3.1466470e+06   2.4000000e+01
   3.1475040e+06   1.9000000e+01
   3.1478400e+06   2.1000000e+01
   3.1484190e+06   1.9000000e+01
   3.1486360e+06   2.4000000e+01
   3.1487510e+06   2.9000000e+01
   3.1488780e+06   5.9000000e+01
   3.1489190e+06   1.9000000e+01
   3.1490190e+06   2.0000000e+01
   3.1491760e+06   1.8000000e+01
   3.1493050e+06   2.0000000e+01
   3.1496210e+06   1.8000000e+01
   3.1501590e+06   1.8000000e+01
   3.1510870e+06   2.6000000e+01
   3.2524000e+06   1.8000000e+01
   3.2782850e+06   1.8000000e+01
   3.2813630e+06   2.0000000e+01
   3.2906090e+06   2.0000000e+01
   3.3525770e+06   2.3000000e+01
   3.3826810e+06   1.9000000e+01
   3.3832400e+06   2.0000000e+01
   3.3837420e+06   2.2000000e+01
   3.3843740e+06   1.8000000e+01
   3.3849360e+06   2.3000000e+01
   3.3851000e+06   1.9000000e+01
   3.3857970e+06   1.9000000e+01
   3.3881510e+06   2.0000000e+01
   3.3892770e+06   2.1000000e+01
   3.3902130e+06   2.4000000e+01
   3.3942930e+06   1.9000000e+01
   3.4038990e+06   2.3000000e+01
   3.4065940e+06   2.9000000e+01
   3.4146810e+06   2.3000000e+01
   3.4190540e+06   2.1000000e+01
   3.4234710e+06   2.0000000e+01
   3.4254930e+06   1.8000000e+01
   3.4263410e+06   1.8000000e+01
   3.4264480e+06   2.4000000e+01
   3.4264910e+06   2.3000000e+01
   3.4267140e+06   2.7000000e+01
   3.4269340e+06   2.5000000e+01
   3.4273130e+06   1.9000000e+01
   3.4276910e+06   2.0000000e+01
   3.4280590e+06   1.9000000e+01
   3.4280880e+06   2.7000000e+01
   3.4281710e+06   2.5000000e+01
   3.4281960e+06   2.0000000e+01
   3.4284800e+06   1.9000000e+01
   3.4285570e+06   2.4000000e+01
   3.4287510e+06   2.2000000e+01
   3.4289910e+06   2.2000000e+01
   3.4291480e+06   2.1000000e+01
   3.4296170e+06   2.2000000e+01
   3.4296780e+06   1.9000000e+01
   3.4302510e+06   2.0000000e+01
   3.4303380e+06   1.8000000e+01
   3.4304210e+06   2.2000000e+01
   3.4321280e+06   2.2000000e+01
   3.4321750e+06   1.8000000e+01
   3.4343970e+06   1.8000000e+01
   3.4347470e+06   2.5000000e+01
   3.4375500e+06   3.4000000e+01
   3.4394380e+06   2.0000000e+01
   3.4951950e+06   1.8000000e+01
   3.6882080e+06   2.1000000e+01
   3.6885420e+06   2.6000000e+01
   3.6889450e+06   2.1000000e+01
   3.6890020e+06   3.2000000e+01
   3.6893940e+06   2.3000000e+01
   3.6895660e+06   6.7000000e+01
   3.6895970e+06   3.0000000e+01
   3.6897580e+06   1.8000000e+01
   3.6899490e+06   2.1000000e+01
   3.6899940e+06   2.6000000e+01
   3.6904410e+06   2.5000000e+01
   3.6912980e+06   2.0000000e+01
   3.6914750e+06   1.9000000e+01
   3.6917520e+06   5.5000000e+01
   3.6917800e+06   2.2000000e+01
   3.6919800e+06   1.9000000e+01
   3.6922800e+06   2.0000000e+01
   3.6923270e+06   1.9000000e+01
   3.6927280e+06   2.3000000e+01
   3.6931630e+06   2.0000000e+01
   3.6960970e+06   2.4000000e+01
   3.6970530e+06   1.9000000e+01
   3.7008020e+06   2.4000000e+01
   3.7031570e+06   2.3000000e+01
   3.8072120e+06   1.8000000e+01
   3.8228880e+06   1.9000000e+01
   3.9448340e+06   1.8000000e+01
   3.9479720e+06   2.4000000e+01
   3.9483340e+06   1.8000000e+01
   3.9486920e+06   1.8000000e+01
   3.9491760e+06   2.3000000e+01
   3.9492340e+06   2.2000000e+01
   3.9492600e+06   1.9000000e+01
   3.9497710e+06   2.4000000e+01
   3.9504520e+06   1.9000000e+01
   3.9516610e+06   2.5000000e+01
   3.9523440e+06   2.1000000e+01
   3.9523720e+06   1.8000000e+01
   3.9538440e+06   2.3000000e+01
   3.9552950e+06   2.0000000e+01
   3.9561490e+06   2.5000000e+01
   3.9567810e+06   2.3000000e+01
   3.9570850e+06   2.0000000e+01
   3.9623770e+06   2.0000000e+01
   3.9653850e+06   1.8000000e+01
   3.9684300e+06   1.8000000e+01
   3.9756580e+06   2.4000000e+01
   3.9885200e+06   2.4000000e+01
   3.9926150e+06   2.0000000e+01
   4.0030800e+06   2.0000000e+01
   4.0049120e+06   2.3000000e+01
   4.0060230e+06   2.3000000e+01
   4.0060690e+06   1.9000000e+01
   4.0064490e+06   2.8000000e+01
   4.0064910e+06   1.8000000e+01
   4.0066190e+06   1.8000000e+01
   4.0067250e+06   2.4000000e+01
   4.0068240e+06   3.2000000e+01
   4.0068700e+06   2.5000000e+01
   4.0069490e+06   2.0000000e+01
   4.0070450e+06   1.8000000e+01
   4.0071140e+06   2.0000000e+01
   4.0071560e+06   2.5000000e+01
   4.0072950e+06   2.4000000e+01
   4.0073350e+06   2.6000000e+01
   4.0074550e+06   1.8000000e+01
   4.0075040e+06   2.2000000e+01
   4.0076020e+06   1.9000000e+01
   4.0078340e+06   2.0000000e+01
   4.0079440e+06   1.9000000e+01
   4.0080240e+06   2.3000000e+01
   4.0080780e+06   2.1000000e+01
   4.0082580e+06   1.8000000e+01
   4.0083150e+06   1.8000000e+01
   4.0083770e+06   1.8000000e+01
   4.0084210e+06   2.2000000e+01
   4.0084890e+06   1.9000000e+01
   4.0087260e+06   2.5000000e+01
   4.0087610e+06   2.1000000e+01
   4.0087860e+06   2.2000000e+01
   4.0088860e+06   2.3000000e+01
   4.0090250e+06   2.1000000e+01
   4.0092840e+06   3.9000000e+01
   4.0095630e+06   6.0000000e+01
   4.0095930e+06   2.0000000e+01
   4.0098810e+06   3.2000000e+01
   4.0101810e+06   2.3000000e+01
   4.0102790e+06   2.4000000e+01
   4.0104640e+06   2.0000000e+01
   4.0105220e+06   2.3000000e+01
   4.0106920e+06   2.6000000e+01
   4.0112920e+06   2.2000000e+01
   4.0113390e+06   2.0000000e+01
   4.0113850e+06   2.5000000e+01
   4.0117520e+06   1.8000000e+01
   4.0121860e+06   1.9000000e+01
   4.0122390e+06   3.1000000e+01
   4.0122840e+06   2.1000000e+01
   4.0133250e+06   1.8000000e+01
   4.0140130e+06   1.8000000e+01
   4.0141740e+06   1.8000000e+01
   4.0155850e+06   2.0000000e+01
   4.0177860e+06   2.1000000e+01
   4.0968970e+06   1.9000000e+01
   4.0972390e+06   1.8000000e+01
   4.0983270e+06   1.8000000e+01
   4.0983880e+06   2.4000000e+01
   4.0986980e+06   2.2000000e+01
   4.0987820e+06   2.8000000e+01
   4.0989360e+06   2.4000000e+01
   4.0993290e+06   2.0000000e+01
   4.0994570e+06   1.8000000e+01
   4.0998410e+06   2.0000000e+01
   4.1008670e+06   2.1000000e+01
   4.1011540e+06   1.8000000e+01
   4.1047830e+06   2.4000000e+01
   4.1064940e+06   1.9000000e+01
   4.1111550e+06   2.0000000e+01
   4.2933140e+06   1.8000000e+01
   4.3030720e+06   1.8000000e+01
   4.3039420e+06   2.6000000e+01
   4.3040880e+06   2.2000000e+01
   4.3045640e+06   6.2000000e+01
   4.3045930e+06   2.8000000e+01
   4.3046490e+06   2.0000000e+01
   4.3046900e+06   2.0000000e+01
   4.3047510e+06   1.9000000e+01
   4.3047780e+06   2.0000000e+01
   4.3051280e+06   1.8000000e+01
   4.3053700e+06   1.9000000e+01
   4.3055320e+06   1.9000000e+01
   4.3060960e+06   1.8000000e+01
   4.3064300e+06   3.0000000e+01
   4.3067580e+06   2.0000000e+01
   4.3071630e+06   1.9000000e+01
   4.3094240e+06   2.2000000e+01
   4.3104690e+06   2.2000000e+01
   4.3117350e+06   1.8000000e+01
   4.3168200e+06   1.8000000e+01
   4.3217340e+06   2.0000000e+01
   4.3232180e+06   2.1000000e+01
   4.3302050e+06   1.8000000e+01
   4.3365550e+06   1.8000000e+01
   4.4037880e+06   2.2000000e+01
   4.4041690e+06   2.2000000e+01
   4.4046310e+06   2.2000000e+01
   4.4049340e+06   1.8000000e+01
   4.4056640e+06   1.8000000e+01
   4.4058860e+06   6.6000000e+01
   4.4059190e+06   2.1000000e+01
   4.4059960e+06   2.3000000e+01
   4.4060790e+06   2.0000000e+01
   4.4062920e+06   1.8000000e+01
   4.4072950e+06   1.8000000e+01
   4.4096860e+06   2.2000000e+01
   4.4724050e+06   1.9000000e+01
   4.5137150e+06   1.8000000e+01
   4.5154770e+06   2.0000000e+01
   4.5732550e+06   1.8000000e+01
   4.5738040e+06   2.0000000e+01
   4.5744900e+06   1.8000000e+01
   4.5752320e+06   1.8000000e+01
   4.5758680e+06   2.1000000e+01
   4.5781300e+06   2.0000000e+01
   4.5789550e+06   2.0000000e+01
   4.5800000e+06   1.8000000e+01
   4.5833240e+06   1.8000000e+01
   4.5835350e+06   2.0000000e+01
   4.5861000e+06   1.8000000e+01
   4.5895510e+06   2.2000000e+01
   4.5895920e+06   1.8000000e+01
   4.5958680e+06   2.4000000e+01
   4.5959840e+06   2.5000000e+01
   4.5967470e+06   1.8000000e+01
   4.6028860e+06   1.8000000e+01
   4.6045950e+06   2.7000000e+01
   4.6049410e+06   2.2000000e+01
   4.6053050e+06   2.3000000e+01
   4.6056570e+06   1.8000000e+01
   4.6058020e+06   1.8000000e+01
   4.6061950e+06   1.9000000e+01
   4.6063650e+06   1.8000000e+01
   4.6066990e+06   6.3000000e+01
   4.6067310e+06   2.7000000e+01
   4.6069390e+06   1.9000000e+01
   4.6070420e+06   1.8000000e+01
   4.6073300e+06   2.0000000e+01
   4.6074980e+06   2.0000000e+01
   4.6076300e+06   2.3000000e+01
   4.6077370e+06   2.0000000e+01
   4.6078500e+06   6.9000000e+01
   4.6078870e+06   2.0000000e+01
   4.6085260e+06   1.8000000e+01
   4.6087970e+06   1.8000000e+01
   4.6098020e+06   1.9000000e+01
   4.6130620e+06   1.8000000e+01
   4.8237990e+06   2.0000000e+01
   4.8240800e+06   2.2000000e+01
   4.8241070e+06   1.8000000e+01
   4.8246000e+06   2.7000000e+01
   4.8246410e+06   2.7000000e+01
   4.8256630e+06   2.1000000e+01
   4.8257350e+06   2.1000000e+01
   4.8287620e+06   2.0000000e+01
   4.8297030e+06   2.2000000e+01
   4.8305600e+06   1.9000000e+01
   4.8335510e+06   1.8000000e+01
   4.8363200e+06   2.2000000e+01
   4.8364460e+06   1.8000000e+01
   4.8368600e+06   2.0000000e+01
   4.8377260e+06   2.2000000e+01
   4.8384930e+06   1.8000000e+01
   4.8389280e+06   2.0000000e+01
   4.8392890e+06   5.2000000e+01
   4.8393150e+06   3.3000000e+01
   4.8394180e+06   1.8000000e+01
   4.8396170e+06   2.0000000e+01
   4.8400570e+06   2.7000000e+01
   4.8410640e+06   2.6000000e+01
   4.8411050e+06   2.4000000e+01
   4.8412070e+06   6.5000000e+01
   4.8412500e+06   2.0000000e+01
   5.0276550e+06   1.8000000e+01
   5.0372290e+06   1.9000000e+01
   5.0376050e+06   1.9000000e+01
   5.0379740e+06   2.3000000e+01
   5.0384040e+06   2.0000000e+01
   5.0386160e+06   2.2000000e+01
   5.0389170e+06   2.0000000e+01
   5.0389980e+06   1.8000000e+01
   5.0392040e+06   1.9000000e+01
   5.0394270e+06   6.2000000e+01
   5.0394550e+06   3.5000000e+01
   5.0397280e+06   1.9000000e+01
   5.0398050e+06   1.8000000e+01
   5.0398490e+06   1.8000000e+01
   5.0402980e+06   2.5000000e+01
   5.0411060e+06   2.1000000e+01
   5.0416150e+06   2.3000000e+01
   5.0456170e+06   2.1000000e+01
   5.1037280e+06   1.9000000e+01
   5.1055610e+06   2.2000000e+01
   5.1058630e+06   2.0000000e+01
   5.1061880e+06   2.0000000e+01
   5.1065250e+06   1.8000000e+01
   5.1066580e+06   2.4000000e+01
   5.1070700e+06   2.0000000e+01
   5.1075550e+06   2.1000000e+01
   5.1079870e+06   2.5000000e+01
   5.1081230e+06   1.9000000e+01
   5.1084030e+06   1.8000000e+01
   5.1085010e+06   1.8000000e+01
   5.1088980e+06   1.9000000e+01
   5.1092700e+06   5.7000000e+01
   5.1093090e+06   2.0000000e+01
   5.1093850e+06   2.2000000e+01
   5.1094830e+06   1.9000000e+01
   5.1098320e+06   2.1000000e+01
   5.1098860e+06   2.1000000e+01
   5.1100780e+06   2.3000000e+01
   5.1105630e+06   1.8000000e+01
   5.1139630e+06   2.4000000e+01
   5.1143070e+06   1.9000000e+01
   5.1163230e+06   2.0000000e+01
   5.1197870e+06   1.9000000e+01
   5.1258250e+06   1.9000000e+01
   5.1800190e+06   2.2000000e+01
   5.1805930e+06   1.8000000e+01
   5.2293260e+06   1.9000000e+01
   5.2302670e+06   1.8000000e+01
   5.2326340e+06   2.3000000e+01
   5.2330170e+06   8.0000000e+01
   5.2330450e+06   2.2000000e+01
   5.2330920e+06   1.9000000e+01
   5.2333540e+06   2.6000000e+01
   5.2339510e+06   2.3000000e+01
   5.2342500e+06   2.1000000e+01
   5.2343410e+06   2.1000000e+01
   5.2345430e+06   2.0000000e+01
   5.2349010e+06   3.0000000e+01
   5.2349390e+06   5.9000000e+01
   5.2349730e+06   2.8000000e+01
   5.2351890e+06   1.8000000e+01
   5.2357070e+06   2.4000000e+01
   5.2376810e+06   2.5000000e+01
   5.2382010e+06   1.9000000e+01
   5.2957830e+06   3.0000000e+01
   5.2965940e+06   1.8000000e+01
   5.2969100e+06   2.0000000e+01
   5.2975650e+06   2.1000000e+01
   5.2983670e+06   2.0000000e+01
   5.2984100e+06   2.3000000e+01
   5.2988640e+06   2.8000000e+01
   5.3004400e+06   2.6000000e+01
   5.3027470e+06   1.9000000e+01
   5.4035310e+06   1.9000000e+01
   5.4467020e+06   1.9000000e+01
   5.4574470e+06   2.7000000e+01
   5.4576020e+06   2.4000000e+01
   5.4579610e+06   2.0000000e+01
   5.4584780e+06   2.4000000e+01
   5.4585090e+06   1.8000000e+01
   5.4590190e+06   2.1000000e+01
   5.4625630e+06   2.0000000e+01
   5.4647700e+06   1.9000000e+01
   5.5549450e+06   1.8000000e+01
   5.5654310e+06   1.8000000e+01
   5.5684200e+06   2.3000000e+01
   5.5689110e+06   2.3000000e+01
   5.5690140e+06   1.8000000e+01
   5.5690480e+06   2.9000000e+01
   5.5691010e+06   2.4000000e+01
   5.5692540e+06   1.9000000e+01
   5.5694250e+06   2.0000000e+01
   5.5694520e+06   3.3000000e+01
   5.5694800e+06   1.9000000e+01
   5.5699600e+06   2.5000000e+01
   5.5705280e+06   2.1000000e+01
   5.5705870e+06   2.9000000e+01
   5.5710550e+06   2.2000000e+01
   5.5710960e+06   1.8000000e+01
   5.5711760e+06   2.3000000e+01
   5.5994280e+06   2.2000000e+01
   5.5994760e+06   2.0000000e+01
   5.6007010e+06   1.8000000e+01
   5.6042910e+06   2.3000000e+01
   5.6054640e+06   1.9000000e+01
   5.6080290e+06   1.8000000e+01
   5.6102590e+06   1.9000000e+01
   5.6128250e+06   1.9000000e+01
   5.6133180e+06   2.2000000e+01
   5.6137960e+06   1.8000000e+01
   5.6146340e+06   2.5000000e+01
   5.6149940e+06   2.3000000e+01
   5.6150350e+06   2.1000000e+01
   5.6155890e+06   2.1000000e+01
   5.6161850e+06   2.5000000e+01
   5.6168070e+06   1.9000000e+01
   5.6175380e+06   1.8000000e+01
   5.6208060e+06   1.8000000e+01
   5.6217580e+06   1.8000000e+01
   5.6232980e+06   2.2000000e+01
   5.6262620e+06   2.2000000e+01
   5.6276470e+06   1.9000000e+01
   5.6288910e+06   2.3000000e+01
   5.6309040e+06   1.8000000e+01
   5.6310240e+06   1.8000000e+01
   5.6318510e+06   1.9000000e+01
   5.6324670e+06   1.8000000e+01
   5.7804750e+06   1.8000000e+01
   5.7807260e+06   2.2000000e+01
   5.7852450e+06   1.8000000e+01
   5.7858530e+06   1.8000000e+01
   5.7864580e+06   1.9000000e+01
   5.7870630e+06   3.4000000e+01
   5.7870990e+06   2.2000000e+01
   5.7872090e+06   2.5000000e+01
   5.7877550e+06   2.9000000e+01
   5.7878000e+06   2.0000000e+01
   5.7879830e+06   1.9000000e+01
   5.7881950e+06   2.4000000e+01
   5.7888270e+06   2.0000000e+01
   5.7888670e+06   2.0000000e+01
   5.7892140e+06   2.0000000e+01
   5.7893520e+06   1.8000000e+01
   5.7894110e+06   2.0000000e+01
   5.7907080e+06   2.4000000e+01
   5.7907530e+06   2.0000000e+01
   5.7964600e+06   1.8000000e+01
   5.7990790e+06   2.2000000e+01
   5.7995850e+06   2.1000000e+01
   5.7996740e+06   2.6000000e+01
   5.8001370e+06   2.1000000e+01
   5.8008600e+06   2.3000000e+01
   5.8038800e+06   2.2000000e+01
   5.8241870e+06   1.9000000e+01
   5.8592910e+06   1.8000000e+01
   5.8806730e+06   1.8000000e+01
   5.9521620e+06   2.0000000e+01
   5.9533710e+06   2.4000000e+01
   5.9550080e+06   2.0000000e+01
   5.9785180e+06   1.8000000e+01
   6.0360810e+06   1.8000000e+01
   6.0775420e+06   1.8000000e+01
   6.0778080e+06   2.2000000e+01
   6.0784740e+06   1.8000000e+01
   6.0787640e+06   2.0000000e+01
   6.0796760e+06   2.0000000e+01
   6.0797690e+06   1.9000000e+01
   6.0798570e+06   1.8000000e+01
   6.0804700e+06   1.8000000e+01
   6.0806520e+06   1.8000000e+01
   6.0806980e+06   2.0000000e+01
   6.0815100e+06   1.9000000e+01
   6.0824950e+06   2.8000000e+01
   6.0835490e+06   1.8000000e+01
   6.0835880e+06   2.3000000e+01
   6.0868550e+06   2.0000000e+01
   6.1687210e+06   1.9000000e+01
   6.2760110e+06   1.8000000e+01
   6.2789790e+06   1.8000000e+01
   6.2971970e+06   1.9000000e+01
   6.2975630e+06   2.2000000e+01
   6.2978620e+06   2.0000000e+01
   6.2982070e+06   2.2000000e+01
   6.2984180e+06   6.6000000e+01
   6.2984610e+06   3.6000000e+01
   6.2986500e+06   2.3000000e+01
   6.2990520e+06   2.8000000e+01
   6.2996600e+06   2.4000000e+01
   6.2999050e+06   2.0000000e+01
   6.3000360e+06   1.8000000e+01
   6.3000890e+06   5.9000000e+01
   6.3001160e+06   2.2000000e+01
   6.3003520e+06   3.1000000e+01
   6.3010470e+06   1.8000000e+01
   6.3010830e+06   1.8000000e+01
   6.3011950e+06   1.9000000e+01
   6.3014590e+06   2.0000000e+01
   6.3015250e+06   4.4000000e+01
   6.3015520e+06   1.9000000e+01
   6.3018310e+06   2.2000000e+01
   6.3018770e+06   2.2000000e+01
   6.3019270e+06   1.9000000e+01
   6.3022560e+06   2.0000000e+01
   6.3024410e+06   1.8000000e+01
   6.3027450e+06   1.8000000e+01
   6.3029550e+06   1.8000000e+01
   6.3030160e+06   1.8000000e+01
   6.3035260e+06   1.9000000e+01
   6.3037760e+06   1.9000000e+01
   6.3664130e+06   1.8000000e+01
   6.4044570e+06   1.8000000e+01
   6.4719190e+06   2.0000000e+01
   6.4722690e+06   2.1000000e+01
   6.4723150e+06   2.6000000e+01
   6.4727060e+06   1.8000000e+01
   6.4728030e+06   1.8000000e+01
   6.4730100e+06   3.5000000e+01
   6.4733010e+06   3.2000000e+01
   6.4733670e+06   1.9000000e+01
   6.4734160e+06   2.0000000e+01
   6.4735970e+06   1.9000000e+01
   6.4740660e+06   2.2000000e+01
   6.4744590e+06   2.6000000e+01
   6.4745060e+06   2.4000000e+01
   6.4748060e+06   2.0000000e+01
   6.4751900e+06   2.2000000e+01
   6.4752310e+06   2.1000000e+01
   6.4765020e+06   2.0000000e+01
   6.4767990e+06   2.4000000e+01
   6.4803270e+06   2.5000000e+01
   6.4918380e+06   1.8000000e+01
   6.5088140e+06   2.4000000e+01
   6.5309680e+06   2.0000000e+01
   6.5338590e+06   1.8000000e+01
   6.5359150e+06   2.9000000e+01
   6.5361780e+06   7.9000000e+01
   6.5362060e+06   2.5000000e+01
   6.5362570e+06   1.9000000e+01
   6.5363260e+06   2.3000000e+01
   6.5367480e+06   1.8000000e+01
   6.5371800e+06   2.0000000e+01
   6.5375670e+06   1.9000000e+01
   6.5376030e+06   3.4000000e+01
   6.5376690e+06   4.2000000e+01
   6.5377200e+06   2.1000000e+01
   6.5382520e+06   1.9000000e+01
   6.5386590e+06   3.2000000e+01
   6.5390020e+06   2.7000000e+01
   6.5390300e+06   1.8000000e+01
   6.5394800e+06   2.0000000e+01
   6.5395450e+06   2.4000000e+01
   6.5408470e+06   1.8000000e+01
   6.5409180e+06   2.0000000e+01
   6.5417160e+06   2.5000000e+01
   6.5419210e+06   2.3000000e+01
   6.5424970e+06   2.2000000e+01
   6.5446570e+06   2.3000000e+01
   6.5481230e+06   2.1000000e+01
   6.5511460e+06   1.9000000e+01
   6.5532770e+06   2.0000000e+01
   6.5541330e+06   2.3000000e+01
   6.5584730e+06   2.2000000e+01
   6.5590290e+06   2.2000000e+01
   6.5601180e+06   2.3000000e+01
   6.5618030e+06   2.5000000e+01
   6.5627750e+06   2.1000000e+01
   6.5647130e+06   1.8000000e+01
   6.5664920e+06   2.0000000e+01
   6.6042120e+06   2.0000000e+01
   6.6045000e+06   2.0000000e+01
   6.6048620e+06   1.8000000e+01
   6.6053300e+06   2.1000000e+01
   6.6060270e+06   1.8000000e+01
   6.6061580e+06   2.3000000e+01
   6.6068280e+06   2.6000000e+01
   6.6085900e+06   1.9000000e+01
   6.6092600e+06   1.9000000e+01
   6.6129700e+06   2.2000000e+01
   6.6519210e+06   1.9000000e+01
   6.6712520e+06   1.9000000e+01
   6.8291540e+06   1.9000000e+01
   6.8328950e+06   2.7000000e+01
   6.8331320e+06   7.5000000e+01
   6.8331590e+06   2.7000000e+01
   6.8332200e+06   2.3000000e+01
   6.8334600e+06   1.8000000e+01
   6.8335430e+06   1.8000000e+01
   6.8338110e+06   1.8000000e+01
   6.8339330e+06   1.8000000e+01
   6.8341020e+06   2.5000000e+01
   6.8341360e+06   8.3000000e+01
   6.8341660e+06   3.0000000e+01
   6.8344990e+06   2.4000000e+01
   6.8347290e+06   2.6000000e+01
   6.8352400e+06   1.9000000e+01
   6.8354960e+06   2.2000000e+01
   6.8355300e+06   2.1000000e+01
   6.8359780e+06   2.0000000e+01
   6.8373210e+06   2.5000000e+01
   6.8380120e+06   1.8000000e+01
   6.8427040e+06   1.9000000e+01
   6.8434050e+06   2.1000000e+01
   6.8448340e+06   2.1000000e+01
   6.8470090e+06   1.9000000e+01
   6.8513590e+06   2.7000000e+01
   6.9601690e+06   1.9000000e+01
   6.9607040e+06   2.0000000e+01
   6.9625970e+06   1.9000000e+01
   6.9633330e+06   1.8000000e+01
   6.9641860e+06   1.8000000e+01
   6.9654390e+06   3.1000000e+01
   6.9655470e+06   2.2000000e+01
   6.9656900e+06   2.0000000e+01
   6.9658010e+06   2.0000000e+01
   6.9661300e+06   1.9000000e+01
   6.9662700e+06   2.4000000e+01
   6.9663100e+06   3.4000000e+01
   6.9667810e+06   2.6000000e+01
   6.9668430e+06   2.0000000e+01
   6.9669230e+06   2.0000000e+01
   6.9671560e+06   2.2000000e+01
   6.9672910e+06   1.8000000e+01
   6.9674080e+06   2.0000000e+01
   6.9677310e+06   2.0000000e+01
   6.9679880e+06   2.0000000e+01
   6.9683640e+06   3.1000000e+01
   6.9683900e+06   1.8000000e+01
   6.9687820e+06   1.8000000e+01
   6.9692780e+06   2.2000000e+01
   6.9696250e+06   1.9000000e+01
   6.9699560e+06   1.9000000e+01
   6.9701210e+06   2.9000000e+01
   6.9709860e+06   2.2000000e+01
   6.9726490e+06   2.0000000e+01
   6.9760740e+06   2.2000000e+01
   7.0459290e+06   1.8000000e+01
   7.0485180e+06   2.6000000e+01
   7.0505390e+06   2.1000000e+01
   7.0508900e+06   2.0000000e+01
   7.0516830e+06   2.4000000e+01
   7.0517410e+06   2.6000000e+01
   7.0521130e+06   2.7000000e+01
   7.0523790e+06   6.0000000e+01
   7.0524130e+06   2.3000000e+01
   7.0525700e+06   1.8000000e+01
   7.0529580e+06   2.2000000e+01
   7.0530740e+06   2.6000000e+01
   7.0536390e+06   1.9000000e+01
   7.0536880e+06   1.9000000e+01
   7.0548800e+06   2.3000000e+01
   7.0553360e+06   2.0000000e+01
   7.0566840e+06   2.6000000e+01
   7.0580970e+06   2.0000000e+01
   7.0590170e+06   2.2000000e+01
   7.0648410e+06   2.0000000e+01
   7.0737790e+06   1.9000000e+01
   7.0739420e+06   2.2000000e+01
   7.0852030e+06   2.3000000e+01
   7.1986890e+06   3.1000000e+01
   7.1994400e+06   2.7000000e+01
   7.1999230e+06   2.5000000e+01
   7.2001210e+06   2.1000000e+01
   7.2002610e+06   1.9000000e+01
   7.2009820e+06   2.6000000e+01
   7.2015630e+06   1.9000000e+01
   7.2017050e+06   1.9000000e+01
   7.2021580e+06   2.1000000e+01
   7.2023600e+06   5.3000000e+01
   7.2023880e+06   2.6000000e+01
   7.2031550e+06   2.4000000e+01
   7.2032180e+06   1.8000000e+01
   7.2039980e+06   4.8000000e+01
   7.2045310e+06   2.1000000e+01
   7.2061610e+06   2.2000000e+01
