   7.5000000e+06   0.0000000e+00
   2.4000000e+01   3.3000000e+01
   2.8390000e+03   2.8000000e+01
   3.5780000e+03   2.5000000e+01
   6.1080000e+03   2.9000000e+01
   6.9890000e+03   2.4000000e+01
   8.1490000e+03   2.4000000e+01
   1.0047000e+04   3.1000000e+01
   1.6927000e+04   2.8000000e+01
   2.2131000e+05   2.2000000e+01
   2.2385400e+05   2.2000000e+01
   2.2533400e+05   3.3000000e+01
   2.2756100e+05   2.2000000e+01
   2.2870100e+05   3.1000000e+01
   2.3081600e+05   3.0000000e+01
   2.3840000e+05   2.2000000e+01
   3.3209900e+05   2.7000000e+01
   3.3803300e+05   2.9000000e+01
   3.3990200e+05   2.7000000e+01
   3.4317300e+05   2.7000000e+01
   5.3815200e+05   2.2000000e+01
   6.3228200e+05   2.3000000e+01
   6.3755600e+05   3.0000000e+01
   6.3985600e+05   3.3000000e+01
   6.4075600e+05   2.7000000e+01
   6.4088100e+05   2.6000000e+01
   6.4135200e+05   2.7000000e+01
   6.4164200e+05   2.2000000e+01
   6.4177600e+05   2.5000000e+01
   6.4213400e+05   2.4000000e+01
   6.4301900e+05   2.5000000e+01
   6.4387100e+05   3.7000000e+01
   6.4459900e+05   2.2000000e+01
   6.4586100e+05   2.5000000e+01
   6.4871800e+05   2.4000000e+01
   7.0594300e+05   2.5000000e+01
   7.0781300e+05   2.6000000e+01
   7.1312700e+05   2.9000000e+01
   7.2128600e+05   3.3000000e+01
   7.2131100e+05   2.5000000e+01
   7.2218700e+05   2.6000000e+01
   7.2284400e+05   2.3000000e+01
   7.2567300e+05   2.3000000e+01
   7.4449200e+05   3.0000000e+01
   7.5259600e+05   3.2000000e+01
   7.7773700e+05   2.3000000e+01
   1.0051020e+06   2.2000000e+01
   1.0060810e+06   2.3000000e+01
   1.0069830e+06   3.3000000e+01
   1.0076580e+06   2.4000000e+01
   1.0081320e+06   2.9000000e+01
   1.0081910e+06   2.4000000e+01
   1.0085610e+06   2.8000000e+01
   1.0087570e+06   2.5000000e+01
   1.0091910e+06   2.3000000e+01
   1.0092180e+06   2.3000000e+01
   1.0097550e+06   2.5000000e+01
   1.0100780e+06   2.5000000e+01
   1.0106250e+06   2.5000000e+01
   1.0108980e+06   2.4000000e+01
   1.0111850e+06   3.0000000e+01
   1.0112560e+06   2.3000000e+01
   1.0125940e+06   2.3000000e+01
   1.0127970e+06   2.7000000e+01
   1.0141960e+06   3.1000000e+01
   1.0142740e+06   2.2000000e+01
   1.0443450e+06   2.5000000e+01
   1.0456000e+06   2.5000000e+01
   1.0466520e+06   2.2000000e+01
   1.0483950e+06   3.3000000e+01
   1.0497090e+06   2.2000000e+01
   1.0509500e+06   2.4000000e+01
   1.2888390e+06   2.3000000e+01
   1.2925830e+06   2.3000000e+01
   1.2939340e+06   2.2000000e+01
   1.2947670e+06   2.6000000e+01
   1.2958440e+06   2.4000000e+01
   1.2987160e+06   2.7000000e+01
   1.3006630e+06   2.7000000e+01
   1.3034060e+06   2.4000000e+01
   1.3163520e+06   2.7000000e+01
   1.3443880e+06   2.3000000e+01
   1.3457680e+06   2.5000000e+01
   1.3464340e+06   2.3000000e+01
   1.3474840e+06   2.5000000e+01
   1.3482690e+06   2.2000000e+01
   1.4219480e+06   3.0000000e+01
   1.4243930e+06   2.2000000e+01
   1.4246720e+06   2.9000000e+01
   1.4266050e+06   2.5000000e+01
   1.4302150e+06   2.3000000e+01
   1.4303110e+06   4.2000000e+01
   1.4304540e+06   2.8000000e+01
   1.4306170e+06   2.8000000e+01
   1.4307070e+06   2.2000000e+01
   1.4307890e+06   2.5000000e+01
   1.4308930e+06   2.8000000e+01
   1.4309500e+06   2.2000000e+01
   1.4309990e+06   2.8000000e+01
   1.4310990e+06   2.3000000e+01
   1.4311950e+06   2.2000000e+01
   1.4313000e+06   2.8000000e+01
   1.4314100e+06   2.7000000e+01
   1.4315340e+06   2.7000000e+01
   1.4316270e+06   2.3000000e+01
   1.4316820e+06   2.2000000e+01
   1.4317320e+06   2.6000000e+01
   1.4318280e+06   2.3000000e+01
   1.4319070e+06   2.2000000e+01
   1.4319390e+06   3.1000000e+01
   1.4320400e+06   2.2000000e+01
   1.4321170e+06   2.3000000e+01
   1.4321530e+06   2.7000000e+01
   1.4322710e+06   3.0000000e+01
   1.4323910e+06   2.6000000e+01
   1.4324580e+06   2.6000000e+01
   1.4324940e+06   2.9000000e+01
   1.4326060e+06   2.4000000e+01
   1.4327160e+06   2.8000000e+01
   1.4328300e+06   2.5000000e+01
   1.4329340e+06   2.6000000e+01
   1.4329880e+06   2.7000000e+01
   1.4330480e+06   2.2000000e+01
   1.4331600e+06   2.2000000e+01
   1.4333130e+06   2.3000000e+01
   1.4333990e+06   2.4000000e+01
   1.4335190e+06   3.3000000e+01
   1.4336330e+06   2.5000000e+01
   1.4337620e+06   3.0000000e+01
   1.4338430e+06   2.2000000e+01
   1.4338750e+06   3.0000000e+01
   1.4340050e+06   2.3000000e+01
   1.4341110e+06   2.2000000e+01
   1.4341600e+06   2.3000000e+01
   1.4342280e+06   2.5000000e+01
   1.4343570e+06   3.1000000e+01
   1.4344900e+06   2.3000000e+01
   1.4345470e+06   2.3000000e+01
   1.4345980e+06   2.4000000e+01
   1.4347230e+06   2.2000000e+01
   1.4348430e+06   3.1000000e+01
   1.4349110e+06   2.8000000e+01
   1.4349710e+06   2.5000000e+01
   1.4350980e+06   2.6000000e+01
   1.4352210e+06   2.3000000e+01
   1.4352690e+06   2.2000000e+01
   1.4353390e+06   2.3000000e+01
   1.4354710e+06   2.4000000e+01
   1.4356110e+06   3.4000000e+01
   1.4357340e+06   2.5000000e+01
   1.4358660e+06   2.6000000e+01
   1.4359250e+06   2.2000000e+01
   1.4359980e+06   2.2000000e+01
   1.4361310e+06   2.5000000e+01
   1.4362640e+06   2.2000000e+01
   1.4363930e+06   3.0000000e+01
   1.4365230e+06   2.5000000e+01
   1.4365910e+06   2.3000000e+01
   1.4368030e+06   2.3000000e+01
   1.4369450e+06   3.0000000e+01
   1.4370830e+06   2.9000000e+01
   1.4372140e+06   2.6000000e+01
   1.4373750e+06   2.2000000e+01
   1.4375050e+06   2.5000000e+01
   1.4376470e+06   2.2000000e+01
   1.4377830e+06   2.8000000e+01
   1.4379250e+06   2.8000000e+01
   1.4379770e+06   2.4000000e+01
   1.4380600e+06   2.2000000e+01
   1.4383570e+06   3.3000000e+01
   1.4384930e+06   2.6000000e+01
   1.4386420e+06   3.0000000e+01
   1.4387590e+06   3.0000000e+01
   1.4389140e+06   2.4000000e+01
   1.4390600e+06   3.0000000e+01
   1.4391540e+06   2.6000000e+01
   1.4393540e+06   2.7000000e+01
   1.4394890e+06   2.5000000e+01
   1.4395450e+06   2.3000000e+01
   1.4396370e+06   3.1000000e+01
   1.4397860e+06   2.5000000e+01
   1.4398710e+06   2.3000000e+01
   1.4399450e+06   2.5000000e+01
   1.4400880e+06   2.5000000e+01
   1.4402290e+06   2.6000000e+01
   1.4404100e+06   2.6000000e+01
   1.4405720e+06   2.9000000e+01
   1.4407070e+06   2.2000000e+01
   1.4408640e+06   3.4000000e+01
   1.4409500e+06   2.3000000e+01
   1.4410100e+06   2.2000000e+01
   1.4412180e+06   2.8000000e+01
   1.4413230e+06   2.4000000e+01
   1.4413750e+06   2.2000000e+01
   1.4415430e+06   2.3000000e+01
   1.4416700e+06   2.8000000e+01
   1.4420230e+06   2.3000000e+01
   1.4420560e+06   3.0000000e+01
   1.4421900e+06   2.2000000e+01
   1.4423540e+06   2.8000000e+01
   1.4424260e+06   2.6000000e+01
   1.4425260e+06   2.3000000e+01
   1.4427030e+06   2.4000000e+01
   1.4428230e+06   2.3000000e+01
   1.4428630e+06   2.9000000e+01
   1.4430400e+06   2.2000000e+01
   1.4431640e+06   2.3000000e+01
   1.4432020e+06   3.0000000e+01
   1.4433820e+06   2.5000000e+01
   1.4435210e+06   2.4000000e+01
   1.4435560e+06   2.9000000e+01
   1.4437110e+06   2.2000000e+01
   1.4438650e+06   2.9000000e+01
   1.4440440e+06   2.8000000e+01
   1.4442010e+06   2.4000000e+01
   1.4443830e+06   3.0000000e+01
   1.4447480e+06   2.5000000e+01
   1.4448170e+06   2.4000000e+01
   1.4449320e+06   2.3000000e+01
   1.4451170e+06   2.4000000e+01
   1.4453020e+06   2.4000000e+01
   1.4454840e+06   2.3000000e+01
   1.4456740e+06   2.6000000e+01
   1.4458260e+06   2.6000000e+01
   1.4460300e+06   2.3000000e+01
   1.4461820e+06   2.2000000e+01
   1.4464010e+06   2.2000000e+01
   1.4464690e+06   2.5000000e+01
   1.4467850e+06   2.2000000e+01
   1.4469460e+06   2.4000000e+01
   1.4471470e+06   2.4000000e+01
   1.4473410e+06   2.8000000e+01
   1.4473850e+06   2.2000000e+01
   1.4475070e+06   2.5000000e+01
   1.4476880e+06   2.6000000e+01
   1.4478150e+06   2.6000000e+01
   1.4478890e+06   2.3000000e+01
   1.4480510e+06   3.0000000e+01
   1.4482610e+06   2.3000000e+01
   1.4484660e+06   2.6000000e+01
   1.4486400e+06   2.8000000e+01
   1.4486710e+06   2.5000000e+01
   1.4490500e+06   2.4000000e+01
   1.4492180e+06   2.5000000e+01
   1.4494170e+06   2.3000000e+01
   1.4495210e+06   2.4000000e+01
   1.4498370e+06   3.3000000e+01
   1.4499130e+06   2.7000000e+01
   1.4500180e+06   2.2000000e+01
   1.4502240e+06   2.5000000e+01
   1.4503850e+06   2.6000000e+01
   1.4504340e+06   2.5000000e+01
   1.4506810e+06   2.5000000e+01
   1.4508650e+06   2.5000000e+01
   1.4510420e+06   2.7000000e+01
   1.4512530e+06   2.2000000e+01
   1.4513110e+06   2.3000000e+01
   1.4514360e+06   2.3000000e+01
   1.4517230e+06   2.3000000e+01
   1.4518750e+06   3.1000000e+01
   1.4519000e+06   2.7000000e+01
   1.4520730e+06   2.4000000e+01
   1.4522840e+06   2.3000000e+01
   1.4525300e+06   2.8000000e+01
   1.4527240e+06   2.6000000e+01
   1.4529790e+06   2.3000000e+01
   1.4530540e+06   2.3000000e+01
   1.4532240e+06   2.6000000e+01
   1.4534240e+06   2.6000000e+01
   1.4536390e+06   2.4000000e+01
   1.4538350e+06   3.3000000e+01
   1.4538730e+06   2.6000000e+01
   1.4540390e+06   2.2000000e+01
   1.4542580e+06   2.6000000e+01
   1.4542970e+06   2.5000000e+01
   1.4544600e+06   2.4000000e+01
   1.4547550e+06   2.6000000e+01
   1.4548370e+06   2.8000000e+01
   1.4549260e+06   2.3000000e+01
   1.4551290e+06   2.3000000e+01
   1.4552200e+06   2.6000000e+01
   1.4553800e+06   2.2000000e+01
   1.4555490e+06   2.2000000e+01
   1.4557940e+06   2.5000000e+01
   1.4560100e+06   2.7000000e+01
   1.4561300e+06   2.5000000e+01
   1.4564530e+06   2.3000000e+01
   1.4565820e+06   2.3000000e+01
   1.4568690e+06   2.5000000e+01
   1.4570950e+06   2.6000000e+01
   1.4573260e+06   2.6000000e+01
   1.4574410e+06   2.7000000e+01
   1.4575530e+06   2.2000000e+01
   1.4577740e+06   2.2000000e+01
   1.4578980e+06   2.5000000e+01
   1.4579950e+06   2.3000000e+01
   1.4582570e+06   2.6000000e+01
   1.4583840e+06   2.4000000e+01
   1.4585050e+06   2.4000000e+01
   1.4587480e+06   2.3000000e+01
   1.4589650e+06   2.5000000e+01
   1.4589950e+06   2.5000000e+01
   1.4591890e+06   2.7000000e+01
   1.4594240e+06   2.3000000e+01
   1.4597490e+06   2.9000000e+01
   1.4598910e+06   2.7000000e+01
   1.4600150e+06   2.4000000e+01
   1.4602790e+06   3.6000000e+01
   1.4607660e+06   2.3000000e+01
   1.4612040e+06   3.0000000e+01
   1.4612910e+06   2.2000000e+01
   1.4615270e+06   2.3000000e+01
   1.4616350e+06   2.2000000e+01
   1.4617510e+06   2.7000000e+01
   1.4619700e+06   2.4000000e+01
   1.4620800e+06   2.4000000e+01
   1.4622220e+06   2.6000000e+01
   1.4624430e+06   2.4000000e+01
   1.4626660e+06   2.4000000e+01
   1.4629550e+06   2.7000000e+01
   1.4631800e+06   2.3000000e+01
   1.4634550e+06   2.2000000e+01
   1.4637330e+06   2.8000000e+01
   1.4639830e+06   2.5000000e+01
   1.4641790e+06   2.2000000e+01
   1.4644260e+06   2.2000000e+01
   1.4646060e+06   2.4000000e+01
   1.4646670e+06   3.0000000e+01
   1.4649390e+06   2.6000000e+01
   1.4649860e+06   2.6000000e+01
   1.4651990e+06   2.5000000e+01
   1.4655110e+06   2.2000000e+01
   1.4657400e+06   2.8000000e+01
   1.4660160e+06   2.7000000e+01
   1.4660580e+06   2.2000000e+01
   1.4662550e+06   2.3000000e+01
   1.4665300e+06   2.9000000e+01
   1.4667950e+06   2.4000000e+01
   1.4671320e+06   2.6000000e+01
   1.4674170e+06   2.7000000e+01
   1.4676650e+06   2.3000000e+01
   1.4677320e+06   2.3000000e+01
   1.4681600e+06   2.7000000e+01
   1.4684000e+06   2.4000000e+01
   1.4686550e+06   3.0000000e+01
   1.4687460e+06   2.5000000e+01
   1.4689360e+06   2.5000000e+01
   1.4695120e+06   2.4000000e+01
   1.4700830e+06   2.6000000e+01
   1.4703810e+06   2.6000000e+01
   1.4706780e+06   2.6000000e+01
   1.4710740e+06   2.7000000e+01
   1.4713050e+06   2.6000000e+01
   1.4715750e+06   2.5000000e+01
   1.4718770e+06   2.4000000e+01
   1.4720370e+06   2.7000000e+01
   1.4721660e+06   2.2000000e+01
   1.4724130e+06   2.2000000e+01
   1.4724560e+06   2.5000000e+01
   1.4726860e+06   2.2000000e+01
   1.4729860e+06   2.7000000e+01
   1.4732010e+06   2.2000000e+01
   1.4732530e+06   2.5000000e+01
   1.4735070e+06   2.8000000e+01
   1.4737810e+06   2.2000000e+01
   1.4740040e+06   2.6000000e+01
   1.4744050e+06   2.4000000e+01
   1.4746660e+06   2.3000000e+01
   1.4751000e+06   2.7000000e+01
   1.4755540e+06   2.7000000e+01
   1.4758290e+06   2.7000000e+01
   1.4758710e+06   2.8000000e+01
   1.4762560e+06   2.2000000e+01
   1.4765260e+06   2.2000000e+01
   1.4775630e+06   2.5000000e+01
   1.4777280e+06   2.3000000e+01
   1.4778460e+06   2.2000000e+01
   1.4780780e+06   2.5000000e+01
   1.4781280e+06   2.6000000e+01
   1.4784980e+06   3.3000000e+01
   1.4789100e+06   2.2000000e+01
   1.4791950e+06   2.6000000e+01
   1.4793100e+06   2.5000000e+01
   1.4794560e+06   2.6000000e+01
   1.4798850e+06   2.4000000e+01
   1.4801770e+06   2.5000000e+01
   1.4805100e+06   2.4000000e+01
   1.4808260e+06   2.5000000e+01
   1.4809710e+06   3.1000000e+01
   1.4812330e+06   2.2000000e+01
   1.4814000e+06   2.3000000e+01
   1.4815140e+06   2.2000000e+01
   1.4818330e+06   2.2000000e+01
   1.4821650e+06   2.7000000e+01
   1.4823230e+06   2.4000000e+01
   1.4824260e+06   2.9000000e+01
   1.4827330e+06   2.7000000e+01
   1.4829730e+06   2.5000000e+01
   1.4833470e+06   2.7000000e+01
   1.4840250e+06   2.6000000e+01
   1.4841350e+06   2.2000000e+01
   1.4845210e+06   2.6000000e+01
   1.4847040e+06   2.5000000e+01
   1.4850730e+06   2.5000000e+01
   1.4854820e+06   2.8000000e+01
   1.4856100e+06   2.3000000e+01
   1.4858690e+06   2.6000000e+01
   1.4859700e+06   2.6000000e+01
   1.4862590e+06   2.3000000e+01
   1.4863530e+06   2.2000000e+01
   1.4866980e+06   2.4000000e+01
   1.4870590e+06   2.5000000e+01
   1.4873180e+06   2.6000000e+01
   1.4875440e+06   2.3000000e+01
   1.4876300e+06   2.7000000e+01
   1.4879120e+06   2.4000000e+01
   1.4879920e+06   2.3000000e+01
   1.4882560e+06   2.2000000e+01
   1.4882970e+06   2.3000000e+01
   1.4886340e+06   2.8000000e+01
   1.4889980e+06   2.5000000e+01
   1.4891570e+06   2.6000000e+01
   1.4892780e+06   2.4000000e+01
   1.4896040e+06   2.5000000e+01
   1.4896620e+06   2.5000000e+01
   1.4900010e+06   2.7000000e+01
   1.4903230e+06   2.4000000e+01
   1.4905300e+06   2.2000000e+01
   1.4907820e+06   2.8000000e+01
   1.4911140e+06   2.2000000e+01
   1.4914820e+06   2.5000000e+01
   1.4917310e+06   2.2000000e+01
   1.4919700e+06   2.4000000e+01
   1.4920670e+06   2.2000000e+01
   1.4923820e+06   2.2000000e+01
   1.4925160e+06   3.4000000e+01
   1.4927950e+06   2.4000000e+01
   1.4931290e+06   2.9000000e+01
   1.4935540e+06   2.4000000e+01
   1.4938630e+06   2.2000000e+01
   1.4941980e+06   2.3000000e+01
   1.4945630e+06   2.5000000e+01
   1.4945960e+06   2.7000000e+01
   1.4950480e+06   2.5000000e+01
   1.4954200e+06   2.4000000e+01
   1.4957880e+06   2.3000000e+01
   1.4963520e+06   2.4000000e+01
   1.4967140e+06   2.7000000e+01
   1.4967870e+06   2.2000000e+01
   1.4976840e+06   2.3000000e+01
   1.4977780e+06   2.3000000e+01
   1.4981840e+06   2.3000000e+01
   1.4983240e+06   2.2000000e+01
   1.4987310e+06   2.6000000e+01
   1.4991010e+06   2.4000000e+01
   1.4995720e+06   2.6000000e+01
   1.4996560e+06   2.2000000e+01
   1.5005970e+06   2.5000000e+01
   1.5007570e+06   3.1000000e+01
   1.5011150e+06   2.8000000e+01
   1.5018750e+06   2.3000000e+01
   1.5021530e+06   2.7000000e+01
   1.5026210e+06   2.3000000e+01
   1.5030570e+06   2.5000000e+01
   1.5033720e+06   2.7000000e+01
   1.5034300e+06   2.5000000e+01
   1.5036940e+06   2.4000000e+01
   1.5038870e+06   2.7000000e+01
   1.5040990e+06   2.3000000e+01
   1.5044180e+06   2.2000000e+01
   1.5047510e+06   3.2000000e+01
   1.5051880e+06   2.3000000e+01
   1.5055200e+06   2.5000000e+01
   1.5057310e+06   2.4000000e+01
   1.5059420e+06   2.2000000e+01
   1.5061370e+06   2.4000000e+01
   1.5063450e+06   2.7000000e+01
   1.5065760e+06   2.8000000e+01
   1.5067680e+06   2.5000000e+01
   1.5069500e+06   2.3000000e+01
   1.5075620e+06   2.5000000e+01
   1.5079000e+06   2.9000000e+01
   1.5079520e+06   2.6000000e+01
   1.5082920e+06   2.3000000e+01
   1.5087720e+06   2.9000000e+01
   1.5093830e+06   2.7000000e+01
   1.5095640e+06   2.6000000e+01
   1.5100130e+06   2.5000000e+01
   1.5111310e+06   2.5000000e+01
   1.5112970e+06   3.0000000e+01
   1.5116110e+06   2.9000000e+01
   1.5117900e+06   2.9000000e+01
   1.5123740e+06   2.5000000e+01
   1.5128780e+06   2.9000000e+01
   1.5133110e+06   2.4000000e+01
   1.5137990e+06   2.7000000e+01
   1.5141680e+06   2.4000000e+01
   1.5143400e+06   2.4000000e+01
   1.5146700e+06   2.7000000e+01
   1.5148410e+06   3.1000000e+01
   1.5153620e+06   2.5000000e+01
   1.5154140e+06   2.8000000e+01
   1.5157500e+06   2.3000000e+01
   1.5161470e+06   2.9000000e+01
   1.5164220e+06   2.2000000e+01
   1.5167050e+06   2.6000000e+01
   1.5170430e+06   2.2000000e+01
   1.5174940e+06   2.2000000e+01
   1.5178700e+06   2.2000000e+01
   1.5183030e+06   2.7000000e+01
   1.5186610e+06   2.4000000e+01
   1.5191030e+06   2.2000000e+01
   1.5194590e+06   2.2000000e+01
   1.5198360e+06   2.3000000e+01
   1.5202330e+06   2.7000000e+01
   1.5204210e+06   2.7000000e+01
   1.5207460e+06   2.7000000e+01
   1.5215330e+06   2.7000000e+01
   1.5218570e+06   2.3000000e+01
   1.5225780e+06   2.2000000e+01
   1.5227340e+06   3.4000000e+01
   1.5230540e+06   2.5000000e+01
   1.5231190e+06   2.4000000e+01
   1.5236180e+06   3.1000000e+01
   1.5241710e+06   2.3000000e+01
   1.5244950e+06   2.4000000e+01
   1.5248120e+06   2.4000000e+01
   1.5249380e+06   2.2000000e+01
   1.5253850e+06   2.5000000e+01
   1.5258460e+06   2.5000000e+01
   1.5261530e+06   2.4000000e+01
   1.5264750e+06   2.3000000e+01
   1.5266240e+06   2.4000000e+01
   1.5269450e+06   2.2000000e+01
   1.5270830e+06   2.6000000e+01
   1.5274660e+06   2.4000000e+01
   1.5282860e+06   3.0000000e+01
   1.5287060e+06   2.6000000e+01
   1.5287830e+06   2.9000000e+01
   1.5290630e+06   2.4000000e+01
   1.5293130e+06   2.9000000e+01
   1.5296070e+06   2.4000000e+01
   1.5298970e+06   2.3000000e+01
   1.5304110e+06   2.2000000e+01
   1.5305290e+06   2.5000000e+01
   1.5308730e+06   2.4000000e+01
   1.5313920e+06   2.5000000e+01
   1.5318980e+06   2.5000000e+01
   1.5324310e+06   2.3000000e+01
   1.5329400e+06   2.2000000e+01
   1.5331570e+06   2.8000000e+01
   1.5333670e+06   2.2000000e+01
   1.5337700e+06   2.5000000e+01
   1.5339320e+06   2.8000000e+01
   1.5342790e+06   2.3000000e+01
   1.5344050e+06   2.3000000e+01
   1.5346420e+06   2.7000000e+01
   1.5349520e+06   2.3000000e+01
   1.5350770e+06   2.4000000e+01
   1.5355250e+06   2.2000000e+01
   1.5355710e+06   2.2000000e+01
   1.5362090e+06   2.5000000e+01
   1.5363790e+06   2.2000000e+01
   1.5371930e+06   2.2000000e+01
   1.5378300e+06   2.6000000e+01
   1.5383340e+06   2.4000000e+01
   1.5391090e+06   2.6000000e+01
   1.5395620e+06   2.3000000e+01
   1.5401700e+06   2.8000000e+01
   1.5407110e+06   2.5000000e+01
   1.5413220e+06   2.2000000e+01
   1.5420500e+06   2.9000000e+01
   1.5425090e+06   2.7000000e+01
   1.5430040e+06   2.3000000e+01
   1.5435450e+06   2.2000000e+01
   1.5439200e+06   2.4000000e+01
   1.5441120e+06   2.5000000e+01
   1.5447240e+06   2.2000000e+01
   1.5453130e+06   2.3000000e+01
   1.5458090e+06   2.7000000e+01
   1.5461450e+06   2.4000000e+01
   1.5463380e+06   3.0000000e+01
   1.5470200e+06   2.8000000e+01
   1.5474830e+06   2.5000000e+01
   1.5484180e+06   2.2000000e+01
   1.5491240e+06   2.7000000e+01
   1.5495090e+06   2.4000000e+01
   1.5495910e+06   2.7000000e+01
   1.5503320e+06   2.3000000e+01
   1.5507650e+06   2.3000000e+01
   1.5512240e+06   2.2000000e+01
   1.5512800e+06   2.3000000e+01
   1.5517710e+06   2.7000000e+01
   1.5518130e+06   2.7000000e+01
   1.5523770e+06   2.8000000e+01
   1.5531290e+06   3.1000000e+01
   1.5533030e+06   2.3000000e+01
   1.5535490e+06   2.4000000e+01
   1.5547450e+06   2.7000000e+01
   1.5550600e+06   2.7000000e+01
   1.5552690e+06   2.5000000e+01
   1.5556240e+06   2.7000000e+01
   1.5558820e+06   3.3000000e+01
   1.5563640e+06   2.5000000e+01
   1.5571450e+06   2.9000000e+01
   1.5573020e+06   2.5000000e+01
   1.5575890e+06   2.3000000e+01
   1.5589350e+06   2.2000000e+01
   1.5594760e+06   2.2000000e+01
   1.5598680e+06   2.8000000e+01
   1.5599590e+06   2.5000000e+01
   1.5604810e+06   2.7000000e+01
   1.5611320e+06   2.8000000e+01
   1.5619150e+06   2.5000000e+01
   1.5622790e+06   2.4000000e+01
   1.5630500e+06   2.2000000e+01
   1.5639780e+06   2.2000000e+01
   1.5647530e+06   2.7000000e+01
   1.5648120e+06   2.3000000e+01
   1.5652030e+06   2.2000000e+01
   1.5655210e+06   2.2000000e+01
   1.5656930e+06   2.2000000e+01
   1.5662630e+06   2.4000000e+01
   1.5667260e+06   2.6000000e+01
   1.5675560e+06   2.5000000e+01
   1.5684550e+06   2.5000000e+01
   1.5691150e+06   2.6000000e+01
   1.5698570e+06   2.9000000e+01
   1.5700140e+06   2.6000000e+01
   1.5706710e+06   2.6000000e+01
   1.5709340e+06   2.7000000e+01
   1.5711710e+06   2.6000000e+01
   1.5721480e+06   3.0000000e+01
   1.5727840e+06   2.2000000e+01
   1.5730550e+06   2.4000000e+01
   1.5739990e+06   2.2000000e+01
   1.5746700e+06   2.9000000e+01
   1.5748460e+06   2.7000000e+01
   1.5751000e+06   2.6000000e+01
   1.5756820e+06   2.4000000e+01
   1.5760840e+06   2.5000000e+01
   1.5761860e+06   2.3000000e+01
   1.5766640e+06   2.5000000e+01
   1.5774040e+06   2.6000000e+01
   1.5774730e+06   2.8000000e+01
   1.5782370e+06   3.2000000e+01
   1.5784310e+06   2.5000000e+01
   1.5787420e+06   2.4000000e+01
   1.5795160e+06   2.4000000e+01
   1.5802400e+06   2.3000000e+01
   1.5809320e+06   2.5000000e+01
   1.5814620e+06   2.4000000e+01
   1.5820750e+06   2.7000000e+01
   1.5826890e+06   3.1000000e+01
   1.5831710e+06   2.4000000e+01
   1.5842290e+06   2.7000000e+01
   1.5845080e+06   2.4000000e+01
   1.5853660e+06   2.6000000e+01
   1.5861300e+06   2.8000000e+01
   1.5883260e+06   2.8000000e+01
   1.5886680e+06   2.2000000e+01
   1.5898390e+06   2.3000000e+01
   1.5903180e+06   2.8000000e+01
   1.5915430e+06   2.2000000e+01
   1.5930910e+06   2.2000000e+01
   1.5945250e+06   2.4000000e+01
   1.5962700e+06   2.4000000e+01
   1.5971330e+06   3.3000000e+01
   1.5999290e+06   2.8000000e+01
   1.6020690e+06   2.8000000e+01
   1.6041050e+06   2.9000000e+01
   1.6053390e+06   2.7000000e+01
   1.6082140e+06   2.5000000e+01
   1.6110730e+06   2.4000000e+01
   1.6146510e+06   2.2000000e+01
   1.6169370e+06   2.2000000e+01
   1.6245030e+06   2.8000000e+01
   1.6282530e+06   3.0000000e+01
   1.6287030e+06   2.2000000e+01
   1.6287900e+06   2.5000000e+01
   1.6306650e+06   2.2000000e+01
   1.6321280e+06   2.6000000e+01
   1.6342570e+06   2.8000000e+01
   1.6353000e+06   2.4000000e+01
   1.6360390e+06   3.6000000e+01
   1.6362220e+06   2.5000000e+01
   1.6386910e+06   2.2000000e+01
   1.6402090e+06   2.8000000e+01
   1.6412700e+06   2.9000000e+01
   1.6427730e+06   2.2000000e+01
   1.6450860e+06   2.5000000e+01
   1.6452950e+06   2.6000000e+01
   1.6468980e+06   3.0000000e+01
   1.6487910e+06   3.0000000e+01
   1.6500390e+06   2.5000000e+01
   1.6508730e+06   3.3000000e+01
   1.6530050e+06   2.8000000e+01
   1.6551740e+06   2.2000000e+01
   1.6569530e+06   2.6000000e+01
   1.6691240e+06   2.5000000e+01
   1.6788320e+06   3.0000000e+01
   1.6818580e+06   2.7000000e+01
   1.6886400e+06   2.7000000e+01
   1.6889000e+06   2.3000000e+01
   1.6889730e+06   2.4000000e+01
   1.6890920e+06   2.9000000e+01
   1.6891700e+06   2.4000000e+01
   1.6892800e+06   2.3000000e+01
   1.6893830e+06   3.0000000e+01
   1.6905470e+06   3.6000000e+01
   1.6914470e+06   2.8000000e+01
   1.6935500e+06   2.8000000e+01
   1.6941080e+06   2.6000000e+01
   1.6947970e+06   2.4000000e+01
   1.6949880e+06   2.4000000e+01
   1.6964000e+06   2.6000000e+01
   1.6976030e+06   2.9000000e+01
   1.6990470e+06   3.3000000e+01
   1.6992410e+06   2.7000000e+01
   1.7003980e+06   3.0000000e+01
   1.7011930e+06   2.5000000e+01
   1.7021680e+06   3.2000000e+01
   1.7047540e+06   2.6000000e+01
   1.7050820e+06   2.7000000e+01
   1.7051480e+06   2.2000000e+01
   1.7067650e+06   3.1000000e+01
   1.7082930e+06   3.2000000e+01
   1.7105900e+06   2.4000000e+01
   1.7152840e+06   3.0000000e+01
   1.7162690e+06   2.3000000e+01
   1.7213070e+06   2.7000000e+01
   1.7319230e+06   2.6000000e+01
   1.7487920e+06   3.6000000e+01
   1.7629120e+06   3.4000000e+01
   1.7646880e+06   2.3000000e+01
   1.7664550e+06   2.3000000e+01
   1.8048910e+06   2.5000000e+01
   1.8070560e+06   2.7000000e+01
   1.8104100e+06   2.6000000e+01
   1.8114510e+06   2.5000000e+01
   1.8128460e+06   2.3000000e+01
   1.8148780e+06   3.0000000e+01
   1.8199440e+06   2.3000000e+01
   1.8499500e+06   2.4000000e+01
   1.8512640e+06   2.6000000e+01
   1.8515570e+06   2.2000000e+01
   1.8539090e+06   3.2000000e+01
   1.9218450e+06   2.5000000e+01
   1.9230250e+06   2.5000000e+01
   1.9272260e+06   2.6000000e+01
   1.9278390e+06   2.8000000e+01
   1.9291600e+06   2.3000000e+01
   1.9313620e+06   3.0000000e+01
   1.9440520e+06   2.5000000e+01
   1.9661080e+06   2.6000000e+01
   1.9727760e+06   3.1000000e+01
   1.9879530e+06   2.2000000e+01
   2.1086410e+06   2.4000000e+01
   2.1097800e+06   2.4000000e+01
   2.1128450e+06   2.4000000e+01
   2.1160720e+06   2.4000000e+01
   2.1199570e+06   2.6000000e+01
   2.1257400e+06   2.9000000e+01
   2.1328620e+06   2.2000000e+01
   2.2201120e+06   2.3000000e+01
   2.2593860e+06   3.3000000e+01
   2.2643510e+06   2.3000000e+01
   2.2667150e+06   2.4000000e+01
   2.2708950e+06   3.1000000e+01
   2.2848580e+06   3.2000000e+01
   2.2850090e+06   2.3000000e+01
   2.2856890e+06   3.2000000e+01
   2.2861340e+06   2.4000000e+01
   2.2872350e+06   3.2000000e+01
   2.2882040e+06   2.3000000e+01
   2.2987360e+06   2.8000000e+01
   2.3014750e+06   2.6000000e+01
   2.3032500e+06   3.1000000e+01
   2.3049730e+06   2.4000000e+01
   2.3093770e+06   2.2000000e+01
   2.5946100e+06   2.2000000e+01
   2.6239870e+06   2.2000000e+01
   2.6255520e+06   2.4000000e+01
   2.6278450e+06   2.4000000e+01
   2.6296370e+06   2.3000000e+01
   2.7510180e+06   2.2000000e+01
   2.7751370e+06   2.7000000e+01
   2.7769460e+06   3.0000000e+01
   2.7779110e+06   2.6000000e+01
   2.7857230e+06   2.7000000e+01
   2.7902540e+06   3.1000000e+01
   2.7936380e+06   2.4000000e+01
   3.0129600e+06   2.5000000e+01
   3.0130490e+06   2.4000000e+01
   3.0143900e+06   2.5000000e+01
   3.0150660e+06   2.3000000e+01
   3.0161960e+06   2.6000000e+01
   3.0251660e+06   2.8000000e+01
   3.0340280e+06   3.0000000e+01
   3.1439880e+06   2.3000000e+01
   3.1466630e+06   2.7000000e+01
   3.1474710e+06   2.6000000e+01
   3.1478390e+06   3.0000000e+01
   3.1481840e+06   2.3000000e+01
   3.1484300e+06   2.4000000e+01
   3.1485870e+06   2.2000000e+01
   3.1490970e+06   2.2000000e+01
   3.1491760e+06   2.2000000e+01
   3.1507110e+06   2.5000000e+01
   3.1510820e+06   3.0000000e+01
   3.1521870e+06   2.5000000e+01
   3.2523970e+06   2.4000000e+01
   3.2847700e+06   2.2000000e+01
   3.3829800e+06   2.3000000e+01
   3.3851130e+06   2.9000000e+01
   3.3881520e+06   2.3000000e+01
   3.3902140e+06   2.5000000e+01
   3.3942770e+06   2.3000000e+01
   3.4038840e+06   2.4000000e+01
   3.4065960e+06   2.4000000e+01
   3.4146570e+06   2.8000000e+01
   3.4190650e+06   3.0000000e+01
   3.4264470e+06   2.2000000e+01
   3.4273140e+06   3.1000000e+01
   3.4280880e+06   2.4000000e+01
   3.4281430e+06   2.2000000e+01
   3.4285550e+06   3.1000000e+01
   3.4289900e+06   2.5000000e+01
   3.4296160e+06   2.9000000e+01
   3.4298990e+06   2.2000000e+01
   3.4304190e+06   2.3000000e+01
   3.4321810e+06   2.2000000e+01
   3.4343950e+06   2.7000000e+01
   3.6889870e+06   2.2000000e+01
   3.6899500e+06   2.7000000e+01
   3.6919810e+06   2.5000000e+01
   3.6927280e+06   3.0000000e+01
   3.7007990e+06   3.5000000e+01
   3.7031550e+06   2.7000000e+01
   3.9448340e+06   2.3000000e+01
   3.9491770e+06   3.6000000e+01
   3.9504510e+06   2.5000000e+01
   3.9538280e+06   3.0000000e+01
   3.9567830e+06   2.9000000e+01
   3.9576230e+06   2.4000000e+01
   3.9623760e+06   2.5000000e+01
   3.9653870e+06   2.8000000e+01
   3.9885180e+06   2.3000000e+01
   4.0030800e+06   2.9000000e+01
   4.0060240e+06   3.1000000e+01
   4.0066090e+06   2.2000000e+01
   4.0067290e+06   2.6000000e+01
   4.0071110e+06   2.4000000e+01
   4.0071590e+06   3.5000000e+01
   4.0074450e+06   2.2000000e+01
   4.0075030e+06   2.9000000e+01
   4.0075460e+06   2.4000000e+01
   4.0079950e+06   2.3000000e+01
   4.0080250e+06   3.4000000e+01
   4.0084220e+06   2.5000000e+01
   4.0086070e+06   2.3000000e+01
   4.0087680e+06   3.5000000e+01
   4.0088000e+06   2.2000000e+01
   4.0092710e+06   2.7000000e+01
   4.0093240e+06   2.2000000e+01
   4.0098680e+06   2.8000000e+01
   4.0102760e+06   2.2000000e+01
   4.0106330e+06   2.6000000e+01
   4.0106940e+06   2.5000000e+01
   4.0107440e+06   2.8000000e+01
   4.0114000e+06   2.4000000e+01
   4.0122220e+06   2.8000000e+01
   4.0133150e+06   2.4000000e+01
   4.0141950e+06   2.9000000e+01
   4.0155720e+06   2.6000000e+01
   4.0177830e+06   2.4000000e+01
   4.0978160e+06   2.2000000e+01
   4.0978680e+06   2.6000000e+01
   4.0993160e+06   2.7000000e+01
   4.1011550e+06   2.4000000e+01
   4.3039390e+06   2.2000000e+01
   4.3046770e+06   2.6000000e+01
   4.3055320e+06   2.6000000e+01
   4.3064150e+06   2.4000000e+01
   4.3064560e+06   2.3000000e+01
   4.3069920e+06   2.3000000e+01
   4.3071740e+06   2.8000000e+01
   4.3079760e+06   2.2000000e+01
   4.3094100e+06   2.8000000e+01
   4.3117340e+06   2.7000000e+01
   4.3121820e+06   2.2000000e+01
   4.3168210e+06   2.2000000e+01
   4.3232170e+06   2.2000000e+01
   4.3365530e+06   2.2000000e+01
   4.4037870e+06   2.5000000e+01
   4.4059770e+06   2.3000000e+01
   4.5681070e+06   2.3000000e+01
   4.5744860e+06   2.7000000e+01
   4.5752320e+06   2.2000000e+01
   4.5789560e+06   2.9000000e+01
   4.5799980e+06   2.5000000e+01
   4.5835500e+06   2.9000000e+01
   4.5857310e+06   2.2000000e+01
   4.5861000e+06   2.3000000e+01
   4.5959850e+06   2.4000000e+01
   4.6059370e+06   2.3000000e+01
   4.6069360e+06   2.6000000e+01
   4.6076390e+06   2.7000000e+01
   4.7046740e+06   2.2000000e+01
   4.8240810e+06   2.2000000e+01
   4.8256620e+06   2.4000000e+01
   4.8257380e+06   2.2000000e+01
   4.8335500e+06   2.4000000e+01
   4.8363300e+06   2.9000000e+01
   4.8377370e+06   3.4000000e+01
   4.8385090e+06   2.9000000e+01
   4.8394010e+06   2.3000000e+01
   5.0389350e+06   2.6000000e+01
   5.0397280e+06   3.0000000e+01
   5.0415990e+06   2.3000000e+01
   5.1066560e+06   2.4000000e+01
   5.1084800e+06   3.0000000e+01
   5.1100790e+06   2.4000000e+01
   5.1139630e+06   2.2000000e+01
   5.1163250e+06   2.5000000e+01
   5.1197860e+06   2.6000000e+01
   5.2219180e+06   2.2000000e+01
   5.2326340e+06   2.4000000e+01
   5.2333690e+06   3.1000000e+01
   5.2339510e+06   2.4000000e+01
   5.2342430e+06   2.3000000e+01
   5.2345450e+06   2.8000000e+01
   5.2348780e+06   2.3000000e+01
   5.2351970e+06   2.6000000e+01
   5.2357050e+06   2.6000000e+01
   5.2360750e+06   2.2000000e+01
   5.2376700e+06   2.4000000e+01
   5.2960620e+06   2.2000000e+01
   5.2965910e+06   2.6000000e+01
   5.2984120e+06   3.6000000e+01
   5.3004410e+06   2.8000000e+01
   5.3027460e+06   2.6000000e+01
   5.3063780e+06   2.2000000e+01
   5.4576170e+06   3.3000000e+01
   5.4625610e+06   2.2000000e+01
   5.4647550e+06   2.9000000e+01
   5.5216420e+06   3.0000000e+01
   5.5217060e+06   2.4000000e+01
   5.5217410e+06   2.7000000e+01
   5.5217920e+06   3.3000000e+01
   5.5218670e+06   2.6000000e+01
   5.5219080e+06   2.7000000e+01
   5.5219640e+06   2.4000000e+01
   5.5220550e+06   2.6000000e+01
   5.5220820e+06   2.3000000e+01
   5.5221350e+06   2.5000000e+01
   5.5221940e+06   2.5000000e+01
   5.5222290e+06   3.5000000e+01
   5.5223370e+06   2.4000000e+01
   5.5224300e+06   2.3000000e+01
   5.5225180e+06   3.2000000e+01
   5.5226340e+06   2.5000000e+01
   5.5226770e+06   2.4000000e+01
   5.5227400e+06   2.2000000e+01
   5.5228420e+06   2.9000000e+01
   5.5228900e+06   2.2000000e+01
   5.5229450e+06   3.2000000e+01
   5.5230550e+06   2.2000000e+01
   5.5231720e+06   2.4000000e+01
   5.5232940e+06   3.2000000e+01
   5.5233810e+06   2.9000000e+01
   5.5234940e+06   2.5000000e+01
   5.5236040e+06   2.8000000e+01
   5.5237300e+06   2.9000000e+01
   5.5238250e+06   3.4000000e+01
   5.5238700e+06   3.1000000e+01
   5.5239270e+06   2.2000000e+01
   5.5240410e+06   2.5000000e+01
   5.5241630e+06   2.7000000e+01
   5.5242570e+06   2.8000000e+01
   5.5243060e+06   2.6000000e+01
   5.5243660e+06   2.3000000e+01
   5.5244680e+06   2.7000000e+01
   5.5245820e+06   2.7000000e+01
   5.5246870e+06   2.4000000e+01
   5.5248080e+06   2.5000000e+01
   5.5249290e+06   2.5000000e+01
   5.5250630e+06   2.5000000e+01
   5.5251130e+06   2.4000000e+01
   5.5251650e+06   2.2000000e+01
   5.5252820e+06   2.5000000e+01
   5.5253950e+06   2.4000000e+01
   5.5255250e+06   2.2000000e+01
   5.5256470e+06   2.5000000e+01
   5.5256930e+06   2.2000000e+01
   5.5257620e+06   2.4000000e+01
   5.5258760e+06   2.4000000e+01
   5.5260060e+06   2.3000000e+01
   5.5261280e+06   2.5000000e+01
   5.5262510e+06   2.3000000e+01
   5.5263120e+06   2.4000000e+01
   5.5263730e+06   2.4000000e+01
   5.5265010e+06   2.6000000e+01
   5.5266260e+06   2.9000000e+01
   5.5267610e+06   2.2000000e+01
   5.5268850e+06   2.2000000e+01
   5.5270110e+06   2.3000000e+01
   5.5271260e+06   2.7000000e+01
   5.5272570e+06   3.3000000e+01
   5.5273830e+06   2.3000000e+01
   5.5275080e+06   2.4000000e+01
   5.5276230e+06   2.6000000e+01
   5.5277660e+06   2.2000000e+01
   5.5278820e+06   2.2000000e+01
   5.5280130e+06   2.8000000e+01
   5.5281520e+06   2.3000000e+01
   5.5283110e+06   2.5000000e+01
   5.5284230e+06   2.3000000e+01
   5.5285640e+06   2.6000000e+01
   5.5286990e+06   2.9000000e+01
   5.5288320e+06   2.6000000e+01
   5.5289720e+06   2.9000000e+01
   5.5291210e+06   2.3000000e+01
   5.5292610e+06   2.3000000e+01
   5.5294070e+06   3.4000000e+01
   5.5295560e+06   2.2000000e+01
   5.5297190e+06   2.5000000e+01
   5.5298630e+06   2.6000000e+01
   5.5299900e+06   2.2000000e+01
   5.5301350e+06   2.2000000e+01
   5.5302990e+06   2.6000000e+01
   5.5304510e+06   2.2000000e+01
   5.5306090e+06   2.9000000e+01
   5.5307300e+06   2.3000000e+01
   5.5307670e+06   2.8000000e+01
   5.5308950e+06   2.3000000e+01
   5.5310590e+06   2.2000000e+01
   5.5312130e+06   2.4000000e+01
   5.5313860e+06   2.7000000e+01
   5.5315270e+06   2.8000000e+01
   5.5316820e+06   2.2000000e+01
   5.5318440e+06   2.8000000e+01
   5.5320050e+06   2.8000000e+01
   5.5321410e+06   2.6000000e+01
   5.5323200e+06   2.4000000e+01
   5.5324610e+06   2.3000000e+01
   5.5327620e+06   2.5000000e+01
   5.5329210e+06   2.7000000e+01
   5.5330900e+06   2.9000000e+01
   5.5332720e+06   2.6000000e+01
   5.5334120e+06   2.2000000e+01
   5.5335950e+06   2.3000000e+01
   5.5337390e+06   2.7000000e+01
   5.5339080e+06   2.4000000e+01
   5.5340530e+06   2.8000000e+01
   5.5341220e+06   2.7000000e+01
   5.5341840e+06   2.6000000e+01
   5.5343420e+06   2.6000000e+01
   5.5345250e+06   2.3000000e+01
   5.5346910e+06   2.4000000e+01
   5.5348650e+06   2.2000000e+01
   5.5350930e+06   2.6000000e+01
   5.5352550e+06   3.1000000e+01
   5.5354100e+06   2.9000000e+01
   5.5354480e+06   2.4000000e+01
   5.5355970e+06   2.7000000e+01
   5.5357680e+06   2.2000000e+01
   5.5359340e+06   2.2000000e+01
   5.5361360e+06   2.7000000e+01
   5.5363170e+06   2.4000000e+01
   5.5365130e+06   2.8000000e+01
   5.5366830e+06   3.3000000e+01
   5.5369060e+06   3.0000000e+01
   5.5371530e+06   2.7000000e+01
   5.5373040e+06   2.5000000e+01
   5.5375060e+06   2.8000000e+01
   5.5376900e+06   2.3000000e+01
   5.5380920e+06   2.4000000e+01
   5.5382790e+06   2.8000000e+01
   5.5385110e+06   2.2000000e+01
   5.5387250e+06   2.7000000e+01
   5.5389600e+06   2.9000000e+01
   5.5391260e+06   2.5000000e+01
   5.5393250e+06   2.5000000e+01
   5.5395490e+06   2.6000000e+01
   5.5397820e+06   2.8000000e+01
   5.5399900e+06   2.5000000e+01
   5.5401830e+06   2.8000000e+01
   5.5403660e+06   2.8000000e+01
   5.5406100e+06   2.2000000e+01
   5.5408340e+06   3.0000000e+01
   5.5409910e+06   2.2000000e+01
   5.5411520e+06   2.4000000e+01
   5.5413700e+06   2.5000000e+01
   5.5415920e+06   2.2000000e+01
   5.5418110e+06   2.6000000e+01
   5.5420280e+06   2.7000000e+01
   5.5422650e+06   2.4000000e+01
   5.5424820e+06   2.6000000e+01
   5.5427150e+06   2.6000000e+01
   5.5430030e+06   2.6000000e+01
   5.5432510e+06   3.1000000e+01
   5.5434970e+06   3.1000000e+01
   5.5437480e+06   2.4000000e+01
   5.5439810e+06   2.7000000e+01
   5.5441590e+06   2.2000000e+01
   5.5444070e+06   2.2000000e+01
   5.5446360e+06   2.3000000e+01
   5.5449070e+06   2.3000000e+01
   5.5451140e+06   2.3000000e+01
   5.5453710e+06   2.9000000e+01
   5.5457030e+06   3.0000000e+01
   5.5459730e+06   2.2000000e+01
   5.5461930e+06   2.4000000e+01
   5.5464570e+06   3.0000000e+01
   5.5467740e+06   2.6000000e+01
   5.5469960e+06   2.2000000e+01
   5.5472360e+06   2.8000000e+01
   5.5474580e+06   2.2000000e+01
   5.5476780e+06   2.9000000e+01
   5.5480110e+06   2.4000000e+01
   5.5480560e+06   2.4000000e+01
   5.5483290e+06   2.6000000e+01
   5.5485830e+06   3.0000000e+01
   5.5489110e+06   3.0000000e+01
   5.5492550e+06   2.4000000e+01
   5.5495340e+06   2.2000000e+01
   5.5498840e+06   2.4000000e+01
   5.5502520e+06   2.7000000e+01
   5.5504920e+06   2.8000000e+01
   5.5507860e+06   2.8000000e+01
   5.5510530e+06   2.3000000e+01
   5.5512410e+06   2.5000000e+01
   5.5513890e+06   2.2000000e+01
   5.5517580e+06   3.0000000e+01
   5.5519620e+06   2.5000000e+01
   5.5522790e+06   2.5000000e+01
   5.5525860e+06   2.3000000e+01
   5.5529470e+06   2.5000000e+01
   5.5532300e+06   2.6000000e+01
   5.5539080e+06   2.9000000e+01
   5.5542850e+06   2.6000000e+01
   5.5545970e+06   2.2000000e+01
   5.5548950e+06   2.2000000e+01
   5.5551570e+06   3.1000000e+01
   5.5554820e+06   2.7000000e+01
   5.5557850e+06   2.3000000e+01
   5.5562800e+06   2.5000000e+01
   5.5564720e+06   2.9000000e+01
   5.5567900e+06   2.2000000e+01
   5.5570650e+06   2.6000000e+01
   5.5574490e+06   2.5000000e+01
   5.5574770e+06   2.3000000e+01
   5.5582150e+06   2.4000000e+01
   5.5586400e+06   2.4000000e+01
   5.5590040e+06   3.0000000e+01
   5.5591680e+06   2.2000000e+01
   5.5595810e+06   2.5000000e+01
   5.5598670e+06   3.1000000e+01
   5.5603070e+06   2.2000000e+01
   5.5607330e+06   3.0000000e+01
   5.5610810e+06   2.8000000e+01
   5.5615250e+06   2.7000000e+01
   5.5618050e+06   2.5000000e+01
   5.5622710e+06   2.2000000e+01
   5.5627850e+06   2.5000000e+01
   5.5631020e+06   2.5000000e+01
   5.5635130e+06   2.3000000e+01
   5.5638700e+06   2.4000000e+01
   5.5641430e+06   2.8000000e+01
   5.5647720e+06   3.1000000e+01
   5.5652320e+06   2.5000000e+01
   5.5654090e+06   2.3000000e+01
   5.5657580e+06   2.6000000e+01
   5.5662360e+06   2.4000000e+01
   5.5664150e+06   2.8000000e+01
   5.5669610e+06   2.4000000e+01
   5.5671240e+06   2.5000000e+01
   5.5673690e+06   3.0000000e+01
   5.5677090e+06   2.8000000e+01
   5.5680040e+06   2.6000000e+01
   5.5684120e+06   3.4000000e+01
   5.5688870e+06   2.3000000e+01
   5.5694240e+06   2.7000000e+01
   5.5694500e+06   2.2000000e+01
   5.5696230e+06   2.5000000e+01
   5.5701160e+06   3.0000000e+01
   5.5701740e+06   2.2000000e+01
   5.5705260e+06   3.1000000e+01
   5.5709390e+06   3.2000000e+01
   5.5709920e+06   3.2000000e+01
   5.5710750e+06   2.2000000e+01
   5.5711750e+06   2.4000000e+01
   5.5713880e+06   2.9000000e+01
   5.5717280e+06   3.3000000e+01
   5.5720200e+06   2.3000000e+01
   5.5721430e+06   3.0000000e+01
   5.5727740e+06   2.3000000e+01
   5.5730360e+06   2.4000000e+01
   5.5734830e+06   2.7000000e+01
   5.5741140e+06   2.5000000e+01
   5.5743550e+06   2.5000000e+01
   5.5751440e+06   4.1000000e+01
   5.5755550e+06   2.2000000e+01
   5.5758900e+06   2.6000000e+01
   5.5763600e+06   2.4000000e+01
   5.5766700e+06   3.4000000e+01
   5.5771930e+06   2.6000000e+01
   5.5778420e+06   2.5000000e+01
   5.5780210e+06   2.3000000e+01
   5.5783900e+06   2.3000000e+01
   5.5788060e+06   3.2000000e+01
   5.5792340e+06   3.0000000e+01
   5.5794350e+06   2.2000000e+01
   5.5799610e+06   2.8000000e+01
   5.5804190e+06   3.2000000e+01
   5.5811060e+06   2.5000000e+01
   5.5812760e+06   2.7000000e+01
   5.5816660e+06   2.4000000e+01
   5.5820710e+06   2.7000000e+01
   5.5824110e+06   2.2000000e+01
   5.5826670e+06   3.0000000e+01
   5.5831040e+06   3.1000000e+01
   5.5833060e+06   2.3000000e+01
   5.5835990e+06   2.4000000e+01
   5.5843740e+06   2.9000000e+01
   5.5852050e+06   2.9000000e+01
   5.5856250e+06   2.4000000e+01
   5.5860510e+06   2.3000000e+01
   5.5864320e+06   2.3000000e+01
   5.5867350e+06   2.3000000e+01
   5.5870610e+06   2.6000000e+01
   5.5876570e+06   2.9000000e+01
   5.5879330e+06   2.4000000e+01
   5.5879730e+06   2.6000000e+01
   5.5881960e+06   2.2000000e+01
   5.5886220e+06   2.9000000e+01
   5.5890120e+06   2.3000000e+01
   5.5897310e+06   2.9000000e+01
   5.5898930e+06   2.2000000e+01
   5.5904100e+06   2.9000000e+01
   5.5909770e+06   2.6000000e+01
   5.5912360e+06   2.6000000e+01
   5.5918050e+06   2.8000000e+01
   5.5924550e+06   2.4000000e+01
   5.5926770e+06   2.9000000e+01
   5.5933320e+06   2.7000000e+01
   5.5937270e+06   2.2000000e+01
   5.5940720e+06   2.7000000e+01
   5.5945430e+06   2.9000000e+01
   5.5951940e+06   2.5000000e+01
   5.5955430e+06   2.5000000e+01
   5.5958500e+06   2.2000000e+01
   5.5963120e+06   2.4000000e+01
   5.5965190e+06   2.3000000e+01
   5.5970600e+06   2.5000000e+01
   5.5974630e+06   3.2000000e+01
   5.5982290e+06   2.7000000e+01
   5.5984460e+06   2.3000000e+01
   5.5987770e+06   3.0000000e+01
   5.5992800e+06   2.8000000e+01
   5.5994310e+06   2.6000000e+01
   5.5994770e+06   2.2000000e+01
   5.5996680e+06   2.5000000e+01
   5.6005110e+06   2.5000000e+01
   5.6006770e+06   2.2000000e+01
   5.6013770e+06   3.2000000e+01
   5.6016840e+06   2.3000000e+01
   5.6019480e+06   2.3000000e+01
   5.6022300e+06   2.2000000e+01
   5.6027310e+06   2.9000000e+01
   5.6033060e+06   3.0000000e+01
   5.6036810e+06   2.6000000e+01
   5.6040620e+06   2.9000000e+01
   5.6042910e+06   2.3000000e+01
   5.6047180e+06   2.5000000e+01
   5.6049450e+06   2.4000000e+01
   5.6053190e+06   2.4000000e+01
   5.6056990e+06   2.4000000e+01
   5.6061720e+06   2.2000000e+01
   5.6069350e+06   2.9000000e+01
   5.6076350e+06   2.2000000e+01
   5.6080860e+06   2.5000000e+01
   5.6081360e+06   2.4000000e+01
   5.6086130e+06   2.5000000e+01
   5.6093100e+06   2.4000000e+01
   5.6096370e+06   2.7000000e+01
   5.6100600e+06   2.2000000e+01
   5.6104160e+06   2.5000000e+01
   5.6107450e+06   2.2000000e+01
   5.6108170e+06   2.6000000e+01
   5.6111760e+06   2.4000000e+01
   5.6116230e+06   2.7000000e+01
   5.6120540e+06   3.1000000e+01
   5.6128420e+06   2.2000000e+01
   5.6134730e+06   3.0000000e+01
   5.6138320e+06   2.3000000e+01
   5.6146640e+06   2.5000000e+01
   5.6150150e+06   3.0000000e+01
   5.6159620e+06   2.5000000e+01
   5.6164220e+06   2.8000000e+01
   5.6168220e+06   3.0000000e+01
   5.6174070e+06   2.4000000e+01
   5.6183890e+06   2.3000000e+01
   5.6191880e+06   2.3000000e+01
   5.6197820e+06   2.3000000e+01
   5.6202520e+06   2.4000000e+01
   5.6206770e+06   3.1000000e+01
   5.6208030e+06   2.4000000e+01
   5.6213630e+06   3.1000000e+01
   5.6218000e+06   2.2000000e+01
   5.6218640e+06   2.3000000e+01
   5.6221220e+06   2.2000000e+01
   5.6225480e+06   2.5000000e+01
   5.6230130e+06   2.3000000e+01
   5.6232970e+06   2.7000000e+01
   5.6237590e+06   2.2000000e+01
   5.6241470e+06   2.7000000e+01
   5.6246930e+06   2.3000000e+01
   5.6251330e+06   2.9000000e+01
   5.6252030e+06   2.9000000e+01
   5.6254290e+06   2.5000000e+01
   5.6258860e+06   2.3000000e+01
   5.6262580e+06   2.6000000e+01
   5.6264320e+06   3.2000000e+01
   5.6267130e+06   2.2000000e+01
   5.6272020e+06   3.0000000e+01
   5.6278330e+06   2.2000000e+01
   5.6283180e+06   2.7000000e+01
   5.6287750e+06   3.0000000e+01
   5.6289130e+06   2.5000000e+01
   5.6290810e+06   2.5000000e+01
   5.6291310e+06   2.9000000e+01
   5.6294800e+06   2.4000000e+01
   5.6298620e+06   2.2000000e+01
   5.6305610e+06   3.0000000e+01
   5.6309050e+06   2.4000000e+01
   5.6316500e+06   2.4000000e+01
   5.6321380e+06   2.4000000e+01
   5.6327630e+06   2.5000000e+01
   5.6332410e+06   2.5000000e+01
   5.6336880e+06   2.4000000e+01
   5.6344150e+06   3.1000000e+01
   5.6350940e+06   2.2000000e+01
   5.6366340e+06   2.2000000e+01
   5.6371010e+06   2.4000000e+01
   5.6371380e+06   2.6000000e+01
   5.6373420e+06   2.3000000e+01
   5.6379300e+06   3.5000000e+01
   5.6388660e+06   2.6000000e+01
   5.6393770e+06   2.2000000e+01
   5.6400980e+06   2.3000000e+01
   5.6406400e+06   2.3000000e+01
   5.6410520e+06   2.3000000e+01
   5.6414930e+06   2.5000000e+01
   5.6419840e+06   3.0000000e+01
   5.6427070e+06   2.2000000e+01
   5.6435890e+06   2.5000000e+01
   5.6445680e+06   2.9000000e+01
   5.6451010e+06   3.1000000e+01
   5.6459530e+06   2.9000000e+01
   5.6467770e+06   3.0000000e+01
   5.6473430e+06   2.4000000e+01
   5.6483350e+06   2.8000000e+01
   5.6489170e+06   2.4000000e+01
   5.6493400e+06   2.6000000e+01
   5.6494090e+06   2.8000000e+01
   5.6497840e+06   2.9000000e+01
   5.6510930e+06   2.9000000e+01
   5.6516890e+06   2.2000000e+01
   5.6523520e+06   3.1000000e+01
   5.6526650e+06   2.6000000e+01
   5.6532530e+06   3.1000000e+01
   5.6540320e+06   2.4000000e+01
   5.6546120e+06   2.8000000e+01
   5.6555020e+06   2.9000000e+01
   5.6563710e+06   2.6000000e+01
   5.6569610e+06   3.0000000e+01
   5.6574060e+06   2.9000000e+01
   5.6574780e+06   2.5000000e+01
   5.6578330e+06   2.5000000e+01
   5.6585000e+06   2.5000000e+01
   5.6590860e+06   2.5000000e+01
   5.6598780e+06   2.9000000e+01
   5.6612490e+06   2.7000000e+01
   5.6617120e+06   3.8000000e+01
   5.6635500e+06   2.6000000e+01
   5.6645980e+06   2.9000000e+01
   5.6661470e+06   2.8000000e+01
   5.6668010e+06   2.8000000e+01
   5.6683040e+06   2.7000000e+01
   5.6692090e+06   3.3000000e+01
   5.6701630e+06   2.7000000e+01
   5.6715200e+06   2.2000000e+01
   5.6728120e+06   2.3000000e+01
   5.6744560e+06   3.4000000e+01
   5.6755680e+06   2.2000000e+01
   5.6762450e+06   3.5000000e+01
   5.6781010e+06   2.6000000e+01
   5.6798290e+06   2.6000000e+01
   5.6821220e+06   3.1000000e+01
   5.6833300e+06   2.5000000e+01
   5.6848720e+06   2.4000000e+01
   5.6850690e+06   2.5000000e+01
   5.6870050e+06   2.2000000e+01
   5.6874190e+06   2.5000000e+01
   5.6893530e+06   3.2000000e+01
   5.6905990e+06   2.7000000e+01
   5.6921900e+06   3.0000000e+01
   5.6935750e+06   2.9000000e+01
   5.6960670e+06   2.7000000e+01
   5.6978730e+06   2.4000000e+01
   5.6992820e+06   2.7000000e+01
   5.7020840e+06   2.8000000e+01
   5.7028050e+06   3.0000000e+01
   5.7041810e+06   3.0000000e+01
   5.7107420e+06   2.8000000e+01
   5.7117500e+06   2.2000000e+01
   5.7119760e+06   3.3000000e+01
   5.7155680e+06   2.4000000e+01
   5.7158870e+06   3.0000000e+01
   5.7162860e+06   2.7000000e+01
   5.7163510e+06   2.4000000e+01
   5.7171500e+06   2.4000000e+01
   5.7181180e+06   2.6000000e+01
   5.7199540e+06   2.4000000e+01
   5.7201960e+06   2.2000000e+01
   5.7206480e+06   2.6000000e+01
   5.7220620e+06   2.5000000e+01
   5.7243090e+06   2.3000000e+01
   5.7252800e+06   2.6000000e+01
   5.7261600e+06   2.8000000e+01
   5.7319540e+06   2.4000000e+01
   5.7335490e+06   2.4000000e+01
   5.7366180e+06   3.7000000e+01
   5.7440890e+06   2.7000000e+01
   5.7542070e+06   2.7000000e+01
   5.7666060e+06   2.2000000e+01
   5.7668390e+06   2.2000000e+01
   5.7668880e+06   2.8000000e+01
   5.7669520e+06   2.8000000e+01
   5.7670070e+06   2.2000000e+01
   5.7674540e+06   2.7000000e+01
   5.7703190e+06   2.7000000e+01
   5.7716000e+06   3.1000000e+01
   5.7719610e+06   3.1000000e+01
   5.7728340e+06   2.4000000e+01
   5.7729910e+06   2.3000000e+01
   5.7748510e+06   3.2000000e+01
   5.7752920e+06   2.3000000e+01
   5.7756550e+06   2.7000000e+01
   5.7760850e+06   2.4000000e+01
   5.7772980e+06   2.3000000e+01
   5.7781610e+06   2.4000000e+01
   5.7796100e+06   2.7000000e+01
   5.7804780e+06   2.7000000e+01
   5.7806100e+06   2.7000000e+01
   5.7833120e+06   2.6000000e+01
   5.7852340e+06   2.2000000e+01
   5.7853970e+06   3.3000000e+01
   5.7858510e+06   2.5000000e+01
   5.7864590e+06   2.8000000e+01
   5.7872080e+06   2.8000000e+01
   5.7877510e+06   3.0000000e+01
   5.7881940e+06   2.2000000e+01
   5.7888050e+06   2.8000000e+01
   5.7892160e+06   2.4000000e+01
   5.7982970e+06   2.5000000e+01
   5.7996590e+06   2.3000000e+01
   5.8038660e+06   2.4000000e+01
   5.8088340e+06   2.2000000e+01
   5.8154210e+06   2.4000000e+01
   5.8689640e+06   2.2000000e+01
   5.9550120e+06   2.5000000e+01
   6.0775420e+06   2.8000000e+01
   6.0784930e+06   3.3000000e+01
   6.0796740e+06   2.4000000e+01
   6.0806530e+06   2.9000000e+01
   6.0815080e+06   2.9000000e+01
   6.0824970e+06   3.1000000e+01
   6.0835850e+06   2.8000000e+01
   6.2984520e+06   2.2000000e+01
   6.2996580e+06   2.4000000e+01
   6.2997640e+06   2.2000000e+01
   6.3003530e+06   2.3000000e+01
   6.3018790e+06   2.6000000e+01
   6.3024400e+06   2.3000000e+01
   6.3029580e+06   2.3000000e+01
   6.3029850e+06   2.2000000e+01
   6.3030890e+06   2.2000000e+01
   6.3037770e+06   2.3000000e+01
   6.3044490e+06   2.2000000e+01
   6.4719050e+06   2.3000000e+01
   6.4727050e+06   2.4000000e+01
   6.4728780e+06   2.5000000e+01
   6.4732820e+06   2.8000000e+01
   6.4733070e+06   2.4000000e+01
   6.4735990e+06   2.3000000e+01
   6.4738630e+06   2.2000000e+01
   6.4740500e+06   2.3000000e+01
   6.4743800e+06   2.4000000e+01
   6.4748080e+06   3.0000000e+01
   6.4765000e+06   2.4000000e+01
   6.4803120e+06   2.3000000e+01
   6.4918390e+06   2.6000000e+01
   6.5088130e+06   2.6000000e+01
   6.5309700e+06   2.5000000e+01
   6.5376030e+06   2.7000000e+01
   6.5386560e+06   2.9000000e+01
   6.5395330e+06   2.4000000e+01
   6.5409310e+06   2.3000000e+01
   6.5590110e+06   2.5000000e+01
   6.5601150e+06   2.6000000e+01
   6.5618030e+06   2.9000000e+01
   6.5627740e+06   2.2000000e+01
   6.5664870e+06   2.6000000e+01
   6.6041970e+06   2.8000000e+01
   6.6092690e+06   2.5000000e+01
   6.6129530e+06   2.7000000e+01
   6.8347270e+06   3.0000000e+01
   6.8355300e+06   3.3000000e+01
   6.8434190e+06   2.9000000e+01
   6.8448150e+06   2.5000000e+01
   6.8470080e+06   2.7000000e+01
   6.8513580e+06   2.3000000e+01
   6.9601600e+06   2.2000000e+01
   6.9626170e+06   2.7000000e+01
   6.9645450e+06   2.2000000e+01
   6.9667670e+06   3.0000000e+01
   6.9671600e+06   3.5000000e+01
   6.9677310e+06   2.7000000e+01
   6.9684380e+06   2.2000000e+01
   6.9687940e+06   2.9000000e+01
   6.9696270e+06   2.4000000e+01
   7.0444180e+06   2.2000000e+01
   7.0459330e+06   2.4000000e+01
   7.0516840e+06   2.5000000e+01
   7.0525710e+06   2.2000000e+01
   7.0536380e+06   2.6000000e+01
   7.0558030e+06   2.6000000e+01
   7.0580960e+06   2.3000000e+01
   7.0648390e+06   3.0000000e+01
   7.0737900e+06   2.7000000e+01
   7.0852000e+06   3.0000000e+01
   7.1045340e+06   2.2000000e+01
   7.2001010e+06   3.0000000e+01
   7.2015810e+06   2.6000000e+01
   7.2032160e+06   2.4000000e+01
   7.2039670e+06   2.3000000e+01
   7.2061580e+06   2.6000000e+01
   7.3273030e+06   3.1000000e+01
   7.3273700e+06   2.3000000e+01
   7.3274010e+06   2.6000000e+01
   7.3274470e+06   3.0000000e+01
   7.3274930e+06   2.3000000e+01
   7.3275340e+06   2.6000000e+01
   7.3276150e+06   2.3000000e+01
   7.3276650e+06   2.7000000e+01
   7.3277050e+06   3.0000000e+01
   7.3277710e+06   2.5000000e+01
   7.3278940e+06   2.3000000e+01
   7.3279920e+06   2.9000000e+01
   7.3280910e+06   2.5000000e+01
   7.3281920e+06   2.2000000e+01
   7.3282380e+06   2.4000000e+01
   7.3282950e+06   2.5000000e+01
   7.3283990e+06   2.4000000e+01
   7.3285150e+06   2.3000000e+01
   7.3286150e+06   2.9000000e+01
   7.3287150e+06   2.6000000e+01
   7.3288260e+06   3.2000000e+01
   7.3289450e+06   2.8000000e+01
   7.3290440e+06   2.2000000e+01
   7.3290800e+06   2.2000000e+01
   7.3291470e+06   2.3000000e+01
   7.3292510e+06   2.6000000e+01
   7.3293770e+06   3.0000000e+01
   7.3294850e+06   2.3000000e+01
   7.3295490e+06   2.7000000e+01
   7.3296070e+06   2.2000000e+01
   7.3297030e+06   2.6000000e+01
   7.3298240e+06   2.4000000e+01
   7.3299180e+06   2.2000000e+01
   7.3300400e+06   2.9000000e+01
   7.3301500e+06   2.9000000e+01
   7.3302210e+06   2.4000000e+01
   7.3302750e+06   2.7000000e+01
   7.3303780e+06   2.8000000e+01
   7.3304930e+06   2.7000000e+01
   7.3306180e+06   3.6000000e+01
   7.3307460e+06   2.6000000e+01
   7.3308530e+06   3.2000000e+01
   7.3309710e+06   2.3000000e+01
   7.3310870e+06   2.6000000e+01
   7.3312240e+06   2.5000000e+01
   7.3313440e+06   2.5000000e+01
   7.3314860e+06   2.3000000e+01
   7.3316110e+06   2.4000000e+01
   7.3317630e+06   2.2000000e+01
   7.3318920e+06   2.5000000e+01
   7.3319310e+06   2.7000000e+01
   7.3319970e+06   2.4000000e+01
   7.3321320e+06   2.4000000e+01
   7.3322540e+06   2.6000000e+01
   7.3323980e+06   2.4000000e+01
   7.3325250e+06   2.4000000e+01
   7.3326820e+06   2.3000000e+01
   7.3328000e+06   2.3000000e+01
   7.3329570e+06   2.2000000e+01
   7.3330690e+06   3.2000000e+01
   7.3332210e+06   2.3000000e+01
   7.3333530e+06   2.7000000e+01
   7.3335020e+06   2.9000000e+01
   7.3336330e+06   2.7000000e+01
   7.3337800e+06   2.4000000e+01
   7.3339030e+06   2.2000000e+01
   7.3341710e+06   2.5000000e+01
   7.3343120e+06   2.2000000e+01
   7.3344330e+06   2.7000000e+01
   7.3345790e+06   2.8000000e+01
   7.3347280e+06   3.0000000e+01
   7.3348800e+06   2.4000000e+01
   7.3350370e+06   3.0000000e+01
   7.3352090e+06   2.7000000e+01
   7.3352420e+06   2.4000000e+01
   7.3353450e+06   2.4000000e+01
   7.3355010e+06   2.5000000e+01
   7.3356780e+06   2.2000000e+01
   7.3358240e+06   2.2000000e+01
   7.3358960e+06   2.4000000e+01
   7.3359510e+06   2.7000000e+01
   7.3360960e+06   2.3000000e+01
   7.3362690e+06   2.3000000e+01
   7.3363600e+06   2.5000000e+01
   7.3364050e+06   2.4000000e+01
   7.3365530e+06   2.2000000e+01
   7.3367030e+06   2.7000000e+01
   7.3368960e+06   2.6000000e+01
   7.3370470e+06   2.2000000e+01
   7.3372190e+06   2.7000000e+01
   7.3373520e+06   2.5000000e+01
   7.3375160e+06   2.5000000e+01
   7.3376760e+06   2.2000000e+01
   7.3378230e+06   2.5000000e+01
   7.3381150e+06   2.2000000e+01
   7.3382740e+06   2.8000000e+01
   7.3384570e+06   2.5000000e+01
   7.3386130e+06   2.4000000e+01
   7.3387860e+06   2.3000000e+01
   7.3389540e+06   2.8000000e+01
   7.3391520e+06   2.6000000e+01
   7.3393300e+06   2.6000000e+01
   7.3395120e+06   2.2000000e+01
   7.3398760e+06   3.0000000e+01
   7.3400390e+06   2.6000000e+01
   7.3402250e+06   2.5000000e+01
   7.3407350e+06   2.4000000e+01
   7.3409630e+06   2.2000000e+01
   7.3411030e+06   2.4000000e+01
   7.3412750e+06   2.3000000e+01
   7.3414340e+06   2.3000000e+01
   7.3416080e+06   2.2000000e+01
   7.3419310e+06   2.2000000e+01
   7.3420970e+06   2.6000000e+01
   7.3423000e+06   2.7000000e+01
   7.3424630e+06   2.8000000e+01
   7.3426620e+06   2.8000000e+01
   7.3428300e+06   2.2000000e+01
   7.3430750e+06   2.2000000e+01
   7.3432610e+06   3.0000000e+01
   7.3434420e+06   2.5000000e+01
   7.3436590e+06   2.2000000e+01
   7.3438910e+06   2.4000000e+01
   7.3439970e+06   2.9000000e+01
   7.3440520e+06   2.3000000e+01
   7.3441950e+06   2.8000000e+01
   7.3444120e+06   2.3000000e+01
   7.3446650e+06   3.5000000e+01
   7.3448390e+06   2.3000000e+01
   7.3450600e+06   2.5000000e+01
   7.3452530e+06   2.5000000e+01
   7.3454550e+06   2.2000000e+01
   7.3457100e+06   2.5000000e+01
   7.3461210e+06   2.4000000e+01
   7.3463480e+06   3.2000000e+01
   7.3466160e+06   3.0000000e+01
   7.3467870e+06   2.5000000e+01
   7.3470560e+06   2.4000000e+01
   7.3473200e+06   2.9000000e+01
   7.3474940e+06   2.2000000e+01
   7.3477520e+06   2.2000000e+01
   7.3479980e+06   2.6000000e+01
   7.3483190e+06   2.5000000e+01
   7.3485580e+06   2.4000000e+01
   7.3488430e+06   2.3000000e+01
   7.3490330e+06   2.8000000e+01
   7.3492900e+06   2.5000000e+01
   7.3495330e+06   2.9000000e+01
   7.3497590e+06   2.5000000e+01
   7.3501550e+06   2.7000000e+01
   7.3504660e+06   2.6000000e+01
   7.3507280e+06   2.2000000e+01
   7.3509760e+06   2.4000000e+01
   7.3512800e+06   2.4000000e+01
   7.3515520e+06   2.8000000e+01
   7.3518310e+06   2.7000000e+01
   7.3520870e+06   2.6000000e+01
   7.3523500e+06   2.4000000e+01
   7.3525980e+06   2.5000000e+01
   7.3529470e+06   2.8000000e+01
   7.3532040e+06   2.7000000e+01
   7.3534890e+06   2.6000000e+01
   7.3538520e+06   3.2000000e+01
   7.3540830e+06   2.9000000e+01
   7.3544420e+06   2.9000000e+01
   7.3547830e+06   2.7000000e+01
   7.3550220e+06   2.9000000e+01
   7.3553740e+06   2.3000000e+01
   7.3557130e+06   3.2000000e+01
   7.3559560e+06   2.9000000e+01
   7.3561870e+06   2.9000000e+01
   7.3564860e+06   3.2000000e+01
   7.3565240e+06   2.9000000e+01
   7.3569310e+06   2.4000000e+01
   7.3573580e+06   2.5000000e+01
   7.3576630e+06   2.3000000e+01
   7.3579470e+06   2.4000000e+01
   7.3583640e+06   2.2000000e+01
   7.3586550e+06   2.5000000e+01
   7.3591480e+06   2.9000000e+01
   7.3594400e+06   2.4000000e+01
   7.3595880e+06   2.7000000e+01
   7.3598440e+06   2.6000000e+01
   7.3602670e+06   2.7000000e+01
   7.3606110e+06   2.4000000e+01
   7.3609350e+06   2.2000000e+01
   7.3612450e+06   2.5000000e+01
   7.3617620e+06   2.6000000e+01
   7.3619120e+06   2.6000000e+01
   7.3622010e+06   2.6000000e+01
   7.3624200e+06   2.4000000e+01
   7.3628600e+06   3.0000000e+01
   7.3632090e+06   3.3000000e+01
   7.3636910e+06   2.2000000e+01
   7.3638620e+06   2.2000000e+01
   7.3642110e+06   3.0000000e+01
   7.3645260e+06   2.4000000e+01
   7.3647050e+06   2.4000000e+01
   7.3650330e+06   2.3000000e+01
   7.3652630e+06   2.4000000e+01
   7.3658190e+06   2.3000000e+01
   7.3661860e+06   2.2000000e+01
   7.3666150e+06   2.9000000e+01
   7.3669740e+06   2.2000000e+01
   7.3673910e+06   3.4000000e+01
   7.3677990e+06   2.3000000e+01
   7.3686530e+06   2.5000000e+01
   7.3688320e+06   2.6000000e+01
   7.3692370e+06   2.5000000e+01
   7.3696100e+06   2.7000000e+01
   7.3698340e+06   2.4000000e+01
   7.3701430e+06   2.2000000e+01
   7.3704750e+06   2.4000000e+01
   7.3711400e+06   2.4000000e+01
   7.3713770e+06   2.5000000e+01
   7.3718970e+06   3.1000000e+01
   7.3720410e+06   2.5000000e+01
   7.3726590e+06   3.1000000e+01
   7.3728180e+06   2.7000000e+01
   7.3736750e+06   2.5000000e+01
   7.3740710e+06   2.8000000e+01
   7.3745130e+06   2.4000000e+01
   7.3747060e+06   2.2000000e+01
   7.3752360e+06   2.5000000e+01
   7.3755780e+06   2.7000000e+01
   7.3759260e+06   2.5000000e+01
   7.3764110e+06   2.2000000e+01
   7.3769650e+06   2.6000000e+01
   7.3774540e+06   3.3000000e+01
   7.3778410e+06   3.0000000e+01
   7.3785720e+06   2.5000000e+01
   7.3788920e+06   2.6000000e+01
   7.3794020e+06   2.8000000e+01
   7.3796810e+06   2.9000000e+01
   7.3801510e+06   2.3000000e+01
   7.3807110e+06   2.4000000e+01
   7.3808500e+06   2.2000000e+01
   7.3812300e+06   2.4000000e+01
   7.3814560e+06   2.2000000e+01
   7.3820320e+06   3.0000000e+01
   7.3824140e+06   2.3000000e+01
   7.3829090e+06   3.3000000e+01
   7.3832110e+06   2.5000000e+01
   7.3834980e+06   2.9000000e+01
   7.3839640e+06   3.1000000e+01
   7.3843940e+06   2.4000000e+01
   7.3847710e+06   2.8000000e+01
   7.3855790e+06   2.5000000e+01
   7.3857310e+06   2.2000000e+01
   7.3862250e+06   2.5000000e+01
   7.3869310e+06   3.4000000e+01
   7.3873240e+06   2.5000000e+01
   7.3880680e+06   2.7000000e+01
   7.3883190e+06   2.5000000e+01
   7.3888200e+06   2.7000000e+01
   7.3892280e+06   2.3000000e+01
   7.3894190e+06   2.5000000e+01
   7.3894690e+06   2.5000000e+01
   7.3896660e+06   2.7000000e+01
   7.3901270e+06   3.0000000e+01
   7.3904550e+06   2.6000000e+01
   7.3909710e+06   2.5000000e+01
   7.3916150e+06   2.6000000e+01
   7.3921320e+06   2.3000000e+01
   7.3924000e+06   2.2000000e+01
   7.3928600e+06   2.3000000e+01
   7.3937150e+06   2.9000000e+01
   7.3939630e+06   2.2000000e+01
   7.3946230e+06   2.4000000e+01
   7.3948480e+06   2.6000000e+01
   7.3953600e+06   2.5000000e+01
   7.3960390e+06   3.2000000e+01
   7.3963100e+06   2.7000000e+01
   7.3967240e+06   2.6000000e+01
   7.3973770e+06   3.4000000e+01
   7.3978140e+06   2.3000000e+01
   7.3982510e+06   2.4000000e+01
   7.3988900e+06   3.6000000e+01
   7.3993440e+06   3.0000000e+01
   7.3997270e+06   2.3000000e+01
   7.4009090e+06   2.2000000e+01
   7.4011660e+06   2.4000000e+01
   7.4019880e+06   3.5000000e+01
   7.4024570e+06   2.4000000e+01
   7.4031130e+06   2.4000000e+01
   7.4035630e+06   2.4000000e+01
   7.4046750e+06   2.6000000e+01
   7.4049770e+06   2.5000000e+01
   7.4055730e+06   2.4000000e+01
   7.4060250e+06   2.4000000e+01
   7.4067280e+06   2.2000000e+01
   7.4075520e+06   2.9000000e+01
   7.4078430e+06   2.9000000e+01
   7.4082880e+06   3.1000000e+01
   7.4088290e+06   3.0000000e+01
   7.4098180e+06   2.5000000e+01
   7.4100540e+06   2.3000000e+01
   7.4105620e+06   2.5000000e+01
   7.4117400e+06   2.7000000e+01
   7.4122590e+06   2.4000000e+01
   7.4126680e+06   2.8000000e+01
   7.4133460e+06   2.3000000e+01
   7.4140420e+06   2.5000000e+01
   7.4145310e+06   2.5000000e+01
   7.4153240e+06   3.4000000e+01
   7.4157230e+06   2.7000000e+01
   7.4163590e+06   2.5000000e+01
   7.4171120e+06   3.1000000e+01
   7.4175910e+06   2.4000000e+01
   7.4189410e+06   3.1000000e+01
   7.4191880e+06   2.6000000e+01
   7.4200530e+06   2.3000000e+01
   7.4203780e+06   2.8000000e+01
   7.4209230e+06   2.8000000e+01
   7.4217720e+06   2.2000000e+01
   7.4227490e+06   2.4000000e+01
   7.4233680e+06   2.5000000e+01
   7.4239970e+06   2.3000000e+01
   7.4251520e+06   3.0000000e+01
   7.4256200e+06   2.5000000e+01
   7.4267030e+06   2.4000000e+01
   7.4277090e+06   2.3000000e+01
   7.4294630e+06   3.2000000e+01
   7.4306890e+06   3.4000000e+01
   7.4315440e+06   2.7000000e+01
   7.4325980e+06   3.6000000e+01
   7.4336940e+06   2.9000000e+01
   7.4344550e+06   3.4000000e+01
   7.4349850e+06   2.8000000e+01
   7.4357950e+06   2.7000000e+01
   7.4365650e+06   2.3000000e+01
   7.4374610e+06   2.9000000e+01
   7.4379950e+06   3.9000000e+01
   7.4395770e+06   2.4000000e+01
   7.4400210e+06   2.2000000e+01
   7.4407780e+06   2.7000000e+01
   7.4411060e+06   2.5000000e+01
   7.4416980e+06   2.5000000e+01
   7.4426420e+06   2.3000000e+01
   7.4431290e+06   3.1000000e+01
   7.4444250e+06   2.9000000e+01
   7.4450360e+06   2.5000000e+01
   7.4463670e+06   2.4000000e+01
   7.4469360e+06   2.3000000e+01
   7.4490180e+06   3.2000000e+01
   7.4495400e+06   2.6000000e+01
   7.4506000e+06   2.4000000e+01
   7.4522820e+06   2.9000000e+01
   7.4531330e+06   2.5000000e+01
   7.4539540e+06   2.8000000e+01
   7.4559610e+06   2.3000000e+01
   7.4567000e+06   2.4000000e+01
   7.4595880e+06   3.3000000e+01
   7.4603930e+06   3.2000000e+01
   7.4620010e+06   2.2000000e+01
   7.4629560e+06   2.2000000e+01
   7.4632170e+06   2.3000000e+01
   7.4632760e+06   2.4000000e+01
   7.4633520e+06   3.4000000e+01
   7.4634150e+06   2.3000000e+01
   7.4637040e+06   2.7000000e+01
   7.4657810e+06   2.6000000e+01
   7.4663190e+06   2.7000000e+01
   7.4668630e+06   2.9000000e+01
   7.4679130e+06   2.4000000e+01
   7.4687170e+06   2.4000000e+01
   7.4704080e+06   3.0000000e+01
   7.4720090e+06   2.4000000e+01
   7.4746310e+06   2.5000000e+01
   7.4768980e+06   2.2000000e+01
   7.4779400e+06   3.5000000e+01
   7.4796440e+06   2.8000000e+01
   7.4846130e+06   2.5000000e+01
   7.4865180e+06   2.7000000e+01
   7.4897220e+06   2.3000000e+01
   7.4958220e+06   2.4000000e+01
   7.4970860e+06   3.2000000e+01
