   7.5000000e+06   0.0000000e+00
   2.5000000e+01   1.5000000e+01
   9.3900000e+02   1.4000000e+01
   2.1180000e+03   1.4000000e+01
   2.8400000e+03   1.6000000e+01
   3.5610000e+03   1.6000000e+01
   4.8290000e+03   1.5000000e+01
   6.1300000e+03   1.7000000e+01
   6.9900000e+03   1.4000000e+01
   1.0042000e+04   1.4000000e+01
   1.6946000e+04   1.6000000e+01
   2.2131000e+05   1.4000000e+01
   2.2531900e+05   1.6000000e+01
   2.2534800e+05   1.4000000e+01
   2.2756100e+05   1.7000000e+01
   2.2870300e+05   1.5000000e+01
   2.2889400e+05   1.4000000e+01
   2.2977200e+05   1.5000000e+01
   2.3081700e+05   1.5000000e+01
   2.3111900e+05   1.7000000e+01
   2.3126200e+05   1.4000000e+01
   2.3841400e+05   1.4000000e+01
   3.3208800e+05   1.4000000e+01
   3.3803100e+05   1.5000000e+01
   3.3909200e+05   1.5000000e+01
   3.4317400e+05   1.4000000e+01
   5.3606800e+05   1.4000000e+01
   5.3622200e+05   1.6000000e+01
   5.3815400e+05   1.5000000e+01
   6.3230400e+05   1.6000000e+01
   6.3755600e+05   1.4000000e+01
   6.3986700e+05   1.4000000e+01
   6.4075800e+05   1.5000000e+01
   6.4177500e+05   1.4000000e+01
   6.4213000e+05   1.4000000e+01
   6.4300500e+05   1.5000000e+01
   6.4386800e+05   1.6000000e+01
   6.4535900e+05   1.4000000e+01
   6.8526600e+05   1.4000000e+01
   7.0594400e+05   1.5000000e+01
   7.0781500e+05   1.4000000e+01
   7.1312700e+05   1.8000000e+01
   7.2128600e+05   1.5000000e+01
   7.2220400e+05   1.9000000e+01
   7.2284400e+05   1.7000000e+01
   7.2378600e+05   1.5000000e+01
   7.2569000e+05   1.7000000e+01
   7.4449200e+05   1.4000000e+01
   7.5259800e+05   1.5000000e+01
   7.7773800e+05   1.5000000e+01
   9.1358400e+05   1.6000000e+01
   1.0057180e+06   1.4000000e+01
   1.0060960e+06   1.6000000e+01
   1.0069850e+06   1.8000000e+01
   1.0081290e+06   1.8000000e+01
   1.0084410e+06   1.8000000e+01
   1.0085760e+06   1.5000000e+01
   1.0088680e+06   1.4000000e+01
   1.0091210e+06   1.4000000e+01
   1.0091950e+06   1.5000000e+01
   1.0097550e+06   1.5000000e+01
   1.0103680e+06   1.4000000e+01
   1.0106270e+06   1.4000000e+01
   1.0111860e+06   1.5000000e+01
   1.0112590e+06   1.6000000e+01
   1.0125740e+06   1.5000000e+01
   1.0127970e+06   1.6000000e+01
   1.0141950e+06   1.4000000e+01
   1.0443450e+06   1.6000000e+01
   1.0466530e+06   1.6000000e+01
   1.0484100e+06   1.6000000e+01
   1.0497280e+06   1.6000000e+01
   1.0509650e+06   1.6000000e+01
   1.0717600e+06   1.4000000e+01
   1.2926010e+06   1.5000000e+01
   1.2947680e+06   1.5000000e+01
   1.2987050e+06   1.7000000e+01
   1.3006630e+06   1.5000000e+01
   1.3163520e+06   1.6000000e+01
   1.3464330e+06   1.4000000e+01
   1.3475020e+06   1.5000000e+01
   1.3475900e+06   1.4000000e+01
   1.3482890e+06   1.5000000e+01
   1.4246730e+06   1.4000000e+01
   1.4266200e+06   1.6000000e+01
   1.5598890e+06   1.6000000e+01
   1.5611400e+06   1.4000000e+01
   1.5698570e+06   1.4000000e+01
   1.5709350e+06   1.7000000e+01
   1.5748470e+06   1.5000000e+01
   1.5761020e+06   1.9000000e+01
   1.5761610e+06   1.5000000e+01
   1.5773900e+06   1.4000000e+01
   1.5784320e+06   1.5000000e+01
   1.7629120e+06   1.7000000e+01
   1.7647020e+06   1.5000000e+01
   1.7664530e+06   1.4000000e+01
   1.8048900e+06   1.7000000e+01
   1.8104090e+06   1.6000000e+01
   1.8114510e+06   1.4000000e+01
   1.8128470e+06   1.6000000e+01
   1.8148620e+06   1.5000000e+01
   1.8199440e+06   1.6000000e+01
   1.8499690e+06   1.5000000e+01
   1.9218590e+06   1.7000000e+01
   1.9271960e+06   1.4000000e+01
   1.9278550e+06   1.7000000e+01
   1.9291810e+06   1.6000000e+01
   1.9313750e+06   1.6000000e+01
   1.9440770e+06   1.8000000e+01
   1.9518970e+06   1.4000000e+01
   1.9654990e+06   1.4000000e+01
   1.9661090e+06   1.5000000e+01
   1.9727610e+06   1.4000000e+01
   2.1086440e+06   1.6000000e+01
   2.1097920e+06   1.6000000e+01
   2.1128450e+06   1.4000000e+01
   2.1146810e+06   1.4000000e+01
   2.1160580e+06   1.4000000e+01
   2.1199580e+06   1.5000000e+01
   2.1257430e+06   1.7000000e+01
   2.1328620e+06   1.4000000e+01
   2.2593740e+06   1.5000000e+01
   2.2612970e+06   1.5000000e+01
   2.2643520e+06   1.6000000e+01
   2.2667070e+06   1.4000000e+01
   2.2667640e+06   1.5000000e+01
   2.2708950e+06   1.8000000e+01
   2.2848730e+06   1.8000000e+01
   2.2850230e+06   1.4000000e+01
   2.2856890e+06   1.6000000e+01
   2.2861510e+06   1.4000000e+01
   2.2872520e+06   1.4000000e+01
   2.2882180e+06   1.5000000e+01
   2.2987380e+06   1.7000000e+01
   2.3014770e+06   1.7000000e+01
   2.3032470e+06   1.5000000e+01
   2.3049740e+06   1.4000000e+01
   2.3093760e+06   1.4000000e+01
   2.5594720e+06   1.4000000e+01
   2.6172330e+06   1.5000000e+01
   2.6240030e+06   1.6000000e+01
   2.6256010e+06   1.4000000e+01
   2.6277050e+06   1.4000000e+01
   2.6278450e+06   1.4000000e+01
   2.6281980e+06   1.4000000e+01
   2.6289680e+06   1.4000000e+01
   2.7688720e+06   1.6000000e+01
   2.7751380e+06   1.8000000e+01
   2.7769670e+06   1.7000000e+01
   2.7779110e+06   1.5000000e+01
   2.7857240e+06   1.5000000e+01
   2.7902730e+06   2.0000000e+01
   2.7936400e+06   1.7000000e+01
   3.0094250e+06   1.4000000e+01
   3.0098000e+06   1.5000000e+01
   3.0129610e+06   1.7000000e+01
   3.0130490e+06   1.4000000e+01
   3.0143890e+06   1.5000000e+01
   3.0161840e+06   1.4000000e+01
   3.0172380e+06   1.4000000e+01
   3.0251660e+06   1.5000000e+01
   3.0340140e+06   1.4000000e+01
   3.1408550e+06   1.4000000e+01
   3.1466490e+06   1.7000000e+01
   3.1474710e+06   1.5000000e+01
   3.1478540e+06   1.6000000e+01
   3.1484320e+06   1.9000000e+01
   3.1486100e+06   1.5000000e+01
   3.1510840e+06   1.5000000e+01
   3.1521870e+06   1.5000000e+01
   3.1537520e+06   1.4000000e+01
   3.2523990e+06   1.5000000e+01
   3.3851140e+06   1.9000000e+01
   3.3881640e+06   1.6000000e+01
   3.3902270e+06   1.6000000e+01
   3.3942910e+06   1.5000000e+01
   3.4039000e+06   1.4000000e+01
   3.4066120e+06   1.7000000e+01
   3.4146730e+06   1.5000000e+01
   3.4190680e+06   1.7000000e+01
   3.4273160e+06   1.5000000e+01
   3.4277130e+06   1.4000000e+01
   3.4281010e+06   1.7000000e+01
   3.4281430e+06   1.4000000e+01
   3.4285590e+06   1.4000000e+01
   3.4290120e+06   1.7000000e+01
   3.4296180e+06   1.5000000e+01
   3.4304180e+06   1.5000000e+01
   3.4321960e+06   1.5000000e+01
   3.5835770e+06   1.4000000e+01
   3.6890080e+06   1.4000000e+01
   3.6899500e+06   1.4000000e+01
   3.6919800e+06   2.0000000e+01
   3.6927300e+06   1.5000000e+01
   3.7007870e+06   1.8000000e+01
   3.7031560e+06   1.9000000e+01
   3.9448480e+06   1.5000000e+01
   3.9491640e+06   1.9000000e+01
   3.9504520e+06   1.4000000e+01
   3.9567820e+06   1.6000000e+01
   3.9623760e+06   1.6000000e+01
   3.9653860e+06   1.4000000e+01
   3.9885350e+06   1.6000000e+01
   3.9921700e+06   1.4000000e+01
   4.0030930e+06   1.4000000e+01
   4.0060350e+06   1.8000000e+01
   4.0067050e+06   1.5000000e+01
   4.0067310e+06   1.4000000e+01
   4.0071200e+06   1.4000000e+01
   4.0071530e+06   1.5000000e+01
   4.0074430e+06   1.4000000e+01
   4.0075050e+06   1.6000000e+01
   4.0075690e+06   1.6000000e+01
   4.0078280e+06   1.4000000e+01
   4.0079580e+06   2.1000000e+01
   4.0080000e+06   1.5000000e+01
   4.0082700e+06   1.7000000e+01
   4.0083130e+06   1.4000000e+01
   4.0084220e+06   1.4000000e+01
   4.0085880e+06   1.5000000e+01
   4.0087670e+06   1.7000000e+01
   4.0089040e+06   1.4000000e+01
   4.0091200e+06   1.5000000e+01
   4.0091830e+06   1.4000000e+01
   4.0092530e+06   1.4000000e+01
   4.0093240e+06   1.4000000e+01
   4.0098690e+06   1.4000000e+01
   4.0100660e+06   1.4000000e+01
   4.0102810e+06   1.8000000e+01
   4.0105980e+06   1.5000000e+01
   4.0106950e+06   1.5000000e+01
   4.0107210e+06   1.6000000e+01
   4.0112800e+06   1.4000000e+01
   4.0114010e+06   1.4000000e+01
   4.0122270e+06   1.5000000e+01
   4.0137120e+06   1.4000000e+01
   4.0141930e+06   1.4000000e+01
   4.0978690e+06   1.5000000e+01
   4.0991540e+06   1.5000000e+01
   4.0993160e+06   1.6000000e+01
   4.1011720e+06   1.8000000e+01
   4.1012950e+06   1.5000000e+01
   4.3064310e+06   1.6000000e+01
   4.3071740e+06   1.4000000e+01
   4.3094110e+06   1.4000000e+01
   4.3103280e+06   1.4000000e+01
   4.3117530e+06   1.8000000e+01
   4.3232310e+06   1.4000000e+01
   4.3365540e+06   1.9000000e+01
   4.3842190e+06   1.5000000e+01
   4.4037980e+06   1.4000000e+01
   4.4059930e+06   1.4000000e+01
   4.5730640e+06   1.4000000e+01
   4.5745010e+06   1.5000000e+01
   4.5793190e+06   1.4000000e+01
   4.5800190e+06   1.6000000e+01
   4.5835370e+06   1.9000000e+01
   4.5861010e+06   1.7000000e+01
   4.5927750e+06   1.4000000e+01
   4.5959860e+06   1.7000000e+01
   4.6058970e+06   1.7000000e+01
   4.6060200e+06   1.5000000e+01
   4.6069550e+06   1.6000000e+01
   4.6071480e+06   1.4000000e+01
   4.8240950e+06   1.8000000e+01
   4.8256630e+06   1.4000000e+01
   4.8335690e+06   1.4000000e+01
   4.8377360e+06   1.6000000e+01
   4.8384250e+06   1.6000000e+01
   4.8394000e+06   1.6000000e+01
   4.9666510e+06   1.4000000e+01
   5.0397440e+06   1.9000000e+01
   5.0416000e+06   1.5000000e+01
   5.1066740e+06   1.4000000e+01
   5.1084800e+06   1.5000000e+01
   5.1088520e+06   1.4000000e+01
   5.1139620e+06   1.4000000e+01
   5.1163250e+06   1.7000000e+01
   5.2333710e+06   1.9000000e+01
   5.2339660e+06   1.5000000e+01
   5.2342470e+06   1.5000000e+01
   5.2345620e+06   1.6000000e+01
   5.2348770e+06   1.7000000e+01
   5.2351790e+06   1.6000000e+01
   5.2357080e+06   1.5000000e+01
   5.2361810e+06   1.6000000e+01
   5.2376520e+06   1.6000000e+01
   5.2376820e+06   2.0000000e+01
   5.2960620e+06   1.4000000e+01
   5.2966050e+06   1.5000000e+01
   5.3027490e+06   1.4000000e+01
   5.4576030e+06   1.4000000e+01
   5.4625620e+06   1.4000000e+01
   5.4647760e+06   1.5000000e+01
   5.5694250e+06   1.5000000e+01
   5.5695650e+06   1.4000000e+01
   5.5699160e+06   1.4000000e+01
   5.5705270e+06   1.4000000e+01
   5.5711750e+06   1.6000000e+01
   5.5720190e+06   1.7000000e+01
   5.5994310e+06   1.5000000e+01
   5.6043070e+06   1.6000000e+01
   5.6157650e+06   1.4000000e+01
   5.6208170e+06   1.5000000e+01
   5.6232970e+06   1.5000000e+01
   5.6262820e+06   1.7000000e+01
   5.6289280e+06   1.5000000e+01
   5.6309050e+06   1.4000000e+01
   5.7804970e+06   1.5000000e+01
   5.7858520e+06   1.4000000e+01
   5.7864590e+06   1.7000000e+01
   5.7872100e+06   1.6000000e+01
   5.7877530e+06   1.6000000e+01
   5.7878170e+06   1.4000000e+01
   5.7882140e+06   1.4000000e+01
   5.7892290e+06   1.8000000e+01
   5.7996810e+06   1.4000000e+01
   5.8038640e+06   1.7000000e+01
   5.9550120e+06   1.6000000e+01
   5.9859310e+06   1.4000000e+01
   6.0784930e+06   2.2000000e+01
   6.0794780e+06   1.4000000e+01
   6.0806660e+06   1.9000000e+01
   6.0813390e+06   1.6000000e+01
   6.0815080e+06   1.8000000e+01
   6.0824540e+06   1.4000000e+01
   6.0824930e+06   1.4000000e+01
   6.0835940e+06   1.8000000e+01
   6.2979670e+06   1.5000000e+01
   6.2984510e+06   1.7000000e+01
   6.2989850e+06   1.5000000e+01
   6.2998920e+06   1.4000000e+01
   6.3003530e+06   1.5000000e+01
   6.3004370e+06   1.4000000e+01
   6.3020630e+06   1.6000000e+01
   6.3020880e+06   1.4000000e+01
   6.3024560e+06   1.6000000e+01
   6.3029670e+06   1.5000000e+01
   6.3037760e+06   1.4000000e+01
   6.3053370e+06   1.4000000e+01
   6.3949270e+06   1.4000000e+01
   6.4266670e+06   1.4000000e+01
   6.4706390e+06   1.6000000e+01
   6.4717610e+06   1.4000000e+01
   6.4722240e+06   1.5000000e+01
   6.4727060e+06   1.4000000e+01
   6.4732850e+06   2.0000000e+01
   6.4735860e+06   1.4000000e+01
   6.4740680e+06   1.4000000e+01
   6.4748080e+06   1.4000000e+01
   6.4803120e+06   1.6000000e+01
   6.4918520e+06   1.4000000e+01
   6.5088160e+06   1.4000000e+01
   6.5309820e+06   1.6000000e+01
   6.5359710e+06   1.5000000e+01
   6.5372640e+06   1.4000000e+01
   6.5376210e+06   1.9000000e+01
   6.5386570e+06   1.7000000e+01
   6.5395520e+06   1.6000000e+01
   6.5409380e+06   1.4000000e+01
   6.5601150e+06   1.5000000e+01
   6.5618040e+06   1.6000000e+01
   6.5627740e+06   1.6000000e+01
   6.5664880e+06   1.4000000e+01
   6.5683440e+06   1.5000000e+01
   6.6041970e+06   2.1000000e+01
   6.6129550e+06   1.4000000e+01
   6.8345750e+06   1.4000000e+01
   6.8347330e+06   1.7000000e+01
   6.8355290e+06   1.9000000e+01
   6.8434270e+06   1.6000000e+01
   6.8448140e+06   1.7000000e+01
   6.8470280e+06   1.4000000e+01
   6.8513760e+06   1.6000000e+01
   6.9626190e+06   1.5000000e+01
   6.9640760e+06   1.4000000e+01
   6.9645460e+06   1.4000000e+01
   6.9655600e+06   1.4000000e+01
   6.9667810e+06   1.8000000e+01
   6.9669230e+06   1.4000000e+01
   6.9671600e+06   1.8000000e+01
   6.9677320e+06   1.9000000e+01
   6.9680040e+06   1.4000000e+01
   6.9688020e+06   1.5000000e+01
   6.9696410e+06   1.5000000e+01
   7.0459330e+06   2.1000000e+01
   7.0516840e+06   1.4000000e+01
   7.0524300e+06   1.4000000e+01
   7.0525730e+06   1.5000000e+01
   7.0536390e+06   1.7000000e+01
   7.0558210e+06   1.4000000e+01
   7.0580960e+06   1.4000000e+01
   7.0648400e+06   1.4000000e+01
   7.0862510e+06   1.6000000e+01
   7.2001020e+06   1.4000000e+01
   7.2015780e+06   1.4000000e+01
   7.2032300e+06   1.6000000e+01
   7.2061750e+06   1.8000000e+01
   7.3078610e+06   1.4000000e+01
   7.4682220e+06   1.4000000e+01
