   7.5000000e+06   0.0000000e+00
   2.2000000e+01   1.7000000e+01
   1.1030000e+03   1.7000000e+01
   1.3280000e+03   1.8000000e+01
   1.4860000e+03   1.8000000e+01
   1.7290000e+03   1.7000000e+01
   2.8430000e+03   1.7000000e+01
   3.4740000e+03   1.7000000e+01
   3.5600000e+03   2.0000000e+01
   4.4000000e+03   1.7000000e+01
   4.8070000e+03   1.7000000e+01
   6.1010000e+03   1.7000000e+01
   6.9930000e+03   2.0000000e+01
   8.1560000e+03   1.7000000e+01
   1.0040000e+04   2.0000000e+01
   1.6944000e+04   2.1000000e+01
   7.5101000e+04   1.7000000e+01
   2.1755000e+05   1.8000000e+01
   2.1941000e+05   1.7000000e+01
   2.2131200e+05   1.9000000e+01
   2.2378500e+05   1.7000000e+01
   2.2385300e+05   1.8000000e+01
   2.2533600e+05   2.2000000e+01
   2.2579700e+05   1.8000000e+01
   2.2633400e+05   1.7000000e+01
   2.2651100e+05   1.7000000e+01
   2.2712400e+05   1.9000000e+01
   2.2720900e+05   1.8000000e+01
   2.2755900e+05   1.7000000e+01
   2.2871700e+05   2.0000000e+01
   2.2975500e+05   1.7000000e+01
   2.3082400e+05   2.4000000e+01
   2.3111800e+05   1.8000000e+01
   2.3223100e+05   1.7000000e+01
   2.3723400e+05   1.8000000e+01
   2.3840200e+05   1.8000000e+01
   3.3208700e+05   2.2000000e+01
   3.3389000e+05   1.7000000e+01
   3.3804800e+05   2.1000000e+01
   3.3991500e+05   1.9000000e+01
   3.4206400e+05   2.1000000e+01
   3.4214300e+05   2.1000000e+01
   3.4251600e+05   1.8000000e+01
   3.4317100e+05   2.1000000e+01
   3.4329100e+05   1.8000000e+01
   3.4397400e+05   1.7000000e+01
   4.7287500e+05   1.7000000e+01
   5.3622600e+05   1.7000000e+01
   5.3651300e+05   1.7000000e+01
   5.3815300e+05   1.9000000e+01
   6.3228400e+05   2.4000000e+01
   6.3755700e+05   2.1000000e+01
   6.3849700e+05   2.4000000e+01
   6.3985400e+05   1.7000000e+01
   6.4075600e+05   2.0000000e+01
   6.4086000e+05   1.7000000e+01
   6.4122800e+05   1.7000000e+01
   6.4133100e+05   2.6000000e+01
   6.4165900e+05   1.8000000e+01
   6.4177500e+05   1.9000000e+01
   6.4213100e+05   1.8000000e+01
   6.4220600e+05   1.7000000e+01
   6.4242100e+05   2.0000000e+01
   6.4316300e+05   1.7000000e+01
   6.4347900e+05   1.7000000e+01
   6.4387000e+05   2.8000000e+01
   6.4487500e+05   1.7000000e+01
   6.4536100e+05   1.8000000e+01
   6.8309400e+05   1.8000000e+01
   6.8525900e+05   1.7000000e+01
   7.0594400e+05   2.0000000e+01
   7.0720700e+05   2.0000000e+01
   7.0781300e+05   1.9000000e+01
   7.1314300e+05   2.0000000e+01
   7.1721900e+05   1.8000000e+01
   7.2128900e+05   2.3000000e+01
   7.2220500e+05   2.4000000e+01
   7.2284700e+05   2.2000000e+01
   7.2567400e+05   2.0000000e+01
   7.4444300e+05   1.7000000e+01
   7.4449000e+05   2.2000000e+01
   7.5249900e+05   2.1000000e+01
   7.5258300e+05   1.7000000e+01
   7.7773600e+05   1.8000000e+01
   7.8138300e+05   1.7000000e+01
   8.2477600e+05   1.7000000e+01
   8.2936700e+05   1.7000000e+01
   1.0055710e+06   1.7000000e+01
   1.0058340e+06   1.9000000e+01
   1.0060020e+06   1.8000000e+01
   1.0060830e+06   2.3000000e+01
   1.0062130e+06   1.7000000e+01
   1.0064030e+06   2.0000000e+01
   1.0065950e+06   2.0000000e+01
   1.0067210e+06   1.9000000e+01
   1.0067860e+06   2.2000000e+01
   1.0069620e+06   1.7000000e+01
   1.0070100e+06   2.3000000e+01
   1.0073720e+06   1.7000000e+01
   1.0076510e+06   1.7000000e+01
   1.0077530e+06   2.1000000e+01
   1.0079740e+06   2.0000000e+01
   1.0081280e+06   2.6000000e+01
   1.0082240e+06   1.7000000e+01
   1.0083430e+06   1.7000000e+01
   1.0084380e+06   1.9000000e+01
   1.0085770e+06   1.7000000e+01
   1.0088020e+06   1.7000000e+01
   1.0088690e+06   1.8000000e+01
   1.0089050e+06   1.7000000e+01
   1.0091780e+06   1.7000000e+01
   1.0096380e+06   1.7000000e+01
   1.0097560e+06   1.8000000e+01
   1.0098060e+06   1.7000000e+01
   1.0099040e+06   1.7000000e+01
   1.0109160e+06   1.8000000e+01
   1.0111700e+06   2.0000000e+01
   1.0112560e+06   1.9000000e+01
   1.0141950e+06   1.7000000e+01
   1.0443280e+06   1.8000000e+01
   1.0453410e+06   1.8000000e+01
   1.0456010e+06   2.1000000e+01
   1.0466520e+06   2.1000000e+01
   1.0484090e+06   1.9000000e+01
   1.0497110e+06   2.0000000e+01
   1.0509480e+06   1.7000000e+01
   1.2797750e+06   1.7000000e+01
   1.2910710e+06   1.8000000e+01
   1.2925710e+06   1.7000000e+01
   1.2947690e+06   1.8000000e+01
   1.2958580e+06   1.9000000e+01
   1.2987030e+06   1.7000000e+01
   1.3006640e+06   1.9000000e+01
   1.3034200e+06   1.9000000e+01
   1.3163530e+06   2.0000000e+01
   1.3443900e+06   1.9000000e+01
   1.3457830e+06   1.7000000e+01
   1.3464360e+06   2.2000000e+01
   1.3474990e+06   1.9000000e+01
   1.3482700e+06   2.2000000e+01
   1.4212040e+06   1.7000000e+01
   1.4219500e+06   1.9000000e+01
   1.4243960e+06   1.8000000e+01
   1.4246730e+06   1.8000000e+01
   1.4266040e+06   1.8000000e+01
   1.5538250e+06   1.7000000e+01
   1.5542370e+06   1.7000000e+01
   1.5586930e+06   1.7000000e+01
   1.5589900e+06   1.9000000e+01
   1.5593360e+06   1.8000000e+01
   1.5598130e+06   2.4000000e+01
   1.5611320e+06   1.8000000e+01
   1.5698720e+06   2.8000000e+01
   1.5709330e+06   2.0000000e+01
   1.5730530e+06   1.8000000e+01
   1.5731810e+06   1.8000000e+01
   1.5748630e+06   2.0000000e+01
   1.5760860e+06   1.7000000e+01
   1.5774600e+06   1.8000000e+01
   1.5778040e+06   1.9000000e+01
   1.5784470e+06   1.9000000e+01
   1.7553410e+06   1.7000000e+01
   1.7629140e+06   2.2000000e+01
   1.7629500e+06   1.7000000e+01
   1.7646910e+06   2.2000000e+01
   1.7653450e+06   1.7000000e+01
   1.7664520e+06   1.7000000e+01
   1.7992930e+06   1.8000000e+01
   1.8048920e+06   2.3000000e+01
   1.8070590e+06   2.1000000e+01
   1.8090660e+06   1.8000000e+01
   1.8100190e+06   1.7000000e+01
   1.8114500e+06   2.2000000e+01
   1.8128610e+06   1.9000000e+01
   1.8148630e+06   1.9000000e+01
   1.8199610e+06   2.4000000e+01
   1.8389110e+06   1.9000000e+01
   1.8499520e+06   2.1000000e+01
   1.8515700e+06   1.8000000e+01
   1.8538970e+06   2.0000000e+01
   1.9209230e+06   1.7000000e+01
   1.9218450e+06   2.2000000e+01
   1.9223490e+06   1.8000000e+01
   1.9230390e+06   2.0000000e+01
   1.9271960e+06   1.8000000e+01
   1.9278530e+06   1.9000000e+01
   1.9282340e+06   2.2000000e+01
   1.9291730e+06   2.4000000e+01
   1.9295610e+06   1.7000000e+01
   1.9313770e+06   2.2000000e+01
   1.9440530e+06   1.8000000e+01
   1.9496150e+06   1.7000000e+01
   1.9518980e+06   1.8000000e+01
   1.9661060e+06   1.9000000e+01
   1.9727770e+06   2.1000000e+01
   2.1046490e+06   1.7000000e+01
   2.1064540e+06   1.8000000e+01
   2.1080220e+06   1.8000000e+01
   2.1086400e+06   2.1000000e+01
   2.1092410e+06   1.9000000e+01
   2.1097910e+06   2.5000000e+01
   2.1112580e+06   1.7000000e+01
   2.1128470e+06   2.2000000e+01
   2.1128860e+06   1.8000000e+01
   2.1160580e+06   2.0000000e+01
   2.1170400e+06   1.7000000e+01
   2.1199550e+06   1.8000000e+01
   2.1246580e+06   1.7000000e+01
   2.1257520e+06   2.3000000e+01
   2.1328640e+06   1.8000000e+01
   2.2593740e+06   1.7000000e+01
   2.2594030e+06   2.0000000e+01
   2.2599400e+06   1.7000000e+01
   2.2610050e+06   2.6000000e+01
   2.2667330e+06   2.2000000e+01
   2.2708960e+06   1.8000000e+01
   2.2833030e+06   2.0000000e+01
   2.2848570e+06   2.3000000e+01
   2.2850900e+06   1.7000000e+01
   2.2854630e+06   1.8000000e+01
   2.2856910e+06   2.0000000e+01
   2.2861320e+06   1.8000000e+01
   2.2869780e+06   1.8000000e+01
   2.2872520e+06   2.7000000e+01
   2.2987570e+06   2.0000000e+01
   2.3014910e+06   2.3000000e+01
   2.3021150e+06   1.7000000e+01
   2.3032530e+06   2.4000000e+01
   2.3049750e+06   1.9000000e+01
   2.3093940e+06   1.9000000e+01
   2.4824740e+06   1.9000000e+01
   2.5920360e+06   1.7000000e+01
   2.6185280e+06   1.7000000e+01
   2.6239880e+06   2.3000000e+01
   2.6255550e+06   2.4000000e+01
   2.6263270e+06   1.7000000e+01
   2.6265070e+06   2.0000000e+01
   2.6272860e+06   1.7000000e+01
   2.6274460e+06   1.7000000e+01
   2.6274740e+06   1.7000000e+01
   2.6276910e+06   1.8000000e+01
   2.6278480e+06   2.0000000e+01
   2.6282290e+06   1.7000000e+01
   2.6282610e+06   1.9000000e+01
   2.6284790e+06   1.8000000e+01
   2.6289920e+06   1.9000000e+01
   2.6290580e+06   1.9000000e+01
   2.6296500e+06   2.4000000e+01
   2.7689030e+06   2.0000000e+01
   2.7695920e+06   1.7000000e+01
   2.7751380e+06   2.0000000e+01
   2.7769640e+06   2.5000000e+01
   2.7779250e+06   2.0000000e+01
   2.7821330e+06   1.7000000e+01
   2.7857410e+06   1.8000000e+01
   2.7902550e+06   1.8000000e+01
   2.7936380e+06   1.7000000e+01
   2.7944230e+06   1.7000000e+01
   3.0129630e+06   1.9000000e+01
   3.0132380e+06   1.9000000e+01
   3.0141780e+06   1.7000000e+01
   3.0142760e+06   1.7000000e+01
   3.0143900e+06   1.7000000e+01
   3.0150680e+06   2.4000000e+01
   3.0153100e+06   1.7000000e+01
   3.0161370e+06   2.0000000e+01
   3.0161990e+06   1.7000000e+01
   3.0251680e+06   2.2000000e+01
   3.0351010e+06   1.7000000e+01
   3.1423850e+06   1.7000000e+01
   3.1440040e+06   1.8000000e+01
   3.1466630e+06   2.0000000e+01
   3.1467130e+06   1.7000000e+01
   3.1478410e+06   1.7000000e+01
   3.1484100e+06   1.8000000e+01
   3.1486150e+06   2.2000000e+01
   3.1491750e+06   1.8000000e+01
   3.1510860e+06   2.7000000e+01
   3.1523160e+06   1.8000000e+01
   3.1537720e+06   2.1000000e+01
   3.2523980e+06   2.2000000e+01
   3.3823620e+06   1.8000000e+01
   3.3826950e+06   1.7000000e+01
   3.3844620e+06   1.8000000e+01
   3.3851200e+06   2.5000000e+01
   3.3881520e+06   1.9000000e+01
   3.3889940e+06   1.7000000e+01
   3.3899390e+06   1.8000000e+01
   3.3902150e+06   2.0000000e+01
   3.3942780e+06   1.7000000e+01
   3.4038850e+06   2.2000000e+01
   3.4065950e+06   2.1000000e+01
   3.4146590e+06   2.1000000e+01
   3.4190720e+06   1.8000000e+01
   3.4232810e+06   1.8000000e+01
   3.4255500e+06   1.9000000e+01
   3.4261830e+06   1.8000000e+01
   3.4264500e+06   2.3000000e+01
   3.4272900e+06   1.8000000e+01
   3.4277180e+06   1.8000000e+01
   3.4281040e+06   2.1000000e+01
   3.4283370e+06   2.1000000e+01
   3.4285430e+06   1.7000000e+01
   3.4285960e+06   2.1000000e+01
   3.4287270e+06   1.7000000e+01
   3.4288690e+06   1.9000000e+01
   3.4289900e+06   1.7000000e+01
   3.4291310e+06   1.7000000e+01
   3.4296200e+06   2.4000000e+01
   3.4296740e+06   2.4000000e+01
   3.4304210e+06   2.1000000e+01
   3.4306800e+06   2.1000000e+01
   3.4321740e+06   1.8000000e+01
   3.4323280e+06   1.7000000e+01
   3.6890020e+06   2.5000000e+01
   3.6895060e+06   1.7000000e+01
   3.6899490e+06   1.9000000e+01
   3.6902700e+06   1.7000000e+01
   3.6904740e+06   1.7000000e+01
   3.6919790e+06   1.7000000e+01
   3.6922660e+06   1.8000000e+01
   3.6927300e+06   2.1000000e+01
   3.7008020e+06   2.3000000e+01
   3.9448360e+06   1.7000000e+01
   3.9491750e+06   1.9000000e+01
   3.9504650e+06   1.8000000e+01
   3.9538300e+06   1.7000000e+01
   3.9567660e+06   1.9000000e+01
   3.9583230e+06   1.7000000e+01
   3.9623750e+06   2.0000000e+01
   3.9624000e+06   1.7000000e+01
   3.9653970e+06   1.8000000e+01
   3.9756410e+06   1.7000000e+01
   3.9758510e+06   1.7000000e+01
   3.9885410e+06   2.0000000e+01
   4.0030810e+06   2.2000000e+01
   4.0060400e+06   2.7000000e+01
   4.0064240e+06   2.0000000e+01
   4.0067130e+06   1.8000000e+01
   4.0071240e+06   1.8000000e+01
   4.0071550e+06   2.3000000e+01
   4.0073660e+06   2.1000000e+01
   4.0075040e+06   1.9000000e+01
   4.0075600e+06   1.9000000e+01
   4.0075900e+06   1.8000000e+01
   4.0078300e+06   2.2000000e+01
   4.0079390e+06   2.0000000e+01
   4.0079650e+06   1.7000000e+01
   4.0080220e+06   1.8000000e+01
   4.0080810e+06   1.7000000e+01
   4.0081650e+06   2.1000000e+01
   4.0081960e+06   2.1000000e+01
   4.0082590e+06   1.8000000e+01
   4.0083160e+06   2.1000000e+01
   4.0083410e+06   1.8000000e+01
   4.0083680e+06   1.7000000e+01
   4.0084210e+06   2.3000000e+01
   4.0084970e+06   1.8000000e+01
   4.0085410e+06   2.3000000e+01
   4.0085860e+06   1.8000000e+01
   4.0087670e+06   3.2000000e+01
   4.0088930e+06   1.8000000e+01
   4.0090250e+06   1.8000000e+01
   4.0091230e+06   1.9000000e+01
   4.0092710e+06   2.9000000e+01
   4.0094170e+06   1.8000000e+01
   4.0095030e+06   1.9000000e+01
   4.0096240e+06   1.9000000e+01
   4.0099150e+06   2.1000000e+01
   4.0102770e+06   1.8000000e+01
   4.0105210e+06   1.8000000e+01
   4.0107100e+06   2.8000000e+01
   4.0111520e+06   1.9000000e+01
   4.0112940e+06   1.7000000e+01
   4.0113400e+06   1.9000000e+01
   4.0113760e+06   1.8000000e+01
   4.0122250e+06   1.8000000e+01
   4.0133320e+06   2.0000000e+01
   4.0141880e+06   2.2000000e+01
   4.0147050e+06   1.7000000e+01
   4.0155700e+06   1.8000000e+01
   4.0168250e+06   1.7000000e+01
   4.0176880e+06   1.7000000e+01
   4.0178010e+06   2.1000000e+01
   4.0978380e+06   2.0000000e+01
   4.0978700e+06   2.7000000e+01
   4.0985100e+06   1.9000000e+01
   4.0993150e+06   1.9000000e+01
   4.1011540e+06   2.0000000e+01
   4.3004800e+06   1.8000000e+01
   4.3019520e+06   1.7000000e+01
   4.3039270e+06   2.0000000e+01
   4.3046680e+06   1.7000000e+01
   4.3050460e+06   1.9000000e+01
   4.3054550e+06   1.7000000e+01
   4.3055470e+06   1.7000000e+01
   4.3064300e+06   2.6000000e+01
   4.3068800e+06   1.7000000e+01
   4.3071620e+06   1.9000000e+01
   4.3094240e+06   2.1000000e+01
   4.3117510e+06   2.4000000e+01
   4.3168200e+06   1.7000000e+01
   4.3232170e+06   2.0000000e+01
   4.3365570e+06   1.9000000e+01
   4.3430680e+06   1.7000000e+01
   4.4000760e+06   1.8000000e+01
   4.4037880e+06   2.0000000e+01
   4.4059790e+06   1.9000000e+01
   4.5745040e+06   2.1000000e+01
   4.5789780e+06   1.8000000e+01
   4.5799980e+06   1.7000000e+01
   4.5835340e+06   2.2000000e+01
   4.5861180e+06   1.9000000e+01
   4.5942320e+06   1.7000000e+01
   4.5959840e+06   1.9000000e+01
   4.6053370e+06   2.1000000e+01
   4.6054220e+06   1.7000000e+01
   4.6059390e+06   2.0000000e+01
   4.6064810e+06   1.9000000e+01
   4.6065690e+06   1.7000000e+01
   4.6068150e+06   2.1000000e+01
   4.6069400e+06   1.8000000e+01
   4.6073900e+06   1.9000000e+01
   4.6076300e+06   2.5000000e+01
   4.6093400e+06   1.9000000e+01
   4.8233920e+06   1.7000000e+01
   4.8240800e+06   1.9000000e+01
   4.8245870e+06   1.7000000e+01
   4.8246830e+06   1.8000000e+01
   4.8253220e+06   1.7000000e+01
   4.8256620e+06   2.0000000e+01
   4.8257040e+06   2.1000000e+01
   4.8271470e+06   1.9000000e+01
   4.8336460e+06   2.4000000e+01
   4.8363280e+06   2.0000000e+01
   4.8377400e+06   2.8000000e+01
   4.8381070e+06   1.9000000e+01
   4.8385080e+06   2.2000000e+01
   4.8390950e+06   2.1000000e+01
   4.8391650e+06   1.7000000e+01
   4.8394200e+06   1.7000000e+01
   4.8398710e+06   1.7000000e+01
   4.8410750e+06   1.8000000e+01
   4.8423940e+06   1.8000000e+01
   4.8497820e+06   1.8000000e+01
   5.0373220e+06   1.7000000e+01
   5.0389300e+06   2.0000000e+01
   5.0389910e+06   1.7000000e+01
   5.0397280e+06   1.8000000e+01
   5.0404700e+06   1.9000000e+01
   5.0416190e+06   2.1000000e+01
   5.1066550e+06   2.0000000e+01
   5.1081240e+06   1.8000000e+01
   5.1084670e+06   2.2000000e+01
   5.1085820e+06   1.9000000e+01
   5.1098860e+06   1.7000000e+01
   5.1100790e+06   1.7000000e+01
   5.1139620e+06   1.9000000e+01
   5.1163260e+06   2.0000000e+01
   5.1185220e+06   1.7000000e+01
   5.1197850e+06   1.9000000e+01
   5.2317320e+06   1.8000000e+01
   5.2323170e+06   1.8000000e+01
   5.2326360e+06   1.8000000e+01
   5.2333770e+06   2.4000000e+01
   5.2339680e+06   2.5000000e+01
   5.2342100e+06   1.8000000e+01
   5.2342460e+06   1.7000000e+01
   5.2342920e+06   1.8000000e+01
   5.2344620e+06   1.7000000e+01
   5.2345600e+06   2.3000000e+01
   5.2349010e+06   2.6000000e+01
   5.2351770e+06   1.7000000e+01
   5.2353240e+06   2.0000000e+01
   5.2357190e+06   1.8000000e+01
   5.2360720e+06   1.8000000e+01
   5.2361860e+06   2.1000000e+01
   5.2364590e+06   1.7000000e+01
   5.2376540e+06   1.7000000e+01
   5.2376820e+06   2.6000000e+01
   5.2380100e+06   1.7000000e+01
   5.2382010e+06   1.8000000e+01
   5.2389770e+06   1.8000000e+01
   5.2610060e+06   1.7000000e+01
   5.2965900e+06   1.8000000e+01
   5.2984240e+06   2.0000000e+01
   5.3004400e+06   1.8000000e+01
   5.3027620e+06   2.6000000e+01
   5.4576030e+06   1.9000000e+01
   5.4577190e+06   1.7000000e+01
   5.4625630e+06   2.0000000e+01
   5.4647050e+06   1.9000000e+01
   5.4647710e+06   1.8000000e+01
   5.5681610e+06   2.8000000e+01
   5.5684180e+06   2.3000000e+01
   5.5688910e+06   1.8000000e+01
   5.5690170e+06   2.0000000e+01
   5.5694250e+06   2.1000000e+01
   5.5700130e+06   1.8000000e+01
   5.5705270e+06   2.8000000e+01
   5.5711000e+06   1.8000000e+01
   5.5711760e+06   1.7000000e+01
   5.5713280e+06   1.7000000e+01
   5.5720170e+06   1.7000000e+01
   5.5726360e+06   1.7000000e+01
   5.5994290e+06   2.0000000e+01
   5.6031090e+06   1.7000000e+01
   5.6042910e+06   1.9000000e+01
   5.6149990e+06   1.9000000e+01
   5.6150350e+06   1.8000000e+01
   5.6154300e+06   1.7000000e+01
   5.6158080e+06   1.7000000e+01
   5.6160970e+06   2.1000000e+01
   5.6208060e+06   2.0000000e+01
   5.6233120e+06   1.9000000e+01
   5.6262740e+06   1.9000000e+01
   5.6264840e+06   1.7000000e+01
   5.6266240e+06   1.8000000e+01
   5.6289300e+06   2.2000000e+01
   5.6309040e+06   1.7000000e+01
   5.6343920e+06   1.8000000e+01
   5.7804760e+06   2.1000000e+01
   5.7847320e+06   1.8000000e+01
   5.7852520e+06   1.8000000e+01
   5.7858530e+06   1.9000000e+01
   5.7864610e+06   2.1000000e+01
   5.7867860e+06   1.8000000e+01
   5.7872090e+06   1.9000000e+01
   5.7877670e+06   1.7000000e+01
   5.7882120e+06   2.0000000e+01
   5.7892140e+06   1.8000000e+01
   5.7996780e+06   2.2000000e+01
   5.8038680e+06   1.9000000e+01
   5.8580510e+06   1.9000000e+01
   5.9521490e+06   1.7000000e+01
   5.9522070e+06   2.1000000e+01
   5.9550090e+06   1.9000000e+01
   6.0775330e+06   1.8000000e+01
   6.0784910e+06   2.0000000e+01
   6.0789070e+06   1.7000000e+01
   6.0791040e+06   1.7000000e+01
   6.0796120e+06   1.9000000e+01
   6.0796760e+06   2.4000000e+01
   6.0806530e+06   2.0000000e+01
   6.0815100e+06   2.0000000e+01
   6.0818980e+06   1.9000000e+01
   6.0820050e+06   1.7000000e+01
   6.0821220e+06   1.8000000e+01
   6.0824950e+06   2.6000000e+01
   6.0835890e+06   2.0000000e+01
   6.0840770e+06   1.7000000e+01
   6.2983880e+06   1.7000000e+01
   6.2984650e+06   1.8000000e+01
   6.2996510e+06   2.0000000e+01
   6.2999150e+06   1.8000000e+01
   6.3000370e+06   1.7000000e+01
   6.3001610e+06   1.8000000e+01
   6.3003520e+06   1.9000000e+01
   6.3004420e+06   2.2000000e+01
   6.3008250e+06   1.7000000e+01
   6.3008580e+06   1.7000000e+01
   6.3010060e+06   1.7000000e+01
   6.3014010e+06   1.7000000e+01
   6.3018820e+06   1.7000000e+01
   6.3019390e+06   1.9000000e+01
   6.3021110e+06   1.8000000e+01
   6.3024400e+06   1.8000000e+01
   6.3027130e+06   1.8000000e+01
   6.3029310e+06   1.7000000e+01
   6.3029570e+06   2.1000000e+01
   6.3029830e+06   1.8000000e+01
   6.3030640e+06   1.7000000e+01
   6.3036840e+06   1.9000000e+01
   6.3037920e+06   2.0000000e+01
   6.3040010e+06   1.8000000e+01
   6.3049740e+06   1.8000000e+01
   6.4726160e+06   1.9000000e+01
   6.4727070e+06   1.9000000e+01
   6.4730430e+06   1.7000000e+01
   6.4732830e+06   2.3000000e+01
   6.4733250e+06   1.7000000e+01
   6.4740500e+06   1.9000000e+01
   6.4743530e+06   1.7000000e+01
   6.4748070e+06   1.8000000e+01
   6.4765160e+06   1.8000000e+01
   6.4803250e+06   2.0000000e+01
   6.4918570e+06   2.0000000e+01
   6.5088140e+06   2.2000000e+01
   6.5309680e+06   2.1000000e+01
   6.5358380e+06   1.7000000e+01
   6.5372440e+06   1.8000000e+01
   6.5376030e+06   2.2000000e+01
   6.5386590e+06   1.8000000e+01
   6.5392100e+06   1.7000000e+01
   6.5395570e+06   1.7000000e+01
   6.5409300e+06   2.2000000e+01
   6.5590290e+06   2.4000000e+01
   6.5601340e+06   2.0000000e+01
   6.5617880e+06   1.7000000e+01
   6.5627750e+06   2.0000000e+01
   6.5664860e+06   1.7000000e+01
   6.6041860e+06   1.7000000e+01
   6.6042120e+06   2.1000000e+01
   6.6092600e+06   2.2000000e+01
   6.6129550e+06   1.8000000e+01
   6.6241220e+06   1.7000000e+01
   6.7423490e+06   1.7000000e+01
   6.8325520e+06   1.9000000e+01
   6.8344860e+06   1.8000000e+01
   6.8347300e+06   2.1000000e+01
   6.8347840e+06   1.9000000e+01
   6.8355300e+06   2.1000000e+01
   6.8365450e+06   1.7000000e+01
   6.8367220e+06   1.7000000e+01
   6.8434050e+06   2.0000000e+01
   6.8470090e+06   1.7000000e+01
   6.8513590e+06   2.5000000e+01
   6.9170850e+06   1.7000000e+01
   6.9601730e+06   2.0000000e+01
   6.9625970e+06   1.7000000e+01
   6.9644130e+06   1.7000000e+01
   6.9644970e+06   1.9000000e+01
   6.9658320e+06   1.7000000e+01
   6.9659750e+06   1.8000000e+01
   6.9660190e+06   1.8000000e+01
   6.9665110e+06   1.9000000e+01
   6.9666540e+06   1.8000000e+01
   6.9667830e+06   2.3000000e+01
   6.9671540e+06   1.7000000e+01
   6.9677300e+06   2.2000000e+01
   6.9688020e+06   2.1000000e+01
   6.9696250e+06   1.9000000e+01
   7.0451230e+06   1.8000000e+01
   7.0459290e+06   2.1000000e+01
   7.0462450e+06   1.8000000e+01
   7.0508950e+06   1.8000000e+01
   7.0512870e+06   1.7000000e+01
   7.0516980e+06   2.0000000e+01
   7.0525710e+06   1.9000000e+01
   7.0536300e+06   2.1000000e+01
   7.0554050e+06   1.7000000e+01
   7.0558250e+06   2.1000000e+01
   7.0580960e+06   1.7000000e+01
   7.0608950e+06   1.7000000e+01
   7.0648400e+06   2.2000000e+01
   7.0737750e+06   2.0000000e+01
   7.0852140e+06   2.0000000e+01
   7.1965510e+06   1.8000000e+01
   7.1992920e+06   1.7000000e+01
   7.2001000e+06   2.2000000e+01
   7.2009730e+06   1.7000000e+01
   7.2015630e+06   1.9000000e+01
   7.2016100e+06   1.7000000e+01
   7.2032180e+06   1.9000000e+01
   7.2039670e+06   1.8000000e+01
   7.2061600e+06   1.8000000e+01
   7.3818600e+06   1.8000000e+01
