   7.5000000e+06   0.0000000e+00
   2.1000000e+01   2.1000000e+01
   1.3290000e+03   1.9000000e+01
   1.5060000e+03   1.8000000e+01
   1.5580000e+03   2.0000000e+01
   2.8240000e+03   1.9000000e+01
   3.1900000e+03   2.0000000e+01
   3.4980000e+03   1.8000000e+01
   3.5740000e+03   2.0000000e+01
   4.8280000e+03   1.9000000e+01
   6.1010000e+03   2.0000000e+01
   6.1720000e+03   1.9000000e+01
   6.9930000e+03   2.0000000e+01
   7.0360000e+03   1.9000000e+01
   7.7770000e+03   1.8000000e+01
   8.1520000e+03   2.3000000e+01
   1.0046000e+04   2.5000000e+01
   1.6929000e+04   1.9000000e+01
   2.1588600e+05   1.9000000e+01
   2.1886500e+05   1.8000000e+01
   2.1952100e+05   1.8000000e+01
   2.2090500e+05   2.0000000e+01
   2.2131100e+05   1.9000000e+01
   2.2375700e+05   2.1000000e+01
   2.2385300e+05   2.2000000e+01
   2.2507400e+05   1.8000000e+01
   2.2531900e+05   1.8000000e+01
   2.2756000e+05   2.8000000e+01
   2.2778600e+05   1.8000000e+01
   2.2801900e+05   1.8000000e+01
   2.2840000e+05   1.8000000e+01
   2.2871500e+05   2.6000000e+01
   2.2977500e+05   2.0000000e+01
   2.3080200e+05   2.5000000e+01
   2.3111700e+05   2.1000000e+01
   2.3840200e+05   2.0000000e+01
   3.3208500e+05   1.8000000e+01
   3.3803300e+05   2.1000000e+01
   3.3909000e+05   2.1000000e+01
   3.3990000e+05   1.8000000e+01
   3.4252300e+05   1.8000000e+01
   3.4317500e+05   1.8000000e+01
   3.4326300e+05   1.8000000e+01
   4.7288300e+05   1.9000000e+01
   4.7318800e+05   2.3000000e+01
   5.3649400e+05   1.8000000e+01
   5.3815300e+05   2.3000000e+01
   5.8348900e+05   1.9000000e+01
   6.3228400e+05   2.0000000e+01
   6.3277400e+05   1.8000000e+01
   6.3755800e+05   2.4000000e+01
   6.3850600e+05   1.8000000e+01
   6.3985300e+05   2.2000000e+01
   6.4075500e+05   2.5000000e+01
   6.4133200e+05   2.1000000e+01
   6.4164500e+05   1.9000000e+01
   6.4179000e+05   2.1000000e+01
   6.4211600e+05   2.5000000e+01
   6.4243600e+05   1.8000000e+01
   6.4285100e+05   1.8000000e+01
   6.4301700e+05   2.2000000e+01
   6.4387300e+05   2.6000000e+01
   6.4451500e+05   1.9000000e+01
   6.4520300e+05   2.0000000e+01
   6.4536100e+05   1.9000000e+01
   6.4594500e+05   1.8000000e+01
   6.5620200e+05   1.9000000e+01
   7.0402300e+05   1.8000000e+01
   7.0593300e+05   1.8000000e+01
   7.0596300e+05   2.1000000e+01
   7.0782900e+05   1.8000000e+01
   7.1314400e+05   2.1000000e+01
   7.2128900e+05   1.9000000e+01
   7.2150200e+05   2.0000000e+01
   7.2220800e+05   2.2000000e+01
   7.2284800e+05   2.1000000e+01
   7.2313300e+05   1.9000000e+01
   7.4447400e+05   2.1000000e+01
   7.5258300e+05   1.8000000e+01
   7.5320300e+05   1.8000000e+01
   7.5448400e+05   1.9000000e+01
   7.7773800e+05   2.0000000e+01
   7.8262000e+05   1.9000000e+01
   8.7494300e+05   1.8000000e+01
   9.9010600e+05   1.9000000e+01
   1.0051030e+06   1.8000000e+01
   1.0060800e+06   1.8000000e+01
   1.0069820e+06   3.3000000e+01
   1.0070090e+06   2.0000000e+01
   1.0076510e+06   1.9000000e+01
   1.0080700e+06   1.8000000e+01
   1.0081290e+06   2.4000000e+01
   1.0082220e+06   1.9000000e+01
   1.0084370e+06   1.9000000e+01
   1.0085440e+06   2.6000000e+01
   1.0085790e+06   2.2000000e+01
   1.0088690e+06   2.1000000e+01
   1.0089650e+06   1.8000000e+01
   1.0091090e+06   2.3000000e+01
   1.0091780e+06   1.8000000e+01
   1.0097280e+06   2.2000000e+01
   1.0097570e+06   2.8000000e+01
   1.0098100e+06   2.0000000e+01
   1.0098610e+06   1.8000000e+01
   1.0100770e+06   1.8000000e+01
   1.0101460e+06   1.8000000e+01
   1.0103210e+06   1.8000000e+01
   1.0106450e+06   1.9000000e+01
   1.0107290e+06   2.0000000e+01
   1.0107790e+06   2.0000000e+01
   1.0108230e+06   1.8000000e+01
   1.0111800e+06   1.8000000e+01
   1.0112570e+06   2.3000000e+01
   1.0113100e+06   1.8000000e+01
   1.0120480e+06   2.0000000e+01
   1.0128120e+06   2.5000000e+01
   1.0141950e+06   2.2000000e+01
   1.0443280e+06   2.0000000e+01
   1.0455840e+06   1.8000000e+01
   1.0466520e+06   1.8000000e+01
   1.0470780e+06   1.9000000e+01
   1.0483490e+06   1.9000000e+01
   1.0483940e+06   1.8000000e+01
   1.0484390e+06   1.8000000e+01
   1.0497110e+06   2.1000000e+01
   1.0509480e+06   2.0000000e+01
   1.2891790e+06   1.8000000e+01
   1.2925810e+06   1.9000000e+01
   1.2944340e+06   1.8000000e+01
   1.2947680e+06   2.1000000e+01
   1.2948770e+06   1.8000000e+01
   1.2958430e+06   1.8000000e+01
   1.2958890e+06   1.8000000e+01
   1.2987030e+06   2.0000000e+01
   1.3006630e+06   1.9000000e+01
   1.3034220e+06   2.4000000e+01
   1.3067320e+06   1.8000000e+01
   1.3163530e+06   1.9000000e+01
   1.3200160e+06   1.9000000e+01
   1.3443910e+06   2.1000000e+01
   1.3457860e+06   1.8000000e+01
   1.3464360e+06   2.0000000e+01
   1.3474990e+06   2.2000000e+01
   1.3482690e+06   2.2000000e+01
   1.4219490e+06   1.8000000e+01
   1.4220640e+06   1.8000000e+01
   1.4243960e+06   1.8000000e+01
   1.4246860e+06   2.4000000e+01
   1.4266040e+06   1.8000000e+01
   1.5034410e+06   1.8000000e+01
   1.5550680e+06   1.8000000e+01
   1.5598700e+06   2.0000000e+01
   1.5611410e+06   1.9000000e+01
   1.5619250e+06   1.8000000e+01
   1.5696030e+06   1.8000000e+01
   1.5698540e+06   2.1000000e+01
   1.5698790e+06   2.1000000e+01
   1.5709360e+06   2.4000000e+01
   1.5716430e+06   1.9000000e+01
   1.5727090e+06   1.9000000e+01
   1.5730530e+06   2.0000000e+01
   1.5748650e+06   2.5000000e+01
   1.5760980e+06   2.4000000e+01
   1.5774280e+06   1.8000000e+01
   1.5784290e+06   2.2000000e+01
   1.7201960e+06   1.8000000e+01
   1.7623570e+06   1.8000000e+01
   1.7628970e+06   1.9000000e+01
   1.7646910e+06   2.1000000e+01
   1.7664540e+06   2.7000000e+01
   1.8002430e+06   2.1000000e+01
   1.8048760e+06   1.8000000e+01
   1.8052150e+06   1.9000000e+01
   1.8070570e+06   2.0000000e+01
   1.8075230e+06   1.8000000e+01
   1.8090460e+06   1.8000000e+01
   1.8114510e+06   2.0000000e+01
   1.8128620e+06   2.3000000e+01
   1.8148800e+06   2.1000000e+01
   1.8166460e+06   1.9000000e+01
   1.8198540e+06   1.9000000e+01
   1.8199420e+06   2.3000000e+01
   1.8199690e+06   1.8000000e+01
   1.8499520e+06   2.4000000e+01
   1.8507770e+06   1.9000000e+01
   1.8515590e+06   2.0000000e+01
   1.8538970e+06   1.9000000e+01
   1.9211850e+06   1.8000000e+01
   1.9218440e+06   2.0000000e+01
   1.9222670e+06   2.1000000e+01
   1.9230400e+06   2.2000000e+01
   1.9230950e+06   1.8000000e+01
   1.9272160e+06   2.0000000e+01
   1.9278600e+06   2.6000000e+01
   1.9291610e+06   1.9000000e+01
   1.9313790e+06   2.3000000e+01
   1.9440540e+06   1.8000000e+01
   1.9489550e+06   2.1000000e+01
   1.9491160e+06   2.0000000e+01
   1.9604310e+06   1.8000000e+01
   1.9661050e+06   2.0000000e+01
   1.9727590e+06   1.8000000e+01
   1.9758070e+06   2.1000000e+01
   2.1046610e+06   1.8000000e+01
   2.1086390e+06   1.9000000e+01
   2.1097930e+06   2.0000000e+01
   2.1128620e+06   2.5000000e+01
   2.1160590e+06   2.2000000e+01
   2.1168760e+06   1.8000000e+01
   2.1175250e+06   2.1000000e+01
   2.1199550e+06   2.2000000e+01
   2.1257420e+06   1.8000000e+01
   2.1328780e+06   2.3000000e+01
   2.2593730e+06   2.2000000e+01
   2.2602360e+06   1.8000000e+01
   2.2667140e+06   1.9000000e+01
   2.2706180e+06   1.9000000e+01
   2.2708950e+06   2.4000000e+01
   2.2839070e+06   1.8000000e+01
   2.2848570e+06   1.8000000e+01
   2.2848820e+06   1.8000000e+01
   2.2856760e+06   1.9000000e+01
   2.2860830e+06   1.8000000e+01
   2.2861330e+06   2.2000000e+01
   2.2869470e+06   1.8000000e+01
   2.2872360e+06   2.7000000e+01
   2.2882020e+06   2.2000000e+01
   2.2926200e+06   1.8000000e+01
   2.2987520e+06   1.8000000e+01
   2.3014920e+06   2.3000000e+01
   2.3032330e+06   2.4000000e+01
   2.3049750e+06   2.3000000e+01
   2.3093770e+06   2.0000000e+01
   2.4009200e+06   1.8000000e+01
   2.5922390e+06   1.8000000e+01
   2.6157060e+06   2.0000000e+01
   2.6239880e+06   2.1000000e+01
   2.6248100e+06   1.8000000e+01
   2.6255540e+06   1.9000000e+01
   2.6276840e+06   1.9000000e+01
   2.6278130e+06   1.8000000e+01
   2.6278470e+06   1.8000000e+01
   2.6280410e+06   2.0000000e+01
   2.6282310e+06   1.8000000e+01
   2.6294310e+06   1.8000000e+01
   2.6296390e+06   1.8000000e+01
   2.6302040e+06   1.8000000e+01
   2.7688740e+06   1.8000000e+01
   2.7735690e+06   2.0000000e+01
   2.7750920e+06   2.0000000e+01
   2.7751380e+06   2.1000000e+01
   2.7768180e+06   1.8000000e+01
   2.7769470e+06   2.0000000e+01
   2.7779100e+06   1.8000000e+01
   2.7857240e+06   1.8000000e+01
   2.7902560e+06   2.2000000e+01
   2.7936390e+06   2.4000000e+01
   2.8063260e+06   1.8000000e+01
   3.0062820e+06   2.1000000e+01
   3.0126070e+06   1.8000000e+01
   3.0129610e+06   1.8000000e+01
   3.0133500e+06   1.8000000e+01
   3.0134840e+06   2.0000000e+01
   3.0143900e+06   2.0000000e+01
   3.0150680e+06   2.6000000e+01
   3.0158190e+06   1.8000000e+01
   3.0161010e+06   2.4000000e+01
   3.0162150e+06   2.2000000e+01
   3.0168360e+06   1.8000000e+01
   3.0174730e+06   1.9000000e+01
   3.0230110e+06   2.2000000e+01
   3.0249120e+06   1.9000000e+01
   3.0251680e+06   2.5000000e+01
   3.0340290e+06   2.3000000e+01
   3.1438540e+06   1.8000000e+01
   3.1459110e+06   1.8000000e+01
   3.1466460e+06   2.2000000e+01
   3.1474730e+06   2.0000000e+01
   3.1478410e+06   1.9000000e+01
   3.1481860e+06   1.8000000e+01
   3.1482850e+06   1.8000000e+01
   3.1484180e+06   2.0000000e+01
   3.1486070e+06   2.0000000e+01
   3.1486390e+06   1.8000000e+01
   3.1491760e+06   1.8000000e+01
   3.1493220e+06   2.2000000e+01
   3.1502000e+06   1.8000000e+01
   3.1504360e+06   2.6000000e+01
   3.1506910e+06   1.8000000e+01
   3.1510880e+06   2.4000000e+01
   3.1520840e+06   1.8000000e+01
   3.2524120e+06   2.2000000e+01
   3.3813260e+06   1.8000000e+01
   3.3827230e+06   1.8000000e+01
   3.3845880e+06   1.8000000e+01
   3.3851140e+06   3.0000000e+01
   3.3859690e+06   1.9000000e+01
   3.3881510e+06   2.1000000e+01
   3.3888440e+06   1.9000000e+01
   3.3902140e+06   2.3000000e+01
   3.3932400e+06   1.9000000e+01
   3.3942780e+06   2.1000000e+01
   3.3991590e+06   1.8000000e+01
   3.4038990e+06   2.4000000e+01
   3.4065950e+06   1.8000000e+01
   3.4132940e+06   1.8000000e+01
   3.4146580e+06   2.6000000e+01
   3.4190670e+06   2.2000000e+01
   3.4234710e+06   1.8000000e+01
   3.4264500e+06   2.1000000e+01
   3.4267710e+06   1.8000000e+01
   3.4270960e+06   2.2000000e+01
   3.4273130e+06   2.2000000e+01
   3.4281070e+06   2.0000000e+01
   3.4281360e+06   1.8000000e+01
   3.4283370e+06   2.4000000e+01
   3.4285050e+06   1.9000000e+01
   3.4285440e+06   1.9000000e+01
   3.4287470e+06   2.0000000e+01
   3.4288240e+06   1.9000000e+01
   3.4289910e+06   1.8000000e+01
   3.4291350e+06   1.9000000e+01
   3.4296170e+06   2.0000000e+01
   3.4303160e+06   1.8000000e+01
   3.4304210e+06   2.0000000e+01
   3.4306810e+06   2.0000000e+01
   3.4321760e+06   2.1000000e+01
   3.4331190e+06   1.8000000e+01
   3.4339920e+06   1.8000000e+01
   3.4343960e+06   2.3000000e+01
   3.5142580e+06   1.8000000e+01
   3.6755000e+06   1.9000000e+01
   3.6889900e+06   1.8000000e+01
   3.6894870e+06   1.8000000e+01
   3.6899480e+06   2.0000000e+01
   3.6909030e+06   1.8000000e+01
   3.6912920e+06   1.9000000e+01
   3.6919840e+06   1.9000000e+01
   3.6922160e+06   1.8000000e+01
   3.6927290e+06   2.8000000e+01
   3.7008020e+06   2.4000000e+01
   3.7031570e+06   2.2000000e+01
   3.7434910e+06   1.8000000e+01
   3.8110660e+06   1.9000000e+01
   3.8441390e+06   1.9000000e+01
   3.9386710e+06   1.8000000e+01
   3.9448350e+06   2.3000000e+01
   3.9491620e+06   2.4000000e+01
   3.9504510e+06   1.9000000e+01
   3.9523640e+06   1.8000000e+01
   3.9528800e+06   1.8000000e+01
   3.9538320e+06   2.2000000e+01
   3.9543810e+06   1.8000000e+01
   3.9567650e+06   2.0000000e+01
   3.9576190e+06   2.0000000e+01
   3.9623750e+06   1.8000000e+01
   3.9653870e+06   2.4000000e+01
   3.9756430e+06   2.2000000e+01
   3.9885200e+06   2.2000000e+01
   4.0030800e+06   1.9000000e+01
   4.0051310e+06   1.8000000e+01
   4.0060220e+06   2.0000000e+01
   4.0064250e+06   1.9000000e+01
   4.0066170e+06   1.8000000e+01
   4.0067260e+06   1.9000000e+01
   4.0069240e+06   1.8000000e+01
   4.0071090e+06   1.9000000e+01
   4.0071550e+06   3.7000000e+01
   4.0072260e+06   1.8000000e+01
   4.0073370e+06   1.8000000e+01
   4.0074910e+06   1.9000000e+01
   4.0075260e+06   2.2000000e+01
   4.0075550e+06   1.9000000e+01
   4.0077980e+06   2.0000000e+01
   4.0078300e+06   1.8000000e+01
   4.0078680e+06   1.8000000e+01
   4.0079650e+06   2.2000000e+01
   4.0080060e+06   2.6000000e+01
   4.0080520e+06   1.9000000e+01
   4.0080880e+06   2.0000000e+01
   4.0082010e+06   2.0000000e+01
   4.0083150e+06   2.1000000e+01
   4.0083840e+06   1.8000000e+01
   4.0085180e+06   2.0000000e+01
   4.0086380e+06   1.9000000e+01
   4.0087690e+06   2.3000000e+01
   4.0088290e+06   2.4000000e+01
   4.0091230e+06   1.9000000e+01
   4.0092700e+06   2.1000000e+01
   4.0093660e+06   2.0000000e+01
   4.0098850e+06   2.1000000e+01
   4.0100570e+06   2.3000000e+01
   4.0101420e+06   1.8000000e+01
   4.0102800e+06   1.9000000e+01
   4.0105270e+06   1.8000000e+01
   4.0106160e+06   2.4000000e+01
   4.0106930e+06   2.0000000e+01
   4.0108410e+06   1.8000000e+01
   4.0109270e+06   2.6000000e+01
   4.0114020e+06   2.0000000e+01
   4.0118890e+06   2.0000000e+01
   4.0119260e+06   1.9000000e+01
   4.0122240e+06   2.4000000e+01
   4.0130230e+06   1.8000000e+01
   4.0133160e+06   2.1000000e+01
   4.0141720e+06   2.6000000e+01
   4.0143120e+06   1.8000000e+01
   4.0155850e+06   2.0000000e+01
   4.0156740e+06   1.9000000e+01
   4.0177840e+06   2.0000000e+01
   4.0973850e+06   1.8000000e+01
   4.0978690e+06   1.9000000e+01
   4.0993160e+06   2.0000000e+01
   4.0994760e+06   1.9000000e+01
   4.1011530e+06   2.1000000e+01
   4.1068840e+06   1.8000000e+01
   4.1115180e+06   2.0000000e+01
   4.1161520e+06   1.8000000e+01
   4.2982530e+06   1.8000000e+01
   4.3030720e+06   1.8000000e+01
   4.3039270e+06   2.3000000e+01
   4.3046780e+06   2.2000000e+01
   4.3055340e+06   2.0000000e+01
   4.3060190e+06   1.8000000e+01
   4.3063550e+06   1.9000000e+01
   4.3064300e+06   2.5000000e+01
   4.3071800e+06   2.6000000e+01
   4.3072260e+06   1.9000000e+01
   4.3094090e+06   3.2000000e+01
   4.3094340e+06   2.0000000e+01
   4.3094650e+06   1.8000000e+01
   4.3117370e+06   1.8000000e+01
   4.3168190e+06   2.2000000e+01
   4.3232180e+06   2.0000000e+01
   4.3266910e+06   1.8000000e+01
   4.3365560e+06   2.5000000e+01
   4.4037880e+06   1.8000000e+01
   4.4039340e+06   2.3000000e+01
   4.4054250e+06   1.8000000e+01
   4.4059930e+06   2.6000000e+01
   4.4060970e+06   1.8000000e+01
   4.5744900e+06   1.8000000e+01
   4.5778270e+06   1.8000000e+01
   4.5789590e+06   1.8000000e+01
   4.5799980e+06   2.2000000e+01
   4.5835350e+06   2.4000000e+01
   4.5838040e+06   1.8000000e+01
   4.5860980e+06   1.8000000e+01
   4.5861490e+06   1.8000000e+01
   4.5959830e+06   2.2000000e+01
   4.6049040e+06   1.8000000e+01
   4.6059400e+06   2.0000000e+01
   4.6069540e+06   2.7000000e+01
   4.6070760e+06   1.9000000e+01
   4.6076280e+06   2.6000000e+01
   4.6144270e+06   1.8000000e+01
   4.8240810e+06   2.2000000e+01
   4.8256640e+06   2.0000000e+01
   4.8335510e+06   1.8000000e+01
   4.8364290e+06   1.8000000e+01
   4.8371040e+06   1.9000000e+01
   4.8375730e+06   1.9000000e+01
   4.8377340e+06   2.3000000e+01
   4.8382560e+06   1.9000000e+01
   4.8385070e+06   2.2000000e+01
   4.8394170e+06   2.4000000e+01
   4.8410750e+06   2.0000000e+01
   4.8554150e+06   1.8000000e+01
   4.9552720e+06   1.9000000e+01
   5.0386150e+06   1.8000000e+01
   5.0389360e+06   1.8000000e+01
   5.0397270e+06   1.8000000e+01
   5.0407170e+06   1.9000000e+01
   5.0409870e+06   1.9000000e+01
   5.0416010e+06   2.0000000e+01
   5.1037290e+06   1.9000000e+01
   5.1066580e+06   1.9000000e+01
   5.1075380e+06   2.0000000e+01
   5.1084650e+06   2.1000000e+01
   5.1089520e+06   1.8000000e+01
   5.1100930e+06   1.9000000e+01
   5.1113770e+06   1.8000000e+01
   5.1136080e+06   1.9000000e+01
   5.1139630e+06   2.0000000e+01
   5.1163250e+06   2.0000000e+01
   5.1197850e+06   2.4000000e+01
   5.1256400e+06   1.8000000e+01
   5.1258390e+06   1.8000000e+01
   5.1304310e+06   1.8000000e+01
   5.2173590e+06   1.8000000e+01
   5.2238190e+06   1.8000000e+01
   5.2250090e+06   1.9000000e+01
   5.2326360e+06   1.8000000e+01
   5.2332980e+06   1.8000000e+01
   5.2333540e+06   2.6000000e+01
   5.2337290e+06   1.9000000e+01
   5.2339500e+06   1.9000000e+01
   5.2342110e+06   1.9000000e+01
   5.2342510e+06   2.2000000e+01
   5.2344020e+06   1.8000000e+01
   5.2345430e+06   1.9000000e+01
   5.2348980e+06   2.4000000e+01
   5.2351770e+06   2.4000000e+01
   5.2355480e+06   1.8000000e+01
   5.2357070e+06   2.3000000e+01
   5.2360810e+06   1.9000000e+01
   5.2361960e+06   1.9000000e+01
   5.2364190e+06   2.2000000e+01
   5.2376820e+06   2.5000000e+01
   5.2381930e+06   2.0000000e+01
   5.2429800e+06   1.8000000e+01
   5.2954280e+06   1.9000000e+01
   5.2965890e+06   2.4000000e+01
   5.2980040e+06   2.0000000e+01
   5.2984110e+06   2.7000000e+01
   5.2991890e+06   1.8000000e+01
   5.3004410e+06   1.9000000e+01
   5.3027470e+06   2.3000000e+01
   5.3041280e+06   1.9000000e+01
   5.4576030e+06   1.9000000e+01
   5.4625630e+06   2.1000000e+01
   5.5673070e+06   1.8000000e+01
   5.5684190e+06   2.3000000e+01
   5.5694260e+06   2.0000000e+01
   5.5701540e+06   1.8000000e+01
   5.5705450e+06   2.0000000e+01
   5.5711760e+06   2.2000000e+01
   5.5714620e+06   1.8000000e+01
   5.5717060e+06   1.8000000e+01
   5.5720390e+06   1.8000000e+01
   5.5723190e+06   1.8000000e+01
   5.5967100e+06   1.8000000e+01
   5.5987730e+06   1.9000000e+01
   5.5994300e+06   1.9000000e+01
   5.6042920e+06   2.2000000e+01
   5.6102280e+06   1.8000000e+01
   5.6102860e+06   2.0000000e+01
   5.6124770e+06   1.9000000e+01
   5.6133540e+06   1.9000000e+01
   5.6140410e+06   1.8000000e+01
   5.6144450e+06   1.8000000e+01
   5.6150000e+06   2.3000000e+01
   5.6157910e+06   2.0000000e+01
   5.6161310e+06   1.8000000e+01
   5.6208050e+06   2.1000000e+01
   5.6232990e+06   1.8000000e+01
   5.6262610e+06   2.0000000e+01
   5.6289120e+06   1.9000000e+01
   5.6309040e+06   1.9000000e+01
   5.6319250e+06   2.2000000e+01
   5.7803840e+06   1.8000000e+01
   5.7804750e+06   2.0000000e+01
   5.7852470e+06   2.3000000e+01
   5.7858650e+06   2.0000000e+01
   5.7864610e+06   2.1000000e+01
   5.7872090e+06   2.6000000e+01
   5.7877540e+06   1.8000000e+01
   5.7881170e+06   1.8000000e+01
   5.7892150e+06   1.8000000e+01
   5.7991200e+06   1.9000000e+01
   5.7996600e+06   1.9000000e+01
   5.8008260e+06   1.8000000e+01
   5.8038800e+06   2.0000000e+01
   5.8255130e+06   1.9000000e+01
   5.8580510e+06   1.8000000e+01
   5.9522070e+06   1.8000000e+01
   5.9549930e+06   1.8000000e+01
   6.0775570e+06   1.9000000e+01
   6.0784750e+06   2.0000000e+01
   6.0796680e+06   1.8000000e+01
   6.0805980e+06   1.9000000e+01
   6.0806520e+06   1.8000000e+01
   6.0815060e+06   2.0000000e+01
   6.0824810e+06   2.6000000e+01
   6.0825560e+06   1.8000000e+01
   6.0835270e+06   2.0000000e+01
   6.0835890e+06   2.2000000e+01
   6.0864870e+06   1.9000000e+01
   6.1639720e+06   1.8000000e+01
   6.2913910e+06   2.0000000e+01
   6.2979710e+06   1.8000000e+01
   6.2984060e+06   2.0000000e+01
   6.2984620e+06   2.2000000e+01
   6.2993190e+06   1.8000000e+01
   6.2995090e+06   1.9000000e+01
   6.2996600e+06   2.8000000e+01
   6.3000370e+06   2.3000000e+01
   6.3001890e+06   1.8000000e+01
   6.3003520e+06   2.9000000e+01
   6.3011950e+06   2.0000000e+01
   6.3014580e+06   1.8000000e+01
   6.3020180e+06   2.3000000e+01
   6.3022730e+06   2.0000000e+01
   6.3023670e+06   1.9000000e+01
   6.3024420e+06   1.8000000e+01
   6.3029680e+06   2.6000000e+01
   6.3030620e+06   2.0000000e+01
   6.3031480e+06   2.6000000e+01
   6.3037920e+06   2.5000000e+01
   6.3039190e+06   1.9000000e+01
   6.3039470e+06   1.9000000e+01
   6.3055810e+06   1.8000000e+01
   6.4719190e+06   2.1000000e+01
   6.4724190e+06   1.8000000e+01
   6.4727060e+06   2.1000000e+01
   6.4728630e+06   2.2000000e+01
   6.4729750e+06   1.8000000e+01
   6.4730200e+06   1.9000000e+01
   6.4732830e+06   1.9000000e+01
   6.4733110e+06   1.9000000e+01
   6.4734690e+06   1.9000000e+01
   6.4736770e+06   2.0000000e+01
   6.4740510e+06   2.2000000e+01
   6.4747940e+06   2.9000000e+01
   6.4751770e+06   1.8000000e+01
   6.4765000e+06   2.4000000e+01
   6.4803140e+06   1.9000000e+01
   6.4918410e+06   1.9000000e+01
   6.5088150e+06   2.8000000e+01
   6.5128620e+06   1.8000000e+01
   6.5309670e+06   2.0000000e+01
   6.5334770e+06   1.8000000e+01
   6.5359380e+06   1.8000000e+01
   6.5361420e+06   1.8000000e+01
   6.5372620e+06   1.9000000e+01
   6.5375850e+06   2.0000000e+01
   6.5386590e+06   2.4000000e+01
   6.5395360e+06   2.0000000e+01
   6.5409180e+06   2.3000000e+01
   6.5409690e+06   1.8000000e+01
   6.5590140e+06   1.9000000e+01
   6.5601180e+06   2.0000000e+01
   6.5618020e+06   2.1000000e+01
   6.5627750e+06   2.0000000e+01
   6.5664860e+06   1.9000000e+01
   6.6038040e+06   1.8000000e+01
   6.6042000e+06   2.1000000e+01
   6.6092600e+06   2.0000000e+01
   6.6129550e+06   2.3000000e+01
   6.8320560e+06   2.2000000e+01
   6.8326790e+06   1.8000000e+01
   6.8339340e+06   1.9000000e+01
   6.8340310e+06   1.9000000e+01
   6.8341750e+06   1.8000000e+01
   6.8344810e+06   1.8000000e+01
   6.8347300e+06   2.6000000e+01
   6.8349490e+06   1.9000000e+01
   6.8355290e+06   2.5000000e+01
   6.8359910e+06   2.1000000e+01
   6.8434060e+06   1.8000000e+01
   6.8445350e+06   1.8000000e+01
   6.8448140e+06   2.0000000e+01
   6.8470100e+06   2.1000000e+01
   6.8513720e+06   2.1000000e+01
   6.8743280e+06   1.8000000e+01
   6.9601590e+06   1.9000000e+01
   6.9626040e+06   2.1000000e+01
   6.9626550e+06   1.9000000e+01
   6.9633460e+06   1.8000000e+01
   6.9648790e+06   1.8000000e+01
   6.9659980e+06   1.8000000e+01
   6.9660240e+06   1.9000000e+01
   6.9667700e+06   1.9000000e+01
   6.9668390e+06   2.1000000e+01
   6.9671580e+06   2.6000000e+01
   6.9672830e+06   1.8000000e+01
   6.9677310e+06   2.3000000e+01
   6.9679990e+06   1.8000000e+01
   6.9682960e+06   1.8000000e+01
   6.9687850e+06   2.5000000e+01
   6.9696260e+06   1.8000000e+01
   6.9832530e+06   1.8000000e+01
   7.0459290e+06   2.4000000e+01
   7.0514570e+06   2.0000000e+01
   7.0516840e+06   2.0000000e+01
   7.0525710e+06   2.3000000e+01
   7.0536510e+06   1.9000000e+01
   7.0558050e+06   1.9000000e+01
   7.0580960e+06   2.1000000e+01
   7.0581360e+06   2.0000000e+01
   7.0648390e+06   2.3000000e+01
   7.0737740e+06   1.8000000e+01
   7.0852000e+06   2.0000000e+01
   7.1981850e+06   2.1000000e+01
   7.1999780e+06   1.8000000e+01
   7.2001000e+06   2.0000000e+01
   7.2009740e+06   2.0000000e+01
   7.2015630e+06   1.8000000e+01
   7.2016100e+06   1.8000000e+01
   7.2032150e+06   2.1000000e+01
   7.2037990e+06   1.8000000e+01
   7.2039660e+06   1.9000000e+01
   7.2061600e+06   2.0000000e+01
