   7.5000000e+06   0.0000000e+00
   1.9000000e+01   3.7000000e+01
   1.5210000e+03   2.3000000e+01
   2.6720000e+03   1.8000000e+01
   2.8210000e+03   2.7000000e+01
   3.1580000e+03   1.8000000e+01
   3.5590000e+03   2.8000000e+01
   4.8280000e+03   2.5000000e+01
   6.1080000e+03   2.7000000e+01
   6.9820000e+03   1.9000000e+01
   7.0070000e+03   3.4000000e+01
   8.1530000e+03   2.7000000e+01
   1.0029000e+04   2.1000000e+01
   1.4026000e+04   1.8000000e+01
   1.6928000e+04   2.7000000e+01
   2.1590400e+05   1.8000000e+01
   2.1744000e+05   1.9000000e+01
   2.1756600e+05   2.1000000e+01
   2.1824700e+05   1.9000000e+01
   2.1889100e+05   2.1000000e+01
   2.2131000e+05   3.4000000e+01
   2.2135800e+05   1.9000000e+01
   2.2385300e+05   3.1000000e+01
   2.2531900e+05   2.6000000e+01
   2.2537000e+05   2.1000000e+01
   2.2756100e+05   3.2000000e+01
   2.2802200e+05   2.1000000e+01
   2.2871500e+05   3.7000000e+01
   2.2874500e+05   1.8000000e+01
   2.2919200e+05   1.8000000e+01
   2.2977200e+05   1.9000000e+01
   2.3079900e+05   2.5000000e+01
   2.3082500e+05   1.9000000e+01
   2.3113900e+05   1.8000000e+01
   2.3518900e+05   1.8000000e+01
   2.3790900e+05   1.8000000e+01
   2.3840000e+05   3.1000000e+01
   3.3208500e+05   2.8000000e+01
   3.3803200e+05   2.6000000e+01
   3.3909200e+05   2.0000000e+01
   3.3990000e+05   2.3000000e+01
   3.4317300e+05   3.0000000e+01
   3.4445500e+05   1.8000000e+01
   4.7259400e+05   2.3000000e+01
   4.7373100e+05   2.0000000e+01
   5.3814400e+05   1.8000000e+01
   5.3817100e+05   2.3000000e+01
   6.3228200e+05   3.1000000e+01
   6.3755600e+05   3.5000000e+01
   6.3900500e+05   2.1000000e+01
   6.3985300e+05   2.2000000e+01
   6.3987800e+05   1.8000000e+01
   6.3995700e+05   2.3000000e+01
   6.4075600e+05   3.4000000e+01
   6.4085900e+05   2.2000000e+01
   6.4088600e+05   1.8000000e+01
   6.4109000e+05   2.1000000e+01
   6.4132900e+05   2.2000000e+01
   6.4135700e+05   2.1000000e+01
   6.4166000e+05   2.7000000e+01
   6.4177500e+05   2.8000000e+01
   6.4213000e+05   2.7000000e+01
   6.4239500e+05   1.8000000e+01
   6.4260100e+05   1.8000000e+01
   6.4290200e+05   2.0000000e+01
   6.4300400e+05   2.4000000e+01
   6.4316600e+05   1.8000000e+01
   6.4338800e+05   1.9000000e+01
   6.4343100e+05   1.8000000e+01
   6.4380500e+05   1.8000000e+01
   6.4386800e+05   4.2000000e+01
   6.4420700e+05   1.8000000e+01
   6.4427400e+05   1.8000000e+01
   6.4451200e+05   2.3000000e+01
   6.4459600e+05   1.8000000e+01
   6.4524000e+05   2.1000000e+01
   6.4533800e+05   2.5000000e+01
   6.4537900e+05   1.9000000e+01
   6.4586100e+05   2.0000000e+01
   6.4628300e+05   1.8000000e+01
   6.4636700e+05   1.9000000e+01
   6.4672900e+05   1.8000000e+01
   6.4803700e+05   1.9000000e+01
   6.4869700e+05   2.4000000e+01
   6.5677000e+05   1.9000000e+01
   6.8824800e+05   1.8000000e+01
   7.0281400e+05   1.8000000e+01
   7.0594200e+05   2.9000000e+01
   7.0781300e+05   2.9000000e+01
   7.1312700e+05   3.2000000e+01
   7.2091900e+05   1.8000000e+01
   7.2128700e+05   3.3000000e+01
   7.2218700e+05   2.3000000e+01
   7.2221300e+05   2.0000000e+01
   7.2284400e+05   3.0000000e+01
   7.2378100e+05   1.9000000e+01
   7.2567300e+05   3.5000000e+01
   7.4420600e+05   1.9000000e+01
   7.4444300e+05   1.9000000e+01
   7.4448700e+05   3.5000000e+01
   7.4564500e+05   2.0000000e+01
   7.5258300e+05   2.0000000e+01
   7.7773600e+05   2.8000000e+01
   9.9010700e+05   2.4000000e+01
   9.9334500e+05   2.1000000e+01
   1.0060800e+06   3.2000000e+01
   1.0065030e+06   1.9000000e+01
   1.0069670e+06   2.1000000e+01
   1.0073660e+06   1.8000000e+01
   1.0074540e+06   1.9000000e+01
   1.0076580e+06   2.6000000e+01
   1.0081290e+06   2.9000000e+01
   1.0083210e+06   2.0000000e+01
   1.0083820e+06   1.8000000e+01
   1.0084450e+06   1.8000000e+01
   1.0085520e+06   2.0000000e+01
   1.0085830e+06   2.1000000e+01
   1.0087650e+06   2.1000000e+01
   1.0088640e+06   1.9000000e+01
   1.0089070e+06   2.2000000e+01
   1.0089930e+06   1.8000000e+01
   1.0091240e+06   1.8000000e+01
   1.0091590e+06   1.8000000e+01
   1.0091910e+06   2.9000000e+01
   1.0092340e+06   2.0000000e+01
   1.0093710e+06   1.9000000e+01
   1.0094100e+06   2.1000000e+01
   1.0097550e+06   2.6000000e+01
   1.0098070e+06   2.2000000e+01
   1.0099890e+06   1.9000000e+01
   1.0100780e+06   3.0000000e+01
   1.0101990e+06   1.8000000e+01
   1.0106260e+06   2.5000000e+01
   1.0106640e+06   2.1000000e+01
   1.0109120e+06   2.9000000e+01
   1.0110480e+06   1.8000000e+01
   1.0111680e+06   2.3000000e+01
   1.0112550e+06   2.4000000e+01
   1.0121990e+06   2.0000000e+01
   1.0122270e+06   1.8000000e+01
   1.0125730e+06   2.0000000e+01
   1.0127960e+06   2.7000000e+01
   1.0134160e+06   1.9000000e+01
   1.0141780e+06   2.2000000e+01
   1.0142030e+06   2.0000000e+01
   1.0152650e+06   1.8000000e+01
   1.0443290e+06   2.1000000e+01
   1.0454990e+06   1.8000000e+01
   1.0455820e+06   2.5000000e+01
   1.0466520e+06   3.0000000e+01
   1.0467240e+06   2.0000000e+01
   1.0472570e+06   1.8000000e+01
   1.0482510e+06   1.9000000e+01
   1.0483930e+06   2.4000000e+01
   1.0497090e+06   2.6000000e+01
   1.0509500e+06   3.1000000e+01
   1.0717460e+06   1.8000000e+01
   1.2786410e+06   2.4000000e+01
   1.2797900e+06   1.9000000e+01
   1.2801640e+06   2.0000000e+01
   1.2865000e+06   1.8000000e+01
   1.2888590e+06   2.1000000e+01
   1.2906140e+06   1.8000000e+01
   1.2925820e+06   2.6000000e+01
   1.2928040e+06   1.8000000e+01
   1.2947670e+06   2.8000000e+01
   1.2958440e+06   2.3000000e+01
   1.2964310e+06   1.9000000e+01
   1.2987040e+06   2.9000000e+01
   1.2991490e+06   1.9000000e+01
   1.2995060e+06   1.8000000e+01
   1.3006620e+06   2.9000000e+01
   1.3034000e+06   1.8000000e+01
   1.3079360e+06   1.8000000e+01
   1.3114980e+06   1.9000000e+01
   1.3163520e+06   2.8000000e+01
   1.3298780e+06   1.9000000e+01
   1.3443880e+06   3.0000000e+01
   1.3457600e+06   2.0000000e+01
   1.3457880e+06   2.0000000e+01
   1.3464340e+06   3.2000000e+01
   1.3474840e+06   3.0000000e+01
   1.3482680e+06   2.5000000e+01
   1.4219480e+06   2.7000000e+01
   1.4243930e+06   1.9000000e+01
   1.4246720e+06   3.7000000e+01
   1.4266030e+06   2.0000000e+01
   1.4266290e+06   1.9000000e+01
   1.5496850e+06   1.8000000e+01
   1.5584530e+06   1.8000000e+01
   1.5598070e+06   1.8000000e+01
   1.5598600e+06   2.0000000e+01
   1.5611390e+06   2.7000000e+01
   1.5698560e+06   3.0000000e+01
   1.5698960e+06   1.9000000e+01
   1.5709340e+06   3.0000000e+01
   1.5730540e+06   3.2000000e+01
   1.5748460e+06   3.3000000e+01
   1.5760830e+06   2.6000000e+01
   1.5761090e+06   1.8000000e+01
   1.5761870e+06   1.8000000e+01
   1.5773860e+06   2.2000000e+01
   1.5774350e+06   2.2000000e+01
   1.5779480e+06   1.8000000e+01
   1.5784280e+06   3.0000000e+01
   1.7628980e+06   2.6000000e+01
   1.7629330e+06   1.9000000e+01
   1.7646870e+06   2.9000000e+01
   1.7664530e+06   2.5000000e+01
   1.7987730e+06   1.9000000e+01
   1.7988430e+06   1.8000000e+01
   1.7996930e+06   1.9000000e+01
   1.8048750e+06   2.7000000e+01
   1.8070550e+06   2.8000000e+01
   1.8104090e+06   3.1000000e+01
   1.8107330e+06   1.9000000e+01
   1.8114510e+06   2.8000000e+01
   1.8125440e+06   1.8000000e+01
   1.8128460e+06   3.0000000e+01
   1.8148640e+06   2.6000000e+01
   1.8199420e+06   2.7000000e+01
   1.8487160e+06   2.0000000e+01
   1.8499500e+06   3.3000000e+01
   1.8515570e+06   2.9000000e+01
   1.8516900e+06   1.8000000e+01
   1.8521340e+06   2.2000000e+01
   1.8529870e+06   1.9000000e+01
   1.8538960e+06   2.7000000e+01
   1.9218450e+06   3.0000000e+01
   1.9223480e+06   2.1000000e+01
   1.9230240e+06   2.7000000e+01
   1.9272140e+06   2.6000000e+01
   1.9278390e+06   2.6000000e+01
   1.9285380e+06   1.8000000e+01
   1.9291620e+06   2.8000000e+01
   1.9313640e+06   2.5000000e+01
   1.9440510e+06   2.9000000e+01
   1.9518970e+06   1.9000000e+01
   1.9661070e+06   2.7000000e+01
   1.9664590e+06   1.9000000e+01
   1.9727590e+06   2.8000000e+01
   2.1040610e+06   1.8000000e+01
   2.1046460e+06   2.0000000e+01
   2.1086400e+06   3.5000000e+01
   2.1087570e+06   1.8000000e+01
   2.1097790e+06   3.2000000e+01
   2.1128460e+06   2.7000000e+01
   2.1160580e+06   2.4000000e+01
   2.1175840e+06   1.8000000e+01
   2.1199560e+06   3.3000000e+01
   2.1214120e+06   1.8000000e+01
   2.1257400e+06   3.1000000e+01
   2.1328620e+06   3.1000000e+01
   2.2201110e+06   1.8000000e+01
   2.2578240e+06   2.1000000e+01
   2.2581700e+06   1.8000000e+01
   2.2593730e+06   2.8000000e+01
   2.2643510e+06   2.5000000e+01
   2.2666680e+06   1.8000000e+01
   2.2667150e+06   3.1000000e+01
   2.2708950e+06   2.7000000e+01
   2.2787580e+06   1.8000000e+01
   2.2811070e+06   1.9000000e+01
   2.2848580e+06   2.8000000e+01
   2.2850090e+06   1.9000000e+01
   2.2856750e+06   2.5000000e+01
   2.2857370e+06   1.8000000e+01
   2.2861320e+06   2.6000000e+01
   2.2862940e+06   2.2000000e+01
   2.2866380e+06   1.9000000e+01
   2.2871870e+06   2.0000000e+01
   2.2872520e+06   3.7000000e+01
   2.2880610e+06   1.8000000e+01
   2.2882040e+06   2.7000000e+01
   2.2987370e+06   3.0000000e+01
   2.3014750e+06   2.6000000e+01
   2.3032320e+06   2.2000000e+01
   2.3049740e+06   2.8000000e+01
   2.3093770e+06   2.5000000e+01
   2.4008980e+06   1.9000000e+01
   2.4017860e+06   1.8000000e+01
   2.5010050e+06   1.8000000e+01
   2.5922500e+06   1.8000000e+01
   2.5946070e+06   2.4000000e+01
   2.6136760e+06   2.0000000e+01
   2.6171090e+06   1.8000000e+01
   2.6172100e+06   1.9000000e+01
   2.6173080e+06   1.8000000e+01
   2.6189160e+06   1.8000000e+01
   2.6192790e+06   1.9000000e+01
   2.6239790e+06   1.8000000e+01
   2.6240090e+06   2.1000000e+01
   2.6255610e+06   2.5000000e+01
   2.6259250e+06   1.8000000e+01
   2.6278440e+06   3.0000000e+01
   2.6296360e+06   2.6000000e+01
   2.7751280e+06   2.4000000e+01
   2.7751550e+06   2.5000000e+01
   2.7754950e+06   1.8000000e+01
   2.7769450e+06   3.3000000e+01
   2.7779110e+06   2.3000000e+01
   2.7857230e+06   3.3000000e+01
   2.7874870e+06   1.9000000e+01
   2.7902540e+06   2.5000000e+01
   2.7936400e+06   3.2000000e+01
   2.8140120e+06   1.8000000e+01
   3.0129600e+06   2.8000000e+01
   3.0130500e+06   1.8000000e+01
   3.0140130e+06   1.8000000e+01
   3.0143890e+06   2.8000000e+01
   3.0144420e+06   1.8000000e+01
   3.0150660e+06   3.8000000e+01
   3.0154150e+06   1.8000000e+01
   3.0161970e+06   3.0000000e+01
   3.0162370e+06   1.8000000e+01
   3.0166810e+06   1.8000000e+01
   3.0251660e+06   2.6000000e+01
   3.0340130e+06   2.1000000e+01
   3.0351800e+06   1.8000000e+01
   3.1390510e+06   1.8000000e+01
   3.1394980e+06   1.9000000e+01
   3.1439880e+06   2.6000000e+01
   3.1466450e+06   2.9000000e+01
   3.1470780e+06   1.8000000e+01
   3.1474550e+06   1.8000000e+01
   3.1474820e+06   1.9000000e+01
   3.1478390e+06   3.5000000e+01
   3.1481820e+06   2.4000000e+01
   3.1482100e+06   2.5000000e+01
   3.1482660e+06   1.8000000e+01
   3.1484170e+06   2.4000000e+01
   3.1484740e+06   1.8000000e+01
   3.1486040e+06   2.0000000e+01
   3.1486320e+06   2.2000000e+01
   3.1489980e+06   1.9000000e+01
   3.1490960e+06   1.9000000e+01
   3.1491740e+06   2.7000000e+01
   3.1493200e+06   2.0000000e+01
   3.1495780e+06   1.8000000e+01
   3.1501970e+06   1.9000000e+01
   3.1505180e+06   1.8000000e+01
   3.1507100e+06   2.0000000e+01
   3.1510670e+06   2.3000000e+01
   3.1511590e+06   1.8000000e+01
   3.1515350e+06   1.8000000e+01
   3.1520670e+06   1.8000000e+01
   3.1523380e+06   1.8000000e+01
   3.1529730e+06   1.8000000e+01
   3.1544290e+06   2.5000000e+01
   3.1569840e+06   1.8000000e+01
   3.2523980e+06   2.9000000e+01
   3.3759390e+06   2.2000000e+01
   3.3772220e+06   1.8000000e+01
   3.3772470e+06   1.9000000e+01
   3.3796960e+06   1.8000000e+01
   3.3836740e+06   2.0000000e+01
   3.3851130e+06   3.9000000e+01
   3.3881530e+06   2.5000000e+01
   3.3882080e+06   1.9000000e+01
   3.3889910e+06   2.2000000e+01
   3.3899100e+06   1.8000000e+01
   3.3902140e+06   2.9000000e+01
   3.3942760e+06   2.5000000e+01
   3.4038830e+06   2.8000000e+01
   3.4065960e+06   2.8000000e+01
   3.4146570e+06   2.7000000e+01
   3.4190530e+06   2.5000000e+01
   3.4264460e+06   2.6000000e+01
   3.4269610e+06   1.9000000e+01
   3.4272510e+06   1.8000000e+01
   3.4272970e+06   2.5000000e+01
   3.4276930e+06   1.9000000e+01
   3.4278280e+06   1.9000000e+01
   3.4279600e+06   1.8000000e+01
   3.4280660e+06   1.9000000e+01
   3.4281010e+06   2.9000000e+01
   3.4281390e+06   2.1000000e+01
   3.4283330e+06   1.9000000e+01
   3.4285420e+06   2.4000000e+01
   3.4286720e+06   1.9000000e+01
   3.4287450e+06   1.9000000e+01
   3.4289890e+06   3.0000000e+01
   3.4291010e+06   2.2000000e+01
   3.4291300e+06   2.0000000e+01
   3.4296020e+06   1.9000000e+01
   3.4297090e+06   1.8000000e+01
   3.4302080e+06   1.8000000e+01
   3.4304200e+06   3.3000000e+01
   3.4306740e+06   2.3000000e+01
   3.4310620e+06   1.8000000e+01
   3.4315520e+06   1.8000000e+01
   3.4318940e+06   1.9000000e+01
   3.4321720e+06   2.1000000e+01
   3.4321970e+06   2.6000000e+01
   3.4340610e+06   2.6000000e+01
   3.4343950e+06   2.7000000e+01
   3.4529890e+06   1.8000000e+01
   3.6769070e+06   1.9000000e+01
   3.6773340e+06   2.2000000e+01
   3.6889870e+06   2.7000000e+01
   3.6895630e+06   1.8000000e+01
   3.6899480e+06   2.5000000e+01
   3.6903190e+06   1.8000000e+01
   3.6919790e+06   2.9000000e+01
   3.6927280e+06   3.2000000e+01
   3.7007860e+06   3.0000000e+01
   3.7031550e+06   2.8000000e+01
   3.7451540e+06   2.1000000e+01
   3.9386380e+06   1.8000000e+01
   3.9435590e+06   1.9000000e+01
   3.9442300e+06   1.8000000e+01
   3.9448340e+06   2.6000000e+01
   3.9462830e+06   1.8000000e+01
   3.9489360e+06   1.9000000e+01
   3.9491630e+06   2.6000000e+01
   3.9504490e+06   2.6000000e+01
   3.9534790e+06   1.9000000e+01
   3.9538280e+06   3.0000000e+01
   3.9538650e+06   2.0000000e+01
   3.9567650e+06   2.5000000e+01
   3.9569410e+06   1.9000000e+01
   3.9571180e+06   1.8000000e+01
   3.9623760e+06   3.2000000e+01
   3.9653850e+06   3.1000000e+01
   3.9756400e+06   2.3000000e+01
   3.9885190e+06   3.4000000e+01
   4.0030780e+06   2.6000000e+01
   4.0060240e+06   3.1000000e+01
   4.0061990e+06   1.8000000e+01
   4.0064210e+06   1.8000000e+01
   4.0066090e+06   2.0000000e+01
   4.0067050e+06   2.0000000e+01
   4.0069670e+06   2.1000000e+01
   4.0070930e+06   2.4000000e+01
   4.0071200e+06   1.8000000e+01
   4.0071570e+06   3.7000000e+01
   4.0073440e+06   2.0000000e+01
   4.0074430e+06   2.3000000e+01
   4.0075030e+06   2.4000000e+01
   4.0075410e+06   2.3000000e+01
   4.0075830e+06   1.8000000e+01
   4.0076890e+06   2.1000000e+01
   4.0077140e+06   1.8000000e+01
   4.0078310e+06   1.8000000e+01
   4.0078760e+06   1.8000000e+01
   4.0079430e+06   2.2000000e+01
   4.0079680e+06   2.6000000e+01
   4.0080230e+06   3.4000000e+01
   4.0080770e+06   2.4000000e+01
   4.0081270e+06   1.8000000e+01
   4.0082950e+06   1.9000000e+01
   4.0083670e+06   2.1000000e+01
   4.0083930e+06   2.0000000e+01
   4.0084190e+06   3.4000000e+01
   4.0084910e+06   2.0000000e+01
   4.0085200e+06   1.8000000e+01
   4.0085880e+06   1.9000000e+01
   4.0087310e+06   1.8000000e+01
   4.0087670e+06   4.4000000e+01
   4.0088010e+06   1.9000000e+01
   4.0089080e+06   1.8000000e+01
   4.0090160e+06   2.1000000e+01
   4.0090500e+06   2.4000000e+01
   4.0091210e+06   2.2000000e+01
   4.0092720e+06   3.2000000e+01
   4.0093430e+06   2.0000000e+01
   4.0098680e+06   2.8000000e+01
   4.0099030e+06   2.1000000e+01
   4.0100650e+06   2.0000000e+01
   4.0101070e+06   1.8000000e+01
   4.0102780e+06   2.9000000e+01
   4.0105290e+06   1.8000000e+01
   4.0105920e+06   1.9000000e+01
   4.0106320e+06   1.8000000e+01
   4.0106940e+06   2.4000000e+01
   4.0110930e+06   1.8000000e+01
   4.0112810e+06   1.9000000e+01
   4.0113110e+06   1.9000000e+01
   4.0113830e+06   2.1000000e+01
   4.0117560e+06   1.9000000e+01
   4.0122230e+06   2.7000000e+01
   4.0127220e+06   2.0000000e+01
   4.0133290e+06   3.7000000e+01
   4.0136910e+06   1.8000000e+01
   4.0140310e+06   2.2000000e+01
   4.0141720e+06   2.8000000e+01
   4.0155730e+06   2.2000000e+01
   4.0156760e+06   2.1000000e+01
   4.0164070e+06   1.8000000e+01
   4.0168130e+06   1.9000000e+01
   4.0177830e+06   2.8000000e+01
   4.0978680e+06   3.0000000e+01
   4.0991530e+06   1.8000000e+01
   4.0993160e+06   2.7000000e+01
   4.0995180e+06   2.1000000e+01
   4.1010230e+06   1.8000000e+01
   4.1011550e+06   2.5000000e+01
   4.1371370e+06   2.1000000e+01
   4.3039270e+06   2.6000000e+01
   4.3046770e+06   3.0000000e+01
   4.3051220e+06   1.8000000e+01
   4.3053710e+06   1.8000000e+01
   4.3055330e+06   2.9000000e+01
   4.3058750e+06   2.2000000e+01
   4.3059730e+06   1.8000000e+01
   4.3064270e+06   4.9000000e+01
   4.3064570e+06   3.1000000e+01
   4.3069930e+06   2.3000000e+01
   4.3071630e+06   2.4000000e+01
   4.3072150e+06   1.8000000e+01
   4.3079760e+06   1.8000000e+01
   4.3083280e+06   1.8000000e+01
   4.3083850e+06   2.0000000e+01
   4.3094100e+06   5.1000000e+01
   4.3113670e+06   1.9000000e+01
   4.3117340e+06   3.0000000e+01
   4.3125830e+06   1.8000000e+01
   4.3168210e+06   2.7000000e+01
   4.3232160e+06   2.1000000e+01
   4.3365530e+06   2.9000000e+01
   4.4037870e+06   2.6000000e+01
   4.4038390e+06   1.8000000e+01
   4.4059770e+06   2.8000000e+01
   4.5664410e+06   2.3000000e+01
   4.5666180e+06   2.5000000e+01
   4.5674500e+06   2.4000000e+01
   4.5681240e+06   1.9000000e+01
   4.5744870e+06   2.8000000e+01
   4.5789570e+06   2.7000000e+01
   4.5793190e+06   2.0000000e+01
   4.5799970e+06   2.9000000e+01
   4.5806030e+06   1.8000000e+01
   4.5815380e+06   1.8000000e+01
   4.5835330e+06   2.5000000e+01
   4.5861000e+06   2.8000000e+01
   4.5898290e+06   1.8000000e+01
   4.5959830e+06   3.0000000e+01
   4.6048110e+06   1.8000000e+01
   4.6058970e+06   1.8000000e+01
   4.6059450e+06   2.9000000e+01
   4.6069370e+06   2.8000000e+01
   4.6076270e+06   2.4000000e+01
   4.7777030e+06   1.8000000e+01
   4.7924690e+06   1.9000000e+01
   4.8240810e+06   2.9000000e+01
   4.8256620e+06   2.7000000e+01
   4.8257330e+06   2.3000000e+01
   4.8271670e+06   2.3000000e+01
   4.8287930e+06   1.8000000e+01
   4.8314750e+06   1.8000000e+01
   4.8327580e+06   1.9000000e+01
   4.8335500e+06   3.1000000e+01
   4.8335970e+06   1.8000000e+01
   4.8342600e+06   1.8000000e+01
   4.8358890e+06   1.8000000e+01
   4.8363210e+06   1.8000000e+01
   4.8364990e+06   1.8000000e+01
   4.8377240e+06   2.4000000e+01
   4.8384910e+06   2.4000000e+01
   4.8394000e+06   2.6000000e+01
   4.8408330e+06   1.8000000e+01
   4.8410730e+06   2.5000000e+01
   5.0242070e+06   2.0000000e+01
   5.0389180e+06   2.4000000e+01
   5.0397270e+06   2.2000000e+01
   5.0407120e+06   2.1000000e+01
   5.0415500e+06   2.1000000e+01
   5.0416160e+06   4.2000000e+01
   5.1037300e+06   2.2000000e+01
   5.1066560e+06   2.9000000e+01
   5.1074530e+06   1.8000000e+01
   5.1084650e+06   2.6000000e+01
   5.1100780e+06   2.6000000e+01
   5.1102650e+06   1.8000000e+01
   5.1139610e+06   2.9000000e+01
   5.1163230e+06   2.9000000e+01
   5.1164620e+06   1.8000000e+01
   5.1164950e+06   1.8000000e+01
   5.1176840e+06   1.8000000e+01
   5.1197860e+06   2.5000000e+01
   5.2300260e+06   1.8000000e+01
   5.2308490e+06   2.0000000e+01
   5.2323080e+06   1.9000000e+01
   5.2326340e+06   3.4000000e+01
   5.2328080e+06   2.0000000e+01
   5.2331570e+06   1.8000000e+01
   5.2333540e+06   2.7000000e+01
   5.2338490e+06   1.9000000e+01
   5.2339510e+06   2.6000000e+01
   5.2339770e+06   1.8000000e+01
   5.2341960e+06   1.9000000e+01
   5.2342470e+06   2.2000000e+01
   5.2344550e+06   2.1000000e+01
   5.2345440e+06   2.8000000e+01
   5.2348700e+06   1.8000000e+01
   5.2349060e+06   1.9000000e+01
   5.2350500e+06   1.9000000e+01
   5.2351780e+06   2.7000000e+01
   5.2355930e+06   2.7000000e+01
   5.2357070e+06   3.2000000e+01
   5.2358260e+06   1.9000000e+01
   5.2360960e+06   2.0000000e+01
   5.2361790e+06   1.9000000e+01
   5.2367390e+06   1.8000000e+01
   5.2369580e+06   1.8000000e+01
   5.2373070e+06   2.4000000e+01
   5.2376520e+06   2.3000000e+01
   5.2376810e+06   4.4000000e+01
   5.2381690e+06   2.0000000e+01
   5.2381970e+06   1.9000000e+01
   5.2386210e+06   1.9000000e+01
   5.2389790e+06   1.9000000e+01
   5.2954810e+06   1.8000000e+01
   5.2965910e+06   3.2000000e+01
   5.2984120e+06   3.8000000e+01
   5.3004410e+06   2.8000000e+01
   5.3027450e+06   2.3000000e+01
   5.3027910e+06   1.8000000e+01
   5.4482080e+06   1.8000000e+01
   5.4490440e+06   1.8000000e+01
   5.4576020e+06   2.7000000e+01
   5.4577390e+06   1.8000000e+01
   5.4621100e+06   1.8000000e+01
   5.4625610e+06   2.6000000e+01
   5.4647550e+06   3.6000000e+01
   5.5684000e+06   1.8000000e+01
   5.5694240e+06   3.3000000e+01
   5.5694510e+06   1.8000000e+01
   5.5695350e+06   1.8000000e+01
   5.5700850e+06   1.8000000e+01
   5.5705260e+06   3.3000000e+01
   5.5705530e+06   1.9000000e+01
   5.5709840e+06   1.8000000e+01
   5.5711000e+06   1.9000000e+01
   5.5711740e+06   3.3000000e+01
   5.5714570e+06   1.8000000e+01
   5.5720190e+06   2.2000000e+01
   5.5723210e+06   2.2000000e+01
   5.5726290e+06   2.2000000e+01
   5.5743710e+06   1.8000000e+01
   5.5962820e+06   1.8000000e+01
   5.5994280e+06   2.6000000e+01
   5.6031060e+06   1.8000000e+01
   5.6042920e+06   2.3000000e+01
   5.6061150e+06   2.0000000e+01
   5.6088710e+06   1.9000000e+01
   5.6111030e+06   1.8000000e+01
   5.6149980e+06   2.2000000e+01
   5.6150390e+06   1.8000000e+01
   5.6208030e+06   2.6000000e+01
   5.6232970e+06   2.4000000e+01
   5.6248750e+06   1.9000000e+01
   5.6262580e+06   2.8000000e+01
   5.6289130e+06   2.8000000e+01
   5.6309040e+06   3.2000000e+01
   5.6313470e+06   2.0000000e+01
   5.7804740e+06   2.6000000e+01
   5.7852340e+06   2.5000000e+01
   5.7858510e+06   3.1000000e+01
   5.7864590e+06   2.7000000e+01
   5.7865600e+06   1.9000000e+01
   5.7868220e+06   1.9000000e+01
   5.7869980e+06   2.1000000e+01
   5.7872000e+06   1.9000000e+01
   5.7872400e+06   1.8000000e+01
   5.7874160e+06   2.3000000e+01
   5.7877520e+06   2.7000000e+01
   5.7878170e+06   1.8000000e+01
   5.7878760e+06   2.2000000e+01
   5.7879330e+06   2.2000000e+01
   5.7881940e+06   2.8000000e+01
   5.7892160e+06   2.3000000e+01
   5.7899830e+06   2.9000000e+01
   5.7996600e+06   2.4000000e+01
   5.8029110e+06   1.8000000e+01
   5.8030450e+06   1.8000000e+01
   5.8038650e+06   2.5000000e+01
   5.8088350e+06   1.9000000e+01
   5.8167690e+06   1.9000000e+01
   5.9522220e+06   1.9000000e+01
   5.9549940e+06   2.3000000e+01
   6.0775420e+06   2.6000000e+01
   6.0776020e+06   2.0000000e+01
   6.0784760e+06   2.2000000e+01
   6.0792960e+06   1.8000000e+01
   6.0796760e+06   2.6000000e+01
   6.0806530e+06   2.7000000e+01
   6.0809750e+06   1.8000000e+01
   6.0813600e+06   1.9000000e+01
   6.0815080e+06   3.6000000e+01
   6.0820050e+06   1.9000000e+01
   6.0824710e+06   1.8000000e+01
   6.0835220e+06   2.0000000e+01
   6.0835740e+06   3.7000000e+01
   6.2908300e+06   2.1000000e+01
   6.2914020e+06   2.5000000e+01
   6.2930630e+06   1.8000000e+01
   6.2971990e+06   1.9000000e+01
   6.2979660e+06   1.9000000e+01
   6.2984510e+06   2.0000000e+01
   6.2984780e+06   2.4000000e+01
   6.2985270e+06   1.8000000e+01
   6.2989830e+06   1.8000000e+01
   6.2992340e+06   1.8000000e+01
   6.2995960e+06   1.9000000e+01
   6.2996580e+06   2.9000000e+01
   6.2998930e+06   2.5000000e+01
   6.2999410e+06   1.9000000e+01
   6.3000080e+06   1.9000000e+01
   6.3002050e+06   1.9000000e+01
   6.3003350e+06   2.2000000e+01
   6.3003690e+06   2.1000000e+01
   6.3004410e+06   1.9000000e+01
   6.3005870e+06   1.8000000e+01
   6.3010830e+06   2.1000000e+01
   6.3011920e+06   1.9000000e+01
   6.3014650e+06   1.8000000e+01
   6.3017330e+06   1.8000000e+01
   6.3018790e+06   3.1000000e+01
   6.3020810e+06   1.8000000e+01
   6.3024390e+06   2.5000000e+01
   6.3028550e+06   1.8000000e+01
   6.3029650e+06   3.4000000e+01
   6.3030890e+06   1.8000000e+01
   6.3034710e+06   1.8000000e+01
   6.3037760e+06   2.4000000e+01
   6.3038350e+06   2.0000000e+01
   6.3048260e+06   2.0000000e+01
   6.4719050e+06   2.6000000e+01
   6.4722240e+06   1.8000000e+01
   6.4726640e+06   2.0000000e+01
   6.4727050e+06   2.5000000e+01
   6.4727920e+06   1.8000000e+01
   6.4728780e+06   1.9000000e+01
   6.4729280e+06   2.0000000e+01
   6.4732530e+06   1.8000000e+01
   6.4732820e+06   4.3000000e+01
   6.4735860e+06   1.8000000e+01
   6.4738630e+06   1.8000000e+01
   6.4738920e+06   2.1000000e+01
   6.4740500e+06   2.4000000e+01
   6.4743800e+06   2.9000000e+01
   6.4747840e+06   1.8000000e+01
   6.4748150e+06   1.8000000e+01
   6.4764170e+06   1.8000000e+01
   6.4765000e+06   2.4000000e+01
   6.4769350e+06   2.0000000e+01
   6.4803120e+06   2.7000000e+01
   6.4918380e+06   2.7000000e+01
   6.5053780e+06   1.8000000e+01
   6.5088120e+06   2.8000000e+01
   6.5309660e+06   2.1000000e+01
   6.5359970e+06   1.9000000e+01
   6.5376010e+06   2.7000000e+01
   6.5380160e+06   1.8000000e+01
   6.5383430e+06   1.9000000e+01
   6.5386560e+06   3.2000000e+01
   6.5395330e+06   3.3000000e+01
   6.5409180e+06   3.0000000e+01
   6.5590110e+06   2.4000000e+01
   6.5601150e+06   3.0000000e+01
   6.5617890e+06   2.5000000e+01
   6.5627730e+06   2.7000000e+01
   6.5664870e+06   3.3000000e+01
   6.6041960e+06   3.1000000e+01
   6.6042360e+06   2.2000000e+01
   6.6092580e+06   2.9000000e+01
   6.6129530e+06   3.1000000e+01
   6.7457790e+06   1.9000000e+01
   6.7461540e+06   2.1000000e+01
   6.8344940e+06   2.0000000e+01
   6.8347150e+06   2.5000000e+01
   6.8349520e+06   1.9000000e+01
   6.8350110e+06   2.1000000e+01
   6.8354990e+06   2.0000000e+01
   6.8355290e+06   4.6000000e+01
   6.8434040e+06   2.5000000e+01
   6.8445390e+06   1.8000000e+01
   6.8448140e+06   2.9000000e+01
   6.8470080e+06   2.4000000e+01
   6.8513570e+06   2.1000000e+01
   6.9601580e+06   2.6000000e+01
   6.9626030e+06   2.3000000e+01
   6.9626520e+06   1.8000000e+01
   6.9645450e+06   2.1000000e+01
   6.9646130e+06   1.9000000e+01
   6.9655600e+06   1.9000000e+01
   6.9656670e+06   1.8000000e+01
   6.9664020e+06   1.8000000e+01
   6.9667670e+06   3.0000000e+01
   6.9668220e+06   1.9000000e+01
   6.9669370e+06   1.9000000e+01
   6.9671430e+06   3.1000000e+01
   6.9675280e+06   2.5000000e+01
   6.9677310e+06   3.6000000e+01
   6.9679850e+06   1.8000000e+01
   6.9687980e+06   3.7000000e+01
   6.9689090e+06   2.0000000e+01
   6.9696250e+06   2.2000000e+01
   6.9711580e+06   1.9000000e+01
   7.0451440e+06   1.8000000e+01
   7.0459310e+06   2.6000000e+01
   7.0512000e+06   2.6000000e+01
   7.0516830e+06   2.9000000e+01
   7.0525720e+06   2.9000000e+01
   7.0536370e+06   3.3000000e+01
   7.0558030e+06   3.0000000e+01
   7.0580960e+06   3.0000000e+01
   7.0648400e+06   3.2000000e+01
   7.0713790e+06   1.9000000e+01
   7.0737740e+06   1.9000000e+01
   7.0852010e+06   2.4000000e+01
   7.2001000e+06   3.0000000e+01
   7.2009690e+06   1.8000000e+01
   7.2015640e+06   2.0000000e+01
   7.2016120e+06   1.9000000e+01
   7.2032140e+06   2.9000000e+01
   7.2039680e+06   1.8000000e+01
   7.2040020e+06   1.8000000e+01
   7.2052560e+06   2.0000000e+01
   7.2052850e+06   1.8000000e+01
   7.2061580e+06   3.0000000e+01
