   7.5000000e+06   0.0000000e+00
   4.1633000e+04   3.4484863e+01
   4.1734000e+04   4.7485352e+01
   4.1925000e+04   3.3203125e+01
   4.1972000e+04   4.7973633e+01
   4.1996000e+04   5.4321289e+01
   4.2044000e+04   4.7485352e+01
   4.2084000e+04   3.5888672e+01
   4.2132000e+04   4.1320801e+01
   4.2171000e+04   4.1015625e+01
   4.2205000e+04   3.3203125e+01
   4.2233000e+04   4.6264648e+01
   4.2272000e+04   4.3212891e+01
   4.2284000e+04   3.3020020e+01
   4.2324000e+04   4.6081543e+01
   4.2354000e+04   4.2358398e+01
   4.2391000e+04   5.1269531e+01
   4.2452000e+04   3.9733887e+01
   4.2482000e+04   3.5888672e+01
   4.2670000e+04   3.6071777e+01
   4.2723000e+04   4.7180176e+01
   4.2778000e+04   3.3020020e+01
   4.7899000e+04   3.7658691e+01
   1.4828600e+05   3.3813477e+01
   2.8808000e+05   3.3264160e+01
   6.0486200e+05   4.2541504e+01
   6.0495100e+05   3.4667969e+01
   6.0500900e+05   6.3842773e+01
   6.0502900e+05   5.2001953e+01
   6.0505900e+05   3.8146973e+01
   6.0507900e+05   5.2734375e+01
   6.0510700e+05   5.0537109e+01
   6.0514600e+05   4.1992188e+01
   6.0517800e+05   5.4138184e+01
   6.0519800e+05   4.6142578e+01
   6.0522000e+05   3.6071777e+01
   6.0524600e+05   4.0954590e+01
   6.0528300e+05   4.7607422e+01
   6.0532100e+05   8.5144043e+01
   6.0533400e+05   4.5654297e+01
   6.0542200e+05   3.5949707e+01
   6.0549000e+05   3.5034180e+01
   6.0552700e+05   3.6193848e+01
   6.0558500e+05   3.4118652e+01
   6.0561800e+05   3.3996582e+01
   6.0582800e+05   4.0954590e+01
   6.0619900e+05   3.3630371e+01
   6.0633700e+05   3.3874512e+01
   6.0803400e+05   3.4118652e+01
   6.0890100e+05   3.8024902e+01
   6.0892900e+05   4.2724609e+01
   6.0901600e+05   4.4250488e+01
   6.0929000e+05   3.3508301e+01
   7.6495100e+05   4.1992188e+01
   7.6498600e+05   4.6386719e+01
   7.6503600e+05   4.0283203e+01
   7.6505800e+05   4.0344238e+01
   7.6508700e+05   4.9499512e+01
   7.6512200e+05   3.8024902e+01
   7.6514100e+05   4.4616699e+01
   7.6519600e+05   6.2561035e+01
   7.6522700e+05   4.2175293e+01
   7.6526200e+05   4.2968750e+01
   7.6528800e+05   3.6193848e+01
   7.6533000e+05   4.7485352e+01
   7.6535400e+05   3.5888672e+01
   7.6539400e+05   5.5358887e+01
   7.6544600e+05   3.8330078e+01
   7.6546000e+05   3.3813477e+01
   7.6555200e+05   4.5776367e+01
   7.6557400e+05   3.4118652e+01
   7.6561800e+05   3.9306641e+01
   7.6569200e+05   3.9733887e+01
   7.6572200e+05   5.1330566e+01
   7.6621200e+05   3.3935547e+01
   7.6645100e+05   3.4240723e+01
   7.6890000e+05   3.3630371e+01
   7.6993800e+05   3.4790039e+01
   7.7024800e+05   3.2897949e+01
   8.1593600e+05   3.9367676e+01
   8.1606700e+05   5.4443359e+01
   8.1618100e+05   4.4677734e+01
   8.1622000e+05   3.5278320e+01
   8.1629800e+05   4.8522949e+01
   8.1632800e+05   8.2641602e+01
   8.1636200e+05   7.4340820e+01
   8.1639000e+05   4.0466309e+01
   8.1640800e+05   4.4494629e+01
   8.1643800e+05   6.8908691e+01
   8.1650800e+05   4.1687012e+01
   8.1653400e+05   5.7861328e+01
   8.1655400e+05   3.8208008e+01
   8.1659800e+05   6.0058594e+01
   8.1663200e+05   4.1870117e+01
   8.1668200e+05   3.9062500e+01
   8.1672300e+05   4.1015625e+01
   8.1675500e+05   4.6020508e+01
   8.1679800e+05   4.5776367e+01
   8.1684900e+05   4.2785645e+01
   8.1687100e+05   4.1076660e+01
   8.1694400e+05   4.2480469e+01
   8.1697200e+05   4.6936035e+01
   8.1700600e+05   4.2236328e+01
   8.1708300e+05   6.2744141e+01
   8.1721600e+05   3.6865234e+01
   8.1737600e+05   3.6132813e+01
   8.1765600e+05   3.5766602e+01
   8.1892700e+05   3.4423828e+01
   8.1953900e+05   3.5156250e+01
   8.1983500e+05   3.6010742e+01
   8.6575700e+05   4.5043945e+01
   8.6595300e+05   4.4494629e+01
   8.6607900e+05   3.8757324e+01
   8.6611800e+05   3.3996582e+01
   8.6618400e+05   3.3264160e+01
   8.6622700e+05   3.7414551e+01
   8.6627900e+05   3.6315918e+01
   8.6630300e+05   5.4138184e+01
   8.6632500e+05   3.6804199e+01
   8.6637700e+05   6.2072754e+01
   8.6639300e+05   3.9916992e+01
   8.6642000e+05   4.5104980e+01
   8.6644100e+05   3.6254883e+01
   8.6650600e+05   5.9875488e+01
   8.6659500e+05   4.0710449e+01
   8.6662600e+05   3.7109375e+01
   8.6666000e+05   4.2114258e+01
   8.6670200e+05   5.1452637e+01
   8.6674100e+05   5.1696777e+01
   8.6675400e+05   3.5827637e+01
   8.6685600e+05   3.5034180e+01
   8.6689700e+05   3.6743164e+01
   8.6694100e+05   3.3752441e+01
   8.6711700e+05   3.5278320e+01
   8.7412400e+05   3.2958984e+01
   9.1566400e+05   3.3386230e+01
   9.1580100e+05   3.4790039e+01
   9.1593100e+05   3.9489746e+01
   9.1598600e+05   5.2429199e+01
   9.1603100e+05   3.4362793e+01
   9.1606500e+05   3.4484863e+01
   9.1612300e+05   3.5583496e+01
   9.1615800e+05   4.2236328e+01
   9.1618000e+05   6.3598633e+01
   9.1622100e+05   5.7128906e+01
   9.1628800e+05   5.3833008e+01
   9.1629900e+05   4.2114258e+01
   9.1633900e+05   4.8706055e+01
   9.1636900e+05   3.7841797e+01
   9.1638500e+05   5.4626465e+01
   9.1645800e+05   5.1025391e+01
   9.1648100e+05   3.7536621e+01
   9.1650000e+05   4.4311523e+01
   9.1654100e+05   4.9865723e+01
   9.1658000e+05   6.1950684e+01
   9.1669500e+05   7.2570801e+01
   9.1710600e+05   4.1259766e+01
   9.1717400e+05   3.5461426e+01
   9.1725500e+05   3.3569336e+01
   9.1989900e+05   3.5827637e+01
   9.9085000e+05   3.7902832e+01
   9.9111400e+05   4.2602539e+01
   9.9114100e+05   4.8828125e+01
   9.9121700e+05   4.8767090e+01
   9.9123900e+05   5.1086426e+01
   9.9125200e+05   3.3020020e+01
   9.9131700e+05   5.7678223e+01
   9.9135300e+05   5.5236816e+01
   9.9136900e+05   4.4067383e+01
   9.9141300e+05   5.5419922e+01
   9.9142900e+05   5.2490234e+01
   9.9144700e+05   3.4362793e+01
   9.9146700e+05   3.4179688e+01
   9.9152300e+05   3.9855957e+01
   9.9156400e+05   4.4494629e+01
   9.9161800e+05   4.3518066e+01
   9.9163900e+05   4.3518066e+01
   9.9168600e+05   4.0832520e+01
   9.9171800e+05   3.6926270e+01
   9.9173800e+05   3.9489746e+01
   9.9175900e+05   3.5644531e+01
   9.9178000e+05   3.3935547e+01
   9.9189900e+05   3.6315918e+01
   9.9195800e+05   4.3701172e+01
   9.9205200e+05   3.7231445e+01
   9.9221900e+05   3.5888672e+01
   9.9570500e+05   3.5278320e+01
   1.0289670e+06   3.7963867e+01
   1.0292810e+06   3.6071777e+01
   1.0298590e+06   3.9306641e+01
   1.0299830e+06   3.4423828e+01
   1.0300120e+06   3.3203125e+01
   1.0300390e+06   5.5664063e+01
   1.0300990e+06   3.9428711e+01
   1.0301720e+06   3.5705566e+01
   1.0302500e+06   3.7475586e+01
   1.0303170e+06   3.7719727e+01
   1.0303480e+06   3.6071777e+01
   1.0303700e+06   4.2663574e+01
   1.0303980e+06   4.0710449e+01
   1.0304570e+06   5.0476074e+01
   1.0304740e+06   4.2602539e+01
   1.0305410e+06   3.9978027e+01
   1.0305650e+06   4.3701172e+01
   1.0306120e+06   3.4851074e+01
   1.0306220e+06   7.4829102e+01
   1.0306370e+06   3.6254883e+01
   1.0306740e+06   4.6508789e+01
   1.0306860e+06   4.2846680e+01
   1.0307240e+06   4.3273926e+01
   1.0307580e+06   4.2480469e+01
   1.0307970e+06   3.4851074e+01
   1.0308380e+06   3.8269043e+01
   1.0308580e+06   3.4973145e+01
   1.0308960e+06   3.3142090e+01
   1.0311240e+06   3.7353516e+01
   1.0534140e+06   3.8330078e+01
   1.0677640e+06   3.3752441e+01
   1.0678030e+06   3.6499023e+01
   1.0678410e+06   3.9001465e+01
   1.0678550e+06   3.6315918e+01
   1.0679120e+06   3.6254883e+01
   1.0679960e+06   3.6193848e+01
   1.0680140e+06   4.0344238e+01
   1.0680350e+06   5.7373047e+01
   1.0680660e+06   3.8513184e+01
   1.0680950e+06   4.7241211e+01
   1.0681280e+06   5.0720215e+01
   1.0681440e+06   8.9599609e+01
   1.0681700e+06   5.7556152e+01
   1.0682240e+06   4.8217773e+01
   1.0682540e+06   3.3081055e+01
   1.0683190e+06   3.4545898e+01
   1.0683530e+06   3.6254883e+01
   1.0683670e+06   5.4199219e+01
   1.0683970e+06   4.1320801e+01
   1.0684490e+06   3.5461426e+01
   1.0684670e+06   3.5949707e+01
   1.0684960e+06   3.3691406e+01
   1.0685160e+06   4.1564941e+01
   1.0686150e+06   4.1870117e+01
   1.0686460e+06   5.5908203e+01
   1.0688450e+06   3.8757324e+01
   1.0689530e+06   3.3691406e+01
   1.0689950e+06   4.5349121e+01
   1.0690200e+06   3.7963867e+01
   1.0697350e+06   3.6804199e+01
   1.0724850e+06   3.3203125e+01
   1.0959000e+06   4.0222168e+01
   1.0960640e+06   4.5166016e+01
   1.0961020e+06   4.7790527e+01
   1.0961760e+06   4.0344238e+01
   1.0962270e+06   3.8330078e+01
   1.0962730e+06   5.1208496e+01
   1.0963300e+06   3.7292480e+01
   1.0963750e+06   4.6936035e+01
   1.0964100e+06   6.3720703e+01
   1.0964510e+06   3.3386230e+01
   1.0964990e+06   4.0161133e+01
   1.0965750e+06   4.5959473e+01
   1.0965880e+06   4.1809082e+01
   1.0966380e+06   3.5522461e+01
   1.0966980e+06   4.1076660e+01
   1.0967190e+06   4.1870117e+01
   1.0968130e+06   3.7902832e+01
   1.0970280e+06   3.9184570e+01
   1.0970700e+06   3.3508301e+01
   1.0971510e+06   3.4423828e+01
   1.0972210e+06   3.5339355e+01
   1.0974730e+06   3.6315918e+01
   1.0982510e+06   3.4057617e+01
   1.0999830e+06   3.3935547e+01
   1.1222600e+06   3.4057617e+01
   1.1223160e+06   4.6997070e+01
   1.1224270e+06   4.2114258e+01
   1.1224990e+06   4.9499512e+01
   1.1225290e+06   3.5766602e+01
   1.1225680e+06   4.7729492e+01
   1.1226090e+06   3.5156250e+01
   1.1226530e+06   3.9489746e+01
   1.1226760e+06   5.4321289e+01
   1.1226930e+06   5.1696777e+01
   1.1227650e+06   4.5166016e+01
   1.1227780e+06   3.3020020e+01
   1.1228510e+06   4.8522949e+01
   1.1229190e+06   5.7800293e+01
   1.1230500e+06   4.9377441e+01
   1.1231110e+06   3.3203125e+01
   1.1231620e+06   4.2663574e+01
   1.1232120e+06   4.2236328e+01
   1.1233250e+06   3.4362793e+01
   1.1234470e+06   3.6010742e+01
   1.1234980e+06   3.3081055e+01
   1.1235900e+06   3.4484863e+01
   1.1236190e+06   3.5034180e+01
   1.1242960e+06   3.5278320e+01
   1.1244170e+06   3.3020020e+01
   1.1506440e+06   4.0344238e+01
   1.1508070e+06   3.3996582e+01
   1.1508500e+06   3.6315918e+01
   1.1508930e+06   4.1625977e+01
   1.1509210e+06   3.5461426e+01
   1.1509330e+06   5.2429199e+01
   1.1509900e+06   3.7170410e+01
   1.1510260e+06   7.6965332e+01
   1.1510360e+06   3.9733887e+01
   1.1510940e+06   3.8330078e+01
   1.1511290e+06   4.4982910e+01
   1.1512260e+06   4.2480469e+01
   1.1512730e+06   3.7963867e+01
   1.1513040e+06   4.2724609e+01
   1.1513350e+06   3.3020020e+01
   1.1513740e+06   3.4851074e+01
   1.1514310e+06   4.3457031e+01
   1.1514620e+06   3.8085938e+01
   1.1514960e+06   4.0161133e+01
   1.1515970e+06   4.3701172e+01
   1.1516080e+06   3.6682129e+01
   1.1516590e+06   3.8269043e+01
   1.1517740e+06   3.5644531e+01
   1.1518310e+06   3.8940430e+01
   1.1520460e+06   3.3447266e+01
   1.1521090e+06   3.4545898e+01
   1.1521650e+06   3.4118652e+01
   1.1522450e+06   3.7231445e+01
   1.1540740e+06   3.4973145e+01
   1.1789280e+06   3.3386230e+01
   1.1791320e+06   6.1889648e+01
   1.1792700e+06   3.4057617e+01
   1.1792930e+06   5.9448242e+01
   1.1793680e+06   3.8757324e+01
   1.1794140e+06   3.7231445e+01
   1.1794490e+06   4.5837402e+01
   1.1794710e+06   4.4189453e+01
   1.1795240e+06   3.5949707e+01
   1.1795570e+06   6.6040039e+01
   1.1795930e+06   4.0832520e+01
   1.1796220e+06   5.1330566e+01
   1.1796580e+06   3.9611816e+01
   1.1796900e+06   3.7536621e+01
   1.1797160e+06   3.3630371e+01
   1.1797690e+06   3.4301758e+01
   1.1798340e+06   5.8532715e+01
   1.1799320e+06   4.1015625e+01
   1.1799530e+06   3.8024902e+01
   1.1799980e+06   4.5898438e+01
   1.1801630e+06   5.3161621e+01
   1.1801890e+06   3.4606934e+01
   1.1802680e+06   3.6010742e+01
   1.1806840e+06   3.3874512e+01
   1.1807780e+06   3.8513184e+01
   1.2046530e+06   3.6926270e+01
   1.2047860e+06   3.3508301e+01
   1.2048670e+06   4.9499512e+01
   1.2049830e+06   3.8635254e+01
   1.2051340e+06   4.1015625e+01
   1.2051870e+06   3.9306641e+01
   1.2052670e+06   3.6682129e+01
   1.2052940e+06   3.8146973e+01
   1.2053220e+06   3.7109375e+01
   1.2053860e+06   3.8024902e+01
   1.2054030e+06   4.0283203e+01
   1.2054480e+06   6.0668945e+01
   1.2054780e+06   3.7231445e+01
   1.2055080e+06   3.5766602e+01
   1.2056590e+06   3.4545898e+01
   1.2056780e+06   3.5400391e+01
   1.2060300e+06   3.3508301e+01
   1.2061230e+06   3.3020020e+01
   1.2061680e+06   3.4057617e+01
   1.2062400e+06   4.2236328e+01
   1.2063840e+06   3.5156250e+01
   1.2066200e+06   3.4606934e+01
   1.2069550e+06   3.3386230e+01
   1.2330850e+06   4.7729492e+01
   1.2332110e+06   3.6499023e+01
   1.2332650e+06   5.4260254e+01
   1.2333320e+06   3.5644531e+01
   1.2334050e+06   4.2907715e+01
   1.2334210e+06   8.0810547e+01
   1.2335080e+06   4.1320801e+01
   1.2335370e+06   3.4606934e+01
   1.2336120e+06   3.7231445e+01
   1.2336380e+06   4.4982910e+01
   1.2337560e+06   4.9072266e+01
   1.2337970e+06   3.4851074e+01
   1.2338490e+06   3.3142090e+01
   1.2338980e+06   4.6997070e+01
   1.2339520e+06   3.6437988e+01
   1.2339940e+06   3.8635254e+01
   1.2340170e+06   3.6621094e+01
   1.2340840e+06   3.5705566e+01
   1.2341500e+06   5.0720215e+01
   1.2341830e+06   3.5461426e+01
   1.2344760e+06   3.6254883e+01
   1.2345020e+06   5.3833008e+01
   1.2345530e+06   3.3325195e+01
   1.2347650e+06   3.4301758e+01
   1.2349700e+06   3.5217285e+01
   1.2662170e+06   3.3081055e+01
   1.2662440e+06   3.3142090e+01
   1.2663180e+06   5.2917480e+01
   1.2663680e+06   3.6682129e+01
   1.2664000e+06   3.5705566e+01
   1.2664590e+06   3.6193848e+01
   1.2665530e+06   3.5034180e+01
   1.2665790e+06   4.3334961e+01
   1.2666070e+06   3.2958984e+01
   1.2666750e+06   7.4890137e+01
   1.2667100e+06   4.0771484e+01
   1.2667960e+06   3.8818359e+01
   1.2668370e+06   4.9011230e+01
   1.2669340e+06   3.6987305e+01
   1.2670560e+06   3.5339355e+01
   1.2670890e+06   3.4240723e+01
   1.2672060e+06   3.4790039e+01
   1.2672480e+06   4.5654297e+01
   1.2673810e+06   4.1442871e+01
   1.2674030e+06   3.3203125e+01
   1.2674530e+06   3.5766602e+01
   1.2675250e+06   4.0710449e+01
   1.2675530e+06   3.3081055e+01
   1.2679330e+06   3.4790039e+01
   1.2682320e+06   3.3264160e+01
   1.2685040e+06   3.3874512e+01
   1.2699670e+06   3.3752441e+01
   1.3029490e+06   3.3691406e+01
   1.3053720e+06   3.3630371e+01
   1.3054120e+06   4.2236328e+01
   1.3056030e+06   6.5612793e+01
   1.3056270e+06   3.7048340e+01
   1.3056540e+06   3.4973145e+01
   1.3056920e+06   5.2246094e+01
   1.3057950e+06   5.5480957e+01
   1.3058170e+06   3.7414551e+01
   1.3058470e+06   4.1259766e+01
   1.3058740e+06   4.3823242e+01
   1.3059110e+06   4.5593262e+01
   1.3059380e+06   4.5776367e+01
   1.3059590e+06   3.8330078e+01
   1.3059900e+06   4.1015625e+01
   1.3060570e+06   4.6997070e+01
   1.3060930e+06   4.3212891e+01
   1.3061300e+06   3.6743164e+01
   1.3061620e+06   3.8024902e+01
   1.3062320e+06   3.4118652e+01
   1.3062690e+06   3.3752441e+01
   1.3063500e+06   3.4790039e+01
   1.3064180e+06   3.3081055e+01
   1.3065090e+06   4.4616699e+01
   1.3065460e+06   3.5278320e+01
   1.3065890e+06   3.9367676e+01
   1.3066760e+06   3.6865234e+01
   1.3081620e+06   3.3996582e+01
   1.3099060e+06   3.7231445e+01
   1.3424740e+06   4.3273926e+01
   1.3425950e+06   3.5217285e+01
   1.3426230e+06   4.9743652e+01
   1.3427460e+06   3.5461426e+01
   1.3428390e+06   4.6325684e+01
   1.3429090e+06   3.5644531e+01
   1.3429240e+06   6.9274902e+01
   1.3429400e+06   3.3020020e+01
   1.3430040e+06   3.3386230e+01
   1.3430800e+06   4.8156738e+01
   1.3431210e+06   3.6193848e+01
   1.3431570e+06   3.8574219e+01
   1.3431720e+06   3.9184570e+01
   1.3432050e+06   4.4616699e+01
   1.3432590e+06   4.3945313e+01
   1.3433290e+06   3.3020020e+01
   1.3433930e+06   6.1157227e+01
   1.3434240e+06   4.8034668e+01
   1.3434760e+06   3.6071777e+01
   1.3435040e+06   3.5095215e+01
   1.3435310e+06   3.9855957e+01
   1.3441530e+06   3.8024902e+01
   1.3442140e+06   3.7292480e+01
   1.3442640e+06   3.4545898e+01
   1.3779300e+06   4.2663574e+01
   1.3781020e+06   3.4057617e+01
   1.3782290e+06   3.2958984e+01
   1.3782650e+06   5.9448242e+01
   1.3783740e+06   3.4423828e+01
   1.3784170e+06   3.3447266e+01
   1.3785340e+06   3.6682129e+01
   1.3785780e+06   6.0729980e+01
   1.3786150e+06   3.4362793e+01
   1.3786550e+06   4.1931152e+01
   1.3787340e+06   4.6386719e+01
   1.3787700e+06   4.3334961e+01
   1.3788470e+06   3.5034180e+01
   1.3788640e+06   5.6884766e+01
   1.3789060e+06   4.5410156e+01
   1.3790290e+06   3.8696289e+01
   1.3790510e+06   6.0058594e+01
   1.3791280e+06   3.5095215e+01
   1.3791500e+06   4.0283203e+01
   1.3791860e+06   5.3222656e+01
   1.3792450e+06   3.3508301e+01
   1.3792630e+06   3.8513184e+01
   1.3793580e+06   3.3935547e+01
   1.3794000e+06   3.4973145e+01
   1.3796490e+06   3.5339355e+01
   1.3804150e+06   3.6560059e+01
   1.4148970e+06   3.4484863e+01
   1.4150490e+06   5.8044434e+01
   1.4150800e+06   3.4729004e+01
   1.4151900e+06   3.3386230e+01
   1.4152500e+06   3.3752441e+01
   1.4152620e+06   4.2358398e+01
   1.4153140e+06   4.7363281e+01
   1.4153360e+06   5.4748535e+01
   1.4154150e+06   3.6987305e+01
   1.4154440e+06   3.3447266e+01
   1.4154940e+06   3.4484863e+01
   1.4155290e+06   4.6875000e+01
   1.4155690e+06   3.6682129e+01
   1.4156250e+06   4.0710449e+01
   1.4156820e+06   4.3884277e+01
   1.4157380e+06   3.3569336e+01
   1.4157870e+06   5.2490234e+01
   1.4157990e+06   3.5583496e+01
   1.4158450e+06   5.4443359e+01
   1.4159090e+06   4.5410156e+01
   1.4159620e+06   3.9489746e+01
   1.4159940e+06   3.9184570e+01
   1.4160410e+06   5.8044434e+01
   1.4160590e+06   3.7048340e+01
   1.4161570e+06   3.9123535e+01
   1.4163830e+06   3.2897949e+01
   1.4165660e+06   3.5827637e+01
   1.4165840e+06   3.7841797e+01
   1.4577770e+06   3.4851074e+01
   1.4579270e+06   6.6284180e+01
   1.4579500e+06   4.0100098e+01
   1.4580010e+06   3.9489746e+01
   1.4580600e+06   3.6376953e+01
   1.4580980e+06   3.4057617e+01
   1.4581330e+06   4.5654297e+01
   1.4581470e+06   3.6743164e+01
   1.4581700e+06   3.6865234e+01
   1.4581990e+06   6.3659668e+01
   1.4582120e+06   5.4077148e+01
   1.4582510e+06   3.3935547e+01
   1.4582750e+06   3.4423828e+01
   1.4583130e+06   3.6010742e+01
   1.4583440e+06   7.2326660e+01
   1.4583550e+06   5.4321289e+01
   1.4584100e+06   5.6152344e+01
   1.4584240e+06   3.3874512e+01
   1.4584830e+06   3.7048340e+01
   1.4585630e+06   3.8940430e+01
   1.4587840e+06   3.5705566e+01
   1.4588170e+06   3.3996582e+01
   1.4588460e+06   4.1748047e+01
   1.4592410e+06   3.3630371e+01
   1.5292040e+06   3.3081055e+01
   1.5295530e+06   4.7058105e+01
   1.5295700e+06   4.5654297e+01
   1.5296090e+06   3.9306641e+01
   1.5296640e+06   4.7729492e+01
   1.5296840e+06   3.6682129e+01
   1.5297350e+06   6.5795898e+01
   1.5297790e+06   3.6560059e+01
   1.5298050e+06   6.6650391e+01
   1.5298300e+06   4.2358398e+01
   1.5298440e+06   8.0505371e+01
   1.5298980e+06   5.1147461e+01
   1.5299290e+06   3.3081055e+01
   1.5299920e+06   3.3386230e+01
   1.5300150e+06   3.9001465e+01
   1.5300260e+06   4.0527344e+01
   1.5300420e+06   3.6376953e+01
   1.5300650e+06   3.4484863e+01
   1.5301130e+06   4.5471191e+01
   1.5301660e+06   3.9611816e+01
   1.5301920e+06   4.3212891e+01
   1.5302090e+06   5.4199219e+01
   1.5302500e+06   3.4973145e+01
   1.5302810e+06   3.7780762e+01
   1.5302980e+06   3.5095215e+01
   1.5303790e+06   3.9733887e+01
   1.5304310e+06   3.6499023e+01
   1.5304970e+06   3.4545898e+01
   1.5306460e+06   3.3935547e+01
   1.5310160e+06   3.6132813e+01
   1.5311990e+06   3.8269043e+01
   1.5312770e+06   4.1687012e+01
   1.5325820e+06   3.3569336e+01
   1.5907870e+06   3.5034180e+01
   1.5911990e+06   3.5339355e+01
   1.5912200e+06   5.6762695e+01
   1.5912480e+06   3.8574219e+01
   1.5913330e+06   4.8767090e+01
   1.5914040e+06   3.8757324e+01
   1.5914320e+06   3.6743164e+01
   1.5914430e+06   4.3640137e+01
   1.5914760e+06   4.4189453e+01
   1.5914950e+06   4.2602539e+01
   1.5915330e+06   4.0954590e+01
   1.5915450e+06   5.4138184e+01
   1.5915960e+06   3.4362793e+01
   1.5916400e+06   3.3569336e+01
   1.5916500e+06   4.5288086e+01
   1.5916740e+06   3.7170410e+01
   1.5917080e+06   4.3090820e+01
   1.5917290e+06   3.8635254e+01
   1.5917660e+06   3.8391113e+01
   1.5917840e+06   3.5034180e+01
   1.5917940e+06   3.3264160e+01
   1.5918270e+06   4.0527344e+01
   1.5918460e+06   3.7902832e+01
   1.5919610e+06   3.5034180e+01
   1.5919950e+06   3.3874512e+01
   1.5920320e+06   3.5461426e+01
   1.5920600e+06   3.7292480e+01
   1.5920720e+06   5.4260254e+01
   1.5921770e+06   3.7902832e+01
   1.5924830e+06   3.6315918e+01
   1.5925360e+06   3.4240723e+01
   1.6057470e+06   3.5400391e+01
   1.6353970e+06   3.7719727e+01
   1.6358770e+06   3.4179688e+01
   1.6360380e+06   6.2133789e+01
   1.6361660e+06   4.8950195e+01
   1.6361810e+06   3.9367676e+01
   1.6362280e+06   5.3405762e+01
   1.6362610e+06   3.5095215e+01
   1.6362950e+06   3.9367676e+01
   1.6363250e+06   3.4057617e+01
   1.6363790e+06   4.6630859e+01
   1.6364120e+06   4.9011230e+01
   1.6364230e+06   3.5461426e+01
   1.6364510e+06   3.7719727e+01
   1.6364700e+06   3.3386230e+01
   1.6364970e+06   4.0466309e+01
   1.6366830e+06   5.4016113e+01
   1.6367040e+06   3.8146973e+01
   1.6367860e+06   3.6865234e+01
   1.6368040e+06   3.5278320e+01
   1.6368620e+06   3.8757324e+01
   1.6368900e+06   3.9550781e+01
   1.6369070e+06   3.7109375e+01
   1.6369410e+06   3.7048340e+01
   1.6369720e+06   3.6621094e+01
   1.6371060e+06   3.4973145e+01
   1.6372300e+06   3.3386230e+01
   1.6377240e+06   3.5644531e+01
   1.6381430e+06   5.0048828e+01
   1.6728540e+06   3.4851074e+01
   1.6732900e+06   3.8024902e+01
   1.6734400e+06   4.5043945e+01
   1.6734590e+06   3.3508301e+01
   1.6735270e+06   5.3833008e+01
   1.6735660e+06   4.5104980e+01
   1.6735760e+06   4.6264648e+01
   1.6738300e+06   4.8400879e+01
   1.6738410e+06   4.8095703e+01
   1.6739170e+06   3.7414551e+01
   1.6739470e+06   4.6020508e+01
   1.6739830e+06   3.3691406e+01
   1.6740170e+06   3.8452148e+01
   1.6740620e+06   3.4851074e+01
   1.6741280e+06   3.4667969e+01
   1.6741530e+06   4.6447754e+01
   1.6742050e+06   3.6987305e+01
   1.6742660e+06   3.5644531e+01
   1.6743560e+06   3.4973145e+01
   1.6743820e+06   3.8696289e+01
   1.6744670e+06   4.2114258e+01
   1.6745890e+06   3.4057617e+01
   1.6746160e+06   4.3151855e+01
   1.6748400e+06   3.3691406e+01
   1.6748860e+06   3.6682129e+01
   1.6750000e+06   3.4851074e+01
   1.7230370e+06   3.9062500e+01
   1.7232650e+06   3.6376953e+01
   1.7233700e+06   3.8391113e+01
   1.7233810e+06   3.7292480e+01
   1.7235620e+06   4.6691895e+01
   1.7235900e+06   5.5114746e+01
   1.7236300e+06   3.7231445e+01
   1.7237160e+06   3.6682129e+01
   1.7237400e+06   3.9184570e+01
   1.7237780e+06   5.6396484e+01
   1.7237940e+06   4.2175293e+01
   1.7238520e+06   3.6132813e+01
   1.7239060e+06   3.7170410e+01
   1.7239560e+06   3.2958984e+01
   1.7239880e+06   4.9377441e+01
   1.7240270e+06   5.8654785e+01
   1.7240480e+06   3.2958984e+01
   1.7240830e+06   4.9194336e+01
   1.7241250e+06   3.7292480e+01
   1.7241700e+06   3.8330078e+01
   1.7241840e+06   3.8269043e+01
   1.7242340e+06   3.4790039e+01
   1.7244620e+06   3.3020020e+01
   1.7247420e+06   3.3630371e+01
   1.7824050e+06   3.6682129e+01
   1.7827480e+06   3.6560059e+01
   1.7828380e+06   3.3447266e+01
   1.7830060e+06   3.9184570e+01
   1.7830250e+06   3.6193848e+01
   1.7830730e+06   7.3303223e+01
   1.7831010e+06   3.5217285e+01
   1.7831230e+06   6.1767578e+01
   1.7831690e+06   5.2551270e+01
   1.7831800e+06   4.3823242e+01
   1.7832090e+06   4.3884277e+01
   1.7832530e+06   3.6560059e+01
   1.7832980e+06   4.5776367e+01
   1.7833160e+06   7.1166992e+01
   1.7833420e+06   3.3020020e+01
   1.7833790e+06   3.5644531e+01
   1.7834140e+06   3.9855957e+01
   1.7834610e+06   3.7292480e+01
   1.7834810e+06   4.0710449e+01
   1.7835700e+06   3.6315918e+01
   1.7836440e+06   5.8410645e+01
   1.7836730e+06   3.6621094e+01
   1.7836840e+06   3.6193848e+01
   1.7837170e+06   3.5034180e+01
   1.7837750e+06   6.1279297e+01
   1.7839100e+06   4.6203613e+01
   1.7841450e+06   3.6315918e+01
   1.9330400e+06   3.4484863e+01
   2.0663310e+06   3.9978027e+01
   2.0664300e+06   4.9865723e+01
   2.0665040e+06   3.9367676e+01
   2.0665760e+06   4.9682617e+01
   2.0666440e+06   5.4931641e+01
   2.0666710e+06   5.7067871e+01
   2.0667130e+06   4.3212891e+01
   2.0667620e+06   4.7363281e+01
   2.0667740e+06   3.4484863e+01
   2.0668010e+06   4.4128418e+01
   2.0668120e+06   3.5644531e+01
   2.0668440e+06   5.2917480e+01
   2.0668790e+06   3.5888672e+01
   2.0669040e+06   5.0903320e+01
   2.0670140e+06   3.6987305e+01
   2.0670360e+06   3.4240723e+01
   2.0670860e+06   3.9367676e+01
   2.0671700e+06   3.6743164e+01
   2.0673390e+06   3.3142090e+01
   2.0680880e+06   3.3020020e+01
   2.0716620e+06   3.4851074e+01
   2.3227280e+06   3.2897949e+01
   2.4175300e+06   4.0405273e+01
   2.4175480e+06   3.5766602e+01
   2.4176380e+06   3.6193848e+01
   2.4176930e+06   4.8706055e+01
   2.4177620e+06   5.5358887e+01
   2.4177980e+06   6.8237305e+01
   2.4178180e+06   3.5400391e+01
   2.4178590e+06   3.8146973e+01
   2.4178860e+06   4.5898438e+01
   2.4179100e+06   5.0415039e+01
   2.4179480e+06   4.5471191e+01
   2.4180450e+06   3.8146973e+01
   2.4180780e+06   3.3081055e+01
   2.4181240e+06   4.1687012e+01
   2.4181660e+06   4.5959473e+01
   2.4182130e+06   3.3569336e+01
   2.4182880e+06   3.7109375e+01
   2.4183260e+06   3.3081055e+01
   2.4185460e+06   3.3325195e+01
   2.4196500e+06   3.3569336e+01
   2.4210370e+06   3.5339355e+01
   2.4799860e+06   3.2897949e+01
   2.5462980e+06   3.8757324e+01
   2.5463110e+06   4.3090820e+01
   2.5463560e+06   5.3833008e+01
   2.5464610e+06   5.5541992e+01
   2.5464800e+06   4.2358398e+01
   2.5465460e+06   4.1381836e+01
   2.5465880e+06   4.8339844e+01
   2.5466150e+06   4.6325684e+01
   2.5466460e+06   6.6894531e+01
   2.5466910e+06   4.7912598e+01
   2.5467360e+06   5.6030273e+01
   2.5467560e+06   3.9672852e+01
   2.5467800e+06   6.1340332e+01
   2.5468250e+06   3.9489746e+01
   2.5468500e+06   5.0292969e+01
   2.5469210e+06   3.3386230e+01
   2.5469660e+06   4.6875000e+01
   2.5469970e+06   4.5593262e+01
   2.5471450e+06   3.3081055e+01
   2.5473650e+06   3.6499023e+01
   2.5476910e+06   3.7658691e+01
   2.5504280e+06   3.6010742e+01
   2.5504930e+06   3.6193848e+01
   2.5507280e+06   3.3569336e+01
   2.5513560e+06   3.5766602e+01
   2.7028760e+06   4.3762207e+01
   2.7030250e+06   4.4494629e+01
   2.7030570e+06   4.8217773e+01
   2.7030940e+06   5.6762695e+01
   2.7031090e+06   4.2053223e+01
   2.7031460e+06   6.5612793e+01
   2.7031670e+06   4.3945313e+01
   2.7032120e+06   4.3212891e+01
   2.7032340e+06   6.9152832e+01
   2.7032570e+06   5.7434082e+01
   2.7033020e+06   5.3405762e+01
   2.7033490e+06   5.3405762e+01
   2.7033890e+06   4.3579102e+01
   2.7034260e+06   3.9855957e+01
   2.7034460e+06   3.5339355e+01
   2.7035170e+06   3.4729004e+01
   2.7035470e+06   3.8818359e+01
   2.7036040e+06   3.3020020e+01
   2.7036450e+06   3.5583496e+01
   2.7036830e+06   4.1015625e+01
   2.7038860e+06   3.4057617e+01
   2.7056160e+06   3.3630371e+01
   2.7065700e+06   3.3935547e+01
   2.7071740e+06   3.4851074e+01
   2.9340090e+06   3.4179688e+01
   3.0000140e+06   4.2053223e+01
   3.0000450e+06   4.8095703e+01
   3.0001000e+06   3.3264160e+01
   3.0001290e+06   3.4851074e+01
   3.0001670e+06   7.2326660e+01
   3.0001820e+06   3.8574219e+01
   3.0002200e+06   4.4067383e+01
   3.0002380e+06   6.2622070e+01
   3.0002590e+06   4.6691895e+01
   3.0002790e+06   3.5156250e+01
   3.0003110e+06   5.2917480e+01
   3.0003380e+06   3.7048340e+01
   3.0003600e+06   3.3081055e+01
   3.0003720e+06   6.3598633e+01
   3.0004090e+06   5.3405762e+01
   3.0004340e+06   5.8105469e+01
   3.0004660e+06   5.4016113e+01
   3.0004910e+06   5.1879883e+01
   3.0005120e+06   5.2185059e+01
   3.0005340e+06   3.9978027e+01
   3.0005850e+06   6.8542480e+01
   3.0006520e+06   3.6010742e+01
   3.0007740e+06   5.7678223e+01
   3.0008520e+06   3.5644531e+01
   3.0008870e+06   3.9672852e+01
   3.0012510e+06   3.4545898e+01
   3.0030310e+06   3.6682129e+01
   3.0043230e+06   3.5949707e+01
   3.0044310e+06   3.7353516e+01
   3.0047690e+06   3.9855957e+01
   3.0051110e+06   3.6437988e+01
   3.0054000e+06   3.4179688e+01
   3.0054800e+06   3.3081055e+01
   3.0055420e+06   3.4667969e+01
   3.1845830e+06   4.4738770e+01
   3.1845990e+06   5.4565430e+01
   3.1847420e+06   5.5786133e+01
   3.1847680e+06   4.9987793e+01
   3.1847900e+06   6.5673828e+01
   3.1848210e+06   5.8105469e+01
   3.1848390e+06   5.6091309e+01
   3.1848540e+06   3.8635254e+01
   3.1848700e+06   4.4067383e+01
   3.1848980e+06   3.5949707e+01
   3.1849390e+06   6.1828613e+01
   3.1849520e+06   6.1340332e+01
   3.1849820e+06   5.8654785e+01
   3.1850240e+06   7.7331543e+01
   3.1850590e+06   5.5358887e+01
   3.1851070e+06   4.3090820e+01
   3.1851650e+06   4.5288086e+01
   3.1852100e+06   5.3833008e+01
   3.1852910e+06   4.5898437e+01
   3.1854610e+06   3.4301758e+01
   3.1860260e+06   3.5522461e+01
   3.1884190e+06   3.6743164e+01
   3.1886970e+06   3.9306641e+01
   3.1889120e+06   3.4301758e+01
   3.1890420e+06   3.9184570e+01
   3.1891170e+06   3.3752441e+01
   3.1897110e+06   3.4790039e+01
   3.3109830e+06   3.7170410e+01
   3.3110000e+06   3.9794922e+01
   3.3110820e+06   4.2602539e+01
   3.3111300e+06   3.4606934e+01
   3.3111670e+06   3.9916992e+01
   3.3112070e+06   4.4738770e+01
   3.3112500e+06   6.0241699e+01
   3.3112720e+06   5.7434082e+01
   3.3113020e+06   6.6955566e+01
   3.3113270e+06   3.7475586e+01
   3.3113550e+06   7.5012207e+01
   3.3113930e+06   5.6823730e+01
   3.3114140e+06   4.8400879e+01
   3.3114860e+06   4.1503906e+01
   3.3115210e+06   4.0100098e+01
   3.3115370e+06   3.5705566e+01
   3.3115670e+06   7.2875977e+01
   3.3116000e+06   4.1687012e+01
   3.3116340e+06   5.4565430e+01
   3.3117050e+06   3.4545898e+01
   3.3117780e+06   3.7170410e+01
   3.3121620e+06   3.5156250e+01
   3.3132590e+06   3.2958984e+01
   3.3137090e+06   3.5278320e+01
   3.3143000e+06   4.6020508e+01
   3.3145380e+06   3.3203125e+01
   3.3151480e+06   4.2785645e+01
   3.3152240e+06   3.4362793e+01
   3.3157870e+06   3.4667969e+01
   3.3158180e+06   3.4851074e+01
   3.3161550e+06   3.4973145e+01
   3.3164550e+06   3.5522461e+01
   3.3642410e+06   3.3508301e+01
   3.3648120e+06   4.2114258e+01
   3.3648820e+06   5.8532715e+01
   3.3650190e+06   5.0659180e+01
   3.3650970e+06   4.0222168e+01
   3.3651200e+06   4.8767090e+01
   3.3651780e+06   3.5461426e+01
   3.3652450e+06   3.5400391e+01
   3.3653110e+06   5.7434082e+01
   3.3653330e+06   5.4138184e+01
   3.3653620e+06   6.3598633e+01
   3.3653750e+06   4.5227051e+01
   3.3654110e+06   6.1096191e+01
   3.3654370e+06   5.0170898e+01
   3.3654680e+06   3.8757324e+01
   3.3654880e+06   3.7658691e+01
   3.3655220e+06   5.3222656e+01
   3.3655460e+06   5.2734375e+01
   3.3655660e+06   4.1503906e+01
   3.3655810e+06   3.9794922e+01
   3.3655930e+06   4.0771484e+01
   3.3656420e+06   4.3090820e+01
   3.3657210e+06   3.9855957e+01
   3.3657370e+06   3.4362793e+01
   3.3657750e+06   5.4504395e+01
   3.3659120e+06   4.1625977e+01
   3.3660310e+06   3.6010742e+01
   3.3661550e+06   3.5095215e+01
   3.3692650e+06   3.3142090e+01
   3.3706280e+06   3.3264160e+01
   3.4284930e+06   6.1706543e+01
   3.4287480e+06   3.3447266e+01
   3.4287930e+06   4.9804687e+01
   3.4288260e+06   4.9682617e+01
   3.4288540e+06   3.9550781e+01
   3.4289190e+06   4.4250488e+01
   3.4289500e+06   3.6987305e+01
   3.4289890e+06   4.1381836e+01
   3.4290580e+06   4.6630859e+01
   3.4290990e+06   6.2316895e+01
   3.4291670e+06   3.9428711e+01
   3.4292000e+06   6.4758301e+01
   3.4292240e+06   4.9987793e+01
   3.4292620e+06   4.6325684e+01
   3.4292970e+06   5.5541992e+01
   3.4293280e+06   5.4321289e+01
   3.4293590e+06   5.7556152e+01
   3.4293710e+06   4.0649414e+01
   3.4294070e+06   4.4860840e+01
   3.4294240e+06   3.3996582e+01
   3.4294480e+06   5.1940918e+01
   3.4294920e+06   3.4973145e+01
   3.4295210e+06   3.4790039e+01
   3.4295660e+06   4.1870117e+01
   3.4295920e+06   4.2297363e+01
   3.4297630e+06   4.1748047e+01
   3.4298910e+06   3.6865234e+01
   3.4645240e+06   3.3142090e+01
   3.4662540e+06   3.8696289e+01
   3.4666230e+06   3.3020020e+01
   3.4667420e+06   4.1748047e+01
   3.4668610e+06   3.5888672e+01
   3.4668980e+06   4.7729492e+01
   3.4670360e+06   5.7250977e+01
   3.4670540e+06   4.6203613e+01
   3.4670680e+06   3.4973145e+01
   3.4671260e+06   3.5095215e+01
   3.4671810e+06   4.9499512e+01
   3.4672170e+06   4.1687012e+01
   3.4672490e+06   6.1523438e+01
   3.4673010e+06   4.6447754e+01
   3.4673240e+06   3.4118652e+01
   3.4673800e+06   4.8522949e+01
   3.4674130e+06   4.6691895e+01
   3.4674490e+06   4.9316406e+01
   3.4675680e+06   3.9367676e+01
   3.4676220e+06   4.2297363e+01
   3.4676770e+06   3.4362793e+01
   3.4678020e+06   3.7475586e+01
   3.4678320e+06   4.1137695e+01
   3.4680430e+06   4.0832520e+01
   3.4709240e+06   3.8024902e+01
   3.4733860e+06   3.3508301e+01
   3.4964020e+06   3.5461426e+01
   3.4973190e+06   3.5461426e+01
   3.4973490e+06   4.3640137e+01
   3.4974630e+06   3.4851074e+01
   3.4974850e+06   5.3894043e+01
   3.4975900e+06   7.8430176e+01
   3.4976070e+06   4.9255371e+01
   3.4976410e+06   3.5522461e+01
   3.4976570e+06   4.1931152e+01
   3.4976860e+06   5.4321289e+01
   3.4977140e+06   4.0466309e+01
   3.4977360e+06   4.8950195e+01
   3.4977480e+06   4.2724609e+01
   3.4977780e+06   7.6049805e+01
   3.4978060e+06   3.8513184e+01
   3.4978290e+06   3.7231445e+01
   3.4978670e+06   4.3151855e+01
   3.4979080e+06   5.3771973e+01
   3.4979540e+06   4.3212891e+01
   3.4979830e+06   3.4118652e+01
   3.4981570e+06   4.2114258e+01
   3.4981830e+06   3.9978027e+01
   3.4982230e+06   3.9184570e+01
   3.4982570e+06   4.8522949e+01
   3.5301650e+06   4.6447754e+01
   3.5301900e+06   4.7363281e+01
   3.5302620e+06   4.5837402e+01
   3.5302790e+06   5.9387207e+01
   3.5302980e+06   3.3203125e+01
   3.5303250e+06   3.5278320e+01
   3.5303810e+06   3.4301758e+01
   3.5304200e+06   5.2429199e+01
   3.5304500e+06   4.7058105e+01
   3.5304690e+06   6.1096191e+01
   3.5304830e+06   3.8391113e+01
   3.5305050e+06   5.0170898e+01
   3.5305380e+06   4.8156738e+01
   3.5305680e+06   3.6499023e+01
   3.5306030e+06   4.2114258e+01
   3.5306280e+06   3.6254883e+01
   3.5306390e+06   3.7414551e+01
   3.5306920e+06   3.6621094e+01
   3.5307300e+06   3.9367676e+01
   3.5307420e+06   3.8146973e+01
   3.5309310e+06   3.6315918e+01
   3.5310800e+06   3.3630371e+01
   3.5311180e+06   4.3029785e+01
   3.5311590e+06   3.3386230e+01
   3.5312220e+06   3.3996582e+01
   3.5337020e+06   3.5522461e+01
   3.5348320e+06   4.5532227e+01
   3.5564090e+06   3.5583496e+01
   3.5568220e+06   3.3508301e+01
   3.5569120e+06   3.8269043e+01
   3.5571280e+06   3.5644531e+01
   3.5571850e+06   4.4982910e+01
   3.5572110e+06   3.4790039e+01
   3.5572650e+06   4.9194336e+01
   3.5572950e+06   4.2236328e+01
   3.5573230e+06   4.1809082e+01
   3.5573540e+06   3.7963867e+01
   3.5573710e+06   3.8208008e+01
   3.5574030e+06   3.9367676e+01
   3.5574450e+06   3.9611816e+01
   3.5574740e+06   3.4484863e+01
   3.5575340e+06   4.8400879e+01
   3.5575470e+06   3.4790039e+01
   3.5575670e+06   5.0292969e+01
   3.5576060e+06   3.4545898e+01
   3.5576730e+06   4.5593262e+01
   3.5577280e+06   3.7902832e+01
   3.5578010e+06   5.9082031e+01
   3.5578120e+06   4.5593262e+01
   3.5578450e+06   3.8818359e+01
   3.5578730e+06   4.5471191e+01
   3.5580180e+06   3.7597656e+01
   3.5580580e+06   3.6071777e+01
   3.5580940e+06   4.0100098e+01
   3.5581500e+06   4.2419434e+01
   3.5582770e+06   3.6132813e+01
   3.5582970e+06   4.0405273e+01
   3.5583870e+06   3.7231445e+01
   3.5588460e+06   3.9550781e+01
   3.5591740e+06   3.2958984e+01
   3.5817140e+06   3.4667969e+01
   3.5819180e+06   4.1564941e+01
   3.5820820e+06   4.5898438e+01
   3.5821440e+06   3.8391113e+01
   3.5822780e+06   3.3996582e+01
   3.5822950e+06   4.3945313e+01
   3.5823520e+06   3.7658691e+01
   3.5823820e+06   3.8635254e+01
   3.5823970e+06   4.4555664e+01
   3.5824290e+06   3.8574219e+01
   3.5824590e+06   4.4860840e+01
   3.5825230e+06   3.3325195e+01
   3.5825700e+06   3.8818359e+01
   3.5826180e+06   3.3203125e+01
   3.5826520e+06   5.1147461e+01
   3.5826790e+06   4.1809082e+01
   3.5827070e+06   3.6804199e+01
   3.5827500e+06   3.3813477e+01
   3.5828560e+06   3.8024902e+01
   3.5829780e+06   3.3874512e+01
   3.5830000e+06   4.7424316e+01
   3.5830180e+06   5.6213379e+01
   3.5830780e+06   3.4729004e+01
   3.5832520e+06   3.6010742e+01
   3.5833220e+06   4.0588379e+01
   3.5835140e+06   3.5766602e+01
   3.5841180e+06   3.9794922e+01
   3.6080510e+06   4.4372559e+01
   3.6081960e+06   3.4851074e+01
   3.6083400e+06   3.5156250e+01
   3.6083520e+06   5.7006836e+01
   3.6084030e+06   5.2612305e+01
   3.6084630e+06   7.5927734e+01
   3.6084860e+06   3.7841797e+01
   3.6085170e+06   3.6437988e+01
   3.6085490e+06   4.1137695e+01
   3.6085640e+06   4.0466309e+01
   3.6086130e+06   4.4250488e+01
   3.6086470e+06   3.3142090e+01
   3.6086700e+06   3.6560059e+01
   3.6086960e+06   3.7353516e+01
   3.6087310e+06   4.9743652e+01
   3.6087700e+06   3.6193848e+01
   3.6087980e+06   5.0476074e+01
   3.6088190e+06   5.0415039e+01
   3.6088450e+06   4.2846680e+01
   3.6088870e+06   3.6865234e+01
   3.6089660e+06   3.4851074e+01
   3.6090560e+06   3.7719727e+01
   3.6091130e+06   3.9733887e+01
   3.6091460e+06   3.5400391e+01
   3.6092240e+06   3.5644531e+01
   3.6094520e+06   4.5471191e+01
   3.6096920e+06   4.0466309e+01
   3.6116120e+06   3.7353516e+01
   3.6340040e+06   3.4973145e+01
   3.6342570e+06   3.3020020e+01
   3.6342700e+06   3.7719727e+01
   3.6343050e+06   3.5400391e+01
   3.6344060e+06   4.1076660e+01
   3.6344670e+06   3.5644531e+01
   3.6345000e+06   3.8635254e+01
   3.6345310e+06   4.5898438e+01
   3.6346670e+06   4.0893555e+01
   3.6347610e+06   3.6560059e+01
   3.6348120e+06   3.6315918e+01
   3.6348380e+06   5.1879883e+01
   3.6348690e+06   3.3813477e+01
   3.6349160e+06   3.4729004e+01
   3.6350720e+06   3.8940430e+01
   3.6351460e+06   3.6071777e+01
   3.6351780e+06   3.9489746e+01
   3.6352730e+06   3.4301758e+01
   3.6353280e+06   5.7373047e+01
   3.6353880e+06   4.2053223e+01
   3.6354420e+06   3.3813477e+01
   3.6355010e+06   3.5644531e+01
   3.6357650e+06   3.3142090e+01
   3.6361100e+06   3.3813477e+01
   3.6361800e+06   3.3081055e+01
   3.6364570e+06   3.3325195e+01
   3.6457880e+06   3.2897949e+01
   3.6603040e+06   3.6315918e+01
   3.6603710e+06   3.9916992e+01
   3.6605080e+06   3.9978027e+01
   3.6605760e+06   4.0649414e+01
   3.6605930e+06   3.4606934e+01
   3.6606250e+06   4.9560547e+01
   3.6606500e+06   3.5095215e+01
   3.6607200e+06   4.5654297e+01
   3.6607840e+06   3.6804199e+01
   3.6608140e+06   7.2387695e+01
   3.6608770e+06   3.7475586e+01
   3.6609080e+06   4.5410156e+01
   3.6609650e+06   3.8452148e+01
   3.6610390e+06   3.8696289e+01
   3.6610770e+06   3.4240723e+01
   3.6611670e+06   4.2480469e+01
   3.6612800e+06   3.3447266e+01
   3.6613710e+06   3.7536621e+01
   3.6614460e+06   3.5583496e+01
   3.6615120e+06   4.9560547e+01
   3.6615360e+06   3.4057617e+01
   3.6615750e+06   3.2897949e+01
   3.6616160e+06   3.4912109e+01
   3.6617480e+06   3.3142090e+01
   3.6620280e+06   3.3813477e+01
   3.6631480e+06   3.4545898e+01
   3.6857420e+06   4.6264648e+01
   3.6860020e+06   3.5095215e+01
   3.6860360e+06   3.7109375e+01
   3.6860750e+06   4.2602539e+01
   3.6861110e+06   3.5644531e+01
   3.6861420e+06   4.8339844e+01
   3.6862290e+06   4.9987793e+01
   3.6862820e+06   3.3447266e+01
   3.6863110e+06   3.4545898e+01
   3.6864280e+06   3.6254883e+01
   3.6866510e+06   3.3203125e+01
   3.6867410e+06   4.3823242e+01
   3.6867520e+06   3.5400391e+01
   3.6870420e+06   3.5644531e+01
   3.6870830e+06   4.1870117e+01
   3.6872670e+06   3.6315918e+01
   3.6875500e+06   4.3395996e+01
   3.7123060e+06   3.3874512e+01
   3.7124590e+06   3.9123535e+01
   3.7124980e+06   5.1391602e+01
   3.7125930e+06   3.7658691e+01
   3.7127320e+06   5.4565430e+01
   3.7127690e+06   4.6020508e+01
   3.7127940e+06   3.3935547e+01
   3.7128890e+06   3.5949707e+01
   3.7130090e+06   3.3264160e+01
   3.7130970e+06   3.7597656e+01
   3.7131760e+06   3.5217285e+01
   3.7132330e+06   5.2978516e+01
   3.7133350e+06   4.2602539e+01
   3.7133780e+06   3.4118652e+01
   3.7133990e+06   3.3813477e+01
   3.7134510e+06   4.3090820e+01
   3.7134680e+06   3.9062500e+01
   3.7134990e+06   3.3935547e+01
   3.7136250e+06   4.6264648e+01
   3.7137460e+06   4.0283203e+01
   3.7137980e+06   4.6813965e+01
   3.7138660e+06   3.4973145e+01
   3.7139750e+06   3.5827637e+01
   3.7140140e+06   3.6437988e+01
   3.7141390e+06   3.9978027e+01
   3.7141620e+06   3.4057617e+01
   3.7144250e+06   3.3142090e+01
   3.7148560e+06   3.4545898e+01
   3.7155660e+06   3.4057617e+01
   3.7407650e+06   4.1320801e+01
   3.7410330e+06   3.8146973e+01
   3.7410870e+06   4.4921875e+01
   3.7412040e+06   3.7292480e+01
   3.7413150e+06   3.4423828e+01
   3.7413870e+06   3.4179688e+01
   3.7414320e+06   3.3203125e+01
   3.7414550e+06   3.8452148e+01
   3.7414970e+06   3.7597656e+01
   3.7416350e+06   4.0710449e+01
   3.7418390e+06   5.2795410e+01
   3.7418590e+06   3.3020020e+01
   3.7421010e+06   3.5583496e+01
   3.7421150e+06   3.4851074e+01
   3.7421480e+06   3.3752441e+01
   3.7720380e+06   3.8635254e+01
   3.7722140e+06   3.6193848e+01
   3.7722960e+06   4.3762207e+01
   3.7723400e+06   5.8288574e+01
   3.7723590e+06   3.9733887e+01
   3.7724210e+06   3.4790039e+01
   3.7724730e+06   4.7119141e+01
   3.7725030e+06   4.1687012e+01
   3.7725230e+06   3.4851074e+01
   3.7725410e+06   3.8085938e+01
   3.7725680e+06   4.9560547e+01
   3.7726370e+06   3.4301758e+01
   3.7726570e+06   3.5095215e+01
   3.7726850e+06   4.0893555e+01
   3.7727210e+06   3.3386230e+01
   3.7727880e+06   3.3935547e+01
   3.7728630e+06   4.8278809e+01
   3.7728770e+06   3.3691406e+01
   3.7729160e+06   3.3447266e+01
   3.7729360e+06   3.3508301e+01
   3.7729700e+06   4.0588379e+01
   3.7730340e+06   4.3334961e+01
   3.7730700e+06   3.8208008e+01
   3.7730950e+06   3.3203125e+01
   3.7731460e+06   4.5715332e+01
   3.7732010e+06   3.6193848e+01
   3.7732720e+06   5.1086426e+01
   3.7733070e+06   3.4484863e+01
   3.7734590e+06   3.2897949e+01
   3.7735090e+06   3.4240723e+01
   3.7736800e+06   3.6499023e+01
   3.7786780e+06   3.4484863e+01
   3.8078180e+06   3.6071777e+01
   3.8083220e+06   3.5705566e+01
   3.8083860e+06   4.8645020e+01
   3.8084870e+06   4.2907715e+01
   3.8085460e+06   4.9682617e+01
   3.8086570e+06   5.4565430e+01
   3.8086890e+06   3.7719727e+01
   3.8087350e+06   4.7424316e+01
   3.8087450e+06   3.6193848e+01
   3.8088030e+06   4.8828125e+01
   3.8088410e+06   3.8330078e+01
   3.8088910e+06   4.3090820e+01
   3.8089270e+06   3.3203125e+01
   3.8089370e+06   3.7231445e+01
   3.8089670e+06   4.2785645e+01
   3.8090160e+06   4.3884277e+01
   3.8090610e+06   5.6213379e+01
   3.8091040e+06   3.5156250e+01
   3.8091460e+06   3.7780762e+01
   3.8091840e+06   3.6621094e+01
   3.8092410e+06   3.9245605e+01
   3.8092810e+06   3.7231445e+01
   3.8094030e+06   3.7109375e+01
   3.8095940e+06   3.6560059e+01
   3.8357860e+06   4.9316406e+01
   3.8360700e+06   4.7058105e+01
   3.8361190e+06   7.0861816e+01
   3.8362180e+06   3.7536621e+01
   3.8363120e+06   4.8889160e+01
   3.8364170e+06   4.0527344e+01
   3.8365770e+06   3.9062500e+01
   3.8366070e+06   3.3874512e+01
   3.8366630e+06   4.3457031e+01
   3.8367340e+06   3.7353516e+01
   3.8370580e+06   3.3386230e+01
   3.8372820e+06   3.3569336e+01
   3.8379050e+06   3.4179688e+01
   3.8651140e+06   5.1452637e+01
   3.8652420e+06   3.3813477e+01
   3.8652810e+06   4.0039063e+01
   3.8653390e+06   4.0161133e+01
   3.8653730e+06   3.7170410e+01
   3.8654930e+06   3.6010742e+01
   3.8656330e+06   4.4677734e+01
   3.8656570e+06   3.6315918e+01
   3.8657810e+06   3.6193848e+01
   3.8658100e+06   4.0588379e+01
   3.8658450e+06   5.0292969e+01
   3.8659960e+06   3.3203125e+01
   3.8661320e+06   3.6376953e+01
   3.8661550e+06   5.8288574e+01
   3.8661860e+06   4.0527344e+01
   3.8662110e+06   4.3457031e+01
   3.8662680e+06   3.6621094e+01
   3.8663700e+06   4.8400879e+01
   3.8663820e+06   3.6621094e+01
   3.8664200e+06   4.1259766e+01
   3.8664730e+06   4.3273926e+01
   3.8665450e+06   3.3386230e+01
   3.8665920e+06   3.3996582e+01
   3.8667920e+06   3.5461426e+01
   3.8671520e+06   3.7048340e+01
   3.8673140e+06   3.3874512e+01
   3.8954860e+06   4.5043945e+01
   3.8955070e+06   3.6499023e+01
   3.8956710e+06   3.3691406e+01
   3.8957120e+06   3.3935547e+01
   3.8958230e+06   3.8574219e+01
   3.8958490e+06   3.4423828e+01
   3.8959580e+06   3.8635254e+01
   3.8959790e+06   3.4729004e+01
   3.8960440e+06   3.7475586e+01
   3.8960730e+06   3.7475586e+01
   3.8961290e+06   3.6987305e+01
   3.8961620e+06   4.0527344e+01
   3.8963210e+06   4.8217773e+01
   3.8963580e+06   3.8452148e+01
   3.8965540e+06   3.7414551e+01
   3.8968250e+06   6.1462402e+01
   3.8968760e+06   3.6987305e+01
   3.8971490e+06   3.3386230e+01
   3.9355970e+06   3.6865234e+01
   3.9359940e+06   3.2897949e+01
   3.9360090e+06   4.9682617e+01
   3.9362260e+06   4.2358398e+01
   3.9362910e+06   4.8828125e+01
   3.9363200e+06   5.6701660e+01
   3.9363910e+06   3.4484863e+01
   3.9364310e+06   4.6447754e+01
   3.9364810e+06   4.2419434e+01
   3.9364910e+06   3.5583496e+01
   3.9365320e+06   7.5195313e+01
   3.9366050e+06   3.6254883e+01
   3.9366780e+06   3.7597656e+01
   3.9367210e+06   3.8391113e+01
   3.9367370e+06   4.1015625e+01
   3.9367580e+06   4.2114258e+01
   3.9367900e+06   3.5156250e+01
   3.9368330e+06   3.8085938e+01
   3.9368630e+06   4.5715332e+01
   3.9369030e+06   3.7719727e+01
   3.9369990e+06   4.3457031e+01
   3.9370230e+06   3.7475586e+01
   3.9370510e+06   4.0283203e+01
   3.9372120e+06   3.5095215e+01
   3.9372770e+06   3.4301758e+01
   3.9373340e+06   4.1992188e+01
   3.9374530e+06   3.3874512e+01
   3.9423370e+06   3.2958984e+01
   3.9700440e+06   3.6071777e+01
   3.9700710e+06   3.9062500e+01
   3.9701000e+06   3.6499023e+01
   3.9703480e+06   3.4301758e+01
   3.9704060e+06   3.5522461e+01
   3.9704300e+06   3.5766602e+01
   3.9704720e+06   4.8217773e+01
   3.9706320e+06   4.2114258e+01
   3.9706930e+06   4.2846680e+01
   3.9707260e+06   4.1259766e+01
   3.9707420e+06   3.5156250e+01
   3.9707720e+06   4.4555664e+01
   3.9707890e+06   3.5278320e+01
   3.9708380e+06   4.1748047e+01
   3.9709240e+06   3.9367676e+01
   3.9710140e+06   3.4301758e+01
   3.9710360e+06   4.5410156e+01
   3.9710940e+06   3.4484863e+01
   3.9711360e+06   3.6010742e+01
   3.9712730e+06   5.1269531e+01
   3.9713790e+06   3.7048340e+01
   3.9714010e+06   4.7607422e+01
   3.9714470e+06   5.9814453e+01
   3.9719500e+06   3.4179688e+01
   4.0034310e+06   4.2114258e+01
   4.0036110e+06   4.2480469e+01
   4.0036410e+06   4.2907715e+01
   4.0037160e+06   4.7607422e+01
   4.0037800e+06   3.4545898e+01
   4.0038110e+06   5.3833008e+01
   4.0038450e+06   3.6010742e+01
   4.0040370e+06   4.0466309e+01
   4.0040660e+06   4.2053223e+01
   4.0041060e+06   3.7109375e+01
   4.0041290e+06   3.8208008e+01
   4.0042010e+06   3.4301758e+01
   4.0042410e+06   3.4301758e+01
   4.0044550e+06   3.3508301e+01
   4.0046660e+06   3.3020020e+01
   4.0047570e+06   4.0100098e+01
   4.0052910e+06   3.8208008e+01
   4.0343570e+06   3.3752441e+01
   4.0444350e+06   3.8818359e+01
   4.0447730e+06   4.1198730e+01
   4.0448860e+06   4.5593262e+01
   4.0449670e+06   3.8696289e+01
   4.0450540e+06   3.8085938e+01
   4.0450880e+06   4.6081543e+01
   4.0451040e+06   4.2846680e+01
   4.0451440e+06   3.5400391e+01
   4.0451690e+06   4.6691895e+01
   4.0452040e+06   3.3691406e+01
   4.0452670e+06   4.4494629e+01
   4.0453070e+06   4.1687012e+01
   4.0453270e+06   5.1269531e+01
   4.0453520e+06   3.3142090e+01
   4.0454080e+06   3.5217285e+01
   4.0454210e+06   3.7658691e+01
   4.0454410e+06   4.0222168e+01
   4.0454930e+06   3.4545898e+01
   4.0455680e+06   3.3325195e+01
   4.0456290e+06   4.9194336e+01
   4.0456530e+06   4.6325684e+01
   4.0457110e+06   3.5705566e+01
   4.0458310e+06   3.9916992e+01
   4.0458650e+06   3.7963867e+01
   4.0459560e+06   3.9001465e+01
   4.0459810e+06   3.4179688e+01
   4.0461050e+06   4.2480469e+01
   4.0461560e+06   3.3020020e+01
   4.0461890e+06   3.3264160e+01
   4.0464990e+06   3.9367676e+01
   4.0467630e+06   3.7414551e+01
   4.0469150e+06   3.6743164e+01
   4.0909390e+06   3.7658691e+01
   4.0914670e+06   4.6691895e+01
   4.0914930e+06   5.2978516e+01
   4.0915270e+06   4.1809082e+01
   4.0915910e+06   3.7780762e+01
   4.0916730e+06   3.5583496e+01
   4.0917140e+06   3.5278320e+01
   4.0917750e+06   3.3142090e+01
   4.0918080e+06   5.4199219e+01
   4.0918210e+06   4.4921875e+01
   4.0919300e+06   3.4423828e+01
   4.0919460e+06   3.7048340e+01
   4.0920080e+06   3.7902832e+01
   4.0920210e+06   3.3996582e+01
   4.0920800e+06   3.3203125e+01
   4.0921030e+06   4.2175293e+01
   4.0921590e+06   3.8940430e+01
   4.0921830e+06   3.6926270e+01
   4.0923120e+06   3.2958984e+01
   4.0924130e+06   5.5969238e+01
   4.0924770e+06   3.3630371e+01
   4.0925120e+06   4.6508789e+01
   4.0926990e+06   3.9367676e+01
   4.0927180e+06   3.6315918e+01
   4.0928050e+06   3.8513184e+01
   4.0931790e+06   4.4250488e+01
   4.1415950e+06   4.0771484e+01
   4.1418610e+06   3.3203125e+01
   4.1418920e+06   3.6315918e+01
   4.1419110e+06   4.4494629e+01
   4.1419210e+06   3.8818359e+01
   4.1419540e+06   4.5837402e+01
   4.1419930e+06   3.8635254e+01
   4.1420120e+06   4.9011230e+01
   4.1420530e+06   5.6396484e+01
   4.1421140e+06   3.6193848e+01
   4.1421370e+06   6.4208984e+01
   4.1421940e+06   3.4790039e+01
   4.1422230e+06   5.2429199e+01
   4.1422600e+06   3.4362793e+01
   4.1422840e+06   4.1870117e+01
   4.1423380e+06   3.8146973e+01
   4.1423680e+06   4.2785645e+01
   4.1423840e+06   3.4057617e+01
   4.1424040e+06   4.3823242e+01
   4.1425080e+06   5.1940918e+01
   4.1425720e+06   3.5339355e+01
   4.1425990e+06   4.9499512e+01
   4.1426840e+06   6.2500000e+01
   4.1428850e+06   3.5034180e+01
   4.1459250e+06   3.4179688e+01
   4.1858280e+06   3.4790039e+01
   4.1858540e+06   4.9255371e+01
   4.1861250e+06   4.0222168e+01
   4.1861750e+06   6.7626953e+01
   4.1862010e+06   3.6132813e+01
   4.1862480e+06   3.5522461e+01
   4.1862850e+06   4.5715332e+01
   4.1863220e+06   5.7434082e+01
   4.1863530e+06   4.5349121e+01
   4.1863770e+06   4.3884277e+01
   4.1863980e+06   3.7109375e+01
   4.1864320e+06   3.6071777e+01
   4.1864530e+06   5.4077148e+01
   4.1864870e+06   4.7668457e+01
   4.1865210e+06   4.0954590e+01
   4.1865380e+06   4.8095703e+01
   4.1865700e+06   3.7536621e+01
   4.1866210e+06   3.3447266e+01
   4.1866880e+06   3.7414551e+01
   4.1867170e+06   3.3020020e+01
   4.1867470e+06   3.8208008e+01
   4.1867980e+06   3.4545898e+01
   4.1869640e+06   4.2053223e+01
   4.1869880e+06   3.9428711e+01
   4.1870710e+06   3.5766602e+01
   4.1871110e+06   4.3273926e+01
   4.1875150e+06   3.5705566e+01
   4.1878540e+06   3.6621094e+01
   4.4021680e+06   3.4179688e+01
   4.4321050e+06   3.3874512e+01
   4.5762100e+06   3.3874512e+01
   4.8137440e+06   6.7687988e+01
   4.8137740e+06   3.3386230e+01
   4.8138160e+06   4.0954590e+01
   4.8138460e+06   3.4423828e+01
   4.8138810e+06   5.4443359e+01
   4.8139040e+06   5.2307129e+01
   4.8139390e+06   3.4118652e+01
   4.8139490e+06   4.3151855e+01
   4.8139910e+06   8.0139160e+01
   4.8140180e+06   4.5043945e+01
   4.8140360e+06   4.1625977e+01
   4.8140830e+06   5.0720215e+01
   4.8141000e+06   5.0231934e+01
   4.8141650e+06   4.0771484e+01
   4.8141810e+06   3.3386230e+01
   4.8141960e+06   3.4057617e+01
   4.8142540e+06   5.3344727e+01
   4.8143560e+06   4.0588379e+01
   4.8143950e+06   3.6987305e+01
   4.8144800e+06   5.0659180e+01
   4.8170970e+06   3.3508301e+01
   4.8174110e+06   3.9367676e+01
   4.8176890e+06   3.6865234e+01
   4.8179530e+06   4.3579102e+01
   4.8182560e+06   3.7353516e+01
   4.8194600e+06   3.4423828e+01
   4.8198990e+06   3.7353516e+01
   5.0208200e+06   4.3579102e+01
   5.0208540e+06   5.9326172e+01
   5.0209210e+06   4.8461914e+01
   5.0209550e+06   4.3640137e+01
   5.0209870e+06   4.3029785e+01
   5.0210190e+06   7.9284668e+01
   5.0210510e+06   7.2875977e+01
   5.0210910e+06   4.7607422e+01
   5.0211070e+06   3.6010742e+01
   5.0211720e+06   6.0363770e+01
   5.0211930e+06   4.6875000e+01
   5.0212670e+06   3.9123535e+01
   5.0212980e+06   3.4729004e+01
   5.0213300e+06   4.1870117e+01
   5.0214100e+06   4.1564941e+01
   5.0214560e+06   3.8574219e+01
   5.0215250e+06   4.0039062e+01
   5.0216090e+06   3.9245605e+01
   5.0216990e+06   3.3935547e+01
   5.0218400e+06   3.2958984e+01
   5.0222010e+06   3.5583496e+01
   5.0227960e+06   3.3508301e+01
   5.0241470e+06   3.9489746e+01
   5.0251630e+06   3.4790039e+01
   5.0254190e+06   3.6071777e+01
   5.0257930e+06   3.4606934e+01
   5.0258650e+06   4.2541504e+01
   5.0262430e+06   3.6071777e+01
   5.1246580e+06   4.4677734e+01
   5.1246840e+06   3.6437988e+01
   5.1247230e+06   3.4606934e+01
   5.1247960e+06   5.2307129e+01
   5.1248500e+06   7.0312500e+01
   5.1248750e+06   3.8574219e+01
   5.1248890e+06   3.8696289e+01
   5.1249220e+06   5.3955078e+01
   5.1249460e+06   6.5185547e+01
   5.1249720e+06   6.5979004e+01
   5.1249930e+06   5.1635742e+01
   5.1250510e+06   3.4057617e+01
   5.1250670e+06   8.7768555e+01
   5.1251270e+06   3.4545898e+01
   5.1251510e+06   4.1259766e+01
   5.1251780e+06   3.6926270e+01
   5.1252180e+06   3.3935547e+01
   5.1252540e+06   3.5949707e+01
   5.1252800e+06   6.0852051e+01
   5.1253320e+06   3.3996582e+01
   5.1253730e+06   3.5705566e+01
   5.1254840e+06   3.9123535e+01
   5.1258580e+06   3.3508301e+01
   5.1277790e+06   3.5400391e+01
   5.1279070e+06   3.3935547e+01
   5.1279400e+06   3.4057617e+01
   5.1288900e+06   3.3752441e+01
   5.1292880e+06   3.4729004e+01
   5.1328660e+06   3.3020020e+01
   5.1743280e+06   4.8767090e+01
   5.1744920e+06   3.5522461e+01
   5.1745200e+06   4.9804687e+01
   5.1745690e+06   4.3151855e+01
   5.1745800e+06   6.0119629e+01
   5.1746820e+06   3.6682129e+01
   5.1747790e+06   5.1269531e+01
   5.1748000e+06   3.9611816e+01
   5.1748170e+06   7.5073242e+01
   5.1748360e+06   5.1818848e+01
   5.1748630e+06   3.9367676e+01
   5.1749010e+06   3.3813477e+01
   5.1749380e+06   4.6936035e+01
   5.1749820e+06   5.5419922e+01
   5.1750040e+06   5.4992676e+01
   5.1750340e+06   3.5034180e+01
   5.1750610e+06   6.3232422e+01
   5.1751170e+06   3.5827637e+01
   5.1751850e+06   4.1381836e+01
   5.1752310e+06   4.2968750e+01
   5.1752640e+06   4.9194336e+01
   5.1753250e+06   3.4362793e+01
   5.1754210e+06   3.7902832e+01
   5.1786490e+06   3.5278320e+01
   5.1789020e+06   3.4179688e+01
   5.1793280e+06   3.8024902e+01
   5.2379170e+06   3.4667969e+01
   5.2380450e+06   3.3874512e+01
   5.2381930e+06   5.9509277e+01
   5.2382350e+06   3.8452148e+01
   5.2383480e+06   4.4433594e+01
   5.2384120e+06   3.4301758e+01
   5.2384230e+06   3.4912109e+01
   5.2384450e+06   3.7536621e+01
   5.2384790e+06   5.5358887e+01
   5.2384950e+06   3.8879395e+01
   5.2385240e+06   5.0781250e+01
   5.2385400e+06   5.9143066e+01
   5.2385550e+06   3.9123535e+01
   5.2385700e+06   3.3447266e+01
   5.2386010e+06   3.7658691e+01
   5.2386350e+06   4.6264648e+01
   5.2386690e+06   4.0649414e+01
   5.2386910e+06   4.1687012e+01
   5.2387010e+06   4.2053223e+01
   5.2387330e+06   4.8156738e+01
   5.2387790e+06   4.1503906e+01
   5.2387990e+06   6.9702148e+01
   5.2388340e+06   4.8400879e+01
   5.2390580e+06   4.2663574e+01
   5.2392000e+06   3.5644531e+01
   5.2421200e+06   3.3874512e+01
   5.2422430e+06   3.5034180e+01
   5.2425870e+06   3.3020020e+01
   5.2427040e+06   3.3813477e+01
   5.2449880e+06   3.5583496e+01
   5.2745560e+06   4.1076660e+01
   5.2748890e+06   4.3518066e+01
   5.2749410e+06   4.1809082e+01
   5.2749820e+06   4.2053223e+01
   5.2751190e+06   3.6254883e+01
   5.2751380e+06   3.4301758e+01
   5.2751680e+06   4.8034668e+01
   5.2752020e+06   3.9367676e+01
   5.2752280e+06   3.6437988e+01
   5.2752740e+06   4.4677734e+01
   5.2753130e+06   5.0048828e+01
   5.2753490e+06   3.9733887e+01
   5.2753630e+06   5.2551270e+01
   5.2754240e+06   3.4667969e+01
   5.2754470e+06   3.7719727e+01
   5.2754810e+06   7.8918457e+01
   5.2755110e+06   3.3691406e+01
   5.2755800e+06   3.9184570e+01
   5.2755970e+06   5.2185059e+01
   5.2756440e+06   4.0283203e+01
   5.2757260e+06   3.9611816e+01
   5.2759930e+06   3.4851074e+01
   5.2761170e+06   3.5278320e+01
   5.2776430e+06   3.5034180e+01
   5.2780970e+06   3.4118652e+01
   5.2786940e+06   3.3447266e+01
   5.3091560e+06   3.4057617e+01
   5.3096110e+06   3.3935547e+01
   5.3096460e+06   3.7719727e+01
   5.3096720e+06   3.8146973e+01
   5.3096870e+06   3.9489746e+01
   5.3097080e+06   3.5949707e+01
   5.3097370e+06   3.9611816e+01
   5.3097900e+06   3.9611816e+01
   5.3098110e+06   5.8959961e+01
   5.3098600e+06   4.5043945e+01
   5.3098750e+06   5.4748535e+01
   5.3099030e+06   4.2175293e+01
   5.3099520e+06   3.9062500e+01
   5.3099930e+06   5.7128906e+01
   5.3100060e+06   3.8757324e+01
   5.3100560e+06   4.0283203e+01
   5.3100680e+06   4.9804688e+01
   5.3101730e+06   5.4504395e+01
   5.3102320e+06   5.0048828e+01
   5.3102990e+06   5.4199219e+01
   5.3103460e+06   3.9733887e+01
   5.3103790e+06   3.8330078e+01
   5.3105330e+06   3.9672852e+01
   5.3139030e+06   3.9855957e+01
   5.3339720e+06   3.9062500e+01
   5.3341060e+06   3.4667969e+01
   5.3342050e+06   4.3457031e+01
   5.3342190e+06   4.4006348e+01
   5.3343240e+06   3.5766602e+01
   5.3343510e+06   4.6325684e+01
   5.3343950e+06   3.8574219e+01
   5.3344780e+06   3.7963867e+01
   5.3345110e+06   4.1259766e+01
   5.3345670e+06   3.4118652e+01
   5.3346010e+06   4.2053223e+01
   5.3346460e+06   3.5827637e+01
   5.3346830e+06   3.2897949e+01
   5.3347280e+06   3.6193848e+01
   5.3347560e+06   4.7607422e+01
   5.3347790e+06   3.8757324e+01
   5.3348610e+06   4.7851563e+01
   5.3349300e+06   3.7719727e+01
   5.3350150e+06   4.7302246e+01
   5.3350570e+06   3.8757324e+01
   5.3351290e+06   4.6569824e+01
   5.3352200e+06   3.3142090e+01
   5.3353340e+06   3.5583496e+01
   5.3353900e+06   3.3813477e+01
   5.3354160e+06   4.1198730e+01
   5.3354540e+06   3.5461426e+01
   5.3354760e+06   3.5827637e+01
   5.3356150e+06   3.2897949e+01
   5.3357540e+06   4.0771484e+01
   5.3357690e+06   3.5400391e+01
   5.3378120e+06   3.4240723e+01
   5.3385810e+06   3.9062500e+01
   5.3581580e+06   3.5034180e+01
   5.3583060e+06   3.9672852e+01
   5.3583750e+06   4.2846680e+01
   5.3584450e+06   3.4423828e+01
   5.3584640e+06   3.3508301e+01
   5.3585080e+06   4.1442871e+01
   5.3585460e+06   3.5583496e+01
   5.3585710e+06   3.8085938e+01
   5.3585880e+06   3.9367676e+01
   5.3586380e+06   4.4128418e+01
   5.3586690e+06   3.7170410e+01
   5.3587210e+06   3.7170410e+01
   5.3587690e+06   4.1809082e+01
   5.3588360e+06   4.1381836e+01
   5.3588640e+06   4.2297363e+01
   5.3588900e+06   3.6010742e+01
   5.3589390e+06   4.1503906e+01
   5.3590030e+06   4.9255371e+01
   5.3590680e+06   3.6132813e+01
   5.3592070e+06   3.7109375e+01
   5.3592200e+06   4.7668457e+01
   5.3593460e+06   3.9184570e+01
   5.3594630e+06   3.6254883e+01
   5.3595730e+06   3.5156250e+01
   5.3602250e+06   3.7109375e+01
   5.3641320e+06   3.5339355e+01
   5.3818780e+06   4.2358398e+01
   5.3998710e+06   3.8879395e+01
   5.3999820e+06   3.5522461e+01
   5.4000540e+06   4.3273926e+01
   5.4001430e+06   4.0649414e+01
   5.4002160e+06   3.3447266e+01
   5.4002400e+06   4.0649414e+01
   5.4002980e+06   3.5949707e+01
   5.4003480e+06   4.7973633e+01
   5.4004240e+06   4.2053223e+01
   5.4004520e+06   3.6682129e+01
   5.4005560e+06   3.6254883e+01
   5.4005980e+06   4.5349121e+01
   5.4006090e+06   3.7658691e+01
   5.4007490e+06   3.8879395e+01
   5.4007710e+06   3.3203125e+01
   5.4008140e+06   4.1259766e+01
   5.4008450e+06   3.4240723e+01
   5.4008720e+06   4.1503906e+01
   5.4009920e+06   4.2968750e+01
   5.4010330e+06   3.3508301e+01
   5.4011030e+06   3.4057617e+01
   5.4011280e+06   3.5095215e+01
   5.4012480e+06   3.5339355e+01
   5.4014190e+06   3.4301758e+01
   5.4015360e+06   3.5705566e+01
   5.4016320e+06   3.8085938e+01
   5.4017130e+06   4.0222168e+01
   5.4028320e+06   3.3203125e+01
   5.4033900e+06   3.2897949e+01
   5.4135340e+06   3.3874512e+01
   5.4257420e+06   3.7841797e+01
   5.4258510e+06   3.8391113e+01
   5.4258830e+06   3.3142090e+01
   5.4259470e+06   4.2907715e+01
   5.4261500e+06   3.8940430e+01
   5.4261810e+06   3.4301758e+01
   5.4262180e+06   4.7058105e+01
   5.4262500e+06   3.3386230e+01
   5.4262650e+06   4.2663574e+01
   5.4262890e+06   5.2246094e+01
   5.4263430e+06   3.3813477e+01
   5.4263580e+06   4.9560547e+01
   5.4264010e+06   4.5593262e+01
   5.4264380e+06   3.7231445e+01
   5.4264770e+06   3.8269043e+01
   5.4265590e+06   3.4606934e+01
   5.4265840e+06   4.1015625e+01
   5.4266840e+06   3.6560059e+01
   5.4267030e+06   3.5461426e+01
   5.4267380e+06   4.4189453e+01
   5.4268290e+06   3.5095215e+01
   5.4268920e+06   4.6325684e+01
   5.4269120e+06   3.4057617e+01
   5.4269400e+06   3.7048340e+01
   5.4269710e+06   3.3020020e+01
   5.4269980e+06   3.5949707e+01
   5.4270390e+06   3.5095215e+01
   5.4270600e+06   3.8879395e+01
   5.4271220e+06   3.9855957e+01
   5.4271680e+06   3.5461426e+01
   5.4272110e+06   4.8706055e+01
   5.4273330e+06   3.6376953e+01
   5.4273740e+06   3.5827637e+01
   5.4278350e+06   3.7963867e+01
   5.4307380e+06   3.4118652e+01
   5.4565040e+06   3.7841797e+01
   5.4566450e+06   5.2246094e+01
   5.4568140e+06   3.3081055e+01
   5.4570250e+06   4.2968750e+01
   5.4570850e+06   3.4667969e+01
   5.4571300e+06   3.5949707e+01
   5.4571740e+06   4.2114258e+01
   5.4572400e+06   5.5480957e+01
   5.4572620e+06   4.3151855e+01
   5.4573010e+06   3.8208008e+01
   5.4573190e+06   3.6560059e+01
   5.4573630e+06   3.4790039e+01
   5.4573950e+06   5.4931641e+01
   5.4574220e+06   4.6081543e+01
   5.4574460e+06   3.6193848e+01
   5.4574730e+06   4.2236328e+01
   5.4574960e+06   3.6315918e+01
   5.4575950e+06   5.2612305e+01
   5.4576500e+06   3.3142090e+01
   5.4577900e+06   6.0363770e+01
   5.4578980e+06   4.0466309e+01
   5.4579420e+06   3.7292480e+01
   5.4580760e+06   3.3081055e+01
   5.4624730e+06   3.6315918e+01
   5.4868520e+06   3.8513184e+01
   5.4869180e+06   3.5034180e+01
   5.4870670e+06   5.9692383e+01
   5.4870990e+06   4.8828125e+01
   5.4871950e+06   5.8837891e+01
   5.4872290e+06   4.6569824e+01
   5.4872870e+06   3.7536621e+01
   5.4873370e+06   3.6376953e+01
   5.4873720e+06   3.4057617e+01
   5.4873890e+06   4.1137695e+01
   5.4874210e+06   4.0039063e+01
   5.4874620e+06   4.4067383e+01
   5.4874870e+06   5.8776855e+01
   5.4875100e+06   3.4240723e+01
   5.4875290e+06   4.0283203e+01
   5.4875580e+06   4.8461914e+01
   5.4875830e+06   4.9255371e+01
   5.4876380e+06   4.3029785e+01
   5.4877110e+06   5.0170898e+01
   5.4878010e+06   4.0832520e+01
   5.4880050e+06   3.9916992e+01
   5.4881840e+06   3.2897949e+01
   5.4882310e+06   4.1625977e+01
   5.4882840e+06   3.3996582e+01
   5.4885210e+06   3.4729004e+01
   5.4911840e+06   3.3142090e+01
   5.5196890e+06   3.5278320e+01
   5.5198960e+06   5.5053711e+01
   5.5200660e+06   4.2663574e+01
   5.5201630e+06   5.5480957e+01
   5.5202090e+06   3.4667969e+01
   5.5202220e+06   4.7363281e+01
   5.5202730e+06   3.3813477e+01
   5.5202960e+06   5.8776855e+01
   5.5203280e+06   3.4362793e+01
   5.5203980e+06   4.2907715e+01
   5.5204850e+06   3.5766602e+01
   5.5205120e+06   3.9245605e+01
   5.5206370e+06   3.3691406e+01
   5.5206550e+06   4.3579102e+01
   5.5207460e+06   3.3874512e+01
   5.5207680e+06   3.5034180e+01
   5.5213180e+06   3.3203125e+01
   5.5213780e+06   3.2897949e+01
   5.5216760e+06   4.2419434e+01
   5.5218590e+06   3.6743164e+01
   5.5222870e+06   3.3447266e+01
   5.5223180e+06   3.3386230e+01
   5.5266950e+06   3.9001465e+01
   5.5536790e+06   3.5339355e+01
   5.5537120e+06   3.3264160e+01
   5.5537760e+06   4.4982910e+01
   5.5539900e+06   5.3161621e+01
   5.5540020e+06   7.6416016e+01
   5.5540230e+06   4.7180176e+01
   5.5540620e+06   4.2541504e+01
   5.5541000e+06   3.5888672e+01
   5.5541120e+06   7.0739746e+01
   5.5541410e+06   3.3569336e+01
   5.5542540e+06   3.4484863e+01
   5.5542920e+06   5.5358887e+01
   5.5543210e+06   3.9611816e+01
   5.5543530e+06   4.1992188e+01
   5.5543710e+06   5.6579590e+01
   5.5544140e+06   4.5959473e+01
   5.5544630e+06   3.5400391e+01
   5.5545070e+06   4.1931152e+01
   5.5545300e+06   3.4057617e+01
   5.5545700e+06   4.0771484e+01
   5.5545990e+06   3.9550781e+01
   5.5547070e+06   3.4057617e+01
   5.5547230e+06   4.7668457e+01
   5.5549400e+06   3.5766602e+01
   5.5550350e+06   3.3874512e+01
   5.5551530e+06   3.9367676e+01
   5.5551940e+06   3.6560059e+01
   5.5557660e+06   3.3325195e+01
   5.5561960e+06   3.7231445e+01
   5.5849560e+06   3.3386230e+01
   5.5851300e+06   3.4057617e+01
   5.5852880e+06   4.9316406e+01
   5.5853110e+06   3.3264160e+01
   5.5853570e+06   3.9978027e+01
   5.5855310e+06   3.7292480e+01
   5.5855690e+06   3.6682129e+01
   5.5856250e+06   6.5063477e+01
   5.5856830e+06   4.0710449e+01
   5.5857140e+06   4.9133301e+01
   5.5857770e+06   3.5278320e+01
   5.5858380e+06   3.8574219e+01
   5.5858680e+06   3.8757324e+01
   5.5859070e+06   5.0231934e+01
   5.5859300e+06   3.7658691e+01
   5.5859800e+06   3.8085938e+01
   5.5860490e+06   3.6437988e+01
   5.5861540e+06   3.4423828e+01
   5.5863470e+06   3.6499023e+01
   5.5863950e+06   3.3996582e+01
   5.5864180e+06   3.8879395e+01
   5.5864480e+06   3.8696289e+01
   5.5864850e+06   4.0649414e+01
   5.5866250e+06   4.2480469e+01
   5.5866490e+06   3.6560059e+01
   5.5866860e+06   3.3508301e+01
   5.5868650e+06   4.8583984e+01
   5.5872810e+06   3.7231445e+01
   5.5887990e+06   3.4240723e+01
   5.6158160e+06   3.7841797e+01
   5.6158340e+06   5.3771973e+01
   5.6159300e+06   3.3325195e+01
   5.6159730e+06   3.3447266e+01
   5.6159990e+06   3.5095215e+01
   5.6160420e+06   3.4545898e+01
   5.6160670e+06   5.5847168e+01
   5.6160930e+06   3.6437988e+01
   5.6161390e+06   3.8330078e+01
   5.6161790e+06   3.8330078e+01
   5.6162020e+06   3.7048340e+01
   5.6162620e+06   4.3701172e+01
   5.6163830e+06   4.1259766e+01
   5.6164660e+06   3.8330078e+01
   5.6165270e+06   3.3996582e+01
   5.6165630e+06   3.4973145e+01
   5.6165800e+06   4.3701172e+01
   5.6166550e+06   4.2663574e+01
   5.6166850e+06   3.6743164e+01
   5.6168510e+06   3.6865234e+01
   5.6168920e+06   3.3935547e+01
   5.6169180e+06   3.8391113e+01
   5.6171710e+06   4.6875000e+01
   5.6173090e+06   3.5278320e+01
   5.6174120e+06   3.3630371e+01
   5.6174540e+06   3.3020020e+01
   5.6175350e+06   3.5705566e+01
   5.6475200e+06   4.0832520e+01
   5.6476140e+06   3.2958984e+01
   5.6476470e+06   4.2846680e+01
   5.6476650e+06   3.4423828e+01
   5.6477550e+06   4.6813965e+01
   5.6477940e+06   3.4851074e+01
   5.6478470e+06   3.9978027e+01
   5.6479130e+06   4.7912598e+01
   5.6479430e+06   3.7353516e+01
   5.6480530e+06   3.3996582e+01
   5.6480710e+06   3.3508301e+01
   5.6481040e+06   5.5541992e+01
   5.6481200e+06   4.1809082e+01
   5.6482520e+06   3.4545898e+01
   5.6482820e+06   3.4729004e+01
   5.6483620e+06   3.3569336e+01
   5.6486180e+06   4.2175293e+01
   5.6489690e+06   3.3447266e+01
   5.6493360e+06   4.2419434e+01
   5.6494470e+06   3.2958984e+01
   5.6495500e+06   3.9978027e+01
   5.6874760e+06   3.6560059e+01
   5.6875610e+06   3.3630371e+01
   5.6877910e+06   3.5827637e+01
   5.6878730e+06   4.0588379e+01
   5.6879630e+06   3.3996582e+01
   5.6880470e+06   4.0100098e+01
   5.6881030e+06   3.4057617e+01
   5.6881340e+06   3.9611816e+01
   5.6882170e+06   3.7475586e+01
   5.6882440e+06   3.5522461e+01
   5.6882820e+06   3.9123535e+01
   5.6883040e+06   3.7109375e+01
   5.6883320e+06   4.1931152e+01
   5.6883520e+06   4.6203613e+01
   5.6883780e+06   3.7658691e+01
   5.6884190e+06   5.7189941e+01
   5.6884760e+06   4.0344238e+01
   5.6884980e+06   4.5043945e+01
   5.6885470e+06   3.9428711e+01
   5.6885870e+06   3.8574219e+01
   5.6886730e+06   4.6813965e+01
   5.6889540e+06   3.5644531e+01
   5.6890310e+06   3.4423828e+01
   5.6890720e+06   4.6813965e+01
   5.6891150e+06   5.2185059e+01
   5.6896990e+06   3.3569336e+01
   5.7192450e+06   3.5156250e+01
   5.7192910e+06   4.5654297e+01
   5.7194440e+06   4.1442871e+01
   5.7196180e+06   3.8635254e+01
   5.7196820e+06   3.9001465e+01
   5.7197400e+06   3.6010742e+01
   5.7197580e+06   3.7780762e+01
   5.7197890e+06   3.4240723e+01
   5.7199390e+06   3.4851074e+01
   5.7200350e+06   3.9550781e+01
   5.7200590e+06   3.3142090e+01
   5.7200730e+06   3.3569336e+01
   5.7201370e+06   3.3081055e+01
   5.7202100e+06   3.6071777e+01
   5.7203140e+06   3.3142090e+01
   5.7203760e+06   3.4301758e+01
   5.7204820e+06   3.3691406e+01
   5.7205260e+06   3.6132813e+01
   5.7209950e+06   3.4667969e+01
   5.7216010e+06   3.3325195e+01
   5.7576020e+06   3.8208008e+01
   5.7576900e+06   3.6437988e+01
   5.7578930e+06   3.9123535e+01
   5.7579140e+06   3.5705566e+01
   5.7579640e+06   4.8767090e+01
   5.7579780e+06   5.9814453e+01
   5.7580180e+06   3.8024902e+01
   5.7580510e+06   3.4423828e+01
   5.7580950e+06   4.9072266e+01
   5.7581190e+06   5.5114746e+01
   5.7581430e+06   4.6813965e+01
   5.7581640e+06   3.9367676e+01
   5.7581980e+06   4.7363281e+01
   5.7582580e+06   3.3508301e+01
   5.7583200e+06   3.4790039e+01
   5.7583420e+06   4.4799805e+01
   5.7583640e+06   3.4301758e+01
   5.7584620e+06   3.4729004e+01
   5.7584740e+06   3.7780762e+01
   5.7585330e+06   4.3151855e+01
   5.7586860e+06   3.7963867e+01
   5.7587680e+06   3.7048340e+01
   5.7587810e+06   3.2958984e+01
   5.7588170e+06   3.4057617e+01
   5.7588850e+06   3.5278320e+01
   5.7589540e+06   4.1992188e+01
   5.7590750e+06   4.1259766e+01
   5.7590850e+06   4.8767090e+01
   5.7591210e+06   3.5461426e+01
   5.7591810e+06   3.3874512e+01
   5.7592780e+06   4.0161133e+01
   5.7592940e+06   3.4545898e+01
   5.7593220e+06   3.4301758e+01
   5.7593910e+06   4.1076660e+01
   5.7596160e+06   3.3996582e+01
   5.7597090e+06   3.9184570e+01
   5.7621600e+06   3.4179688e+01
   5.7895160e+06   3.4423828e+01
   5.8073870e+06   3.3508301e+01
   5.8074590e+06   3.9550781e+01
   5.8075480e+06   3.5522461e+01
   5.8076000e+06   3.9123535e+01
   5.8076170e+06   4.0710449e+01
   5.8076570e+06   3.6010742e+01
   5.8077310e+06   4.5837402e+01
   5.8077510e+06   3.6010742e+01
   5.8077750e+06   4.1503906e+01
   5.8078100e+06   3.3203125e+01
   5.8078520e+06   4.5898438e+01
   5.8078860e+06   4.9255371e+01
   5.8079110e+06   4.0954590e+01
   5.8079950e+06   3.7292480e+01
   5.8080340e+06   4.8461914e+01
   5.8080530e+06   3.5888672e+01
   5.8081280e+06   4.0466309e+01
   5.8081570e+06   3.5095215e+01
   5.8081770e+06   4.2541504e+01
   5.8082610e+06   3.9123535e+01
   5.8082980e+06   3.8452148e+01
   5.8083650e+06   3.3203125e+01
   5.8083890e+06   3.8452148e+01
   5.8084160e+06   3.6010742e+01
   5.8084950e+06   4.2663574e+01
   5.8085970e+06   3.3386230e+01
   5.8088360e+06   4.1870117e+01
   5.8094370e+06   3.3447266e+01
   6.5698950e+06   4.8522949e+01
   6.5699170e+06   3.7048340e+01
   6.5699270e+06   3.8085938e+01
   6.5700190e+06   5.1330566e+01
   6.5700470e+06   4.7851563e+01
   6.5700630e+06   4.2419434e+01
   6.5700860e+06   5.8532715e+01
   6.5701160e+06   9.7473145e+01
   6.5701600e+06   6.1218262e+01
   6.5701770e+06   3.7536621e+01
   6.5702280e+06   3.4301758e+01
   6.5702670e+06   4.1381836e+01
   6.5703060e+06   3.3630371e+01
   6.5703200e+06   4.0405273e+01
   6.5703840e+06   4.6081543e+01
   6.5704090e+06   3.8818359e+01
   6.5704490e+06   4.6447754e+01
   6.5704940e+06   3.8146973e+01
   6.5705590e+06   3.6254883e+01
   6.5708200e+06   3.3020020e+01
   6.5712950e+06   3.3325195e+01
   6.5738750e+06   3.3447266e+01
   6.5743650e+06   3.3508301e+01
   6.5752440e+06   4.7729492e+01
   6.5752680e+06   3.6376953e+01
   6.7200440e+06   3.4545898e+01
   6.7201130e+06   3.4484863e+01
   6.7201600e+06   4.1076660e+01
   6.7202110e+06   4.4677734e+01
   6.7202430e+06   4.9011230e+01
   6.7202850e+06   5.5480957e+01
   6.7203110e+06   5.6884766e+01
   6.7203580e+06   4.3090820e+01
   6.7204040e+06   5.2368164e+01
   6.7204370e+06   4.8400879e+01
   6.7204760e+06   5.3405762e+01
   6.7205570e+06   3.3386230e+01
   6.7205840e+06   4.3090820e+01
   6.7206040e+06   3.4729004e+01
   6.7206600e+06   3.8391113e+01
   6.7206780e+06   4.2724609e+01
   6.7207130e+06   3.8024902e+01
   6.7208110e+06   4.4860840e+01
   6.7209010e+06   3.3142090e+01
   6.7229120e+06   3.3874512e+01
   6.7236170e+06   4.4372559e+01
   6.7241320e+06   3.5766602e+01
   6.7244750e+06   3.5339355e+01
   6.8360580e+06   4.4799805e+01
   6.8360890e+06   4.1992188e+01
   6.8361400e+06   3.7597656e+01
   6.8361510e+06   4.2297363e+01
   6.8361940e+06   3.8452148e+01
   6.8362320e+06   4.3457031e+01
   6.8362760e+06   3.9245605e+01
   6.8363000e+06   3.6560059e+01
   6.8363440e+06   4.0466309e+01
   6.8363600e+06   3.8146973e+01
   6.8363800e+06   4.6875000e+01
   6.8364220e+06   3.5766602e+01
   6.8364460e+06   3.9550781e+01
   6.8364760e+06   4.1992188e+01
   6.8365080e+06   4.6386719e+01
   6.8365330e+06   4.1137695e+01
   6.8365740e+06   6.9946289e+01
   6.8366020e+06   5.8166504e+01
   6.8366380e+06   5.6457520e+01
   6.8366730e+06   3.8513184e+01
   6.8367920e+06   4.3762207e+01
   6.8368280e+06   4.3945312e+01
   6.8368520e+06   3.4545898e+01
   6.8383920e+06   4.3273926e+01
   6.8385220e+06   3.4057617e+01
   6.8396890e+06   3.4790039e+01
   6.8401980e+06   3.4057617e+01
   6.8403940e+06   3.4606934e+01
   6.8405780e+06   3.4362793e+01
   6.8407060e+06   3.4423828e+01
   6.8407840e+06   3.3996582e+01
   6.8409630e+06   3.8452148e+01
   6.8416060e+06   3.7597656e+01
   6.8418640e+06   3.4362793e+01
   6.8899530e+06   3.7841797e+01
   6.8899860e+06   5.6396484e+01
   6.8901120e+06   3.5583496e+01
   6.8901300e+06   4.7058105e+01
   6.8901660e+06   3.3630371e+01
   6.8901790e+06   3.6621094e+01
   6.8902170e+06   4.2663574e+01
   6.8902690e+06   3.9916992e+01
   6.8902960e+06   4.2541504e+01
   6.8903240e+06   3.2897949e+01
   6.8903520e+06   4.1687012e+01
   6.8903750e+06   5.3039551e+01
   6.8903850e+06   3.5095215e+01
   6.8904150e+06   6.2683105e+01
   6.8904500e+06   3.6193848e+01
   6.8904630e+06   4.7973633e+01
   6.8905010e+06   4.7851563e+01
   6.8905180e+06   3.8330078e+01
   6.8905620e+06   7.5805664e+01
   6.8905960e+06   3.6437988e+01
   6.8906140e+06   3.3264160e+01
   6.8906450e+06   5.3527832e+01
   6.8906740e+06   3.5400391e+01
   6.8907590e+06   5.6518555e+01
   6.8908430e+06   3.3752441e+01
   6.8908570e+06   3.6437988e+01
   6.8909040e+06   3.9855957e+01
   6.8909610e+06   4.7424316e+01
   6.8910180e+06   3.9428711e+01
   6.8937260e+06   4.0649414e+01
   6.8949820e+06   3.4118652e+01
   6.9669920e+06   3.8391113e+01
   6.9671510e+06   3.8635254e+01
   6.9672470e+06   4.8767090e+01
   6.9673160e+06   4.0039063e+01
   6.9673770e+06   3.4790039e+01
   6.9674150e+06   3.8208008e+01
   6.9674810e+06   3.4606934e+01
   6.9675060e+06   4.0832520e+01
   6.9675250e+06   4.1992188e+01
   6.9675550e+06   3.5583496e+01
   6.9675780e+06   5.5236816e+01
   6.9675960e+06   3.4118652e+01
   6.9676410e+06   4.1992188e+01
   6.9676630e+06   3.9245605e+01
   6.9676900e+06   5.8837891e+01
   6.9677170e+06   3.8391113e+01
   6.9677430e+06   4.2358398e+01
   6.9677620e+06   4.1870117e+01
   6.9678080e+06   4.8278809e+01
   6.9678440e+06   6.8786621e+01
   6.9678600e+06   4.0344238e+01
   6.9678960e+06   6.0119629e+01
   6.9679230e+06   5.4687500e+01
   6.9679370e+06   5.4077148e+01
   6.9679650e+06   3.6560059e+01
   6.9680000e+06   4.9987793e+01
   6.9681260e+06   3.6071777e+01
   6.9682830e+06   3.2897949e+01
   6.9683450e+06   3.3508301e+01
   6.9708570e+06   3.4057617e+01
   6.9933740e+06   3.6376953e+01
   7.0119940e+06   3.4240723e+01
   7.0124510e+06   3.3752441e+01
   7.0126580e+06   3.5034180e+01
   7.0127720e+06   4.9072266e+01
   7.0128580e+06   3.7963867e+01
   7.0128900e+06   3.4484863e+01
   7.0129550e+06   3.3935547e+01
   7.0129700e+06   5.6518555e+01
   7.0130440e+06   3.7902832e+01
   7.0130560e+06   7.5073242e+01
   7.0130870e+06   3.6437988e+01
   7.0131380e+06   4.6386719e+01
   7.0132030e+06   4.7424316e+01
   7.0132780e+06   3.5095215e+01
   7.0133260e+06   4.9743652e+01
   7.0134000e+06   4.1564941e+01
   7.0134730e+06   4.4494629e+01
   7.0135150e+06   4.5288086e+01
   7.0135820e+06   4.6203613e+01
   7.0136230e+06   3.3508301e+01
   7.0136740e+06   4.0466309e+01
   7.0137840e+06   3.2958984e+01
   7.0138070e+06   4.9194336e+01
   7.0139410e+06   3.3935547e+01
   7.0140580e+06   3.7841797e+01
   7.0169750e+06   3.9550781e+01
   7.0170210e+06   3.4240723e+01
   7.0176120e+06   3.3264160e+01
   7.0197130e+06   3.5827637e+01
   7.0564520e+06   3.4545898e+01
   7.0566260e+06   3.5644531e+01
   7.0569180e+06   3.4118652e+01
   7.0570200e+06   3.9611816e+01
   7.0570380e+06   3.6010742e+01
   7.0570870e+06   5.9692383e+01
   7.0571260e+06   4.4738770e+01
   7.0572030e+06   3.4362793e+01
   7.0572340e+06   4.5104980e+01
   7.0572650e+06   7.1838379e+01
   7.0572760e+06   3.5095215e+01
   7.0573100e+06   4.0344238e+01
   7.0573400e+06   5.8471680e+01
   7.0573900e+06   3.3935547e+01
   7.0574070e+06   4.4921875e+01
   7.0574320e+06   4.0649414e+01
   7.0574700e+06   3.7109375e+01
   7.0574820e+06   4.0832520e+01
   7.0575200e+06   3.9367676e+01
   7.0575510e+06   3.7048340e+01
   7.0575880e+06   4.4128418e+01
   7.0576310e+06   4.1381836e+01
   7.0576940e+06   4.2053223e+01
   7.0577890e+06   3.3447266e+01
   7.0578650e+06   3.5644531e+01
   7.0618030e+06   3.7963867e+01
   7.0621380e+06   3.6926270e+01
   7.0826730e+06   3.3142090e+01
   7.0827810e+06   3.4057617e+01
   7.0828300e+06   3.3691406e+01
   7.0829280e+06   3.4790039e+01
   7.0829860e+06   4.9926758e+01
   7.0830100e+06   4.0832520e+01
   7.0830360e+06   3.3386230e+01
   7.0830840e+06   6.1706543e+01
   7.0831050e+06   3.5400391e+01
   7.0831330e+06   4.2724609e+01
   7.0831720e+06   4.7302246e+01
   7.0832110e+06   3.4667969e+01
   7.0832400e+06   4.1564941e+01
   7.0832940e+06   3.9489746e+01
   7.0833550e+06   4.7668457e+01
   7.0833650e+06   4.8889160e+01
   7.0834200e+06   4.1625977e+01
   7.0835500e+06   4.5898438e+01
   7.0835980e+06   4.6386719e+01
   7.0836880e+06   5.6274414e+01
   7.0837960e+06   4.3334961e+01
   7.0839090e+06   3.9062500e+01
   7.0839810e+06   3.4606934e+01
   7.0840060e+06   3.5522461e+01
   7.0840870e+06   4.4189453e+01
   7.0842290e+06   3.5095215e+01
   7.0842650e+06   3.3325195e+01
   7.0851530e+06   3.3691406e+01
   7.0855160e+06   3.9550781e+01
   7.1090850e+06   3.3691406e+01
   7.1092370e+06   3.3264160e+01
   7.1094870e+06   4.8950195e+01
   7.1095600e+06   3.3325195e+01
   7.1097460e+06   4.4616699e+01
   7.1097710e+06   3.5522461e+01
   7.1097920e+06   5.8349609e+01
   7.1098240e+06   5.1696777e+01
   7.1098560e+06   4.4433594e+01
   7.1098870e+06   3.3447266e+01
   7.1099150e+06   5.5969238e+01
   7.1099320e+06   3.4362793e+01
   7.1099530e+06   5.8532715e+01
   7.1099750e+06   3.3142090e+01
   7.1099950e+06   4.4799805e+01
   7.1100350e+06   3.3935547e+01
   7.1101230e+06   3.9367676e+01
   7.1101370e+06   5.2795410e+01
   7.1101770e+06   4.6691895e+01
   7.1102040e+06   3.5522461e+01
   7.1102890e+06   4.1442871e+01
   7.1103260e+06   5.3710938e+01
   7.1103820e+06   5.1818848e+01
   7.1106240e+06   3.8940430e+01
   7.1106540e+06   3.5766602e+01
   7.1108070e+06   3.4179688e+01
   7.1111050e+06   3.7353516e+01
   7.1116090e+06   3.4118652e+01
   7.1145220e+06   3.2958984e+01
   7.1360920e+06   5.9143066e+01
   7.1361150e+06   3.8513184e+01
   7.1361570e+06   3.7353516e+01
   7.1362470e+06   5.8898926e+01
   7.1362610e+06   4.5898438e+01
   7.1363050e+06   3.5034180e+01
   7.1363160e+06   3.6376953e+01
   7.1363480e+06   3.3813477e+01
   7.1363670e+06   4.6813965e+01
   7.1364080e+06   4.5654297e+01
   7.1364290e+06   3.7902832e+01
   7.1364750e+06   5.8044434e+01
   7.1364950e+06   3.5827637e+01
   7.1365610e+06   6.2438965e+01
   7.1365740e+06   3.5034180e+01
   7.1365940e+06   3.7048340e+01
   7.1366550e+06   3.6987305e+01
   7.1366790e+06   3.6254883e+01
   7.1366930e+06   3.7292480e+01
   7.1367410e+06   3.6865234e+01
   7.1367950e+06   3.7353516e+01
   7.1368600e+06   4.0588379e+01
   7.1369390e+06   3.4301758e+01
   7.1369860e+06   4.7302246e+01
   7.1371870e+06   4.1381836e+01
   7.1386090e+06   3.4057617e+01
   7.1407930e+06   3.3325195e+01
   7.1613490e+06   3.5217285e+01
   7.1614330e+06   4.4921875e+01
   7.1615550e+06   5.1574707e+01
   7.1615650e+06   4.2602539e+01
   7.1615980e+06   3.3264160e+01
   7.1616380e+06   3.3996582e+01
   7.1616530e+06   3.6987305e+01
   7.1616790e+06   4.3090820e+01
   7.1618000e+06   3.5400391e+01
   7.1618340e+06   3.5400391e+01
   7.1619200e+06   4.1259766e+01
   7.1619750e+06   3.8391113e+01
   7.1621180e+06   4.7241211e+01
   7.1622390e+06   4.1748047e+01
   7.1622560e+06   4.0466309e+01
   7.1623280e+06   3.8635254e+01
   7.1624650e+06   3.7963867e+01
   7.1625060e+06   3.7902832e+01
   7.1626460e+06   4.7729492e+01
   7.1630050e+06   3.9367676e+01
   7.1631230e+06   3.3630371e+01
   7.1631500e+06   3.5644531e+01
   7.1641020e+06   3.4423828e+01
   7.1867360e+06   3.8635254e+01
   7.1867900e+06   4.0466309e+01
   7.1868670e+06   4.9133301e+01
   7.1869280e+06   3.6437988e+01
   7.1869560e+06   4.0527344e+01
   7.1869810e+06   4.2541504e+01
   7.1871010e+06   5.2368164e+01
   7.1871540e+06   3.4423828e+01
   7.1871710e+06   5.5175781e+01
   7.1871980e+06   4.0405273e+01
   7.1872490e+06   4.7607422e+01
   7.1873000e+06   4.8339844e+01
   7.1873340e+06   3.5095215e+01
   7.1873770e+06   4.8645020e+01
   7.1874010e+06   4.9987793e+01
   7.1875050e+06   3.2897949e+01
   7.1875550e+06   5.4870605e+01
   7.1876140e+06   3.5888672e+01
   7.1876350e+06   3.7902832e+01
   7.1877440e+06   3.6254883e+01
   7.1879490e+06   3.4301758e+01
   7.1880370e+06   3.3508301e+01
   7.1881150e+06   3.6499023e+01
   7.1882760e+06   5.4077148e+01
   7.1883130e+06   4.1198730e+01
   7.1892020e+06   3.4118652e+01
   7.2125610e+06   3.3996582e+01
   7.2129480e+06   5.6274414e+01
   7.2130250e+06   3.9367676e+01
   7.2130690e+06   6.3476563e+01
   7.2130930e+06   4.0466309e+01
   7.2131150e+06   5.3588867e+01
   7.2131580e+06   3.6499023e+01
   7.2132380e+06   4.8583984e+01
   7.2133190e+06   4.0405273e+01
   7.2133650e+06   3.9611816e+01
   7.2133840e+06   3.8879395e+01
   7.2134940e+06   4.2114258e+01
   7.2135140e+06   5.3649902e+01
   7.2135410e+06   3.7658691e+01
   7.2135770e+06   3.4057617e+01
   7.2136820e+06   4.0832520e+01
   7.2137190e+06   4.7424316e+01
   7.2137660e+06   3.3203125e+01
   7.2138180e+06   3.9733887e+01
   7.2138870e+06   3.7475586e+01
   7.2139510e+06   5.0170898e+01
   7.2141770e+06   3.3325195e+01
   7.2147000e+06   3.4240723e+01
   7.2408160e+06   3.3508301e+01
   7.2408480e+06   3.8269043e+01
   7.2408630e+06   3.6560059e+01
   7.2409200e+06   3.6621094e+01
   7.2409480e+06   3.3569336e+01
   7.2409940e+06   4.6936035e+01
   7.2410610e+06   3.3691406e+01
   7.2410780e+06   3.9245605e+01
   7.2411360e+06   4.3212891e+01
   7.2411850e+06   3.6254883e+01
   7.2412210e+06   3.9245605e+01
   7.2413180e+06   4.6081543e+01
   7.2413500e+06   3.7475586e+01
   7.2413820e+06   3.6376953e+01
   7.2414030e+06   4.5043945e+01
   7.2414320e+06   3.4118652e+01
   7.2414790e+06   3.6010742e+01
   7.2415040e+06   4.3029785e+01
   7.2415340e+06   5.3894043e+01
   7.2415690e+06   3.9978027e+01
   7.2417380e+06   3.3935547e+01
   7.2418240e+06   3.6254883e+01
   7.2418760e+06   3.7109375e+01
   7.2418950e+06   3.4057617e+01
   7.2419160e+06   3.6376953e+01
   7.2423450e+06   3.6437988e+01
   7.2428800e+06   3.4179688e+01
   7.2706940e+06   3.2897949e+01
   7.2708920e+06   4.3090820e+01
   7.2710820e+06   3.5156250e+01
   7.2711470e+06   4.1015625e+01
   7.2712320e+06   3.9733887e+01
   7.2712600e+06   7.3120117e+01
   7.2712970e+06   3.8513184e+01
   7.2713100e+06   3.8024902e+01
   7.2713340e+06   3.8024902e+01
   7.2713650e+06   5.8898926e+01
   7.2713750e+06   4.0588379e+01
   7.2714510e+06   4.6020508e+01
   7.2715280e+06   3.3630371e+01
   7.2715980e+06   3.4484863e+01
   7.2717200e+06   4.5104980e+01
   7.2717520e+06   3.7536621e+01
   7.2718940e+06   3.6132813e+01
   7.2719760e+06   3.6437988e+01
   7.2720440e+06   4.0954590e+01
   7.2721730e+06   3.7475586e+01
   7.2724200e+06   3.9184570e+01
   7.2727330e+06   3.9245605e+01
   7.3031760e+06   5.4992676e+01
   7.3033360e+06   4.7119141e+01
   7.3033700e+06   3.6865234e+01
   7.3034770e+06   6.5429688e+01
   7.3034960e+06   6.0424805e+01
   7.3035210e+06   3.9245605e+01
   7.3035440e+06   3.3325195e+01
   7.3035820e+06   3.6254883e+01
   7.3036080e+06   5.1391602e+01
   7.3036490e+06   3.8330078e+01
   7.3036810e+06   3.8818359e+01
   7.3037210e+06   3.7292480e+01
   7.3038090e+06   4.0649414e+01
   7.3038680e+06   4.1198730e+01
   7.3040410e+06   3.4362793e+01
   7.3040820e+06   3.4423828e+01
   7.3041200e+06   4.4616699e+01
   7.3041700e+06   3.5522461e+01
   7.3042720e+06   3.6682129e+01
   7.3043530e+06   4.3151855e+01
   7.3045130e+06   3.3935547e+01
   7.3046750e+06   3.7719727e+01
   7.3273770e+06   3.4545898e+01
   7.3276690e+06   3.4057617e+01
   7.3277900e+06   3.7292480e+01
   7.3283420e+06   3.9123535e+01
   7.3294370e+06   3.5400391e+01
   7.3565990e+06   3.3020020e+01
   7.3568040e+06   3.8757324e+01
   7.3568980e+06   3.8513184e+01
   7.3570300e+06   5.8044434e+01
   7.3570420e+06   4.5532227e+01
   7.3570750e+06   3.6743164e+01
   7.3571110e+06   4.8278809e+01
   7.3571490e+06   3.9062500e+01
   7.3571760e+06   4.5349121e+01
   7.3572030e+06   4.5104980e+01
   7.3573190e+06   3.4057617e+01
   7.3573570e+06   4.1442871e+01
   7.3573990e+06   3.5522461e+01
   7.3574310e+06   3.4912109e+01
   7.3575140e+06   4.4921875e+01
   7.3575440e+06   4.5593262e+01
   7.3575720e+06   6.1523438e+01
   7.3575900e+06   5.0109863e+01
   7.3576140e+06   3.7109375e+01
   7.3576960e+06   3.7292480e+01
   7.3577190e+06   3.3508301e+01
   7.3577520e+06   4.6997070e+01
   7.3578220e+06   4.0039063e+01
   7.3578750e+06   3.4851074e+01
   7.3581060e+06   3.7963867e+01
   7.3581460e+06   3.8146973e+01
   7.3587500e+06   3.6437988e+01
   7.3895070e+06   3.5339355e+01
   7.3895970e+06   4.0222168e+01
   7.3896560e+06   3.6560059e+01
   7.3897300e+06   3.4240723e+01
   7.3897900e+06   5.1879883e+01
   7.3898270e+06   3.8330078e+01
   7.3898700e+06   3.4362793e+01
   7.3898900e+06   4.7973633e+01
   7.3899400e+06   3.5766602e+01
   7.3899750e+06   4.0588379e+01
   7.3899930e+06   4.4067383e+01
   7.3900230e+06   3.7658691e+01
   7.3900420e+06   4.6813965e+01
   7.3901240e+06   4.9621582e+01
   7.3901360e+06   3.4729004e+01
   7.3901630e+06   3.5888672e+01
   7.3902370e+06   3.7597656e+01
   7.3902980e+06   3.8574219e+01
   7.3903360e+06   4.2175293e+01
   7.3903470e+06   3.4851074e+01
   7.3904890e+06   3.6193848e+01
   7.3906490e+06   3.3447266e+01
   7.3907180e+06   4.1381836e+01
   7.3909490e+06   3.7231445e+01
   7.3920930e+06   3.4179688e+01
   7.3928780e+06   3.5644531e+01
   7.4230300e+06   3.4240723e+01
   7.4233430e+06   3.6132813e+01
   7.4235440e+06   4.7729492e+01
   7.4235670e+06   3.9550781e+01
   7.4236650e+06   3.4912109e+01
   7.4237110e+06   3.9306641e+01
   7.4237280e+06   3.7353516e+01
   7.4237780e+06   3.6560059e+01
   7.4238340e+06   3.7292480e+01
   7.4238600e+06   4.7424316e+01
   7.4239480e+06   3.6926270e+01
   7.4239950e+06   3.6621094e+01
   7.4241120e+06   4.0710449e+01
   7.4241230e+06   4.3884277e+01
   7.4241610e+06   3.3935547e+01
   7.4242240e+06   4.1870117e+01
   7.4242500e+06   4.7851563e+01
   7.4242720e+06   4.0039063e+01
   7.4243190e+06   3.7292480e+01
   7.4243760e+06   4.0832520e+01
   7.4244020e+06   3.5766602e+01
   7.4244340e+06   4.1748047e+01
   7.4244780e+06   3.9001465e+01
   7.4245410e+06   3.3264160e+01
   7.4247860e+06   4.0405273e+01
   7.4248500e+06   3.5644531e+01
   7.4249170e+06   3.4912109e+01
   7.4254530e+06   4.1137695e+01
   7.4706780e+06   3.3569336e+01
   7.4706980e+06   4.7485352e+01
   7.4708020e+06   3.3447266e+01
   7.4708610e+06   3.3142090e+01
   7.4709240e+06   5.5480957e+01
   7.4709360e+06   3.7292480e+01
   7.4709760e+06   5.9814453e+01
   7.4709990e+06   7.4707031e+01
   7.4710350e+06   3.7292480e+01
   7.4710760e+06   3.7292480e+01
   7.4711550e+06   3.8391113e+01
   7.4712380e+06   3.4057617e+01
   7.4713120e+06   3.8085938e+01
   7.4713430e+06   3.3752441e+01
   7.4713690e+06   4.5104980e+01
   7.4714090e+06   3.6437988e+01
   7.4714250e+06   5.4016113e+01
   7.4714910e+06   3.9794922e+01
   7.4715140e+06   3.8208008e+01
   7.4715420e+06   3.7231445e+01
   7.4715750e+06   4.2907715e+01
   7.4716400e+06   3.7475586e+01
   7.4716720e+06   3.6132813e+01
   7.4717070e+06   3.3081055e+01
   7.4717620e+06   3.6926270e+01
   7.4718910e+06   3.4057617e+01
   7.4720600e+06   3.2897949e+01
   7.4723110e+06   3.4545898e+01
   7.4727440e+06   3.4362793e+01
   7.4744720e+06   3.5400391e+01
   7.4756670e+06   3.2958984e+01
