   7.5000000e+06   0.0000000e+00
   4.2554000e+04   3.8452148e+01
   4.2665000e+04   3.6865234e+01
   4.2696000e+04   5.4626465e+01
   4.2764000e+04   3.9672852e+01
   6.0584600e+05   4.2175293e+01
   7.6545400e+05   3.6437988e+01
   7.6561400e+05   3.8513184e+01
   7.6568900e+05   4.2419434e+01
   7.6598100e+05   4.1076660e+01
   8.1697400e+05   3.7353516e+01
   8.1701400e+05   5.2246094e+01
   8.1738500e+05   3.9428711e+01
   8.6687700e+05   3.9978027e+01
   8.6702500e+05   3.7780762e+01
   8.6710700e+05   3.8330078e+01
   9.1666200e+05   4.3029785e+01
   9.1671600e+05   4.3823242e+01
   9.1675100e+05   4.8828125e+01
   9.9169400e+05   3.9611816e+01
   9.9182200e+05   4.1687012e+01
   9.9205000e+05   4.0588379e+01
   9.9210500e+05   3.7231445e+01
   1.0308620e+06   3.9306641e+01
   1.0309600e+06   3.7475586e+01
   1.0310430e+06   3.6926270e+01
   1.0312280e+06   3.7292480e+01
   1.0965470e+06   3.9611816e+01
   1.0966730e+06   3.6437988e+01
   1.0967540e+06   4.8522949e+01
   1.0970650e+06   3.8024902e+01
   1.1231090e+06   3.7780762e+01
   1.1513880e+06   3.6804199e+01
   1.1798550e+06   3.8208008e+01
   1.2342810e+06   3.7902832e+01
   1.2672170e+06   3.7597656e+01
   1.2673490e+06   3.7414551e+01
   1.3064240e+06   3.6743164e+01
   1.3068710e+06   3.7963867e+01
   1.3430660e+06   3.8696289e+01
   1.3435200e+06   4.9011230e+01
   1.3792080e+06   3.8696289e+01
   1.3792320e+06   3.7963867e+01
   1.4160680e+06   3.7475586e+01
   1.4161140e+06   3.9489746e+01
   1.4586830e+06   3.8269043e+01
   1.4588610e+06   4.1625977e+01
   1.4589190e+06   3.6560059e+01
   1.5303050e+06   4.2480469e+01
   1.5303720e+06   5.0842285e+01
   1.5304170e+06   4.3701172e+01
   1.5918450e+06   3.9367676e+01
   1.5918860e+06   3.7597656e+01
   1.6370660e+06   3.6315918e+01
   1.6373270e+06   3.9489746e+01
   1.7241030e+06   3.6499023e+01
   1.7246020e+06   4.0161133e+01
   2.0672370e+06   4.0771484e+01
   2.0672660e+06   3.9245605e+01
   2.0675400e+06   4.1015625e+01
   2.0677250e+06   3.9489746e+01
   2.4179650e+06   4.0222168e+01
   2.4180560e+06   3.7292480e+01
   2.4181570e+06   3.6804199e+01
   2.4181760e+06   3.9550781e+01
   2.4182410e+06   4.9316406e+01
   2.4183000e+06   3.9611816e+01
   2.4183570e+06   3.9306641e+01
   2.4184500e+06   3.6193848e+01
   2.4184940e+06   3.6499023e+01
   2.4185310e+06   4.0588379e+01
   2.5472480e+06   3.9672852e+01
   2.5474130e+06   4.7058105e+01
   2.5474490e+06   3.9550781e+01
   2.5475980e+06   3.9550781e+01
   2.5476360e+06   3.9855957e+01
   2.5477080e+06   3.6315918e+01
   2.7034250e+06   3.8574219e+01
   2.7034940e+06   3.6254883e+01
   2.7035420e+06   3.8208008e+01
   2.7037400e+06   4.5166016e+01
   2.7038220e+06   3.7231445e+01
   2.7038590e+06   4.0283203e+01
   3.0003720e+06   4.3029785e+01
   3.0004470e+06   4.3151855e+01
   3.0004710e+06   3.8635254e+01
   3.0005060e+06   4.0649414e+01
   3.0005540e+06   4.8828125e+01
   3.0007460e+06   4.4555664e+01
   3.0008000e+06   5.2734375e+01
   3.1852750e+06   5.6457520e+01
   3.1853510e+06   4.0527344e+01
   3.1854190e+06   4.4982910e+01
   3.1856560e+06   3.6621094e+01
   3.1857360e+06   3.6987305e+01
   3.3112490e+06   4.4982910e+01
   3.3112780e+06   3.6376953e+01
   3.3113470e+06   6.0119629e+01
   3.3114710e+06   4.2419434e+01
   3.3114860e+06   3.9978027e+01
   3.3115160e+06   3.6254883e+01
   3.3658960e+06   3.6865234e+01
   3.3661710e+06   3.6254883e+01
   3.3662070e+06   4.7363281e+01
   3.4295990e+06   4.0954590e+01
   3.4296920e+06   3.6193848e+01
   3.4298460e+06   3.7353516e+01
   3.4676340e+06   4.2419434e+01
   3.4676450e+06   3.7353516e+01
   3.4676720e+06   3.8879395e+01
   3.4680960e+06   4.1015625e+01
   3.4978180e+06   3.6804199e+01
   3.4983510e+06   3.7353516e+01
   3.4984910e+06   3.6315918e+01
   3.4985130e+06   3.7170410e+01
   3.5308260e+06   3.7353516e+01
   3.5308700e+06   3.7109375e+01
   3.5311650e+06   3.6499023e+01
   3.5577390e+06   4.1442871e+01
   3.5577740e+06   3.6987305e+01
   3.5579000e+06   3.6560059e+01
   3.5579630e+06   4.3823242e+01
   3.6088490e+06   3.6193848e+01
   3.6090880e+06   5.5603027e+01
   3.6091020e+06   3.7658691e+01
   3.6093160e+06   3.7170410e+01
   3.6349270e+06   5.0292969e+01
   3.7135840e+06   3.6560059e+01
   3.7136080e+06   3.7597656e+01
   3.7728890e+06   3.8208008e+01
   3.7731900e+06   4.0893555e+01
   3.7733970e+06   3.7963867e+01
   3.8088620e+06   4.0283203e+01
   3.8095130e+06   3.9916992e+01
   3.8095430e+06   3.6560059e+01
   3.8096270e+06   3.7597656e+01
   3.8098740e+06   3.6743164e+01
   3.9369730e+06   3.7780762e+01
   4.0043480e+06   3.8574219e+01
   4.0045040e+06   4.0466309e+01
   4.1426590e+06   3.6804199e+01
   4.8142410e+06   4.1809082e+01
   4.8143000e+06   4.3029785e+01
   4.8143990e+06   3.7048340e+01
   4.8144490e+06   4.1076660e+01
   5.0212220e+06   4.0466309e+01
   5.0212580e+06   3.7597656e+01
   5.0214450e+06   4.8339844e+01
   5.0215020e+06   4.6508789e+01
   5.0215920e+06   4.3212891e+01
   5.0216120e+06   3.8513184e+01
   5.0216770e+06   4.5959473e+01
   5.0217880e+06   4.6203613e+01
   5.0219320e+06   3.8513184e+01
   5.1254600e+06   4.2724609e+01
   5.1254880e+06   4.2663574e+01
   5.1255220e+06   4.2053223e+01
   5.1255500e+06   4.3945313e+01
   5.1256940e+06   3.6376953e+01
   5.1257630e+06   4.0405273e+01
   5.1753040e+06   4.6264648e+01
   5.1753390e+06   3.6437988e+01
   5.1754660e+06   3.6987305e+01
   5.1755440e+06   4.1442871e+01
   5.1757490e+06   4.8950195e+01
   5.1757750e+06   3.6621094e+01
   5.2391810e+06   4.9255371e+01
   5.2392150e+06   4.7241211e+01
   5.2393260e+06   4.2114258e+01
   5.2393580e+06   3.6621094e+01
   5.2393860e+06   3.7658691e+01
   5.2756200e+06   4.2053223e+01
   5.2757670e+06   3.7597656e+01
   5.2759720e+06   4.4372559e+01
   5.2760500e+06   4.4189453e+01
   5.2764360e+06   3.6804199e+01
   5.3104020e+06   3.6926270e+01
   5.3104780e+06   4.6630859e+01
   5.3105430e+06   4.0039063e+01
   5.3355710e+06   3.8024902e+01
   5.3590600e+06   3.8452148e+01
   5.4272580e+06   4.4067383e+01
   5.4579670e+06   3.7353516e+01
   5.4580110e+06   3.9245605e+01
   5.4879430e+06   4.2114258e+01
   5.5547120e+06   4.1320801e+01
   5.5863750e+06   3.9306641e+01
   5.5866170e+06   3.6926270e+01
   5.6169320e+06   3.9916992e+01
   5.6487110e+06   3.6437988e+01
   5.6886680e+06   3.7475586e+01
   5.6889400e+06   4.4860840e+01
   5.6889690e+06   3.7109375e+01
   5.6889840e+06   3.8146973e+01
   5.6890940e+06   4.2114258e+01
   5.8084400e+06   3.7231445e+01
   5.8088760e+06   3.6621094e+01
   6.5702410e+06   3.9001465e+01
   6.5704140e+06   4.5166016e+01
   6.5704740e+06   3.7048340e+01
   6.5705430e+06   3.6376953e+01
   6.5706730e+06   3.6804199e+01
   6.5707610e+06   4.0405273e+01
   6.7206690e+06   3.6987305e+01
   6.7206970e+06   3.6865234e+01
   6.7207270e+06   3.6621094e+01
   6.7208350e+06   4.6997070e+01
   6.7208770e+06   3.6560059e+01
   6.7209280e+06   3.8208008e+01
   6.7209690e+06   4.7912598e+01
   6.7211740e+06   3.9245605e+01
   6.8364550e+06   3.6437988e+01
   6.8365690e+06   3.6865234e+01
   6.8368000e+06   4.3273926e+01
   6.8370140e+06   3.8452148e+01
   6.8375750e+06   3.7841797e+01
   6.8910150e+06   3.8513184e+01
   6.8911390e+06   4.3762207e+01
   6.9680830e+06   3.7109375e+01
   6.9681340e+06   4.7363281e+01
   6.9684660e+06   4.2297363e+01
   6.9685860e+06   4.0649414e+01
   7.0135240e+06   3.7902832e+01
   7.0138520e+06   4.1687012e+01
   7.0139870e+06   3.8330078e+01
   7.0576620e+06   4.2053223e+01
   7.0577520e+06   5.0720215e+01
   7.0579090e+06   3.7963867e+01
   7.0839670e+06   4.1015625e+01
   7.1102200e+06   4.1015625e+01
   7.1106540e+06   3.7109375e+01
   7.1107240e+06   3.6804199e+01
   7.1108120e+06   3.7597656e+01
   7.1109950e+06   3.9672852e+01
   7.1369080e+06   3.8146973e+01
   7.1622630e+06   3.8879395e+01
   7.1876900e+06   3.7109375e+01
   7.2717580e+06   4.1687012e+01
   7.2720460e+06   3.6621094e+01
   7.2723910e+06   4.2724609e+01
   7.3044320e+06   4.0405273e+01
   7.3045820e+06   4.3579102e+01
   7.3902140e+06   3.7475586e+01
   7.3903770e+06   3.8635254e+01
   7.3905000e+06   4.4006348e+01
   7.4241350e+06   3.6315918e+01
   7.4244840e+06   3.6682129e+01
   7.4714670e+06   3.6621094e+01
   7.4716130e+06   3.6621094e+01
