   7.5000000e+06   0.0000000e+00
   4.1934000e+04   3.2897949e+01
   4.2081000e+04   3.9672852e+01
   4.2187000e+04   3.7597656e+01
   4.2245000e+04   4.1320801e+01
   4.2363000e+04   3.3813477e+01
   4.2455000e+04   3.9306641e+01
   5.2483000e+04   3.1372070e+01
   4.6856500e+05   3.1921387e+01
   5.5595600e+05   3.1921387e+01
   6.0501600e+05   3.4423828e+01
   6.0510400e+05   3.3569336e+01
   6.0512500e+05   3.2226563e+01
   6.0526100e+05   3.2653809e+01
   6.0528800e+05   3.2287598e+01
   6.0535500e+05   3.2836914e+01
   6.0557400e+05   3.2653809e+01
   7.6510500e+05   3.5095215e+01
   7.6521600e+05   3.5583496e+01
   7.6534000e+05   4.0954590e+01
   7.6536600e+05   3.1738281e+01
   7.6540100e+05   3.4606934e+01
   7.6541900e+05   7.3791504e+01
   7.6546700e+05   4.5532227e+01
   7.6556800e+05   3.3203125e+01
   7.6559800e+05   4.3457031e+01
   7.6562100e+05   4.1381836e+01
   8.1633800e+05   3.1677246e+01
   8.1641000e+05   3.3569336e+01
   8.1646600e+05   3.2897949e+01
   8.1662200e+05   3.3325195e+01
   8.1665500e+05   3.4423828e+01
   8.1671800e+05   3.3325195e+01
   8.1683200e+05   3.3386230e+01
   8.1684700e+05   3.1433105e+01
   8.1691800e+05   3.1311035e+01
   8.1698500e+05   3.8024902e+01
   8.1705600e+05   3.2165527e+01
   8.1728300e+05   3.3142090e+01
   8.6585200e+05   3.3874512e+01
   8.6601700e+05   3.9123535e+01
   8.6621300e+05   3.3691406e+01
   8.6647700e+05   3.6682129e+01
   8.6651900e+05   3.4301758e+01
   8.6668500e+05   3.7292480e+01
   8.6681700e+05   4.3579102e+01
   8.6684000e+05   3.2897949e+01
   9.1622600e+05   3.8574219e+01
   9.1632000e+05   3.3020020e+01
   9.1640900e+05   3.5278320e+01
   9.1647600e+05   3.1738281e+01
   9.1651100e+05   3.2775879e+01
   9.9114800e+05   3.1494141e+01
   9.9131300e+05   4.1992188e+01
   9.9134700e+05   3.1494141e+01
   9.9147000e+05   4.2480469e+01
   9.9156400e+05   3.4545898e+01
   9.9160300e+05   3.8330078e+01
   9.9164800e+05   3.3142090e+01
   9.9174800e+05   3.6743164e+01
   9.9178000e+05   3.2897949e+01
   1.0301430e+06   3.3996582e+01
   1.0303200e+06   3.4362793e+01
   1.0304450e+06   3.1311035e+01
   1.0306350e+06   3.2104492e+01
   1.0680050e+06   3.1738281e+01
   1.0680370e+06   3.5888672e+01
   1.0680870e+06   3.3020020e+01
   1.0681690e+06   3.9306641e+01
   1.0682220e+06   3.5400391e+01
   1.0682590e+06   3.2714844e+01
   1.0683050e+06   3.4912109e+01
   1.0683980e+06   3.2287598e+01
   1.0684410e+06   3.3020020e+01
   1.0685350e+06   3.2958984e+01
   1.0687070e+06   3.2287598e+01
   1.0961670e+06   3.2287598e+01
   1.0962500e+06   4.2053223e+01
   1.0964720e+06   3.2714844e+01
   1.0967500e+06   3.1860352e+01
   1.1225280e+06   3.8696289e+01
   1.1226390e+06   3.3020020e+01
   1.1226830e+06   3.6071777e+01
   1.1230800e+06   3.1555176e+01
   1.1231600e+06   3.6010742e+01
   1.1231910e+06   3.5705566e+01
   1.1506110e+06   3.1433105e+01
   1.1507350e+06   3.1433105e+01
   1.1507560e+06   3.5583496e+01
   1.1508500e+06   3.1494141e+01
   1.1510910e+06   3.1372070e+01
   1.1511180e+06   3.3386230e+01
   1.1513290e+06   3.1311035e+01
   1.1514450e+06   3.1494141e+01
   1.1515790e+06   3.2470703e+01
   1.1517270e+06   3.3142090e+01
   1.1518240e+06   3.2592773e+01
   1.1791740e+06   3.5156250e+01
   1.1797290e+06   3.1738281e+01
   1.1804870e+06   3.4729004e+01
   1.2049730e+06   3.1677246e+01
   1.2051940e+06   4.1381836e+01
   1.2052890e+06   3.3508301e+01
   1.2053610e+06   3.4912109e+01
   1.2058760e+06   3.2775879e+01
   1.2332450e+06   3.3020020e+01
   1.2335660e+06   4.3334961e+01
   1.2343620e+06   4.1809082e+01
   1.2352850e+06   3.1372070e+01
   1.2672740e+06   4.0588379e+01
   1.3059130e+06   3.2592773e+01
   1.3059740e+06   3.6254883e+01
   1.3061830e+06   3.2165527e+01
   1.3063370e+06   3.2043457e+01
   1.3064200e+06   3.2409668e+01
   1.3064860e+06   3.1311035e+01
   1.3065170e+06   3.6254883e+01
   1.3066650e+06   3.4362793e+01
   1.3428990e+06   3.1311035e+01
   1.3430470e+06   3.3996582e+01
   1.3431090e+06   3.1982422e+01
   1.3431700e+06   3.2775879e+01
   1.3434240e+06   3.4179688e+01
   1.3785890e+06   3.3569336e+01
   1.3786280e+06   3.7414551e+01
   1.3788390e+06   3.3447266e+01
   1.4149720e+06   3.6071777e+01
   1.4154780e+06   3.2531738e+01
   1.4157630e+06   3.5217285e+01
   1.4581230e+06   3.5583496e+01
   1.4582340e+06   3.3691406e+01
   1.4583000e+06   3.3142090e+01
   1.4583360e+06   3.3142090e+01
   1.5296830e+06   3.9062500e+01
   1.5297900e+06   3.4606934e+01
   1.5298450e+06   3.6437988e+01
   1.5299540e+06   3.2226563e+01
   1.5299760e+06   3.3020020e+01
   1.5300890e+06   3.3447266e+01
   1.5302710e+06   3.3203125e+01
   1.5303000e+06   3.1921387e+01
   1.5303170e+06   3.3691406e+01
   1.5305160e+06   3.2226563e+01
   1.5913040e+06   3.4606934e+01
   1.5914700e+06   3.1433105e+01
   1.5914960e+06   3.5095215e+01
   1.5916440e+06   3.2348633e+01
   1.5917660e+06   3.8757324e+01
   1.6359170e+06   4.0893555e+01
   1.6360680e+06   3.2287598e+01
   1.6362810e+06   4.1503906e+01
   1.6364720e+06   3.1372070e+01
   1.6365860e+06   5.0415039e+01
   1.6735980e+06   3.2104492e+01
   1.6736210e+06   3.4240723e+01
   1.7234600e+06   3.1372070e+01
   1.7240800e+06   3.7292480e+01
   1.7243300e+06   3.4912109e+01
   1.7243810e+06   3.2958984e+01
   1.7246090e+06   3.1494141e+01
   1.7830680e+06   4.2419434e+01
   1.7831430e+06   3.3142090e+01
   1.7832310e+06   3.1982422e+01
   1.7836360e+06   3.8330078e+01
   1.8347230e+06   3.2409668e+01
   2.0666610e+06   3.2104492e+01
   2.0667220e+06   3.2165527e+01
   2.0668270e+06   3.3142090e+01
   2.0669420e+06   3.1677246e+01
   2.0670350e+06   3.8024902e+01
   2.0671370e+06   4.1442871e+01
   2.0672300e+06   3.3508301e+01
   2.0674470e+06   3.9367676e+01
   2.1215730e+06   3.6376953e+01
   2.4176570e+06   3.5278320e+01
   2.4177210e+06   3.3264160e+01
   2.4177970e+06   4.1564941e+01
   2.4178840e+06   3.6926270e+01
   2.4179170e+06   4.8583984e+01
   2.4179490e+06   3.7963867e+01
   2.4179980e+06   3.9916992e+01
   2.4180240e+06   3.1982422e+01
   2.4180670e+06   3.9245605e+01
   2.4180940e+06   3.5522461e+01
   2.4183650e+06   3.2897949e+01
   2.5464930e+06   3.1921387e+01
   2.5465320e+06   3.3691406e+01
   2.5466000e+06   3.9733887e+01
   2.5466510e+06   3.4484863e+01
   2.5466690e+06   3.3264160e+01
   2.5467050e+06   3.3020020e+01
   2.5467480e+06   4.2846680e+01
   2.5467580e+06   3.2592773e+01
   2.5468290e+06   3.4362793e+01
   2.5468700e+06   3.2958984e+01
   2.5469050e+06   3.2043457e+01
   2.5469330e+06   3.1372070e+01
   2.5471090e+06   3.8146973e+01
   2.5471250e+06   3.9855957e+01
   2.7030610e+06   3.5400391e+01
   2.7031800e+06   3.8635254e+01
   2.7032760e+06   3.5766602e+01
   2.7033780e+06   3.3691406e+01
   2.7033910e+06   3.3996582e+01
   2.7034290e+06   3.7414551e+01
   2.7034490e+06   4.4372559e+01
   2.7035140e+06   3.9916992e+01
   2.7035260e+06   3.5095215e+01
   2.7035520e+06   3.7475586e+01
   2.7036800e+06   3.4729004e+01
   2.7039460e+06   3.2226563e+01
   3.0001570e+06   3.1616211e+01
   3.0002250e+06   3.5827637e+01
   3.0002520e+06   3.4790039e+01
   3.0002730e+06   3.1860352e+01
   3.0003100e+06   3.2836914e+01
   3.0003910e+06   3.5949707e+01
   3.0004170e+06   3.4240723e+01
   3.0005230e+06   4.3701172e+01
   3.0005730e+06   3.4729004e+01
   3.0006320e+06   3.3630371e+01
   3.0006610e+06   3.7353516e+01
   3.0007840e+06   3.9733887e+01
   3.0009110e+06   3.1494141e+01
   3.0009580e+06   3.1372070e+01
   3.0047820e+06   3.3508301e+01
   3.1846530e+06   3.1738281e+01
   3.1847120e+06   3.4179688e+01
   3.1847390e+06   3.9001465e+01
   3.1849110e+06   3.1555176e+01
   3.1850460e+06   3.3752441e+01
   3.1850740e+06   3.4912109e+01
   3.1851030e+06   4.8645020e+01
   3.1851340e+06   3.1433105e+01
   3.1851990e+06   3.6560059e+01
   3.1853360e+06   3.5339355e+01
   3.2091810e+06   3.2897949e+01
   3.3112640e+06   3.2470703e+01
   3.3113430e+06   3.2348633e+01
   3.3114260e+06   4.0405273e+01
   3.3115120e+06   4.4555664e+01
   3.3116020e+06   4.1564941e+01
   3.3117210e+06   3.2470703e+01
   3.3117310e+06   3.9672852e+01
   3.3117490e+06   3.6315918e+01
   3.3117880e+06   3.3996582e+01
   3.3118400e+06   3.4729004e+01
   3.3118550e+06   3.2043457e+01
   3.3650500e+06   3.1311035e+01
   3.3652930e+06   3.2958984e+01
   3.3654740e+06   3.2592773e+01
   3.3655770e+06   3.4423828e+01
   3.3656560e+06   3.4301758e+01
   3.3658250e+06   3.3935547e+01
   3.3660390e+06   3.3691406e+01
   3.3660950e+06   3.3386230e+01
   3.4288960e+06   3.9001465e+01
   3.4290410e+06   4.7058105e+01
   3.4291250e+06   3.2043457e+01
   3.4292390e+06   3.2348633e+01
   3.4292890e+06   4.0771484e+01
   3.4293040e+06   3.5766602e+01
   3.4294030e+06   3.3142090e+01
   3.4294310e+06   3.3386230e+01
   3.4295290e+06   3.2531738e+01
   3.4295750e+06   3.5705566e+01
   3.4304240e+06   3.2043457e+01
   3.4669580e+06   3.1372070e+01
   3.4670820e+06   3.1494141e+01
   3.4672070e+06   3.2348633e+01
   3.4672730e+06   3.7109375e+01
   3.4673980e+06   3.4545898e+01
   3.4674470e+06   3.6071777e+01
   3.4675800e+06   3.4545898e+01
   3.4676080e+06   3.4179688e+01
   3.4676860e+06   3.1799316e+01
   3.4974660e+06   3.3996582e+01
   3.4976490e+06   3.7414551e+01
   3.4977450e+06   3.2165527e+01
   3.4977990e+06   3.2043457e+01
   3.4978690e+06   3.1616211e+01
   3.4979160e+06   3.5949707e+01
   3.4979520e+06   3.4362793e+01
   3.4980080e+06   3.2043457e+01
   3.4981240e+06   3.3142090e+01
   3.4982760e+06   3.4179688e+01
   3.5305460e+06   3.1799316e+01
   3.5307380e+06   3.2958984e+01
   3.5308850e+06   3.2653809e+01
   3.5310160e+06   3.1860352e+01
   3.5311480e+06   3.6132813e+01
   3.5313400e+06   3.5522461e+01
   3.5576760e+06   3.1494141e+01
   3.5577100e+06   3.8879395e+01
   3.5577660e+06   3.2043457e+01
   3.5579320e+06   3.3630371e+01
   3.5829920e+06   3.1494141e+01
   3.5830430e+06   3.1555176e+01
   3.6086040e+06   3.2348633e+01
   3.6086440e+06   3.2836914e+01
   3.6086800e+06   3.6865234e+01
   3.6087130e+06   3.1677246e+01
   3.6089570e+06   3.3996582e+01
   3.6090030e+06   3.6376953e+01
   3.6091910e+06   3.2714844e+01
   3.6094520e+06   3.5949707e+01
   3.6343590e+06   3.8879395e+01
   3.6346460e+06   3.2226563e+01
   3.6348210e+06   3.1311035e+01
   3.6351630e+06   3.7841797e+01
   3.6605720e+06   3.2775879e+01
   3.6606520e+06   3.1799316e+01
   3.6610020e+06   4.1748047e+01
   3.7125810e+06   3.1616211e+01
   3.7132570e+06   3.2226563e+01
   3.7141270e+06   3.3447266e+01
   3.7407310e+06   3.1616211e+01
   3.7722350e+06   3.6865234e+01
   3.7724030e+06   3.2043457e+01
   3.7725690e+06   3.1433105e+01
   3.7726620e+06   3.6010742e+01
   3.7735070e+06   3.6132813e+01
   3.8085260e+06   3.3386230e+01
   3.8086710e+06   3.1311035e+01
   3.8087960e+06   4.1687012e+01
   3.8088490e+06   3.1982422e+01
   3.8090110e+06   3.3874512e+01
   3.8093230e+06   3.2409668e+01
   3.8363280e+06   3.1799316e+01
   3.8365580e+06   3.2226563e+01
   3.8655500e+06   3.1982422e+01
   3.8655840e+06   3.1921387e+01
   3.8657860e+06   3.7536621e+01
   3.8658820e+06   4.0466309e+01
   3.8953830e+06   3.2653809e+01
   3.8973800e+06   3.2470703e+01
   3.9362940e+06   3.2592773e+01
   3.9366150e+06   3.2653809e+01
   3.9368290e+06   3.2592773e+01
   3.9369850e+06   3.1433105e+01
   3.9370470e+06   3.7353516e+01
   3.9375530e+06   3.1555176e+01
   3.9702610e+06   3.6987305e+01
   3.9711620e+06   3.1799316e+01
   4.0037550e+06   3.1555176e+01
   4.0045110e+06   3.1921387e+01
   4.0051050e+06   3.1921387e+01
   4.0446290e+06   3.1311035e+01
   4.0450730e+06   3.2531738e+01
   4.0452070e+06   3.4118652e+01
   4.0453110e+06   3.5705566e+01
   4.0453970e+06   4.5043945e+01
   4.0455120e+06   3.3203125e+01
   4.0457240e+06   3.2775879e+01
   4.0458820e+06   3.3447266e+01
   4.0463970e+06   3.6743164e+01
   4.0914740e+06   3.4545898e+01
   4.0916380e+06   3.1860352e+01
   4.0920340e+06   3.2592773e+01
   4.0920450e+06   3.7414551e+01
   4.0921680e+06   3.1311035e+01
   4.0923230e+06   3.3081055e+01
   4.0927320e+06   3.9428711e+01
   4.1041900e+06   3.3508301e+01
   4.1418280e+06   3.2287598e+01
   4.1420700e+06   3.5400391e+01
   4.1421820e+06   4.2480469e+01
   4.1423170e+06   3.1555176e+01
   4.1423320e+06   3.2836914e+01
   4.1423850e+06   4.1259766e+01
   4.1426160e+06   3.3203125e+01
   4.1859500e+06   3.4240723e+01
   4.1863910e+06   3.3508301e+01
   4.1864480e+06   3.1738281e+01
   4.1866290e+06   3.3508301e+01
   4.1867670e+06   3.5400391e+01
   4.8138220e+06   3.5339355e+01
   4.8139850e+06   3.7414551e+01
   4.8140110e+06   4.3395996e+01
   4.8140380e+06   4.7302246e+01
   4.8140850e+06   3.6621094e+01
   4.8141460e+06   3.8879395e+01
   4.8142160e+06   3.3081055e+01
   4.8142490e+06   3.6621094e+01
   4.8143150e+06   3.1494141e+01
   4.8144260e+06   3.3447266e+01
   4.8186810e+06   3.5156250e+01
   5.0209120e+06   3.4179688e+01
   5.0211820e+06   3.2165527e+01
   5.0212150e+06   4.1076660e+01
   5.0213010e+06   3.1982422e+01
   5.0213640e+06   3.8879395e+01
   5.0214680e+06   3.2470703e+01
   5.0215680e+06   3.3142090e+01
   5.0218110e+06   4.2297363e+01
   5.1248910e+06   3.1677246e+01
   5.1249160e+06   3.1311035e+01
   5.1249400e+06   3.1494141e+01
   5.1250370e+06   4.6936035e+01
   5.1250590e+06   3.3325195e+01
   5.1251480e+06   3.3569336e+01
   5.1251650e+06   5.3771973e+01
   5.1252510e+06   3.3630371e+01
   5.1252980e+06   3.1433105e+01
   5.1253200e+06   3.1494141e+01
   5.1746740e+06   3.1921387e+01
   5.1747560e+06   3.4240723e+01
   5.1747900e+06   3.2958984e+01
   5.1748510e+06   3.1494141e+01
   5.1749610e+06   3.6315918e+01
   5.1749980e+06   3.5461426e+01
   5.1750270e+06   3.6560059e+01
   5.2382620e+06   3.8452148e+01
   5.2383700e+06   3.7475586e+01
   5.2384660e+06   3.2775879e+01
   5.2387160e+06   3.4301758e+01
   5.2387360e+06   4.0649414e+01
   5.2387650e+06   3.9672852e+01
   5.2387920e+06   3.3142090e+01
   5.2388810e+06   4.0039063e+01
   5.2389130e+06   3.1921387e+01
   5.2389790e+06   3.9062500e+01
   5.2390150e+06   3.1921387e+01
   5.2751840e+06   3.3691406e+01
   5.2752790e+06   4.1931152e+01
   5.2753120e+06   3.1982422e+01
   5.2754000e+06   4.5349121e+01
   5.2754190e+06   3.2775879e+01
   5.2755490e+06   3.6499023e+01
   5.2755630e+06   3.2714844e+01
   5.2756010e+06   3.4606934e+01
   5.2757030e+06   3.3630371e+01
   5.3099020e+06   3.2043457e+01
   5.3099520e+06   3.1372070e+01
   5.3100870e+06   3.6071777e+01
   5.3101610e+06   3.1921387e+01
   5.3101950e+06   4.4799805e+01
   5.3102720e+06   3.8940430e+01
   5.3104520e+06   3.2043457e+01
   5.3105510e+06   3.2348633e+01
   5.3341580e+06   3.2836914e+01
   5.3344870e+06   3.7536621e+01
   5.3345830e+06   3.6071777e+01
   5.3346350e+06   3.1677246e+01
   5.3350540e+06   3.1311035e+01
   5.3350670e+06   3.4118652e+01
   5.3585360e+06   3.2043457e+01
   5.3587380e+06   3.1677246e+01
   5.3587890e+06   3.4423828e+01
   5.3587990e+06   3.4423828e+01
   5.3605060e+06   3.2470703e+01
   5.4001940e+06   3.6010742e+01
   5.4005360e+06   3.3630371e+01
   5.4006640e+06   3.2409668e+01
   5.4008170e+06   3.6743164e+01
   5.4264830e+06   4.0405273e+01
   5.4269240e+06   3.4973145e+01
   5.4568760e+06   3.1494141e+01
   5.4569320e+06   3.2226563e+01
   5.4570480e+06   3.4240723e+01
   5.4572790e+06   4.4189453e+01
   5.4576210e+06   4.2480469e+01
   5.4576600e+06   3.3874512e+01
   5.4579480e+06   3.2165527e+01
   5.4874200e+06   3.2714844e+01
   5.4877120e+06   3.5217285e+01
   5.4879010e+06   3.3386230e+01
   5.4883680e+06   3.5705566e+01
   5.5199450e+06   3.5095215e+01
   5.5204100e+06   3.3874512e+01
   5.5204230e+06   3.5217285e+01
   5.5206700e+06   3.3996582e+01
   5.5210970e+06   3.2897949e+01
   5.5541730e+06   3.7292480e+01
   5.5542610e+06   3.2897949e+01
   5.5543870e+06   3.2897949e+01
   5.5546710e+06   3.6987305e+01
   5.5855710e+06   3.5766602e+01
   5.5860520e+06   3.1982422e+01
   5.6163460e+06   3.6865234e+01
   5.6479030e+06   3.3752441e+01
   5.6483850e+06   3.5156250e+01
   5.6882090e+06   3.2226563e+01
   5.6887030e+06   3.6804199e+01
   5.6889980e+06   3.4240723e+01
   5.6931460e+06   3.3508301e+01
   5.7194930e+06   3.3996582e+01
   5.7195810e+06   3.6193848e+01
   5.7198100e+06   3.2165527e+01
   5.7201260e+06   3.4606934e+01
   5.7581260e+06   3.6010742e+01
   5.7585140e+06   3.2165527e+01
   5.7586950e+06   3.1616211e+01
   5.7587140e+06   3.3081055e+01
   5.7591290e+06   3.3386230e+01
   5.8076230e+06   3.4545898e+01
   5.8080040e+06   3.7963867e+01
   5.8081940e+06   3.5217285e+01
   6.5699900e+06   3.6254883e+01
   6.5700700e+06   3.8146973e+01
   6.5702290e+06   3.9367676e+01
   6.5702600e+06   3.3325195e+01
   6.5703140e+06   3.1311035e+01
   6.5704220e+06   3.9184570e+01
   6.5704550e+06   3.5888672e+01
   6.5705450e+06   3.4667969e+01
   6.5705860e+06   3.3874512e+01
   6.7201780e+06   3.5156250e+01
   6.7202860e+06   3.6926270e+01
   6.7203000e+06   3.7658691e+01
   6.7203560e+06   4.0283203e+01
   6.7204110e+06   3.2226563e+01
   6.7204470e+06   3.1860352e+01
   6.7204980e+06   3.1433105e+01
   6.7205220e+06   3.7048340e+01
   6.7206260e+06   4.6752930e+01
   6.7206980e+06   3.1372070e+01
   6.7698020e+06   3.1921387e+01
   6.8361610e+06   3.1738281e+01
   6.8364420e+06   4.2480469e+01
   6.8364560e+06   3.4057617e+01
   6.8365020e+06   3.2531738e+01
   6.8365620e+06   3.1738281e+01
   6.8366860e+06   3.2226563e+01
   6.8367030e+06   3.7109375e+01
   6.8368120e+06   3.3935547e+01
   6.8903410e+06   3.3935547e+01
   6.8903880e+06   4.7302246e+01
   6.8905770e+06   3.4118652e+01
   6.8905920e+06   4.1076660e+01
   6.8907020e+06   3.2348633e+01
   6.8907320e+06   3.2958984e+01
   6.8908170e+06   3.6560059e+01
   6.8909740e+06   3.3264160e+01
   6.8909950e+06   3.4790039e+01
   6.9674810e+06   3.2409668e+01
   6.9674950e+06   3.7048340e+01
   6.9675340e+06   3.8635254e+01
   6.9675660e+06   3.8635254e+01
   6.9675790e+06   3.1799316e+01
   6.9677250e+06   3.2592773e+01
   6.9677370e+06   3.2897949e+01
   6.9678100e+06   3.2226563e+01
   6.9679540e+06   3.5400391e+01
   6.9679690e+06   3.9367676e+01
   6.9686170e+06   3.1677246e+01
   7.0129870e+06   3.1799316e+01
   7.0131050e+06   3.6987305e+01
   7.0132210e+06   3.2043457e+01
   7.0133500e+06   3.1311035e+01
   7.0134390e+06   3.3203125e+01
   7.0134540e+06   3.4057617e+01
   7.0135390e+06   3.2165527e+01
   7.0136040e+06   3.1555176e+01
   7.0137750e+06   3.1860352e+01
   7.0138320e+06   3.2104492e+01
   7.0572600e+06   3.1372070e+01
   7.0573490e+06   4.2663574e+01
   7.0573650e+06   3.1799316e+01
   7.0575650e+06   3.7963867e+01
   7.0576190e+06   3.4973145e+01
   7.0576980e+06   3.7536621e+01
   7.0578300e+06   3.1555176e+01
   7.0578400e+06   3.3264160e+01
   7.0579160e+06   3.1677246e+01
   7.0828120e+06   3.2531738e+01
   7.0829600e+06   3.2409668e+01
   7.0834470e+06   3.2531738e+01
   7.0835120e+06   3.3508301e+01
   7.0836360e+06   3.3630371e+01
   7.0836970e+06   3.3508301e+01
   7.0841840e+06   3.1372070e+01
   7.1099460e+06   3.5583496e+01
   7.1101590e+06   3.2836914e+01
   7.1103680e+06   3.3752441e+01
   7.1105060e+06   3.1494141e+01
   7.1363890e+06   3.2836914e+01
   7.1364710e+06   3.2592773e+01
   7.1364920e+06   3.2531738e+01
   7.1365490e+06   3.6804199e+01
   7.1365980e+06   3.1433105e+01
   7.1376180e+06   3.1738281e+01
   7.1615000e+06   3.1372070e+01
   7.1616070e+06   3.5766602e+01
   7.1619900e+06   3.3020020e+01
   7.1624360e+06   3.7475586e+01
   7.1874940e+06   3.6132813e+01
   7.1875890e+06   3.1311035e+01
   7.1878650e+06   3.5095215e+01
   7.1879090e+06   3.3386230e+01
   7.2132600e+06   3.3752441e+01
   7.2133080e+06   4.0527344e+01
   7.2137460e+06   3.5766602e+01
   7.2410750e+06   3.2043457e+01
   7.2412850e+06   3.2836914e+01
   7.2414670e+06   3.4240723e+01
   7.2422490e+06   3.2836914e+01
   7.2711450e+06   3.1799316e+01
   7.3032460e+06   3.4423828e+01
   7.3034680e+06   3.1982422e+01
   7.3035980e+06   3.2287598e+01
   7.3040040e+06   3.1616211e+01
   7.3044000e+06   3.1616211e+01
   7.3571200e+06   3.2653809e+01
   7.3571940e+06   3.6560059e+01
   7.3574960e+06   3.2348633e+01
   7.3575290e+06   3.2165527e+01
   7.3897530e+06   3.3874512e+01
   7.3899060e+06   3.5888672e+01
   7.3902500e+06   4.6142578e+01
   7.4245890e+06   3.3447266e+01
   7.4707130e+06   3.1494141e+01
   7.4708600e+06   3.6071777e+01
   7.4709780e+06   3.5522461e+01
   7.4713440e+06   4.2785645e+01
   7.4715000e+06   3.1433105e+01
