   7.5000000e+06   0.0000000e+00
   4.2324000e+04   4.0039063e+01
   4.2392000e+04   4.2785645e+01
   4.2417000e+04   4.0832520e+01
   4.2436000e+04   4.5898438e+01
   4.2470000e+04   5.2062988e+01
   4.2506000e+04   4.5471191e+01
   4.2552000e+04   4.8278809e+01
   4.2591000e+04   3.8146973e+01
   4.2633000e+04   4.1259766e+01
   4.2651000e+04   3.8330078e+01
   4.2707000e+04   4.1137695e+01
   4.2786000e+04   3.9367676e+01
   4.2843000e+04   5.0720215e+01
   4.2898000e+04   3.9245605e+01
   4.3002000e+04   4.0405273e+01
   4.3029000e+04   4.0893555e+01
   4.3051000e+04   5.1391602e+01
   4.3170000e+04   3.6743164e+01
   4.3254000e+04   4.0893555e+01
   6.0544700e+05   4.6569824e+01
   6.0556100e+05   6.7687988e+01
   6.0560400e+05   4.8828125e+01
   6.0563800e+05   4.2663574e+01
   6.0566300e+05   3.8574219e+01
   6.0568200e+05   4.0039063e+01
   6.0570500e+05   4.7973633e+01
   6.0574100e+05   4.6691895e+01
   6.0578300e+05   5.6518555e+01
   6.0580200e+05   4.6569824e+01
   6.0583600e+05   6.1828613e+01
   6.0586500e+05   7.0129395e+01
   6.0598300e+05   4.3212891e+01
   6.0602400e+05   3.9855957e+01
   6.0605700e+05   4.5166016e+01
   6.0607300e+05   3.8024902e+01
   6.0624200e+05   4.8400879e+01
   6.0626900e+05   4.5104980e+01
   6.0635300e+05   3.8513184e+01
   6.0742000e+05   3.9001465e+01
   6.0891400e+05   3.7719727e+01
   7.6547400e+05   4.0466309e+01
   7.6552100e+05   4.8400879e+01
   7.6555000e+05   4.5349121e+01
   7.6557100e+05   3.8757324e+01
   7.6560500e+05   3.9001465e+01
   7.6561700e+05   4.3945313e+01
   7.6564300e+05   3.8146973e+01
   7.6567400e+05   3.6865234e+01
   7.6570400e+05   5.1513672e+01
   7.6573200e+05   4.4006348e+01
   7.6575400e+05   5.1147461e+01
   7.6579700e+05   4.0466309e+01
   7.6581300e+05   6.1767578e+01
   7.6583500e+05   5.6213379e+01
   7.6590800e+05   6.4880371e+01
   7.6592600e+05   6.2377930e+01
   7.6602400e+05   4.2968750e+01
   7.6605400e+05   4.5410156e+01
   7.6608800e+05   4.6142578e+01
   7.6612500e+05   4.3884277e+01
   7.6614000e+05   4.3395996e+01
   7.6616000e+05   4.2297363e+01
   7.6618800e+05   3.9245605e+01
   7.6622400e+05   5.3955078e+01
   7.6624700e+05   3.6437988e+01
   7.6644600e+05   3.6560059e+01
   7.6671500e+05   4.1137695e+01
   7.6730900e+05   3.7109375e+01
   8.1661200e+05   3.6315918e+01
   8.1673800e+05   3.7841797e+01
   8.1681100e+05   4.6569824e+01
   8.1688500e+05   3.8146973e+01
   8.1690600e+05   4.3212891e+01
   8.1694300e+05   3.9123535e+01
   8.1696300e+05   4.6081543e+01
   8.1700900e+05   5.9143066e+01
   8.1702500e+05   4.5471191e+01
   8.1711100e+05   4.9255371e+01
   8.1717300e+05   4.3518066e+01
   8.1718900e+05   3.8391113e+01
   8.1722700e+05   4.1992188e+01
   8.1723700e+05   4.8034668e+01
   8.1733700e+05   4.3518066e+01
   8.1735000e+05   4.7851563e+01
   8.1737600e+05   4.3212891e+01
   8.1742000e+05   4.4921875e+01
   8.1751300e+05   4.2175293e+01
   8.1754300e+05   3.7170410e+01
   8.1755900e+05   4.0771484e+01
   8.1761200e+05   4.1137695e+01
   8.1764000e+05   4.7912598e+01
   8.1774500e+05   3.9794922e+01
   8.1778300e+05   3.9123535e+01
   8.1805800e+05   3.8635254e+01
   8.1821500e+05   3.8085938e+01
   8.6653100e+05   4.6203613e+01
   8.6658200e+05   4.6691895e+01
   8.6663400e+05   3.8879395e+01
   8.6666900e+05   3.8208008e+01
   8.6668300e+05   4.7363281e+01
   8.6671100e+05   4.0344238e+01
   8.6675600e+05   3.7475586e+01
   8.6679700e+05   4.1442871e+01
   8.6682200e+05   4.5288086e+01
   8.6684700e+05   6.6955566e+01
   8.6688500e+05   4.1259766e+01
   8.6692200e+05   4.7119141e+01
   8.6696500e+05   4.3090820e+01
   8.6697900e+05   4.4738770e+01
   8.6701900e+05   4.4433594e+01
   8.6707000e+05   6.9702148e+01
   8.6710300e+05   4.2297363e+01
   8.6716000e+05   4.3945313e+01
   8.6719100e+05   4.4189453e+01
   8.6723300e+05   4.0588379e+01
   8.6726500e+05   3.8208008e+01
   8.6730100e+05   4.9743652e+01
   8.6733700e+05   5.1391602e+01
   8.6739100e+05   5.4016113e+01
   8.6743800e+05   3.8269043e+01
   8.6751000e+05   4.8522949e+01
   8.6797900e+05   3.8452148e+01
   8.6832400e+05   3.7597656e+01
   9.1647900e+05   3.7902832e+01
   9.1650700e+05   4.2114258e+01
   9.1654800e+05   4.4067383e+01
   9.1663700e+05   3.9733887e+01
   9.1666000e+05   5.7495117e+01
   9.1668700e+05   4.9499512e+01
   9.1672200e+05   5.9082031e+01
   9.1675000e+05   3.9550781e+01
   9.1678400e+05   5.7373047e+01
   9.1684300e+05   3.8879395e+01
   9.1685300e+05   4.4311523e+01
   9.1697700e+05   4.6386719e+01
   9.1700400e+05   4.6325684e+01
   9.1704600e+05   5.0659180e+01
   9.1708700e+05   5.0659180e+01
   9.1711700e+05   7.2143555e+01
   9.1714800e+05   6.2011719e+01
   9.1717400e+05   3.7841797e+01
   9.1721600e+05   3.9672852e+01
   9.1724000e+05   4.5959473e+01
   9.1729300e+05   4.7058105e+01
   9.1737000e+05   4.3395996e+01
   9.1739700e+05   3.8574219e+01
   9.1743200e+05   3.6682129e+01
   9.1744600e+05   5.0354004e+01
   9.9167500e+05   4.6752930e+01
   9.9169400e+05   4.6813965e+01
   9.9172700e+05   4.6752930e+01
   9.9185100e+05   6.4880371e+01
   9.9188200e+05   4.1503906e+01
   9.9190000e+05   5.0170898e+01
   9.9191900e+05   3.9916992e+01
   9.9195500e+05   5.7556152e+01
   9.9196600e+05   5.0048828e+01
   9.9201300e+05   5.0476074e+01
   9.9206200e+05   4.7729492e+01
   9.9207800e+05   6.3110352e+01
   9.9209100e+05   4.2175293e+01
   9.9212300e+05   6.7565918e+01
   9.9214800e+05   6.4758301e+01
   9.9219200e+05   6.2255859e+01
   9.9226400e+05   4.1564941e+01
   9.9228000e+05   5.1025391e+01
   9.9229800e+05   4.3395996e+01
   1.0306010e+06   4.5410156e+01
   1.0306530e+06   3.9062500e+01
   1.0306760e+06   6.7321777e+01
   1.0306990e+06   5.2307129e+01
   1.0307270e+06   4.3212891e+01
   1.0307570e+06   4.5837402e+01
   1.0307710e+06   3.7780762e+01
   1.0308190e+06   4.3518066e+01
   1.0308660e+06   4.8095703e+01
   1.0308990e+06   4.7790527e+01
   1.0309680e+06   3.9550781e+01
   1.0310050e+06   4.4860840e+01
   1.0310510e+06   4.2724609e+01
   1.0310610e+06   5.2429199e+01
   1.0310780e+06   3.8085938e+01
   1.0311720e+06   3.7841797e+01
   1.0311870e+06   6.3964844e+01
   1.0313310e+06   4.7973633e+01
   1.0314000e+06   4.2785645e+01
   1.0314280e+06   4.5288086e+01
   1.0314620e+06   3.6376953e+01
   1.0315660e+06   5.7434082e+01
   1.0316030e+06   4.2663574e+01
   1.0316820e+06   3.9001465e+01
   1.0683120e+06   4.4372559e+01
   1.0683450e+06   3.9123535e+01
   1.0683780e+06   4.6813965e+01
   1.0684350e+06   6.0974121e+01
   1.0684460e+06   4.0954590e+01
   1.0685180e+06   5.5541992e+01
   1.0685560e+06   3.7353516e+01
   1.0686290e+06   5.0781250e+01
   1.0686600e+06   3.8818359e+01
   1.0686940e+06   4.5837402e+01
   1.0687500e+06   3.6682129e+01
   1.0687610e+06   3.9062500e+01
   1.0687850e+06   4.5837402e+01
   1.0688190e+06   4.1992188e+01
   1.0688580e+06   5.8227539e+01
   1.0688830e+06   4.9804688e+01
   1.0689010e+06   4.4372559e+01
   1.0689370e+06   6.1401367e+01
   1.0689530e+06   3.8085938e+01
   1.0690950e+06   3.7658691e+01
   1.0691200e+06   3.8208008e+01
   1.0691970e+06   4.0710449e+01
   1.0692620e+06   4.0283203e+01
   1.0693000e+06   4.1870117e+01
   1.0693810e+06   3.8879395e+01
   1.0964590e+06   3.8330078e+01
   1.0964940e+06   3.8879395e+01
   1.0965490e+06   5.0476074e+01
   1.0965660e+06   4.7912598e+01
   1.0966120e+06   3.6499023e+01
   1.0966460e+06   4.6386719e+01
   1.0966570e+06   3.9306641e+01
   1.0967370e+06   5.2551270e+01
   1.0967600e+06   4.7485352e+01
   1.0968460e+06   4.0771484e+01
   1.0969080e+06   6.3049316e+01
   1.0969460e+06   4.1381836e+01
   1.0971290e+06   3.6560059e+01
   1.0971570e+06   4.9438477e+01
   1.0972130e+06   4.6020508e+01
   1.0973460e+06   3.7353516e+01
   1.0974400e+06   3.7353516e+01
   1.0975550e+06   3.9306641e+01
   1.0975790e+06   4.4250488e+01
   1.0976280e+06   5.0598145e+01
   1.0982630e+06   4.2724609e+01
   1.1226750e+06   4.3640137e+01
   1.1228500e+06   4.1809082e+01
   1.1229010e+06   4.5104980e+01
   1.1229290e+06   5.8715820e+01
   1.1229630e+06   4.3212891e+01
   1.1230210e+06   5.0415039e+01
   1.1230520e+06   3.7902832e+01
   1.1230910e+06   4.9438477e+01
   1.1231090e+06   4.0710449e+01
   1.1231380e+06   3.6437988e+01
   1.1231540e+06   5.4809570e+01
   1.1232600e+06   4.4860840e+01
   1.1233360e+06   4.2297363e+01
   1.1234430e+06   4.6447754e+01
   1.1235340e+06   3.7475586e+01
   1.1235560e+06   3.9672852e+01
   1.1238380e+06   3.8818359e+01
   1.1240270e+06   4.0161133e+01
   1.1509980e+06   4.0161133e+01
   1.1510750e+06   4.1748047e+01
   1.1511860e+06   4.0039063e+01
   1.1512290e+06   4.5043945e+01
   1.1512550e+06   4.8034668e+01
   1.1512970e+06   4.5837402e+01
   1.1513290e+06   4.1381836e+01
   1.1513700e+06   5.0903320e+01
   1.1514820e+06   4.8767090e+01
   1.1515240e+06   5.0903320e+01
   1.1515900e+06   4.2358398e+01
   1.1520600e+06   3.7841797e+01
   1.1521070e+06   3.6926270e+01
   1.1797120e+06   3.7475586e+01
   1.1797340e+06   3.6682129e+01
   1.1797640e+06   4.7119141e+01
   1.1798190e+06   3.8818359e+01
   1.1798570e+06   5.0354004e+01
   1.1799050e+06   4.4006348e+01
   1.1799760e+06   4.2358398e+01
   1.1800920e+06   3.9062500e+01
   1.1801440e+06   3.8757324e+01
   1.1802170e+06   3.7231445e+01
   1.1802420e+06   4.8034668e+01
   1.1802890e+06   4.6752930e+01
   1.1803030e+06   4.9926758e+01
   1.1803520e+06   4.1503906e+01
   1.1804250e+06   4.6142578e+01
   1.1804390e+06   4.7912598e+01
   1.1804920e+06   3.6926270e+01
   1.1805870e+06   4.1259766e+01
   1.1806730e+06   3.8696289e+01
   1.1808840e+06   4.1564941e+01
   1.1809110e+06   3.6804199e+01
   1.2056300e+06   5.4626465e+01
   1.2056620e+06   4.2846680e+01
   1.2057250e+06   4.4799805e+01
   1.2058230e+06   5.6579590e+01
   1.2058540e+06   3.6987305e+01
   1.2058640e+06   4.7241211e+01
   1.2059320e+06   4.0588379e+01
   1.2061040e+06   3.8391113e+01
   1.2062420e+06   4.0222168e+01
   1.2064210e+06   3.6865234e+01
   1.2336480e+06   3.7353516e+01
   1.2337030e+06   3.7109375e+01
   1.2337470e+06   3.8085938e+01
   1.2338590e+06   4.9560547e+01
   1.2340560e+06   4.3457031e+01
   1.2341040e+06   3.7902832e+01
   1.2341500e+06   4.7058105e+01
   1.2341850e+06   3.6499023e+01
   1.2342080e+06   5.1879883e+01
   1.2342380e+06   4.0527344e+01
   1.2342800e+06   3.9367676e+01
   1.2343030e+06   4.6142578e+01
   1.2343280e+06   3.8513184e+01
   1.2343730e+06   4.2663574e+01
   1.2343870e+06   4.1931152e+01
   1.2344410e+06   3.8452148e+01
   1.2345870e+06   4.1320801e+01
   1.2345990e+06   4.6691895e+01
   1.2347750e+06   3.9611816e+01
   1.2667610e+06   3.7658691e+01
   1.2668970e+06   3.8452148e+01
   1.2669130e+06   4.4067383e+01
   1.2671840e+06   6.6467285e+01
   1.2671950e+06   4.2541504e+01
   1.2672230e+06   4.1931152e+01
   1.2672900e+06   4.0405273e+01
   1.2673000e+06   3.7536621e+01
   1.2673630e+06   4.3273926e+01
   1.2673990e+06   3.9062500e+01
   1.2674770e+06   3.6926270e+01
   1.2677240e+06   4.6875000e+01
   1.2677500e+06   4.1503906e+01
   1.2679540e+06   4.0039063e+01
   1.2680050e+06   4.4189453e+01
   1.2682480e+06   3.6804199e+01
   1.2704350e+06   3.6987305e+01
   1.3060980e+06   3.7841797e+01
   1.3061560e+06   4.0283203e+01
   1.3061890e+06   4.9072266e+01
   1.3062040e+06   4.1076660e+01
   1.3062390e+06   3.7841797e+01
   1.3062890e+06   3.8635254e+01
   1.3063480e+06   3.8574219e+01
   1.3063680e+06   6.4025879e+01
   1.3064630e+06   4.1259766e+01
   1.3065050e+06   3.6743164e+01
   1.3065500e+06   4.5776367e+01
   1.3065800e+06   3.6682129e+01
   1.3066370e+06   4.4250488e+01
   1.3066570e+06   3.9611816e+01
   1.3067100e+06   3.8696289e+01
   1.3067490e+06   3.9733887e+01
   1.3067680e+06   3.8146973e+01
   1.3067900e+06   3.6499023e+01
   1.3068260e+06   6.1340332e+01
   1.3073770e+06   3.7597656e+01
   1.3431300e+06   3.7475586e+01
   1.3431900e+06   4.9682617e+01
   1.3432710e+06   3.6376953e+01
   1.3433000e+06   4.2175293e+01
   1.3433740e+06   3.8330078e+01
   1.3434000e+06   4.1625977e+01
   1.3434550e+06   4.2419434e+01
   1.3434730e+06   3.7536621e+01
   1.3434990e+06   3.9489746e+01
   1.3435460e+06   3.6987305e+01
   1.3435760e+06   4.9682617e+01
   1.3435870e+06   5.9448242e+01
   1.3436160e+06   3.6987305e+01
   1.3436290e+06   3.7475586e+01
   1.3436700e+06   3.7719727e+01
   1.3437160e+06   4.3945313e+01
   1.3437890e+06   3.7048340e+01
   1.3438290e+06   4.1748047e+01
   1.3438710e+06   4.1198730e+01
   1.3439760e+06   3.6376953e+01
   1.3440280e+06   4.3334961e+01
   1.3441290e+06   3.7963867e+01
   1.3787890e+06   4.5227051e+01
   1.3789310e+06   4.0649414e+01
   1.3789870e+06   4.6630859e+01
   1.3791370e+06   4.5410156e+01
   1.3791780e+06   5.7373047e+01
   1.3793840e+06   4.4006348e+01
   1.3794220e+06   3.8085938e+01
   1.3794590e+06   3.6682129e+01
   1.3794970e+06   3.7780762e+01
   1.3795440e+06   3.8757324e+01
   1.3796220e+06   3.8696289e+01
   1.3799330e+06   4.5288086e+01
   1.4157140e+06   4.0100098e+01
   1.4157450e+06   4.5471191e+01
   1.4157880e+06   4.0344238e+01
   1.4159160e+06   3.7414551e+01
   1.4159670e+06   3.8696289e+01
   1.4160330e+06   4.0283203e+01
   1.4160780e+06   3.9489746e+01
   1.4161680e+06   3.8024902e+01
   1.4162550e+06   3.9916992e+01
   1.4162910e+06   3.7048340e+01
   1.4163620e+06   3.6804199e+01
   1.4164210e+06   3.8391113e+01
   1.4164980e+06   4.1809082e+01
   1.4171160e+06   4.0649414e+01
   1.4584370e+06   3.6499023e+01
   1.4585070e+06   4.1748047e+01
   1.4585630e+06   3.6743164e+01
   1.4585930e+06   5.0415039e+01
   1.4586700e+06   3.8513184e+01
   1.4587680e+06   4.8461914e+01
   1.4588260e+06   3.7109375e+01
   1.4588510e+06   4.6142578e+01
   1.4589060e+06   4.4860840e+01
   1.4589690e+06   4.4006348e+01
   1.4590640e+06   5.3039551e+01
   1.4591070e+06   4.3273926e+01
   1.4592150e+06   3.9306641e+01
   1.4592410e+06   3.9062500e+01
   1.4593060e+06   6.5673828e+01
   1.4595250e+06   4.4555664e+01
   1.4595500e+06   4.2297363e+01
   1.4595790e+06   3.9245605e+01
   1.5300650e+06   5.3405762e+01
   1.5300830e+06   3.9306641e+01
   1.5301610e+06   3.6987305e+01
   1.5302010e+06   5.0048828e+01
   1.5302210e+06   5.9082031e+01
   1.5302500e+06   4.0893555e+01
   1.5302800e+06   7.3547363e+01
   1.5303260e+06   4.6203613e+01
   1.5303530e+06   5.4382324e+01
   1.5303820e+06   3.7353516e+01
   1.5304100e+06   4.3395996e+01
   1.5304310e+06   7.1044922e+01
   1.5304460e+06   3.6743164e+01
   1.5304820e+06   3.7109375e+01
   1.5305080e+06   5.6396484e+01
   1.5305690e+06   3.7414551e+01
   1.5306160e+06   5.1330566e+01
   1.5306480e+06   5.1818848e+01
   1.5307570e+06   4.6142578e+01
   1.5307710e+06   3.8818359e+01
   1.5308130e+06   6.0058594e+01
   1.5308510e+06   5.0598145e+01
   1.5310210e+06   3.8330078e+01
   1.5311290e+06   5.1086426e+01
   1.5311440e+06   3.6621094e+01
   1.5312370e+06   3.8574219e+01
   1.5315330e+06   3.8024902e+01
   1.5318380e+06   3.7841797e+01
   1.5917080e+06   4.2602539e+01
   1.5918100e+06   3.8330078e+01
   1.5918540e+06   3.9428711e+01
   1.5919130e+06   4.0039063e+01
   1.5919920e+06   4.5837402e+01
   1.5920540e+06   5.2307129e+01
   1.5920760e+06   5.4199219e+01
   1.5921010e+06   3.9733887e+01
   1.5921150e+06   4.4982910e+01
   1.5921970e+06   4.0100098e+01
   1.5922180e+06   4.5410156e+01
   1.5922430e+06   3.9184570e+01
   1.5922700e+06   3.7475586e+01
   1.5923910e+06   4.1748047e+01
   1.5924270e+06   4.3579102e+01
   1.5924480e+06   6.2927246e+01
   1.5924780e+06   4.6875000e+01
   1.5924910e+06   4.0771484e+01
   1.5925300e+06   4.1870117e+01
   1.5925540e+06   3.9306641e+01
   1.5925810e+06   5.8410645e+01
   1.5927000e+06   4.2419434e+01
   1.5927660e+06   3.9550781e+01
   1.6365710e+06   4.1381836e+01
   1.6367140e+06   3.8208008e+01
   1.6367440e+06   3.6315918e+01
   1.6367830e+06   4.5410156e+01
   1.6368390e+06   5.7189941e+01
   1.6368770e+06   5.1818848e+01
   1.6369370e+06   4.8950195e+01
   1.6369720e+06   4.0039063e+01
   1.6371030e+06   4.5227051e+01
   1.6371290e+06   4.7424316e+01
   1.6372130e+06   3.8452148e+01
   1.6372720e+06   3.8452148e+01
   1.6373570e+06   4.8034668e+01
   1.6374890e+06   4.3518066e+01
   1.6375510e+06   3.8635254e+01
   1.6376060e+06   3.7658691e+01
   1.6376690e+06   3.8940430e+01
   1.6379150e+06   4.0954590e+01
   1.6379720e+06   3.9550781e+01
   1.6386810e+06   3.6499023e+01
   1.6739760e+06   4.1015625e+01
   1.6740300e+06   3.7780762e+01
   1.6740510e+06   4.0405273e+01
   1.6742370e+06   4.0344238e+01
   1.6742670e+06   4.0405273e+01
   1.6743480e+06   3.7963867e+01
   1.6743840e+06   3.7536621e+01
   1.6744030e+06   4.5043945e+01
   1.6744510e+06   4.5227051e+01
   1.6745450e+06   5.0476074e+01
   1.6746110e+06   4.0466309e+01
   1.6746780e+06   4.3762207e+01
   1.6747140e+06   3.7292480e+01
   1.6748490e+06   4.0527344e+01
   1.6748910e+06   4.8889160e+01
   1.6750970e+06   3.9367676e+01
   1.7237510e+06   3.8085938e+01
   1.7239640e+06   3.8513184e+01
   1.7241410e+06   3.8330078e+01
   1.7241850e+06   4.2602539e+01
   1.7242380e+06   4.0283203e+01
   1.7242640e+06   4.0222168e+01
   1.7243000e+06   5.4077148e+01
   1.7243370e+06   3.8269043e+01
   1.7244410e+06   3.7292480e+01
   1.7244960e+06   3.9306641e+01
   1.7247150e+06   3.6376953e+01
   1.7247260e+06   3.6682129e+01
   1.7247620e+06   3.8452148e+01
   1.7248920e+06   3.7414551e+01
   1.7249350e+06   4.5471191e+01
   1.7249590e+06   3.7658691e+01
   1.7252040e+06   3.6560059e+01
   1.7253380e+06   3.6376953e+01
   1.7836430e+06   5.0415039e+01
   1.7837690e+06   4.2236328e+01
   1.7839150e+06   3.9855957e+01
   1.7839430e+06   4.3701172e+01
   1.7839800e+06   3.8940430e+01
   1.7840020e+06   5.1696777e+01
   1.7841360e+06   4.3823242e+01
   1.7842170e+06   3.9733887e+01
   1.7845330e+06   4.2541504e+01
   1.7846650e+06   3.8024902e+01
   1.7849860e+06   3.7231445e+01
   2.0669960e+06   3.9367676e+01
   2.0670650e+06   5.0903320e+01
   2.0670980e+06   4.9438477e+01
   2.0671090e+06   4.2175293e+01
   2.0671380e+06   3.9123535e+01
   2.0671830e+06   5.6701660e+01
   2.0672240e+06   4.8278809e+01
   2.0672930e+06   5.2246094e+01
   2.0673240e+06   7.1533203e+01
   2.0673740e+06   3.9367676e+01
   2.0673850e+06   5.5480957e+01
   2.0674290e+06   4.3212891e+01
   2.0674530e+06   5.9204102e+01
   2.0674870e+06   5.7556152e+01
   2.0675080e+06   5.4260254e+01
   2.0675250e+06   4.9987793e+01
   2.0675670e+06   5.7434082e+01
   2.0675980e+06   4.8645020e+01
   2.0676220e+06   4.0527344e+01
   2.0676400e+06   3.7353516e+01
   2.0677510e+06   3.9855957e+01
   2.0677680e+06   5.6457520e+01
   2.0677970e+06   4.6630859e+01
   2.0678360e+06   4.6691895e+01
   2.0678920e+06   4.2053223e+01
   2.0680020e+06   4.2663574e+01
   2.0680680e+06   4.0466309e+01
   2.4180680e+06   4.0588379e+01
   2.4180830e+06   5.0903320e+01
   2.4181560e+06   5.2917480e+01
   2.4181870e+06   3.8024902e+01
   2.4182200e+06   3.6376953e+01
   2.4182310e+06   7.2875977e+01
   2.4182650e+06   3.6376953e+01
   2.4182910e+06   3.9184570e+01
   2.4183390e+06   5.2246094e+01
   2.4183530e+06   4.3395996e+01
   2.4183720e+06   4.8645020e+01
   2.4184100e+06   7.6416016e+01
   2.4184660e+06   4.3212891e+01
   2.4184880e+06   4.6447754e+01
   2.4185150e+06   4.2846680e+01
   2.4185410e+06   4.4311523e+01
   2.4185760e+06   6.8176270e+01
   2.4186120e+06   4.3762207e+01
   2.4186260e+06   3.9001465e+01
   2.4186780e+06   4.1198730e+01
   2.4187330e+06   4.2602539e+01
   2.4188940e+06   3.9428711e+01
   2.4189270e+06   4.0100098e+01
   2.4193030e+06   4.5837402e+01
   2.4214160e+06   3.7597656e+01
   2.5468540e+06   3.7109375e+01
   2.5468850e+06   4.5104980e+01
   2.5469640e+06   3.6926270e+01
   2.5470140e+06   5.9448242e+01
   2.5470520e+06   3.6682129e+01
   2.5470780e+06   3.6315918e+01
   2.5471470e+06   4.8828125e+01
   2.5471690e+06   9.3872070e+01
   2.5471860e+06   3.6865234e+01
   2.5472100e+06   4.5349121e+01
   2.5472310e+06   4.2846680e+01
   2.5472850e+06   6.6040039e+01
   2.5473230e+06   4.5104980e+01
   2.5473480e+06   3.8452148e+01
   2.5473740e+06   3.9123535e+01
   2.5473990e+06   4.6508789e+01
   2.5474330e+06   5.1635742e+01
   2.5474660e+06   3.8940430e+01
   2.5474760e+06   4.8950195e+01
   2.5475120e+06   6.8603516e+01
   2.5475860e+06   4.4921875e+01
   2.5476030e+06   5.1696777e+01
   2.5477320e+06   5.3527832e+01
   2.5478480e+06   3.9367676e+01
   2.5478650e+06   3.8024902e+01
   2.5483550e+06   3.7292480e+01
   2.5492390e+06   4.4189453e+01
   2.7033220e+06   3.6743164e+01
   2.7034660e+06   4.1870117e+01
   2.7035350e+06   4.9011230e+01
   2.7035570e+06   3.6804199e+01
   2.7035710e+06   4.9987793e+01
   2.7036030e+06   3.7109375e+01
   2.7036190e+06   6.9152832e+01
   2.7036610e+06   6.0363770e+01
   2.7036970e+06   5.0354004e+01
   2.7037260e+06   5.0964355e+01
   2.7037630e+06   1.0192871e+02
   2.7037900e+06   5.3527832e+01
   2.7038220e+06   4.2297363e+01
   2.7038790e+06   5.5236816e+01
   2.7038910e+06   6.2316895e+01
   2.7039110e+06   4.7241211e+01
   2.7039660e+06   4.7485352e+01
   2.7040120e+06   4.5104980e+01
   2.7040480e+06   4.8522949e+01
   2.7041440e+06   3.9306641e+01
   2.7041640e+06   4.1503906e+01
   2.7042000e+06   3.7963867e+01
   2.7042150e+06   3.7658691e+01
   2.7042500e+06   3.6437988e+01
   2.7043960e+06   4.5837402e+01
   2.7044280e+06   4.1748047e+01
   2.7050660e+06   3.7658691e+01
   3.0003050e+06   3.9184570e+01
   3.0004630e+06   6.6894531e+01
   3.0004950e+06   4.3884277e+01
   3.0005300e+06   5.2978516e+01
   3.0005560e+06   5.2856445e+01
   3.0005950e+06   7.6049805e+01
   3.0006060e+06   6.2194824e+01
   3.0006350e+06   4.5410156e+01
   3.0006450e+06   5.9997559e+01
   3.0006740e+06   3.8513184e+01
   3.0007150e+06   4.1259766e+01
   3.0007360e+06   5.0109863e+01
   3.0007800e+06   5.2246094e+01
   3.0008110e+06   3.7536621e+01
   3.0008320e+06   3.9733887e+01
   3.0008550e+06   4.1748047e+01
   3.0008910e+06   5.0415039e+01
   3.0009070e+06   3.7353516e+01
   3.0009720e+06   5.0231934e+01
   3.0010210e+06   7.9406738e+01
   3.0010840e+06   3.7475586e+01
   3.0014420e+06   3.6987305e+01
   3.1851340e+06   4.4189453e+01
   3.1851630e+06   5.2856445e+01
   3.1851840e+06   5.0659180e+01
   3.1852260e+06   8.1176758e+01
   3.1852650e+06   4.8461914e+01
   3.1852840e+06   3.7536621e+01
   3.1852970e+06   9.6618652e+01
   3.1853210e+06   4.2053223e+01
   3.1853470e+06   4.2907715e+01
   3.1853790e+06   4.1748047e+01
   3.1854120e+06   4.9743652e+01
   3.1854380e+06   4.4311523e+01
   3.1854610e+06   4.1625977e+01
   3.1854810e+06   4.8522949e+01
   3.1855060e+06   4.4067383e+01
   3.1855260e+06   4.8034668e+01
   3.1855640e+06   3.6499023e+01
   3.1856010e+06   3.6682129e+01
   3.1856290e+06   4.8339844e+01
   3.1856760e+06   3.7475586e+01
   3.1858140e+06   3.6560059e+01
   3.1861400e+06   4.0527344e+01
   3.1862670e+06   3.6682129e+01
   3.1870800e+06   3.9123535e+01
   3.3111310e+06   4.7058105e+01
   3.3111900e+06   4.0832520e+01
   3.3112290e+06   4.0710449e+01
   3.3112870e+06   4.4982910e+01
   3.3113020e+06   5.3222656e+01
   3.3113280e+06   5.4931641e+01
   3.3113500e+06   6.3598633e+01
   3.3113750e+06   5.9265137e+01
   3.3114020e+06   4.9072266e+01
   3.3114200e+06   4.5471191e+01
   3.3114430e+06   7.3242188e+01
   3.3114690e+06   4.0832520e+01
   3.3114850e+06   3.6621094e+01
   3.3115300e+06   3.8085938e+01
   3.3115640e+06   4.1809082e+01
   3.3115890e+06   5.0476074e+01
   3.3116230e+06   6.2072754e+01
   3.3116530e+06   5.5786133e+01
   3.3116640e+06   4.1931152e+01
   3.3116860e+06   5.3161621e+01
   3.3117220e+06   3.7902832e+01
   3.3117420e+06   3.7353516e+01
   3.3117870e+06   6.0852051e+01
   3.3118250e+06   3.7536621e+01
   3.3118520e+06   3.6499023e+01
   3.3119630e+06   4.8034668e+01
   3.3120060e+06   5.2124023e+01
   3.3120360e+06   3.9916992e+01
   3.3121170e+06   3.7170410e+01
   3.3656580e+06   3.8757324e+01
   3.3657080e+06   3.7963867e+01
   3.3657420e+06   5.4931641e+01
   3.3657790e+06   4.9804688e+01
   3.3659020e+06   4.6508789e+01
   3.3659120e+06   7.1899414e+01
   3.3659390e+06   7.2998047e+01
   3.3659720e+06   4.8339844e+01
   3.3660310e+06   3.9306641e+01
   3.3660750e+06   3.9978027e+01
   3.3660880e+06   4.1748047e+01
   3.3661300e+06   3.9001465e+01
   3.3661460e+06   3.9184570e+01
   3.3661950e+06   5.5664063e+01
   3.3662120e+06   6.5002441e+01
   3.3662610e+06   3.8024902e+01
   3.3663180e+06   4.6020508e+01
   3.3663990e+06   5.7617188e+01
   3.3664180e+06   3.7536621e+01
   3.3665100e+06   4.8950195e+01
   3.3666320e+06   3.9001465e+01
   3.3679270e+06   3.9062500e+01
   3.4293130e+06   3.6865234e+01
   3.4293560e+06   4.4189453e+01
   3.4294110e+06   3.8696289e+01
   3.4294540e+06   4.1381836e+01
   3.4294720e+06   3.7353516e+01
   3.4295460e+06   4.1381836e+01
   3.4295630e+06   4.0588379e+01
   3.4296010e+06   5.0354004e+01
   3.4296590e+06   5.2795410e+01
   3.4296950e+06   4.8217773e+01
   3.4297320e+06   5.8166504e+01
   3.4297800e+06   5.3039551e+01
   3.4298050e+06   4.9194336e+01
   3.4298400e+06   4.3090820e+01
   3.4298700e+06   3.7109375e+01
   3.4298810e+06   5.0964355e+01
   3.4299160e+06   6.3720703e+01
   3.4299450e+06   4.4189453e+01
   3.4299570e+06   3.8146973e+01
   3.4299830e+06   3.7231445e+01
   3.4300180e+06   3.7048340e+01
   3.4300940e+06   4.1931152e+01
   3.4301160e+06   4.0527344e+01
   3.4301810e+06   4.5959473e+01
   3.4302250e+06   4.6813965e+01
   3.4304090e+06   3.7536621e+01
   3.4321040e+06   3.6315918e+01
   3.4674190e+06   4.2053223e+01
   3.4674890e+06   5.0537109e+01
   3.4675020e+06   3.8757324e+01
   3.4675270e+06   5.2062988e+01
   3.4675650e+06   4.9255371e+01
   3.4675930e+06   3.7170410e+01
   3.4676340e+06   6.2622070e+01
   3.4676580e+06   3.7902832e+01
   3.4676930e+06   4.3334961e+01
   3.4677030e+06   5.9204102e+01
   3.4677180e+06   4.5166016e+01
   3.4677540e+06   6.8603516e+01
   3.4677670e+06   3.6682129e+01
   3.4677820e+06   5.7556152e+01
   3.4678320e+06   4.4128418e+01
   3.4678930e+06   4.1870117e+01
   3.4679240e+06   5.9570313e+01
   3.4679540e+06   4.1809082e+01
   3.4679960e+06   3.7597656e+01
   3.4680230e+06   3.6621094e+01
   3.4680590e+06   4.9804688e+01
   3.4680940e+06   4.8156738e+01
   3.4681470e+06   3.7963867e+01
   3.4682790e+06   5.1818848e+01
   3.4688190e+06   4.9438477e+01
   3.4688420e+06   3.6315918e+01
   3.4979160e+06   3.9550781e+01
   3.4979340e+06   3.9489746e+01
   3.4979900e+06   4.0588379e+01
   3.4980090e+06   4.1259766e+01
   3.4981070e+06   3.7780762e+01
   3.4981750e+06   6.1279297e+01
   3.4982420e+06   4.4311523e+01
   3.4982750e+06   3.8574219e+01
   3.4983010e+06   4.3212891e+01
   3.4983500e+06   4.1076660e+01
   3.4983740e+06   6.0119629e+01
   3.4984340e+06   3.9611816e+01
   3.4985340e+06   4.5471191e+01
   3.4986130e+06   3.8269043e+01
   3.4986760e+06   3.9733887e+01
   3.4986990e+06   4.8217773e+01
   3.4987310e+06   5.2978516e+01
   3.4988230e+06   4.6203613e+01
   3.4988360e+06   4.2541504e+01
   3.4988600e+06   4.8950195e+01
   3.4992840e+06   3.8940430e+01
   3.5306850e+06   4.6936035e+01
   3.5307640e+06   3.7292480e+01
   3.5308030e+06   5.2856445e+01
   3.5308250e+06   3.6499023e+01
   3.5308480e+06   5.8410645e+01
   3.5308780e+06   3.9367676e+01
   3.5309190e+06   4.1503906e+01
   3.5309750e+06   4.0222168e+01
   3.5310380e+06   3.9978027e+01
   3.5310850e+06   4.6081543e+01
   3.5312180e+06   5.9936523e+01
   3.5312350e+06   4.0771484e+01
   3.5312610e+06   3.6865234e+01
   3.5313020e+06   3.7414551e+01
   3.5314360e+06   3.8085938e+01
   3.5314910e+06   4.3823242e+01
   3.5315250e+06   4.6813965e+01
   3.5316580e+06   5.3161621e+01
   3.5317100e+06   3.6560059e+01
   3.5317330e+06   3.9306641e+01
   3.5317730e+06   4.1809082e+01
   3.5319480e+06   4.3762207e+01
   3.5576980e+06   4.1992188e+01
   3.5577930e+06   4.4433594e+01
   3.5578180e+06   4.7302246e+01
   3.5578360e+06   4.6997070e+01
   3.5578690e+06   3.6621094e+01
   3.5579780e+06   3.9184570e+01
   3.5580640e+06   3.7170410e+01
   3.5581310e+06   4.4189453e+01
   3.5581960e+06   4.0100098e+01
   3.5583240e+06   4.3518066e+01
   3.5583710e+06   4.5837402e+01
   3.5584100e+06   4.0100098e+01
   3.5584620e+06   4.0344238e+01
   3.5589450e+06   4.1809082e+01
   3.5595290e+06   4.2724609e+01
   3.5825980e+06   4.9438477e+01
   3.5826160e+06   4.4067383e+01
   3.5827280e+06   4.1931152e+01
   3.5828040e+06   3.8208008e+01
   3.5828400e+06   3.6437988e+01
   3.5828860e+06   5.0537109e+01
   3.5829950e+06   4.0222168e+01
   3.5830160e+06   3.9428711e+01
   3.5830440e+06   4.2175293e+01
   3.5830810e+06   4.4494629e+01
   3.5830920e+06   5.6884766e+01
   3.5831480e+06   4.4677734e+01
   3.5832550e+06   4.6325684e+01
   3.5832950e+06   4.7607422e+01
   3.5834470e+06   3.8574219e+01
   3.5834950e+06   3.9184570e+01
   3.5835400e+06   4.7729492e+01
   3.5835660e+06   4.1076660e+01
   3.5836260e+06   3.7475586e+01
   3.6088060e+06   4.1992188e+01
   3.6088570e+06   4.6142578e+01
   3.6088850e+06   4.6691895e+01
   3.6089250e+06   5.9387207e+01
   3.6089580e+06   5.1879883e+01
   3.6090070e+06   5.6213379e+01
   3.6091180e+06   3.7719727e+01
   3.6091520e+06   4.0283203e+01
   3.6092220e+06   4.0649414e+01
   3.6093330e+06   4.1198730e+01
   3.6093610e+06   4.0649414e+01
   3.6093830e+06   4.2175293e+01
   3.6094120e+06   4.7912598e+01
   3.6094560e+06   4.8889160e+01
   3.6094750e+06   3.6621094e+01
   3.6095660e+06   3.7902832e+01
   3.6096510e+06   3.9978027e+01
   3.6096850e+06   3.8635254e+01
   3.6105610e+06   3.7536621e+01
   3.6348570e+06   4.0039063e+01
   3.6348920e+06   4.4189453e+01
   3.6349240e+06   3.6865234e+01
   3.6349660e+06   4.1625977e+01
   3.6350650e+06   3.6987305e+01
   3.6351380e+06   6.6833496e+01
   3.6352270e+06   3.8635254e+01
   3.6353920e+06   4.2480469e+01
   3.6354360e+06   4.4677734e+01
   3.6356780e+06   4.2724609e+01
   3.6357430e+06   3.8269043e+01
   3.6357730e+06   3.6560059e+01
   3.6358060e+06   3.8574219e+01
   3.6606910e+06   3.7963867e+01
   3.6607570e+06   4.0771484e+01
   3.6609070e+06   3.9184570e+01
   3.6609600e+06   4.3457031e+01
   3.6609800e+06   3.8696289e+01
   3.6610080e+06   3.7048340e+01
   3.6610400e+06   3.7414551e+01
   3.6610780e+06   5.1513672e+01
   3.6611140e+06   4.3090820e+01
   3.6611800e+06   4.2053223e+01
   3.6611940e+06   6.0180664e+01
   3.6612190e+06   4.5471191e+01
   3.6613320e+06   3.9550781e+01
   3.6614270e+06   3.9550781e+01
   3.6614750e+06   4.3579102e+01
   3.6615170e+06   3.6865234e+01
   3.6615610e+06   5.0842285e+01
   3.6615920e+06   4.5288086e+01
   3.6616670e+06   3.6926270e+01
   3.6863990e+06   3.6926270e+01
   3.6864330e+06   4.1503906e+01
   3.6864900e+06   3.9062500e+01
   3.6865600e+06   3.6682129e+01
   3.6866080e+06   4.4860840e+01
   3.6866990e+06   4.4433594e+01
   3.6867210e+06   3.6376953e+01
   3.6868210e+06   3.6987305e+01
   3.6868320e+06   4.8645020e+01
   3.6869820e+06   4.1259766e+01
   3.6870240e+06   4.6203613e+01
   3.6870370e+06   5.8898926e+01
   3.6870730e+06   4.6813965e+01
   3.6870860e+06   3.7780762e+01
   3.6872500e+06   3.8085938e+01
   3.6872850e+06   4.4067383e+01
   3.6873630e+06   4.1625977e+01
   3.6874140e+06   4.0710449e+01
   3.6877080e+06   3.6743164e+01
   3.7130020e+06   3.7048340e+01
   3.7131770e+06   4.3395996e+01
   3.7132130e+06   3.9978027e+01
   3.7132740e+06   4.0771484e+01
   3.7132900e+06   3.7597656e+01
   3.7133140e+06   3.7780762e+01
   3.7133860e+06   3.9855957e+01
   3.7134270e+06   4.7424316e+01
   3.7134520e+06   3.8024902e+01
   3.7134900e+06   3.9062500e+01
   3.7135350e+06   4.0161133e+01
   3.7136540e+06   3.6315918e+01
   3.7136930e+06   4.7241211e+01
   3.7138240e+06   3.8452148e+01
   3.7139280e+06   3.6621094e+01
   3.7143470e+06   3.6437988e+01
   3.7400520e+06   3.7658691e+01
   3.7401040e+06   3.9184570e+01
   3.7402700e+06   3.8146973e+01
   3.7404060e+06   3.8757324e+01
   3.7404680e+06   3.7353516e+01
   3.7405550e+06   3.8208008e+01
   3.7423120e+06   3.9367676e+01
   3.7725730e+06   3.6560059e+01
   3.7727220e+06   4.3579102e+01
   3.7727470e+06   4.9987793e+01
   3.7727780e+06   4.0405273e+01
   3.7728100e+06   4.3212891e+01
   3.7728580e+06   4.4250488e+01
   3.7728940e+06   4.8828125e+01
   3.7729580e+06   4.2785645e+01
   3.7729900e+06   4.0710449e+01
   3.7732950e+06   4.3151855e+01
   3.7733790e+06   4.7973633e+01
   3.7735720e+06   3.8818359e+01
   3.7735960e+06   4.2419434e+01
   3.7736370e+06   3.7536621e+01
   3.7738260e+06   3.9062500e+01
   3.8087970e+06   3.6499023e+01
   3.8089310e+06   3.9306641e+01
   3.8090470e+06   4.2785645e+01
   3.8090710e+06   4.5043945e+01
   3.8091490e+06   3.8757324e+01
   3.8091600e+06   4.6997070e+01
   3.8092040e+06   4.2297363e+01
   3.8092210e+06   4.3640137e+01
   3.8092630e+06   3.9978027e+01
   3.8094240e+06   3.9062500e+01
   3.8095500e+06   4.3334961e+01
   3.8095660e+06   4.8583984e+01
   3.8096880e+06   6.2316895e+01
   3.8097890e+06   3.8024902e+01
   3.8100240e+06   3.8818359e+01
   3.8100870e+06   3.7292480e+01
   3.8108250e+06   4.2846680e+01
   3.8364870e+06   3.8513184e+01
   3.8366890e+06   3.8635254e+01
   3.8367500e+06   4.1076660e+01
   3.8367790e+06   3.9367676e+01
   3.8369350e+06   3.8818359e+01
   3.8369740e+06   4.5898438e+01
   3.8660290e+06   3.7597656e+01
   3.8660710e+06   4.5288086e+01
   3.8661280e+06   4.2907715e+01
   3.8661670e+06   4.1015625e+01
   3.8661810e+06   4.3334961e+01
   3.8662280e+06   5.3222656e+01
   3.8662550e+06   3.7658691e+01
   3.8663170e+06   4.3701172e+01
   3.8663350e+06   4.3457031e+01
   3.8663640e+06   3.8940430e+01
   3.8664690e+06   3.9855957e+01
   3.8665250e+06   4.9682617e+01
   3.8963910e+06   4.4128418e+01
   3.8964620e+06   4.4006348e+01
   3.8965640e+06   4.2724609e+01
   3.8966280e+06   4.4189453e+01
   3.8967210e+06   4.5410156e+01
   3.8969030e+06   3.9367676e+01
   3.8969410e+06   5.0415039e+01
   3.8971830e+06   3.7048340e+01
   3.8972570e+06   3.8635254e+01
   3.9366380e+06   4.0100098e+01
   3.9367420e+06   3.7170410e+01
   3.9368490e+06   5.0842285e+01
   3.9369710e+06   4.2968750e+01
   3.9370000e+06   3.8574219e+01
   3.9370430e+06   4.8339844e+01
   3.9371140e+06   4.0954590e+01
   3.9372890e+06   4.9926758e+01
   3.9373210e+06   3.8452148e+01
   3.9373750e+06   5.0903320e+01
   3.9374460e+06   4.0039063e+01
   3.9375800e+06   3.9978027e+01
   3.9376640e+06   3.6743164e+01
   3.9708810e+06   3.7475586e+01
   3.9710110e+06   4.2541504e+01
   3.9710470e+06   4.8828125e+01
   3.9712230e+06   3.8879395e+01
   3.9714000e+06   4.4677734e+01
   3.9714320e+06   3.7902832e+01
   3.9715570e+06   4.0954590e+01
   3.9715730e+06   3.6437988e+01
   4.0041050e+06   3.7597656e+01
   4.0043710e+06   4.9926758e+01
   4.0044000e+06   4.2175293e+01
   4.0045510e+06   4.2663574e+01
   4.0046520e+06   4.8217773e+01
   4.0047580e+06   3.6926270e+01
   4.0048360e+06   3.9306641e+01
   4.0048580e+06   3.8940430e+01
   4.0455160e+06   4.8950195e+01
   4.0455640e+06   3.7109375e+01
   4.0457050e+06   4.4555664e+01
   4.0457590e+06   4.3395996e+01
   4.0457870e+06   3.6376953e+01
   4.0458550e+06   3.9184570e+01
   4.0459210e+06   4.6997070e+01
   4.0459590e+06   4.5715332e+01
   4.0460040e+06   4.7973633e+01
   4.0460350e+06   4.8461914e+01
   4.0460660e+06   5.3588867e+01
   4.0461260e+06   4.1015625e+01
   4.0461460e+06   4.2236328e+01
   4.0461610e+06   3.7109375e+01
   4.0462850e+06   5.4565430e+01
   4.0463230e+06   3.9184570e+01
   4.0465610e+06   4.2541504e+01
   4.0466000e+06   4.3457031e+01
   4.0921650e+06   4.1564941e+01
   4.0922730e+06   4.0222168e+01
   4.0922980e+06   3.9916992e+01
   4.0923360e+06   3.9428711e+01
   4.0924070e+06   4.3090820e+01
   4.0925600e+06   3.8940430e+01
   4.0925710e+06   4.0283203e+01
   4.0926330e+06   3.8879395e+01
   4.0926690e+06   4.0405273e+01
   4.0926840e+06   4.1198730e+01
   4.0927930e+06   4.2846680e+01
   4.0928330e+06   3.7109375e+01
   4.0928690e+06   3.6926270e+01
   4.0930700e+06   4.2053223e+01
   4.0933010e+06   3.6437988e+01
   4.1423930e+06   3.8696289e+01
   4.1425300e+06   4.2968750e+01
   4.1425630e+06   4.1015625e+01
   4.1427180e+06   5.6030273e+01
   4.1427290e+06   6.4758301e+01
   4.1427940e+06   4.6264648e+01
   4.1428190e+06   3.7963867e+01
   4.1428940e+06   4.7790527e+01
   4.1429490e+06   5.2978516e+01
   4.1430050e+06   4.5837402e+01
   4.1430940e+06   3.7658691e+01
   4.1431430e+06   3.7048340e+01
   4.1435330e+06   4.2297363e+01
   4.1865990e+06   3.7231445e+01
   4.1868120e+06   3.7475586e+01
   4.1868640e+06   3.6804199e+01
   4.1868830e+06   4.6386719e+01
   4.1869610e+06   3.7414551e+01
   4.1870110e+06   3.6499023e+01
   4.1870520e+06   4.0161133e+01
   4.1871040e+06   4.1564941e+01
   4.1872020e+06   4.1992188e+01
   4.1872240e+06   3.8452148e+01
   4.1873450e+06   3.9611816e+01
   4.1873740e+06   3.7353516e+01
   4.8142790e+06   4.3884277e+01
   4.8143310e+06   4.2846680e+01
   4.8143560e+06   4.3823242e+01
   4.8143770e+06   4.1076660e+01
   4.8144170e+06   4.1931152e+01
   4.8144430e+06   6.2194824e+01
   4.8144660e+06   7.0251465e+01
   4.8144970e+06   5.5603027e+01
   4.8145160e+06   4.8095703e+01
   4.8145910e+06   4.0283203e+01
   4.8146210e+06   3.9672852e+01
   4.8146380e+06   5.2124023e+01
   4.8146590e+06   4.9743652e+01
   4.8147030e+06   4.4799805e+01
   4.8147190e+06   5.0415039e+01
   4.8147530e+06   4.8889160e+01
   4.8147820e+06   4.2663574e+01
   4.8148300e+06   4.9194336e+01
   4.8149270e+06   3.9306641e+01
   4.8149980e+06   4.5410156e+01
   4.8152950e+06   3.7597656e+01
   4.8159430e+06   4.2053223e+01
   5.0213820e+06   3.9245605e+01
   5.0214220e+06   5.6335449e+01
   5.0214500e+06   3.8085938e+01
   5.0215100e+06   5.4382324e+01
   5.0215330e+06   3.9306641e+01
   5.0215700e+06   4.5288086e+01
   5.0216410e+06   3.9550781e+01
   5.0216860e+06   4.6875000e+01
   5.0217190e+06   4.9133301e+01
   5.0217480e+06   4.6142578e+01
   5.0217760e+06   3.6743164e+01
   5.0217910e+06   5.2612305e+01
   5.0218410e+06   4.3640137e+01
   5.0218600e+06   6.6162109e+01
   5.0218780e+06   5.0048828e+01
   5.0219030e+06   5.3161621e+01
   5.0219430e+06   4.7546387e+01
   5.0219790e+06   3.7353516e+01
   5.0220050e+06   4.7668457e+01
   5.0220260e+06   3.8574219e+01
   5.0220660e+06   3.7841797e+01
   5.0221650e+06   3.6437988e+01
   5.1251980e+06   3.8208008e+01
   5.1252220e+06   3.9245605e+01
   5.1253140e+06   4.4799805e+01
   5.1253840e+06   4.3579102e+01
   5.1254050e+06   6.3293457e+01
   5.1254210e+06   4.0527344e+01
   5.1254410e+06   3.9062500e+01
   5.1254930e+06   5.4870605e+01
   5.1255640e+06   3.6926270e+01
   5.1255930e+06   4.8828125e+01
   5.1256050e+06   4.0954590e+01
   5.1256430e+06   3.9489746e+01
   5.1257480e+06   3.6499023e+01
   5.1257700e+06   4.1931152e+01
   5.1258050e+06   6.1889648e+01
   5.1258320e+06   3.6437988e+01
   5.1258530e+06   4.0039063e+01
   5.1258760e+06   4.3457031e+01
   5.1259390e+06   6.7016602e+01
   5.1260110e+06   5.1086426e+01
   5.1260610e+06   5.8715820e+01
   5.1261130e+06   6.5551758e+01
   5.1261390e+06   4.6508789e+01
   5.1262060e+06   3.7048340e+01
   5.1262700e+06   3.9611816e+01
   5.1751100e+06   3.6987305e+01
   5.1751990e+06   3.6682129e+01
   5.1752650e+06   5.2734375e+01
   5.1752940e+06   5.1635742e+01
   5.1753460e+06   5.7250977e+01
   5.1753710e+06   4.6508789e+01
   5.1753830e+06   7.3486328e+01
   5.1754150e+06   4.7973633e+01
   5.1754400e+06   4.4372559e+01
   5.1754660e+06   4.0771484e+01
   5.1755090e+06   4.9194336e+01
   5.1755320e+06   4.9682617e+01
   5.1755540e+06   5.0415039e+01
   5.1755730e+06   4.6325684e+01
   5.1756060e+06   5.0048828e+01
   5.1756350e+06   3.7719727e+01
   5.1756580e+06   4.9194336e+01
   5.1756760e+06   5.4504395e+01
   5.1757260e+06   4.4494629e+01
   5.1757880e+06   5.4382324e+01
   5.1758170e+06   4.1809082e+01
   5.1758690e+06   3.9672852e+01
   5.1759330e+06   3.7719727e+01
   5.1759580e+06   5.9692383e+01
   5.1760090e+06   3.8818359e+01
   5.1761220e+06   3.9733887e+01
   5.1762380e+06   3.9184570e+01
   5.2388200e+06   4.9560547e+01
   5.2388840e+06   3.9001465e+01
   5.2389260e+06   5.8959961e+01
   5.2389580e+06   5.7800293e+01
   5.2390320e+06   4.3090820e+01
   5.2390590e+06   4.5166016e+01
   5.2391200e+06   5.0598145e+01
   5.2391310e+06   5.0598145e+01
   5.2391630e+06   4.4677734e+01
   5.2391780e+06   4.4555664e+01
   5.2392050e+06   5.4016113e+01
   5.2392200e+06   4.9499512e+01
   5.2392700e+06   3.8146973e+01
   5.2393010e+06   4.5349121e+01
   5.2393450e+06   4.5593262e+01
   5.2393880e+06   4.5715332e+01
   5.2394100e+06   4.1015625e+01
   5.2394290e+06   4.7912598e+01
   5.2394680e+06   3.9978027e+01
   5.2395310e+06   4.3762207e+01
   5.2395470e+06   6.8603516e+01
   5.2395700e+06   3.7963867e+01
   5.2396240e+06   5.3710938e+01
   5.2396450e+06   5.1757813e+01
   5.2397330e+06   4.6386719e+01
   5.2397450e+06   4.9072266e+01
   5.2398050e+06   3.7658691e+01
   5.2398410e+06   3.8757324e+01
   5.2398710e+06   4.1809082e+01
   5.2401890e+06   4.3945313e+01
   5.2755380e+06   4.0222168e+01
   5.2756050e+06   3.6560059e+01
   5.2756450e+06   3.9245605e+01
   5.2756590e+06   4.3701172e+01
   5.2756910e+06   4.5349121e+01
   5.2757530e+06   4.3762207e+01
   5.2757760e+06   4.4128418e+01
   5.2757900e+06   5.9448242e+01
   5.2758340e+06   4.8706055e+01
   5.2758640e+06   5.6030273e+01
   5.2759220e+06   4.3884277e+01
   5.2759510e+06   5.1879883e+01
   5.2759680e+06   3.6682129e+01
   5.2760300e+06   3.9611816e+01
   5.2760450e+06   4.3395996e+01
   5.2761210e+06   3.9184570e+01
   5.2761870e+06   5.5236816e+01
   5.2762130e+06   3.6437988e+01
   5.2762230e+06   3.8146973e+01
   5.2762810e+06   5.3222656e+01
   5.2763320e+06   4.6325684e+01
   5.2763430e+06   3.9184570e+01
   5.2764700e+06   7.8125000e+01
   5.2764910e+06   4.3334961e+01
   5.2765550e+06   3.8208008e+01
   5.2766230e+06   4.0893555e+01
   5.3101010e+06   4.4555664e+01
   5.3101910e+06   4.3762207e+01
   5.3102360e+06   5.1208496e+01
   5.3102700e+06   3.7902832e+01
   5.3103020e+06   4.8828125e+01
   5.3103380e+06   5.3710938e+01
   5.3103660e+06   4.3579102e+01
   5.3104220e+06   4.7424316e+01
   5.3104360e+06   6.1096191e+01
   5.3104580e+06   5.1696777e+01
   5.3104940e+06   4.1015625e+01
   5.3105510e+06   4.1076660e+01
   5.3105710e+06   4.0527344e+01
   5.3106120e+06   3.8757324e+01
   5.3106270e+06   4.2785645e+01
   5.3106530e+06   3.7292480e+01
   5.3108000e+06   5.2490234e+01
   5.3108370e+06   4.7973633e+01
   5.3108760e+06   3.6987305e+01
   5.3109220e+06   5.9265137e+01
   5.3109730e+06   4.5043945e+01
   5.3110560e+06   4.3884277e+01
   5.3112990e+06   3.7109375e+01
   5.3349000e+06   3.9550781e+01
   5.3349720e+06   4.2480469e+01
   5.3350140e+06   4.0222168e+01
   5.3350600e+06   3.6682129e+01
   5.3350870e+06   4.1870117e+01
   5.3351330e+06   4.2602539e+01
   5.3351450e+06   5.3588867e+01
   5.3351730e+06   3.6560059e+01
   5.3352760e+06   5.8959961e+01
   5.3353150e+06   3.6804199e+01
   5.3354190e+06   4.5410156e+01
   5.3354870e+06   3.8879395e+01
   5.3355130e+06   3.9123535e+01
   5.3355610e+06   3.9062500e+01
   5.3356670e+06   3.7597656e+01
   5.3356830e+06   4.0039063e+01
   5.3357080e+06   4.0710449e+01
   5.3357800e+06   4.1320801e+01
   5.3358180e+06   3.6682129e+01
   5.3589970e+06   4.7607422e+01
   5.3590370e+06   3.6743164e+01
   5.3590690e+06   4.2602539e+01
   5.3591270e+06   3.8635254e+01
   5.3591530e+06   3.9978027e+01
   5.3591940e+06   5.7739258e+01
   5.3592280e+06   3.9184570e+01
   5.3592700e+06   4.4738770e+01
   5.3593780e+06   4.1259766e+01
   5.3594450e+06   4.4128418e+01
   5.3596590e+06   4.6508789e+01
   5.3600690e+06   3.9672852e+01
   5.3824510e+06   3.6376953e+01
   5.3826020e+06   4.0588379e+01
   5.3826300e+06   4.5898438e+01
   5.3826590e+06   3.7109375e+01
   5.3827280e+06   3.7353516e+01
   5.3827510e+06   6.7871094e+01
   5.3828550e+06   4.8889160e+01
   5.3828850e+06   4.8583984e+01
   5.3829880e+06   3.7963867e+01
   5.3830780e+06   4.6569824e+01
   5.3831740e+06   4.1748047e+01
   5.3832380e+06   3.7597656e+01
   5.3834600e+06   3.8452148e+01
   5.4009490e+06   4.1503906e+01
   5.4010190e+06   3.9855957e+01
   5.4010860e+06   3.6437988e+01
   5.4011530e+06   3.6315918e+01
   5.4011870e+06   3.8024902e+01
   5.4014640e+06   4.1381836e+01
   5.4015040e+06   4.3579102e+01
   5.4016810e+06   4.2480469e+01
   5.4266180e+06   3.8696289e+01
   5.4266680e+06   4.2297363e+01
   5.4267100e+06   6.3049316e+01
   5.4267790e+06   4.7912598e+01
   5.4268400e+06   3.8513184e+01
   5.4268980e+06   5.2429199e+01
   5.4269180e+06   4.9804688e+01
   5.4269600e+06   4.0039063e+01
   5.4270710e+06   3.6437988e+01
   5.4271350e+06   5.2124023e+01
   5.4274730e+06   3.7231445e+01
   5.4275990e+06   3.6743164e+01
   5.4276850e+06   3.7719727e+01
   5.4277260e+06   5.2795410e+01
   5.4572680e+06   3.7109375e+01
   5.4573390e+06   4.8522949e+01
   5.4573920e+06   3.7231445e+01
   5.4575620e+06   4.2419434e+01
   5.4575760e+06   3.6926270e+01
   5.4576240e+06   3.9245605e+01
   5.4576680e+06   3.9123535e+01
   5.4577720e+06   3.9794922e+01
   5.4578880e+06   4.3273926e+01
   5.4579420e+06   4.2236328e+01
   5.4579740e+06   4.9194336e+01
   5.4580370e+06   4.9682617e+01
   5.4580670e+06   4.4677734e+01
   5.4581710e+06   3.8391113e+01
   5.4581950e+06   3.7536621e+01
   5.4582380e+06   5.0109863e+01
   5.4583430e+06   5.6030273e+01
   5.4583790e+06   4.0771484e+01
   5.4583920e+06   4.4738770e+01
   5.4875110e+06   5.3955078e+01
   5.4875650e+06   3.7353516e+01
   5.4875990e+06   5.0720215e+01
   5.4877090e+06   4.1748047e+01
   5.4877460e+06   4.2846680e+01
   5.4877570e+06   4.8950195e+01
   5.4878030e+06   4.1625977e+01
   5.4878390e+06   4.2480469e+01
   5.4880350e+06   4.1503906e+01
   5.4880890e+06   4.4799805e+01
   5.4881260e+06   4.4433594e+01
   5.4881470e+06   4.1625977e+01
   5.4881750e+06   4.2907715e+01
   5.4882190e+06   3.6376953e+01
   5.4882440e+06   4.2785645e+01
   5.4884300e+06   4.0527344e+01
   5.5204850e+06   3.6560059e+01
   5.5205570e+06   3.8452148e+01
   5.5205710e+06   4.9011230e+01
   5.5206280e+06   3.8940430e+01
   5.5206660e+06   3.7658691e+01
   5.5206930e+06   4.1381836e+01
   5.5207260e+06   3.9978027e+01
   5.5207670e+06   4.0222168e+01
   5.5207880e+06   4.0649414e+01
   5.5208830e+06   3.8574219e+01
   5.5209020e+06   4.2297363e+01
   5.5209310e+06   3.8024902e+01
   5.5209840e+06   4.2724609e+01
   5.5210670e+06   4.9926758e+01
   5.5210790e+06   4.0283203e+01
   5.5211630e+06   5.0292969e+01
   5.5212010e+06   4.3518066e+01
   5.5212550e+06   4.2175293e+01
   5.5213320e+06   3.8085938e+01
   5.5213900e+06   4.7424316e+01
   5.5214320e+06   4.4555664e+01
   5.5214740e+06   3.7414551e+01
   5.5215020e+06   3.7170410e+01
   5.5215660e+06   3.7353516e+01
   5.5216170e+06   3.8391113e+01
   5.5542930e+06   3.6804199e+01
   5.5544010e+06   4.0039063e+01
   5.5544840e+06   3.8146973e+01
   5.5545680e+06   4.0161133e+01
   5.5545910e+06   4.1259766e+01
   5.5546270e+06   5.6091309e+01
   5.5546480e+06   4.9377441e+01
   5.5546670e+06   4.1442871e+01
   5.5547410e+06   4.5593262e+01
   5.5547720e+06   3.7414551e+01
   5.5548740e+06   4.0100098e+01
   5.5549290e+06   3.9123535e+01
   5.5550160e+06   4.4494629e+01
   5.5553180e+06   4.3884277e+01
   5.5554210e+06   3.9184570e+01
   5.5861010e+06   3.8391113e+01
   5.5861920e+06   4.1320801e+01
   5.5862370e+06   4.5776367e+01
   5.5862850e+06   5.1269531e+01
   5.5863230e+06   4.5410156e+01
   5.5863370e+06   5.0231934e+01
   5.5864200e+06   5.0720215e+01
   5.5864680e+06   4.1198730e+01
   5.5864780e+06   3.6926270e+01
   5.5865860e+06   4.1198730e+01
   5.5868070e+06   3.7780762e+01
   5.5875190e+06   4.1931152e+01
   5.6166060e+06   3.8574219e+01
   5.6169220e+06   4.1320801e+01
   5.6169440e+06   3.7414551e+01
   5.6170020e+06   4.5532227e+01
   5.6171000e+06   4.1748047e+01
   5.6171440e+06   4.3457031e+01
   5.6172190e+06   3.8085938e+01
   5.6172300e+06   3.7902832e+01
   5.6177910e+06   3.7414551e+01
   5.6183160e+06   3.7048340e+01
   5.6482870e+06   4.6386719e+01
   5.6483380e+06   6.0424805e+01
   5.6483490e+06   5.2185059e+01
   5.6483990e+06   4.2541504e+01
   5.6484650e+06   4.0161133e+01
   5.6486820e+06   6.0974121e+01
   5.6488180e+06   3.6376953e+01
   5.6488630e+06   3.8574219e+01
   5.6489160e+06   3.7597656e+01
   5.6491680e+06   3.6315918e+01
   5.6885860e+06   4.2602539e+01
   5.6886450e+06   3.8940430e+01
   5.6886900e+06   4.3212891e+01
   5.6887180e+06   4.2602539e+01
   5.6887430e+06   4.2724609e+01
   5.6888690e+06   3.7231445e+01
   5.6889440e+06   3.9428711e+01
   5.6891540e+06   4.7912598e+01
   5.6895020e+06   3.8208008e+01
   5.6895310e+06   3.6376953e+01
   5.6896580e+06   4.3457031e+01
   5.6897620e+06   3.7780762e+01
   5.7201810e+06   3.6621094e+01
   5.7202320e+06   4.3945313e+01
   5.7202760e+06   3.6682129e+01
   5.7203100e+06   3.8146973e+01
   5.7203660e+06   3.8024902e+01
   5.7204200e+06   4.1625977e+01
   5.7205000e+06   3.9916992e+01
   5.7205840e+06   4.6508789e+01
   5.7206250e+06   3.8085938e+01
   5.7206760e+06   4.0527344e+01
   5.7207790e+06   4.1198730e+01
   5.7584530e+06   3.6621094e+01
   5.7585850e+06   3.7170410e+01
   5.7586090e+06   3.7170410e+01
   5.7586290e+06   3.9611816e+01
   5.7586800e+06   4.5715332e+01
   5.7588230e+06   3.9611816e+01
   5.7589680e+06   3.9001465e+01
   5.7589870e+06   3.7658691e+01
   5.7590730e+06   3.6315918e+01
   5.7591200e+06   4.0405273e+01
   5.7592550e+06   4.0832520e+01
   5.7596090e+06   3.9001465e+01
   5.8081860e+06   3.9123535e+01
   5.8082790e+06   3.7536621e+01
   5.8083510e+06   4.7302246e+01
   5.8083940e+06   3.9550781e+01
   5.8084470e+06   4.3457031e+01
   5.8084880e+06   4.6508789e+01
   5.8085600e+06   5.1513672e+01
   5.8085820e+06   4.5104980e+01
   5.8086330e+06   4.3701172e+01
   5.8087090e+06   4.6203613e+01
   5.8087350e+06   4.5776367e+01
   5.8089530e+06   4.2663574e+01
   5.8090110e+06   4.4616699e+01
   5.8090980e+06   3.8513184e+01
   5.8091360e+06   4.5532227e+01
   5.8092470e+06   4.1625977e+01
   5.8094320e+06   3.8208008e+01
   5.8097330e+06   4.1320801e+01
   6.5702050e+06   3.8452148e+01
   6.5702320e+06   3.9916992e+01
   6.5702450e+06   3.8818359e+01
   6.5702780e+06   3.7902832e+01
   6.5703290e+06   5.9875488e+01
   6.5703500e+06   4.7119141e+01
   6.5703720e+06   5.9082031e+01
   6.5703930e+06   7.2326660e+01
   6.5704320e+06   3.9184570e+01
   6.5704770e+06   9.3078613e+01
   6.5705090e+06   4.5288086e+01
   6.5705300e+06   5.6945801e+01
   6.5705420e+06   3.8085938e+01
   6.5705900e+06   4.3334961e+01
   6.5706130e+06   3.7231445e+01
   6.5706380e+06   6.4697266e+01
   6.5706500e+06   3.6865234e+01
   6.5706970e+06   5.0109863e+01
   6.5707260e+06   4.9499512e+01
   6.5707860e+06   5.1818848e+01
   6.5708050e+06   5.6030273e+01
   6.5708380e+06   3.8085938e+01
   6.5708500e+06   4.3945313e+01
   6.5709270e+06   4.4616699e+01
   6.5709790e+06   4.5898438e+01
   6.5710090e+06   3.8879395e+01
   6.5710580e+06   4.1931152e+01
   6.5711470e+06   3.9245605e+01
   6.5714550e+06   3.6499023e+01
   6.7205030e+06   3.6437988e+01
   6.7206880e+06   4.6569824e+01
   6.7207240e+06   5.8227539e+01
   6.7207540e+06   5.1574707e+01
   6.7207820e+06   4.2968750e+01
   6.7208480e+06   5.2551270e+01
   6.7209240e+06   3.7170410e+01
   6.7209430e+06   4.6264648e+01
   6.7209790e+06   4.4921875e+01
   6.7210110e+06   5.9692383e+01
   6.7210530e+06   3.8635254e+01
   6.7211140e+06   3.7292480e+01
   6.7211470e+06   5.0842285e+01
   6.7211570e+06   6.7749023e+01
   6.7211830e+06   3.6437988e+01
   6.7212200e+06   4.1015625e+01
   6.7212700e+06   3.9123535e+01
   6.7213080e+06   4.2053223e+01
   6.7214700e+06   4.5166016e+01
   6.7216680e+06   3.8513184e+01
   6.7217590e+06   4.2541504e+01
   6.7219880e+06   4.7607422e+01
   6.8366790e+06   4.4189453e+01
   6.8366970e+06   4.6386719e+01
   6.8367530e+06   3.8574219e+01
   6.8367750e+06   4.3579102e+01
   6.8368160e+06   4.3640137e+01
   6.8368360e+06   5.1391602e+01
   6.8368510e+06   6.2072754e+01
   6.8368680e+06   4.3823242e+01
   6.8369310e+06   4.4372559e+01
   6.8369430e+06   6.5673828e+01
   6.8369640e+06   3.8208008e+01
   6.8370020e+06   4.9987793e+01
   6.8371090e+06   4.1931152e+01
   6.8371270e+06   3.7170410e+01
   6.8371610e+06   4.1625977e+01
   6.8371810e+06   7.0922852e+01
   6.8372070e+06   5.5480957e+01
   6.8372690e+06   3.8452148e+01
   6.8372880e+06   3.7231445e+01
   6.8373340e+06   4.7058105e+01
   6.8373640e+06   4.7607422e+01
   6.8374120e+06   4.2785645e+01
   6.8374400e+06   6.0363770e+01
   6.8374830e+06   4.9377441e+01
   6.8377800e+06   3.6987305e+01
   6.8907230e+06   4.6569824e+01
   6.8908080e+06   3.6560059e+01
   6.8908220e+06   3.9428711e+01
   6.8908490e+06   4.4128418e+01
   6.8908730e+06   4.0893555e+01
   6.8908960e+06   3.9550781e+01
   6.8909170e+06   3.7475586e+01
   6.8909420e+06   4.7973633e+01
   6.8909590e+06   5.2307129e+01
   6.8909870e+06   3.8574219e+01
   6.8910100e+06   3.6987305e+01
   6.8910410e+06   5.4016113e+01
   6.8910630e+06   4.4250488e+01
   6.8910810e+06   4.8156738e+01
   6.8911140e+06   4.3395996e+01
   6.8911350e+06   4.0710449e+01
   6.8911520e+06   3.7292480e+01
   6.8911810e+06   5.0231934e+01
   6.8912630e+06   4.4616699e+01
   6.8913050e+06   3.8757324e+01
   6.8913490e+06   3.6682129e+01
   6.8913850e+06   4.0832520e+01
   6.8914000e+06   5.0415039e+01
   6.8914230e+06   4.6081543e+01
   6.8916660e+06   4.0100098e+01
   6.8916870e+06   3.7170410e+01
   6.8918420e+06   3.7353516e+01
   6.8919140e+06   4.9133301e+01
   6.8920040e+06   3.8330078e+01
   6.8928370e+06   3.8208008e+01
   6.9677960e+06   4.0405273e+01
   6.9679030e+06   4.9194336e+01
   6.9679670e+06   4.1381836e+01
   6.9680400e+06   4.5776367e+01
   6.9680770e+06   4.8950195e+01
   6.9681280e+06   4.4982910e+01
   6.9681520e+06   5.1452637e+01
   6.9681690e+06   4.1503906e+01
   6.9681910e+06   3.9367676e+01
   6.9682110e+06   4.5043945e+01
   6.9682330e+06   3.7597656e+01
   6.9682520e+06   5.5175781e+01
   6.9682750e+06   7.8430176e+01
   6.9683140e+06   8.0017090e+01
   6.9683380e+06   5.7189941e+01
   6.9683510e+06   5.2612305e+01
   6.9683960e+06   4.2663574e+01
   6.9684280e+06   5.0170898e+01
   6.9684570e+06   4.2297363e+01
   6.9684870e+06   3.7170410e+01
   6.9685550e+06   4.1625977e+01
   6.9685840e+06   4.0100098e+01
   6.9686320e+06   4.6081543e+01
   6.9686470e+06   5.8837891e+01
   6.9686840e+06   4.6936035e+01
   6.9687290e+06   3.8085938e+01
   6.9692190e+06   3.7536621e+01
   7.0132710e+06   4.3334961e+01
   7.0134380e+06   4.6630859e+01
   7.0134710e+06   3.6437988e+01
   7.0135130e+06   3.6682129e+01
   7.0135920e+06   4.4006348e+01
   7.0136130e+06   4.1503906e+01
   7.0136430e+06   3.7719727e+01
   7.0136660e+06   4.1992188e+01
   7.0137160e+06   4.6020508e+01
   7.0137390e+06   5.6091309e+01
   7.0137700e+06   3.8024902e+01
   7.0138250e+06   4.0527344e+01
   7.0138440e+06   4.2541504e+01
   7.0138730e+06   4.4616699e+01
   7.0139060e+06   5.6579590e+01
   7.0139320e+06   6.1950684e+01
   7.0139570e+06   6.4147949e+01
   7.0140010e+06   4.9621582e+01
   7.0140540e+06   3.9978027e+01
   7.0140860e+06   3.9611816e+01
   7.0141250e+06   4.4555664e+01
   7.0141650e+06   3.8269043e+01
   7.0142360e+06   4.9865723e+01
   7.0142620e+06   4.4921875e+01
   7.0142870e+06   3.6621094e+01
   7.0143650e+06   3.9123535e+01
   7.0144400e+06   3.9062500e+01
   7.0144700e+06   4.0832520e+01
   7.0145000e+06   5.6762695e+01
   7.0147800e+06   4.1259766e+01
   7.0150410e+06   4.1198730e+01
   7.0576010e+06   3.8818359e+01
   7.0576410e+06   4.4372559e+01
   7.0576930e+06   3.8574219e+01
   7.0577080e+06   3.9489746e+01
   7.0578030e+06   5.8593750e+01
   7.0578230e+06   4.4250488e+01
   7.0578890e+06   4.6447754e+01
   7.0579420e+06   4.3273926e+01
   7.0579830e+06   4.7546387e+01
   7.0580140e+06   4.1564941e+01
   7.0580650e+06   3.9550781e+01
   7.0580830e+06   4.9438477e+01
   7.0581180e+06   6.4514160e+01
   7.0581930e+06   5.5053711e+01
   7.0582270e+06   3.8513184e+01
   7.0582390e+06   3.8452148e+01
   7.0582600e+06   3.8452148e+01
   7.0582950e+06   4.4555664e+01
   7.0583160e+06   5.8288574e+01
   7.0583930e+06   5.6274414e+01
   7.0584580e+06   3.6987305e+01
   7.0585200e+06   4.3151855e+01
   7.0586230e+06   3.8085938e+01
   7.0586510e+06   4.2846680e+01
   7.0588650e+06   3.8146973e+01
   7.0592390e+06   4.1687012e+01
   7.0832740e+06   3.9672852e+01
   7.0834680e+06   3.7109375e+01
   7.0835080e+06   4.9133301e+01
   7.0835320e+06   3.6621094e+01
   7.0836420e+06   3.6987305e+01
   7.0837120e+06   4.0771484e+01
   7.0837740e+06   3.7658691e+01
   7.0838010e+06   4.1381836e+01
   7.0838510e+06   3.6926270e+01
   7.0839240e+06   4.0588379e+01
   7.0839720e+06   4.6203613e+01
   7.0840480e+06   3.9489746e+01
   7.0840640e+06   4.8156738e+01
   7.0840920e+06   3.8574219e+01
   7.0841510e+06   4.1931152e+01
   7.0842170e+06   3.6376953e+01
   7.0842610e+06   3.8513184e+01
   7.0842800e+06   4.4494629e+01
   7.0843200e+06   4.9621582e+01
   7.0844290e+06   3.8269043e+01
   7.0855090e+06   4.0649414e+01
   7.1102890e+06   4.8217773e+01
   7.1103290e+06   4.3762207e+01
   7.1103460e+06   3.7475586e+01
   7.1104070e+06   5.2185059e+01
   7.1104360e+06   5.9204102e+01
   7.1104520e+06   5.3771973e+01
   7.1105700e+06   3.8085938e+01
   7.1106280e+06   4.8828125e+01
   7.1107510e+06   3.9306641e+01
   7.1107660e+06   4.3884277e+01
   7.1108410e+06   3.7841797e+01
   7.1108860e+06   5.7922363e+01
   7.1109340e+06   3.9367676e+01
   7.1109590e+06   3.8391113e+01
   7.1111120e+06   3.6804199e+01
   7.1111420e+06   4.5043945e+01
   7.1111610e+06   4.1625977e+01
   7.1113560e+06   4.5532227e+01
   7.1113720e+06   5.0598145e+01
   7.1366510e+06   5.0292969e+01
   7.1367550e+06   4.1198730e+01
   7.1367710e+06   4.6813965e+01
   7.1369340e+06   3.9367676e+01
   7.1369680e+06   5.2062988e+01
   7.1370360e+06   3.8635254e+01
   7.1370790e+06   3.6743164e+01
   7.1371750e+06   4.2785645e+01
   7.1372410e+06   4.8461914e+01
   7.1373200e+06   3.9062500e+01
   7.1375490e+06   3.8757324e+01
   7.1375890e+06   3.7353516e+01
   7.1380880e+06   3.6804199e+01
   7.1618740e+06   3.8513184e+01
   7.1620030e+06   4.4006348e+01
   7.1620240e+06   3.7658691e+01
   7.1620570e+06   5.1025391e+01
   7.1620670e+06   6.1767578e+01
   7.1621900e+06   4.7119141e+01
   7.1622380e+06   5.3344727e+01
   7.1622820e+06   4.0161133e+01
   7.1623400e+06   3.7719727e+01
   7.1623820e+06   3.6376953e+01
   7.1624230e+06   4.3640137e+01
   7.1624460e+06   3.9184570e+01
   7.1626460e+06   3.7231445e+01
   7.1627510e+06   4.7729492e+01
   7.1628620e+06   4.9499512e+01
   7.1875100e+06   4.5776367e+01
   7.1876250e+06   4.0832520e+01
   7.1877520e+06   5.2917480e+01
   7.1878120e+06   5.7495117e+01
   7.1878660e+06   3.7292480e+01
   7.1879230e+06   3.6315918e+01
   7.1880990e+06   3.7780762e+01
   7.1881310e+06   3.7963867e+01
   7.1881520e+06   4.3579102e+01
   7.1882310e+06   4.2602539e+01
   7.1886160e+06   3.9672852e+01
   7.1886750e+06   3.8696289e+01
   7.2135390e+06   4.0832520e+01
   7.2136040e+06   4.4494629e+01
   7.2136410e+06   5.6762695e+01
   7.2136630e+06   4.1259766e+01
   7.2137880e+06   3.7658691e+01
   7.2138220e+06   4.1625977e+01
   7.2138570e+06   3.8085938e+01
   7.2139080e+06   4.4738770e+01
   7.2139980e+06   3.8574219e+01
   7.2140520e+06   3.8513184e+01
   7.2141640e+06   4.2846680e+01
   7.2142050e+06   3.7719727e+01
   7.2142220e+06   4.7485352e+01
   7.2142710e+06   3.9978027e+01
   7.2143730e+06   3.8208008e+01
   7.2145600e+06   3.7475586e+01
   7.2414880e+06   3.7353516e+01
   7.2415430e+06   5.4870605e+01
   7.2416560e+06   3.8330078e+01
   7.2416930e+06   3.6682129e+01
   7.2417660e+06   5.2429199e+01
   7.2418120e+06   5.3710938e+01
   7.2418340e+06   5.2246094e+01
   7.2419070e+06   3.7231445e+01
   7.2419420e+06   3.9428711e+01
   7.2420830e+06   4.2480469e+01
   7.2421370e+06   3.7658691e+01
   7.2423750e+06   3.6315918e+01
   7.2715500e+06   3.6437988e+01
   7.2716200e+06   4.2724609e+01
   7.2717590e+06   3.9184570e+01
   7.2718720e+06   3.6437988e+01
   7.2719260e+06   4.2602539e+01
   7.2719490e+06   4.6691895e+01
   7.2719900e+06   4.1625977e+01
   7.2720510e+06   3.8146973e+01
   7.2720630e+06   4.1931152e+01
   7.2721050e+06   4.5227051e+01
   7.2721600e+06   4.0222168e+01
   7.2721930e+06   3.9550781e+01
   7.2722340e+06   4.6508789e+01
   7.2723430e+06   4.1320801e+01
   7.3037030e+06   3.7475586e+01
   7.3038220e+06   3.9550781e+01
   7.3038740e+06   5.1940918e+01
   7.3039390e+06   4.3640137e+01
   7.3039920e+06   3.9550781e+01
   7.3040210e+06   3.9306641e+01
   7.3040550e+06   4.2114258e+01
   7.3041050e+06   3.9367676e+01
   7.3041520e+06   4.1625977e+01
   7.3042110e+06   4.2968750e+01
   7.3043100e+06   4.7790527e+01
   7.3043500e+06   3.9978027e+01
   7.3043950e+06   4.9499512e+01
   7.3045050e+06   3.9855957e+01
   7.3289730e+06   3.7902832e+01
   7.3292430e+06   3.9733887e+01
   7.3293440e+06   3.9367676e+01
   7.3294510e+06   4.3457031e+01
   7.3303090e+06   3.6437988e+01
   7.3575380e+06   4.0100098e+01
   7.3575760e+06   4.0527344e+01
   7.3576030e+06   4.7180176e+01
   7.3578230e+06   3.6987305e+01
   7.3578520e+06   4.4189453e+01
   7.3578870e+06   6.1157227e+01
   7.3580110e+06   4.9072266e+01
   7.3580470e+06   4.4128418e+01
   7.3580790e+06   4.4921875e+01
   7.3582070e+06   4.0039063e+01
   7.3583000e+06   3.9794922e+01
   7.3583690e+06   4.0405273e+01
   7.3584050e+06   5.1269531e+01
   7.3901880e+06   4.1809082e+01
   7.3903330e+06   4.6569824e+01
   7.3903790e+06   3.6926270e+01
   7.3904070e+06   4.0771484e+01
   7.3905540e+06   3.6560059e+01
   7.3905970e+06   5.4321289e+01
   7.3906700e+06   4.6203613e+01
   7.3906960e+06   4.0832520e+01
   7.3908590e+06   4.0771484e+01
   7.3909110e+06   4.0405273e+01
   7.3909250e+06   3.8635254e+01
   7.3909720e+06   4.7058105e+01
   7.3910730e+06   4.3273926e+01
   7.3915130e+06   3.6804199e+01
   7.4241400e+06   3.9123535e+01
   7.4241930e+06   4.1992188e+01
   7.4242640e+06   3.6376953e+01
   7.4243360e+06   4.1198730e+01
   7.4244690e+06   4.0222168e+01
   7.4245020e+06   3.6804199e+01
   7.4245510e+06   3.7597656e+01
   7.4247160e+06   3.9001465e+01
   7.4247330e+06   4.5104980e+01
   7.4248360e+06   4.1748047e+01
   7.4249080e+06   3.6865234e+01
   7.4249760e+06   4.1687012e+01
   7.4712770e+06   3.8146973e+01
   7.4714240e+06   3.7963867e+01
   7.4715270e+06   4.2480469e+01
   7.4715740e+06   3.9733887e+01
   7.4716880e+06   3.9611816e+01
   7.4717030e+06   5.0598145e+01
   7.4718450e+06   4.1625977e+01
   7.4719020e+06   5.7739258e+01
   7.4719160e+06   4.1015625e+01
   7.4719770e+06   4.1931152e+01
   7.4720580e+06   3.6560059e+01
   7.4723280e+06   4.1992188e+01
   7.4725650e+06   3.9794922e+01
