   3.0000000e+06   0.0000000e+00
   5.4452000e+04   5.1654053e+01
   6.6116000e+04   5.6176758e+01
   6.6172000e+04   1.7114868e+02
   8.8193000e+04   5.2606201e+01
   8.8263000e+04   1.6043701e+02
   1.0348900e+05   4.8321533e+01
   1.0355100e+05   4.6655273e+01
   1.1455500e+05   2.6303101e+02
   1.1458700e+05   4.6179199e+01
   1.2598200e+05   2.2232666e+02
   1.4855600e+05   2.2399292e+02
   1.4856800e+05   4.9987793e+01
   1.4859800e+05   1.4805908e+02
   1.8293400e+05   5.1892090e+01
   1.8298400e+05   4.7369385e+01
   2.3237200e+05   4.7607422e+01
   2.3241600e+05   4.7131348e+01
   2.3243600e+05   1.6734009e+02
   2.4251000e+05   4.6417236e+01
   2.4903600e+05   6.1413574e+01
   2.5823500e+05   4.8321533e+01
   2.6482300e+05   1.7947998e+02
   2.7173100e+05   1.6067505e+02
   2.7802700e+05   1.5710449e+02
   2.7811800e+05   5.2130127e+01
   2.8474400e+05   1.7947998e+02
   2.8476000e+05   1.3591919e+02
   2.8494800e+05   1.2044678e+02
   2.9143400e+05   6.1651611e+01
   2.9149200e+05   1.5520020e+02
   2.9756500e+05   1.5686646e+02
   2.9771800e+05   1.3020630e+02
   3.0464600e+05   1.5258179e+02
   3.0471200e+05   6.4270020e+01
   3.0478400e+05   1.2116089e+02
   3.1101500e+05   1.6186523e+02
   3.1105000e+05   1.4972534e+02
   3.1108300e+05   1.0640259e+02
   3.1690300e+05   2.5327148e+02
   3.1692500e+05   2.1137695e+02
   3.1698600e+05   1.1473389e+02
   3.2364300e+05   5.3796387e+01
   3.2365900e+05   1.6995850e+02
   3.2367900e+05   2.1328125e+02
   3.2369100e+05   5.6176758e+01
   3.2371900e+05   9.4738770e+01
   3.2379300e+05   8.9978027e+01
   3.3040300e+05   5.1654053e+01
   3.3048800e+05   9.4976807e+01
   3.3070300e+05   1.3568115e+02
   3.3620700e+05   7.5219727e+01
   3.3623800e+05   2.5493774e+02
   3.3628900e+05   8.3312988e+01
   3.3639800e+05   5.1416016e+01
   3.4180200e+05   4.6179199e+01
   3.4183100e+05   1.6329346e+02
   3.4185500e+05   5.5700684e+01
   3.4188200e+05   8.8787842e+01
   3.4840700e+05   4.9749756e+01
   3.4843100e+05   2.2280273e+02
   3.4845800e+05   1.3687134e+02
   3.4848800e+05   5.5938721e+01
   3.4855600e+05   8.9739990e+01
   3.4880600e+05   1.1949463e+02
   3.5526300e+05   1.6353149e+02
   3.6058000e+05   1.8757324e+02
   3.6062300e+05   6.1413574e+01
   3.6064400e+05   9.4976807e+01
   3.6066900e+05   4.8083496e+01
   3.6072300e+05   7.5219727e+01
   3.6098200e+05   1.3092041e+02
   3.6639000e+05   6.6174316e+01
   3.6640700e+05   1.4401245e+02
   3.6642900e+05   4.9035645e+01
   3.6647500e+05   1.1235352e+02
   3.6665300e+05   1.1187744e+02
   3.6681300e+05   1.2949219e+02
   3.7205100e+05   7.3553467e+01
   3.7207500e+05   1.3092041e+02
   3.7208900e+05   1.9733276e+02
   3.7211200e+05   8.8787842e+01
   3.7222200e+05   7.7362061e+01
   3.7803500e+05   4.7369385e+01
   3.7808100e+05   2.1090088e+02
   3.7812600e+05   8.4265137e+01
   3.8426100e+05   8.0694580e+01
   3.8427400e+05   1.2973022e+02
   3.8429500e+05   1.3401489e+02
   3.8432200e+05   2.0637817e+02
   3.8435500e+05   2.1947021e+02
   3.8436500e+05   6.2365723e+01
   3.8440200e+05   4.6417236e+01
   3.8444300e+05   4.7845459e+01
   3.8472200e+05   1.0640259e+02
   3.9135200e+05   1.6376953e+02
   3.9136500e+05   2.0280762e+02
   3.9138400e+05   6.9982910e+01
   3.9141800e+05   6.7126465e+01
   3.9143400e+05   5.1177979e+01
   3.9145800e+05   1.1854248e+02
   3.9186700e+05   1.2330322e+02
   3.9819500e+05   2.7421875e+02
   3.9821100e+05   1.9566650e+02
   3.9823700e+05   6.6650391e+01
   3.9826200e+05   1.9971313e+02
   3.9827300e+05   4.7845459e+01
   3.9829500e+05   6.9744873e+01
   3.9836400e+05   1.3996582e+02
   3.9872700e+05   1.2068481e+02
   4.0568700e+05   7.7362061e+01
   4.0570000e+05   1.6924438e+02
   4.0571200e+05   2.0685425e+02
   4.0573000e+05   1.4210815e+02
   4.0576300e+05   1.9852295e+02
   4.0579900e+05   1.5020142e+02
   4.0617300e+05   1.2306519e+02
   4.1259500e+05   6.4746094e+01
   4.1262300e+05   1.8733521e+02
   4.1264900e+05   1.6686401e+02
   4.1268600e+05   9.0454102e+01
   4.1271500e+05   5.8557129e+01
   4.1274200e+05   4.9035645e+01
   4.1984200e+05   8.7835693e+01
   4.1986600e+05   2.4946289e+02
   4.1989200e+05   1.9566650e+02
   4.1992200e+05   1.3972778e+02
   4.1994100e+05   1.5424805e+02
   4.1995600e+05   7.6171875e+01
   4.2000500e+05   1.1140137e+02
   4.2002600e+05   8.5455322e+01
   4.2005600e+05   1.3877563e+02
   4.2006900e+05   4.6179199e+01
   4.2038200e+05   9.6643066e+01
   4.2050700e+05   1.0354614e+02
   4.2725200e+05   5.1892090e+01
   4.2726500e+05   2.4375000e+02
   4.2729700e+05   5.4986572e+01
   4.2732100e+05   1.7495728e+02
   4.2736100e+05   2.2185059e+02
   4.2738200e+05   4.9749756e+01
   4.3354100e+05   2.2899170e+02
   4.3355600e+05   4.9749756e+01
   4.3358000e+05   1.5710449e+02
   4.3361000e+05   1.9852295e+02
   4.3364600e+05   7.8314209e+01
   4.4059100e+05   1.7519531e+02
   4.4061600e+05   1.6805420e+02
   4.4066700e+05   2.1804199e+02
   4.4070300e+05   6.5936279e+01
   4.4073400e+05   6.5222168e+01
   4.4078700e+05   1.2663574e+02
   4.4877800e+05   2.2470703e+02
   4.4880400e+05   2.2351685e+02
   4.4883700e+05   1.8090820e+02
   4.4885200e+05   6.4746094e+01
   4.4890500e+05   4.9987793e+01
   4.4892000e+05   1.8328857e+02
   4.4900500e+05   5.9033203e+01
   4.5678600e+05   2.2922974e+02
   4.5680400e+05   2.0923462e+02
   4.5682600e+05   1.4734497e+02
   4.5684500e+05   1.4639282e+02
   4.5685900e+05   1.5401001e+02
   4.5689100e+05   4.9511719e+01
   4.5693000e+05   1.6710205e+02
   4.5701500e+05   5.6652832e+01
   4.6443800e+05   5.5938721e+01
   4.6448300e+05   1.4686890e+02
   4.6450900e+05   6.0223389e+01
   4.6453500e+05   1.1306763e+02
   4.6457400e+05   1.3972778e+02
   4.6458800e+05   4.6179199e+01
   4.6462000e+05   8.1884766e+01
   4.6463600e+05   4.7845459e+01
   4.6502700e+05   1.0997314e+02
   4.7212700e+05   7.0697021e+01
   4.7216200e+05   1.6019897e+02
   4.7219200e+05   1.2116089e+02
   4.7222200e+05   8.1646729e+01
   4.7225400e+05   2.0899658e+02
   4.7235100e+05   1.0187988e+02
   4.7982900e+05   2.1637573e+02
   4.7984300e+05   1.5758057e+02
   4.7986800e+05   1.6757813e+02
   4.7989700e+05   1.4686890e+02
   4.7991800e+05   9.7119141e+01
   4.7993100e+05   1.8043213e+02
   4.7995000e+05   9.2834473e+01
   4.7996400e+05   4.6417236e+01
   4.8002100e+05   1.4377441e+02
   4.8014400e+05   5.1416016e+01
   4.8757700e+05   5.5224609e+01
   4.8760700e+05   4.7845459e+01
   4.8763700e+05   6.1889648e+01
   4.8765300e+05   5.7128906e+01
   4.8767300e+05   1.4615479e+02
   4.8768400e+05   1.4353638e+02
   4.8774500e+05   6.0461426e+01
   4.8776500e+05   1.1187744e+02
   4.9586900e+05   2.2470703e+02
   4.9589500e+05   1.4520264e+02
   4.9591400e+05   2.1042480e+02
   4.9592900e+05   1.2544556e+02
   4.9597200e+05   1.1163940e+02
   4.9599800e+05   7.0697021e+01
   4.9600900e+05   1.2806396e+02
   5.0454100e+05   2.3446655e+02
   5.0455400e+05   1.5186768e+02
   5.0458100e+05   1.2901611e+02
   5.0459900e+05   1.0378418e+02
   5.0461500e+05   8.5931396e+01
   5.0463600e+05   1.0925903e+02
   5.0465000e+05   1.0997314e+02
   5.0466600e+05   4.8321533e+01
   5.0469800e+05   5.6414795e+01
   5.0471200e+05   8.5217285e+01
   5.0476300e+05   4.8083496e+01
   5.0495200e+05   4.9749756e+01
   5.0506500e+05   9.8071289e+01
   5.1201700e+05   2.1470947e+02
   5.1204600e+05   1.8281250e+02
   5.1206800e+05   1.7043457e+02
   5.1208000e+05   1.4567871e+02
   5.1209200e+05   8.0694580e+01
   5.1213300e+05   6.4508057e+01
   5.1214400e+05   1.8471680e+02
   5.1215700e+05   6.0699463e+01
   5.1218600e+05   4.9749756e+01
   5.1221600e+05   1.0021362e+02
   5.1932300e+05   2.2494507e+02
   5.1934700e+05   1.9257202e+02
   5.1936700e+05   1.3258667e+02
   5.1937700e+05   1.1544800e+02
   5.1940000e+05   1.0711670e+02
   5.1941900e+05   6.4984131e+01
   5.1944000e+05   7.2363281e+01
   5.1945300e+05   5.4986572e+01
   5.1946300e+05   4.7369385e+01
   5.1949800e+05   1.5020142e+02
   5.1951700e+05   1.0997314e+02
   5.1953400e+05   4.7369385e+01
   5.1964200e+05   1.2520752e+02
   5.2665100e+05   2.2994385e+02
   5.2666700e+05   1.3591919e+02
   5.2671100e+05   2.4684448e+02
   5.2672500e+05   5.7366943e+01
   5.2675400e+05   8.4027100e+01
   5.2677400e+05   1.2092285e+02
   5.2678700e+05   1.1854248e+02
   5.2681300e+05   4.7607422e+01
   5.2684800e+05   6.4746094e+01
   5.2685800e+05   6.7840576e+01
   5.2690400e+05   1.2496948e+02
   5.2692000e+05   5.0701904e+01
   5.3450700e+05   5.3082275e+01
   5.3452300e+05   4.6655273e+01
   5.3456300e+05   2.3327637e+02
   5.3457400e+05   1.1997070e+02
   5.3459500e+05   8.5931396e+01
   5.3463000e+05   8.0456543e+01
   5.3465400e+05   1.3306274e+02
   5.3473200e+05   1.0854492e+02
   5.3480200e+05   4.6179199e+01
   5.3508200e+05   1.0711670e+02
   5.4181600e+05   1.9471436e+02
   5.4186600e+05   5.0939941e+01
   5.4187800e+05   1.9947510e+02
   5.4189700e+05   1.0307007e+02
   5.4192300e+05   4.9273682e+01
   5.4194300e+05   1.1520996e+02
   5.4200100e+05   1.6400757e+02
   5.4209800e+05   1.1663818e+02
   5.5007900e+05   4.8321533e+01
   5.5011100e+05   6.2603760e+01
   5.5013000e+05   1.6591187e+02
   5.5016300e+05   2.7279053e+02
   5.5018100e+05   1.0068970e+02
   5.5019900e+05   6.8078613e+01
   5.5021800e+05   6.3079834e+01
   5.5023800e+05   7.1411133e+01
   5.5025200e+05   6.3317871e+01
   5.5027500e+05   1.0640259e+02
   5.5035000e+05   5.2368164e+01
   5.5048700e+05   1.1068726e+02
   5.5063300e+05   5.2130127e+01
   5.5067600e+05   7.6409912e+01
   5.5081500e+05   7.9028320e+01
   5.6049000e+05   5.2368164e+01
   5.6050500e+05   2.1161499e+02
   5.6052700e+05   1.6829224e+02
   5.6054800e+05   1.3901367e+02
   5.6058000e+05   1.1544800e+02
   5.6059900e+05   8.8311768e+01
   5.6061200e+05   1.1473389e+02
   5.6062600e+05   8.6883545e+01
   5.6066100e+05   5.9985352e+01
   5.6069700e+05   5.2130127e+01
   5.6071100e+05   5.4034424e+01
   5.6091400e+05   7.8552246e+01
   5.6101100e+05   1.1592407e+02
   5.6103200e+05   6.1175537e+01
   5.6113100e+05   6.6174316e+01
   5.6115700e+05   5.9747314e+01
   5.6138800e+05   9.4500732e+01
   5.6147400e+05   6.7840576e+01
   5.7015600e+05   4.8797607e+01
   5.7016800e+05   1.5067749e+02
   5.7019600e+05   1.3806152e+02
   5.7022400e+05   1.7186279e+02
   5.7023800e+05   1.0187988e+02
   5.7027300e+05   8.3074951e+01
   5.7030200e+05   1.3330078e+02
   5.7031300e+05   5.1416016e+01
   5.7034100e+05   4.8797607e+01
   5.7037400e+05   1.0045166e+02
   5.7039300e+05   5.2844238e+01
   5.7062200e+05   7.9266357e+01
   5.7071700e+05   5.5224609e+01
   5.7074400e+05   9.8071289e+01
   5.7076900e+05   6.4508057e+01
   5.7091200e+05   7.0697021e+01
   5.7118700e+05   1.7376709e+02
   5.7894800e+05   5.4034424e+01
   5.7896600e+05   1.6495972e+02
   5.7899700e+05   5.5462646e+01
   5.7902300e+05   1.7281494e+02
   5.7905500e+05   1.2520752e+02
   5.7908500e+05   1.4782104e+02
   5.7910400e+05   6.6174316e+01
   5.7914600e+05   6.6888428e+01
   5.7917100e+05   1.1187744e+02
   5.7924100e+05   8.5217285e+01
   5.7926000e+05   4.9511719e+01
   5.7944900e+05   5.7366943e+01
   5.7982200e+05   8.2360840e+01
   5.8767500e+05   1.7233887e+02
   5.8768600e+05   1.6305542e+02
   5.8772700e+05   1.4853516e+02
   5.8774500e+05   1.6115112e+02
   5.8778200e+05   1.4210815e+02
   5.8779700e+05   1.0854492e+02
   5.8782400e+05   8.4027100e+01
   5.8785900e+05   7.9504395e+01
   5.8787800e+05   6.8554687e+01
   5.8790900e+05   5.4034424e+01
   5.8797300e+05   6.6888428e+01
   5.8813900e+05   9.4262695e+01
   5.8823100e+05   7.0220947e+01
   5.8825600e+05   9.3548584e+01
   5.8835700e+05   1.0164185e+02
   5.8841200e+05   6.2127686e+01
   5.9719700e+05   2.1280518e+02
   5.9721600e+05   5.1892090e+01
   5.9723600e+05   1.5710449e+02
   5.9725800e+05   2.2542114e+02
   5.9727800e+05   9.9975586e+01
   5.9728900e+05   8.9025879e+01
   5.9731500e+05   5.8319092e+01
   5.9733700e+05   4.8083496e+01
   5.9737200e+05   5.8795166e+01
   5.9739100e+05   8.4027100e+01
   5.9745300e+05   5.3082275e+01
   5.9751900e+05   4.8083496e+01
   5.9778600e+05   4.8321533e+01
   5.9787000e+05   1.1449585e+02
   5.9789100e+05   5.4272461e+01
   5.9793200e+05   7.2839355e+01
   6.0692700e+05   7.2839355e+01
   6.0694700e+05   1.5900879e+02
   6.0697800e+05   2.7279053e+02
   6.0699700e+05   1.2377930e+02
   6.0702500e+05   1.2949219e+02
   6.0705300e+05   1.4115601e+02
   6.0712100e+05   9.8785400e+01
   6.0714400e+05   9.3072510e+01
   6.0716100e+05   4.7845459e+01
   6.0718500e+05   5.1177979e+01
   6.0725400e+05   4.7845459e+01
   6.0729800e+05   4.6893311e+01
   6.0743200e+05   7.5695801e+01
   6.0759000e+05   6.0937500e+01
   6.0763700e+05   1.2116089e+02
   6.0765800e+05   6.7364502e+01
   6.0789600e+05   5.0225830e+01
   6.1616500e+05   4.8797607e+01
   6.1618400e+05   2.1423340e+02
   6.1620200e+05   1.5686646e+02
   6.1623000e+05   1.4448853e+02
   6.1624700e+05   1.3544312e+02
   6.1626600e+05   7.8790283e+01
   6.1628800e+05   9.0454102e+01
   6.1631300e+05   1.0187988e+02
   6.1639300e+05   8.1884766e+01
   6.1668900e+05   4.6655273e+01
   6.1677800e+05   7.6409912e+01
   6.1681400e+05   5.0225830e+01
   6.1697200e+05   9.1882324e+01
   6.1698400e+05   5.9985352e+01
   6.1709700e+05   1.1592407e+02
   6.1730400e+05   1.0140381e+02
   6.2609800e+05   7.1411133e+01
   6.2612800e+05   1.7138672e+02
   6.2615500e+05   2.5874634e+02
   6.2618200e+05   1.2544556e+02
   6.2619500e+05   5.3558350e+01
   6.2622000e+05   8.0932617e+01
   6.2624600e+05   8.9263916e+01
   6.2628800e+05   5.7128906e+01
   6.2630400e+05   5.5224609e+01
   6.2633000e+05   4.7607422e+01
   6.2667500e+05   5.8795166e+01
   6.2678300e+05   6.0461426e+01
   6.2686200e+05   4.8559570e+01
   6.2692200e+05   1.0640259e+02
   6.3595900e+05   1.9828491e+02
   6.3599500e+05   1.7376709e+02
   6.3601200e+05   1.3853760e+02
   6.3603200e+05   1.1401978e+02
   6.3604600e+05   8.6883545e+01
   6.3606800e+05   7.6409912e+01
   6.3608700e+05   7.3553467e+01
   6.3611100e+05   7.0697021e+01
   6.3614100e+05   5.8319092e+01
   6.3618700e+05   9.0692139e+01
   6.3625000e+05   5.8319092e+01
   6.3708300e+05   1.5020142e+02
   6.4625300e+05   2.2661133e+02
   6.4627900e+05   1.6019897e+02
   6.4631000e+05   1.8186035e+02
   6.4633200e+05   1.3925171e+02
   6.4636100e+05   9.2596436e+01
   6.4638900e+05   1.3472900e+02
   6.4640400e+05   4.9987793e+01
   6.4643200e+05   4.6417236e+01
   6.4644600e+05   7.9980469e+01
   6.4647500e+05   5.5462646e+01
   6.4679700e+05   7.4505615e+01
   6.4690700e+05   7.8314209e+01
   6.4702000e+05   9.3786621e+01
   6.4703100e+05   1.1235352e+02
   6.4705900e+05   5.9747314e+01
   6.5630000e+05   1.9590454e+02
   6.5632900e+05   1.7019653e+02
   6.5635700e+05   1.7162476e+02
   6.5637300e+05   1.0878296e+02
   6.5638300e+05   1.2330322e+02
   6.5641300e+05   1.2211304e+02
   6.5642700e+05   8.5455322e+01
   6.5644600e+05   1.2330322e+02
   6.5650500e+05   5.7604980e+01
   6.5651800e+05   1.0045166e+02
   6.5654400e+05   4.8797607e+01
   6.5659900e+05   5.5700684e+01
   6.5665300e+05   6.7126465e+01
   6.5688000e+05   4.8797607e+01
   6.6770400e+05   1.7709961e+02
   6.6773100e+05   1.6662598e+02
   6.6774500e+05   1.4615479e+02
   6.6776800e+05   1.2711182e+02
   6.6778200e+05   1.2568359e+02
   6.6779200e+05   5.9509277e+01
   6.6781700e+05   9.0216064e+01
   6.6783100e+05   1.0378418e+02
   6.6786800e+05   5.4986572e+01
   6.6822700e+05   6.4746094e+01
   6.6832500e+05   8.5693359e+01
   6.6836000e+05   5.6414795e+01
   6.6838900e+05   1.0902100e+02
   6.6842700e+05   7.7838135e+01
   6.6849900e+05   9.1882324e+01
   6.6851300e+05   6.1889648e+01
   6.6866500e+05   8.7359619e+01
   6.6870700e+05   7.9028320e+01
   6.6879900e+05   9.7357178e+01
   6.6917700e+05   1.2092285e+02
   6.7889800e+05   8.1884766e+01
   6.7893100e+05   1.5139160e+02
   6.7895900e+05   1.3996582e+02
   6.7898400e+05   1.8447876e+02
   6.7900400e+05   7.5933838e+01
   6.7901900e+05   7.7362061e+01
   6.7904800e+05   1.0473633e+02
   6.7906700e+05   7.0220947e+01
   6.7909500e+05   7.1411133e+01
   6.7912500e+05   6.4746094e+01
   6.7918800e+05   6.4746094e+01
   6.7924700e+05   4.8083496e+01
   6.7939000e+05   8.7835693e+01
   6.8942000e+05   2.0042725e+02
   6.8946200e+05   1.3972778e+02
   6.8947300e+05   2.0352173e+02
   6.8949400e+05   1.1211548e+02
   6.8950500e+05   7.3553467e+01
   6.8953500e+05   9.8309326e+01
   6.8956200e+05   1.3306274e+02
   6.8959300e+05   5.8319092e+01
   6.8963100e+05   5.0225830e+01
   6.8965600e+05   5.7843018e+01
   6.8994200e+05   1.1140137e+02
   6.8995900e+05   5.3082275e+01
   6.9007300e+05   9.4024658e+01
   6.9012900e+05   4.8797607e+01
   6.9020900e+05   8.5693359e+01
   7.0012000e+05   5.7128906e+01
   7.0016000e+05   1.3568115e+02
   7.0018000e+05   1.7067261e+02
   7.0020600e+05   8.4265137e+01
   7.0023000e+05   1.4163208e+02
   7.0024800e+05   6.8078613e+01
   7.0027500e+05   5.9271240e+01
   7.0031200e+05   6.6412354e+01
   7.0039100e+05   5.5462646e+01
   7.0083200e+05   1.0711670e+02
   7.1101300e+05   7.4029541e+01
   7.1104900e+05   1.6091309e+02
   7.1107000e+05   2.0090332e+02
   7.1109500e+05   1.4139404e+02
   7.1111600e+05   1.0902100e+02
   7.1113900e+05   7.6171875e+01
   7.1116600e+05   7.4505615e+01
   7.1120600e+05   4.7131348e+01
   7.1122400e+05   5.5700684e+01
   7.1125300e+05   6.0223389e+01
   7.1130300e+05   5.0463867e+01
   7.1131800e+05   4.9035645e+01
   7.1157600e+05   8.8549805e+01
   7.1162100e+05   5.8319092e+01
   7.1172500e+05   1.0092773e+02
   7.1189400e+05   1.1925659e+02
   7.1210900e+05   1.3092041e+02
   7.2320500e+05   8.0932617e+01
   7.2324900e+05   1.6495972e+02
   7.2326300e+05   2.9397583e+02
   7.2328600e+05   1.3687134e+02
   7.2331800e+05   1.6424561e+02
   7.2333500e+05   4.9987793e+01
   7.2336700e+05   9.5928955e+01
   7.2341900e+05   6.1889648e+01
   7.2345100e+05   7.3553467e+01
   7.2375500e+05   1.3544312e+02
   7.2380600e+05   7.9504395e+01
   7.3563500e+05   5.3796387e+01
   7.3567400e+05   1.3639526e+02
   7.3569400e+05   1.6186523e+02
   7.3572100e+05   1.8281250e+02
   7.3573700e+05   1.1187744e+02
   7.3575200e+05   6.5460205e+01
   7.3577000e+05   7.8790283e+01
   7.3579000e+05   9.0930176e+01
   7.3582700e+05   8.6883545e+01
   7.3585100e+05   5.4986572e+01
   7.3588300e+05   4.6417236e+01
   7.3590500e+05   4.7131348e+01
   7.3606800e+05   7.0697021e+01
   7.3620300e+05   1.0187988e+02
   7.4961300e+05   6.3317871e+01
   7.4965500e+05   1.6424561e+02
   7.4966600e+05   1.2949219e+02
   7.4967800e+05   1.2758789e+02
   7.4969500e+05   1.3139648e+02
   7.4971500e+05   6.8554688e+01
   7.4973700e+05   6.4746094e+01
   7.4976100e+05   1.0592651e+02
   7.4979000e+05   7.6885986e+01
   7.4981400e+05   5.0701904e+01
   7.4991700e+05   4.6655273e+01
   7.4997900e+05   1.1092529e+02
   7.6647400e+05   2.0185547e+02
   7.6649900e+05   4.7845459e+01
   7.6651800e+05   1.6591187e+02
   7.6653800e+05   1.5615234e+02
   7.6657100e+05   1.9876099e+02
   7.6658500e+05   8.7121582e+01
   7.6659700e+05   5.3796387e+01
   7.6663200e+05   5.5700684e+01
   7.6666900e+05   1.0140381e+02
   8.0141500e+05   4.6179199e+01
   8.0143100e+05   2.1018677e+02
   8.0148700e+05   1.5258179e+02
   8.0150600e+05   1.3853760e+02
   8.0154100e+05   4.8797607e+01
   8.0159600e+05   1.7805176e+02
   8.8597100e+05   2.2780151e+02
   8.8600000e+05   1.6281738e+02
   8.8651600e+05   2.0304565e+02
   8.9425700e+05   4.7369385e+01
   8.9524700e+05   6.1889648e+01
   8.9541100e+05   4.8321533e+01
   8.9543900e+05   2.0304565e+02
   9.3931100e+05   1.8876343e+02
   9.3932400e+05   2.0542603e+02
   9.3944100e+05   6.3555908e+01
   9.3960300e+05   1.2663574e+02
   9.3962100e+05   5.9985352e+01
   9.4130000e+05   1.4686890e+02
   9.4165600e+05   4.7131348e+01
   9.7607400e+05   7.9980469e+01
   9.7684900e+05   1.6329346e+02
   9.7694800e+05   2.0018921e+02
   1.0032020e+06   2.1947021e+02
   1.0033820e+06   4.7607422e+01
   1.0035110e+06   2.1351929e+02
   1.0060140e+06   2.3184814e+02
   1.0061790e+06   1.5734253e+02
   1.0205250e+06   1.5520020e+02
   1.0206830e+06   1.2139893e+02
   1.0680230e+06   2.0494995e+02
   1.0868470e+06   1.4448853e+02
   1.2257800e+06   5.2606201e+01
   1.2662620e+06   6.6888428e+01
   1.2696370e+06   2.0304565e+02
   1.2706270e+06   6.6174316e+01
   1.2953670e+06   2.3756104e+02
   1.2953770e+06   4.7369385e+01
   1.3084160e+06   4.6893311e+01
   1.3084320e+06   4.6417236e+01
   1.3106230e+06   2.2494507e+02
   1.3244690e+06   5.1177979e+01
   1.3571910e+06   4.6417236e+01
   1.3572910e+06   5.0701904e+01
   1.3767490e+06   7.6885986e+01
   1.3929850e+06   4.7131348e+01
   1.4849780e+06   4.6655273e+01
   1.4849890e+06   4.6655273e+01
   1.4851520e+06   8.6407471e+01
   1.4857830e+06   1.5115356e+02
   1.5093070e+06   4.6893311e+01
   1.5365300e+06   2.5279541e+02
   1.5372540e+06   5.3320313e+01
   1.5693920e+06   7.3315430e+01
   1.5696470e+06   6.6650391e+01
   1.6062030e+06   2.0947266e+02
   1.6062490e+06   4.9749756e+01
   1.6274130e+06   4.6893311e+01
   1.6294520e+06   6.3793945e+01
   1.6295000e+06   2.0423584e+02
   1.6295230e+06   1.9804688e+02
   1.6397680e+06   4.7131348e+01
   1.6399090e+06   7.2125244e+01
   1.6399820e+06   1.3163452e+02
   1.6843700e+06   2.1613770e+02
   1.6843890e+06   4.9511719e+01
   1.6844080e+06   4.8083496e+01
   1.7020780e+06   5.4034424e+01
   1.7148310e+06   7.5219727e+01
   1.7148910e+06   2.1232910e+02
   1.7152990e+06   2.1423340e+02
   1.7467930e+06   5.2130127e+01
   1.7676330e+06   4.8559570e+01
   1.7828500e+06   5.1654053e+01
   1.7828620e+06   4.9511719e+01
   1.7829000e+06   1.6257935e+02
   1.7830130e+06   1.3258667e+02
   1.7976160e+06   5.4986572e+01
   1.8066740e+06   5.8557129e+01
   1.8066980e+06   1.6757813e+02
   1.8067650e+06   1.1140137e+02
   1.8139670e+06   5.9033203e+01
   1.8140590e+06   1.5329590e+02
   1.8146090e+06   4.6179199e+01
   1.8213660e+06   1.4901123e+02
   1.8215570e+06   4.9511719e+01
   1.8288910e+06   4.9511719e+01
   1.8289120e+06   1.5567627e+02
   1.8289300e+06   4.6893311e+01
   1.8290300e+06   1.2354126e+02
   1.8363620e+06   4.9273682e+01
   1.8363940e+06   5.0225830e+01
   1.8364100e+06   1.3710938e+02
   1.8364990e+06   1.1925659e+02
   1.8432260e+06   4.8083496e+01
   1.8432710e+06   1.5543823e+02
   1.8492490e+06   6.2127686e+01
   1.8492740e+06   1.6543579e+02
   1.8493300e+06   4.8559570e+01
   1.8493520e+06   9.7833252e+01
   1.8494240e+06   9.1644287e+01
   1.8563530e+06   5.1177979e+01
   1.8564000e+06   1.5329590e+02
   1.8564960e+06   1.1711426e+02
   1.8630180e+06   5.1177979e+01
   1.8630330e+06   1.5996094e+02
   1.8630430e+06   1.3377686e+02
   1.8630670e+06   4.8797607e+01
   1.8630810e+06   7.1649170e+01
   1.8631610e+06   8.7359619e+01
   1.8632010e+06   5.8081055e+01
   1.8695760e+06   5.1177979e+01
   1.8696540e+06   9.9261475e+01
   1.8697470e+06   1.1520996e+02
   1.8756580e+06   2.2732544e+02
   1.8756740e+06   1.3948975e+02
   1.8757150e+06   9.9499512e+01
   1.8757640e+06   5.0225830e+01
   1.8757910e+06   8.0218506e+01
   1.8760040e+06   1.2687378e+02
   1.8827850e+06   1.5258179e+02
   1.8829450e+06   1.2782593e+02
   1.8892230e+06   6.4508057e+01
   1.8892340e+06   1.4948730e+02
   1.8893010e+06   8.8311768e+01
   1.8893540e+06   1.3972778e+02
   1.8956540e+06   1.4091797e+02
   1.9006240e+06   1.5567627e+02
   1.9006560e+06   1.8947754e+02
   1.9006860e+06   9.3786621e+01
   1.9007490e+06   6.9268799e+01
   1.9008570e+06   8.7359619e+01
   1.9068900e+06   8.0456543e+01
   1.9069190e+06   1.8662109e+02
   1.9069400e+06   5.7604980e+01
   1.9069610e+06   6.4031982e+01
   1.9070310e+06   7.8314209e+01
   1.9071130e+06   6.5460205e+01
   1.9073380e+06   1.1616211e+02
   1.9134680e+06   5.0463867e+01
   1.9134810e+06   2.8802490e+02
   1.9135080e+06   1.4067993e+02
   1.9135240e+06   6.8078613e+01
   1.9135430e+06   1.7138672e+02
   1.9135530e+06   4.7845459e+01
   1.9136020e+06   4.9987793e+01
   1.9138200e+06   1.1616211e+02
   1.9203270e+06   2.0328369e+02
   1.9203460e+06   1.4044189e+02
   1.9203730e+06   9.3072510e+01
   1.9204410e+06   5.6652832e+01
   1.9264130e+06   2.4898682e+02
   1.9264280e+06   1.2877808e+02
   1.9264410e+06   1.5067749e+02
   1.9264670e+06   1.7091064e+02
   1.9265200e+06   5.0939941e+01
   1.9265370e+06   4.8797607e+01
   1.9269560e+06   1.2306519e+02
   1.9270910e+06   1.1306763e+02
   1.9338890e+06   2.5898438e+02
   1.9339020e+06   1.3568115e+02
   1.9339360e+06   1.7662354e+02
   1.9339550e+06   1.2544556e+02
   1.9339670e+06   1.5853271e+02
   1.9339820e+06   6.7602539e+01
   1.9340410e+06   5.5938721e+01
   1.9340830e+06   5.4034424e+01
   1.9345150e+06   1.0759277e+02
   1.9410860e+06   5.0463867e+01
   1.9411040e+06   4.8797607e+01
   1.9411190e+06   1.8424072e+02
   1.9411350e+06   8.2360840e+01
   1.9411630e+06   5.3558350e+01
   1.9411960e+06   1.3568115e+02
   1.9412430e+06   4.7131348e+01
   1.9487080e+06   6.7840576e+01
   1.9487310e+06   1.4829712e+02
   1.9487630e+06   3.2730103e+02
   1.9487780e+06   4.8321533e+01
   1.9488010e+06   7.7124023e+01
   1.9488280e+06   2.0161743e+02
   1.9489780e+06   5.0463867e+01
   1.9566930e+06   4.6417236e+01
   1.9567190e+06   6.7840576e+01
   1.9567420e+06   2.5922241e+02
   1.9567610e+06   1.1401978e+02
   1.9567780e+06   2.0733032e+02
   1.9567890e+06   5.2606201e+01
   1.9568050e+06   5.2606201e+01
   1.9568390e+06   8.4027100e+01
   1.9568650e+06   4.9511719e+01
   1.9568830e+06   5.0939941e+01
   1.9571060e+06   7.9028320e+01
   1.9573250e+06   1.2568359e+02
   1.9651120e+06   4.8083496e+01
   1.9651310e+06   6.9982910e+01
   1.9651460e+06   1.7233887e+02
   1.9651690e+06   1.3234863e+02
   1.9651960e+06   9.3072510e+01
   1.9652740e+06   5.4272461e+01
   1.9722450e+06   7.3077393e+01
   1.9722570e+06   1.5115356e+02
   1.9722770e+06   1.8614502e+02
   1.9723100e+06   2.2185059e+02
   1.9723730e+06   5.8081055e+01
   1.9723870e+06   4.7369385e+01
   1.9724100e+06   1.0711670e+02
   1.9802560e+06   4.8083496e+01
   1.9802850e+06   2.3827515e+02
   1.9803110e+06   1.4115601e+02
   1.9803490e+06   1.8305054e+02
   1.9803690e+06   1.0997314e+02
   1.9804070e+06   6.9268799e+01
   1.9804610e+06   2.0375977e+02
   1.9880800e+06   4.7131348e+01
   1.9881030e+06   2.1328125e+02
   1.9881290e+06   1.4972534e+02
   1.9881960e+06   6.9506836e+01
   1.9882710e+06   8.7597656e+01
   1.9955590e+06   4.6179199e+01
   1.9955780e+06   2.2637329e+02
   1.9955980e+06   1.3687134e+02
   1.9956370e+06   2.9707031e+02
   1.9957050e+06   6.0937500e+01
   1.9957440e+06   5.6890869e+01
   1.9958420e+06   6.1651611e+01
   2.0038160e+06   7.4267578e+01
   2.0038470e+06   1.4496460e+02
   2.0038670e+06   5.3558350e+01
   2.0039050e+06   9.3072510e+01
   2.0039450e+06   4.8321533e+01
   2.0040210e+06   7.3315430e+01
   2.0116000e+06   7.8552246e+01
   2.0116420e+06   1.5448608e+02
   2.0116660e+06   1.3972778e+02
   2.0116810e+06   7.1173096e+01
   2.0117040e+06   4.6417236e+01
   2.0117320e+06   1.7757568e+02
   2.0118170e+06   7.3077393e+01
   2.0198130e+06   2.1185303e+02
   2.0198720e+06   1.8352661e+02
   2.0198880e+06   2.1375732e+02
   2.0199140e+06   8.7359619e+01
   2.0199420e+06   4.9035645e+01
   2.0200060e+06   6.7364502e+01
   2.0200440e+06   1.3829956e+02
   2.0281910e+06   1.8685913e+02
   2.0282110e+06   1.8186035e+02
   2.0282340e+06   7.2125244e+01
   2.0282770e+06   1.8067017e+02
   2.0282960e+06   8.3551025e+01
   2.0283940e+06   7.9028320e+01
   2.0364500e+06   1.9780884e+02
   2.0364750e+06   1.6829224e+02
   2.0365000e+06   1.5020142e+02
   2.0365230e+06   2.0923462e+02
   2.0365330e+06   5.1654053e+01
   2.0365590e+06   8.0218506e+01
   2.0366320e+06   6.6650391e+01
   2.0447070e+06   2.0042725e+02
   2.0447320e+06   1.7091064e+02
   2.0447800e+06   1.9066772e+02
   2.0448020e+06   1.7448120e+02
   2.0449630e+06   7.9504395e+01
   2.0529210e+06   1.8685913e+02
   2.0529520e+06   1.7305298e+02
   2.0529760e+06   1.4996338e+02
   2.0529950e+06   1.9614258e+02
   2.0530480e+06   1.0164185e+02
   2.0612260e+06   9.0930176e+01
   2.0612370e+06   4.7845459e+01
   2.0612780e+06   1.4615479e+02
   2.0613160e+06   1.8400269e+02
   2.0613380e+06   1.2568359e+02
   2.0614350e+06   7.5933838e+01
   2.0705190e+06   6.6174316e+01
   2.0705330e+06   5.5224609e+01
   2.0705530e+06   6.4270020e+01
   2.0705920e+06   2.4184570e+02
   2.0706180e+06   2.2137451e+02
   2.0706320e+06   5.2844238e+01
   2.0706600e+06   9.1882324e+01
   2.0708480e+06   1.0354614e+02
   2.0797090e+06   1.9400024e+02
   2.0797600e+06   1.7281494e+02
   2.0797840e+06   2.0994873e+02
   2.0798260e+06   9.5928955e+01
   2.0799610e+06   4.6893311e+01
   2.0800040e+06   8.4979248e+01
   2.0888790e+06   1.9542847e+02
   2.0889480e+06   1.6948242e+02
   2.0890330e+06   1.0426025e+02
   2.0891330e+06   8.4979248e+01
   2.0986450e+06   4.6893311e+01
   2.0986740e+06   2.1328125e+02
   2.0987100e+06   1.8090820e+02
   2.0987280e+06   1.4734497e+02
   2.0987630e+06   1.8114624e+02
   2.0987890e+06   1.2425537e+02
   2.0988310e+06   4.7607422e+01
   2.1086830e+06   8.0694580e+01
   2.1087320e+06   1.5805664e+02
   2.1088390e+06   1.1973267e+02
   2.1185550e+06   2.1994629e+02
   2.1186020e+06   1.6519775e+02
   2.1186260e+06   1.4210815e+02
   2.1187230e+06   7.9980469e+01
   2.1187580e+06   1.3020630e+02
   2.1275130e+06   4.8083496e+01
   2.1275660e+06   7.4267578e+01
   2.1277020e+06   1.4472656e+02
   2.1278730e+06   1.3306274e+02
   2.1372620e+06   4.8559570e+01
   2.1373050e+06   2.0661621e+02
   2.1374460e+06   1.3211060e+02
   2.1470130e+06   2.3375244e+02
   2.1470810e+06   2.1113892e+02
   2.1472110e+06   1.5567627e+02
   2.1579530e+06   4.8559570e+01
   2.1580010e+06   2.2113647e+02
   2.1581200e+06   1.4686890e+02
   2.1686300e+06   7.4029541e+01
   2.1687190e+06   1.6162720e+02
   2.1687360e+06   1.9828491e+02
   2.1791750e+06   1.6067505e+02
   2.1792140e+06   2.3375244e+02
   2.1912260e+06   7.5219727e+01
   2.1912370e+06   5.7843018e+01
   2.2041190e+06   1.4306030e+02
   2.2201290e+06   5.3320313e+01
   2.2201420e+06   1.2520752e+02
   2.2201720e+06   5.7604980e+01
   2.2376950e+06   1.9590454e+02
   2.2378180e+06   1.7614746e+02
   2.2378760e+06   1.5662842e+02
   2.2591110e+06   2.1447144e+02
   2.2591920e+06   8.1646729e+01
   2.2592060e+06   6.3793945e+01
   2.2592350e+06   1.5186768e+02
   2.2780990e+06   1.8685913e+02
   2.3016660e+06   1.8257446e+02
   2.3230530e+06   4.8083496e+01
   2.3350940e+06   1.8781128e+02
   2.3351690e+06   1.7662354e+02
   2.3505980e+06   2.5136719e+02
   2.3506740e+06   6.9982910e+01
   2.3538860e+06   1.4377441e+02
   2.3539030e+06   5.3082275e+01
   2.3539660e+06   1.5115356e+02
   2.3539830e+06   1.2092285e+02
   2.3754290e+06   7.2125244e+01
   2.3765430e+06   1.8209839e+02
   2.3768860e+06   6.0461426e+01
   2.3925550e+06   7.2601318e+01
   2.3925800e+06   1.4353638e+02
   2.3926200e+06   6.0223389e+01
   2.3927130e+06   1.6781616e+02
   2.3943480e+06   5.8557129e+01
   2.3943970e+06   1.2187500e+02
   2.3944250e+06   1.7448120e+02
   2.3944600e+06   2.5065308e+02
   2.3946010e+06   1.9233398e+02
   2.4105710e+06   4.9273682e+01
   2.4115510e+06   6.8078613e+01
   2.4116050e+06   1.8709717e+02
   2.4116340e+06   4.9273682e+01
   2.4190910e+06   1.9281006e+02
   2.4191730e+06   1.8995361e+02
   2.4350070e+06   7.2125244e+01
   2.4360040e+06   2.2518311e+02
   2.4364870e+06   6.2127686e+01
   2.4493680e+06   4.9035645e+01
   2.4494120e+06   2.3756104e+02
   2.4494620e+06   4.7845459e+01
   2.4585150e+06   2.2542114e+02
   2.4585620e+06   1.7329102e+02
   2.4585790e+06   1.6543579e+02
   2.4715970e+06   7.0935059e+01
   2.4716650e+06   2.6874390e+02
   2.4717290e+06   4.8321533e+01
   2.4717440e+06   1.7281494e+02
   2.4726330e+06   5.2130127e+01
   2.4726910e+06   1.7257690e+02
   2.4727230e+06   1.5924683e+02
   2.4886960e+06   2.2589722e+02
   2.4887450e+06   1.9042969e+02
   2.4887650e+06   1.5591431e+02
   2.4889570e+06   2.0423584e+02
   2.5016540e+06   2.1970825e+02
   2.5042700e+06   2.3970337e+02
   2.5042800e+06   5.9033203e+01
   2.5043180e+06   8.6407471e+01
   2.5043380e+06   1.3925171e+02
   2.5227320e+06   5.7843018e+01
   2.5227790e+06   2.5708008e+02
   2.5228000e+06   1.1830444e+02
   2.5229010e+06   2.0971069e+02
   2.5339940e+06   7.8790283e+01
   2.5340580e+06   1.4472656e+02
   2.5474900e+06   2.3589478e+02
   2.5481990e+06   2.1970825e+02
   2.5482940e+06   1.4067993e+02
   2.5485410e+06   5.2130127e+01
   2.5557950e+06   6.5698242e+01
   2.5558700e+06   2.0756836e+02
   2.5705910e+06   2.2208862e+02
   2.5710410e+06   6.3555908e+01
   2.5711110e+06   1.7471924e+02
   2.5711240e+06   1.5067749e+02
   2.5843040e+06   2.2375488e+02
   2.5856220e+06   2.3280029e+02
   2.5856680e+06   1.4020386e+02
   2.5856860e+06   1.7543335e+02
   2.5857760e+06   1.6995850e+02
   2.6005380e+06   2.0256958e+02
   2.6006110e+06   1.7233887e+02
   2.6135530e+06   6.8554688e+01
   2.6140400e+06   5.7128906e+01
   2.6140940e+06   5.5700684e+01
   2.6141150e+06   1.5424805e+02
   2.6286870e+06   2.3922729e+02
   2.6303010e+06   2.2518311e+02
   2.6303330e+06   1.4496460e+02
   2.6303970e+06   1.6876831e+02
   2.6304810e+06   1.4663086e+02
   2.6306980e+06   6.0937500e+01
   2.6338830e+06   5.5700684e+01
   2.6587050e+06   1.9352417e+02
   2.6652210e+06   2.3446655e+02
   2.6652650e+06   1.5900879e+02
   2.6652810e+06   1.5639038e+02
   2.6653550e+06   1.7257690e+02
   2.6653930e+06   1.0640259e+02
   2.6760900e+06   6.4746094e+01
   2.6898870e+06   1.9923706e+02
   2.6902160e+06   2.3470459e+02
   2.6919660e+06   5.6652832e+01
   2.6920500e+06   7.4267578e+01
   2.6920800e+06   1.5972290e+02
   2.6921260e+06   5.0939941e+01
   2.6921380e+06   1.4591675e+02
   2.7033380e+06   2.2542114e+02
   2.7153140e+06   5.5462646e+01
   2.7162160e+06   2.1780396e+02
   2.7163020e+06   1.7971802e+02
   2.7166340e+06   2.1708984e+02
   2.7190330e+06   5.5938721e+01
   2.7190450e+06   1.4544067e+02
   2.7190690e+06   1.8352661e+02
   2.7191060e+06   4.6893311e+01
   2.7191340e+06   1.5329590e+02
   2.7191680e+06   1.8114624e+02
   2.7191930e+06   1.0949707e+02
   2.7192070e+06   1.0568848e+02
   2.7192460e+06   1.3139648e+02
   2.7272060e+06   2.1780396e+02
   2.7272410e+06   1.3829956e+02
   2.7272750e+06   1.6781616e+02
   2.7273110e+06   1.4187012e+02
   2.7446530e+06   2.3494263e+02
   2.7447100e+06   6.4270020e+01
   2.7447670e+06   1.4258423e+02
   2.7452140e+06   8.1408691e+01
   2.7562850e+06   2.2351685e+02
   2.7563370e+06   1.5139160e+02
   2.7688200e+06   4.6893311e+01
   2.7688570e+06   4.8083496e+01
   2.7688710e+06   8.2836914e+01
   2.7688830e+06   4.6417236e+01
   2.7698640e+06   7.6171875e+01
   2.7699330e+06   6.3079834e+01
   2.7700730e+06   5.5224609e+01
   2.7706160e+06   1.8328857e+02
   2.7718010e+06   5.3082275e+01
   2.7719140e+06   1.6853027e+02
   2.7827310e+06   1.8043213e+02
   2.7839340e+06   1.9400024e+02
   2.7839890e+06   1.9281006e+02
   2.7840050e+06   4.9511719e+01
   2.7919610e+06   8.8787842e+01
   2.7921240e+06   1.8828735e+02
   2.7934420e+06   5.7843018e+01
   2.7935190e+06   1.5043945e+02
   2.8032410e+06   7.7600098e+01
   2.8032530e+06   5.5938721e+01
   2.8132700e+06   2.2946777e+02
   2.8132840e+06   5.1177979e+01
   2.8146270e+06   6.0461426e+01
   2.8146830e+06   1.6805420e+02
   2.8147090e+06   1.8400269e+02
   2.8147230e+06   1.4710693e+02
   2.8147800e+06   1.8233643e+02
   2.8245420e+06   1.8923950e+02
   2.8247630e+06   4.6655273e+01
   2.8247760e+06   2.4398804e+02
   2.8354560e+06   2.1994629e+02
   2.8354680e+06   4.8797607e+01
   2.8354960e+06   1.5020142e+02
   2.8361710e+06   5.0225830e+01
   2.8479980e+06   6.2841797e+01
   2.8485290e+06   7.5933838e+01
   2.8486000e+06   1.6710205e+02
   2.8486150e+06   1.3092041e+02
   2.8617280e+06   7.9028320e+01
   2.8618470e+06   4.8083496e+01
   2.8622450e+06   6.6174316e+01
   2.8731730e+06   2.1756592e+02
   2.8737990e+06   5.4034424e+01
   2.8741810e+06   2.0352173e+02
   2.8742420e+06   1.5662842e+02
   2.8742740e+06   1.6329346e+02
   2.8749800e+06   5.4272461e+01
   2.8870550e+06   1.8257446e+02
   2.8878660e+06   7.0220947e+01
   2.8991060e+06   4.6655273e+01
   2.8991910e+06   2.1256714e+02
   2.8992550e+06   1.3544312e+02
   2.8992730e+06   4.9035645e+01
   2.8998170e+06   2.1828003e+02
   2.9001320e+06   2.2803955e+02
   2.9005740e+06   1.9899902e+02
   2.9114000e+06   7.9028320e+01
   2.9117170e+06   1.9185791e+02
   2.9123230e+06   1.7686157e+02
   2.9123880e+06   1.7233887e+02
   2.9127180e+06   4.6179199e+01
   2.9127400e+06   6.3317871e+01
   2.9127950e+06   1.4282227e+02
   2.9128210e+06   1.6257935e+02
   2.9128770e+06   1.3782349e+02
   2.9249430e+06   5.5462646e+01
   2.9250570e+06   5.3082275e+01
   2.9253160e+06   6.3555908e+01
   2.9254210e+06   1.6234131e+02
   2.9258430e+06   1.7543335e+02
   2.9262490e+06   1.8019409e+02
   2.9278910e+06   1.5948486e+02
   2.9279930e+06   2.7636108e+02
   2.9413660e+06   6.6412354e+01
   2.9418810e+06   4.9749756e+01
   2.9419650e+06   2.0328369e+02
   2.9423890e+06   6.1889648e+01
   2.9424550e+06   1.5829468e+02
   2.9514560e+06   8.3789063e+01
   2.9515000e+06   1.5829468e+02
   2.9515450e+06   2.0566406e+02
   2.9522300e+06   5.8795166e+01
   2.9633960e+06   2.0899658e+02
   2.9638160e+06   5.9271240e+01
   2.9642430e+06   4.7845459e+01
   2.9644570e+06   2.0185547e+02
   2.9688420e+06   4.8797607e+01
   2.9688560e+06   5.2368164e+01
   2.9688970e+06   6.3317871e+01
   2.9689190e+06   1.3425293e+02
   2.9689880e+06   1.8162231e+02
   2.9692960e+06   1.8067017e+02
   2.9703310e+06   2.1066284e+02
   2.9706460e+06   5.2368164e+01
   2.9707100e+06   1.4758301e+02
   2.9707460e+06   2.9730835e+02
   2.9820970e+06   2.3256226e+02
   2.9827550e+06   6.9982910e+01
   2.9828380e+06   1.6305542e+02
   2.9828730e+06   1.4782104e+02
   2.9951850e+06   2.5541382e+02
   2.9952270e+06   4.8083496e+01
   2.9954290e+06   5.7604980e+01
   2.9955460e+06   5.1892090e+01
   2.9961550e+06   6.8078613e+01
   2.9962360e+06   4.9987793e+01
   2.9964880e+06   5.2844238e+01
