   3.0000000e+06   0.0000000e+00
   4.0660000e+03   4.2846680e+01
   4.0870000e+03   4.4750977e+01
   4.1260000e+03   5.0939941e+01
   4.1480000e+03   4.4750977e+01
   4.1810000e+03   3.9038086e+01
   4.1950000e+03   4.3560791e+01
   4.2560000e+03   3.8085938e+01
   4.3720000e+03   3.8323975e+01
   4.4810000e+03   3.7609863e+01
   1.4612000e+04   4.2846680e+01
   1.4673000e+04   4.6179199e+01
   1.4691000e+04   3.7609863e+01
   1.4980000e+04   3.8562012e+01
   1.4999000e+04   4.4274902e+01
   2.6408000e+04   3.8562012e+01
   2.6490000e+04   5.4748535e+01
   2.6558000e+04   3.8800049e+01
   3.5743000e+04   4.2846680e+01
   3.5784000e+04   4.1180420e+01
   3.5887000e+04   4.0942383e+01
   3.5941000e+04   4.2608643e+01
   3.6204000e+04   3.8085938e+01
   3.6305000e+04   3.9276123e+01
   4.5365000e+04   4.0466309e+01
   4.5382000e+04   4.0228271e+01
   4.5411000e+04   3.8085938e+01
   4.5421000e+04   4.8083496e+01
   4.5508000e+04   4.3084717e+01
   4.5632000e+04   3.8562012e+01
   4.5688000e+04   4.6893311e+01
   4.5899000e+04   4.4989014e+01
   4.6083000e+04   3.9990234e+01
   4.6346000e+04   4.6417236e+01
   5.4577000e+04   4.4512939e+01
   5.4587000e+04   3.8085938e+01
   5.4633000e+04   4.9749756e+01
   5.4805000e+04   3.9276123e+01
   5.5118000e+04   4.6893311e+01
   6.4430000e+04   5.3796387e+01
   6.4498000e+04   5.3558350e+01
   6.4620000e+04   3.8562012e+01
   6.5031000e+04   4.0466309e+01
   7.5457000e+04   3.9990234e+01
   7.5521000e+04   4.0942383e+01
   7.5644000e+04   4.8559570e+01
   7.5820000e+04   3.8562012e+01
   8.4279000e+04   3.7847900e+01
   8.4340000e+04   4.6893311e+01
   8.4411000e+04   3.9038086e+01
   8.4462000e+04   4.1656494e+01
   8.4612000e+04   3.9038086e+01
   8.4920000e+04   4.2846680e+01
   8.8405000e+04   3.7609863e+01
   9.4070000e+04   4.2370605e+01
   9.4142000e+04   3.7609863e+01
   9.4253000e+04   4.7845459e+01
   9.4378000e+04   4.9273682e+01
   9.4402000e+04   5.1892090e+01
   9.4598000e+04   5.6890869e+01
   9.5137000e+04   3.7609863e+01
   1.0364400e+05   4.1656494e+01
   1.0369300e+05   5.7604980e+01
   1.0371200e+05   4.1656494e+01
   1.0378400e+05   4.3084717e+01
   1.0407100e+05   4.8321533e+01
   1.0416500e+05   3.9990234e+01
   1.0420200e+05   5.3796387e+01
   1.1465600e+05   3.8323975e+01
   1.1471700e+05   4.9511719e+01
   1.1475400e+05   4.2846680e+01
   1.1483300e+05   3.9752197e+01
   1.1506200e+05   3.7847900e+01
   1.2616200e+05   4.5941162e+01
   1.2645500e+05   4.2608643e+01
   1.2703400e+05   3.9038086e+01
   1.3909100e+05   5.1416016e+01
   1.3915000e+05   5.0225830e+01
   1.3916100e+05   4.1894531e+01
   1.3921000e+05   3.9752197e+01
   1.3958300e+05   3.7609863e+01
   1.4871300e+05   4.8797607e+01
   1.4873900e+05   5.1177979e+01
   1.4877400e+05   3.8800049e+01
   1.4885800e+05   4.0704346e+01
   1.4887600e+05   5.7843018e+01
   1.4902400e+05   4.2608643e+01
   1.4917500e+05   3.9752197e+01
   1.4964700e+05   3.8800049e+01
   1.6135300e+05   4.6417236e+01
   1.6141200e+05   5.3320312e+01
   1.6187600e+05   4.0942383e+01
   1.7310900e+05   3.8562012e+01
   1.7313400e+05   5.2606201e+01
   1.7323200e+05   4.2846680e+01
   1.7336000e+05   4.3322754e+01
   1.7338000e+05   5.0939941e+01
   1.7352400e+05   5.0939941e+01
   1.8328700e+05   4.8559570e+01
   1.8340900e+05   4.4036865e+01
   1.8352000e+05   3.7847900e+01
   1.8356800e+05   4.5941162e+01
   1.8358800e+05   3.7847900e+01
   1.8372800e+05   4.7607422e+01
   1.9406100e+05   4.9511719e+01
   1.9421600e+05   3.9038086e+01
   1.9426800e+05   3.9514160e+01
   1.9446700e+05   4.3322754e+01
   2.0591900e+05   5.8795166e+01
   2.0605800e+05   3.9514160e+01
   2.0619300e+05   4.7845459e+01
   2.0635200e+05   4.0228271e+01
   2.0637500e+05   3.9752197e+01
   2.1521700e+05   4.3084717e+01
   2.1531600e+05   3.8085938e+01
   2.1533900e+05   4.9035645e+01
   2.1536600e+05   3.8800049e+01
   2.1544100e+05   3.8085938e+01
   2.1549600e+05   4.9273682e+01
   2.1561400e+05   3.8085938e+01
   2.1564600e+05   4.8083496e+01
   2.1584100e+05   5.6652832e+01
   2.1610600e+05   4.4750977e+01
   2.3261100e+05   4.6417236e+01
   2.3283700e+05   3.8323975e+01
   2.3306600e+05   3.9514160e+01
   2.4304700e+05   4.0466309e+01
   2.4306200e+05   4.0228271e+01
   2.4315000e+05   3.8323975e+01
   2.4330600e+05   5.1892090e+01
   2.4332900e+05   4.0704346e+01
   2.4953000e+05   5.9271240e+01
   2.4980600e+05   5.6652832e+01
   2.5036300e+05   3.8323975e+01
   2.5038400e+05   5.0463867e+01
   2.5857100e+05   6.5936279e+01
   2.5860700e+05   4.1656494e+01
   2.5887700e+05   4.6893311e+01
   2.6529600e+05   3.7609863e+01
   2.6537300e+05   4.0228271e+01
   2.7221600e+05   3.9990234e+01
   2.7263300e+05   5.0701904e+01
   2.7883000e+05   4.1894531e+01
   2.8525200e+05   4.2370605e+01
   2.8527200e+05   4.8797607e+01
   2.8551700e+05   3.7609863e+01
   2.9188300e+05   3.9038086e+01
   2.9208200e+05   4.0228271e+01
   2.9245000e+05   4.3560791e+01
   2.9795200e+05   4.7607422e+01
   2.9830000e+05   4.6179199e+01
   3.0480600e+05   4.5703125e+01
   3.0510800e+05   3.9514160e+01
   3.0514600e+05   4.4750977e+01
   3.1147200e+05   3.9276123e+01
   3.1185300e+05   3.8323975e+01
   3.1215300e+05   3.8085938e+01
   3.1729300e+05   4.4512939e+01
   3.1748500e+05   3.8323975e+01
   3.2418900e+05   4.2132568e+01
   3.2447000e+05   4.3322754e+01
   3.3090400e+05   4.0228271e+01
   3.3096000e+05   4.1894531e+01
   3.3138700e+05   4.1180420e+01
   3.3649900e+05   3.9276123e+01
   3.3676300e+05   4.3322754e+01
   3.4859200e+05   4.1656494e+01
   3.4866000e+05   4.8797607e+01
   3.4889200e+05   5.4986572e+01
   3.4917500e+05   4.7131348e+01
   3.5568300e+05   4.6893311e+01
   3.5570400e+05   4.7845459e+01
   3.5591700e+05   4.0942383e+01
   3.5620900e+05   4.0704346e+01
   3.6090800e+05   4.5465088e+01
   3.6115700e+05   4.1656494e+01
   3.6662100e+05   4.1418457e+01
   3.6700600e+05   3.8800049e+01
   3.7237100e+05   4.8083496e+01
   3.7256100e+05   4.4512939e+01
   3.7281000e+05   4.9511719e+01
   3.7828500e+05   4.1656494e+01
   3.7844500e+05   4.0228271e+01
   3.7851200e+05   5.3558350e+01
   3.7900300e+05   3.8562012e+01
   3.8448800e+05   3.8562012e+01
   3.8449900e+05   4.2132568e+01
   3.8455100e+05   4.9987793e+01
   3.8475800e+05   3.9038086e+01
   3.9155600e+05   6.0461426e+01
   3.9174800e+05   4.1894531e+01
   3.9839100e+05   3.8323975e+01
   3.9859600e+05   4.2132568e+01
   4.0585500e+05   4.3798828e+01
   4.0591400e+05   5.4034424e+01
   4.0609600e+05   4.0466309e+01
   4.0624900e+05   4.2370605e+01
   4.1282600e+05   5.2368164e+01
   4.1323600e+05   4.1656494e+01
   4.2006100e+05   4.2370605e+01
   4.2007800e+05   4.0942383e+01
   4.2024400e+05   4.9749756e+01
   4.2042400e+05   3.8323975e+01
   4.2096100e+05   4.1418457e+01
   4.2759600e+05   4.7131348e+01
   4.2796100e+05   3.7609863e+01
   4.3381300e+05   4.1418457e+01
   4.3383700e+05   4.1894531e+01
   4.3406400e+05   4.7845459e+01
   4.4079800e+05   4.2370605e+01
   4.4085000e+05   5.4272461e+01
   4.4126900e+05   3.8562012e+01
   4.4901600e+05   3.8323975e+01
   4.5704800e+05   3.9276123e+01
   4.5706500e+05   5.5224609e+01
   4.5726900e+05   4.2608643e+01
   4.6466600e+05   4.0466309e+01
   4.6472000e+05   4.2846680e+01
   4.6493200e+05   4.3798828e+01
   4.6515500e+05   3.9752197e+01
   4.7241100e+05   4.1180420e+01
   4.7243400e+05   6.2841797e+01
   4.7261600e+05   4.0942383e+01
   4.7263500e+05   3.9276123e+01
   4.7282900e+05   4.1656494e+01
   4.8013200e+05   4.2132568e+01
   4.8031000e+05   5.1892090e+01
   4.8047600e+05   4.5703125e+01
   4.8791100e+05   3.7609863e+01
   4.8822700e+05   4.2132568e+01
   4.9619000e+05   3.9990234e+01
   4.9630400e+05   3.8085938e+01
   4.9653800e+05   3.8800049e+01
   4.9656600e+05   4.5227051e+01
   5.0483600e+05   5.7604980e+01
   5.0499600e+05   4.6179199e+01
   5.0536400e+05   4.0228271e+01
   5.1239400e+05   4.1656494e+01
   5.1267800e+05   3.8562012e+01
   5.1965600e+05   4.4512939e+01
   5.1969500e+05   3.8800049e+01
   5.1985800e+05   4.8321533e+01
   5.2708200e+05   4.6417236e+01
   5.2738100e+05   4.1656494e+01
   5.2772300e+05   3.7847900e+01
   5.3483300e+05   5.8795166e+01
   5.3499500e+05   5.2606201e+01
   5.4212100e+05   3.7609863e+01
   5.4222100e+05   4.2370605e+01
   5.4247500e+05   4.1180420e+01
   5.5035700e+05   3.7609863e+01
   5.5042000e+05   5.1654053e+01
   5.5060600e+05   4.1894531e+01
   5.5091700e+05   3.7847900e+01
   5.6081200e+05   3.7609863e+01
   5.6087400e+05   4.6179199e+01
   5.6097500e+05   5.2368164e+01
   5.6131700e+05   4.6893311e+01
   5.7060500e+05   3.8085938e+01
   5.7063900e+05   4.9035645e+01
   5.7082100e+05   3.8562012e+01
   5.7934600e+05   4.6179199e+01
   5.7947100e+05   4.5703125e+01
   5.7982300e+05   3.9038086e+01
   5.8798200e+05   4.7369385e+01
   5.8801800e+05   4.3322754e+01
   5.8819800e+05   4.5703125e+01
   5.8845700e+05   4.3322754e+01
   5.9746800e+05   3.8562012e+01
   5.9751300e+05   5.3320312e+01
   5.9764200e+05   3.9276123e+01
   5.9766100e+05   4.1656494e+01
   5.9780600e+05   4.3798828e+01
   5.9818200e+05   4.3084717e+01
   6.0723600e+05   4.0466309e+01
   6.0724800e+05   4.5465088e+01
   6.0781000e+05   4.0228271e+01
   6.1651300e+05   3.9990234e+01
   6.1674200e+05   5.1177979e+01
   6.1704000e+05   4.5465088e+01
   6.2646000e+05   4.3322754e+01
   6.2655000e+05   3.8800049e+01
   6.2663700e+05   4.8083496e+01
   6.3626400e+05   5.9747314e+01
   6.3641100e+05   4.9987793e+01
   6.3666900e+05   3.8562012e+01
   6.3690800e+05   3.9038086e+01
   6.4647600e+05   4.0466309e+01
   6.4687200e+05   4.0466309e+01
   6.4710900e+05   3.7609863e+01
   6.5662900e+05   3.9276123e+01
   6.6793000e+05   4.2132568e+01
   6.6798900e+05   3.8562012e+01
   6.6817800e+05   4.0228271e+01
   6.6843700e+05   4.1656494e+01
   6.6870500e+05   4.4750977e+01
   6.7947200e+05   4.3084717e+01
   6.7970600e+05   4.3560791e+01
   6.8968600e+05   3.8085938e+01
   6.8974600e+05   5.0463867e+01
   6.9000200e+05   5.5938721e+01
   6.9009100e+05   3.7609863e+01
   7.0034900e+05   5.7843018e+01
   7.0048500e+05   4.4036865e+01
   7.0071000e+05   3.8085938e+01
   7.0083900e+05   4.4274902e+01
   7.0103900e+05   4.2608643e+01
   7.1129200e+05   4.0466309e+01
   7.1138900e+05   4.4750977e+01
   7.1156800e+05   5.4272461e+01
   7.1159400e+05   4.2608643e+01
   7.2342100e+05   4.1894531e+01
   7.2349600e+05   4.2132568e+01
   7.2413000e+05   3.9752197e+01
   7.3583000e+05   3.8800049e+01
   7.3657900e+05   4.0228271e+01
   7.4985700e+05   3.9038086e+01
   7.4989400e+05   3.9276123e+01
   7.5019200e+05   5.4272461e+01
   7.5040700e+05   3.8800049e+01
   7.6666200e+05   3.9038086e+01
   7.6673700e+05   4.3798828e+01
   8.0160300e+05   3.8323975e+01
   8.8983700e+05   3.9514160e+01
   8.9462600e+05   4.5465088e+01
   9.3963700e+05   4.3322754e+01
   9.4053100e+05   3.8800049e+01
   9.4061600e+05   3.9752197e+01
   9.4074200e+05   4.6417236e+01
   9.4109200e+05   4.3084717e+01
   9.4111200e+05   3.7847900e+01
   9.4114900e+05   4.4036865e+01
   9.4131700e+05   3.8085938e+01
   9.7259900e+05   4.4036865e+01
   1.0008270e+06   3.9990234e+01
   1.0020100e+06   4.7845459e+01
   1.0062470e+06   3.8800049e+01
   1.0064240e+06   4.0942383e+01
   1.0183130e+06   4.1180420e+01
   1.0183410e+06   4.1418457e+01
   1.0183800e+06   3.8562012e+01
   1.0196110e+06   4.3084717e+01
   1.0198890e+06   3.8085938e+01
   1.0203600e+06   3.8562012e+01
   1.0203910e+06   4.2370605e+01
   1.0510550e+06   3.8085938e+01
   1.0510870e+06   4.1180420e+01
   1.0511600e+06   4.3798828e+01
   1.0664710e+06   4.4512939e+01
   1.0846660e+06   4.0942383e+01
   1.0846960e+06   4.0466309e+01
   1.0847410e+06   4.3798828e+01
   1.0860980e+06   4.9035645e+01
   1.0863630e+06   3.8085938e+01
   1.0866700e+06   3.7847900e+01
   1.0867020e+06   4.1180420e+01
   1.0867270e+06   4.4750977e+01
   1.0867770e+06   3.7847900e+01
   1.0869360e+06   3.8800049e+01
   1.1100940e+06   3.9990234e+01
   1.1102300e+06   3.7847900e+01
   1.1102540e+06   4.1656494e+01
   1.1102950e+06   4.3798828e+01
   1.1103770e+06   4.8797607e+01
   1.1104180e+06   4.0704346e+01
   1.1282180e+06   4.0942383e+01
   1.1282550e+06   4.6179199e+01
   1.1283000e+06   4.6179199e+01
   1.1283220e+06   4.0942383e+01
   1.1283560e+06   4.4750977e+01
   1.1283730e+06   4.1656494e+01
   1.1284510e+06   3.9276123e+01
   1.1457500e+06   3.9752197e+01
   1.1457760e+06   4.2846680e+01
   1.1458380e+06   4.8321533e+01
   1.1458780e+06   4.4750977e+01
   1.1460020e+06   3.8562012e+01
   1.1627650e+06   4.6179199e+01
   1.1628160e+06   4.3322754e+01
   1.1628310e+06   3.7847900e+01
   1.1628660e+06   4.5465088e+01
   1.1629290e+06   4.2608643e+01
   1.1629520e+06   4.0704346e+01
   1.1630600e+06   4.1418457e+01
   1.1813620e+06   3.8085938e+01
   1.1814190e+06   4.5465088e+01
   1.1814340e+06   3.9752197e+01
   1.1814800e+06   3.8323975e+01
   1.1815520e+06   3.9038086e+01
   1.1815830e+06   4.2132568e+01
   1.1969050e+06   4.2846680e+01
   1.1969220e+06   4.7845459e+01
   1.1970340e+06   3.8085937e+01
   1.1971010e+06   4.1894531e+01
   1.2113790e+06   5.9985352e+01
   1.2114260e+06   4.0228271e+01
   1.2114550e+06   4.7369385e+01
   1.2114910e+06   4.0466309e+01
   1.2115540e+06   3.9990234e+01
   1.2257030e+06   4.4989014e+01
   1.2257960e+06   3.9990234e+01
   1.2258380e+06   4.8797607e+01
   1.2259340e+06   4.2846680e+01
   1.2392470e+06   4.0704346e+01
   1.2393120e+06   6.6174316e+01
   1.2393460e+06   4.0704346e+01
   1.2393840e+06   5.4510498e+01
   1.2394150e+06   3.9276123e+01
   1.2394550e+06   4.2846680e+01
   1.2520390e+06   4.5941162e+01
   1.2520540e+06   3.8323975e+01
   1.2521360e+06   3.9990234e+01
   1.2522640e+06   4.1894531e+01
   1.2664500e+06   4.7845459e+01
   1.2664910e+06   4.3798828e+01
   1.2665370e+06   4.3084717e+01
   1.2665560e+06   4.1180420e+01
   1.2666720e+06   4.3798828e+01
   1.2765170e+06   4.4036865e+01
   1.2955960e+06   3.8323975e+01
   1.2956460e+06   3.9514160e+01
   1.2958120e+06   4.0466309e+01
   1.3085260e+06   3.7609863e+01
   1.3087680e+06   3.9276123e+01
   1.3089450e+06   4.1180420e+01
   1.3245040e+06   4.1180420e+01
   1.3245860e+06   3.9276123e+01
   1.3246300e+06   4.4274902e+01
   1.3246510e+06   4.7369385e+01
   1.3247050e+06   4.6893311e+01
   1.3403680e+06   4.6893311e+01
   1.3404780e+06   3.8562012e+01
   1.3405650e+06   4.2132568e+01
   1.3406260e+06   4.0228271e+01
   1.3407700e+06   3.9276123e+01
   1.3537930e+06   3.8085938e+01
   1.3539210e+06   4.3560791e+01
   1.3540420e+06   4.3560791e+01
   1.3540540e+06   3.7609863e+01
   1.3541650e+06   4.3084717e+01
   1.3630700e+06   3.8562012e+01
   1.3767370e+06   4.2846680e+01
   1.3767720e+06   3.9038086e+01
   1.3768420e+06   5.1654053e+01
   1.3768520e+06   4.2608643e+01
   1.3769440e+06   4.9035645e+01
   1.3770430e+06   3.9752197e+01
   1.3770560e+06   4.2608643e+01
   1.3911040e+06   4.3084717e+01
   1.3912510e+06   4.0466309e+01
   1.3913980e+06   3.8085937e+01
   1.3915900e+06   3.9038086e+01
   1.4103660e+06   3.9276123e+01
   1.4104420e+06   4.8321533e+01
   1.4105500e+06   5.1416016e+01
   1.4106290e+06   4.3798828e+01
   1.4106790e+06   3.8323975e+01
   1.4227590e+06   3.9990234e+01
   1.4228910e+06   4.5941162e+01
   1.4346540e+06   3.8323975e+01
   1.4348180e+06   3.8562012e+01
   1.4349060e+06   6.8792725e+01
   1.4453400e+06   4.0228271e+01
   1.4453720e+06   3.8800049e+01
   1.4454740e+06   4.0466309e+01
   1.4456170e+06   5.9271240e+01
   1.4457520e+06   4.9273682e+01
   1.4458660e+06   4.2132568e+01
   1.4543010e+06   3.8085937e+01
   1.4543670e+06   3.7609863e+01
   1.4544350e+06   4.0704346e+01
   1.4544550e+06   4.0942383e+01
   1.4545740e+06   4.1180420e+01
   1.4546390e+06   4.2846680e+01
   1.4548270e+06   4.1894531e+01
   1.4550270e+06   4.1894531e+01
   1.4648710e+06   4.8797607e+01
   1.4651490e+06   3.9990234e+01
   1.4738360e+06   3.7847900e+01
   1.4739330e+06   5.4272461e+01
   1.4742960e+06   4.3798828e+01
   1.4837380e+06   3.8085938e+01
   1.4838390e+06   6.2841797e+01
   1.4839740e+06   4.1894531e+01
   1.4840280e+06   4.7607422e+01
   1.4841000e+06   4.1894531e+01
   1.4842680e+06   4.2608643e+01
   1.4844270e+06   4.0228271e+01
   1.4990100e+06   3.8085938e+01
   1.4990300e+06   3.9990234e+01
   1.4990790e+06   6.0937500e+01
   1.4990980e+06   3.9990234e+01
   1.4994820e+06   4.9987793e+01
   1.5094920e+06   4.0228271e+01
   1.5095100e+06   4.6417236e+01
   1.5095780e+06   4.4750977e+01
   1.5097630e+06   3.9276123e+01
   1.5097960e+06   5.0463867e+01
   1.5099270e+06   4.0228271e+01
   1.5099600e+06   3.8562012e+01
   1.5100930e+06   4.0942383e+01
   1.5205000e+06   3.9990234e+01
   1.5205520e+06   4.7607422e+01
   1.5206610e+06   4.1656494e+01
   1.5206720e+06   4.7131348e+01
   1.5207690e+06   4.0466309e+01
   1.5207900e+06   3.9514160e+01
   1.5209780e+06   3.7609863e+01
   1.5211420e+06   3.8323975e+01
   1.5348730e+06   4.2608643e+01
   1.5349010e+06   4.5703125e+01
   1.5349360e+06   5.4510498e+01
   1.5350660e+06   4.8559570e+01
   1.5351810e+06   4.2132568e+01
   1.5357290e+06   4.2370605e+01
   1.5359990e+06   3.8562012e+01
   1.5476210e+06   5.2130127e+01
   1.5476970e+06   3.7847900e+01
   1.5478150e+06   3.9752197e+01
   1.5479350e+06   3.9990234e+01
   1.5479970e+06   4.0466309e+01
   1.5483610e+06   3.9752197e+01
   1.5585340e+06   3.9038086e+01
   1.5586410e+06   4.6893311e+01
   1.5679710e+06   4.2132568e+01
   1.5680290e+06   3.9752197e+01
   1.5686500e+06   4.0228271e+01
   1.5686700e+06   4.3084717e+01
   1.5807580e+06   4.5941162e+01
   1.5808140e+06   4.2846680e+01
   1.5808310e+06   3.9990234e+01
   1.5809440e+06   5.1416016e+01
   1.5810970e+06   5.9747314e+01
   1.5812340e+06   4.0228271e+01
   1.5815580e+06   4.0704346e+01
   1.5959210e+06   5.1416016e+01
   1.5959850e+06   5.3796387e+01
   1.5960260e+06   3.7847900e+01
   1.5960580e+06   4.0466309e+01
   1.5961090e+06   4.0942383e+01
   1.5962590e+06   3.8085938e+01
   1.5963940e+06   3.9038086e+01
   1.5968790e+06   3.7609863e+01
   1.6065530e+06   3.8800049e+01
   1.6065910e+06   4.8797607e+01
   1.6066550e+06   4.5941162e+01
   1.6068130e+06   4.0228271e+01
   1.6068400e+06   4.1180420e+01
   1.6070160e+06   4.3322754e+01
   1.6072480e+06   4.6179199e+01
   1.6074140e+06   4.2132568e+01
   1.6178000e+06   3.8323975e+01
   1.6178360e+06   4.8797607e+01
   1.6179990e+06   3.9990234e+01
   1.6186240e+06   4.4274902e+01
   1.6401420e+06   4.1180420e+01
   1.6401570e+06   4.2132568e+01
   1.6403160e+06   3.7609863e+01
   1.6403560e+06   3.8323975e+01
   1.6404880e+06   5.7128906e+01
   1.6406090e+06   3.7609863e+01
   1.6409000e+06   3.7609863e+01
   1.6627420e+06   4.4274902e+01
   1.6632100e+06   4.2132568e+01
   1.6633780e+06   4.2608643e+01
   1.6846780e+06   4.9273682e+01
   1.6847350e+06   4.1418457e+01
   1.6848890e+06   3.8800049e+01
   1.6851650e+06   3.9038086e+01
   1.6854300e+06   4.0704346e+01
   1.7024240e+06   3.7609863e+01
   1.7024450e+06   4.1418457e+01
   1.7025970e+06   3.7847900e+01
   1.7026860e+06   4.4274902e+01
   1.7027830e+06   3.9752197e+01
   1.7029900e+06   4.6179199e+01
   1.7035200e+06   4.6417236e+01
   1.7163530e+06   4.4036865e+01
   1.7164910e+06   3.7847900e+01
   1.7166070e+06   3.7847900e+01
   1.7166820e+06   4.1656494e+01
   1.7168220e+06   5.0225830e+01
   1.7368440e+06   4.0704346e+01
   1.7369010e+06   4.4274902e+01
   1.7369340e+06   3.7609863e+01
   1.7370240e+06   4.1180420e+01
   1.7371070e+06   4.0704346e+01
   1.7372900e+06   3.7847900e+01
   1.7374800e+06   4.0466309e+01
   1.7378640e+06   4.1180420e+01
   1.7584470e+06   4.0942383e+01
   1.7584620e+06   4.8321533e+01
   1.7586120e+06   3.8800049e+01
   1.7588020e+06   4.7607422e+01
   1.7588530e+06   3.9038086e+01
   1.7758550e+06   4.8321533e+01
   1.7758710e+06   4.2608643e+01
   1.7760760e+06   3.8800049e+01
   1.7760870e+06   4.7845459e+01
   1.7762020e+06   4.3322754e+01
   1.7762940e+06   4.0466309e+01
   1.7840890e+06   4.1418457e+01
   1.7979800e+06   4.5703125e+01
   1.7980210e+06   3.9990234e+01
   1.7982230e+06   4.5227051e+01
   1.8070720e+06   4.5227051e+01
   1.8071180e+06   4.7607422e+01
   1.8072630e+06   3.8800049e+01
   1.8146030e+06   4.2846680e+01
   1.8218730e+06   4.3798828e+01
   1.8227280e+06   4.1180420e+01
   1.8296540e+06   4.6893311e+01
   1.8297870e+06   4.1656494e+01
   1.8448480e+06   4.2608643e+01
   1.8571840e+06   4.3560791e+01
   1.8635300e+06   4.1418457e+01
   1.8700000e+06   3.7847900e+01
   1.8700870e+06   4.4036865e+01
   1.8706010e+06   4.9273682e+01
   1.8761410e+06   3.8323975e+01
   1.8832120e+06   4.2370605e+01
   1.8834510e+06   3.8562012e+01
   1.8836670e+06   3.9514160e+01
   1.8897110e+06   3.9038086e+01
   1.8898370e+06   4.3084717e+01
   1.8900560e+06   3.7609863e+01
   1.8900930e+06   3.7609863e+01
   1.9011300e+06   5.0701904e+01
   1.9014340e+06   4.2608643e+01
   1.9017000e+06   4.6417236e+01
   1.9074410e+06   3.8323975e+01
   1.9077140e+06   4.1656494e+01
   1.9140210e+06   4.4512939e+01
   1.9142580e+06   4.2608643e+01
   1.9205690e+06   4.1418457e+01
   1.9206920e+06   4.4512939e+01
   1.9207610e+06   3.8085937e+01
   1.9209320e+06   4.0942383e+01
   1.9211600e+06   3.8085937e+01
   1.9214460e+06   4.1418457e+01
   1.9266610e+06   4.4512939e+01
   1.9267890e+06   3.8323975e+01
   1.9268630e+06   3.9752197e+01
   1.9274120e+06   4.4989014e+01
   1.9341560e+06   5.4272461e+01
   1.9343000e+06   5.2130127e+01
   1.9346190e+06   4.3084717e+01
   1.9413250e+06   7.1887207e+01
   1.9415070e+06   3.8562012e+01
   1.9415390e+06   4.5703125e+01
   1.9417880e+06   3.8562012e+01
   1.9489020e+06   3.8323975e+01
   1.9493580e+06   4.2608643e+01
   1.9494970e+06   3.9038086e+01
   1.9569180e+06   5.0701904e+01
   1.9570860e+06   3.9276123e+01
   1.9572570e+06   5.9509277e+01
   1.9576040e+06   3.7847900e+01
   1.9653450e+06   4.6655273e+01
   1.9655390e+06   4.0942383e+01
   1.9662080e+06   4.0942383e+01
   1.9724830e+06   4.2608643e+01
   1.9726440e+06   3.9514160e+01
   1.9731600e+06   4.1418457e+01
   1.9804890e+06   5.1654053e+01
   1.9806190e+06   4.7845459e+01
   1.9807740e+06   4.1894531e+01
   1.9885610e+06   4.3798828e+01
   1.9887290e+06   3.8562012e+01
   1.9957970e+06   3.9752197e+01
   1.9958160e+06   4.4274902e+01
   1.9960210e+06   4.3322754e+01
   1.9962050e+06   3.9514160e+01
   2.0040500e+06   4.0704346e+01
   2.0042100e+06   3.7847900e+01
   2.0044150e+06   4.0228271e+01
   2.0046900e+06   3.8085937e+01
   2.0117950e+06   4.0228271e+01
   2.0118550e+06   6.5222168e+01
   2.0120070e+06   4.3084717e+01
   2.0120730e+06   3.7847900e+01
   2.0122520e+06   3.7847900e+01
   2.0200850e+06   4.0228271e+01
   2.0202080e+06   4.9987793e+01
   2.0206610e+06   3.8800049e+01
   2.0284270e+06   4.0466309e+01
   2.0286370e+06   3.9276123e+01
   2.0288450e+06   4.3322754e+01
   2.0291420e+06   4.4750977e+01
   2.0296070e+06   4.3798828e+01
   2.0367420e+06   4.2132568e+01
   2.0368490e+06   3.9038086e+01
   2.0371150e+06   5.3796387e+01
   2.0448850e+06   3.8323975e+01
   2.0449070e+06   4.9749756e+01
   2.0449400e+06   4.4036865e+01
   2.0450440e+06   4.9035645e+01
   2.0458310e+06   5.1177979e+01
   2.0531970e+06   4.2608643e+01
   2.0533050e+06   4.8321533e+01
   2.0535160e+06   4.4036865e+01
   2.0543430e+06   4.5465088e+01
   2.0616620e+06   4.2846680e+01
   2.0619390e+06   5.2130127e+01
   2.0707180e+06   4.6179199e+01
   2.0707620e+06   4.4274902e+01
   2.0709210e+06   4.0466309e+01
   2.0711560e+06   4.2132568e+01
   2.0799290e+06   4.4512939e+01
   2.0800520e+06   4.3560791e+01
   2.0800640e+06   4.8321533e+01
   2.0802850e+06   4.4750977e+01
   2.0890790e+06   5.3320313e+01
   2.0891160e+06   3.9514160e+01
   2.0894000e+06   3.9276123e+01
   2.0895870e+06   4.0466309e+01
   2.0988440e+06   3.7609863e+01
   2.0989200e+06   4.8083496e+01
   2.0990090e+06   3.7847900e+01
   2.0990870e+06   4.1180420e+01
   2.0993500e+06   4.2132568e+01
   2.1089180e+06   3.8085938e+01
   2.1091150e+06   3.9038086e+01
   2.1092760e+06   3.9276123e+01
   2.1093680e+06   4.0228271e+01
   2.1097590e+06   3.9990234e+01
   2.1187240e+06   3.9514160e+01
   2.1187890e+06   4.7845459e+01
   2.1189610e+06   4.9035645e+01
   2.1278570e+06   4.1180420e+01
   2.1280530e+06   3.9514160e+01
   2.1285310e+06   4.2132568e+01
   2.1288370e+06   4.2608643e+01
   2.1375050e+06   4.0942383e+01
   2.1375510e+06   4.3560791e+01
   2.1376820e+06   5.0463867e+01
   2.1377090e+06   4.6893311e+01
   2.1472120e+06   4.8321533e+01
   2.1472780e+06   4.4989014e+01
   2.1474960e+06   3.9514160e+01
   2.1481030e+06   3.8562012e+01
   2.1583410e+06   4.4036865e+01
   2.1585220e+06   4.6417236e+01
   2.1589020e+06   3.9990234e+01
   2.1592670e+06   3.7847900e+01
   2.1690700e+06   4.6417236e+01
   2.1795030e+06   3.9276123e+01
   2.1796910e+06   4.5703125e+01
   2.1916360e+06   4.0704346e+01
   2.1921650e+06   4.2370605e+01
   2.1926450e+06   4.4036865e+01
   2.2047290e+06   4.5227051e+01
   2.2203090e+06   4.2846680e+01
   2.2216560e+06   4.0704346e+01
   2.2379310e+06   3.8085938e+01
   2.2782560e+06   3.8085938e+01
   2.3019200e+06   5.5700684e+01
   2.3230670e+06   4.5465088e+01
   2.3509580e+06   4.2608643e+01
   2.3526890e+06   4.4989014e+01
   2.3528650e+06   4.5703125e+01
   2.3529730e+06   5.0701904e+01
   2.3530440e+06   4.9749756e+01
   2.3908470e+06   3.8323975e+01
   2.3915600e+06   3.7609863e+01
   2.3916950e+06   4.4512939e+01
   2.3918270e+06   4.0228271e+01
   2.3920050e+06   3.9514160e+01
   2.4106560e+06   4.1418457e+01
   2.4106750e+06   4.2370605e+01
   2.4192430e+06   4.0228271e+01
   2.4192690e+06   5.6652832e+01
   2.4193320e+06   4.4989014e+01
   2.4198370e+06   4.8321533e+01
   2.4200430e+06   4.4989014e+01
   2.4202180e+06   4.3560791e+01
   2.4203630e+06   4.1656494e+01
   2.4205430e+06   3.7609863e+01
   2.4209470e+06   5.0463867e+01
   2.4351360e+06   3.8085938e+01
   2.4367500e+06   3.7609863e+01
   2.4369070e+06   4.5465088e+01
   2.4495010e+06   4.5703125e+01
   2.4495240e+06   3.9990234e+01
   2.4495790e+06   4.9987793e+01
   2.4497160e+06   3.9276123e+01
   2.4589350e+06   4.4274902e+01
   2.4591080e+06   3.9276123e+01
   2.4591270e+06   3.8800049e+01
   2.4600780e+06   4.2370605e+01
   2.4602010e+06   3.9514160e+01
   2.4717990e+06   3.8323975e+01
   2.4720010e+06   3.8085937e+01
   2.4721900e+06   3.9990234e+01
   2.4878560e+06   5.1892090e+01
   2.4879020e+06   4.8083496e+01
   2.4884540e+06   3.7847900e+01
   2.5018280e+06   4.3084717e+01
   2.5020210e+06   4.0704346e+01
   2.5020700e+06   3.7609863e+01
   2.5190770e+06   3.9038086e+01
   2.5191390e+06   4.8321533e+01
   2.5193100e+06   3.8800049e+01
   2.5341250e+06   5.3320313e+01
   2.5341790e+06   4.5703125e+01
   2.5475850e+06   3.8323975e+01
   2.5476490e+06   4.9511719e+01
   2.5481140e+06   4.2370605e+01
   2.5560470e+06   4.6179199e+01
   2.5561770e+06   4.1894531e+01
   2.5563020e+06   4.0228271e+01
   2.5566400e+06   3.9276123e+01
   2.5707500e+06   4.3798828e+01
   2.5708030e+06   4.7369385e+01
   2.5709300e+06   4.4274902e+01
   2.5844390e+06   3.9514160e+01
   2.5844570e+06   4.5703125e+01
   2.5844840e+06   4.2608643e+01
   2.5845030e+06   3.7609863e+01
   2.5845470e+06   4.6893311e+01
   2.5847790e+06   4.0228271e+01
   2.6007070e+06   4.4750977e+01
   2.6007510e+06   4.1180420e+01
   2.6007790e+06   4.3322754e+01
   2.6008650e+06   4.5703125e+01
   2.6008980e+06   4.3322754e+01
   2.6009970e+06   3.7609863e+01
   2.6138270e+06   4.1180420e+01
   2.6138840e+06   4.8797607e+01
   2.6139220e+06   4.2370605e+01
   2.6140100e+06   4.0704346e+01
   2.6142080e+06   4.4750977e+01
   2.6144330e+06   4.0466309e+01
   2.6152490e+06   4.4036865e+01
   2.6281680e+06   5.7128906e+01
   2.6281870e+06   3.9514160e+01
   2.6282270e+06   4.8083496e+01
   2.6283240e+06   3.9514160e+01
   2.6284390e+06   3.8800049e+01
   2.6476230e+06   3.8323975e+01
   2.6476450e+06   4.2846680e+01
   2.6476660e+06   4.0228271e+01
   2.6477630e+06   4.5227051e+01
   2.6478830e+06   4.0942383e+01
   2.6480010e+06   4.2846680e+01
   2.6481760e+06   3.8085938e+01
   2.6589530e+06   4.3798828e+01
   2.6589970e+06   4.0942383e+01
   2.6590390e+06   3.9752197e+01
   2.6591010e+06   3.9990234e+01
   2.6592800e+06   3.8562012e+01
   2.6598350e+06   3.9514160e+01
   2.6661030e+06   3.7847900e+01
   2.6662910e+06   3.8562012e+01
   2.6762970e+06   3.8085938e+01
   2.6763430e+06   5.0939941e+01
   2.6764400e+06   3.8562012e+01
   2.6764510e+06   4.5703125e+01
   2.6765040e+06   4.3560791e+01
   2.6765480e+06   3.8562012e+01
   2.6766870e+06   4.1656494e+01
   2.6893750e+06   3.9752197e+01
   2.6893930e+06   5.5462646e+01
   2.6894830e+06   4.3798828e+01
   2.6895050e+06   3.9752197e+01
   2.6896410e+06   4.3084717e+01
   2.6896650e+06   3.7847900e+01
   2.6897620e+06   4.2132568e+01
   2.6898880e+06   4.8797607e+01
   2.7035340e+06   5.0225830e+01
   2.7035830e+06   4.4274902e+01
   2.7036230e+06   5.8557129e+01
   2.7037440e+06   4.4036865e+01
   2.7038140e+06   3.9038086e+01
   2.7038250e+06   3.7609863e+01
   2.7149660e+06   5.5938721e+01
   2.7149810e+06   4.2846680e+01
   2.7150300e+06   4.2608643e+01
   2.7151800e+06   3.9752197e+01
   2.7155000e+06   3.7609863e+01
   2.7160060e+06   4.9987793e+01
   2.7193460e+06   4.0942383e+01
   2.7273870e+06   6.3793945e+01
   2.7274330e+06   5.9509277e+01
   2.7277170e+06   4.1180420e+01
   2.7279460e+06   4.3560791e+01
   2.7447860e+06   3.8323975e+01
   2.7448330e+06   4.8083496e+01
   2.7448570e+06   4.3560791e+01
   2.7449400e+06   4.9273682e+01
   2.7450520e+06   3.8562012e+01
   2.7451750e+06   3.7847900e+01
   2.7452760e+06   4.2132568e+01
   2.7455890e+06   4.8083496e+01
   2.7564530e+06   3.8323975e+01
   2.7565190e+06   5.4510498e+01
   2.7566450e+06   4.3560791e+01
   2.7568100e+06   5.3796387e+01
   2.7569130e+06   4.4512939e+01
   2.7573570e+06   4.2608643e+01
   2.7690370e+06   4.1894531e+01
   2.7690830e+06   4.9749756e+01
   2.7691280e+06   3.8085938e+01
   2.7691800e+06   4.7369385e+01
   2.7692220e+06   4.0228271e+01
   2.7695590e+06   3.9990234e+01
   2.7698030e+06   4.4274902e+01
   2.7828250e+06   4.2846680e+01
   2.7829100e+06   4.2608643e+01
   2.7829520e+06   4.6893311e+01
   2.7830620e+06   4.3560791e+01
   2.7831790e+06   4.5227051e+01
   2.7922390e+06   4.3798828e+01
   2.7922570e+06   3.8562012e+01
   2.7922920e+06   4.7845459e+01
   2.7924080e+06   4.5465088e+01
   2.7925010e+06   3.9276123e+01
   2.7925250e+06   4.8083496e+01
   2.7926950e+06   3.9276123e+01
   2.7929120e+06   4.3322754e+01
   2.7932010e+06   4.0942383e+01
   2.8034550e+06   3.8562012e+01
   2.8035130e+06   3.7847900e+01
   2.8036140e+06   3.8085938e+01
   2.8037700e+06   4.2132568e+01
   2.8038750e+06   4.4512939e+01
   2.8040950e+06   4.3084717e+01
   2.8135230e+06   4.1180420e+01
   2.8136820e+06   4.5703125e+01
   2.8139250e+06   4.5465088e+01
   2.8141410e+06   5.0701904e+01
   2.8144870e+06   3.9752197e+01
   2.8145280e+06   3.9038086e+01
   2.8248100e+06   3.9038086e+01
   2.8248590e+06   4.1418457e+01
   2.8249870e+06   4.8321533e+01
   2.8251100e+06   4.7131348e+01
   2.8252900e+06   3.9514160e+01
   2.8358280e+06   4.1180420e+01
   2.8358990e+06   3.8323975e+01
   2.8359290e+06   3.8085938e+01
   2.8360430e+06   3.8800049e+01
   2.8362420e+06   4.4512939e+01
   2.8363590e+06   4.0704346e+01
   2.8479790e+06   4.1894531e+01
   2.8480200e+06   4.3084717e+01
   2.8481640e+06   4.1656494e+01
   2.8482470e+06   3.7847900e+01
   2.8484460e+06   4.7607422e+01
   2.8485630e+06   4.1656494e+01
   2.8614510e+06   4.0228271e+01
   2.8614630e+06   4.5941162e+01
   2.8615130e+06   4.7845459e+01
   2.8616830e+06   3.7847900e+01
   2.8618930e+06   4.5465088e+01
   2.8620990e+06   3.9276123e+01
   2.8736570e+06   4.3798828e+01
   2.8738060e+06   5.5462646e+01
   2.8739080e+06   3.8800049e+01
   2.8740670e+06   4.8321533e+01
   2.8740920e+06   4.6417236e+01
   2.8741460e+06   3.8085938e+01
   2.8742160e+06   4.5941162e+01
   2.8874630e+06   4.4274902e+01
   2.8874930e+06   4.0228271e+01
   2.8875620e+06   3.8323975e+01
   2.8876040e+06   4.0466309e+01
   2.8877510e+06   4.9987793e+01
   2.8879510e+06   3.8323975e+01
   2.8995290e+06   4.0942383e+01
   2.8997490e+06   4.3322754e+01
   2.8999750e+06   4.7369385e+01
   2.9247710e+06   3.8562012e+01
   2.9247820e+06   4.6417236e+01
   2.9248720e+06   4.9749756e+01
   2.9249840e+06   4.3798828e+01
   2.9249990e+06   4.2370605e+01
   2.9251310e+06   3.9752197e+01
   2.9251580e+06   4.2846680e+01
   2.9418540e+06   4.1180420e+01
   2.9419450e+06   5.2368164e+01
   2.9422140e+06   5.4748535e+01
   2.9518260e+06   3.9276123e+01
   2.9518900e+06   5.1416016e+01
   2.9520210e+06   6.1889648e+01
   2.9524050e+06   4.0704346e+01
   2.9638850e+06   5.2130127e+01
   2.9639490e+06   4.0228271e+01
   2.9641940e+06   3.8323975e+01
   2.9643530e+06   4.0466309e+01
   2.9823960e+06   4.3560791e+01
   2.9824840e+06   4.4274902e+01
   2.9825980e+06   4.2846680e+01
   2.9827540e+06   5.4748535e+01
   2.9956180e+06   3.8562012e+01
   2.9957060e+06   3.9038086e+01
   2.9958340e+06   4.6179199e+01
