   3.0000000e+06   0.0000000e+00
   4.0060000e+03   4.2846680e+01
   4.2120000e+03   5.6890869e+01
   4.2560000e+03   4.5703125e+01
   4.2740000e+03   4.5703125e+01
   4.2860000e+03   5.3796387e+01
   4.3320000e+03   4.4989014e+01
   4.4060000e+03   5.0463867e+01
   4.4600000e+03   4.4274902e+01
   4.5200000e+03   4.4750977e+01
   4.5920000e+03   4.2608643e+01
   4.6600000e+03   4.4274902e+01
   1.4773000e+04   4.2608643e+01
   1.4897000e+04   5.0463867e+01
   1.4919000e+04   4.3084717e+01
   1.5047000e+04   4.5941162e+01
   1.5171000e+04   4.7369385e+01
   1.5466000e+04   4.5465088e+01
   2.6606000e+04   4.7131348e+01
   2.6677000e+04   5.3558350e+01
   2.6787000e+04   4.3560791e+01
   2.6824000e+04   6.2365723e+01
   3.6873000e+04   4.3084717e+01
   4.5226000e+04   4.1894531e+01
   4.5734000e+04   5.7128906e+01
   4.5821000e+04   4.1656494e+01
   5.4741000e+04   4.1656494e+01
   5.5126000e+04   5.4034424e+01
   5.5268000e+04   4.1894531e+01
   5.5767000e+04   1.6948242e+02
   5.5919000e+04   4.2846680e+01
   6.5078000e+04   4.3798828e+01
   6.5273000e+04   4.1894531e+01
   7.5642000e+04   4.7369385e+01
   7.5897000e+04   4.8559570e+01
   7.5916000e+04   4.2608643e+01
   8.4795000e+04   4.2846680e+01
   1.0368100e+05   4.3322754e+01
   1.0411900e+05   5.0463867e+01
   1.0482200e+05   4.3084717e+01
   1.1529600e+05   4.1894531e+01
   1.1583100e+05   4.5465088e+01
   1.1609100e+05   4.5227051e+01
   1.2657600e+05   4.2608643e+01
   1.3946500e+05   4.2132568e+01
   1.4873800e+05   4.4512939e+01
   1.4936000e+05   4.7369385e+01
   1.4989100e+05   4.1894531e+01
   1.7280400e+05   4.1418457e+01
   1.7332400e+05   4.4274902e+01
   1.7440600e+05   4.3084717e+01
   1.7446700e+05   4.5465088e+01
   1.8420700e+05   1.8876343e+02
   1.9376400e+05   4.4750977e+01
   1.9429900e+05   4.1894531e+01
   2.0705300e+05   4.6179199e+01
   2.3302000e+05   4.1418457e+01
   2.3350000e+05   4.1180420e+01
   2.3379600e+05   4.3560791e+01
   2.4242500e+05   4.3560791e+01
   2.4305300e+05   4.2370605e+01
   2.5830400e+05   4.1656494e+01
   2.7267900e+05   5.1177979e+01
   2.9756900e+05   5.2368164e+01
   3.1748700e+05   4.6655273e+01
   3.2418800e+05   4.3560791e+01
   3.3049700e+05   4.1418457e+01
   3.4854600e+05   4.3084717e+01
   3.4899400e+05   4.2370605e+01
   3.6058900e+05   4.7369385e+01
   3.6133900e+05   4.1418457e+01
   3.7205400e+05   4.1418457e+01
   3.8449700e+05   4.1418457e+01
   3.9204800e+05   4.7607422e+01
   3.9842000e+05   5.4034424e+01
   4.0606000e+05   4.2608643e+01
   4.0646100e+05   4.5227051e+01
   4.1271600e+05   4.8559570e+01
   4.2098700e+05   4.1656494e+01
   4.2125000e+05   4.7607422e+01
   4.2151500e+05   4.9273682e+01
   4.2193400e+05   4.3084717e+01
   4.2199300e+05   1.6495972e+02
   4.2201600e+05   4.4512939e+01
   4.2758300e+05   4.4512939e+01
   4.2809400e+05   1.4829712e+02
   4.2830400e+05   4.2370605e+01
   4.3366300e+05   1.4734497e+02
   4.3385400e+05   1.4448853e+02
   4.3412500e+05   1.2235107e+02
   4.4068300e+05   4.2132568e+01
   4.4085000e+05   4.1894531e+01
   4.4103600e+05   4.3560791e+01
   4.4119900e+05   1.6210327e+02
   4.4148200e+05   4.2608643e+01
   4.4899900e+05   4.4512939e+01
   4.4912000e+05   1.4496460e+02
   4.4946000e+05   4.4274902e+01
   4.5691200e+05   4.7369385e+01
   4.5696700e+05   4.2608643e+01
   4.5701700e+05   5.0701904e+01
   4.5719900e+05   1.5448608e+02
   4.5737300e+05   4.3798828e+01
   4.5773800e+05   4.1418457e+01
   4.5808700e+05   4.3560791e+01
   4.6459800e+05   4.2608643e+01
   4.6468500e+05   1.6376953e+02
   4.6478100e+05   4.2370605e+01
   4.6504100e+05   4.4750977e+01
   4.6534800e+05   5.2844238e+01
   4.6539200e+05   4.1180420e+01
   4.7235100e+05   4.4989014e+01
   4.7239300e+05   1.5496216e+02
   4.7267100e+05   1.6519775e+02
   4.7995800e+05   4.3322754e+01
   4.8007500e+05   1.8305054e+02
   4.8013900e+05   5.9033203e+01
   4.8046700e+05   4.9273682e+01
   4.8785600e+05   1.5520020e+02
   4.8806200e+05   4.4274902e+01
   4.8839700e+05   5.2844238e+01
   4.8870100e+05   4.2608643e+01
   4.8874300e+05   1.5972290e+02
   4.8892900e+05   4.1894531e+01
   4.9612900e+05   1.2711182e+02
   4.9616100e+05   4.4989014e+01
   4.9670900e+05   1.5258179e+02
   4.9769700e+05   4.1418457e+01
   4.9806100e+05   4.1894531e+01
   5.0473500e+05   5.5462646e+01
   5.0478000e+05   4.9273682e+01
   5.0479600e+05   1.4782104e+02
   5.0492500e+05   1.2830200e+02
   5.0503300e+05   4.2132568e+01
   5.0506200e+05   4.1180420e+01
   5.0524200e+05   4.5703125e+01
   5.1228000e+05   1.3496704e+02
   5.1254300e+05   1.4782104e+02
   5.1273900e+05   4.1418457e+01
   5.1293500e+05   6.0461426e+01
   5.1327900e+05   4.1656494e+01
   5.1373600e+05   4.1180420e+01
   5.1960000e+05   4.2132568e+01
   5.1961400e+05   1.5805664e+02
   5.1991200e+05   4.1418457e+01
   5.2688600e+05   4.3798828e+01
   5.2698400e+05   1.4877319e+02
   5.2737000e+05   1.7281494e+02
   5.3478600e+05   5.3082275e+01
   5.3483300e+05   1.6115112e+02
   5.3517800e+05   4.3322754e+01
   5.3522200e+05   5.1654053e+01
   5.3566900e+05   4.1894531e+01
   5.4203000e+05   4.2370605e+01
   5.4209000e+05   4.8083496e+01
   5.4226600e+05   1.4472656e+02
   5.4241100e+05   4.9273682e+01
   5.4354200e+05   4.2370605e+01
   5.4376300e+05   1.5139160e+02
   5.4423300e+05   4.4750977e+01
   5.5037700e+05   1.5281982e+02
   5.5043400e+05   1.1235352e+02
   5.5056400e+05   4.1894531e+01
   5.5059700e+05   1.3639526e+02
   5.5062700e+05   4.2608643e+01
   5.5081300e+05   4.2846680e+01
   5.6078000e+05   1.6210327e+02
   5.6086500e+05   4.3322754e+01
   5.6097000e+05   4.1418457e+01
   5.6123000e+05   4.2132568e+01
   5.6146500e+05   4.7131348e+01
   5.7049300e+05   1.6710205e+02
   5.7054400e+05   4.5465088e+01
   5.7055700e+05   1.2711182e+02
   5.7089500e+05   1.5424805e+02
   5.7243100e+05   4.4036865e+01
   5.7267000e+05   4.1894531e+01
   5.7923500e+05   4.7369385e+01
   5.7928500e+05   4.8797607e+01
   5.7929600e+05   1.6876831e+02
   5.7965300e+05   1.7352905e+02
   5.7997200e+05   5.5462646e+01
   5.8801900e+05   1.7067261e+02
   5.8821500e+05   5.0939941e+01
   5.8826600e+05   1.4091797e+02
   5.8847600e+05   1.6829224e+02
   5.9772300e+05   4.1894531e+01
   5.9778700e+05   1.0235596e+02
   5.9800300e+05   4.2132568e+01
   5.9840700e+05   4.1180420e+01
   6.0728500e+05   1.6734009e+02
   6.0744400e+05   4.1418457e+01
   6.0768200e+05   4.4274902e+01
   6.0774300e+05   4.1656494e+01
   6.0827500e+05   4.1656494e+01
   6.1654900e+05   1.3782349e+02
   6.1707100e+05   1.5686646e+02
   6.1733700e+05   4.1656494e+01
   6.2645500e+05   1.3401489e+02
   6.2671800e+05   4.1418457e+01
   6.2684500e+05   4.5465088e+01
   6.2687900e+05   1.5805664e+02
   6.2754400e+05   4.6179199e+01
   6.3633000e+05   4.2608643e+01
   6.3641400e+05   4.1656494e+01
   6.3657600e+05   4.6655273e+01
   6.3675600e+05   1.6329346e+02
   6.3680000e+05   4.3084717e+01
   6.3695100e+05   4.1418457e+01
   6.3705100e+05   4.1894531e+01
   6.3706800e+05   4.6893311e+01
   6.4648100e+05   4.7607422e+01
   6.4704200e+05   4.2608643e+01
   6.4707000e+05   1.7210083e+02
   6.4741600e+05   4.3084717e+01
   6.4766400e+05   4.9749756e+01
   6.4776400e+05   4.4750977e+01
   6.4807200e+05   4.1894531e+01
   6.5713700e+05   4.9749756e+01
   6.5717500e+05   1.3282471e+02
   6.5739600e+05   4.2132568e+01
   6.6797800e+05   4.3084717e+01
   6.6834400e+05   4.1656494e+01
   6.6852100e+05   4.9987793e+01
   6.6930700e+05   4.3322754e+01
   6.7957300e+05   4.4750977e+01
   6.7960500e+05   4.4036865e+01
   6.7982600e+05   4.2132568e+01
   6.8017300e+05   1.6234131e+02
   6.8996800e+05   4.4512939e+01
   6.9011800e+05   4.7845459e+01
   6.9016100e+05   1.7067261e+02
   6.9109000e+05   4.3322754e+01
   7.0065900e+05   4.2132568e+01
   7.0066900e+05   1.6305542e+02
   7.0082200e+05   4.4750977e+01
   7.0083200e+05   4.2132568e+01
   7.0138800e+05   1.7757568e+02
   7.1165200e+05   4.3084717e+01
   7.1214500e+05   4.3084717e+01
   7.2345800e+05   4.1180420e+01
   7.2370900e+05   1.5853271e+02
   7.2408900e+05   4.4750977e+01
   7.2461700e+05   4.3084717e+01
   7.3601000e+05   4.5227051e+01
   7.3625900e+05   4.1894531e+01
   7.5050500e+05   4.1180420e+01
   7.5063100e+05   4.8321533e+01
   8.9163300e+05   4.6179199e+01
   9.4036100e+05   4.3798828e+01
   9.4063700e+05   4.4750977e+01
   9.4090400e+05   4.2608643e+01
   9.4091600e+05   4.8559570e+01
   9.4098200e+05   4.2370605e+01
   9.4099400e+05   5.0701904e+01
   9.4104800e+05   4.1656494e+01
   9.4107900e+05   4.9511719e+01
   9.4110400e+05   5.4272461e+01
   9.4115700e+05   4.4512939e+01
   9.4119500e+05   1.7329102e+02
   9.4120600e+05   5.1892090e+01
   9.4124400e+05   8.4027100e+01
   9.4127600e+05   4.8559570e+01
   9.4145900e+05   4.9511719e+01
   9.4157100e+05   4.5465088e+01
   9.4165400e+05   5.0701904e+01
   9.7271000e+05   4.2132568e+01
   1.0063680e+06   5.0225830e+01
   1.0195060e+06   4.3084717e+01
   1.0201970e+06   4.2370605e+01
   1.0202320e+06   5.0701904e+01
   1.0202830e+06   4.5227051e+01
   1.0203310e+06   6.0699463e+01
   1.0203560e+06   4.4989014e+01
   1.0203670e+06   4.2846680e+01
   1.0204180e+06   5.3320313e+01
   1.0204320e+06   1.5329590e+02
   1.0204790e+06   9.6166992e+01
   1.0205160e+06   6.9506836e+01
   1.0205570e+06   4.3084717e+01
   1.0855860e+06   4.1180420e+01
   1.0859900e+06   4.5465088e+01
   1.0860930e+06   4.1894531e+01
   1.0861070e+06   1.8923950e+02
   1.0863130e+06   5.2130127e+01
   1.0865050e+06   4.6179199e+01
   1.0866110e+06   4.1180420e+01
   1.0866450e+06   4.4036865e+01
   1.0866830e+06   5.1654053e+01
   1.0867010e+06   5.6414795e+01
   1.0867350e+06   1.5162964e+02
   1.0867570e+06   4.5941162e+01
   1.0867820e+06   1.0259399e+02
   1.0868010e+06   4.2132568e+01
   1.0868800e+06   4.7845459e+01
   1.1102200e+06   4.5941162e+01
   1.1102400e+06   5.2844238e+01
   1.1102600e+06   4.5227051e+01
   1.1102850e+06   5.8557129e+01
   1.1103100e+06   4.1418457e+01
   1.1103270e+06   1.6067505e+02
   1.1103450e+06   4.1656494e+01
   1.1103680e+06   1.0283203e+02
   1.1104030e+06   5.2130127e+01
   1.1105360e+06   4.2846680e+01
   1.1105780e+06   4.1418457e+01
   1.1108900e+06   4.4512939e+01
   1.1282030e+06   4.6893311e+01
   1.1282200e+06   4.2608643e+01
   1.1282390e+06   5.1654053e+01
   1.1282620e+06   4.4989014e+01
   1.1282890e+06   4.9511719e+01
   1.1283070e+06   4.6417236e+01
   1.1283250e+06   1.5948486e+02
   1.1283410e+06   4.6655273e+01
   1.1283720e+06   6.8554688e+01
   1.1284150e+06   5.6176758e+01
   1.1284270e+06   4.2846680e+01
   1.1284630e+06   5.1416016e+01
   1.1288760e+06   4.1656494e+01
   1.1292900e+06   1.2639771e+02
   1.1457480e+06   5.9271240e+01
   1.1457970e+06   4.4512939e+01
   1.1458180e+06   7.6647949e+01
   1.1458400e+06   1.6495972e+02
   1.1458690e+06   4.9273682e+01
   1.1458880e+06   9.9737549e+01
   1.1459010e+06   4.8321533e+01
   1.1459370e+06   8.6883545e+01
   1.1459560e+06   4.7131348e+01
   1.1462700e+06   5.6176758e+01
   1.1628070e+06   5.7604980e+01
   1.1628400e+06   4.7607422e+01
   1.1628700e+06   4.7369385e+01
   1.1628920e+06   1.7567139e+02
   1.1629060e+06   6.6888428e+01
   1.1629390e+06   1.1354370e+02
   1.1629600e+06   5.1416016e+01
   1.1629880e+06   7.9266357e+01
   1.1630400e+06   4.3084717e+01
   1.1813930e+06   4.1894531e+01
   1.1814330e+06   4.1418457e+01
   1.1814560e+06   4.4512939e+01
   1.1814880e+06   1.6472168e+02
   1.1815050e+06   5.5700684e+01
   1.1815270e+06   5.6890869e+01
   1.1815420e+06   1.1187744e+02
   1.1815700e+06   4.6417236e+01
   1.1815840e+06   4.4989014e+01
   1.1816400e+06   5.1892090e+01
   1.1817240e+06   4.6893311e+01
   1.1817550e+06   4.1656494e+01
   1.1968410e+06   4.1894531e+01
   1.1968750e+06   4.9035645e+01
   1.1969180e+06   4.3084717e+01
   1.1969460e+06   4.3084717e+01
   1.1969750e+06   1.7590942e+02
   1.1970010e+06   5.6414795e+01
   1.1970270e+06   1.2092285e+02
   1.1970510e+06   4.1180420e+01
   1.1970770e+06   6.8316650e+01
   1.1970890e+06   4.7607422e+01
   1.1972690e+06   5.0463867e+01
   1.2113690e+06   4.3322754e+01
   1.2113810e+06   5.4034424e+01
   1.2114240e+06   4.7607422e+01
   1.2114500e+06   5.4748535e+01
   1.2114660e+06   1.6662598e+02
   1.2114900e+06   4.8083496e+01
   1.2115320e+06   1.0354614e+02
   1.2115700e+06   4.7607422e+01
   1.2115800e+06   8.8311768e+01
   1.2116240e+06   5.1892090e+01
   1.2118700e+06   6.2841797e+01
   1.2257090e+06   5.6414795e+01
   1.2257450e+06   6.7364502e+01
   1.2257580e+06   5.4748535e+01
   1.2257910e+06   2.0780640e+02
   1.2258050e+06   4.3560791e+01
   1.2258230e+06   4.5465088e+01
   1.2258490e+06   1.4163208e+02
   1.2258640e+06   4.4750977e+01
   1.2259070e+06   9.2358398e+01
   1.2259220e+06   4.8559570e+01
   1.2259360e+06   5.4272461e+01
   1.2259680e+06   5.4748535e+01
   1.2392670e+06   4.1418457e+01
   1.2392960e+06   4.3560791e+01
   1.2393130e+06   4.9749756e+01
   1.2393520e+06   5.5462646e+01
   1.2393990e+06   1.3901367e+02
   1.2394210e+06   6.3317871e+01
   1.2394580e+06   1.2116089e+02
   1.2394960e+06   4.9749756e+01
   1.2395080e+06   5.9033203e+01
   1.2395180e+06   5.7366943e+01
   1.2395790e+06   4.3084717e+01
   1.2396820e+06   6.2127686e+01
   1.2397450e+06   4.6417236e+01
   1.2519650e+06   4.2132568e+01
   1.2520910e+06   5.7604980e+01
   1.2521310e+06   4.1656494e+01
   1.2521440e+06   1.5258179e+02
   1.2521600e+06   4.7845459e+01
   1.2522160e+06   1.0997314e+02
   1.2522550e+06   5.3796387e+01
   1.2522820e+06   8.4741211e+01
   1.2522940e+06   4.3084717e+01
   1.2523840e+06   5.0939941e+01
   1.2664510e+06   4.1894531e+01
   1.2665060e+06   4.6179199e+01
   1.2665600e+06   4.8083496e+01
   1.2666110e+06   1.6995850e+02
   1.2666460e+06   5.1177979e+01
   1.2667000e+06   9.3072510e+01
   1.2667440e+06   4.1894531e+01
   1.2667570e+06   6.3079834e+01
   1.2668320e+06   7.0458984e+01
   1.2764670e+06   4.8559570e+01
   1.2765730e+06   4.4274902e+01
   1.2766070e+06   4.1894531e+01
   1.2766380e+06   5.7366943e+01
   1.2766520e+06   6.1175537e+01
   1.2767330e+06   1.1973267e+02
   1.2767730e+06   4.2132568e+01
   1.2768010e+06   8.1884766e+01
   1.2768960e+06   1.0092773e+02
   1.2956500e+06   5.0225830e+01
   1.2956770e+06   4.2846680e+01
   1.2956980e+06   4.1418457e+01
   1.2957260e+06   5.7366943e+01
   1.2957630e+06   1.7043457e+02
   1.2957820e+06   5.5938721e+01
   1.2958180e+06   1.0664063e+02
   1.2958500e+06   4.2846680e+01
   1.2958860e+06   6.7126465e+01
   1.2959670e+06   5.8081055e+01
   1.3086830e+06   4.9749756e+01
   1.3087300e+06   4.6179199e+01
   1.3088110e+06   4.9273682e+01
   1.3088400e+06   4.3322754e+01
   1.3088510e+06   1.7971802e+02
   1.3088970e+06   4.7369385e+01
   1.3089170e+06   9.1406250e+01
   1.3089540e+06   5.1416016e+01
   1.3089800e+06   8.1408691e+01
   1.3090550e+06   5.8319092e+01
   1.3246800e+06   4.2132568e+01
   1.3247110e+06   4.7845459e+01
   1.3247410e+06   4.2846680e+01
   1.3247670e+06   5.0939941e+01
   1.3247770e+06   4.4036865e+01
   1.3248010e+06   1.4329834e+02
   1.3248630e+06   1.4710693e+02
   1.3249020e+06   5.4748535e+01
   1.3249260e+06   8.1408691e+01
   1.3250040e+06   6.6174316e+01
   1.3404730e+06   4.4512939e+01
   1.3405150e+06   4.9987793e+01
   1.3405560e+06   5.1654053e+01
   1.3405790e+06   4.2846680e+01
   1.3405890e+06   4.5227051e+01
   1.3406190e+06   4.3798828e+01
   1.3406770e+06   1.8043213e+02
   1.3406960e+06   4.9511719e+01
   1.3407470e+06   1.2639771e+02
   1.3407790e+06   5.3082275e+01
   1.3408290e+06   9.0454102e+01
   1.3408450e+06   4.9749756e+01
   1.3409320e+06   7.2363281e+01
   1.3539660e+06   4.2132568e+01
   1.3540030e+06   4.5227051e+01
   1.3540320e+06   4.1656494e+01
   1.3540460e+06   4.7607422e+01
   1.3540680e+06   4.1418457e+01
   1.3541400e+06   1.7091064e+02
   1.3541530e+06   5.2130127e+01
   1.3541790e+06   4.9987793e+01
   1.3542320e+06   1.1616211e+02
   1.3543300e+06   9.7833252e+01
   1.3625020e+06   4.2370605e+01
   1.3630390e+06   4.4512939e+01
   1.3632710e+06   4.5941162e+01
   1.3632900e+06   5.0701904e+01
   1.3768000e+06   4.1418457e+01
   1.3769000e+06   4.4274902e+01
   1.3769430e+06   4.3560791e+01
   1.3769590e+06   5.1177979e+01
   1.3769830e+06   5.2606201e+01
   1.3770000e+06   5.1177979e+01
   1.3770230e+06   4.3798828e+01
   1.3770900e+06   1.7257690e+02
   1.3771150e+06   4.3798828e+01
   1.3771460e+06   4.9511719e+01
   1.3771780e+06   1.3377686e+02
   1.3771890e+06   4.3798828e+01
   1.3773020e+06   1.1021118e+02
   1.3913390e+06   5.5700684e+01
   1.3914240e+06   4.5703125e+01
   1.3914440e+06   4.2370605e+01
   1.3914610e+06   4.2370605e+01
   1.3915200e+06   4.8083496e+01
   1.3915400e+06   4.4750977e+01
   1.3915720e+06   1.6138916e+02
   1.4105340e+06   4.3560791e+01
   1.4105870e+06   4.6179199e+01
   1.4106540e+06   4.3798828e+01
   1.4106840e+06   4.6655273e+01
   1.4107130e+06   4.8559570e+01
   1.4107780e+06   4.3560791e+01
   1.4228270e+06   4.1180420e+01
   1.4231000e+06   4.5703125e+01
   1.4231430e+06   4.9035645e+01
   1.4233000e+06   4.1656494e+01
   1.4233330e+06   4.2370605e+01
   1.4233460e+06   4.1418457e+01
   1.4351520e+06   4.3084717e+01
   1.4352460e+06   4.1894531e+01
   1.4353250e+06   4.2370605e+01
   1.4359590e+06   4.3322754e+01
   1.4454010e+06   4.4989014e+01
   1.4457820e+06   4.2608643e+01
   1.4458570e+06   4.4036865e+01
   1.4462460e+06   4.1894531e+01
   1.4553800e+06   4.3084717e+01
   1.4651830e+06   4.3322754e+01
   1.4746090e+06   5.9033203e+01
   1.4750130e+06   4.2370605e+01
   1.4992880e+06   5.1654053e+01
   1.5101300e+06   4.4512939e+01
   1.5108210e+06   4.6417236e+01
   1.5111170e+06   4.3560791e+01
   1.5116360e+06   4.1418457e+01
   1.5122990e+06   4.1894531e+01
   1.5215660e+06   4.2846680e+01
   1.5355230e+06   4.1180420e+01
   1.5359220e+06   4.7607422e+01
   1.5363520e+06   1.5448608e+02
   1.5484930e+06   4.7845459e+01
   1.5578540e+06   4.2370605e+01
   1.5694630e+06   1.6781616e+02
   1.5699900e+06   1.4401245e+02
   1.5713420e+06   4.4274902e+01
   1.5718780e+06   4.1894531e+01
   1.5967650e+06   4.2132568e+01
   1.5969310e+06   1.6757813e+02
   1.5976360e+06   1.6448364e+02
   1.5982950e+06   4.1418457e+01
   1.6077030e+06   4.8083496e+01
   1.6077990e+06   1.4448853e+02
   1.6080440e+06   4.1894531e+01
   1.6085270e+06   4.1656494e+01
   1.6190180e+06   4.2846680e+01
   1.6194140e+06   4.7607422e+01
   1.6194440e+06   1.5067749e+02
   1.6401770e+06   4.3322754e+01
   1.6410820e+06   4.4512939e+01
   1.6638180e+06   4.3560791e+01
   1.6651070e+06   1.6567383e+02
   1.6662530e+06   4.1418457e+01
   1.6669510e+06   4.2846680e+01
   1.6851720e+06   4.4274902e+01
   1.6856680e+06   4.2132568e+01
   1.6950290e+06   4.7607422e+01
   1.7024070e+06   4.8797607e+01
   1.7033800e+06   1.5520020e+02
   1.7046090e+06   4.4274902e+01
   1.7160320e+06   1.6115112e+02
   1.7375650e+06   4.5465088e+01
   1.7379730e+06   1.6757813e+02
   1.7384300e+06   4.2846680e+01
   1.7385620e+06   1.5853271e+02
   1.7582720e+06   1.6519775e+02
   1.7752520e+06   4.8321533e+01
   1.7753740e+06   1.6043701e+02
   1.8218510e+06   4.2132568e+01
   1.8223380e+06   4.5465088e+01
   1.8223500e+06   1.3972778e+02
   1.8225500e+06   4.1180420e+01
   1.8226810e+06   4.4036865e+01
   1.8229040e+06   4.5227051e+01
   1.8297600e+06   1.7329102e+02
   1.8363980e+06   4.4750977e+01
   1.8364760e+06   4.4036865e+01
   1.8492630e+06   4.2608643e+01
   1.8493720e+06   4.4750977e+01
   1.8499770e+06   1.6614990e+02
   1.8502610e+06   4.4036865e+01
   1.8502870e+06   4.8083496e+01
   1.8564920e+06   4.1894531e+01
   1.8569330e+06   4.5703125e+01
   1.8636980e+06   1.4329834e+02
   1.8695750e+06   4.1418457e+01
   1.8756750e+06   4.4989014e+01
   1.8760110e+06   4.2608643e+01
   1.8763130e+06   4.3798828e+01
   1.8831610e+06   1.4377441e+02
   1.8835670e+06   4.5465088e+01
   1.8892300e+06   4.5227051e+01
   1.8893080e+06   4.1418457e+01
   1.8897910e+06   4.7131348e+01
   1.8957480e+06   4.2846680e+01
   1.9008680e+06   4.2132568e+01
   1.9072490e+06   4.2608643e+01
   1.9077390e+06   4.1894531e+01
   1.9084610e+06   4.9035645e+01
   1.9084860e+06   1.5067749e+02
   1.9086690e+06   4.2132568e+01
   1.9136210e+06   4.4274902e+01
   1.9206910e+06   4.1418457e+01
   1.9208750e+06   4.4274902e+01
   1.9338960e+06   4.7369385e+01
   1.9342940e+06   5.0463867e+01
   1.9419750e+06   4.1656494e+01
   1.9498270e+06   4.8797607e+01
   1.9575010e+06   4.7607422e+01
   1.9653230e+06   4.6417236e+01
   1.9728240e+06   4.2132568e+01
   1.9730430e+06   4.4036865e+01
   1.9731760e+06   5.2606201e+01
   1.9805200e+06   1.6614990e+02
   1.9958710e+06   1.4853516e+02
   1.9963410e+06   4.6893311e+01
   1.9965420e+06   4.4036865e+01
   2.0042570e+06   4.1180420e+01
   2.0118870e+06   4.5465088e+01
   2.0120540e+06   4.1180420e+01
   2.0124630e+06   4.1180420e+01
   2.0202040e+06   4.3322754e+01
   2.0284880e+06   4.2370605e+01
   2.0287700e+06   4.2132568e+01
   2.0294980e+06   4.3798828e+01
   2.0369340e+06   1.5924683e+02
   2.0531800e+06   4.4512939e+01
   2.0613550e+06   4.4274902e+01
   2.0619170e+06   5.1654053e+01
   2.0711790e+06   4.2132568e+01
   2.0799440e+06   4.2608643e+01
   2.0987960e+06   4.3798828e+01
   2.0990080e+06   4.4274902e+01
   2.0991240e+06   4.9511719e+01
   2.1088670e+06   4.3798828e+01
   2.1105600e+06   1.6234131e+02
   2.1111270e+06   1.6257935e+02
   2.1113120e+06   4.1894531e+01
   2.1189320e+06   4.8083496e+01
   2.1191040e+06   4.3560791e+01
   2.1280450e+06   5.0225830e+01
   2.1377030e+06   4.5703125e+01
   2.1383210e+06   1.5401001e+02
   2.1472220e+06   4.4512939e+01
   2.1477260e+06   4.2608643e+01
   2.1480920e+06   4.4989014e+01
   2.1596180e+06   5.3082275e+01
   2.1599640e+06   1.7614746e+02
   2.1602320e+06   1.7757568e+02
   2.1799220e+06   4.7607422e+01
   2.1920670e+06   4.1656494e+01
   2.1929230e+06   4.1894531e+01
   2.3529260e+06   5.2368164e+01
   2.3535600e+06   4.4036865e+01
   2.3536000e+06   4.4750977e+01
   2.3536680e+06   4.8083496e+01
   2.3539500e+06   4.5703125e+01
   2.3921380e+06   4.4512939e+01
   2.3924850e+06   4.2846680e+01
   2.3926560e+06   4.9987793e+01
   2.3931230e+06   4.2132568e+01
   2.3931820e+06   5.4034424e+01
   2.4206250e+06   4.3798828e+01
   2.4377410e+06   4.3084717e+01
   2.4595300e+06   4.1180420e+01
   2.4598630e+06   1.8447876e+02
   2.4607980e+06   4.2846680e+01
   2.4611290e+06   4.1180420e+01
   2.4731330e+06   4.3322754e+01
   2.4734180e+06   4.5941162e+01
   2.4737980e+06   4.6417236e+01
   2.4886920e+06   4.4750977e+01
   2.4909930e+06   4.7607422e+01
   2.4910700e+06   4.9987793e+01
   2.5197410e+06   4.3084717e+01
   2.5207670e+06   5.8081055e+01
   2.5208090e+06   1.8424072e+02
   2.5355890e+06   4.1418457e+01
   2.5482940e+06   4.3084717e+01
   2.5567910e+06   4.7369385e+01
   2.5718800e+06   4.8321533e+01
   2.5719760e+06   4.2608643e+01
   2.5727970e+06   4.1894531e+01
   2.6018750e+06   4.5703125e+01
   2.6146880e+06   4.1418457e+01
   2.6147630e+06   4.3560791e+01
   2.6287830e+06   4.2846680e+01
   2.6480580e+06   4.2370605e+01
   2.7041480e+06   4.2132568e+01
   2.7153590e+06   4.2370605e+01
   2.7460630e+06   4.3084717e+01
   2.7689250e+06   4.2608643e+01
   2.7703130e+06   4.1656494e+01
   2.8246150e+06   4.2846680e+01
   2.8731800e+06   4.3560791e+01
   2.8740210e+06   4.5703125e+01
   2.9821250e+06   4.2370605e+01
