   3.0000000e+06   0.0000000e+00
   7.7421000e+04   5.8557129e+01
   7.7532000e+04   3.8085938e+01
   7.7585000e+04   3.6657715e+01
   7.7617000e+04   3.9990234e+01
   7.7640000e+04   5.0225830e+01
   7.7652000e+04   3.9276123e+01
   7.7670000e+04   5.5462646e+01
   7.7691000e+04   4.4274902e+01
   7.7701000e+04   7.7362061e+01
   7.7728000e+04   1.0687866e+02
   7.7740000e+04   8.4503174e+01
   7.7770000e+04   4.5703125e+01
   7.7788000e+04   6.5460205e+01
   7.7817000e+04   9.5452881e+01
   7.7829000e+04   5.4272461e+01
   7.7868000e+04   1.2187500e+02
   7.7884000e+04   4.1180420e+01
   7.7907000e+04   6.0461426e+01
   7.7933000e+04   4.1180420e+01
   7.7961000e+04   5.4986572e+01
   7.7984000e+04   4.9511719e+01
   7.8007000e+04   6.6650391e+01
   7.8097000e+04   3.9990234e+01
   7.8165000e+04   4.4274902e+01
   7.8361000e+04   3.9990234e+01
   8.8643000e+04   4.6417236e+01
   8.8802000e+04   5.6414795e+01
   8.8836000e+04   4.0942383e+01
   8.8878000e+04   3.6895752e+01
   8.8908000e+04   5.5700684e+01
   8.8928000e+04   4.9273682e+01
   8.8946000e+04   9.5214844e+01
   8.8972000e+04   6.1889648e+01
   8.8986000e+04   4.4274902e+01
   8.9005000e+04   4.4274902e+01
   8.9028000e+04   5.4272461e+01
   8.9043000e+04   6.2127686e+01
   8.9077000e+04   4.6179199e+01
   8.9093000e+04   4.1418457e+01
   8.9123000e+04   6.6888428e+01
   8.9135000e+04   6.6650391e+01
   8.9169000e+04   5.5224609e+01
   8.9191000e+04   8.2836914e+01
   8.9223000e+04   5.3558350e+01
   8.9252000e+04   6.3555908e+01
   8.9304000e+04   4.1656494e+01
   8.9350000e+04   4.7607422e+01
   8.9368000e+04   5.4986572e+01
   8.9381000e+04   5.5224609e+01
   8.9404000e+04   7.1411133e+01
   8.9444000e+04   3.7371826e+01
   8.9472000e+04   5.3082275e+01
   8.9503000e+04   4.4989014e+01
   8.9546000e+04   5.7604980e+01
   8.9577000e+04   4.2846680e+01
   8.9672000e+04   5.9271240e+01
   8.9717000e+04   4.9511719e+01
   8.9769000e+04   4.1418457e+01
   8.9780000e+04   4.0704346e+01
   9.0036000e+04   5.3320313e+01
   9.0329000e+04   4.7845459e+01
   1.0110300e+05   6.8554688e+01
   1.0114000e+05   5.5224609e+01
   1.0115100e+05   3.8562012e+01
   1.0117200e+05   3.7133789e+01
   1.0118700e+05   4.4750977e+01
   1.0121500e+05   4.7845459e+01
   1.0123700e+05   6.4270020e+01
   1.0125300e+05   6.1651611e+01
   1.0128500e+05   5.1416016e+01
   1.0131600e+05   4.1656494e+01
   1.0136300e+05   3.8323975e+01
   1.0138800e+05   6.3793945e+01
   1.0140300e+05   4.6655273e+01
   1.0142400e+05   4.3560791e+01
   1.0147800e+05   5.7604980e+01
   1.0149100e+05   5.2844238e+01
   1.0151800e+05   4.7131348e+01
   1.0154000e+05   4.5703125e+01
   1.0160900e+05   3.6895752e+01
   1.0172100e+05   4.0466309e+01
   1.0176100e+05   4.2846680e+01
   1.0178200e+05   6.4031982e+01
   1.0180100e+05   4.5703125e+01
   1.0183900e+05   4.3322754e+01
   1.0188300e+05   4.3084717e+01
   1.0189600e+05   3.6657715e+01
   1.0193300e+05   4.0466309e+01
   1.0195600e+05   5.7366943e+01
   1.0199300e+05   3.9514160e+01
   1.0201500e+05   3.7847900e+01
   1.0247400e+05   4.1894531e+01
   1.0289200e+05   4.3560791e+01
   1.3207400e+05   3.8323975e+01
   1.4970900e+05   3.8562012e+01
   2.3999000e+05   6.1413574e+01
   2.4015700e+05   5.5224609e+01
   2.4020800e+05   3.7371826e+01
   2.4022800e+05   5.0701904e+01
   2.4024600e+05   5.4272461e+01
   2.4029000e+05   6.6650391e+01
   2.4030700e+05   9.0930176e+01
   2.4034000e+05   6.9982910e+01
   2.4036300e+05   1.2996826e+02
   2.4038100e+05   6.9982910e+01
   2.4041100e+05   8.3551025e+01
   2.4042400e+05   8.5217285e+01
   2.4043500e+05   5.9509277e+01
   2.4045000e+05   5.0225830e+01
   2.4048500e+05   3.7847900e+01
   2.4050200e+05   8.2122803e+01
   2.4054400e+05   5.9985352e+01
   2.4067900e+05   3.8562012e+01
   2.4141600e+05   3.9514160e+01
   2.4170200e+05   3.8085938e+01
   2.4220800e+05   3.7847900e+01
   2.7664200e+05   3.6895752e+01
   2.8360800e+05   6.3317871e+01
   2.8374800e+05   5.2844238e+01
   2.8386600e+05   3.6657715e+01
   2.8391000e+05   3.9514160e+01
   2.8394900e+05   4.1418457e+01
   2.8397200e+05   4.9749756e+01
   2.8399700e+05   8.6169434e+01
   2.8402500e+05   5.7604980e+01
   2.8403700e+05   8.6645508e+01
   2.8406000e+05   7.2363281e+01
   2.8407400e+05   8.9263916e+01
   2.8411200e+05   1.0021362e+02
   2.8413000e+05   4.6179199e+01
   2.8414100e+05   4.3798828e+01
   2.8417500e+05   7.7600098e+01
   2.8419100e+05   5.4510498e+01
   2.8421200e+05   4.3322754e+01
   2.8423600e+05   6.3317871e+01
   2.8426000e+05   6.6888428e+01
   2.8428400e+05   4.6179199e+01
   2.8430600e+05   6.3793945e+01
   2.8431600e+05   5.0225830e+01
   2.8432900e+05   3.8085937e+01
   2.8434800e+05   4.9987793e+01
   2.8443500e+05   4.7131348e+01
   2.8448000e+05   4.0704346e+01
   2.8462300e+05   4.7369385e+01
   2.8577800e+05   4.0228271e+01
   3.2896300e+05   3.7609863e+01
   4.0683200e+05   3.8323975e+01
   4.0702500e+05   6.0937500e+01
   4.0713100e+05   6.0937500e+01
   4.0725400e+05   5.4272461e+01
   4.0727300e+05   4.0704346e+01
   4.0728400e+05   4.3322754e+01
   4.0731100e+05   4.8083496e+01
   4.0732400e+05   7.8552246e+01
   4.0734800e+05   1.4353638e+02
   4.0737000e+05   1.1282959e+02
   4.0740800e+05   7.0458984e+01
   4.0742800e+05   8.1646729e+01
   4.0744800e+05   1.0021362e+02
   4.0746400e+05   8.2360840e+01
   4.0748000e+05   7.8314209e+01
   4.0750400e+05   5.4986572e+01
   4.0753900e+05   5.0463867e+01
   4.0756900e+05   4.8083496e+01
   4.0758200e+05   3.9514160e+01
   4.0760600e+05   3.9752197e+01
   4.0762600e+05   4.1418457e+01
   4.0768600e+05   3.9752197e+01
   4.0771900e+05   3.6657715e+01
   4.0777000e+05   4.0228271e+01
   4.0896600e+05   4.0228271e+01
   4.0983900e+05   3.7847900e+01
   4.1813300e+05   3.7133789e+01
   4.4165700e+05   3.6895752e+01
   4.6017100e+05   3.7371826e+01
   4.7151500e+05   6.6174316e+01
   4.7165400e+05   7.9266357e+01
   4.7167200e+05   4.2846680e+01
   4.7171500e+05   5.1892090e+01
   4.7175100e+05   4.4989014e+01
   4.7177100e+05   6.0937500e+01
   4.7179400e+05   6.4746094e+01
   4.7181800e+05   6.5222168e+01
   4.7185400e+05   9.8785400e+01
   4.7186700e+05   5.9271240e+01
   4.7188000e+05   5.6652832e+01
   4.7189700e+05   4.4512939e+01
   4.7191000e+05   5.6414795e+01
   4.7192200e+05   6.2365723e+01
   4.7194100e+05   4.3560791e+01
   4.7195200e+05   3.6895752e+01
   4.7197400e+05   6.1175537e+01
   4.7198700e+05   5.4272461e+01
   4.7200100e+05   7.2363281e+01
   4.7203800e+05   6.7364502e+01
   4.7207500e+05   4.1894531e+01
   4.7209000e+05   3.9514160e+01
   4.7212800e+05   4.0704346e+01
   4.7220000e+05   4.4512939e+01
   4.7351100e+05   3.8085938e+01
   4.7353800e+05   4.0466309e+01
   4.7366200e+05   3.9038086e+01
   4.8423700e+05   4.2370605e+01
   4.8821300e+05   3.8800049e+01
   5.0266600e+05   3.7847900e+01
   5.1969000e+05   3.7371826e+01
   5.2126300e+05   5.8557129e+01
   5.2138500e+05   5.6176758e+01
   5.2149800e+05   4.5227051e+01
   5.2153300e+05   3.8800049e+01
   5.2157500e+05   4.1180420e+01
   5.2160600e+05   6.7126465e+01
   5.2162300e+05   6.0223389e+01
   5.2163400e+05   6.1175537e+01
   5.2165500e+05   7.2839355e+01
   5.2167900e+05   6.4746094e+01
   5.2169900e+05   6.4031982e+01
   5.2171100e+05   5.6890869e+01
   5.2175100e+05   4.7607422e+01
   5.2176800e+05   6.8316650e+01
   5.2178700e+05   6.8792725e+01
   5.2179800e+05   5.8557129e+01
   5.2181500e+05   5.4034424e+01
   5.2182600e+05   4.1418457e+01
   5.2183700e+05   4.7607422e+01
   5.2186700e+05   6.0699463e+01
   5.2191800e+05   3.9990234e+01
   5.2196000e+05   3.8562012e+01
   5.2198300e+05   4.8797607e+01
   5.2200700e+05   5.6414795e+01
   5.2201700e+05   4.3560791e+01
   5.2205100e+05   3.9514160e+01
   5.2214100e+05   4.0466309e+01
   5.2286600e+05   4.1418457e+01
   5.2291100e+05   3.7609863e+01
   5.2351900e+05   4.0228271e+01
   5.2410900e+05   3.9276123e+01
   5.3383600e+05   4.0228271e+01
   5.5317500e+05   4.0942383e+01
   5.7899700e+05   3.6657715e+01
   6.0502100e+05   6.5698242e+01
   6.0508100e+05   3.9038086e+01
   6.0513300e+05   6.4508057e+01
   6.0523100e+05   4.0704346e+01
   6.0531000e+05   4.2608643e+01
   6.0532500e+05   5.8795166e+01
   6.0535500e+05   6.6412354e+01
   6.0537200e+05   1.5710449e+02
   6.0539900e+05   6.0223389e+01
   6.0541000e+05   9.1406250e+01
   6.0544800e+05   7.2125244e+01
   6.0545800e+05   7.6885986e+01
   6.0547200e+05   9.1644287e+01
   6.0549300e+05   8.9501953e+01
   6.0551600e+05   6.6412354e+01
   6.0554500e+05   4.1894531e+01
   6.0556900e+05   5.3082275e+01
   6.0559200e+05   5.5224609e+01
   6.0563900e+05   3.8323975e+01
   6.0565900e+05   4.0228271e+01
   6.0568900e+05   6.4746094e+01
   6.0573500e+05   3.6895752e+01
   6.0629400e+05   4.0942383e+01
   6.0682500e+05   3.7847900e+01
   6.0692600e+05   4.1656494e+01
   6.0749500e+05   3.8800049e+01
   6.0760600e+05   3.9514160e+01
   6.1587500e+05   3.7133789e+01
   6.1589800e+05   5.3320313e+01
   6.1591100e+05   3.8323975e+01
   6.1593700e+05   4.4274902e+01
   6.1596300e+05   6.0461426e+01
   6.1598300e+05   5.9985352e+01
   6.1600400e+05   5.7604980e+01
   6.1602800e+05   8.7121582e+01
   6.1604600e+05   4.8797607e+01
   6.1606500e+05   4.7131348e+01
   6.1609600e+05   4.4274902e+01
   6.1611100e+05   4.3798828e+01
   6.1614000e+05   3.9990234e+01
   6.1615600e+05   6.4508057e+01
   6.1617200e+05   5.5938721e+01
   6.1618300e+05   4.3560791e+01
   6.1620800e+05   4.6417236e+01
   6.1622900e+05   6.9982910e+01
   6.1626100e+05   6.8078613e+01
   6.1628900e+05   8.5931396e+01
   6.1635100e+05   4.8083496e+01
   6.1638200e+05   4.0466309e+01
   6.1640600e+05   4.6417236e+01
   6.1644900e+05   7.9980469e+01
   6.1647200e+05   6.8554688e+01
   6.1650300e+05   4.5465088e+01
   6.1652100e+05   3.9514160e+01
   6.1653800e+05   4.2370605e+01
   6.1665300e+05   5.2130127e+01
   6.1667400e+05   4.0942383e+01
   6.1677800e+05   3.7609863e+01
   6.1680600e+05   4.6417236e+01
   6.1683700e+05   4.0228271e+01
   6.1703900e+05   4.4036865e+01
   6.1716900e+05   4.4989014e+01
   6.1746700e+05   3.8800049e+01
   6.1765400e+05   3.7847900e+01
   6.2737600e+05   5.1892090e+01
   6.2741700e+05   6.9030762e+01
   6.2744000e+05   4.0942383e+01
   6.2745300e+05   4.9511719e+01
   6.2749400e+05   1.0664063e+02
   6.2751700e+05   7.9266357e+01
   6.2755900e+05   4.2608643e+01
   6.2759400e+05   7.6409912e+01
   6.2761500e+05   6.1889648e+01
   6.2763100e+05   8.4741211e+01
   6.2765600e+05   6.8316650e+01
   6.2768600e+05   4.4036865e+01
   6.2771300e+05   8.5693359e+01
   6.2774200e+05   4.2370605e+01
   6.2776200e+05   3.8323975e+01
   6.2777500e+05   3.7847900e+01
   6.2779700e+05   4.4036865e+01
   6.2782400e+05   3.6657715e+01
   6.2785400e+05   3.7609863e+01
   6.2790700e+05   6.5936279e+01
   6.2793700e+05   3.7847900e+01
   6.2797500e+05   4.0704346e+01
   6.2800500e+05   5.2368164e+01
   6.2803500e+05   3.8800049e+01
   6.2807700e+05   4.4274902e+01
   6.2810200e+05   5.6890869e+01
   6.2823700e+05   8.0456543e+01
   6.2828800e+05   3.7371826e+01
   6.2865500e+05   4.1418457e+01
   6.2891100e+05   5.3558350e+01
   6.3934000e+05   3.8085938e+01
   6.3936600e+05   6.4508057e+01
   6.3939400e+05   4.4750977e+01
   6.3941000e+05   6.7602539e+01
   6.3942800e+05   3.9276123e+01
   6.3945900e+05   7.8314209e+01
   6.3948700e+05   7.3077393e+01
   6.3951100e+05   7.3077393e+01
   6.3952500e+05   6.2841797e+01
   6.3955900e+05   8.8787842e+01
   6.3960600e+05   5.8319092e+01
   6.3964600e+05   9.1644287e+01
   6.3966600e+05   3.8562012e+01
   6.3968800e+05   5.2368164e+01
   6.3971800e+05   4.9987793e+01
   6.3974800e+05   4.6893311e+01
   6.3976700e+05   1.0616455e+02
   6.3978100e+05   5.0463867e+01
   6.3982500e+05   3.8323975e+01
   6.3983900e+05   7.6171875e+01
   6.3985700e+05   3.6657715e+01
   6.3987700e+05   4.6179199e+01
   6.3995100e+05   3.8085938e+01
   6.4000100e+05   4.3798828e+01
   6.4017000e+05   4.3560791e+01
   6.4035300e+05   4.0228271e+01
   6.4057500e+05   3.9752197e+01
   6.4093100e+05   3.9276123e+01
   6.4145100e+05   3.8800049e+01
   6.4842600e+05   3.6657715e+01
   6.5299600e+05   5.0701904e+01
   6.5301000e+05   5.8081055e+01
   6.5304700e+05   3.8800049e+01
   6.5305800e+05   6.3793945e+01
   6.5309500e+05   8.8311768e+01
   6.5311300e+05   5.5224609e+01
   6.5313400e+05   5.0939941e+01
   6.5316600e+05   5.6652832e+01
   6.5317700e+05   4.7369385e+01
   6.5320700e+05   5.1177979e+01
   6.5322600e+05   8.1408691e+01
   6.5323900e+05   4.9987793e+01
   6.5331500e+05   4.2370605e+01
   6.5334600e+05   7.5695801e+01
   6.5336100e+05   4.0466309e+01
   6.5340500e+05   8.4979248e+01
   6.5342400e+05   4.6179199e+01
   6.5344200e+05   4.9273682e+01
   6.5348000e+05   4.4274902e+01
   6.5351800e+05   4.9511719e+01
   6.5354900e+05   7.2125244e+01
   6.5355900e+05   4.3084717e+01
   6.5362200e+05   3.8562012e+01
   6.5368800e+05   4.7845459e+01
   6.5371400e+05   4.3084717e+01
   6.5376800e+05   3.6657715e+01
   6.5386100e+05   4.5465088e+01
   6.5401600e+05   3.8562012e+01
   6.5407500e+05   4.4512939e+01
   6.5426400e+05   3.9990234e+01
   6.5462000e+05   3.8562012e+01
   6.5484200e+05   3.9038086e+01
   6.6569600e+05   7.2601318e+01
   6.6572900e+05   7.3077393e+01
   6.6576100e+05   4.0942383e+01
   6.6580200e+05   5.2368164e+01
   6.6581200e+05   7.4981689e+01
   6.6582600e+05   4.4750977e+01
   6.6585600e+05   5.2844238e+01
   6.6587500e+05   4.1418457e+01
   6.6589900e+05   6.3079834e+01
   6.6592300e+05   3.8562012e+01
   6.6595600e+05   4.9273682e+01
   6.6598400e+05   4.4036865e+01
   6.6604000e+05   5.9033203e+01
   6.6606600e+05   5.2368164e+01
   6.6609200e+05   5.8557129e+01
   6.6611400e+05   3.9990234e+01
   6.6613600e+05   3.6895752e+01
   6.6617500e+05   5.1654053e+01
   6.6619000e+05   3.7133789e+01
   6.6622300e+05   4.1656494e+01
   6.6624300e+05   3.6657715e+01
   6.6627200e+05   4.9035645e+01
   6.6630200e+05   5.5938721e+01
   6.6633700e+05   7.1173096e+01
   6.6639000e+05   3.7133789e+01
   6.6648600e+05   4.9273682e+01
   6.6650200e+05   5.6890869e+01
   6.6681900e+05   3.7609863e+01
   6.6716300e+05   5.4986572e+01
   6.6729100e+05   3.6895752e+01
   6.7697800e+05   5.0463867e+01
   6.7699800e+05   4.3084717e+01
   6.7701500e+05   4.4036865e+01
   6.7703500e+05   5.0463867e+01
   6.7706000e+05   4.9749756e+01
   6.7707900e+05   6.4746094e+01
   6.7709500e+05   1.2282715e+02
   6.7711200e+05   5.7128906e+01
   6.7712500e+05   4.5227051e+01
   6.7714600e+05   4.1418457e+01
   6.7717900e+05   8.3312988e+01
   6.7719900e+05   1.1687622e+02
   6.7722800e+05   6.2603760e+01
   6.7724600e+05   5.0939941e+01
   6.7732100e+05   5.6414795e+01
   6.7734500e+05   3.8800049e+01
   6.7737300e+05   5.3796387e+01
   6.7739600e+05   5.6652832e+01
   6.7742500e+05   4.1180420e+01
   6.7744600e+05   4.1894531e+01
   6.7745900e+05   4.4512939e+01
   6.7749200e+05   4.3798828e+01
   6.7754500e+05   5.5938721e+01
   6.7761900e+05   4.4036865e+01
   6.7764300e+05   5.7604980e+01
   6.7782600e+05   5.7843018e+01
   6.7784500e+05   4.4989014e+01
   6.7796000e+05   3.6895752e+01
   6.7829200e+05   3.6657715e+01
   6.7895900e+05   3.7371826e+01
   6.8450800e+05   3.6895752e+01
   6.8874900e+05   3.7371826e+01
   6.8876400e+05   4.3322754e+01
   6.8879800e+05   4.2132568e+01
   6.8881300e+05   3.7371826e+01
   6.8884700e+05   6.7840576e+01
   6.8886000e+05   1.0497437e+02
   6.8890100e+05   6.7840576e+01
   6.8891400e+05   5.8795166e+01
   6.8893100e+05   4.1418457e+01
   6.8897800e+05   4.2608643e+01
   6.8899700e+05   6.1889648e+01
   6.8901400e+05   4.2846680e+01
   6.8904500e+05   7.0458984e+01
   6.8906800e+05   6.8078613e+01
   6.8909500e+05   8.0932617e+01
   6.8913700e+05   5.3320313e+01
   6.8917500e+05   5.8319092e+01
   6.8918900e+05   4.7607422e+01
   6.8923600e+05   4.1656494e+01
   6.8925400e+05   4.4036865e+01
   6.8929400e+05   6.4270020e+01
   6.8931900e+05   3.9276123e+01
   6.8937600e+05   3.7133789e+01
   6.8939900e+05   5.1654053e+01
   6.8943000e+05   4.6655273e+01
   6.8946500e+05   3.6895752e+01
   6.8953000e+05   4.2132568e+01
   6.8958500e+05   3.6657715e+01
   6.8961500e+05   4.8083496e+01
   6.9004100e+05   3.7847900e+01
   7.0038500e+05   3.8562012e+01
   7.0041600e+05   7.6647949e+01
   7.0044200e+05   6.2841797e+01
   7.0046500e+05   6.1651611e+01
   7.0047900e+05   4.0942383e+01
   7.0051100e+05   1.2520752e+02
   7.0052300e+05   8.3074951e+01
   7.0056100e+05   4.6417236e+01
   7.0059300e+05   6.4270020e+01
   7.0060600e+05   6.0699463e+01
   7.0063400e+05   5.1654053e+01
   7.0065700e+05   4.6417236e+01
   7.0068100e+05   5.5938721e+01
   7.0070600e+05   5.7128906e+01
   7.0073200e+05   7.9504395e+01
   7.0077300e+05   4.0942383e+01
   7.0079900e+05   3.6657715e+01
   7.0082900e+05   3.7609863e+01
   7.0084700e+05   3.7609863e+01
   7.0086000e+05   4.5941162e+01
   7.0088800e+05   4.8559570e+01
   7.0090800e+05   6.0461426e+01
   7.0093100e+05   5.9033203e+01
   7.0097700e+05   3.9752197e+01
   7.0098800e+05   3.6657715e+01
   7.0101600e+05   6.2127686e+01
   7.0103300e+05   3.9752197e+01
   7.0106000e+05   3.8800049e+01
   7.0114500e+05   4.0704346e+01
   7.0116100e+05   4.4274902e+01
   7.0135300e+05   4.6893311e+01
   7.0144200e+05   4.6893311e+01
   7.0183300e+05   4.5703125e+01
   7.2185300e+05   3.8085938e+01
   7.3695800e+05   3.6895752e+01
   8.4949100e+05   3.8323975e+01
   8.4959100e+05   5.3082275e+01
   8.4971300e+05   3.8323975e+01
   8.4976900e+05   4.2370605e+01
   8.4978400e+05   4.1894531e+01
   8.4981700e+05   7.6647949e+01
   8.4982800e+05   1.0307007e+02
   8.4987000e+05   1.0664063e+02
   8.4989800e+05   5.9271240e+01
   8.4993500e+05   6.8554688e+01
   8.4996000e+05   7.9028320e+01
   8.4997300e+05   5.7604980e+01
   8.5000000e+05   7.1649170e+01
   8.5001000e+05   3.6895752e+01
   8.5003700e+05   6.7364502e+01
   8.5006300e+05   4.4989014e+01
   8.5010500e+05   4.1894531e+01
   8.5011700e+05   4.1418457e+01
   8.5013700e+05   5.2130127e+01
   8.5016800e+05   4.5703125e+01
   8.5019400e+05   4.2608643e+01
   8.5021800e+05   4.1894531e+01
   8.6002400e+05   4.2132568e+01
   8.6224900e+05   3.7609863e+01
   9.0017500e+05   6.1651611e+01
   9.0038300e+05   3.9752197e+01
   9.0041600e+05   3.9038086e+01
   9.0043300e+05   6.1889648e+01
   9.0046400e+05   3.6895752e+01
   9.0049000e+05   5.5462646e+01
   9.0050300e+05   1.0592651e+02
   9.0052500e+05   5.8557129e+01
   9.0053900e+05   7.6647949e+01
   9.0055800e+05   1.1354370e+02
   9.0058500e+05   9.6881104e+01
   9.0061700e+05   7.7362061e+01
   9.0062800e+05   4.7845459e+01
   9.0066300e+05   6.8316650e+01
   9.0067700e+05   6.4270020e+01
   9.0069800e+05   5.9985352e+01
   9.0072000e+05   7.0458984e+01
   9.0074000e+05   3.8800049e+01
   9.0077300e+05   4.6179199e+01
   9.0081000e+05   4.1180420e+01
   9.0082700e+05   6.3793945e+01
   9.0088600e+05   4.8321533e+01
   9.0089900e+05   5.3082275e+01
   9.0092100e+05   4.1894531e+01
   9.0098600e+05   4.0466309e+01
   9.0100100e+05   4.4750977e+01
   9.0104600e+05   4.3084717e+01
   9.0246000e+05   3.8562012e+01
   9.0282500e+05   3.7847900e+01
   9.1345800e+05   3.7371826e+01
   9.1517700e+05   3.6895752e+01
   9.1811600e+05   3.6657715e+01
   9.2003200e+05   3.9752197e+01
   9.2260600e+05   4.2132568e+01
   9.3607000e+05   4.5227051e+01
   1.0163770e+06   4.6893311e+01
   1.0165760e+06   6.0699463e+01
   1.0167040e+06   3.7371826e+01
   1.0167530e+06   4.0466309e+01
   1.0167670e+06   4.0704346e+01
   1.0167810e+06   3.9276123e+01
   1.0168030e+06   6.2365723e+01
   1.0168160e+06   8.4741211e+01
   1.0168480e+06   8.4979248e+01
   1.0168690e+06   8.7121582e+01
   1.0168950e+06   7.5695801e+01
   1.0169350e+06   6.5698242e+01
   1.0169450e+06   7.7600098e+01
   1.0169690e+06   7.4267578e+01
   1.0170050e+06   8.2836914e+01
   1.0170450e+06   8.7359619e+01
   1.0170870e+06   6.1889648e+01
   1.0171010e+06   3.8323975e+01
   1.0171700e+06   4.9273682e+01
   1.0171940e+06   4.9035645e+01
   1.0172360e+06   4.2846680e+01
   1.0173250e+06   4.3560791e+01
   1.0173960e+06   4.4512939e+01
   1.0181430e+06   3.6895752e+01
   1.0182990e+06   3.6895752e+01
   1.0189950e+06   3.6657715e+01
   1.0248630e+06   4.2608643e+01
   1.0300840e+06   4.0466309e+01
   1.0387930e+06   4.0942383e+01
   1.0768910e+06   6.5698242e+01
   1.0769430e+06   3.7133789e+01
   1.0770920e+06   5.6414795e+01
   1.0772040e+06   3.6895752e+01
   1.0772250e+06   3.8800049e+01
   1.0772540e+06   4.3798828e+01
   1.0773220e+06   6.4508057e+01
   1.0773530e+06   9.9737549e+01
   1.0773690e+06   9.6881104e+01
   1.0774050e+06   7.0935059e+01
   1.0774250e+06   1.0164185e+02
   1.0774410e+06   7.3791504e+01
   1.0774600e+06   5.5462646e+01
   1.0774800e+06   3.9990234e+01
   1.0775090e+06   1.0854492e+02
   1.0775250e+06   6.5698242e+01
   1.0775400e+06   4.7369385e+01
   1.0775670e+06   4.2370605e+01
   1.0776000e+06   5.4034424e+01
   1.0776150e+06   4.2608643e+01
   1.0776840e+06   4.5703125e+01
   1.0777180e+06   3.7371826e+01
   1.0777670e+06   3.9038086e+01
   1.0778230e+06   5.0463867e+01
   1.0787680e+06   3.7133789e+01
   1.0791430e+06   4.4750977e+01
   1.0830610e+06   3.6657715e+01
   1.0991140e+06   3.8562012e+01
   1.1286620e+06   4.2370605e+01
   1.1538320e+06   3.8562012e+01
   1.1728950e+06   5.8557129e+01
   1.1731020e+06   7.9504395e+01
   1.1731670e+06   6.6888428e+01
   1.1731900e+06   4.4989014e+01
   1.1732130e+06   5.5938721e+01
   1.1732250e+06   6.2127686e+01
   1.1732410e+06   6.5936279e+01
   1.1732550e+06   4.4989014e+01
   1.1732720e+06   4.5703125e+01
   1.1732890e+06   7.4029541e+01
   1.1733050e+06   4.2846680e+01
   1.1733280e+06   5.1177979e+01
   1.1733410e+06   4.0228271e+01
   1.1733600e+06   4.8797607e+01
   1.1733900e+06   5.6176758e+01
   1.1734110e+06   6.7364502e+01
   1.1734280e+06   5.9033203e+01
   1.1734400e+06   6.2841797e+01
   1.1734610e+06   7.2125244e+01
   1.1734820e+06   3.7371826e+01
   1.1735020e+06   4.5227051e+01
   1.1735190e+06   6.9268799e+01
   1.1735490e+06   5.1416016e+01
   1.1736410e+06   3.6895752e+01
   1.1748020e+06   5.1892090e+01
   1.1751040e+06   4.4989014e+01
   1.1751790e+06   3.7371826e+01
   1.1753140e+06   3.7133789e+01
   1.1794350e+06   3.8323975e+01
   1.1849590e+06   4.1180420e+01
   1.1857120e+06   4.3084717e+01
   1.1860480e+06   4.1656494e+01
   1.1860880e+06   5.1654053e+01
   1.1861430e+06   4.4036865e+01
   1.1861800e+06   4.3084717e+01
   1.1862080e+06   4.0228271e+01
   1.1862200e+06   9.4500732e+01
   1.1862490e+06   6.6174316e+01
   1.1862610e+06   4.2370605e+01
   1.1862860e+06   9.8547363e+01
   1.1862990e+06   4.0942383e+01
   1.1863110e+06   5.9985352e+01
   1.1863630e+06   4.0942383e+01
   1.1863880e+06   3.8085938e+01
   1.1864100e+06   7.0220947e+01
   1.1864280e+06   8.2836914e+01
   1.1864400e+06   4.8321533e+01
   1.1865090e+06   3.7847900e+01
   1.1865340e+06   5.8081055e+01
   1.1865630e+06   4.4750977e+01
   1.1865760e+06   5.0463867e+01
   1.1866180e+06   7.2125244e+01
   1.1866440e+06   5.9271240e+01
   1.1866830e+06   3.7847900e+01
   1.1867420e+06   3.9038086e+01
   1.1867690e+06   5.3796387e+01
   1.1868150e+06   5.3558350e+01
   1.1868300e+06   3.6895752e+01
   1.1869020e+06   3.8323975e+01
   1.1869240e+06   5.8557129e+01
   1.1870530e+06   4.0704346e+01
   1.1871290e+06   3.9752197e+01
   1.1872200e+06   4.3084717e+01
   1.1876780e+06   4.9273682e+01
   1.1877990e+06   3.6657715e+01
   1.1881370e+06   4.4989014e+01
   1.2002600e+06   5.1416016e+01
   1.2004390e+06   4.1180420e+01
   1.2005080e+06   4.6417236e+01
   1.2005260e+06   4.0704346e+01
   1.2005520e+06   9.0216064e+01
   1.2005700e+06   1.3211060e+02
   1.2006030e+06   7.2125244e+01
   1.2006350e+06   7.8790283e+01
   1.2006470e+06   4.1180420e+01
   1.2006750e+06   4.4512939e+01
   1.2006950e+06   3.8800049e+01
   1.2007510e+06   8.3551025e+01
   1.2007640e+06   3.7133789e+01
   1.2007860e+06   4.6417236e+01
   1.2008070e+06   4.0942383e+01
   1.2008290e+06   3.8323975e+01
   1.2008510e+06   4.6417236e+01
   1.2008710e+06   6.2127686e+01
   1.2008820e+06   4.8797607e+01
   1.2008930e+06   6.0461426e+01
   1.2009330e+06   4.2132568e+01
   1.2009440e+06   4.5227051e+01
   1.2009680e+06   3.8085938e+01
   1.2009910e+06   3.7371826e+01
   1.2010160e+06   4.3322754e+01
   1.2010280e+06   3.9514160e+01
   1.2010740e+06   3.7847900e+01
   1.2011040e+06   3.7371826e+01
   1.2011290e+06   7.5695801e+01
   1.2011450e+06   5.2130127e+01
   1.2012380e+06   3.8800049e+01
   1.2013850e+06   6.2365723e+01
   1.2014320e+06   4.5703125e+01
   1.2014930e+06   3.7133789e+01
   1.2015670e+06   4.4036865e+01
   1.2016050e+06   3.6657715e+01
   1.2018710e+06   4.6179199e+01
   1.2022720e+06   4.6417236e+01
   1.2066350e+06   3.9990234e+01
   1.2110570e+06   3.6657715e+01
   1.2198540e+06   3.7609863e+01
   1.2875040e+06   6.9744873e+01
   1.2876160e+06   5.3082275e+01
   1.2876900e+06   3.7371826e+01
   1.2877340e+06   4.5703125e+01
   1.2877570e+06   4.2846680e+01
   1.2877840e+06   6.0699463e+01
   1.2878150e+06   1.4067993e+02
   1.2878400e+06   7.6885986e+01
   1.2878660e+06   1.1473389e+02
   1.2878960e+06   5.9509277e+01
   1.2879110e+06   9.8785400e+01
   1.2879400e+06   6.0461426e+01
   1.2879570e+06   4.1418457e+01
   1.2879850e+06   8.9739990e+01
   1.2880030e+06   3.9752197e+01
   1.2880190e+06   4.9273682e+01
   1.2880520e+06   6.0461426e+01
   1.2881090e+06   5.2606201e+01
   1.2881190e+06   4.4036865e+01
   1.2881950e+06   3.7133789e+01
   1.2882060e+06   3.9990234e+01
   1.2883020e+06   3.9514160e+01
   1.2891930e+06   3.7371826e+01
   1.2892810e+06   4.1418457e+01
   1.2894750e+06   3.9990234e+01
   1.2896200e+06   3.6657715e+01
   1.2951130e+06   4.0704346e+01
   1.3001880e+06   3.7371826e+01
   1.3022330e+06   3.9514160e+01
   1.3023350e+06   4.9511719e+01
   1.3023950e+06   5.7366943e+01
   1.3024200e+06   5.2606201e+01
   1.3024510e+06   5.9985352e+01
   1.3024670e+06   8.5931396e+01
   1.3024770e+06   4.9987793e+01
   1.3025040e+06   8.4265137e+01
   1.3025310e+06   6.6174316e+01
   1.3025750e+06   3.7609863e+01
   1.3025980e+06   5.4748535e+01
   1.3026260e+06   8.3789063e+01
   1.3026590e+06   4.6417236e+01
   1.3026910e+06   6.8316650e+01
   1.3027040e+06   7.0458984e+01
   1.3027190e+06   4.0466309e+01
   1.3027480e+06   7.2601318e+01
   1.3027780e+06   6.4508057e+01
   1.3028060e+06   3.9990234e+01
   1.3028300e+06   4.2370605e+01
   1.3028420e+06   4.7607422e+01
   1.3028730e+06   4.6655273e+01
   1.3028840e+06   5.5700684e+01
   1.3029010e+06   4.6655273e+01
   1.3029190e+06   4.7369385e+01
   1.3029360e+06   5.5700684e+01
   1.3030030e+06   5.8319092e+01
   1.3030730e+06   6.6174316e+01
   1.3030980e+06   5.8319092e+01
   1.3032000e+06   4.1656494e+01
   1.3032520e+06   4.2608643e+01
   1.3033720e+06   5.2844238e+01
   1.3035060e+06   3.6657715e+01
   1.3036320e+06   4.5465088e+01
   1.3038970e+06   4.7131348e+01
   1.3043470e+06   3.9990234e+01
   1.3044490e+06   3.8323975e+01
   1.3077110e+06   3.7847900e+01
   1.3101470e+06   3.7133789e+01
   1.3148650e+06   3.9514160e+01
   1.3148760e+06   4.8797607e+01
   1.3149110e+06   4.4989014e+01
   1.3149440e+06   4.5465088e+01
   1.3149720e+06   9.0454102e+01
   1.3149870e+06   5.2368164e+01
   1.3150190e+06   9.0454102e+01
   1.3150380e+06   5.7366943e+01
   1.3150600e+06   5.2844238e+01
   1.3150870e+06   4.2132568e+01
   1.3151240e+06   8.3312988e+01
   1.3151350e+06   4.0704346e+01
   1.3151620e+06   3.7133789e+01
   1.3151990e+06   4.2608643e+01
   1.3152340e+06   5.9509277e+01
   1.3152590e+06   5.4510498e+01
   1.3152780e+06   6.4270020e+01
   1.3152970e+06   5.9747314e+01
   1.3153510e+06   3.8800049e+01
   1.3153700e+06   6.2127686e+01
   1.3154410e+06   4.6655273e+01
   1.3154740e+06   5.5224609e+01
   1.3154870e+06   5.9509277e+01
   1.3155390e+06   3.6895752e+01
   1.3155610e+06   4.3322754e+01
   1.3157060e+06   5.4986572e+01
   1.3157340e+06   5.1654053e+01
   1.3158230e+06   4.0466309e+01
   1.3158970e+06   4.4750977e+01
   1.3163380e+06   3.6895752e+01
   1.3164530e+06   5.1654053e+01
   1.3261120e+06   3.9514160e+01
   1.3272120e+06   6.5460205e+01
   1.3272260e+06   8.9025879e+01
   1.3272540e+06   3.9514160e+01
   1.3272900e+06   5.7843018e+01
   1.3273130e+06   5.9033203e+01
   1.3273350e+06   3.7133789e+01
   1.3273550e+06   4.0704346e+01
   1.3274120e+06   5.1416016e+01
   1.3274310e+06   4.9749756e+01
   1.3274480e+06   6.1175537e+01
   1.3274790e+06   6.4270020e+01
   1.3274960e+06   5.7843018e+01
   1.3275250e+06   4.7369385e+01
   1.3275590e+06   5.3320313e+01
   1.3275750e+06   5.2368164e+01
   1.3276070e+06   6.8316650e+01
   1.3276430e+06   6.3793945e+01
   1.3276780e+06   3.8323975e+01
   1.3276950e+06   4.4750977e+01
   1.3277290e+06   4.9035645e+01
   1.3278020e+06   4.5703125e+01
   1.3278670e+06   3.9276123e+01
   1.3279240e+06   5.4748535e+01
   1.3279910e+06   4.5941162e+01
   1.3280970e+06   3.6895752e+01
   1.3281710e+06   4.4274902e+01
   1.3282180e+06   4.3322754e+01
   1.3284480e+06   3.8085938e+01
   1.3285560e+06   4.4512939e+01
   1.3289560e+06   3.7371826e+01
   1.3721430e+06   4.0466309e+01
   1.4371330e+06   4.2846680e+01
   1.4529760e+06   6.9744873e+01
   1.4531050e+06   3.9752197e+01
   1.4531350e+06   4.8083496e+01
   1.4531500e+06   7.1173096e+01
   1.4531740e+06   8.8549805e+01
   1.4531910e+06   9.9499512e+01
   1.4532090e+06   7.9742432e+01
   1.4532270e+06   6.5698242e+01
   1.4532480e+06   5.7604980e+01
   1.4532810e+06   7.6409912e+01
   1.4532960e+06   5.3558350e+01
   1.4533250e+06   7.6647949e+01
   1.4533400e+06   8.3551025e+01
   1.4533530e+06   4.5465088e+01
   1.4533720e+06   4.3560791e+01
   1.4534260e+06   4.4989014e+01
   1.4534700e+06   4.1656494e+01
   1.4534880e+06   4.6417236e+01
   1.4535820e+06   4.4274902e+01
   1.4551000e+06   3.9990234e+01
   1.4551640e+06   3.8323975e+01
   1.4821930e+06   3.9990234e+01
   1.4852410e+06   3.6657715e+01
   1.5112200e+06   6.4746094e+01
   1.5114180e+06   5.4986572e+01
   1.5114360e+06   4.8321533e+01
   1.5114620e+06   5.7604980e+01
   1.5115060e+06   7.4743652e+01
   1.5115230e+06   7.6171875e+01
   1.5115530e+06   7.8314209e+01
   1.5115740e+06   4.5703125e+01
   1.5115980e+06   4.6655273e+01
   1.5116090e+06   6.9982910e+01
   1.5116340e+06   5.0463867e+01
   1.5116480e+06   3.6657715e+01
   1.5116620e+06   3.7371826e+01
   1.5116980e+06   9.5690918e+01
   1.5117170e+06   3.7133789e+01
   1.5117540e+06   8.6407471e+01
   1.5117800e+06   5.8795166e+01
   1.5118150e+06   6.1889648e+01
   1.5118380e+06   5.4510498e+01
   1.5118850e+06   4.5941162e+01
   1.5119120e+06   3.9038086e+01
   1.5119440e+06   3.7133789e+01
   1.5119780e+06   4.3560791e+01
   1.5129320e+06   4.1894531e+01
   1.5134140e+06   4.4036865e+01
   1.5212750e+06   3.8085938e+01
   1.5221320e+06   3.7609863e+01
   1.5271990e+06   4.3084717e+01
   1.5833110e+06   4.0228271e+01
   1.5834970e+06   6.5222168e+01
   1.5835840e+06   3.6657715e+01
   1.5836860e+06   5.1416016e+01
   1.5837140e+06   4.4274902e+01
   1.5837410e+06   6.0223389e+01
   1.5837610e+06   6.6888428e+01
   1.5837790e+06   8.7597656e+01
   1.5838000e+06   4.6893311e+01
   1.5838250e+06   3.7609863e+01
   1.5838460e+06   5.2368164e+01
   1.5838570e+06   4.4989014e+01
   1.5838720e+06   4.1418457e+01
   1.5838830e+06   9.0454102e+01
   1.5839150e+06   3.9752197e+01
   1.5839270e+06   7.5933838e+01
   1.5839640e+06   8.2836914e+01
   1.5839820e+06   6.6174316e+01
   1.5840120e+06   5.2844238e+01
   1.5840280e+06   5.2368164e+01
   1.5840560e+06   4.8321533e+01
   1.5840770e+06   3.9276123e+01
   1.5841050e+06   6.2841797e+01
   1.5841580e+06   3.7133789e+01
   1.5842450e+06   4.4512939e+01
   1.5848810e+06   3.7371826e+01
   1.5851250e+06   5.0463867e+01
   1.5851430e+06   4.4274902e+01
   1.5852570e+06   3.8085938e+01
   1.5904220e+06   3.6895752e+01
   1.6002490e+06   3.8562012e+01
   1.6028700e+06   4.2846680e+01
   1.6084160e+06   3.6895752e+01
   1.6163360e+06   4.1180420e+01
   1.6234030e+06   3.9038086e+01
   1.6364250e+06   4.1418457e+01
   1.6383010e+06   6.1651611e+01
   1.6384660e+06   6.2127686e+01
   1.6384910e+06   4.3798828e+01
   1.6385290e+06   4.4036865e+01
   1.6385400e+06   7.7362061e+01
   1.6385750e+06   8.2122803e+01
   1.6385890e+06   1.2425537e+02
   1.6386140e+06   7.4743652e+01
   1.6386440e+06   9.6881104e+01
   1.6386670e+06   8.9501953e+01
   1.6386950e+06   5.6890869e+01
   1.6387060e+06   7.1887207e+01
   1.6387440e+06   5.1654053e+01
   1.6387650e+06   4.6893311e+01
   1.6387820e+06   8.5693359e+01
   1.6388070e+06   5.2130127e+01
   1.6388360e+06   4.3560791e+01
   1.6389040e+06   4.2132568e+01
   1.6389320e+06   3.7133789e+01
   1.6389450e+06   3.8800049e+01
   1.6390300e+06   4.3084717e+01
   1.6390690e+06   3.6895752e+01
   1.6397580e+06   3.7847900e+01
   1.6400470e+06   4.7369385e+01
   1.6502450e+06   4.0466309e+01
   1.6502760e+06   4.1894531e+01
   1.6502990e+06   4.5941162e+01
   1.6503320e+06   4.7845459e+01
   1.6503430e+06   4.0228271e+01
   1.6503650e+06   4.5227051e+01
   1.6503850e+06   9.4738770e+01
   1.6504120e+06   5.1654053e+01
   1.6504490e+06   6.6888428e+01
   1.6504660e+06   7.0458984e+01
   1.6504830e+06   5.4748535e+01
   1.6505050e+06   5.0225830e+01
   1.6505360e+06   6.8554688e+01
   1.6505500e+06   5.1416016e+01
   1.6505700e+06   4.2846680e+01
   1.6506100e+06   3.9514160e+01
   1.6506320e+06   4.2608643e+01
   1.6506740e+06   3.8085938e+01
   1.6506900e+06   3.9276123e+01
   1.6507160e+06   4.7845459e+01
   1.6507450e+06   6.1175537e+01
   1.6507560e+06   5.3796387e+01
   1.6507770e+06   3.9752197e+01
   1.6508140e+06   4.3322754e+01
   1.6508410e+06   7.7362061e+01
   1.6508710e+06   4.9749756e+01
   1.6509010e+06   3.6657715e+01
   1.6509260e+06   4.0704346e+01
   1.6509520e+06   4.4274902e+01
   1.6510030e+06   3.9752197e+01
   1.6510140e+06   5.2606201e+01
   1.6511140e+06   3.8323975e+01
   1.6512340e+06   6.0699463e+01
   1.6516020e+06   3.8562012e+01
   1.6526760e+06   4.1180420e+01
   1.6759350e+06   3.9276123e+01
   1.6809600e+06   3.7847900e+01
   1.6996300e+06   3.8323975e+01
   1.7228680e+06   4.7369385e+01
   1.7235780e+06   3.8323975e+01
   1.7302900e+06   3.6657715e+01
   1.7361840e+06   3.8800049e+01
   1.7388140e+06   3.9990234e+01
   1.7414270e+06   3.9752197e+01
   1.7414650e+06   3.7609863e+01
   1.7414810e+06   4.6417236e+01
   1.7415000e+06   5.4034424e+01
   1.7415270e+06   9.4262695e+01
   1.7415510e+06   8.7359619e+01
   1.7415760e+06   7.9742432e+01
   1.7416070e+06   6.7126465e+01
   1.7416170e+06   5.9033203e+01
   1.7416320e+06   5.4748535e+01
   1.7416600e+06   3.7371826e+01
   1.7416770e+06   6.4746094e+01
   1.7417170e+06   4.6655273e+01
   1.7417530e+06   4.7131348e+01
   1.7417720e+06   4.2370605e+01
   1.7417880e+06   4.7131348e+01
   1.7418010e+06   4.2846680e+01
   1.7418250e+06   4.7369385e+01
   1.7418370e+06   4.9035645e+01
   1.7418590e+06   4.3798828e+01
   1.7419020e+06   4.5227051e+01
   1.7419510e+06   4.5227051e+01
   1.7419910e+06   4.7845459e+01
   1.7420070e+06   4.1894531e+01
   1.7423650e+06   4.0466309e+01
   1.7428850e+06   4.5227051e+01
   1.7429040e+06   3.8562012e+01
   1.7529780e+06   3.6895752e+01
   1.7627030e+06   3.9038086e+01
   1.7772590e+06   3.7847900e+01
   1.7833510e+06   4.0704346e+01
   1.7851350e+06   3.9276123e+01
   1.7876000e+06   3.7609863e+01
   1.7992060e+06   4.0942383e+01
   1.8061520e+06   5.4748535e+01
   1.8062820e+06   5.4272461e+01
   1.8063370e+06   3.6895752e+01
   1.8063490e+06   6.0223389e+01
   1.8063610e+06   1.4710693e+02
   1.8063940e+06   8.7597656e+01
   1.8064040e+06   1.0092773e+02
   1.8064270e+06   6.2603760e+01
   1.8064520e+06   5.6890869e+01
   1.8064850e+06   6.2841797e+01
   1.8065200e+06   5.1654053e+01
   1.8065550e+06   7.3315430e+01
   1.8065710e+06   7.6885986e+01
   1.8066120e+06   4.3798828e+01
   1.8066310e+06   6.4746094e+01
   1.8066600e+06   4.3798828e+01
   1.8066720e+06   5.7604980e+01
   1.8066870e+06   4.9511719e+01
   1.8067100e+06   6.4508057e+01
   1.8068450e+06   4.1656494e+01
   1.8076450e+06   3.9514160e+01
   1.8080120e+06   5.1654053e+01
   1.8146210e+06   3.8085938e+01
   1.8264940e+06   4.0228271e+01
   1.8275410e+06   3.7371826e+01
   1.8601310e+06   5.9271240e+01
   1.8601950e+06   3.7133789e+01
   1.8602970e+06   3.7133789e+01
   1.8603140e+06   4.3560791e+01
   1.8603450e+06   5.3320313e+01
   1.8603670e+06   7.1173096e+01
   1.8603990e+06   1.0307007e+02
   1.8604300e+06   6.7364502e+01
   1.8604440e+06   7.9266357e+01
   1.8604760e+06   6.0461426e+01
   1.8605010e+06   8.3074951e+01
   1.8605170e+06   7.3791504e+01
   1.8605410e+06   7.2125244e+01
   1.8605710e+06   6.2365723e+01
   1.8605910e+06   3.8562012e+01
   1.8606160e+06   8.0218506e+01
   1.8606300e+06   5.6176758e+01
   1.8606670e+06   4.2846680e+01
   1.8606810e+06   5.7128906e+01
   1.8607200e+06   4.7845459e+01
   1.8607560e+06   4.0942383e+01
   1.8607700e+06   4.1656494e+01
   1.8608820e+06   4.8321533e+01
   1.8619680e+06   3.9276123e+01
   1.8814310e+06   3.8323975e+01
   1.8916250e+06   3.6657715e+01
   1.8958500e+06   3.7847900e+01
   1.9195940e+06   5.9985352e+01
   1.9196910e+06   4.1656494e+01
   1.9197420e+06   4.9749756e+01
   1.9197720e+06   5.9033203e+01
   1.9197980e+06   8.1408691e+01
   1.9198090e+06   8.4979248e+01
   1.9198250e+06   8.8073730e+01
   1.9198530e+06   6.6174316e+01
   1.9198680e+06   6.2365723e+01
   1.9198940e+06   7.1887207e+01
   1.9199240e+06   5.4272461e+01
   1.9199460e+06   5.4748535e+01
   1.9199690e+06   6.2603760e+01
   1.9199800e+06   6.0937500e+01
   1.9200110e+06   6.1413574e+01
   1.9200330e+06   5.9985352e+01
   1.9200460e+06   5.0463867e+01
   1.9201110e+06   3.7371826e+01
   1.9201510e+06   3.9276123e+01
   1.9201900e+06   5.4986572e+01
   1.9202330e+06   4.3322754e+01
   1.9202730e+06   4.4989014e+01
   1.9203140e+06   4.6179199e+01
   1.9209110e+06   3.8800049e+01
   1.9328500e+06   4.0942383e+01
   1.9657190e+06   3.6895752e+01
   1.9874480e+06   4.1656494e+01
   1.9874680e+06   6.9506836e+01
   1.9875060e+06   6.0699463e+01
   1.9875340e+06   5.0463867e+01
   1.9875600e+06   6.2841797e+01
   1.9875760e+06   8.4979248e+01
   1.9876020e+06   7.8076172e+01
   1.9876230e+06   7.4267578e+01
   1.9876350e+06   7.5933838e+01
   1.9876640e+06   5.8081055e+01
   1.9876930e+06   6.4508057e+01
   1.9877120e+06   9.7595215e+01
   1.9877430e+06   1.0211792e+02
   1.9877680e+06   6.0223389e+01
   1.9877860e+06   4.9273682e+01
   1.9878100e+06   4.9511719e+01
   1.9878300e+06   5.8557129e+01
   1.9878600e+06   4.3084717e+01
   1.9879280e+06   5.1177979e+01
   1.9879620e+06   6.7840576e+01
   1.9880150e+06   4.9035645e+01
   1.9880440e+06   5.6652832e+01
   1.9883770e+06   4.3322754e+01
   1.9884980e+06   3.8323975e+01
   1.9886260e+06   3.7609863e+01
   1.9888930e+06   4.4274902e+01
   1.9893890e+06   4.1180420e+01
   1.9896320e+06   3.7371826e+01
   1.9981650e+06   3.6657715e+01
   1.9981920e+06   6.7126465e+01
   1.9982190e+06   5.8081055e+01
   1.9982440e+06   4.8083496e+01
   1.9982670e+06   1.2544556e+02
   1.9982940e+06   8.7597656e+01
   1.9983140e+06   5.6890869e+01
   1.9983370e+06   3.7847900e+01
   1.9983700e+06   5.1654053e+01
   1.9983870e+06   8.9501953e+01
   1.9984170e+06   5.5224609e+01
   1.9984270e+06   5.4748535e+01
   1.9984450e+06   4.7131348e+01
   1.9984770e+06   4.1418457e+01
   1.9985190e+06   5.8319092e+01
   1.9985290e+06   7.8552246e+01
   1.9985620e+06   4.9035645e+01
   1.9985740e+06   7.9266357e+01
   1.9986160e+06   3.9752197e+01
   1.9986450e+06   4.9035645e+01
   1.9986570e+06   4.9987793e+01
   1.9986760e+06   4.2370605e+01
   1.9987290e+06   5.4510498e+01
   1.9987680e+06   4.6655273e+01
   1.9987890e+06   7.0458984e+01
   1.9988270e+06   3.8562012e+01
   1.9988690e+06   4.8797607e+01
   1.9988850e+06   6.4508057e+01
   1.9989000e+06   3.8800049e+01
   1.9990290e+06   4.0704346e+01
   1.9990500e+06   4.6417236e+01
   1.9990700e+06   3.7371826e+01
   1.9991600e+06   4.5941162e+01
   1.9992790e+06   4.5227051e+01
   1.9992980e+06   4.2608643e+01
   1.9995460e+06   5.0225830e+01
   1.9997160e+06   4.0942383e+01
   1.9997510e+06   3.8800049e+01
   2.0092130e+06   3.7609863e+01
   2.0092290e+06   6.9982910e+01
   2.0092460e+06   4.2846680e+01
   2.0092670e+06   4.4989014e+01
   2.0092900e+06   4.2608643e+01
   2.0093190e+06   9.1406250e+01
   2.0093400e+06   6.9506836e+01
   2.0093740e+06   5.0701904e+01
   2.0094110e+06   4.6417236e+01
   2.0094350e+06   4.6655273e+01
   2.0094690e+06   9.9023438e+01
   2.0094800e+06   6.1175537e+01
   2.0095220e+06   8.2598877e+01
   2.0095360e+06   4.3084717e+01
   2.0095460e+06   5.0939941e+01
   2.0095730e+06   7.1887207e+01
   2.0096350e+06   6.1175537e+01
   2.0096500e+06   3.9276123e+01
   2.0096720e+06   3.6657715e+01
   2.0096930e+06   3.8800049e+01
   2.0097380e+06   4.2608643e+01
   2.0097940e+06   7.9742432e+01
   2.0098170e+06   4.7369385e+01
   2.0098410e+06   6.3555908e+01
   2.0098840e+06   3.9514160e+01
   2.0099510e+06   4.0942383e+01
   2.0099720e+06   4.9987793e+01
   2.0100030e+06   5.1654053e+01
   2.0100790e+06   3.8562012e+01
   2.0101200e+06   6.5698242e+01
   2.0103100e+06   4.8321533e+01
   2.0104580e+06   4.0466309e+01
   2.0109790e+06   4.0228271e+01
   2.0197560e+06   3.6657715e+01
   2.0197900e+06   7.5695801e+01
   2.0198540e+06   6.5460205e+01
   2.0198750e+06   1.0664063e+02
   2.0198990e+06   7.1411133e+01
   2.0199220e+06   3.7847900e+01
   2.0199540e+06   6.3317871e+01
   2.0199860e+06   4.1418457e+01
   2.0200290e+06   5.4272461e+01
   2.0200560e+06   3.7609863e+01
   2.0200830e+06   5.1416016e+01
   2.0201050e+06   4.3084717e+01
   2.0201460e+06   3.7371826e+01
   2.0201700e+06   4.9273682e+01
   2.0202320e+06   4.2608643e+01
   2.0202630e+06   6.2841797e+01
   2.0202990e+06   3.7609863e+01
   2.0203240e+06   3.8562012e+01
   2.0203450e+06   4.2132568e+01
   2.0203640e+06   4.6893311e+01
   2.0203910e+06   4.4512939e+01
   2.0204120e+06   5.9747314e+01
   2.0204330e+06   4.7607422e+01
   2.0204780e+06   3.8323975e+01
   2.0204900e+06   5.3082275e+01
   2.0205690e+06   4.3798828e+01
   2.0206150e+06   3.9276123e+01
   2.0207440e+06   3.7133789e+01
   2.0207700e+06   3.6657715e+01
   2.0208880e+06   5.2606201e+01
   2.0213270e+06   5.4034424e+01
   2.0301440e+06   4.1894531e+01
   2.0301640e+06   6.1413574e+01
   2.0301870e+06   5.0701904e+01
   2.0302210e+06   5.4272461e+01
   2.0302460e+06   6.7602539e+01
   2.0302630e+06   6.9744873e+01
   2.0302830e+06   9.0216064e+01
   2.0303020e+06   4.1894531e+01
   2.0303410e+06   4.6893311e+01
   2.0303540e+06   6.3317871e+01
   2.0304040e+06   5.7604980e+01
   2.0304160e+06   7.6171875e+01
   2.0304280e+06   4.9273682e+01
   2.0304790e+06   4.1656494e+01
   2.0305030e+06   5.1654053e+01
   2.0305520e+06   8.2836914e+01
   2.0305640e+06   4.7369385e+01
   2.0305910e+06   4.2132568e+01
   2.0306310e+06   4.8797607e+01
   2.0306910e+06   4.4036865e+01
   2.0307020e+06   4.9749756e+01
   2.0307530e+06   4.5227051e+01
   2.0307910e+06   4.0704346e+01
   2.0308650e+06   5.0225830e+01
   2.0308920e+06   4.8559570e+01
   2.0310140e+06   3.6895752e+01
   2.0310440e+06   5.5938721e+01
   2.0311160e+06   4.3322754e+01
   2.0312150e+06   3.9990234e+01
   2.0313470e+06   5.3796387e+01
   2.0314800e+06   3.8323975e+01
   2.0316760e+06   3.9276123e+01
   2.0425960e+06   3.9514160e+01
   2.0426190e+06   7.5933838e+01
   2.0426410e+06   6.2127686e+01
   2.0426510e+06   4.4989014e+01
   2.0426870e+06   9.1882324e+01
   2.0427160e+06   1.0783081e+02
   2.0427350e+06   5.8557129e+01
   2.0427620e+06   4.2846680e+01
   2.0427930e+06   3.6657715e+01
   2.0428070e+06   3.7133789e+01
   2.0428560e+06   3.8800049e+01
   2.0428810e+06   7.6647949e+01
   2.0429280e+06   4.5227051e+01
   2.0429380e+06   4.8797607e+01
   2.0429600e+06   1.0568848e+02
   2.0429840e+06   5.9271240e+01
   2.0429960e+06   3.7609863e+01
   2.0430210e+06   4.7607422e+01
   2.0430670e+06   3.8085938e+01
   2.0430820e+06   3.7133789e+01
   2.0431280e+06   3.9514160e+01
   2.0431540e+06   4.9035645e+01
   2.0431660e+06   4.2370605e+01
   2.0431940e+06   3.6657715e+01
   2.0432170e+06   4.4036865e+01
   2.0432420e+06   4.0704346e+01
   2.0432660e+06   7.4029541e+01
   2.0433230e+06   4.2608643e+01
   2.0434180e+06   5.5462646e+01
   2.0436470e+06   4.5703125e+01
   2.0438530e+06   4.2846680e+01
   2.0441690e+06   3.8800049e+01
   2.0442860e+06   4.0466309e+01
   2.0600780e+06   3.7371826e+01
   2.0601190e+06   9.1168213e+01
   2.0601500e+06   6.5698242e+01
   2.0601720e+06   6.3317871e+01
   2.0601870e+06   9.3072510e+01
   2.0602150e+06   6.0937500e+01
   2.0602380e+06   5.2130127e+01
   2.0602540e+06   4.3084717e+01
   2.0603000e+06   8.0218506e+01
   2.0603170e+06   4.0228271e+01
   2.0603540e+06   4.4989014e+01
   2.0603760e+06   3.7847900e+01
   2.0604020e+06   6.6650391e+01
   2.0604210e+06   6.2127686e+01
   2.0604360e+06   6.5460205e+01
   2.0604630e+06   5.0939941e+01
   2.0604820e+06   6.0461426e+01
   2.0605100e+06   5.9985352e+01
   2.0605310e+06   3.8085938e+01
   2.0605580e+06   3.8323975e+01
   2.0606140e+06   5.1416016e+01
   2.0607010e+06   7.2125244e+01
   2.0607130e+06   5.4510498e+01
   2.0607290e+06   3.7609863e+01
   2.0607520e+06   3.7371826e+01
   2.0608240e+06   4.3084717e+01
   2.0608910e+06   3.8085938e+01
   2.0609460e+06   4.0466309e+01
   2.0611470e+06   5.2606201e+01
   2.0614590e+06   4.1418457e+01
   2.0732480e+06   4.1180420e+01
   2.0734130e+06   3.9990234e+01
   2.0734380e+06   7.4743652e+01
   2.0734620e+06   7.4743652e+01
   2.0734820e+06   4.3084717e+01
   2.0735080e+06   1.0687866e+02
   2.0735290e+06   6.5936279e+01
   2.0735580e+06   6.3793945e+01
   2.0735960e+06   5.2844238e+01
   2.0736330e+06   4.4274902e+01
   2.0736510e+06   5.2844238e+01
   2.0736810e+06   4.2608643e+01
   2.0737200e+06   6.2365723e+01
   2.0737550e+06   6.4031982e+01
   2.0737750e+06   4.0228271e+01
   2.0737900e+06   3.7133789e+01
   2.0738310e+06   4.0704346e+01
   2.0738580e+06   4.8797607e+01
   2.0738870e+06   3.6895752e+01
   2.0739190e+06   5.3082275e+01
   2.0739830e+06   4.7607422e+01
   2.0740080e+06   3.8800049e+01
   2.0740330e+06   4.1656494e+01
   2.0740790e+06   4.4274902e+01
   2.0741580e+06   4.5703125e+01
   2.0741770e+06   4.9987793e+01
   2.0743540e+06   3.7371826e+01
   2.0746050e+06   4.6893311e+01
   2.0751290e+06   3.8085938e+01
   2.0878760e+06   3.9514160e+01
   2.0879020e+06   5.4272461e+01
   2.0879330e+06   6.6412354e+01
   2.0879520e+06   4.9987793e+01
   2.0879670e+06   5.1177979e+01
   2.0879780e+06   4.4512939e+01
   2.0880120e+06   4.1656494e+01
   2.0880300e+06   6.2603760e+01
   2.0880780e+06   5.3082275e+01
   2.0881240e+06   7.6885986e+01
   2.0881370e+06   5.5224609e+01
   2.0881800e+06   5.5462646e+01
   2.0881910e+06   5.7128906e+01
   2.0882180e+06   3.7609863e+01
   2.0882510e+06   5.6890869e+01
   2.0882620e+06   1.0211792e+02
   2.0882980e+06   4.9273682e+01
   2.0883250e+06   4.7845459e+01
   2.0883550e+06   4.3322754e+01
   2.0883790e+06   4.2132568e+01
   2.0884490e+06   4.1180420e+01
   2.0884950e+06   3.7847900e+01
   2.0885310e+06   3.8323975e+01
   2.0885620e+06   5.2606201e+01
   2.0886000e+06   4.5227051e+01
   2.0886110e+06   3.6895752e+01
   2.0888240e+06   4.5941162e+01
   2.0889480e+06   4.1894531e+01
   2.0891160e+06   5.0701904e+01
   2.0892300e+06   4.0466309e+01
   2.1001610e+06   4.0942383e+01
   2.1001730e+06   3.7133789e+01
   2.1001980e+06   5.6176758e+01
   2.1002090e+06   3.8800049e+01
   2.1002330e+06   1.0759277e+02
   2.1002450e+06   7.2601318e+01
   2.1002770e+06   8.3312988e+01
   2.1002880e+06   5.3082275e+01
   2.1003130e+06   4.3322754e+01
   2.1003300e+06   5.2130127e+01
   2.1003600e+06   4.2846680e+01
   2.1003730e+06   6.8792725e+01
   2.1003830e+06   3.7371826e+01
   2.1004030e+06   4.9749756e+01
   2.1004420e+06   4.2370605e+01
   2.1004960e+06   4.1418457e+01
   2.1005150e+06   5.7128906e+01
   2.1005430e+06   3.7609863e+01
   2.1005650e+06   4.5941162e+01
   2.1005810e+06   6.0699463e+01
   2.1006110e+06   4.3798828e+01
   2.1006450e+06   3.7847900e+01
   2.1006830e+06   4.2370605e+01
   2.1006970e+06   4.5941162e+01
   2.1007350e+06   4.8321533e+01
   2.1007620e+06   5.6890869e+01
   2.1008320e+06   4.0466309e+01
   2.1008570e+06   4.9511719e+01
   2.1008940e+06   4.4750977e+01
   2.1009830e+06   3.7847900e+01
   2.1010280e+06   3.9276123e+01
   2.1011140e+06   3.7847900e+01
   2.1014310e+06   3.6895752e+01
   2.1112470e+06   4.0466309e+01
   2.1112800e+06   3.7609863e+01
   2.1112910e+06   4.3560791e+01
   2.1113060e+06   7.7124023e+01
   2.1113330e+06   7.3553467e+01
   2.1113630e+06   6.2365723e+01
   2.1113790e+06   7.6647949e+01
   2.1113990e+06   4.5465088e+01
   2.1114340e+06   5.1892090e+01
   2.1114610e+06   6.6650391e+01
   2.1115010e+06   5.7843018e+01
   2.1115150e+06   6.1413574e+01
   2.1115350e+06   5.9747314e+01
   2.1116180e+06   6.0699463e+01
   2.1116350e+06   7.4981689e+01
   2.1116610e+06   3.7371826e+01
   2.1117250e+06   4.2370605e+01
   2.1117470e+06   3.7371826e+01
   2.1117850e+06   6.1413574e+01
   2.1118570e+06   4.5227051e+01
   2.1118960e+06   5.0701904e+01
   2.1119570e+06   6.4746094e+01
   2.1119870e+06   3.7609863e+01
   2.1121710e+06   4.2846680e+01
   2.1122300e+06   3.6895752e+01
   2.1126000e+06   5.2844238e+01
   2.1258990e+06   4.1180420e+01
   2.3092870e+06   6.9744873e+01
   2.3093240e+06   3.7371826e+01
   2.3093600e+06   3.6895752e+01
   2.3093780e+06   4.1180420e+01
   2.3094070e+06   4.2608643e+01
   2.3094220e+06   5.8319092e+01
   2.3094410e+06   1.3925171e+02
   2.3094600e+06   6.2365723e+01
   2.3094810e+06   6.5460205e+01
   2.3094970e+06   5.6176758e+01
   2.3095280e+06   4.8559570e+01
   2.3095390e+06   3.8800049e+01
   2.3095700e+06   8.5931396e+01
   2.3095840e+06   4.4512939e+01
   2.3096070e+06   5.0701904e+01
   2.3096330e+06   4.0466309e+01
   2.3096460e+06   4.9035645e+01
   2.3096640e+06   6.3317871e+01
   2.3097020e+06   5.7128906e+01
   2.3097340e+06   4.1418457e+01
   2.3097620e+06   4.0704346e+01
   2.3097890e+06   4.2608643e+01
   2.3107050e+06   3.9752197e+01
   2.3109690e+06   3.8323975e+01
   2.3186700e+06   4.1180420e+01
   2.3389320e+06   3.8562012e+01
   2.3801010e+06   3.9752197e+01
   2.3801840e+06   4.4512939e+01
   2.3802080e+06   4.1418457e+01
   2.3802280e+06   5.1654053e+01
   2.3802380e+06   4.6893311e+01
   2.3802540e+06   7.7362061e+01
   2.3802750e+06   1.1449585e+02
   2.3803050e+06   3.8562012e+01
   2.3803150e+06   7.4743652e+01
   2.3803440e+06   7.6409912e+01
   2.3803780e+06   8.0218506e+01
   2.3803960e+06   4.8083496e+01
   2.3804190e+06   6.4270020e+01
   2.3804480e+06   6.2127686e+01
   2.3804850e+06   6.6412354e+01
   2.3805190e+06   8.3551025e+01
   2.3805300e+06   6.6888428e+01
   2.3805530e+06   4.5465088e+01
   2.3805740e+06   4.6179199e+01
   2.3805940e+06   3.8085937e+01
   2.3806280e+06   6.4270020e+01
   2.3806420e+06   6.2365723e+01
   2.3807210e+06   4.2132568e+01
   2.3809000e+06   4.1180420e+01
   2.3896310e+06   4.2132568e+01
   2.3903030e+06   3.7847900e+01
   2.3926990e+06   3.6657715e+01
   2.4200790e+06   3.9752197e+01
   2.4239360e+06   3.7371826e+01
   2.4365890e+06   4.0704346e+01
   2.4582080e+06   5.6176758e+01
   2.4583020e+06   5.4272461e+01
   2.4583220e+06   5.2844238e+01
   2.4583510e+06   8.3074951e+01
   2.4583740e+06   9.6405029e+01
   2.4583940e+06   1.2092285e+02
   2.4584200e+06   9.5214844e+01
   2.4584480e+06   9.3786621e+01
   2.4584610e+06   4.4512939e+01
   2.4584720e+06   4.1180420e+01
   2.4584890e+06   7.2363281e+01
   2.4585300e+06   8.0456543e+01
   2.4585550e+06   5.2844238e+01
   2.4585760e+06   7.1649170e+01
   2.4585910e+06   7.3791504e+01
   2.4586190e+06   8.7121582e+01
   2.4586330e+06   4.2846680e+01
   2.4586440e+06   6.1889648e+01
   2.4586900e+06   3.6657715e+01
   2.4587430e+06   4.8797607e+01
   2.4588180e+06   3.8562012e+01
   2.4592050e+06   4.1894531e+01
   2.4593540e+06   3.7133789e+01
   2.4595480e+06   3.7371826e+01
   2.4743740e+06   3.7847900e+01
   2.5067390e+06   3.9752197e+01
   2.5139240e+06   3.6657715e+01
   2.5140310e+06   7.0935059e+01
   2.5141130e+06   4.2132568e+01
   2.5141540e+06   4.0942383e+01
   2.5141660e+06   3.9514160e+01
   2.5141900e+06   4.3798828e+01
   2.5142290e+06   3.7847900e+01
   2.5142440e+06   6.2365723e+01
   2.5142590e+06   5.7128906e+01
   2.5142890e+06   8.1884766e+01
   2.5143180e+06   9.9737549e+01
   2.5143390e+06   8.0694580e+01
   2.5143540e+06   5.4510498e+01
   2.5143770e+06   6.5222168e+01
   2.5143880e+06   5.9271240e+01
   2.5144280e+06   1.0259399e+02
   2.5144480e+06   7.6171875e+01
   2.5144880e+06   5.3320312e+01
   2.5145090e+06   4.2370605e+01
   2.5145390e+06   8.9501953e+01
   2.5145490e+06   5.0701904e+01
   2.5145660e+06   3.8562012e+01
   2.5145930e+06   5.5462646e+01
   2.5146220e+06   3.8800049e+01
   2.5147050e+06   3.7371826e+01
   2.5147280e+06   4.9273682e+01
   2.5147550e+06   3.7371826e+01
   2.5150190e+06   4.0228271e+01
   2.5155490e+06   4.4274902e+01
   2.5158340e+06   4.1180420e+01
   2.5200600e+06   3.6895752e+01
   2.5271400e+06   7.8314209e+01
   2.5271650e+06   7.3553467e+01
   2.5271970e+06   4.8559570e+01
   2.5272190e+06   7.1649170e+01
   2.5272410e+06   5.7128906e+01
   2.5272680e+06   6.7840576e+01
   2.5272800e+06   4.6893311e+01
   2.5273040e+06   8.2122803e+01
   2.5273300e+06   4.6655273e+01
   2.5273450e+06   5.8319092e+01
   2.5274010e+06   5.8319092e+01
   2.5274140e+06   4.2132568e+01
   2.5274430e+06   4.4512939e+01
   2.5274690e+06   4.0942383e+01
   2.5275090e+06   5.3082275e+01
   2.5275350e+06   4.8083496e+01
   2.5275500e+06   4.2132568e+01
   2.5275860e+06   6.5222168e+01
   2.5276110e+06   4.6417236e+01
   2.5276280e+06   3.8085937e+01
   2.5276530e+06   4.1656494e+01
   2.5276730e+06   4.8321533e+01
   2.5277090e+06   5.6652832e+01
   2.5277300e+06   4.4989014e+01
   2.5277610e+06   5.4272461e+01
   2.5277880e+06   3.6895752e+01
   2.5278020e+06   3.9514160e+01
   2.5278350e+06   5.6652832e+01
   2.5278870e+06   4.1180420e+01
   2.5279320e+06   3.7371826e+01
   2.5279700e+06   4.0942383e+01
   2.5280210e+06   3.9752197e+01
   2.5280550e+06   3.9514160e+01
   2.5281110e+06   5.3558350e+01
   2.5281390e+06   5.4986572e+01
   2.5281880e+06   4.7369385e+01
   2.5283210e+06   4.9987793e+01
   2.5285330e+06   4.9273682e+01
   2.5286020e+06   5.0463867e+01
   2.5290670e+06   3.7133789e+01
   2.5366060e+06   3.8562012e+01
   2.5460850e+06   3.7371826e+01
   2.5473090e+06   4.3560791e+01
   2.5751210e+06   6.4270020e+01
   2.5752080e+06   3.6657715e+01
   2.5752570e+06   3.6657715e+01
   2.5752790e+06   5.9509277e+01
   2.5752980e+06   7.4267578e+01
   2.5753200e+06   6.4270020e+01
   2.5753470e+06   3.9276123e+01
   2.5753730e+06   7.3553467e+01
   2.5753890e+06   7.2363281e+01
   2.5754100e+06   5.1177979e+01
   2.5754580e+06   7.4267578e+01
   2.5754690e+06   5.1892090e+01
   2.5754810e+06   4.9749756e+01
   2.5755180e+06   7.2363281e+01
   2.5755430e+06   3.8085938e+01
   2.5755870e+06   5.3558350e+01
   2.5756040e+06   4.5465088e+01
   2.5756480e+06   5.1654053e+01
   2.5757130e+06   4.0942383e+01
   2.5758210e+06   4.1418457e+01
   2.5759280e+06   3.9276123e+01
   2.5865000e+06   5.9271240e+01
   2.5865240e+06   4.8321533e+01
   2.5865600e+06   4.3084717e+01
   2.5865840e+06   3.7609863e+01
   2.5866070e+06   4.1656494e+01
   2.5866220e+06   6.7126465e+01
   2.5866430e+06   6.9268799e+01
   2.5866700e+06   4.9035645e+01
   2.5866840e+06   5.2130127e+01
   2.5866990e+06   4.8083496e+01
   2.5867280e+06   4.5227051e+01
   2.5867510e+06   4.9035645e+01
   2.5867760e+06   6.3317871e+01
   2.5868020e+06   4.5941162e+01
   2.5868340e+06   1.0235596e+02
   2.5868590e+06   6.0461426e+01
   2.5868870e+06   4.3560791e+01
   2.5869270e+06   6.7364502e+01
   2.5869580e+06   9.6881104e+01
   2.5869880e+06   4.3798828e+01
   2.5870020e+06   4.7131348e+01
   2.5870230e+06   4.4036865e+01
   2.5870530e+06   4.5703125e+01
   2.5870810e+06   3.6657715e+01
   2.5871200e+06   4.2370605e+01
   2.5871570e+06   6.6650391e+01
   2.5872150e+06   4.2846680e+01
   2.5872590e+06   3.6657715e+01
   2.5873120e+06   3.6895752e+01
   2.5874610e+06   5.1654053e+01
   2.5874840e+06   4.8083496e+01
   2.5875420e+06   3.6895752e+01
   2.5875840e+06   3.8323975e+01
   2.5876550e+06   4.1894531e+01
   2.5878560e+06   3.8800049e+01
   2.5882500e+06   3.6657715e+01
   2.5980570e+06   3.7847900e+01
   2.5980860e+06   6.8554688e+01
   2.5981080e+06   5.1177979e+01
   2.5981300e+06   3.9514160e+01
   2.5981510e+06   7.2125244e+01
   2.5981740e+06   6.2841797e+01
   2.5981980e+06   4.7369385e+01
   2.5982110e+06   4.2608643e+01
   2.5982350e+06   6.3793945e+01
   2.5982520e+06   4.1656494e+01
   2.5982760e+06   5.5700684e+01
   2.5982950e+06   4.3798828e+01
   2.5983220e+06   5.3796387e+01
   2.5983350e+06   5.0463867e+01
   2.5983580e+06   3.7609863e+01
   2.5983890e+06   5.4034424e+01
   2.5984130e+06   5.6652832e+01
   2.5984310e+06   1.0259399e+02
   2.5984630e+06   4.2132568e+01
   2.5984730e+06   4.0942383e+01
   2.5984970e+06   5.2368164e+01
   2.5985800e+06   4.2846680e+01
   2.5986230e+06   7.3077393e+01
   2.5986590e+06   5.5700684e+01
   2.5988190e+06   5.3796387e+01
   2.5988490e+06   4.7131348e+01
   2.5988620e+06   4.9987793e+01
   2.5989170e+06   4.1656494e+01
   2.5990720e+06   4.5465088e+01
   2.5993820e+06   3.8085938e+01
   2.6018060e+06   3.6895752e+01
   2.6094880e+06   3.9514160e+01
   2.6692510e+06   3.9276123e+01
   2.7294850e+06   4.0466309e+01
   2.7295430e+06   4.1180420e+01
   2.7295540e+06   6.2127686e+01
   2.7295690e+06   4.4036865e+01
   2.7296060e+06   7.6171875e+01
   2.7296160e+06   1.2996826e+02
   2.7296450e+06   7.5457764e+01
   2.7296640e+06   1.0854492e+02
   2.7296870e+06   4.2370605e+01
   2.7297060e+06   6.3079834e+01
   2.7297220e+06   6.7126465e+01
   2.7297520e+06   7.5933838e+01
   2.7297790e+06   8.7359619e+01
   2.7297940e+06   9.1406250e+01
   2.7298340e+06   6.7364502e+01
   2.7298650e+06   8.8787842e+01
   2.7298810e+06   4.5227051e+01
   2.7299030e+06   5.1177979e+01
   2.7299320e+06   4.1418457e+01
   2.7299480e+06   5.2844238e+01
   2.7299870e+06   4.3322754e+01
   2.7300340e+06   3.8085938e+01
   2.7309450e+06   3.9276123e+01
   2.7313140e+06   3.8323975e+01
   2.7400470e+06   3.6657715e+01
   2.7400590e+06   4.2370605e+01
   2.7400850e+06   3.9990234e+01
   2.7401030e+06   4.8559570e+01
   2.7401240e+06   4.2846680e+01
   2.7401540e+06   7.6647949e+01
   2.7401850e+06   7.5457764e+01
   2.7402010e+06   4.1180420e+01
   2.7402250e+06   3.7133789e+01
   2.7402440e+06   5.5224609e+01
   2.7402700e+06   5.6176758e+01
   2.7402960e+06   6.0937500e+01
   2.7403250e+06   9.7119141e+01
   2.7403540e+06   5.7128906e+01
   2.7404090e+06   4.3084717e+01
   2.7404300e+06   7.4029541e+01
   2.7404570e+06   5.0939941e+01
   2.7404850e+06   6.3079834e+01
   2.7405190e+06   5.8557129e+01
   2.7405410e+06   5.3558350e+01
   2.7405620e+06   5.3082275e+01
   2.7406230e+06   5.7128906e+01
   2.7407100e+06   4.0466309e+01
   2.7407480e+06   6.9030762e+01
   2.7407590e+06   6.0223389e+01
   2.7408010e+06   4.0704346e+01
   2.7408590e+06   4.6179199e+01
   2.7409260e+06   5.6890869e+01
   2.7409560e+06   4.1894531e+01
   2.7410210e+06   4.4750977e+01
   2.7410880e+06   4.4274902e+01
   2.7411060e+06   3.6895752e+01
   2.7411480e+06   4.0942383e+01
   2.7412410e+06   4.0704346e+01
   2.7412850e+06   4.2132568e+01
   2.7415090e+06   4.9987793e+01
   2.7419570e+06   3.8800049e+01
   2.7441050e+06   3.7133789e+01
   2.7457700e+06   4.4512939e+01
   2.7511330e+06   4.0228271e+01
   2.7511540e+06   7.3077393e+01
   2.7511660e+06   3.7133789e+01
   2.7511920e+06   4.3322754e+01
   2.7512270e+06   4.5941162e+01
   2.7512510e+06   5.6414795e+01
   2.7512680e+06   9.6166992e+01
   2.7512880e+06   1.0283203e+02
   2.7513080e+06   6.6412354e+01
   2.7513400e+06   4.3560791e+01
   2.7513530e+06   5.2844238e+01
   2.7514010e+06   5.6176758e+01
   2.7514320e+06   9.7833252e+01
   2.7514950e+06   4.1418457e+01
   2.7515220e+06   3.9514160e+01
   2.7515600e+06   5.2368164e+01
   2.7515820e+06   4.2846680e+01
   2.7516010e+06   8.0694580e+01
   2.7516340e+06   3.9514160e+01
   2.7516630e+06   3.6657715e+01
   2.7516970e+06   7.9980469e+01
   2.7517250e+06   8.4503174e+01
   2.7518160e+06   4.7845459e+01
   2.7518620e+06   4.7131348e+01
   2.7518750e+06   5.1654053e+01
   2.7519600e+06   3.8085938e+01
   2.7520430e+06   6.8316650e+01
   2.7523070e+06   4.0704346e+01
   2.7523810e+06   4.0942383e+01
   2.7526320e+06   4.4750977e+01
   2.7530820e+06   4.3798828e+01
   2.7610830e+06   4.2846680e+01
   2.7633690e+06   3.8800049e+01
   2.7633900e+06   5.3082275e+01
   2.7634150e+06   5.3796387e+01
   2.7634650e+06   6.0937500e+01
   2.7634830e+06   8.5693359e+01
   2.7634950e+06   6.3317871e+01
   2.7635170e+06   5.3796387e+01
   2.7635620e+06   4.9035645e+01
   2.7635820e+06   4.2370605e+01
   2.7636140e+06   5.3796387e+01
   2.7636250e+06   3.9276123e+01
   2.7636640e+06   6.8554688e+01
   2.7636870e+06   5.2130127e+01
   2.7637140e+06   3.7609863e+01
   2.7637450e+06   3.9514160e+01
   2.7637660e+06   5.3796387e+01
   2.7637830e+06   5.7843018e+01
   2.7638160e+06   3.8085937e+01
   2.7638410e+06   7.2601318e+01
   2.7638610e+06   4.9035645e+01
   2.7639080e+06   4.2846680e+01
   2.7639330e+06   5.6652832e+01
   2.7639520e+06   3.7133789e+01
   2.7641490e+06   5.3082275e+01
   2.7642120e+06   3.8800049e+01
   2.7642850e+06   3.9276123e+01
   2.7644870e+06   3.7847900e+01
   2.7646840e+06   3.8562012e+01
   2.7648260e+06   3.7371826e+01
   2.8083920e+06   3.7847900e+01
   2.8509710e+06   3.8562012e+01
   2.8743350e+06   5.1892090e+01
   2.8743620e+06   3.8323975e+01
   2.8743790e+06   4.0466309e+01
   2.8744100e+06   8.0932617e+01
   2.8744400e+06   7.3315430e+01
   2.8744550e+06   5.6414795e+01
   2.8744790e+06   8.9978027e+01
   2.8745080e+06   1.2044678e+02
   2.8745190e+06   5.6652832e+01
   2.8745380e+06   4.1656494e+01
   2.8745630e+06   7.0458984e+01
   2.8745940e+06   9.0454102e+01
   2.8746170e+06   1.0211792e+02
   2.8746300e+06   6.2127686e+01
   2.8746560e+06   4.5465088e+01
   2.8747040e+06   4.4274902e+01
   2.8747370e+06   5.4510498e+01
   2.8747750e+06   4.6893311e+01
   2.8747990e+06   3.8085938e+01
   2.8748790e+06   4.3560791e+01
   2.8756050e+06   4.2370605e+01
   2.8758190e+06   3.6895752e+01
   2.8829770e+06   3.9752197e+01
   2.8960280e+06   3.8562012e+01
   2.9084640e+06   3.9038086e+01
   2.9338660e+06   5.2606201e+01
   2.9338930e+06   4.4750977e+01
   2.9339250e+06   3.7133789e+01
   2.9339370e+06   4.2132568e+01
   2.9339750e+06   4.4512939e+01
   2.9340010e+06   8.7835693e+01
   2.9340160e+06   7.9504395e+01
   2.9340340e+06   1.0068970e+02
   2.9340450e+06   4.8559570e+01
   2.9340670e+06   5.5462646e+01
   2.9340840e+06   7.5457764e+01
   2.9341170e+06   6.0223389e+01
   2.9341460e+06   3.9514160e+01
   2.9341580e+06   6.0461426e+01
   2.9341840e+06   8.4027100e+01
   2.9342000e+06   4.1656494e+01
   2.9342100e+06   9.6881104e+01
   2.9342370e+06   5.8557129e+01
   2.9342820e+06   6.7126465e+01
   2.9343010e+06   4.0228271e+01
   2.9343350e+06   3.7371826e+01
   2.9343620e+06   5.1654053e+01
   2.9343760e+06   4.9273682e+01
   2.9344030e+06   5.3558350e+01
   2.9344340e+06   3.6657715e+01
   2.9345030e+06   4.9273682e+01
   2.9345420e+06   3.7609863e+01
   2.9353800e+06   3.7609863e+01
   2.9356450e+06   4.0466309e+01
   2.9357790e+06   3.7371826e+01
   2.9917610e+06   3.9990234e+01
