   3.0000000e+06   0.0000000e+00
   7.7758000e+04   3.6895752e+01
   7.7805000e+04   3.4991455e+01
   7.7826000e+04   3.7133789e+01
   7.7889000e+04   4.0704346e+01
   7.7939000e+04   3.5229492e+01
   8.8899000e+04   3.4991455e+01
   8.9161000e+04   3.4753418e+01
   8.9220000e+04   3.9514160e+01
   8.9296000e+04   3.3801270e+01
   8.9483000e+04   3.4277344e+01
   8.9708000e+04   4.0704346e+01
   1.0126900e+05   4.0704346e+01
   1.0132200e+05   3.6895752e+01
   1.0134400e+05   3.5229492e+01
   1.0185300e+05   3.4277344e+01
   1.2778300e+05   3.4753418e+01
   1.4729300e+05   3.3801270e+01
   2.4031700e+05   3.8562012e+01
   2.4039200e+05   4.0942383e+01
   2.4043300e+05   3.5467529e+01
   2.4048100e+05   4.3322754e+01
   2.4049300e+05   3.4753418e+01
   2.4079000e+05   3.7133789e+01
   2.5654900e+05   3.4039307e+01
   2.8401500e+05   3.4039307e+01
   2.8410600e+05   3.7371826e+01
   2.8418300e+05   3.3563232e+01
   2.8420900e+05   3.4039307e+01
   2.8424600e+05   4.0942383e+01
   2.8429700e+05   3.8800049e+01
   3.9750000e+05   3.8562012e+01
   4.0732100e+05   3.4753418e+01
   4.0735800e+05   3.3801270e+01
   4.0737900e+05   3.6895752e+01
   4.0740300e+05   3.8562012e+01
   4.0746200e+05   3.3801270e+01
   4.0751400e+05   3.8800049e+01
   4.0755900e+05   3.4039307e+01
   4.0758700e+05   3.4991455e+01
   4.0763300e+05   3.5943604e+01
   4.0795100e+05   3.3801270e+01
   4.5526800e+05   3.5229492e+01
   4.7182100e+05   3.7133789e+01
   4.7184300e+05   3.4991455e+01
   4.7191000e+05   3.6895752e+01
   4.7192700e+05   3.5467529e+01
   4.7195500e+05   3.4753418e+01
   4.7202100e+05   3.3801270e+01
   4.9029700e+05   3.5705566e+01
   5.2167400e+05   3.6657715e+01
   5.2170700e+05   3.8562012e+01
   5.2172300e+05   3.6657715e+01
   5.2176000e+05   4.4512939e+01
   5.2185600e+05   3.5705566e+01
   5.2187800e+05   3.6181641e+01
   5.2190500e+05   3.9038086e+01
   5.6490600e+05   3.7133789e+01
   6.0538400e+05   3.6181641e+01
   6.0542100e+05   3.3801270e+01
   6.0553000e+05   3.9276123e+01
   6.0557600e+05   3.6657715e+01
   6.0564900e+05   3.8323975e+01
   6.1607100e+05   3.4753418e+01
   6.1611900e+05   3.4039307e+01
   6.1628000e+05   4.2370605e+01
   6.1634200e+05   3.6181641e+01
   6.1645600e+05   3.5229492e+01
   6.1657400e+05   3.4039307e+01
   6.2758100e+05   3.4039307e+01
   6.2791400e+05   3.8085938e+01
   6.3949100e+05   3.3563232e+01
   6.3968200e+05   3.4277344e+01
   6.3993500e+05   3.5943604e+01
   6.5244400e+05   3.3801270e+01
   6.5316600e+05   3.4039307e+01
   6.5367000e+05   3.4515381e+01
   6.7713400e+05   3.7371826e+01
   6.8855000e+05   3.4753418e+01
   6.8887300e+05   3.3801270e+01
   6.8895300e+05   3.5943604e+01
   6.8909400e+05   3.3801270e+01
   6.8913900e+05   3.3801270e+01
   7.0051800e+05   4.0228271e+01
   7.6044600e+05   3.6419678e+01
   8.4987000e+05   3.4039307e+01
   8.4990800e+05   3.3801270e+01
   8.4996900e+05   4.6655273e+01
   9.0059100e+05   3.4753418e+01
   9.0067200e+05   3.7133789e+01
   9.0075000e+05   3.4039307e+01
   9.0079700e+05   3.3563232e+01
   9.0084000e+05   3.9990234e+01
   9.0087300e+05   3.5705566e+01
   9.0089200e+05   3.4277344e+01
   9.2139600e+05   3.4277344e+01
   9.6591900e+05   3.5705566e+01
   1.0168670e+06   3.3801270e+01
   1.0168860e+06   3.9038086e+01
   1.0169300e+06   3.6895752e+01
   1.0169650e+06   3.7609863e+01
   1.0170020e+06   3.4039307e+01
   1.0170710e+06   3.7133789e+01
   1.0171210e+06   3.4039307e+01
   1.0773950e+06   3.6419678e+01
   1.0774600e+06   3.4039307e+01
   1.0775200e+06   4.5941162e+01
   1.0775470e+06   3.6419678e+01
   1.0777420e+06   3.7371826e+01
   1.1732570e+06   3.6895752e+01
   1.1733360e+06   3.8800049e+01
   1.1733500e+06   3.4515381e+01
   1.1734260e+06   3.7609863e+01
   1.1734570e+06   3.4753418e+01
   1.1735420e+06   3.9990234e+01
   1.1863640e+06   4.2608643e+01
   1.1864490e+06   3.4039307e+01
   1.1866250e+06   3.4991455e+01
   1.2006540e+06   3.3563232e+01
   1.2011760e+06   3.5705566e+01
   1.2545910e+06   3.5943604e+01
   1.2878140e+06   3.9990234e+01
   1.2878850e+06   3.4039307e+01
   1.2879220e+06   3.5229492e+01
   1.2879500e+06   3.7609863e+01
   1.2880320e+06   3.7847900e+01
   1.2880980e+06   4.0704346e+01
   1.3025520e+06   3.4991455e+01
   1.3025930e+06   3.3563232e+01
   1.3028920e+06   3.4753418e+01
   1.3149800e+06   3.5229492e+01
   1.3152660e+06   3.4277344e+01
   1.3275000e+06   3.4753418e+01
   1.3276090e+06   3.5705566e+01
   1.3360320e+06   3.7133789e+01
   1.3394040e+06   3.4039307e+01
   1.4532420e+06   4.0466309e+01
   1.4532650e+06   3.4277344e+01
   1.4533160e+06   4.8083496e+01
   1.4533850e+06   3.3801270e+01
   1.5114680e+06   3.4753418e+01
   1.5115920e+06   4.1180420e+01
   1.5116290e+06   3.6419678e+01
   1.5116560e+06   3.7371826e+01
   1.5116950e+06   3.3563232e+01
   1.5117850e+06   3.3563232e+01
   1.5385980e+06   3.5467529e+01
   1.5837820e+06   4.1656494e+01
   1.5838190e+06   3.9276123e+01
   1.5838550e+06   3.7847900e+01
   1.5840830e+06   3.4991455e+01
   1.6234620e+06   3.4753418e+01
   1.6386030e+06   3.9276123e+01
   1.6386640e+06   4.4989014e+01
   1.6386770e+06   3.4753418e+01
   1.6387420e+06   3.3563232e+01
   1.6387810e+06   3.7847900e+01
   1.6388450e+06   3.9276123e+01
   1.6389270e+06   4.3560791e+01
   1.6506210e+06   3.4039307e+01
   1.6506490e+06   3.6657715e+01
   1.6506900e+06   3.6419678e+01
   1.7415560e+06   3.4277344e+01
   1.7415830e+06   3.5467529e+01
   1.7416310e+06   4.1180420e+01
   1.7416540e+06   3.6895752e+01
   1.7417340e+06   4.0466309e+01
   1.7713940e+06   3.4515381e+01
   1.8064500e+06   3.5705566e+01
   1.8065020e+06   4.1418457e+01
   1.8065260e+06   3.4991455e+01
   1.8067170e+06   3.7371826e+01
   1.8603920e+06   3.7847900e+01
   1.8604040e+06   3.3801270e+01
   1.8604850e+06   3.6419678e+01
   1.8605280e+06   3.7609863e+01
   1.8605420e+06   3.9990234e+01
   1.8606390e+06   3.3563232e+01
   1.8608050e+06   3.8323975e+01
   1.8633890e+06   3.7609863e+01
   1.9197610e+06   3.4039307e+01
   1.9197950e+06   3.3563232e+01
   1.9199180e+06   3.6895752e+01
   1.9199450e+06   3.6181641e+01
   1.9199730e+06   4.4274902e+01
   1.9201560e+06   3.4991455e+01
   1.9875620e+06   4.1656494e+01
   1.9875970e+06   3.7609863e+01
   1.9876290e+06   4.5227051e+01
   1.9981440e+06   3.7133789e+01
   1.9984080e+06   3.6657715e+01
   1.9984400e+06   3.6181641e+01
   1.9987460e+06   3.4039307e+01
   2.0094010e+06   3.6657715e+01
   2.0095820e+06   3.5229492e+01
   2.0096420e+06   4.2846680e+01
   2.0198220e+06   4.0466309e+01
   2.0199530e+06   4.0942383e+01
   2.0201110e+06   3.3801270e+01
   2.0201420e+06   3.9752197e+01
   2.0305950e+06   3.7371826e+01
   2.0427460e+06   3.4991455e+01
   2.0427960e+06   3.4277344e+01
   2.0429280e+06   3.4039307e+01
   2.0429800e+06   3.9038086e+01
   2.0433090e+06   3.3801270e+01
   2.0602430e+06   3.4277344e+01
   2.0603780e+06   3.4753418e+01
   2.0734880e+06   3.3563232e+01
   2.0735300e+06   4.0228271e+01
   2.0736200e+06   3.4991455e+01
   2.0879950e+06   3.4277344e+01
   2.0880760e+06   3.3563232e+01
   2.0885550e+06   3.5943604e+01
   2.1004090e+06   3.3801270e+01
   2.1005610e+06   3.4515381e+01
   2.1102670e+06   3.3563232e+01
   2.1113650e+06   3.4039307e+01
   2.1121570e+06   3.6895752e+01
   2.2418960e+06   3.4515381e+01
   2.2760460e+06   3.3563232e+01
   2.3032440e+06   3.3801270e+01
   2.3094860e+06   3.4515381e+01
   2.3095350e+06   3.5705566e+01
   2.3802270e+06   3.3563232e+01
   2.3803500e+06   3.4515381e+01
   2.3804290e+06   3.8323975e+01
   2.3804620e+06   3.7609863e+01
   2.3804910e+06   3.9514160e+01
   2.4583890e+06   3.3801270e+01
   2.4584700e+06   3.5467529e+01
   2.4585910e+06   3.3801270e+01
   2.4586100e+06   3.3563232e+01
   2.5143640e+06   3.5229492e+01
   2.5144140e+06   3.4039307e+01
   2.5144500e+06   3.7609863e+01
   2.5272740e+06   3.4277344e+01
   2.5273290e+06   3.7133789e+01
   2.5276430e+06   3.9752197e+01
   2.5753420e+06   3.7847900e+01
   2.5753840e+06   3.7847900e+01
   2.5755650e+06   3.6657715e+01
   2.5868010e+06   3.9990234e+01
   2.5869620e+06   3.7609863e+01
   2.5870650e+06   3.4277344e+01
   2.5871320e+06   3.5705566e+01
   2.5959030e+06   3.3801270e+01
   2.5982030e+06   4.3798828e+01
   2.5982240e+06   3.4039307e+01
   2.5982490e+06   3.3801270e+01
   2.5984860e+06   3.4753418e+01
   2.6675990e+06   3.8323975e+01
   2.7296610e+06   3.5467529e+01
   2.7297490e+06   3.4753418e+01
   2.7297910e+06   3.7847900e+01
   2.7298490e+06   3.9038086e+01
   2.7404300e+06   3.8323975e+01
   2.7405270e+06   4.0466309e+01
   2.7405450e+06   3.6419678e+01
   2.7516320e+06   3.7371826e+01
   2.8744840e+06   3.4039307e+01
   2.8747540e+06   3.4039307e+01
   2.8748360e+06   3.5705566e+01
   2.9340440e+06   3.8800049e+01
   2.9340650e+06   4.3084717e+01
   2.9340910e+06   3.4277344e+01
   2.9341220e+06   3.6419678e+01
   2.9341400e+06   3.8800049e+01
   2.9341530e+06   3.3801270e+01
   2.9342270e+06   3.5943604e+01
   2.9342920e+06   4.0228271e+01
   2.9343170e+06   3.4515381e+01
   2.9343430e+06   3.9276123e+01
   2.9343960e+06   3.3563232e+01
