   3.0000000e+06   0.0000000e+00
   7.7675000e+04   5.1892090e+01
   7.7781000e+04   4.9273682e+01
   7.7812000e+04   3.9990234e+01
   7.7841000e+04   4.8559570e+01
   7.7862000e+04   8.2598877e+01
   7.7879000e+04   5.3320313e+01
   7.7908000e+04   5.6652832e+01
   7.7919000e+04   7.4743652e+01
   7.7934000e+04   4.8321533e+01
   7.7955000e+04   5.0225830e+01
   7.7976000e+04   6.2841797e+01
   7.8013000e+04   6.2365723e+01
   7.8049000e+04   4.7369385e+01
   7.8062000e+04   4.9273682e+01
   7.8080000e+04   4.9273682e+01
   7.8121000e+04   4.3322754e+01
   7.8155000e+04   4.6893311e+01
   7.8173000e+04   3.7133789e+01
   7.8195000e+04   3.6181641e+01
   7.8205000e+04   5.0701904e+01
   7.8238000e+04   3.6419678e+01
   7.8283000e+04   4.6417236e+01
   8.0078000e+04   3.6657715e+01
   8.8901000e+04   5.1416016e+01
   8.9002000e+04   4.1894531e+01
   8.9034000e+04   4.9511719e+01
   8.9051000e+04   4.8797607e+01
   8.9061000e+04   5.5462646e+01
   8.9072000e+04   5.1177979e+01
   8.9094000e+04   5.2844238e+01
   8.9120000e+04   3.6181641e+01
   8.9135000e+04   6.6412354e+01
   8.9163000e+04   5.3082275e+01
   8.9177000e+04   5.0701904e+01
   8.9214000e+04   6.4984131e+01
   8.9241000e+04   5.9985352e+01
   8.9251000e+04   5.1416016e+01
   8.9290000e+04   4.8321533e+01
   8.9309000e+04   9.3548584e+01
   8.9339000e+04   4.5941162e+01
   8.9363000e+04   3.5943604e+01
   8.9389000e+04   3.9752197e+01
   8.9412000e+04   5.9271240e+01
   8.9454000e+04   4.9987793e+01
   8.9485000e+04   4.0228271e+01
   8.9502000e+04   4.4512939e+01
   8.9540000e+04   4.1418457e+01
   8.9576000e+04   5.2844238e+01
   8.9656000e+04   4.4512939e+01
   8.9752000e+04   4.2846680e+01
   8.9847000e+04   3.9990234e+01
   8.9886000e+04   3.7847900e+01
   8.9965000e+04   4.2132568e+01
   9.0044000e+04   4.0466309e+01
   9.0177000e+04   3.8800049e+01
   1.0125400e+05   4.1656494e+01
   1.0127400e+05   4.6179199e+01
   1.0129100e+05   4.0228271e+01
   1.0132700e+05   4.8797607e+01
   1.0135500e+05   4.7607422e+01
   1.0137000e+05   6.7126465e+01
   1.0140000e+05   6.3079834e+01
   1.0141100e+05   4.8321533e+01
   1.0144400e+05   4.6417236e+01
   1.0146100e+05   4.1418457e+01
   1.0149700e+05   4.4512939e+01
   1.0151100e+05   3.9752197e+01
   1.0152400e+05   3.9514160e+01
   1.0155300e+05   3.9752197e+01
   1.0156800e+05   7.7124023e+01
   1.0159600e+05   4.8083496e+01
   1.0162500e+05   4.4989014e+01
   1.0165300e+05   6.0461426e+01
   1.0168200e+05   3.9514160e+01
   1.0172400e+05   3.9038086e+01
   1.0176300e+05   4.4512939e+01
   1.0178200e+05   3.6657715e+01
   1.0190900e+05   4.2846680e+01
   1.0198000e+05   3.9514160e+01
   1.0203900e+05   3.8085938e+01
   1.0207800e+05   3.8800049e+01
   1.0217100e+05   3.8085938e+01
   1.0234400e+05   3.9038086e+01
   1.0319400e+05   4.2608643e+01
   2.3991200e+05   4.3798828e+01
   2.4030400e+05   3.6895752e+01
   2.4034400e+05   4.5941162e+01
   2.4039000e+05   3.9038086e+01
   2.4040500e+05   6.7840576e+01
   2.4042200e+05   3.7847900e+01
   2.4044000e+05   4.0942383e+01
   2.4047300e+05   6.3317871e+01
   2.4050400e+05   5.6652832e+01
   2.4053300e+05   5.4748535e+01
   2.4055300e+05   4.7845459e+01
   2.4059000e+05   4.8559570e+01
   2.4061600e+05   4.4036865e+01
   2.4065300e+05   4.8797607e+01
   2.4066700e+05   4.9987793e+01
   2.4068700e+05   4.2846680e+01
   2.4070000e+05   5.2368164e+01
   2.4074000e+05   4.0228271e+01
   2.4081700e+05   4.7845459e+01
   2.8092700e+05   3.9990234e+01
   2.8415500e+05   5.1892090e+01
   2.8419100e+05   3.8085938e+01
   2.8420700e+05   7.2839355e+01
   2.8422300e+05   5.3558350e+01
   2.8425100e+05   7.9742432e+01
   2.8427200e+05   8.7121582e+01
   2.8429600e+05   5.8795166e+01
   2.8431500e+05   4.1894531e+01
   2.8435900e+05   7.3077393e+01
   2.8437300e+05   6.0223389e+01
   2.8438500e+05   4.5703125e+01
   2.8441400e+05   4.0466309e+01
   2.8443200e+05   5.5700684e+01
   2.8444400e+05   4.1418457e+01
   2.8446800e+05   5.2606201e+01
   2.8450300e+05   4.3322754e+01
   2.8452300e+05   5.3558350e+01
   2.8454500e+05   4.4274902e+01
   2.8456300e+05   3.7609863e+01
   2.8458500e+05   4.4989014e+01
   2.8460600e+05   4.0228271e+01
   2.8463200e+05   3.5943604e+01
   2.8469300e+05   4.5941162e+01
   2.8508100e+05   3.6181641e+01
   2.8543800e+05   3.7609863e+01
   2.8600800e+05   3.5943604e+01
   4.0714500e+05   4.3322754e+01
   4.0737400e+05   3.9990234e+01
   4.0744000e+05   4.1656494e+01
   4.0746600e+05   7.3077393e+01
   4.0748300e+05   1.0045166e+02
   4.0749300e+05   6.7602539e+01
   4.0751800e+05   5.5938721e+01
   4.0755400e+05   7.9504395e+01
   4.0758500e+05   6.8792725e+01
   4.0761100e+05   1.1068726e+02
   4.0763800e+05   3.9038086e+01
   4.0764800e+05   7.5457764e+01
   4.0768400e+05   6.0699463e+01
   4.0769800e+05   5.2844238e+01
   4.0773500e+05   3.9990234e+01
   4.0775200e+05   4.5941162e+01
   4.0777400e+05   3.8323975e+01
   4.0779700e+05   4.5703125e+01
   4.0782100e+05   3.6895752e+01
   4.0804800e+05   3.9038086e+01
   4.7126900e+05   4.5227051e+01
   4.7182200e+05   4.8321533e+01
   4.7188500e+05   3.9514160e+01
   4.7191000e+05   6.5460205e+01
   4.7192900e+05   6.4984131e+01
   4.7195500e+05   7.1887207e+01
   4.7196500e+05   5.7843018e+01
   4.7199600e+05   6.2603760e+01
   4.7201000e+05   6.0461426e+01
   4.7203500e+05   4.3560791e+01
   4.7205000e+05   7.9504395e+01
   4.7206400e+05   4.7369385e+01
   4.7208300e+05   5.4272461e+01
   4.7209800e+05   6.4746094e+01
   4.7211700e+05   4.5465088e+01
   4.7213300e+05   6.3079834e+01
   4.7214900e+05   4.4989014e+01
   4.7216100e+05   4.7845459e+01
   4.7220100e+05   3.5943604e+01
   4.7222500e+05   4.9511719e+01
   4.7224000e+05   4.8559570e+01
   4.7230000e+05   4.0942383e+01
   5.2168900e+05   4.6655273e+01
   5.2175700e+05   5.3796387e+01
   5.2178900e+05   6.3793945e+01
   5.2182300e+05   5.4986572e+01
   5.2185500e+05   8.4503174e+01
   5.2189100e+05   5.6652832e+01
   5.2190800e+05   7.6647949e+01
   5.2193800e+05   7.8790283e+01
   5.2196200e+05   7.0697021e+01
   5.2197600e+05   5.9271240e+01
   5.2199000e+05   4.3560791e+01
   5.2203500e+05   4.0704346e+01
   5.2205600e+05   4.4750977e+01
   5.2207700e+05   7.0697021e+01
   5.2212300e+05   5.8319092e+01
   5.2219100e+05   3.9038086e+01
   5.2221600e+05   3.8800049e+01
   5.2231400e+05   4.1894531e+01
   5.2261700e+05   3.8800049e+01
   5.2276000e+05   4.0466309e+01
   5.2352400e+05   3.9990234e+01
   5.6728400e+05   3.9276123e+01
   6.0149700e+05   4.4036865e+01
   6.0542600e+05   5.3796387e+01
   6.0545600e+05   3.8800049e+01
   6.0547500e+05   9.2120361e+01
   6.0551100e+05   7.6409912e+01
   6.0554200e+05   6.8078613e+01
   6.0555300e+05   4.1418457e+01
   6.0556800e+05   6.4746094e+01
   6.0558000e+05   6.4746094e+01
   6.0560800e+05   6.4031982e+01
   6.0561900e+05   5.0701904e+01
   6.0563800e+05   7.1649170e+01
   6.0565300e+05   6.7602539e+01
   6.0567400e+05   5.2130127e+01
   6.0570100e+05   4.7607422e+01
   6.0571800e+05   7.6647949e+01
   6.0574100e+05   5.7128906e+01
   6.0576400e+05   4.1418457e+01
   6.0577600e+05   4.4750977e+01
   6.0582000e+05   5.8081055e+01
   6.0583900e+05   4.0704346e+01
   6.0591700e+05   4.9035645e+01
   6.0644500e+05   3.8323975e+01
   6.0732400e+05   3.6181641e+01
   6.1604500e+05   3.6181641e+01
   6.1611400e+05   7.9742432e+01
   6.1615900e+05   4.6417236e+01
   6.1619000e+05   4.7131348e+01
   6.1621100e+05   5.9509277e+01
   6.1623000e+05   5.8081055e+01
   6.1624200e+05   5.8557129e+01
   6.1626600e+05   4.4750977e+01
   6.1628000e+05   6.3555908e+01
   6.1630900e+05   6.2603760e+01
   6.1633500e+05   4.4274902e+01
   6.1635400e+05   6.7602539e+01
   6.1639100e+05   7.1173096e+01
   6.1641400e+05   4.3322754e+01
   6.1644200e+05   3.8323975e+01
   6.1646000e+05   4.4274902e+01
   6.1647000e+05   4.8083496e+01
   6.1649900e+05   4.2370605e+01
   6.1650900e+05   6.4508057e+01
   6.1655200e+05   5.0701904e+01
   6.1657600e+05   3.9038086e+01
   6.1663200e+05   4.2608643e+01
   6.1672900e+05   3.6419678e+01
   6.1675400e+05   4.8083496e+01
   6.1683000e+05   3.7609863e+01
   6.1689700e+05   4.3560791e+01
   6.1732300e+05   3.6895752e+01
   6.2734200e+05   3.8562012e+01
   6.2736700e+05   3.6419678e+01
   6.2741600e+05   4.0704346e+01
   6.2743000e+05   5.3320312e+01
   6.2745300e+05   7.2601318e+01
   6.2750200e+05   5.1654053e+01
   6.2752800e+05   5.9985352e+01
   6.2754300e+05   4.6655273e+01
   6.2756000e+05   6.5460205e+01
   6.2757700e+05   3.9276123e+01
   6.2759800e+05   4.3084717e+01
   6.2763000e+05   6.6888428e+01
   6.2767500e+05   4.9035645e+01
   6.2769500e+05   4.3322754e+01
   6.2773200e+05   4.6179199e+01
   6.2780900e+05   3.8562012e+01
   6.2783500e+05   4.7369385e+01
   6.2784700e+05   4.7131348e+01
   6.2787100e+05   4.3322754e+01
   6.2790700e+05   4.1418457e+01
   6.2800200e+05   4.1180420e+01
   6.2803700e+05   4.3084717e+01
   6.2806800e+05   3.6181641e+01
   6.2820400e+05   4.3322754e+01
   6.2822700e+05   3.5943604e+01
   6.3953900e+05   4.5703125e+01
   6.3959000e+05   5.7366943e+01
   6.3963300e+05   5.9747314e+01
   6.3965800e+05   6.9744873e+01
   6.3969500e+05   5.1416016e+01
   6.3971900e+05   5.3558350e+01
   6.3974200e+05   3.7609863e+01
   6.3980300e+05   5.4748535e+01
   6.3983400e+05   3.6419678e+01
   6.3984700e+05   5.2606201e+01
   6.3987700e+05   5.7843018e+01
   6.3989100e+05   3.7371826e+01
   6.3990200e+05   4.0704346e+01
   6.3991800e+05   4.0466309e+01
   6.3995600e+05   4.4512939e+01
   6.3996600e+05   3.9276123e+01
   6.4003300e+05   4.5941162e+01
   6.4005700e+05   3.8562012e+01
   6.4011800e+05   4.1180420e+01
   6.4021900e+05   3.7371826e+01
   6.4024400e+05   3.8323975e+01
   6.4049600e+05   3.7609863e+01
   6.4053300e+05   3.8800049e+01
   6.4072800e+05   4.0466309e+01
   6.4101500e+05   3.9276123e+01
   6.5308000e+05   3.8085938e+01
   6.5313700e+05   4.1894531e+01
   6.5315000e+05   3.9038086e+01
   6.5316900e+05   4.2608643e+01
   6.5318800e+05   5.4748535e+01
   6.5322100e+05   4.8321533e+01
   6.5323100e+05   4.1894531e+01
   6.5326500e+05   7.2839355e+01
   6.5329700e+05   7.9742432e+01
   6.5332700e+05   4.0466309e+01
   6.5333700e+05   5.1892090e+01
   6.5336400e+05   3.9752197e+01
   6.5339800e+05   3.6895752e+01
   6.5341500e+05   4.3560791e+01
   6.5343500e+05   5.0701904e+01
   6.5345100e+05   5.4272461e+01
   6.5349100e+05   3.9514160e+01
   6.5353900e+05   4.7607422e+01
   6.5358900e+05   5.6652832e+01
   6.5361900e+05   4.1180420e+01
   6.5364200e+05   3.9514160e+01
   6.5408000e+05   6.0699463e+01
   6.5411100e+05   3.5943604e+01
   6.5425600e+05   4.1656494e+01
   6.6582900e+05   4.4989014e+01
   6.6588100e+05   4.1656494e+01
   6.6591300e+05   9.0216064e+01
   6.6593900e+05   5.9509277e+01
   6.6597100e+05   4.2846680e+01
   6.6599700e+05   6.0223389e+01
   6.6601800e+05   6.0699463e+01
   6.6604400e+05   5.6176758e+01
   6.6607300e+05   4.6179199e+01
   6.6609100e+05   5.9509277e+01
   6.6611700e+05   3.6181641e+01
   6.6612900e+05   5.5700684e+01
   6.6616800e+05   3.7371826e+01
   6.6617800e+05   4.2608643e+01
   6.6621100e+05   5.7366943e+01
   6.6622400e+05   3.6419678e+01
   6.6625300e+05   4.8559570e+01
   6.6626300e+05   4.7845459e+01
   6.6627900e+05   4.2608643e+01
   6.6632600e+05   3.6895752e+01
   6.6636100e+05   3.7847900e+01
   6.6643100e+05   3.8562012e+01
   6.6651500e+05   3.6895752e+01
   6.6654600e+05   5.3796387e+01
   6.6662200e+05   4.3084717e+01
   6.6665100e+05   3.9752197e+01
   6.6682500e+05   3.8562012e+01
   6.6714600e+05   3.9038086e+01
   6.6743200e+05   3.5943604e+01
   6.7709200e+05   3.7847900e+01
   6.7711500e+05   3.6181641e+01
   6.7717800e+05   4.0228271e+01
   6.7720300e+05   9.2596436e+01
   6.7722200e+05   3.8800049e+01
   6.7724500e+05   7.2125244e+01
   6.7726000e+05   6.5936279e+01
   6.7727800e+05   4.8321533e+01
   6.7729100e+05   9.0930176e+01
   6.7731400e+05   7.3553467e+01
   6.7733900e+05   5.8319092e+01
   6.7736400e+05   5.7604980e+01
   6.7738700e+05   4.9987793e+01
   6.7742400e+05   7.3315430e+01
   6.7745300e+05   6.6412354e+01
   6.7747500e+05   6.0937500e+01
   6.7748700e+05   3.6657715e+01
   6.7752300e+05   4.7131348e+01
   6.7753800e+05   4.1894531e+01
   6.7756500e+05   4.1656494e+01
   6.7759400e+05   3.6895752e+01
   6.7763900e+05   5.0701904e+01
   6.7769600e+05   4.0466309e+01
   6.7773600e+05   3.6657715e+01
   6.7776500e+05   3.6181641e+01
   6.7793400e+05   3.6181641e+01
   6.8893300e+05   6.1651611e+01
   6.8894800e+05   3.9276123e+01
   6.8898800e+05   4.9035645e+01
   6.8900300e+05   4.1418457e+01
   6.8901600e+05   6.6650391e+01
   6.8902700e+05   3.7847900e+01
   6.8906200e+05   5.4272461e+01
   6.8908400e+05   6.9982910e+01
   6.8911100e+05   5.9509277e+01
   6.8912800e+05   4.0228271e+01
   6.8914600e+05   4.0704346e+01
   6.8917100e+05   4.1656494e+01
   6.8919900e+05   4.3322754e+01
   6.8923300e+05   5.5700684e+01
   6.8925200e+05   6.9744873e+01
   6.8935300e+05   4.0466309e+01
   6.8938700e+05   4.3798828e+01
   6.8950600e+05   3.8323975e+01
   6.8952700e+05   4.2132568e+01
   6.8956100e+05   3.8800049e+01
   6.8964700e+05   4.3798828e+01
   6.8992900e+05   3.8085938e+01
   6.9008700e+05   3.8562012e+01
   7.0049600e+05   3.9752197e+01
   7.0053500e+05   4.2846680e+01
   7.0058200e+05   4.2846680e+01
   7.0059600e+05   4.2370605e+01
   7.0061000e+05   4.8321533e+01
   7.0066200e+05   5.6176758e+01
   7.0068500e+05   3.7371826e+01
   7.0071100e+05   7.1887207e+01
   7.0072500e+05   6.1175537e+01
   7.0076400e+05   5.4272461e+01
   7.0078500e+05   6.2841797e+01
   7.0079800e+05   4.8797607e+01
   7.0081900e+05   4.1656494e+01
   7.0083900e+05   5.7366943e+01
   7.0085100e+05   5.5462646e+01
   7.0088300e+05   5.1416016e+01
   7.0089600e+05   4.7369385e+01
   7.0092900e+05   5.4510498e+01
   7.0098900e+05   3.9990234e+01
   7.0101300e+05   4.7369385e+01
   7.0103100e+05   4.7131348e+01
   7.0116200e+05   4.1418457e+01
   7.0136600e+05   3.9038086e+01
   8.4909400e+05   4.3084717e+01
   8.4988500e+05   3.9276123e+01
   8.4991000e+05   4.2608643e+01
   8.4993700e+05   5.7843018e+01
   8.4995700e+05   5.3082275e+01
   8.4999800e+05   4.6655273e+01
   8.5000800e+05   7.6409912e+01
   8.5002900e+05   5.8081055e+01
   8.5004100e+05   4.7131348e+01
   8.5005400e+05   3.6657715e+01
   8.5006600e+05   3.9038086e+01
   8.5008400e+05   5.3320312e+01
   8.5010200e+05   5.1416016e+01
   8.5011800e+05   5.7604980e+01
   8.5014500e+05   4.5941162e+01
   8.5016800e+05   4.5465088e+01
   8.5019600e+05   6.1889648e+01
   8.5021000e+05   4.5227051e+01
   8.5022600e+05   4.4989014e+01
   8.5027200e+05   3.6419678e+01
   8.5028800e+05   6.4746094e+01
   8.5042500e+05   4.3322754e+01
   8.5241300e+05   4.1180420e+01
   9.0056100e+05   4.2370605e+01
   9.0062300e+05   3.6895752e+01
   9.0065700e+05   4.3798828e+01
   9.0069900e+05   5.1416016e+01
   9.0073300e+05   8.7597656e+01
   9.0074700e+05   7.6885986e+01
   9.0077700e+05   7.8552246e+01
   9.0079400e+05   1.0759277e+02
   9.0081100e+05   5.7604980e+01
   9.0084300e+05   4.4750977e+01
   9.0086600e+05   6.1413574e+01
   9.0090200e+05   5.8557129e+01
   9.0094000e+05   4.5941162e+01
   9.0097300e+05   4.0228271e+01
   9.0103400e+05   6.3793945e+01
   9.0106800e+05   5.6176758e+01
   9.0108400e+05   6.0223389e+01
   9.0112600e+05   4.0228271e+01
   9.0117300e+05   3.8323975e+01
   9.0124100e+05   3.6419678e+01
   9.0160100e+05   3.9276123e+01
   1.0168930e+06   3.6895752e+01
   1.0169130e+06   3.7609863e+01
   1.0169370e+06   4.3798828e+01
   1.0169680e+06   8.1884766e+01
   1.0169850e+06   6.5936279e+01
   1.0170130e+06   5.9509277e+01
   1.0170310e+06   5.7604980e+01
   1.0170450e+06   5.3558350e+01
   1.0170730e+06   7.3077393e+01
   1.0171080e+06   5.5462646e+01
   1.0171460e+06   3.9990234e+01
   1.0171650e+06   5.3320312e+01
   1.0171900e+06   4.6655273e+01
   1.0172120e+06   3.8323975e+01
   1.0172300e+06   7.2839355e+01
   1.0172480e+06   3.9990234e+01
   1.0172740e+06   3.6657715e+01
   1.0173070e+06   3.6419678e+01
   1.0173410e+06   4.7607422e+01
   1.0173570e+06   3.7609863e+01
   1.0174150e+06   3.5943604e+01
   1.0176920e+06   3.6657715e+01
   1.0178340e+06   4.2370605e+01
   1.0183320e+06   3.6419678e+01
   1.0189100e+06   3.6419678e+01
   1.0768910e+06   4.3322754e+01
   1.0773940e+06   4.0704346e+01
   1.0774780e+06   4.6893311e+01
   1.0775000e+06   7.4505615e+01
   1.0775310e+06   5.4510498e+01
   1.0775440e+06   8.3074951e+01
   1.0775630e+06   3.6657715e+01
   1.0775810e+06   5.5224609e+01
   1.0775940e+06   5.7128906e+01
   1.0776120e+06   6.8792725e+01
   1.0776400e+06   5.4510498e+01
   1.0776500e+06   7.2601318e+01
   1.0776660e+06   5.1416016e+01
   1.0776800e+06   4.5227051e+01
   1.0777250e+06   4.2370605e+01
   1.0777400e+06   4.9987793e+01
   1.0777610e+06   4.9749756e+01
   1.0777750e+06   4.1180420e+01
   1.0778470e+06   4.5227051e+01
   1.0778640e+06   5.0939941e+01
   1.0779450e+06   3.7609863e+01
   1.0779930e+06   4.6179199e+01
   1.1727250e+06   3.8800049e+01
   1.1732590e+06   5.0939941e+01
   1.1733400e+06   4.9749756e+01
   1.1733710e+06   4.6179199e+01
   1.1733940e+06   4.1894531e+01
   1.1734190e+06   9.0930176e+01
   1.1734460e+06   8.3074951e+01
   1.1734620e+06   1.0140381e+02
   1.1734770e+06   5.9985352e+01
   1.1735120e+06   4.1894531e+01
   1.1735270e+06   7.4981689e+01
   1.1735510e+06   3.7847900e+01
   1.1735940e+06   4.2846680e+01
   1.1736140e+06   7.4981689e+01
   1.1736430e+06   3.8800049e+01
   1.1736610e+06   4.6417236e+01
   1.1736830e+06   5.4510498e+01
   1.1737720e+06   4.0942383e+01
   1.1853400e+06   3.8323975e+01
   1.1863390e+06   3.7609863e+01
   1.1863600e+06   4.2608643e+01
   1.1863840e+06   4.7845459e+01
   1.1864140e+06   4.3798828e+01
   1.1864250e+06   4.1656494e+01
   1.1864410e+06   4.4036865e+01
   1.1864830e+06   6.1175537e+01
   1.1865020e+06   3.7847900e+01
   1.1865150e+06   3.7847900e+01
   1.1865330e+06   4.4512939e+01
   1.1865430e+06   4.2846680e+01
   1.1865690e+06   6.5222168e+01
   1.1865870e+06   6.1651611e+01
   1.1866230e+06   6.4984131e+01
   1.1866430e+06   4.7607422e+01
   1.1866550e+06   6.3079834e+01
   1.1867110e+06   4.0228271e+01
   1.1867240e+06   5.4510498e+01
   1.1867820e+06   4.4036865e+01
   1.1867980e+06   3.7133789e+01
   1.1868130e+06   5.1416016e+01
   1.1868420e+06   3.6419678e+01
   1.1868730e+06   4.9035645e+01
   1.1868950e+06   3.6657715e+01
   1.1869130e+06   5.4510498e+01
   1.1869400e+06   6.1413574e+01
   1.1869960e+06   3.8562012e+01
   1.1870220e+06   4.6417236e+01
   1.1870530e+06   4.3084717e+01
   1.1871250e+06   4.4036865e+01
   1.1871630e+06   3.8323975e+01
   1.1871930e+06   4.9749756e+01
   1.1872880e+06   5.5462646e+01
   1.2006570e+06   3.6657715e+01
   1.2007320e+06   3.6657715e+01
   1.2007690e+06   4.7131348e+01
   1.2007960e+06   5.1892090e+01
   1.2008110e+06   4.4274902e+01
   1.2008460e+06   4.5465088e+01
   1.2008680e+06   4.7607422e+01
   1.2008850e+06   3.6895752e+01
   1.2009190e+06   8.8549805e+01
   1.2009500e+06   6.5936279e+01
   1.2010010e+06   5.0463867e+01
   1.2010180e+06   7.7362061e+01
   1.2010540e+06   4.3322754e+01
   1.2010730e+06   6.5698242e+01
   1.2010990e+06   4.9987793e+01
   1.2011170e+06   4.3084717e+01
   1.2011320e+06   4.2370605e+01
   1.2011540e+06   4.0704346e+01
   1.2011970e+06   5.4986572e+01
   1.2012200e+06   3.7371826e+01
   1.2012760e+06   5.2844238e+01
   1.2013340e+06   3.9990234e+01
   1.2013560e+06   4.6417236e+01
   1.2013960e+06   4.4989014e+01
   1.2014300e+06   3.6895752e+01
   1.2015690e+06   4.9511719e+01
   1.2016550e+06   3.6181641e+01
   1.2017380e+06   3.8323975e+01
   1.2018010e+06   3.9276123e+01
   1.2021280e+06   3.8562012e+01
   1.2021700e+06   3.9514160e+01
   1.2878900e+06   3.6657715e+01
   1.2879250e+06   5.0463867e+01
   1.2879530e+06   5.9271240e+01
   1.2879850e+06   6.3079834e+01
   1.2880120e+06   4.4036865e+01
   1.2880220e+06   4.5465088e+01
   1.2880390e+06   6.9744873e+01
   1.2880650e+06   5.1654053e+01
   1.2880920e+06   6.5936279e+01
   1.2881270e+06   8.0218506e+01
   1.2881480e+06   3.9514160e+01
   1.2881630e+06   4.8797607e+01
   1.2881870e+06   5.9747314e+01
   1.2881990e+06   7.1411133e+01
   1.2882260e+06   4.0942383e+01
   1.2882510e+06   3.8323975e+01
   1.2882690e+06   5.5938721e+01
   1.2882850e+06   4.8321533e+01
   1.2883270e+06   3.7609863e+01
   1.2883940e+06   4.0942383e+01
   1.2886200e+06   4.0704346e+01
   1.2895600e+06   3.7847900e+01
   1.3025980e+06   4.7607422e+01
   1.3026420e+06   3.6419678e+01
   1.3026550e+06   6.8554688e+01
   1.3026650e+06   3.7609863e+01
   1.3026780e+06   4.6417236e+01
   1.3027210e+06   3.6657715e+01
   1.3027410e+06   4.3084717e+01
   1.3027660e+06   4.9035645e+01
   1.3028000e+06   5.0225830e+01
   1.3028120e+06   6.9268799e+01
   1.3028650e+06   5.7366943e+01
   1.3028860e+06   6.3079834e+01
   1.3029000e+06   4.2370605e+01
   1.3029350e+06   5.0225830e+01
   1.3029490e+06   4.2132568e+01
   1.3029710e+06   4.6417236e+01
   1.3030000e+06   6.2841797e+01
   1.3030170e+06   4.1656494e+01
   1.3030320e+06   5.5700684e+01
   1.3030920e+06   4.3322754e+01
   1.3031220e+06   3.6419678e+01
   1.3031620e+06   4.3560791e+01
   1.3032100e+06   3.6657715e+01
   1.3033410e+06   4.1894531e+01
   1.3033930e+06   3.7847900e+01
   1.3036400e+06   3.6657715e+01
   1.3149920e+06   3.8323975e+01
   1.3150890e+06   4.5227051e+01
   1.3151070e+06   5.3558350e+01
   1.3151340e+06   6.0699463e+01
   1.3151600e+06   5.9033203e+01
   1.3151950e+06   6.4984131e+01
   1.3152280e+06   5.9985352e+01
   1.3152450e+06   7.0697021e+01
   1.3152700e+06   4.5703125e+01
   1.3152970e+06   4.5941162e+01
   1.3153240e+06   9.4500732e+01
   1.3153680e+06   6.7364502e+01
   1.3153920e+06   6.5698242e+01
   1.3154070e+06   5.1416016e+01
   1.3154410e+06   5.3558350e+01
   1.3154730e+06   5.3320313e+01
   1.3155040e+06   3.8323975e+01
   1.3155140e+06   4.8083496e+01
   1.3156000e+06   4.2132568e+01
   1.3156340e+06   3.9038086e+01
   1.3156750e+06   3.6895752e+01
   1.3157280e+06   3.6657715e+01
   1.3157840e+06   3.9514160e+01
   1.3160320e+06   3.6181641e+01
   1.3163130e+06   3.6895752e+01
   1.3268370e+06   3.6657715e+01
   1.3270730e+06   3.6181641e+01
   1.3272240e+06   3.9276123e+01
   1.3272660e+06   4.0466309e+01
   1.3272900e+06   5.4510498e+01
   1.3273090e+06   7.9504395e+01
   1.3273270e+06   4.6893311e+01
   1.3273490e+06   3.8562012e+01
   1.3273670e+06   3.8562012e+01
   1.3273920e+06   6.2127686e+01
   1.3274240e+06   5.1416016e+01
   1.3274400e+06   4.9273682e+01
   1.3274680e+06   6.3079834e+01
   1.3274980e+06   6.5222168e+01
   1.3275220e+06   6.6412354e+01
   1.3275320e+06   4.2132568e+01
   1.3275660e+06   7.8552246e+01
   1.3275910e+06   4.6893311e+01
   1.3276180e+06   4.2608643e+01
   1.3276330e+06   5.1177979e+01
   1.3276450e+06   4.1656494e+01
   1.3276700e+06   3.8085938e+01
   1.3276940e+06   4.8797607e+01
   1.3277360e+06   4.1894531e+01
   1.3277920e+06   4.4274902e+01
   1.3278330e+06   4.2132568e+01
   1.3278510e+06   3.7371826e+01
   1.3279460e+06   3.7133789e+01
   1.3279780e+06   3.8800049e+01
   1.3281100e+06   3.7133789e+01
   1.3281700e+06   4.6655273e+01
   1.3282930e+06   3.7371826e+01
   1.4532470e+06   4.5465088e+01
   1.4532860e+06   6.3317871e+01
   1.4533020e+06   6.4746094e+01
   1.4533290e+06   8.1646729e+01
   1.4533610e+06   7.6409912e+01
   1.4533890e+06   7.1887207e+01
   1.4534050e+06   7.7362061e+01
   1.4534440e+06   4.8321533e+01
   1.4534790e+06   7.1411133e+01
   1.4535280e+06   5.2130127e+01
   1.4535380e+06   3.7847900e+01
   1.4535550e+06   8.2836914e+01
   1.4535890e+06   5.1177979e+01
   1.4536200e+06   4.6893311e+01
   1.4536540e+06   3.8562012e+01
   1.4536780e+06   4.4750977e+01
   1.4537250e+06   3.6419678e+01
   1.4544990e+06   4.2370605e+01
   1.5115940e+06   3.8562012e+01
   1.5116670e+06   6.6412354e+01
   1.5117000e+06   7.0220947e+01
   1.5117190e+06   4.4750977e+01
   1.5117290e+06   6.2127686e+01
   1.5117460e+06   3.9038086e+01
   1.5117620e+06   6.0699463e+01
   1.5118070e+06   5.9747314e+01
   1.5118320e+06   7.5695801e+01
   1.5118470e+06   4.1894531e+01
   1.5118650e+06   4.8797607e+01
   1.5118790e+06   3.7133789e+01
   1.5119100e+06   6.4270020e+01
   1.5119480e+06   4.9273682e+01
   1.5119670e+06   6.8554688e+01
   1.5120040e+06   4.6179199e+01
   1.5120340e+06   5.5700684e+01
   1.5120650e+06   6.1651611e+01
   1.5121300e+06   4.2608643e+01
   1.5121460e+06   3.9276123e+01
   1.5122250e+06   4.1894531e+01
   1.5122840e+06   3.7609863e+01
   1.5129410e+06   3.6419678e+01
   1.5838140e+06   3.9752197e+01
   1.5838390e+06   6.7840576e+01
   1.5838630e+06   3.5943604e+01
   1.5838730e+06   5.7128906e+01
   1.5839080e+06   3.7847900e+01
   1.5839290e+06   9.1168213e+01
   1.5839570e+06   8.8073730e+01
   1.5839750e+06   7.0935059e+01
   1.5839980e+06   4.6417236e+01
   1.5840230e+06   7.4029541e+01
   1.5840540e+06   4.3798828e+01
   1.5840790e+06   6.0461426e+01
   1.5840920e+06   6.5698242e+01
   1.5841490e+06   4.3322754e+01
   1.5841690e+06   4.6893311e+01
   1.5841880e+06   6.9982910e+01
   1.5842150e+06   4.3322754e+01
   1.5842380e+06   3.9038086e+01
   1.5842680e+06   4.2846680e+01
   1.5842940e+06   5.2130127e+01
   1.5843210e+06   4.1894531e+01
   1.5844750e+06   3.5943604e+01
   1.5854940e+06   4.1180420e+01
   1.6385850e+06   3.6181641e+01
   1.6386140e+06   4.1180420e+01
   1.6386420e+06   4.2370605e+01
   1.6386970e+06   5.4272461e+01
   1.6387190e+06   6.2603760e+01
   1.6387380e+06   4.6179199e+01
   1.6387690e+06   8.2836914e+01
   1.6387970e+06   9.1882324e+01
   1.6388160e+06   5.4510498e+01
   1.6388340e+06   5.7843018e+01
   1.6388770e+06   4.9273682e+01
   1.6388980e+06   4.9987793e+01
   1.6389190e+06   4.8321533e+01
   1.6389360e+06   4.6417236e+01
   1.6389520e+06   5.4034424e+01
   1.6389720e+06   4.2370605e+01
   1.6389930e+06   3.7133789e+01
   1.6390070e+06   4.5227051e+01
   1.6390230e+06   5.3558350e+01
   1.6390600e+06   5.8557129e+01
   1.6391020e+06   4.1418457e+01
   1.6391370e+06   4.7131348e+01
   1.6391670e+06   3.7847900e+01
   1.6391970e+06   3.7847900e+01
   1.6394910e+06   3.7133789e+01
   1.6503250e+06   3.8323975e+01
   1.6504850e+06   4.2846680e+01
   1.6504970e+06   1.0211792e+02
   1.6505400e+06   6.0223389e+01
   1.6505640e+06   4.7845459e+01
   1.6505890e+06   7.8552246e+01
   1.6506170e+06   3.7133789e+01
   1.6506340e+06   4.5703125e+01
   1.6506490e+06   4.6417236e+01
   1.6506730e+06   7.4981689e+01
   1.6507000e+06   6.1889648e+01
   1.6507300e+06   4.2608643e+01
   1.6507490e+06   6.4746094e+01
   1.6507830e+06   6.0699463e+01
   1.6508020e+06   5.7128906e+01
   1.6508230e+06   4.8797607e+01
   1.6508470e+06   4.9511719e+01
   1.6508690e+06   3.7371826e+01
   1.6509050e+06   4.8083496e+01
   1.6509220e+06   5.8557129e+01
   1.6509380e+06   4.4750977e+01
   1.6509660e+06   3.7371826e+01
   1.6510100e+06   4.5227051e+01
   1.6510270e+06   3.6419678e+01
   1.6510600e+06   4.4512939e+01
   1.6510720e+06   5.1177979e+01
   1.6511050e+06   3.8800049e+01
   1.6511290e+06   3.6895752e+01
   1.6511390e+06   3.9276123e+01
   1.6511760e+06   3.8085938e+01
   1.6513950e+06   3.8323975e+01
   1.6514050e+06   4.0466309e+01
   1.6514450e+06   4.3322754e+01
   1.6514990e+06   3.7847900e+01
   1.6516960e+06   4.5465088e+01
   1.6518770e+06   3.7133789e+01
   1.6524230e+06   3.9752197e+01
   1.7416140e+06   4.6893311e+01
   1.7416430e+06   4.6893311e+01
   1.7416530e+06   3.6895752e+01
   1.7416700e+06   7.5933838e+01
   1.7416990e+06   8.1884766e+01
   1.7417170e+06   1.1973267e+02
   1.7417560e+06   6.8792725e+01
   1.7417680e+06   4.5465088e+01
   1.7417910e+06   5.3082275e+01
   1.7418020e+06   7.4029541e+01
   1.7418340e+06   6.4031982e+01
   1.7418560e+06   6.4270020e+01
   1.7418750e+06   4.3084717e+01
   1.7418910e+06   4.7369385e+01
   1.7419210e+06   6.4031982e+01
   1.7419730e+06   3.8085938e+01
   1.7419840e+06   4.9749756e+01
   1.7420240e+06   3.8323975e+01
   1.7420690e+06   3.6895752e+01
   1.7420940e+06   4.1894531e+01
   1.7422230e+06   3.8323975e+01
   1.7423130e+06   4.2846680e+01
   1.7424480e+06   4.3798828e+01
   1.7428920e+06   3.8085938e+01
   1.8064920e+06   4.8797607e+01
   1.8065150e+06   4.8797607e+01
   1.8065470e+06   5.2130127e+01
   1.8065700e+06   4.3322754e+01
   1.8066070e+06   1.1211548e+02
   1.8066200e+06   3.6181641e+01
   1.8066310e+06   8.2836914e+01
   1.8066540e+06   5.1416016e+01
   1.8066730e+06   9.5690918e+01
   1.8066870e+06   4.5703125e+01
   1.8067220e+06   5.3320312e+01
   1.8067330e+06   4.5941162e+01
   1.8067600e+06   4.4750977e+01
   1.8067790e+06   4.7607422e+01
   1.8067950e+06   6.3555908e+01
   1.8068320e+06   3.6895752e+01
   1.8068640e+06   3.6181641e+01
   1.8068930e+06   3.9752197e+01
   1.8069270e+06   3.7847900e+01
   1.8069440e+06   3.5943604e+01
   1.8069870e+06   4.0466309e+01
   1.8070280e+06   3.8800049e+01
   1.8071390e+06   3.7847900e+01
   1.8076930e+06   3.9038086e+01
   1.8078660e+06   3.6181641e+01
   1.8083680e+06   3.7133789e+01
   1.8604270e+06   4.3084717e+01
   1.8604900e+06   3.8562012e+01
   1.8605090e+06   5.7843018e+01
   1.8605300e+06   6.6650391e+01
   1.8605610e+06   4.5227051e+01
   1.8605760e+06   6.1175537e+01
   1.8605990e+06   5.8081055e+01
   1.8606230e+06   5.9033203e+01
   1.8606500e+06   6.4031982e+01
   1.8606650e+06   7.2601318e+01
   1.8606950e+06   5.1416016e+01
   1.8607210e+06   6.5698242e+01
   1.8608000e+06   4.5941162e+01
   1.8608210e+06   4.7131348e+01
   1.8608600e+06   4.4274902e+01
   1.8608990e+06   6.2127686e+01
   1.8609210e+06   4.1418457e+01
   1.8609340e+06   3.5943604e+01
   1.8611430e+06   3.7371826e+01
   1.8614790e+06   4.3084717e+01
   1.8618640e+06   3.5943604e+01
   1.9198590e+06   3.6657715e+01
   1.9198810e+06   3.9276123e+01
   1.9199200e+06   4.4750977e+01
   1.9199480e+06   5.9271240e+01
   1.9199790e+06   5.6176758e+01
   1.9200030e+06   6.5460205e+01
   1.9200320e+06   7.6409912e+01
   1.9200640e+06   7.2601318e+01
   1.9200760e+06   5.3082275e+01
   1.9200910e+06   6.1889648e+01
   1.9201100e+06   5.9985352e+01
   1.9201360e+06   6.3317871e+01
   1.9201570e+06   4.6893311e+01
   1.9201860e+06   3.9038086e+01
   1.9202020e+06   4.7845459e+01
   1.9202200e+06   6.4746094e+01
   1.9202680e+06   4.8559570e+01
   1.9202990e+06   4.7845459e+01
   1.9203280e+06   5.2368164e+01
   1.9204150e+06   3.8323975e+01
   1.9204590e+06   5.1892090e+01
   1.9215340e+06   3.7847900e+01
   1.9876970e+06   3.7847900e+01
   1.9877210e+06   4.0466309e+01
   1.9877410e+06   3.7371826e+01
   1.9877610e+06   5.5700684e+01
   1.9877770e+06   6.5460205e+01
   1.9878110e+06   8.3789063e+01
   1.9878390e+06   8.3312988e+01
   1.9878770e+06   5.5700684e+01
   1.9879150e+06   3.5943604e+01
   1.9879330e+06   4.0942383e+01
   1.9879480e+06   4.9035645e+01
   1.9880040e+06   5.4510498e+01
   1.9880140e+06   3.9514160e+01
   1.9880390e+06   3.8085937e+01
   1.9880630e+06   5.0701904e+01
   1.9880790e+06   5.4272461e+01
   1.9881560e+06   3.7133789e+01
   1.9881900e+06   3.8562012e+01
   1.9882260e+06   4.7845459e+01
   1.9884300e+06   3.9752197e+01
   1.9888850e+06   3.6657715e+01
   1.9894400e+06   3.7609863e+01
   1.9982870e+06   4.1180420e+01
   1.9983160e+06   3.5943604e+01
   1.9984260e+06   5.8319092e+01
   1.9984490e+06   6.5698242e+01
   1.9984770e+06   7.1173096e+01
   1.9985100e+06   6.7602539e+01
   1.9985220e+06   6.0937500e+01
   1.9985480e+06   6.1175537e+01
   1.9985690e+06   7.0935059e+01
   1.9986110e+06   4.4036865e+01
   1.9986390e+06   9.4262695e+01
   1.9986530e+06   5.3320312e+01
   1.9986640e+06   5.9271240e+01
   1.9986850e+06   4.0466309e+01
   1.9987280e+06   5.1892090e+01
   1.9987480e+06   4.2370605e+01
   1.9987850e+06   3.8323975e+01
   1.9988310e+06   3.9514160e+01
   1.9988520e+06   4.4274902e+01
   1.9988720e+06   3.7847900e+01
   1.9988940e+06   5.9747314e+01
   1.9989860e+06   3.6419678e+01
   1.9990200e+06   4.4750977e+01
   1.9990380e+06   3.9514160e+01
   1.9990830e+06   4.0942383e+01
   1.9993260e+06   3.8800049e+01
   1.9994750e+06   4.3322754e+01
   2.0093530e+06   4.6655273e+01
   2.0094100e+06   3.5943604e+01
   2.0094610e+06   6.1889648e+01
   2.0094710e+06   7.4029541e+01
   2.0094980e+06   4.7607422e+01
   2.0095340e+06   3.6657715e+01
   2.0095590e+06   7.1411133e+01
   2.0095900e+06   5.3558350e+01
   2.0096250e+06   8.3789063e+01
   2.0096360e+06   5.3320313e+01
   2.0096610e+06   4.3322754e+01
   2.0096780e+06   3.9038086e+01
   2.0096890e+06   4.9035645e+01
   2.0097310e+06   5.1654053e+01
   2.0097800e+06   4.5703125e+01
   2.0098020e+06   3.9276123e+01
   2.0098150e+06   4.8321533e+01
   2.0098300e+06   5.1892090e+01
   2.0098470e+06   6.1651611e+01
   2.0098720e+06   4.7607422e+01
   2.0098990e+06   3.7133789e+01
   2.0099300e+06   4.1418457e+01
   2.0099820e+06   3.9990234e+01
   2.0100310e+06   4.4512939e+01
   2.0100540e+06   3.7609863e+01
   2.0101210e+06   4.1418457e+01
   2.0104040e+06   3.6895752e+01
   2.0107610e+06   3.6657715e+01
   2.0113180e+06   3.7133789e+01
   2.0199610e+06   4.1894531e+01
   2.0199810e+06   3.9038086e+01
   2.0199950e+06   5.9747314e+01
   2.0200350e+06   4.8083496e+01
   2.0200580e+06   5.3796387e+01
   2.0200850e+06   9.5452881e+01
   2.0201070e+06   7.7600098e+01
   2.0201190e+06   7.2125244e+01
   2.0201520e+06   4.2370605e+01
   2.0201780e+06   7.0220947e+01
   2.0201980e+06   5.3558350e+01
   2.0202100e+06   5.4034424e+01
   2.0202440e+06   5.6176758e+01
   2.0202630e+06   4.3084717e+01
   2.0202810e+06   3.7371826e+01
   2.0202980e+06   4.0704346e+01
   2.0203190e+06   6.1651611e+01
   2.0203410e+06   4.1418457e+01
   2.0203560e+06   3.6895752e+01
   2.0203900e+06   4.6179199e+01
   2.0204000e+06   3.8562012e+01
   2.0204210e+06   5.3320312e+01
   2.0205070e+06   3.7371826e+01
   2.0205440e+06   3.7371826e+01
   2.0205800e+06   4.5465088e+01
   2.0205980e+06   4.8797607e+01
   2.0206880e+06   4.1894531e+01
   2.0207660e+06   3.8800049e+01
   2.0208460e+06   3.6895752e+01
   2.0209750e+06   4.3322754e+01
   2.0210550e+06   3.6181641e+01
   2.0303400e+06   3.5943604e+01
   2.0303700e+06   4.8083496e+01
   2.0303810e+06   8.8549805e+01
   2.0304270e+06   4.3322754e+01
   2.0304370e+06   7.9028320e+01
   2.0304570e+06   3.7133789e+01
   2.0304840e+06   4.0228271e+01
   2.0305020e+06   4.9987793e+01
   2.0305190e+06   5.9985352e+01
   2.0305410e+06   4.5227051e+01
   2.0305650e+06   3.9276123e+01
   2.0306090e+06   5.8795166e+01
   2.0306250e+06   3.8562012e+01
   2.0306550e+06   5.3320312e+01
   2.0306810e+06   4.1180420e+01
   2.0307060e+06   4.9749756e+01
   2.0307220e+06   4.8321533e+01
   2.0307490e+06   4.0704346e+01
   2.0307720e+06   4.2132568e+01
   2.0308150e+06   4.1894531e+01
   2.0308520e+06   4.8321533e+01
   2.0309500e+06   4.5941162e+01
   2.0309620e+06   4.5465088e+01
   2.0310540e+06   3.9514160e+01
   2.0312050e+06   3.6895752e+01
   2.0317140e+06   3.6181641e+01
   2.0427490e+06   4.0942383e+01
   2.0427600e+06   3.7371826e+01
   2.0428090e+06   4.4274902e+01
   2.0428380e+06   7.4029541e+01
   2.0428660e+06   5.6414795e+01
   2.0429120e+06   5.3558350e+01
   2.0429320e+06   5.8795166e+01
   2.0429560e+06   5.4510498e+01
   2.0429910e+06   5.4748535e+01
   2.0430190e+06   5.2844238e+01
   2.0430300e+06   3.5943604e+01
   2.0430610e+06   3.7847900e+01
   2.0430720e+06   6.1889648e+01
   2.0431090e+06   3.5943604e+01
   2.0431410e+06   5.2368164e+01
   2.0431730e+06   5.1416016e+01
   2.0431850e+06   3.5943604e+01
   2.0432280e+06   3.8323975e+01
   2.0432510e+06   4.7369385e+01
   2.0432940e+06   5.1654053e+01
   2.0433850e+06   3.7847900e+01
   2.0434810e+06   3.9038086e+01
   2.0436200e+06   3.8562012e+01
   2.0437460e+06   3.5943604e+01
   2.0602070e+06   3.6181641e+01
   2.0602580e+06   3.6895752e+01
   2.0602990e+06   4.1656494e+01
   2.0603220e+06   7.0458984e+01
   2.0603440e+06   3.7847900e+01
   2.0603580e+06   6.5936279e+01
   2.0604020e+06   8.9978027e+01
   2.0604370e+06   5.2606201e+01
   2.0604610e+06   4.8321533e+01
   2.0604950e+06   5.1177979e+01
   2.0605190e+06   5.6652832e+01
   2.0605420e+06   6.7840576e+01
   2.0605540e+06   4.6417236e+01
   2.0605960e+06   5.8319092e+01
   2.0606190e+06   6.4746094e+01
   2.0606790e+06   6.9030762e+01
   2.0607180e+06   4.2608643e+01
   2.0607740e+06   5.7843018e+01
   2.0608790e+06   3.6657715e+01
   2.0609060e+06   4.0942383e+01
   2.0609540e+06   3.7847900e+01
   2.0735330e+06   3.9990234e+01
   2.0735530e+06   4.1418457e+01
   2.0735860e+06   6.9506836e+01
   2.0736140e+06   8.1408691e+01
   2.0736410e+06   6.5222168e+01
   2.0736690e+06   5.3320312e+01
   2.0737000e+06   6.2365723e+01
   2.0737190e+06   5.7843018e+01
   2.0737320e+06   6.5698242e+01
   2.0737780e+06   5.8081055e+01
   2.0738010e+06   5.8319092e+01
   2.0738230e+06   5.2368164e+01
   2.0738540e+06   4.0228271e+01
   2.0738720e+06   4.3798828e+01
   2.0739450e+06   4.6655273e+01
   2.0739740e+06   5.4748535e+01
   2.0740000e+06   5.3320313e+01
   2.0740290e+06   4.7369385e+01
   2.0741730e+06   3.6657715e+01
   2.0744820e+06   5.0463867e+01
   2.0745390e+06   3.7133789e+01
   2.0749820e+06   3.5943604e+01
   2.0880380e+06   3.9038086e+01
   2.0880490e+06   4.4989014e+01
   2.0880980e+06   4.3084717e+01
   2.0881160e+06   4.4274902e+01
   2.0881380e+06   7.2125244e+01
   2.0881610e+06   4.8559570e+01
   2.0881790e+06   4.3322754e+01
   2.0882010e+06   3.7609863e+01
   2.0882320e+06   8.4503174e+01
   2.0882430e+06   4.9511719e+01
   2.0882530e+06   4.0704346e+01
   2.0882840e+06   8.0456543e+01
   2.0883010e+06   3.6419678e+01
   2.0883240e+06   3.7133789e+01
   2.0883870e+06   5.2368164e+01
   2.0883990e+06   4.3560791e+01
   2.0884460e+06   5.8081055e+01
   2.0884840e+06   3.5943604e+01
   2.0885000e+06   5.0939941e+01
   2.0885200e+06   4.0466309e+01
   2.0885500e+06   4.1894531e+01
   2.0886430e+06   4.1418457e+01
   2.0886840e+06   3.9514160e+01
   2.0887070e+06   4.1656494e+01
   2.0888100e+06   4.3084717e+01
   2.0889900e+06   3.6895752e+01
   2.0892030e+06   4.1180420e+01
   2.1002750e+06   3.6895752e+01
   2.1003260e+06   4.1418457e+01
   2.1003540e+06   4.7131348e+01
   2.1003690e+06   7.7124023e+01
   2.1004040e+06   5.4034424e+01
   2.1004150e+06   3.8085937e+01
   2.1004550e+06   4.5227051e+01
   2.1004740e+06   8.1170654e+01
   2.1004920e+06   4.5941162e+01
   2.1005160e+06   6.7840576e+01
   2.1005370e+06   4.4750977e+01
   2.1005510e+06   4.2846680e+01
   2.1005840e+06   5.5700684e+01
   2.1006080e+06   3.9276123e+01
   2.1006250e+06   3.9990234e+01
   2.1006460e+06   4.0466309e+01
   2.1007120e+06   4.4036865e+01
   2.1007320e+06   4.1656494e+01
   2.1007700e+06   3.6657715e+01
   2.1007950e+06   4.7131348e+01
   2.1008610e+06   3.8562012e+01
   2.1008740e+06   3.6657715e+01
   2.1008950e+06   3.9752197e+01
   2.1009590e+06   3.8323975e+01
   2.1114070e+06   3.5943604e+01
   2.1114770e+06   3.8562012e+01
   2.1114910e+06   4.7131348e+01
   2.1115250e+06   4.1180420e+01
   2.1115530e+06   5.7604980e+01
   2.1115720e+06   5.6176758e+01
   2.1115930e+06   4.7369385e+01
   2.1116090e+06   5.3558350e+01
   2.1116430e+06   9.0692139e+01
   2.1116550e+06   3.6895752e+01
   2.1116900e+06   4.9511719e+01
   2.1117010e+06   5.3558350e+01
   2.1117270e+06   6.3317871e+01
   2.1117400e+06   5.3320313e+01
   2.1117830e+06   3.9276123e+01
   2.1118120e+06   4.5227051e+01
   2.1118270e+06   5.1177979e+01
   2.1119100e+06   4.0466309e+01
   2.1119470e+06   4.3560791e+01
   2.1119830e+06   4.0466309e+01
   2.1120220e+06   3.9038086e+01
   2.1120340e+06   4.6179199e+01
   2.1120550e+06   4.2846680e+01
   2.1121390e+06   5.3796387e+01
   2.1121800e+06   4.1894531e+01
   2.1122060e+06   4.4989014e+01
   2.1123010e+06   3.5943604e+01
   2.1123720e+06   3.7847900e+01
   2.3094560e+06   4.1894531e+01
   2.3094980e+06   4.4274902e+01
   2.3095080e+06   3.8800049e+01
   2.3095530e+06   5.6890869e+01
   2.3095730e+06   5.4272461e+01
   2.3095900e+06   4.2608643e+01
   2.3096050e+06   8.1408691e+01
   2.3096260e+06   7.6647949e+01
   2.3096590e+06   7.2839355e+01
   2.3096710e+06   5.7366943e+01
   2.3096830e+06   4.1894531e+01
   2.3096990e+06   5.9747314e+01
   2.3097240e+06   9.5690918e+01
   2.3097340e+06   7.2363281e+01
   2.3097710e+06   4.1656494e+01
   2.3097950e+06   6.2841797e+01
   2.3098070e+06   4.6655273e+01
   2.3098280e+06   6.1651611e+01
   2.3098870e+06   5.2368164e+01
   2.3099070e+06   5.1654053e+01
   2.3099470e+06   4.4036865e+01
   2.3100180e+06   3.7133789e+01
   2.3100610e+06   3.9752197e+01
   2.3101420e+06   4.9035645e+01
   2.3102620e+06   4.3560791e+01
   2.3803010e+06   3.8562012e+01
   2.3803360e+06   4.3084717e+01
   2.3803840e+06   7.4029541e+01
   2.3804160e+06   4.7845459e+01
   2.3804380e+06   3.8800049e+01
   2.3804680e+06   7.6885986e+01
   2.3804840e+06   4.4750977e+01
   2.3804940e+06   6.4984131e+01
   2.3805120e+06   7.1887207e+01
   2.3805380e+06   1.0116577e+02
   2.3805540e+06   4.9987793e+01
   2.3805810e+06   6.9744873e+01
   2.3806110e+06   9.3072510e+01
   2.3806210e+06   7.9980469e+01
   2.3806510e+06   8.1884766e+01
   2.3806880e+06   4.7131348e+01
   2.3807650e+06   4.1418457e+01
   2.3807780e+06   5.9033203e+01
   2.3807970e+06   4.1894531e+01
   2.3808080e+06   4.0228271e+01
   2.3808380e+06   4.8559570e+01
   2.3808580e+06   5.0225830e+01
   2.3808770e+06   3.5943604e+01
   2.3809940e+06   3.8323975e+01
   2.3810840e+06   3.6419678e+01
   2.4584630e+06   3.6419678e+01
   2.4584880e+06   4.3322754e+01
   2.4585180e+06   7.6885986e+01
   2.4585290e+06   6.5698242e+01
   2.4585590e+06   4.6179199e+01
   2.4585720e+06   6.8554688e+01
   2.4585940e+06   3.9752197e+01
   2.4586240e+06   6.6888428e+01
   2.4586410e+06   7.7838135e+01
   2.4586530e+06   5.2844238e+01
   2.4586650e+06   5.2844238e+01
   2.4587210e+06   6.2603760e+01
   2.4587320e+06   4.7131348e+01
   2.4587570e+06   5.0939941e+01
   2.4587750e+06   5.8795166e+01
   2.4587970e+06   3.5943604e+01
   2.4588070e+06   4.2608643e+01
   2.4588350e+06   5.9985352e+01
   2.4588840e+06   4.7607422e+01
   2.4588980e+06   3.8562012e+01
   2.4589320e+06   3.6419678e+01
   2.4589680e+06   4.8797607e+01
   2.4589780e+06   3.6419678e+01
   2.4590580e+06   3.6181641e+01
   2.4591430e+06   3.6657715e+01
   2.4591840e+06   3.9276123e+01
   2.5143280e+06   3.6895752e+01
   2.5143470e+06   3.6657715e+01
   2.5143930e+06   5.3558350e+01
   2.5144230e+06   4.9511719e+01
   2.5144500e+06   4.2846680e+01
   2.5144820e+06   5.0939941e+01
   2.5145010e+06   7.1649170e+01
   2.5145120e+06   4.0942383e+01
   2.5145260e+06   7.1173096e+01
   2.5145570e+06   1.1306763e+02
   2.5145860e+06   5.3796387e+01
   2.5146020e+06   7.9504395e+01
   2.5146200e+06   4.9035645e+01
   2.5146570e+06   7.1411133e+01
   2.5146840e+06   3.8323975e+01
   2.5147000e+06   7.0220947e+01
   2.5147250e+06   4.0466309e+01
   2.5147390e+06   5.0701904e+01
   2.5147510e+06   3.6419678e+01
   2.5147940e+06   4.7845459e+01
   2.5148450e+06   4.2846680e+01
   2.5148880e+06   3.6419678e+01
   2.5149240e+06   3.7133789e+01
   2.5149970e+06   3.9514160e+01
   2.5151060e+06   4.8083496e+01
   2.5153930e+06   3.6419678e+01
   2.5273400e+06   5.8795166e+01
   2.5274310e+06   3.6895752e+01
   2.5274640e+06   5.5938721e+01
   2.5274860e+06   5.1177979e+01
   2.5275010e+06   3.7847900e+01
   2.5275260e+06   4.4512939e+01
   2.5275490e+06   7.8552246e+01
   2.5275680e+06   6.5698242e+01
   2.5275800e+06   4.7607422e+01
   2.5276070e+06   4.6179199e+01
   2.5276290e+06   6.1889648e+01
   2.5276730e+06   8.4265137e+01
   2.5276870e+06   4.3798828e+01
   2.5277030e+06   3.6181641e+01
   2.5277370e+06   6.7602539e+01
   2.5277660e+06   3.5943604e+01
   2.5277970e+06   4.5941162e+01
   2.5278210e+06   6.6174316e+01
   2.5278390e+06   6.1651611e+01
   2.5278700e+06   4.2132568e+01
   2.5278820e+06   4.6179199e+01
   2.5279390e+06   4.0228271e+01
   2.5279920e+06   3.6419678e+01
   2.5280250e+06   3.9514160e+01
   2.5280690e+06   3.5943604e+01
   2.5282070e+06   3.9990234e+01
   2.5283350e+06   3.6419678e+01
   2.5284320e+06   4.0704346e+01
   2.5284800e+06   3.6419678e+01
   2.5753760e+06   4.0942383e+01
   2.5754060e+06   4.3798828e+01
   2.5754330e+06   4.4750977e+01
   2.5754520e+06   7.8790283e+01
   2.5754680e+06   3.6657715e+01
   2.5754960e+06   8.2598877e+01
   2.5755120e+06   4.4750977e+01
   2.5755450e+06   7.1887207e+01
   2.5755560e+06   7.7362061e+01
   2.5755930e+06   8.3789063e+01
   2.5756240e+06   7.2363281e+01
   2.5756590e+06   6.0223389e+01
   2.5756980e+06   6.3555908e+01
   2.5757150e+06   4.1656494e+01
   2.5757400e+06   6.1651611e+01
   2.5757570e+06   6.5222168e+01
   2.5757860e+06   5.5224609e+01
   2.5758040e+06   5.7604980e+01
   2.5758270e+06   4.4274902e+01
   2.5758470e+06   4.8797607e+01
   2.5760870e+06   4.4274902e+01
   2.5762560e+06   3.7133789e+01
   2.5867280e+06   4.5465088e+01
   2.5867640e+06   3.8085937e+01
   2.5868010e+06   6.3555908e+01
   2.5868130e+06   8.1408691e+01
   2.5868370e+06   6.0937500e+01
   2.5868480e+06   4.4274902e+01
   2.5868830e+06   3.6657715e+01
   2.5869140e+06   8.7359619e+01
   2.5869370e+06   7.3553467e+01
   2.5869530e+06   7.6171875e+01
   2.5869780e+06   4.4989014e+01
   2.5870050e+06   5.4510498e+01
   2.5870170e+06   5.2844238e+01
   2.5870370e+06   3.9038086e+01
   2.5870490e+06   4.2846680e+01
   2.5870800e+06   4.4989014e+01
   2.5871040e+06   4.4036865e+01
   2.5871420e+06   4.5941162e+01
   2.5871550e+06   5.0463867e+01
   2.5871770e+06   3.7609863e+01
   2.5872620e+06   4.5703125e+01
   2.5872740e+06   4.1656494e+01
   2.5873060e+06   5.7366943e+01
   2.5873180e+06   4.0942383e+01
   2.5873580e+06   4.9035645e+01
   2.5873750e+06   3.8085938e+01
   2.5874590e+06   3.6895752e+01
   2.5875270e+06   4.4512939e+01
   2.5876020e+06   4.1894531e+01
   2.5877040e+06   3.9038086e+01
   2.5877650e+06   4.0942383e+01
   2.5878160e+06   3.6657715e+01
   2.5878500e+06   4.4750977e+01
   2.5878890e+06   3.6657715e+01
   2.5880130e+06   3.9276123e+01
   2.5982610e+06   5.0463867e+01
   2.5983260e+06   4.9273682e+01
   2.5983530e+06   6.0223389e+01
   2.5983720e+06   4.0942383e+01
   2.5983820e+06   6.1651611e+01
   2.5984050e+06   5.2130127e+01
   2.5984320e+06   6.2127686e+01
   2.5984490e+06   5.6414795e+01
   2.5984830e+06   6.2365723e+01
   2.5985110e+06   6.0223389e+01
   2.5985230e+06   5.0463867e+01
   2.5985440e+06   5.3796387e+01
   2.5985540e+06   4.7607422e+01
   2.5985880e+06   5.0225830e+01
   2.5986070e+06   5.3796387e+01
   2.5986800e+06   5.1654053e+01
   2.5987130e+06   3.9276123e+01
   2.5987330e+06   4.7845459e+01
   2.5987620e+06   4.5227051e+01
   2.5987990e+06   4.2608643e+01
   2.5988210e+06   3.8323975e+01
   2.5989440e+06   3.6657715e+01
   2.5990000e+06   3.7371826e+01
   2.5990130e+06   3.6181641e+01
   2.5990760e+06   3.9514160e+01
   2.5991220e+06   3.8800049e+01
   2.5994050e+06   3.7371826e+01
   2.7296920e+06   4.2370605e+01
   2.7297270e+06   3.7133789e+01
   2.7297550e+06   7.5219727e+01
   2.7297800e+06   4.2608643e+01
   2.7298010e+06   7.3791504e+01
   2.7298150e+06   4.0466309e+01
   2.7298280e+06   1.0378418e+02
   2.7298550e+06   5.5224609e+01
   2.7298870e+06   7.8314209e+01
   2.7299110e+06   7.7124023e+01
   2.7299360e+06   6.0699463e+01
   2.7299490e+06   6.0699463e+01
   2.7299860e+06   5.3558350e+01
   2.7300060e+06   6.5222168e+01
   2.7300320e+06   5.0463867e+01
   2.7300570e+06   4.4512939e+01
   2.7300740e+06   4.3798828e+01
   2.7301030e+06   6.2127686e+01
   2.7302020e+06   3.6895752e+01
   2.7305830e+06   3.6419678e+01
   2.7306310e+06   3.8800049e+01
   2.7312390e+06   3.8800049e+01
   2.7402980e+06   4.0704346e+01
   2.7403210e+06   3.6181641e+01
   2.7403440e+06   3.7133789e+01
   2.7403880e+06   4.9273682e+01
   2.7404200e+06   4.3798828e+01
   2.7404510e+06   6.9506836e+01
   2.7404720e+06   5.3082275e+01
   2.7404990e+06   4.3798828e+01
   2.7405290e+06   4.8321533e+01
   2.7405460e+06   7.1411133e+01
   2.7405750e+06   6.2365723e+01
   2.7405890e+06   4.1656494e+01
   2.7406160e+06   4.4750977e+01
   2.7406480e+06   4.2132568e+01
   2.7406630e+06   3.8562012e+01
   2.7407120e+06   5.2844238e+01
   2.7407290e+06   6.0223389e+01
   2.7407410e+06   3.5943604e+01
   2.7407760e+06   4.2370605e+01
   2.7408040e+06   4.1894531e+01
   2.7408230e+06   5.9985352e+01
   2.7408710e+06   4.3084717e+01
   2.7408830e+06   3.7847900e+01
   2.7409410e+06   7.0935059e+01
   2.7410000e+06   4.2370605e+01
   2.7410390e+06   3.9990234e+01
   2.7410820e+06   3.6657715e+01
   2.7413090e+06   4.2132568e+01
   2.7413660e+06   3.6895752e+01
   2.7513610e+06   3.7133789e+01
   2.7513920e+06   3.6895752e+01
   2.7514080e+06   3.7133789e+01
   2.7514190e+06   5.6176758e+01
   2.7514530e+06   5.4986572e+01
   2.7514630e+06   5.0701904e+01
   2.7514920e+06   6.9744873e+01
   2.7515280e+06   7.1173096e+01
   2.7515470e+06   3.5943604e+01
   2.7515860e+06   9.4262695e+01
   2.7516190e+06   5.0701904e+01
   2.7516390e+06   4.8797607e+01
   2.7516500e+06   8.0218506e+01
   2.7516730e+06   5.2130127e+01
   2.7516970e+06   3.7133789e+01
   2.7517090e+06   4.7607422e+01
   2.7518000e+06   4.7845459e+01
   2.7518470e+06   4.3084717e+01
   2.7518770e+06   4.6893311e+01
   2.7519230e+06   4.3084717e+01
   2.7519880e+06   3.5943604e+01
   2.7520390e+06   3.9276123e+01
   2.7520600e+06   4.1180420e+01
   2.7523780e+06   4.1894531e+01
   2.7636450e+06   6.1175537e+01
   2.7636550e+06   3.5943604e+01
   2.7636770e+06   7.0697021e+01
   2.7636970e+06   7.2363281e+01
   2.7637280e+06   5.1177979e+01
   2.7637720e+06   7.1173096e+01
   2.7637830e+06   3.8800049e+01
   2.7637940e+06   5.2844238e+01
   2.7638220e+06   8.5693359e+01
   2.7638540e+06   6.2603760e+01
   2.7638900e+06   4.4274902e+01
   2.7639380e+06   4.2846680e+01
   2.7639740e+06   4.6893311e+01
   2.7639980e+06   4.5465088e+01
   2.7640540e+06   4.4750977e+01
   2.7640900e+06   4.2370605e+01
   2.7641420e+06   4.4274902e+01
   2.7642150e+06   4.5703125e+01
   2.7642380e+06   3.6895752e+01
   2.7642620e+06   4.8321533e+01
   2.7642940e+06   4.0942383e+01
   2.7644070e+06   3.5943604e+01
   2.7644950e+06   3.7609863e+01
   2.7645240e+06   3.5943604e+01
   2.7648180e+06   3.8800049e+01
   2.8745110e+06   5.5462646e+01
   2.8745500e+06   4.7369385e+01
   2.8745680e+06   4.4036865e+01
   2.8746030e+06   4.3084717e+01
   2.8746340e+06   5.6652832e+01
   2.8746600e+06   4.1894531e+01
   2.8746950e+06   6.5460205e+01
   2.8747230e+06   7.9028320e+01
   2.8747370e+06   7.1649170e+01
   2.8747620e+06   4.6417236e+01
   2.8747790e+06   4.0466309e+01
   2.8747930e+06   4.7845459e+01
   2.8748100e+06   3.9514160e+01
   2.8748490e+06   4.5465088e+01
   2.8748590e+06   3.6895752e+01
   2.8748790e+06   5.2130127e+01
   2.8748980e+06   6.1889648e+01
   2.8749150e+06   3.7847900e+01
   2.8749480e+06   3.6895752e+01
   2.8750020e+06   5.3320313e+01
   2.8750280e+06   4.0228271e+01
   2.8751060e+06   5.0939941e+01
   2.8751880e+06   3.5943604e+01
   2.9340880e+06   3.7847900e+01
   2.9341620e+06   5.2844238e+01
   2.9341910e+06   7.2125244e+01
   2.9342120e+06   5.1177979e+01
   2.9342240e+06   5.8795166e+01
   2.9342460e+06   8.5217285e+01
   2.9342640e+06   4.9749756e+01
   2.9342840e+06   8.6407471e+01
   2.9342970e+06   4.7131348e+01
   2.9343270e+06   7.2363281e+01
   2.9343390e+06   4.6179199e+01
   2.9343590e+06   4.3798828e+01
   2.9343770e+06   5.5700684e+01
   2.9343940e+06   4.9987793e+01
   2.9344130e+06   6.1413574e+01
   2.9344330e+06   4.9511719e+01
   2.9344740e+06   6.2127686e+01
   2.9344950e+06   4.6417236e+01
   2.9345260e+06   4.3560791e+01
   2.9345520e+06   3.6419678e+01
   2.9345890e+06   3.9990234e+01
   2.9346170e+06   3.6181641e+01
   2.9347020e+06   4.5227051e+01
   2.9347540e+06   4.2846680e+01
   2.9350490e+06   4.9511719e+01
   2.9352150e+06   3.6895752e+01
