   3.0000000e+06   0.0000000e+00
   5.8200000e+03   3.4039307e+01
   2.9760000e+04   3.4753418e+01
   1.2859100e+05   3.4515381e+01
   1.2861600e+05   3.3801270e+01
   4.0612500e+05   3.9990234e+01
   4.0910400e+05   3.4991455e+01
   4.5664100e+05   3.5229492e+01
   4.8503400e+05   4.2846680e+01
   5.8452000e+05   3.3801270e+01
   6.6871300e+05   3.4039307e+01
   6.9021600e+05   3.4039307e+01
   7.1773300e+05   3.4515381e+01
   7.5923500e+05   3.3325195e+01
   9.2155100e+05   3.4277344e+01
   1.1120730e+06   3.3087158e+01
   1.1121370e+06   3.5467529e+01
   1.1606740e+06   3.7133789e+01
   1.1856040e+06   3.6895752e+01
   1.1857180e+06   3.4991455e+01
   1.1859010e+06   4.4036865e+01
   1.2143650e+06   3.5229492e+01
   1.2144500e+06   3.3325195e+01
   1.2435050e+06   3.4039307e+01
   1.2435720e+06   3.3563232e+01
   1.2562450e+06   3.5943604e+01
   1.2563380e+06   3.7609863e+01
   1.2563780e+06   3.4515381e+01
   1.2836780e+06   3.5705566e+01
   1.2940770e+06   3.3563232e+01
   1.3555020e+06   4.4750977e+01
   1.3556140e+06   3.3563232e+01
   1.3847770e+06   4.1180420e+01
   1.4652500e+06   3.4753418e+01
   1.4759910e+06   3.3801270e+01
   1.5248740e+06   3.6657715e+01
   1.5250990e+06   4.4989014e+01
   1.9670960e+06   3.5229492e+01
   1.9825030e+06   3.6419678e+01
   2.0146730e+06   3.3801270e+01
   2.0447500e+06   3.8323975e+01
   2.0592470e+06   3.5467529e+01
   2.0665000e+06   4.2608643e+01
   2.0780220e+06   3.3563232e+01
   2.0780650e+06   3.6419678e+01
   2.1713150e+06   3.8800049e+01
   2.2521070e+06   3.4039307e+01
   2.2524080e+06   3.3801270e+01
   2.3532610e+06   3.3087158e+01
   2.4944160e+06   3.8323975e+01
   2.5730400e+06   3.6895752e+01
   2.6288520e+06   3.6181641e+01
   2.6910200e+06   3.7847900e+01
   2.7314200e+06   3.8085938e+01
   2.7804290e+06   3.3087158e+01
   2.7959950e+06   3.4515381e+01
   2.8281430e+06   3.5705566e+01
   2.8439640e+06   3.3563232e+01
   2.8769260e+06   3.5943604e+01
   2.8865250e+06   3.3087158e+01
