   3.0000000e+06   0.0000000e+00
   5.3580000e+03   3.8800049e+01
   2.9330000e+04   4.0228271e+01
   2.2107300e+05   4.5465088e+01
   2.9786100e+05   3.9276123e+01
   4.3764900e+05   4.6655273e+01
   4.7307000e+05   4.1656494e+01
   6.2770800e+05   4.2370605e+01
   7.9860000e+05   3.9038086e+01
   9.2095400e+05   3.8562012e+01
   9.8529300e+05   4.7845459e+01
   1.0952480e+06   4.3322754e+01
   1.1119130e+06   5.1892090e+01
   1.1119520e+06   4.4036865e+01
   1.1854770e+06   4.4750977e+01
   1.3172340e+06   4.4989014e+01
   1.3388960e+06   3.9276123e+01
   1.3845050e+06   3.8800049e+01
   1.4448720e+06   4.3322754e+01
   1.5052800e+06   3.9990234e+01
   1.5749930e+06   3.9752197e+01
   1.6666570e+06   4.7369385e+01
   1.6933460e+06   4.1894531e+01
   1.6933790e+06   4.1418457e+01
   1.7272050e+06   3.9276123e+01
   1.7406750e+06   3.8323975e+01
   1.7756720e+06   4.2132568e+01
   1.8010470e+06   4.0942383e+01
   1.8352220e+06   3.9514160e+01
   1.9670290e+06   3.8800049e+01
   1.9823870e+06   4.1656494e+01
   2.0072400e+06   4.2608643e+01
   2.0184370e+06   5.0701904e+01
   2.0447570e+06   4.0704346e+01
   2.0937550e+06   3.8323975e+01
   2.1031310e+06   4.0228271e+01
   2.1442160e+06   4.2132568e+01
   2.1442370e+06   3.9990234e+01
   2.1713210e+06   4.2608643e+01
   2.8861420e+06   4.2608643e+01
