   3.0000000e+06   0.0000000e+00
   3.2290000e+03   3.6419678e+01
   3.3700000e+03   3.2135010e+01
   5.1670000e+03   3.2135010e+01
   5.1820000e+03   3.4039307e+01
   5.2530000e+03   3.8562012e+01
   5.2790000e+03   3.5467529e+01
   5.3010000e+03   3.9990234e+01
   5.3140000e+03   9.2596436e+01
   5.3250000e+03   3.2611084e+01
   5.3700000e+03   3.6657715e+01
   5.3950000e+03   3.2373047e+01
   2.1300000e+04   3.1896973e+01
   2.1388000e+04   3.1182861e+01
   2.1500000e+04   3.4515381e+01
   2.6653000e+04   3.2849121e+01
   2.6671000e+04   3.6181641e+01
   2.6697000e+04   4.5941162e+01
   2.6829000e+04   4.4989014e+01
   2.6846000e+04   4.1180420e+01
   2.7033000e+04   3.3087158e+01
   2.7559000e+04   3.4753418e+01
   2.7569000e+04   3.1182861e+01
   2.7664000e+04   4.6417236e+01
   2.7903000e+04   4.2846680e+01
   2.7935000e+04   3.3801270e+01
   2.7957000e+04   1.0021362e+02
   2.8118000e+04   4.1418457e+01
   2.8151000e+04   3.4991455e+01
   2.9415000e+04   4.3560791e+01
   2.9433000e+04   4.7131348e+01
   2.9450000e+04   4.4036865e+01
   2.9470000e+04   3.5943604e+01
   2.9503000e+04   4.3560791e+01
   2.9713000e+04   3.1658936e+01
   2.9882000e+04   3.1182861e+01
   3.0047000e+04   3.1420898e+01
   4.2693000e+04   3.2135010e+01
   4.3627000e+04   3.3801270e+01
   4.4227000e+04   3.2373047e+01
   4.4901000e+04   4.6417236e+01
   4.4957000e+04   5.0701904e+01
   4.5072000e+04   3.1896973e+01
   4.5096000e+04   3.3563232e+01
   4.5117000e+04   5.6890869e+01
   4.5138000e+04   4.4036865e+01
   4.5762000e+04   5.0939941e+01
   4.5790000e+04   3.9276123e+01
   4.5835000e+04   4.0466309e+01
   4.5885000e+04   3.4277344e+01
   4.5902000e+04   5.6890869e+01
   4.5925000e+04   4.6655273e+01
   4.5972000e+04   4.0228271e+01
   5.6112000e+04   3.2135010e+01
   5.6291000e+04   3.2135010e+01
   5.6789000e+04   4.5465088e+01
   5.7261000e+04   5.3796387e+01
   5.7335000e+04   3.2611084e+01
   5.7507000e+04   3.4039307e+01
   5.7790000e+04   3.4039307e+01
   5.7816000e+04   3.4277344e+01
   5.7848000e+04   3.3325195e+01
   5.7873000e+04   4.3560791e+01
   5.7899000e+04   4.8083496e+01
   5.7984000e+04   3.2611084e+01
   5.8029000e+04   3.5229492e+01
   6.7257000e+04   3.5705566e+01
   6.7576000e+04   3.1896973e+01
   6.8567000e+04   4.9511719e+01
   6.8677000e+04   3.2135010e+01
   6.8710000e+04   3.6419678e+01
   6.8753000e+04   3.3801270e+01
   6.8987000e+04   3.8800049e+01
   6.9233000e+04   4.6179199e+01
   7.8854000e+04   3.1182861e+01
   7.8998000e+04   3.2135010e+01
   7.9040000e+04   3.2849121e+01
   7.9112000e+04   4.0942383e+01
   7.9132000e+04   5.1416016e+01
   7.9151000e+04   4.1656494e+01
   7.9163000e+04   8.4265137e+01
   7.9189000e+04   3.2135010e+01
   7.9793000e+04   3.4991455e+01
   7.9807000e+04   3.2373047e+01
   7.9858000e+04   4.0704346e+01
   7.9914000e+04   3.6895752e+01
   7.9974000e+04   4.5227051e+01
   8.0076000e+04   3.4515381e+01
   8.0906000e+04   3.4515381e+01
   9.1882000e+04   3.7371826e+01
   9.1910000e+04   3.8562012e+01
   9.1988000e+04   3.1658936e+01
   9.2320000e+04   3.2135010e+01
   9.2334000e+04   4.0228271e+01
   9.2353000e+04   3.1896973e+01
   9.2375000e+04   4.4750977e+01
   9.2402000e+04   3.8562012e+01
   9.2433000e+04   3.7847900e+01
   9.9310000e+04   4.3322754e+01
   9.9326000e+04   3.8562012e+01
   9.9752000e+04   3.2849121e+01
   9.9826000e+04   3.1658936e+01
   9.9840000e+04   6.4984131e+01
   9.9858000e+04   3.2373047e+01
   9.9892000e+04   3.3087158e+01
   9.9918000e+04   3.1658936e+01
   9.9951000e+04   4.4989014e+01
   9.9998000e+04   3.6419678e+01
   1.0049000e+05   3.2135010e+01
   1.0087700e+05   3.1420898e+01
   1.1212700e+05   3.5229492e+01
   1.1223000e+05   3.2849121e+01
   1.1314300e+05   3.3801270e+01
   1.1322800e+05   3.2611084e+01
   1.1338800e+05   3.3563232e+01
   1.1350000e+05   4.4274902e+01
   1.1351300e+05   3.1420898e+01
   1.1357400e+05   4.0704346e+01
   1.1384700e+05   3.4277344e+01
   1.1387300e+05   3.2373047e+01
   1.1483400e+05   3.1896973e+01
   1.1492400e+05   3.3087158e+01
   1.1498400e+05   6.3317871e+01
   1.1499600e+05   3.8800049e+01
   1.1538000e+05   3.1420898e+01
   1.1545800e+05   5.2130127e+01
   1.1552600e+05   3.1420898e+01
   1.1554800e+05   5.9271240e+01
   1.1557000e+05   3.6181641e+01
   1.1560400e+05   3.7133789e+01
   1.1743000e+05   3.2135010e+01
   1.1864700e+05   3.3087158e+01
   1.2791000e+05   3.7133789e+01
   1.2793900e+05   4.4989014e+01
   1.2796400e+05   3.3325195e+01
   1.2798300e+05   4.5227051e+01
   1.2801400e+05   3.5229492e+01
   1.2863700e+05   3.4991455e+01
   1.2866200e+05   3.1420898e+01
   1.2867900e+05   3.2849121e+01
   1.2871400e+05   3.4515381e+01
   1.3770600e+05   3.4515381e+01
   1.3774800e+05   3.1896973e+01
   1.3778400e+05   3.2611084e+01
   1.3779600e+05   3.4277344e+01
   1.3785700e+05   3.5229492e+01
   1.3884800e+05   3.1420898e+01
   1.3907500e+05   4.0466309e+01
   1.3909500e+05   3.4039307e+01
   1.4734800e+05   3.1182861e+01
   1.4752500e+05   3.1896973e+01
   1.4755500e+05   3.4039307e+01
   1.5509200e+05   3.1896973e+01
   1.5512100e+05   4.1894531e+01
   1.5840400e+05   3.3325195e+01
   1.5883600e+05   3.2373047e+01
   1.5893500e+05   3.1658936e+01
   1.5897900e+05   7.1173096e+01
   1.5931900e+05   3.2849121e+01
   1.7686700e+05   3.2135010e+01
   1.7697100e+05   3.4753418e+01
   1.7698700e+05   4.6417236e+01
   1.7709100e+05   3.4753418e+01
   1.7739400e+05   4.0704346e+01
   1.7747200e+05   4.4750977e+01
   1.7839100e+05   3.5229492e+01
   1.7847000e+05   3.2373047e+01
   1.7848200e+05   7.4029541e+01
   1.7920000e+05   3.7609863e+01
   1.8501300e+05   3.2373047e+01
   1.8562900e+05   5.2368164e+01
   1.8565800e+05   8.5455322e+01
   1.8572100e+05   4.1418457e+01
   1.8576200e+05   6.6888428e+01
   1.8581400e+05   3.2135010e+01
   1.9251100e+05   3.8800049e+01
   1.9254300e+05   3.4039307e+01
   1.9260200e+05   3.1896973e+01
   1.9426800e+05   3.9276123e+01
   1.9430100e+05   3.7371826e+01
   1.9431200e+05   6.2127686e+01
   1.9438800e+05   3.3087158e+01
   1.9441700e+05   3.8800049e+01
   1.9444100e+05   3.1420898e+01
   2.0610500e+05   3.9514160e+01
   2.0611500e+05   3.1182861e+01
   2.0723100e+05   3.3801270e+01
   2.0726700e+05   3.2849121e+01
   2.0729400e+05   3.7133789e+01
   2.0740500e+05   4.0942383e+01
   2.0993700e+05   3.2373047e+01
   2.1920000e+05   3.7133789e+01
   2.1936800e+05   3.7609863e+01
   2.2098800e+05   3.1182861e+01
   2.2100900e+05   6.8792725e+01
   2.2104100e+05   5.9509277e+01
   2.2105600e+05   6.8554688e+01
   2.2112100e+05   3.4991455e+01
   2.2114400e+05   3.3087158e+01
   2.3433200e+05   3.7609863e+01
   2.3438200e+05   3.1658936e+01
   2.3439600e+05   4.2608643e+01
   2.3441800e+05   5.0463867e+01
   2.3442900e+05   4.5227051e+01
   2.3445000e+05   6.1413574e+01
   2.3446900e+05   4.0228271e+01
   2.4440800e+05   3.4991455e+01
   2.4475600e+05   3.3563232e+01
   2.4487000e+05   3.7609863e+01
   2.4491500e+05   5.4510498e+01
   2.4510400e+05   5.0225830e+01
   2.4611400e+05   4.1180420e+01
   2.4617000e+05   3.2611084e+01
   2.5472700e+05   3.1658936e+01
   2.5493900e+05   3.4991455e+01
   2.5509700e+05   3.6419678e+01
   2.5570800e+05   3.9514160e+01
   2.5572400e+05   3.3087158e+01
   2.5584300e+05   3.9514160e+01
   2.5588800e+05   3.1420898e+01
   2.5592300e+05   4.6417236e+01
   2.5599000e+05   3.2611084e+01
   2.5722600e+05   3.1896973e+01
   2.5725300e+05   4.2608643e+01
   2.5728800e+05   4.4750977e+01
   2.5730300e+05   3.6895752e+01
   2.5733800e+05   3.2849121e+01
   2.5734900e+05   5.3320313e+01
   2.6712700e+05   3.4753418e+01
   2.6715100e+05   3.3325195e+01
   2.6730300e+05   3.2373047e+01
   2.6734500e+05   3.6657715e+01
   2.6737500e+05   3.5467529e+01
   2.6748800e+05   3.5943604e+01
   2.7606300e+05   3.1658936e+01
   2.7609800e+05   3.2373047e+01
   2.7612300e+05   3.1896973e+01
   2.7613700e+05   3.8085938e+01
   2.7615800e+05   3.6419678e+01
   2.7619100e+05   3.4277344e+01
   2.7624100e+05   3.9038086e+01
   2.8362000e+05   3.4039307e+01
   2.8370100e+05   3.1182861e+01
   2.8412300e+05   3.2611084e+01
   2.8623400e+05   3.2611084e+01
   2.8635900e+05   3.1420898e+01
   2.8637100e+05   3.4991455e+01
   2.8639200e+05   9.9737549e+01
   2.8640600e+05   3.2849121e+01
   2.8913700e+05   3.9514160e+01
   2.8919400e+05   3.4515381e+01
   2.8923300e+05   4.3798828e+01
   2.8926000e+05   3.4991455e+01
   2.9771100e+05   4.9987793e+01
   2.9773800e+05   3.8085938e+01
   2.9776100e+05   3.9752197e+01
   2.9779700e+05   5.1416016e+01
   2.9782500e+05   3.1658936e+01
   2.9787700e+05   3.4991455e+01
   2.9790100e+05   3.2135010e+01
   3.0887800e+05   3.2135010e+01
   3.0920400e+05   3.2135010e+01
   3.1161700e+05   3.8800049e+01
   3.1163000e+05   4.2846680e+01
   3.1165600e+05   3.2849121e+01
   3.1168500e+05   4.0466309e+01
   3.1171800e+05   3.1896973e+01
   3.1177600e+05   3.1658936e+01
   3.1254900e+05   5.4986572e+01
   3.1257200e+05   3.2611084e+01
   3.1319100e+05   3.3801270e+01
   3.1532100e+05   3.2135010e+01
   3.1650700e+05   3.2373047e+01
   3.1763400e+05   3.2373047e+01
   3.1831600e+05   5.7366943e+01
   3.2075400e+05   3.7847900e+01
   3.2143000e+05   6.3079834e+01
   3.2145300e+05   4.8083496e+01
   3.2377500e+05   3.3087158e+01
   3.2381100e+05   6.4031982e+01
   3.2384500e+05   7.1887207e+01
   3.2387500e+05   6.1413574e+01
   3.2389300e+05   4.5465088e+01
   3.3688900e+05   3.1658936e+01
   3.3721100e+05   3.3087158e+01
   3.3722600e+05   4.4750977e+01
   3.3725300e+05   3.6657715e+01
   3.3757600e+05   5.1416016e+01
   3.4500300e+05   4.1418457e+01
   3.4501500e+05   3.5705566e+01
   3.4505800e+05   3.4039307e+01
   3.4512600e+05   3.1658936e+01
   3.4523400e+05   3.3801270e+01
   3.5323000e+05   3.3325195e+01
   3.5327600e+05   3.6419678e+01
   3.5329700e+05   3.3801270e+01
   3.5332800e+05   3.5705566e+01
   3.5336000e+05   3.7847900e+01
   3.5341100e+05   3.2849121e+01
   3.5371600e+05   3.2373047e+01
   3.6508300e+05   3.6657715e+01
   3.6509600e+05   3.7847900e+01
   3.6511300e+05   3.9990234e+01
   3.6514200e+05   4.6893311e+01
   3.6515900e+05   3.5229492e+01
   3.6548700e+05   3.2611084e+01
   3.6931700e+05   4.5465088e+01
   3.6977600e+05   3.5467529e+01
   3.7521800e+05   3.5943604e+01
   3.7525100e+05   3.4991455e+01
   3.7547100e+05   3.6895752e+01
   3.7565300e+05   3.1658936e+01
   3.8226100e+05   3.5467529e+01
   3.8227500e+05   3.6895752e+01
   3.8229700e+05   5.1892090e+01
   3.8232800e+05   3.2849121e+01
   3.8237400e+05   5.2368164e+01
   3.8241000e+05   3.7371826e+01
   3.8251800e+05   3.1182861e+01
   3.9246600e+05   3.3325195e+01
   3.9310800e+05   3.2373047e+01
   3.9316800e+05   4.8559570e+01
   3.9319000e+05   3.3563232e+01
   3.9320300e+05   3.4753418e+01
   3.9321800e+05   3.1182861e+01
   3.9324900e+05   3.7133789e+01
   3.9353600e+05   3.2135010e+01
   3.9356900e+05   4.7845459e+01
   3.9616700e+05   5.4272461e+01
   3.9622600e+05   3.8562012e+01
   4.0054400e+05   3.2135010e+01
   4.0063400e+05   3.8800049e+01
   4.0065300e+05   3.8562012e+01
   4.0082400e+05   3.1420898e+01
   4.0563700e+05   3.1658936e+01
   4.0617200e+05   4.6179199e+01
   4.0618200e+05   3.4515381e+01
   4.0622200e+05   5.4986572e+01
   4.0915700e+05   3.3087158e+01
   4.0916700e+05   3.6895752e+01
   4.1064400e+05   6.4270020e+01
   4.1115800e+05   3.1420898e+01
   4.1117600e+05   3.6181641e+01
   4.1582300e+05   3.4039307e+01
   4.1583300e+05   4.4274902e+01
   4.1585900e+05   4.0942383e+01
   4.1589400e+05   3.2611084e+01
   4.1591600e+05   8.2598877e+01
   4.1592600e+05   3.4039307e+01
   4.1600800e+05   5.2844238e+01
   4.1626700e+05   3.4515381e+01
   4.1724900e+05   5.4034424e+01
   4.2740600e+05   3.3325195e+01
   4.2743700e+05   3.4039307e+01
   4.2752600e+05   3.1420898e+01
   4.2783100e+05   3.1420898e+01
   4.2785400e+05   6.5936279e+01
   4.2791600e+05   3.3563232e+01
   4.3101800e+05   3.1420898e+01
   4.3106100e+05   3.1420898e+01
   4.3167200e+05   6.1651611e+01
   4.3168300e+05   3.9514160e+01
   4.3174400e+05   3.3801270e+01
   4.3287400e+05   3.3087158e+01
   4.3288500e+05   3.4753418e+01
   4.3684200e+05   3.1896973e+01
   4.3772200e+05   3.3325195e+01
   4.3773300e+05   6.4508057e+01
   4.3775400e+05   3.3087158e+01
   4.3779800e+05   4.1418457e+01
   4.3781700e+05   3.1896973e+01
   4.3783000e+05   4.1180420e+01
   4.3805300e+05   3.2135010e+01
   4.3810100e+05   3.4277344e+01
   4.4784900e+05   7.5457764e+01
   4.4838800e+05   3.6181641e+01
   4.4852200e+05   3.4991455e+01
   4.4865400e+05   3.5229492e+01
   4.4876000e+05   3.1182861e+01
   4.5620500e+05   4.9987793e+01
   4.5622800e+05   3.7371826e+01
   4.5626400e+05   3.2135010e+01
   4.5637600e+05   3.5467529e+01
   4.5641100e+05   3.1896973e+01
   4.5664800e+05   3.1658936e+01
   4.5946900e+05   6.8078613e+01
   4.5987100e+05   3.3087158e+01
   4.5992500e+05   3.2611084e+01
   4.5993600e+05   6.3317871e+01
   4.6495000e+05   5.0939941e+01
   4.6523000e+05   4.2370605e+01
   4.6526700e+05   3.5705566e+01
   4.6532100e+05   3.5229492e+01
   4.6639400e+05   4.9273682e+01
   4.6640400e+05   3.3801270e+01
   4.6642900e+05   4.5941162e+01
   4.6786500e+05   3.4277344e+01
   4.7028800e+05   4.7369385e+01
   4.7031800e+05   3.5705566e+01
   4.7304200e+05   3.1182861e+01
   4.7306300e+05   3.5229492e+01
   4.7308700e+05   3.2849121e+01
   4.7310600e+05   6.9268799e+01
   4.7311600e+05   5.7366943e+01
   4.7314300e+05   4.2608643e+01
   4.8324100e+05   3.3325195e+01
   4.8351800e+05   3.2135010e+01
   4.8353500e+05   3.1420898e+01
   4.8356700e+05   3.1896973e+01
   4.8475900e+05   5.1416016e+01
   4.8477300e+05   4.4989014e+01
   4.8506200e+05   4.3798828e+01
   4.8517400e+05   4.8559570e+01
   4.8740700e+05   3.1658936e+01
   4.8742100e+05   4.7845459e+01
   4.8856800e+05   3.6657715e+01
   4.8883300e+05   3.2611084e+01
   4.9798800e+05   3.2849121e+01
   4.9809000e+05   3.1420898e+01
   4.9812100e+05   4.1894531e+01
   4.9817800e+05   3.8562012e+01
   4.9819600e+05   3.6181641e+01
   4.9824900e+05   4.0228271e+01
   4.9826300e+05   3.3087158e+01
   5.0483800e+05   4.7369385e+01
   5.0485100e+05   3.2135010e+01
   5.0488700e+05   4.7131348e+01
   5.0493100e+05   3.6181641e+01
   5.0506800e+05   3.2373047e+01
   5.0569500e+05   3.1182861e+01
   5.0577200e+05   3.4991455e+01
   5.0712300e+05   4.7607422e+01
   5.0829200e+05   5.9747314e+01
   5.0880800e+05   4.9987793e+01
   5.1209100e+05   3.4277344e+01
   5.1216500e+05   4.3084717e+01
   5.1317800e+05   3.1182861e+01
   5.1321200e+05   3.4991455e+01
   5.1328900e+05   7.9028320e+01
   5.1330300e+05   3.9038086e+01
   5.2034800e+05   3.7133789e+01
   5.2148200e+05   6.1889648e+01
   5.2154300e+05   6.1175537e+01
   5.2218700e+05   3.1182861e+01
   5.2221900e+05   3.3087158e+01
   5.2224000e+05   5.0225830e+01
   5.2229400e+05   3.3801270e+01
   5.2234900e+05   3.4753418e+01
   5.2451500e+05   3.7371826e+01
   5.3275700e+05   3.2611084e+01
   5.3291200e+05   3.4039307e+01
   5.3292500e+05   3.2135010e+01
   5.3295300e+05   3.9038086e+01
   5.3296800e+05   4.2608643e+01
   5.3300200e+05   3.4277344e+01
   5.3303500e+05   6.4508057e+01
   5.3306100e+05   3.2135010e+01
   5.3309300e+05   3.5943604e+01
   5.3310900e+05   4.3798828e+01
   5.3314600e+05   3.6181641e+01
   5.3693600e+05   3.1896973e+01
   5.3846400e+05   5.4986572e+01
   5.3938000e+05   5.0701904e+01
   5.4379600e+05   3.4991455e+01
   5.4383700e+05   4.3322754e+01
   5.4385900e+05   5.3320313e+01
   5.4388700e+05   4.6179199e+01
   5.4393100e+05   4.6179199e+01
   5.4394200e+05   6.5698242e+01
   5.4396600e+05   5.4510498e+01
   5.4398400e+05   4.2132568e+01
   5.4403000e+05   4.1418457e+01
   5.5483800e+05   3.3087158e+01
   5.5504300e+05   3.5943604e+01
   5.5511600e+05   3.4515381e+01
   5.5513500e+05   3.7847900e+01
   5.6217800e+05   3.5229492e+01
   5.6247600e+05   3.1182861e+01
   5.6269500e+05   4.1656494e+01
   5.6273300e+05   3.4277344e+01
   5.6975400e+05   3.3325195e+01
   5.7011400e+05   3.4753418e+01
   5.7014500e+05   4.5941162e+01
   5.7027200e+05   3.3801270e+01
   5.7111900e+05   3.9514160e+01
   5.7115100e+05   3.7609863e+01
   5.7117900e+05   3.5229492e+01
   5.7120900e+05   9.1168213e+01
   5.7839100e+05   3.1182861e+01
   5.7927100e+05   3.1420898e+01
   5.7929900e+05   3.9752197e+01
   5.7937100e+05   3.9752197e+01
   5.7941300e+05   3.1658936e+01
   5.8089500e+05   4.5941162e+01
   5.8099000e+05   5.9509277e+01
   5.8452800e+05   3.1182861e+01
   5.8455300e+05   5.2130127e+01
   5.8582400e+05   3.3325195e+01
   5.9097900e+05   3.3325195e+01
   5.9104900e+05   5.1892090e+01
   5.9954600e+05   3.4039307e+01
   5.9962300e+05   3.5705566e+01
   6.0015200e+05   3.1896973e+01
   6.0016300e+05   4.4989014e+01
   6.0321400e+05   3.5467529e+01
   6.0325500e+05   3.7371826e+01
   6.0357000e+05   3.4277344e+01
   6.1389200e+05   3.4515381e+01
   6.1393700e+05   3.2373047e+01
   6.1394800e+05   5.0701904e+01
   6.1400500e+05   3.5943604e+01
   6.1401700e+05   6.9268799e+01
   6.1405100e+05   3.7847900e+01
   6.1409500e+05   4.3798828e+01
   6.2270300e+05   4.4989014e+01
   6.2273800e+05   4.9273682e+01
   6.2276400e+05   3.8800049e+01
   6.2281500e+05   3.3087158e+01
   6.2282600e+05   3.1658936e+01
   6.2664100e+05   3.1658936e+01
   6.2673400e+05   3.3563232e+01
   6.2675400e+05   3.3563232e+01
   6.2676900e+05   3.5943604e+01
   6.2682300e+05   3.9990234e+01
   6.2763900e+05   3.7133789e+01
   6.2768000e+05   5.1654053e+01
   6.2769500e+05   5.1892090e+01
   6.2770500e+05   5.5224609e+01
   6.2772300e+05   7.3553467e+01
   6.2773800e+05   4.1894531e+01
   6.2776800e+05   3.2373047e+01
   6.2781500e+05   3.1420898e+01
   6.2782500e+05   4.4989014e+01
   6.2789400e+05   3.2135010e+01
   6.2852700e+05   3.1182861e+01
   6.3101900e+05   6.2603760e+01
   6.4085700e+05   3.8323975e+01
   6.4088100e+05   3.7609863e+01
   6.4092300e+05   3.4039307e+01
   6.4093900e+05   3.3801270e+01
   6.4095700e+05   3.5943604e+01
   6.4098600e+05   5.1416016e+01
   6.4107100e+05   3.2135010e+01
   6.4968000e+05   3.2611084e+01
   6.5081200e+05   5.4034424e+01
   6.5673800e+05   3.5943604e+01
   6.5680000e+05   3.9038086e+01
   6.5681700e+05   3.5705566e+01
   6.5685000e+05   5.5462646e+01
   6.5688000e+05   4.3084717e+01
   6.5692600e+05   3.5705566e+01
   6.6004300e+05   4.4512939e+01
   6.6111700e+05   5.3796387e+01
   6.6112900e+05   3.6419678e+01
   6.6837100e+05   3.1896973e+01
   6.6839400e+05   5.0701904e+01
   6.6840400e+05   3.1896973e+01
   6.6842900e+05   4.7131348e+01
   6.6844700e+05   4.2608643e+01
   6.6847400e+05   3.5229492e+01
   6.6851000e+05   4.8559570e+01
   6.7974000e+05   3.1896973e+01
   6.7975100e+05   4.9987793e+01
   6.7976600e+05   3.1182861e+01
   6.7980400e+05   3.8562012e+01
   6.7986400e+05   3.3801270e+01
   6.8077000e+05   3.1420898e+01
   6.8086300e+05   5.5462646e+01
   6.8091800e+05   3.2849121e+01
   6.8133900e+05   3.4277344e+01
   6.8135100e+05   3.4991455e+01
   6.8138800e+05   6.1413574e+01
   6.8885400e+05   3.3563232e+01
   6.8964400e+05   3.1658936e+01
   6.8984000e+05   3.3801270e+01
   6.8986800e+05   5.1654053e+01
   6.8988900e+05   5.7604980e+01
   6.8993700e+05   3.2849121e+01
   6.8996200e+05   6.0699463e+01
   6.9995000e+05   3.3563232e+01
   6.9996300e+05   3.3087158e+01
   6.9999200e+05   3.4991455e+01
   7.0001700e+05   5.0939941e+01
   7.0038900e+05   3.3087158e+01
   7.0040300e+05   3.6895752e+01
   7.0234900e+05   3.3563232e+01
   7.0378000e+05   4.2608643e+01
   7.1051700e+05   3.6895752e+01
   7.1055200e+05   3.1658936e+01
   7.1086100e+05   3.1658936e+01
   7.1643100e+05   3.9514160e+01
   7.1651200e+05   3.2611084e+01
   7.1652800e+05   3.5229492e+01
   7.1657500e+05   3.4753418e+01
   7.1661900e+05   4.2608643e+01
   7.1671300e+05   3.2373047e+01
   7.2601000e+05   3.9038086e+01
   7.2612600e+05   3.2373047e+01
   7.2614400e+05   3.3563232e+01
   7.2621200e+05   3.9038086e+01
   7.2622600e+05   3.1896973e+01
   7.2624400e+05   6.9506836e+01
   7.3262600e+05   3.9990234e+01
   7.3264700e+05   3.2611084e+01
   7.3266600e+05   3.5705566e+01
   7.4222100e+05   3.1182861e+01
   7.4227500e+05   3.9038086e+01
   7.4239400e+05   4.9035645e+01
   7.5068900e+05   3.1182861e+01
   7.5080300e+05   5.2606201e+01
   7.5085000e+05   5.8557129e+01
   7.5120100e+05   4.2608643e+01
   7.5282000e+05   3.5467529e+01
   7.5868700e+05   4.0228271e+01
   7.5870700e+05   4.7845459e+01
   7.5872800e+05   3.8562012e+01
   7.5876700e+05   4.4989014e+01
   7.6719100e+05   3.6895752e+01
   7.6744000e+05   3.1420898e+01
   7.6804800e+05   4.4989014e+01
   7.6805800e+05   3.2135010e+01
   7.6815800e+05   3.4991455e+01
   7.6817400e+05   3.3325195e+01
   7.6819600e+05   3.4039307e+01
   7.6823200e+05   4.2608643e+01
   7.6966700e+05   3.1896973e+01
   7.7064500e+05   3.4277344e+01
   7.7120100e+05   3.2611084e+01
   7.7122100e+05   3.2373047e+01
   7.7123500e+05   4.0942383e+01
   7.7127300e+05   3.7371826e+01
   7.7131400e+05   5.4748535e+01
   7.7144300e+05   3.8323975e+01
   7.7146700e+05   3.5705566e+01
   7.7150600e+05   3.2135010e+01
   7.7156000e+05   3.4515381e+01
   7.7158400e+05   3.2373047e+01
   7.7932400e+05   3.7371826e+01
   7.8040900e+05   3.2611084e+01
   7.8045900e+05   3.5467529e+01
   7.8099400e+05   3.4753418e+01
   7.8103900e+05   4.2132568e+01
   7.8105800e+05   4.3560791e+01
   7.8107400e+05   7.8790283e+01
   7.8113300e+05   3.9276123e+01
   7.8114900e+05   3.3801270e+01
   7.9092600e+05   3.3801270e+01
   7.9096800e+05   3.1420898e+01
   7.9100900e+05   3.6181641e+01
   7.9113300e+05   3.8323975e+01
   7.9116400e+05   3.2135010e+01
   7.9181900e+05   3.1896973e+01
   7.9859300e+05   3.5705566e+01
   7.9861600e+05   3.1896973e+01
   7.9866200e+05   4.5703125e+01
   7.9867500e+05   3.1658936e+01
   7.9871400e+05   3.9514160e+01
   8.0092500e+05   3.1420898e+01
   8.0136400e+05   3.3801270e+01
   8.0139900e+05   3.1182861e+01
   8.0150100e+05   4.1418457e+01
   8.0325800e+05   3.5943604e+01
   8.0346000e+05   3.1420898e+01
   8.0399900e+05   4.1180420e+01
   8.0712600e+05   3.6181641e+01
   8.1410300e+05   3.1420898e+01
   8.1423200e+05   4.9511719e+01
   8.1424300e+05   3.1658936e+01
   8.1443800e+05   3.2849121e+01
   8.1543700e+05   3.3563232e+01
   8.2338800e+05   3.3087158e+01
   8.2505800e+05   3.1896973e+01
   8.2507800e+05   4.5465088e+01
   8.2511000e+05   3.4991455e+01
   8.2514500e+05   3.9038086e+01
   8.2517100e+05   6.5698242e+01
   8.2519500e+05   3.5705566e+01
   8.2523400e+05   3.1420898e+01
   8.2889500e+05   3.4039307e+01
   8.3633800e+05   3.1420898e+01
   8.3635700e+05   3.5943604e+01
   8.3639200e+05   3.5229492e+01
   8.3700700e+05   3.4039307e+01
   8.3712200e+05   6.2127686e+01
   8.3713500e+05   4.6417236e+01
   8.3715500e+05   3.9038086e+01
   8.3751500e+05   3.4991455e+01
   8.3785100e+05   3.3325195e+01
   8.3944400e+05   3.5467529e+01
   8.3959600e+05   3.2849121e+01
   8.4053900e+05   3.5943604e+01
   8.4059800e+05   3.4753418e+01
   8.4062100e+05   3.4991455e+01
   8.4064500e+05   5.2844238e+01
   8.4068900e+05   3.3563232e+01
   8.4072100e+05   4.4512939e+01
   8.4073900e+05   8.5455322e+01
   8.4075900e+05   3.4277344e+01
   8.4078700e+05   3.6181641e+01
   8.5421300e+05   3.3801270e+01
   8.5422600e+05   3.9752197e+01
   8.5423800e+05   3.6895752e+01
   8.5430000e+05   3.1182861e+01
   8.5431600e+05   3.4991455e+01
   8.5449400e+05   5.0463867e+01
   8.6479100e+05   3.5705566e+01
   8.6527700e+05   3.3563232e+01
   8.6531200e+05   3.1420898e+01
   8.6569600e+05   3.3087158e+01
   8.6646400e+05   6.1651611e+01
   8.6655300e+05   3.7847900e+01
   8.6656400e+05   3.7133789e+01
   8.6657600e+05   3.4991455e+01
   8.6697500e+05   3.3087158e+01
   8.6700900e+05   3.7133789e+01
   8.6934600e+05   3.8085938e+01
   8.6939400e+05   4.3322754e+01
   8.6944100e+05   3.8800049e+01
   8.6948700e+05   4.6893311e+01
   8.6951300e+05   3.4039307e+01
   8.7687600e+05   3.4753418e+01
   8.7898800e+05   3.4753418e+01
   8.7902000e+05   3.1182861e+01
   8.7909500e+05   3.7609863e+01
   8.7911800e+05   3.9752197e+01
   8.7922600e+05   3.3087158e+01
   8.7924800e+05   3.3087158e+01
   8.7929900e+05   3.4753418e+01
   8.7931200e+05   3.9514160e+01
   8.7942100e+05   3.2611084e+01
   8.8703700e+05   3.4515381e+01
   8.8706300e+05   3.1896973e+01
   8.8710400e+05   4.3798828e+01
   8.8712400e+05   3.3325195e+01
   8.8742100e+05   3.1896973e+01
   8.8889900e+05   6.2127686e+01
   8.9433700e+05   3.6181641e+01
   8.9436500e+05   3.3087158e+01
   8.9437900e+05   3.1896973e+01
   8.9440400e+05   3.9990234e+01
   8.9442600e+05   9.6643066e+01
   8.9446100e+05   6.7602539e+01
   8.9447900e+05   3.8562012e+01
   8.9451100e+05   3.2373047e+01
   8.9848600e+05   3.4039307e+01
   8.9907500e+05   3.5943604e+01
   9.0509100e+05   3.1658936e+01
   9.0538400e+05   3.1658936e+01
   9.0566900e+05   3.4515381e+01
   9.0568800e+05   3.4515381e+01
   9.0675500e+05   3.4277344e+01
   9.0886000e+05   3.2373047e+01
   9.0889400e+05   4.0704346e+01
   9.0892900e+05   3.9514160e+01
   9.0894600e+05   3.7847900e+01
   9.0897000e+05   7.8076172e+01
   9.0898100e+05   3.2135010e+01
   9.0900600e+05   5.8319092e+01
   9.0903300e+05   4.5941162e+01
   9.0924300e+05   3.3087158e+01
   9.0948500e+05   3.1420898e+01
   9.1189500e+05   3.5943604e+01
   9.1192600e+05   6.0699463e+01
   9.1202700e+05   3.2135010e+01
   9.2096400e+05   3.5467529e+01
   9.2104900e+05   6.3555908e+01
   9.2106400e+05   3.2611084e+01
   9.3123200e+05   4.4274902e+01
   9.3126200e+05   3.4277344e+01
   9.3131600e+05   4.6893311e+01
   9.3135100e+05   3.2611084e+01
   9.3930400e+05   3.1420898e+01
   9.3944700e+05   3.6181641e+01
   9.3946900e+05   3.9514160e+01
   9.3948600e+05   7.3553467e+01
   9.4906600e+05   3.2611084e+01
   9.4907800e+05   4.0704346e+01
   9.4917100e+05   3.4753418e+01
   9.4937400e+05   3.3087158e+01
   9.4998600e+05   3.5467529e+01
   9.5002300e+05   3.3801270e+01
   9.5003600e+05   3.2849121e+01
   9.5012300e+05   3.2373047e+01
   9.5013500e+05   6.1413574e+01
   9.5016600e+05   3.1182861e+01
   9.5023000e+05   3.2611084e+01
   9.5108600e+05   3.5467529e+01
   9.5112700e+05   4.4036865e+01
   9.5116400e+05   5.0463867e+01
   9.5117800e+05   3.8323975e+01
   9.5122500e+05   4.6417236e+01
   9.6246200e+05   3.2611084e+01
   9.6250000e+05   3.6895752e+01
   9.6330900e+05   3.2135010e+01
   9.6341900e+05   3.8323975e+01
   9.6359000e+05   3.1420898e+01
   9.6889400e+05   3.2611084e+01
   9.6893600e+05   4.4036865e+01
   9.6895100e+05   7.1173096e+01
   9.6896300e+05   5.6414795e+01
   9.6901900e+05   3.3801270e+01
   9.7427600e+05   4.8559570e+01
   9.7432700e+05   4.2846680e+01
   9.7436900e+05   3.2135010e+01
   9.7438400e+05   6.2603760e+01
   9.7440800e+05   5.3796387e+01
   9.7443800e+05   4.2846680e+01
   9.7445700e+05   5.2368164e+01
   9.7447800e+05   3.6181641e+01
   9.7450100e+05   3.9038086e+01
   9.8524300e+05   3.9990234e+01
   9.8526100e+05   3.5705566e+01
   9.8528700e+05   5.0463867e+01
   9.8530300e+05   3.4515381e+01
   9.8533600e+05   3.4991455e+01
   9.8536100e+05   3.3325195e+01
   9.9445500e+05   4.1418457e+01
   9.9453600e+05   3.1420898e+01
   9.9516200e+05   3.4277344e+01
   9.9522000e+05   5.7604980e+01
   9.9525400e+05   3.4277344e+01
   9.9526600e+05   3.4515381e+01
   9.9836200e+05   4.1180420e+01
   9.9839900e+05   4.6179199e+01
   9.9843800e+05   5.1177979e+01
   9.9850000e+05   3.2135010e+01
   9.9852400e+05   4.9273682e+01
   9.9855100e+05   3.4753418e+01
   1.0074210e+06   3.2135010e+01
   1.0074560e+06   4.1180420e+01
   1.0074880e+06   4.3560791e+01
   1.0076220e+06   3.7609863e+01
   1.0105590e+06   3.9276123e+01
   1.0109780e+06   4.5941162e+01
   1.0110180e+06   3.5705566e+01
   1.0110460e+06   3.1182861e+01
   1.0110750e+06   4.7607422e+01
   1.0110990e+06   3.3087158e+01
   1.0111220e+06   3.2373047e+01
   1.0172740e+06   3.2611084e+01
   1.0173020e+06   3.6895752e+01
   1.0173120e+06   3.2611084e+01
   1.0190960e+06   3.3325195e+01
   1.0191710e+06   4.7845459e+01
   1.0191920e+06   4.4036865e+01
   1.0192060e+06   4.0228271e+01
   1.0192320e+06   3.1658936e+01
   1.0192550e+06   7.4267578e+01
   1.0192800e+06   3.1182861e+01
   1.0192950e+06   3.5467529e+01
   1.0193410e+06   3.1896973e+01
   1.0193730e+06   4.3560791e+01
   1.0321530e+06   3.6895752e+01
   1.0321680e+06   3.9990234e+01
   1.0334410e+06   3.3563232e+01
   1.0348880e+06   3.3087158e+01
   1.0352000e+06   4.2608643e+01
   1.0356010e+06   3.8323975e+01
   1.0427690e+06   3.3087158e+01
   1.0427840e+06   3.4991455e+01
   1.0428000e+06   3.2611084e+01
   1.0428120e+06   4.3322754e+01
   1.0428350e+06   5.0225830e+01
   1.0428550e+06   4.1656494e+01
   1.0428820e+06   3.8085938e+01
   1.0429830e+06   3.2611084e+01
   1.0539060e+06   3.1182861e+01
   1.0541070e+06   3.2849121e+01
   1.0541530e+06   4.7131348e+01
   1.0541730e+06   3.4277344e+01
   1.0541850e+06   5.6652832e+01
   1.0542090e+06   3.2135010e+01
   1.0542400e+06   3.3563232e+01
   1.0542780e+06   3.1182861e+01
   1.0568180e+06   3.1182861e+01
   1.0568360e+06   4.9749756e+01
   1.0569030e+06   3.1658936e+01
   1.0577600e+06   5.4272461e+01
   1.0684580e+06   3.1420898e+01
   1.0685220e+06   3.9752197e+01
   1.0685330e+06   3.6657715e+01
   1.0685670e+06   6.9744873e+01
   1.0685840e+06   3.9752197e+01
   1.0686670e+06   3.2611084e+01
   1.0785390e+06   3.2135010e+01
   1.0785620e+06   4.3084717e+01
   1.0785900e+06   3.6419678e+01
   1.0786040e+06   3.2373047e+01
   1.0786330e+06   3.3801270e+01
   1.0786500e+06   3.1658936e+01
   1.0803760e+06   3.2611084e+01
   1.0876910e+06   4.7845459e+01
   1.0878740e+06   3.1182861e+01
   1.0879260e+06   3.4039307e+01
   1.0889700e+06   3.4277344e+01
   1.0890290e+06   3.9276123e+01
   1.0890450e+06   4.4274902e+01
   1.0950240e+06   3.2135010e+01
   1.0950950e+06   3.6181641e+01
   1.0951050e+06   3.1896973e+01
   1.0951330e+06   3.5705566e+01
   1.0951740e+06   3.5467529e+01
   1.0952010e+06   3.3087158e+01
   1.0952200e+06   3.5943604e+01
   1.0952610e+06   3.7609863e+01
   1.0952850e+06   3.6895752e+01
   1.0952980e+06   4.0228271e+01
   1.0953810e+06   3.2373047e+01
   1.0957550e+06   3.3563232e+01
   1.0958690e+06   3.3087158e+01
   1.1091930e+06   3.1182861e+01
   1.1092230e+06   3.1658936e+01
   1.1092960e+06   3.5943604e+01
   1.1093590e+06   3.7133789e+01
   1.1102160e+06   3.2849121e+01
   1.1107060e+06   5.1177979e+01
   1.1118190e+06   3.5705566e+01
   1.1118440e+06   5.9509277e+01
   1.1118560e+06   3.8085938e+01
   1.1118740e+06   3.7133789e+01
   1.1119070e+06   4.6655273e+01
   1.1119260e+06   4.5941162e+01
   1.1119560e+06   4.9749756e+01
   1.1120380e+06   3.5705566e+01
   1.1120600e+06   3.5229492e+01
   1.1120900e+06   3.7371826e+01
   1.1121220e+06   3.8562012e+01
   1.1122780e+06   4.7369385e+01
   1.1123180e+06   3.1658936e+01
   1.1124250e+06   3.5943604e+01
   1.1124670e+06   3.5705566e+01
   1.1125170e+06   3.1658936e+01
   1.1126210e+06   3.5705566e+01
   1.1127300e+06   4.9273682e+01
   1.1128630e+06   3.7371826e+01
   1.1129360e+06   3.5943604e+01
   1.1131150e+06   3.9752197e+01
   1.1131540e+06   4.0704346e+01
   1.1133390e+06   4.7131348e+01
   1.1134510e+06   3.2373047e+01
   1.1135740e+06   3.3563232e+01
   1.1136710e+06   3.2135010e+01
   1.1138280e+06   3.4753418e+01
   1.1141330e+06   3.1896973e+01
   1.1142180e+06   3.1420898e+01
   1.1147340e+06   3.9990234e+01
   1.1425720e+06   3.5943604e+01
   1.1426420e+06   4.4750977e+01
   1.1430260e+06   4.2132568e+01
   1.1433700e+06   3.2611084e+01
   1.1436190e+06   3.2135010e+01
   1.1436600e+06   3.6181641e+01
   1.1443310e+06   3.2373047e+01
   1.1482720e+06   3.8800049e+01
   1.1483020e+06   3.1658936e+01
   1.1483650e+06   3.3087158e+01
   1.1483870e+06   4.0942383e+01
   1.1484060e+06   4.0228271e+01
   1.1484210e+06   4.1894531e+01
   1.1484400e+06   3.3563232e+01
   1.1486770e+06   3.6657715e+01
   1.1487260e+06   3.5705566e+01
   1.1601290e+06   3.1420898e+01
   1.1601570e+06   5.3558350e+01
   1.1601840e+06   7.0697021e+01
   1.1602060e+06   5.8795166e+01
   1.1602410e+06   3.7133789e+01
   1.1602610e+06   6.5936279e+01
   1.1603310e+06   3.1896973e+01
   1.1603420e+06   3.6895752e+01
   1.1604230e+06   3.2373047e+01
   1.1604360e+06   3.1420898e+01
   1.1605290e+06   3.4753418e+01
   1.1608040e+06   4.4750977e+01
   1.1608270e+06   3.2135010e+01
   1.1730040e+06   3.2611084e+01
   1.1730790e+06   3.8323975e+01
   1.1731150e+06   6.7840576e+01
   1.1731260e+06   3.7609863e+01
   1.1731500e+06   3.4991455e+01
   1.1731620e+06   3.7609863e+01
   1.1734200e+06   3.9514160e+01
   1.1734800e+06   3.5705566e+01
   1.1735090e+06   3.4039307e+01
   1.1737190e+06   3.6657715e+01
   1.1737430e+06   3.1182861e+01
   1.1737900e+06   4.0228271e+01
   1.1738160e+06   6.1413574e+01
   1.1738360e+06   3.4277344e+01
   1.1743040e+06   3.2849121e+01
   1.1743940e+06   3.7133789e+01
   1.1851560e+06   3.2135010e+01
   1.1853850e+06   3.4515381e+01
   1.1854210e+06   3.3325195e+01
   1.1854490e+06   7.7838135e+01
   1.1854720e+06   4.5227051e+01
   1.1854890e+06   5.5938721e+01
   1.1855150e+06   3.5467529e+01
   1.1855350e+06   3.9990234e+01
   1.1855510e+06   5.6652832e+01
   1.1856060e+06   4.0466309e+01
   1.1856390e+06   4.7369385e+01
   1.1859040e+06   4.0942383e+01
   1.2000300e+06   4.4750977e+01
   1.2000450e+06   5.0701904e+01
   1.2000770e+06   3.8085938e+01
   1.2001080e+06   4.1180420e+01
   1.2001260e+06   6.8554688e+01
   1.2001450e+06   5.2606201e+01
   1.2001630e+06   3.3325195e+01
   1.2002010e+06   4.9749756e+01
   1.2002140e+06   3.3801270e+01
   1.2002540e+06   4.4512939e+01
   1.2005690e+06   3.1658936e+01
   1.2006190e+06   3.1420898e+01
   1.2006650e+06   3.6181641e+01
   1.2034710e+06   5.7128906e+01
   1.2037330e+06   4.9749756e+01
   1.2140290e+06   3.7371826e+01
   1.2140450e+06   4.8083496e+01
   1.2140760e+06   4.3322754e+01
   1.2140890e+06   4.5941162e+01
   1.2141010e+06   3.1420898e+01
   1.2141340e+06   5.7366943e+01
   1.2141580e+06   3.2849121e+01
   1.2143570e+06   3.6419678e+01
   1.2145000e+06   3.3087158e+01
   1.2145300e+06   4.0704346e+01
   1.2145630e+06   4.1656494e+01
   1.2146350e+06   3.3563232e+01
   1.2151060e+06   3.1182861e+01
   1.2154430e+06   3.1420898e+01
   1.2158270e+06   3.4277344e+01
   1.2160600e+06   4.1180420e+01
   1.2160770e+06   3.4277344e+01
   1.2161040e+06   3.5229492e+01
   1.2290960e+06   3.8800049e+01
   1.2291200e+06   3.8323975e+01
   1.2291390e+06   7.4981689e+01
   1.2291560e+06   4.7607422e+01
   1.2291730e+06   5.0225830e+01
   1.2291910e+06   3.5467529e+01
   1.2293330e+06   3.3325195e+01
   1.2293950e+06   3.1658936e+01
   1.2295310e+06   4.8559570e+01
   1.2296180e+06   4.0704346e+01
   1.2296680e+06   3.4991455e+01
   1.2297730e+06   3.4277344e+01
   1.2298250e+06   3.1420898e+01
   1.2299030e+06   3.6657715e+01
   1.2299270e+06   3.2373047e+01
   1.2300000e+06   5.0701904e+01
   1.2304200e+06   3.6895752e+01
   1.2431820e+06   3.1896973e+01
   1.2432180e+06   6.0223389e+01
   1.2432410e+06   4.5227051e+01
   1.2432590e+06   4.7607422e+01
   1.2432690e+06   4.0704346e+01
   1.2433080e+06   3.5467529e+01
   1.2433390e+06   3.3325195e+01
   1.2433680e+06   3.2135010e+01
   1.2434090e+06   3.1896973e+01
   1.2434280e+06   4.9035645e+01
   1.2435780e+06   3.6895752e+01
   1.2436420e+06   3.9514160e+01
   1.2436980e+06   3.3801270e+01
   1.2442460e+06   3.7847900e+01
   1.2558210e+06   3.2611084e+01
   1.2558580e+06   3.2849121e+01
   1.2558830e+06   4.1418457e+01
   1.2558960e+06   4.7845459e+01
   1.2559200e+06   7.4981689e+01
   1.2559330e+06   3.1896973e+01
   1.2559590e+06   3.4277344e+01
   1.2560010e+06   5.3558350e+01
   1.2560190e+06   3.4515381e+01
   1.2560360e+06   3.9990234e+01
   1.2561070e+06   4.9749756e+01
   1.2563180e+06   4.4274902e+01
   1.2564060e+06   3.7847900e+01
   1.2564320e+06   3.7371826e+01
   1.2568380e+06   4.6655273e+01
   1.2568750e+06   3.1896973e+01
   1.2687500e+06   3.3801270e+01
   1.2695580e+06   4.2608643e+01
   1.2695880e+06   3.9276123e+01
   1.2696050e+06   6.9268799e+01
   1.2696350e+06   3.1420898e+01
   1.2696540e+06   4.0466309e+01
   1.2696760e+06   3.6181641e+01
   1.2697210e+06   3.5467529e+01
   1.2698530e+06   3.1896973e+01
   1.2699840e+06   3.1658936e+01
   1.2700000e+06   3.2373047e+01
   1.2700520e+06   4.8559570e+01
   1.2702070e+06   3.7609863e+01
   1.2703870e+06   3.5705566e+01
   1.2704960e+06   3.1182861e+01
   1.2823880e+06   3.2373047e+01
   1.2830890e+06   3.6895752e+01
   1.2831060e+06   5.6890869e+01
   1.2831350e+06   3.2849121e+01
   1.2831530e+06   3.7371826e+01
   1.2831790e+06   3.6419678e+01
   1.2834430e+06   3.3087158e+01
   1.2835770e+06   3.5467529e+01
   1.2836010e+06   3.2135010e+01
   1.2836360e+06   3.4753418e+01
   1.2836730e+06   3.7133789e+01
   1.2836900e+06   3.1896973e+01
   1.2837190e+06   3.6895752e+01
   1.2837350e+06   4.5703125e+01
   1.2838110e+06   3.6181641e+01
   1.2838240e+06   4.3084717e+01
   1.2838730e+06   3.2373047e+01
   1.2840040e+06   3.3563232e+01
   1.2840330e+06   4.3798828e+01
   1.2841240e+06   4.3560791e+01
   1.2841660e+06   3.1420898e+01
   1.2841930e+06   4.0704346e+01
   1.2844120e+06   3.3325195e+01
   1.2844330e+06   3.2849121e+01
   1.2934870e+06   3.3325195e+01
   1.2934980e+06   9.4262695e+01
   1.2935210e+06   4.0466309e+01
   1.2935390e+06   5.4272461e+01
   1.2935560e+06   3.3087158e+01
   1.2936320e+06   3.9990234e+01
   1.2939550e+06   3.1182861e+01
   1.3069930e+06   3.3563232e+01
   1.3070050e+06   3.9276123e+01
   1.3070280e+06   3.4277344e+01
   1.3070690e+06   3.3563232e+01
   1.3070850e+06   3.1658936e+01
   1.3071060e+06   5.9033203e+01
   1.3071170e+06   3.5705566e+01
   1.3080560e+06   3.2373047e+01
   1.3080720e+06   5.0225830e+01
   1.3081250e+06   3.6419678e+01
   1.3170750e+06   3.2611084e+01
   1.3171270e+06   4.3084717e+01
   1.3171470e+06   3.2849121e+01
   1.3171630e+06   3.5705566e+01
   1.3171880e+06   4.6417236e+01
   1.3172040e+06   3.5705566e+01
   1.3172230e+06   3.8085938e+01
   1.3172410e+06   4.5227051e+01
   1.3172650e+06   3.6895752e+01
   1.3173490e+06   3.3563232e+01
   1.3175930e+06   3.1182861e+01
   1.3177700e+06   3.4753418e+01
   1.3298360e+06   3.5229492e+01
   1.3298720e+06   4.2846680e+01
   1.3298940e+06   8.0932617e+01
   1.3299130e+06   5.8557129e+01
   1.3299390e+06   3.5705566e+01
   1.3299560e+06   3.5943604e+01
   1.3360750e+06   3.3325195e+01
   1.3369040e+06   3.1658936e+01
   1.3369760e+06   3.4753418e+01
   1.3370100e+06   4.3798828e+01
   1.3370560e+06   3.5943604e+01
   1.3370740e+06   3.6419678e+01
   1.3376080e+06   3.3325195e+01
   1.3377190e+06   4.7845459e+01
   1.3377590e+06   3.9276123e+01
   1.3378080e+06   4.3322754e+01
   1.3387960e+06   3.7847900e+01
   1.3388270e+06   4.9987793e+01
   1.3388520e+06   3.4039307e+01
   1.3388630e+06   5.4034424e+01
   1.3388850e+06   5.0701904e+01
   1.3389010e+06   5.2130127e+01
   1.3389280e+06   4.1656494e+01
   1.3389530e+06   3.8323975e+01
   1.3389970e+06   3.2849121e+01
   1.3538940e+06   4.2608643e+01
   1.3539280e+06   3.1420898e+01
   1.3539410e+06   6.5460205e+01
   1.3539560e+06   3.3325195e+01
   1.3551270e+06   3.1420898e+01
   1.3551470e+06   4.8321533e+01
   1.3551640e+06   9.4500732e+01
   1.3551790e+06   5.4272461e+01
   1.3552030e+06   3.9752197e+01
   1.3552310e+06   4.2846680e+01
   1.3552710e+06   3.6181641e+01
   1.3553200e+06   3.7371826e+01
   1.3553810e+06   3.2373047e+01
   1.3556310e+06   3.1658936e+01
   1.3557070e+06   3.2135010e+01
   1.3688360e+06   3.3087158e+01
   1.3689110e+06   3.7847900e+01
   1.3689360e+06   3.1182861e+01
   1.3690190e+06   3.4515381e+01
   1.3690440e+06   5.5224609e+01
   1.3690870e+06   3.4039307e+01
   1.3764800e+06   3.5467529e+01
   1.3765120e+06   4.9987793e+01
   1.3765400e+06   4.6417236e+01
   1.3765640e+06   7.3553467e+01
   1.3843330e+06   3.7609863e+01
   1.3843830e+06   3.2849121e+01
   1.3843930e+06   3.4753418e+01
   1.3844260e+06   3.3801270e+01
   1.3844360e+06   3.1658936e+01
   1.3844590e+06   5.0463867e+01
   1.3844890e+06   4.8083496e+01
   1.3845010e+06   3.8085938e+01
   1.3845120e+06   4.2846680e+01
   1.3845770e+06   3.2373047e+01
   1.3967610e+06   3.2849121e+01
   1.3967770e+06   8.2836914e+01
   1.3968070e+06   5.1892090e+01
   1.3968280e+06   3.8323975e+01
   1.3968400e+06   3.5467529e+01
   1.3968720e+06   3.4991455e+01
   1.3992280e+06   3.7133789e+01
   1.3992590e+06   3.1420898e+01
   1.3993000e+06   3.3087158e+01
   1.3993380e+06   5.4748535e+01
   1.3993550e+06   3.1896973e+01
   1.3994270e+06   3.6657715e+01
   1.3994980e+06   3.8085938e+01
   1.3996580e+06   3.2849121e+01
   1.3997250e+06   3.3325195e+01
   1.3997730e+06   3.2135010e+01
   1.4000750e+06   3.3325195e+01
   1.4118470e+06   4.1418457e+01
   1.4118640e+06   3.5467529e+01
   1.4118870e+06   3.7133789e+01
   1.4119150e+06   5.2606201e+01
   1.4119360e+06   3.8085938e+01
   1.4119510e+06   3.7371826e+01
   1.4222940e+06   3.3801270e+01
   1.4223260e+06   3.3325195e+01
   1.4223420e+06   3.1658936e+01
   1.4224060e+06   3.6181641e+01
   1.4224230e+06   4.6417236e+01
   1.4224460e+06   4.4750977e+01
   1.4224750e+06   3.1896973e+01
   1.4225050e+06   4.3084717e+01
   1.4258140e+06   3.4277344e+01
   1.4333850e+06   3.1182861e+01
   1.4334230e+06   3.7609863e+01
   1.4334380e+06   5.1416016e+01
   1.4334720e+06   5.7366943e+01
   1.4334820e+06   3.6181641e+01
   1.4335070e+06   5.0225830e+01
   1.4335170e+06   4.9987793e+01
   1.4335430e+06   3.6181641e+01
   1.4335710e+06   3.1896973e+01
   1.4447560e+06   3.1420898e+01
   1.4447860e+06   3.2373047e+01
   1.4448370e+06   3.4039307e+01
   1.4448920e+06   3.6895752e+01
   1.4449460e+06   3.9514160e+01
   1.4451110e+06   3.2611084e+01
   1.4520920e+06   3.1420898e+01
   1.4532630e+06   3.4515381e+01
   1.4533130e+06   3.1896973e+01
   1.4533240e+06   6.2603760e+01
   1.4533440e+06   6.7126465e+01
   1.4533680e+06   8.5455322e+01
   1.4533900e+06   4.0228271e+01
   1.4534360e+06   3.1420898e+01
   1.4640690e+06   3.3325195e+01
   1.4641430e+06   4.1894531e+01
   1.4641790e+06   3.2849121e+01
   1.4642230e+06   3.3087158e+01
   1.4642360e+06   5.9509277e+01
   1.4642950e+06   3.2849121e+01
   1.4734210e+06   3.4515381e+01
   1.4734390e+06   3.8085938e+01
   1.4734500e+06   3.2849121e+01
   1.4735080e+06   5.4272461e+01
   1.4735180e+06   3.6657715e+01
   1.4735990e+06   3.4277344e+01
   1.4758260e+06   3.9752197e+01
   1.4758450e+06   3.9038086e+01
   1.4758620e+06   7.2363281e+01
   1.4758940e+06   5.4986572e+01
   1.4759210e+06   4.7845459e+01
   1.4759320e+06   3.5229492e+01
   1.4759490e+06   5.0225830e+01
   1.4759610e+06   3.5229492e+01
   1.4759860e+06   4.0228271e+01
   1.4760120e+06   4.5465088e+01
   1.4760430e+06   3.5705566e+01
   1.4760610e+06   4.1180420e+01
   1.4762040e+06   3.6419678e+01
   1.4950760e+06   3.1896973e+01
   1.4950940e+06   3.2611084e+01
   1.4951530e+06   3.9752197e+01
   1.4952330e+06   3.1896973e+01
   1.4952430e+06   3.7133789e+01
   1.4952630e+06   3.3325195e+01
   1.4952740e+06   6.2127686e+01
   1.4953020e+06   3.5705566e+01
   1.4953390e+06   3.4039307e+01
   1.5050970e+06   3.1420898e+01
   1.5051340e+06   3.1182861e+01
   1.5051510e+06   3.5705566e+01
   1.5051680e+06   3.7133789e+01
   1.5051940e+06   4.5465088e+01
   1.5052210e+06   5.6652832e+01
   1.5052400e+06   6.2365723e+01
   1.5052760e+06   3.1182861e+01
   1.5052930e+06   3.8562012e+01
   1.5053210e+06   4.9987793e+01
   1.5053700e+06   3.3325195e+01
   1.5054280e+06   3.7133789e+01
   1.5167310e+06   3.3087158e+01
   1.5167440e+06   4.3798828e+01
   1.5167680e+06   6.4270020e+01
   1.5167850e+06   3.4753418e+01
   1.5168070e+06   3.3087158e+01
   1.5168220e+06   3.7609863e+01
   1.5168830e+06   3.3801270e+01
   1.5246520e+06   3.8323975e+01
   1.5246870e+06   5.2844238e+01
   1.5247040e+06   3.2373047e+01
   1.5247230e+06   5.2368164e+01
   1.5247400e+06   3.4515381e+01
   1.5247510e+06   6.4746094e+01
   1.5247710e+06   4.7845459e+01
   1.5247920e+06   5.2368164e+01
   1.5248070e+06   5.0701904e+01
   1.5248240e+06   4.2608643e+01
   1.5248430e+06   4.3798828e+01
   1.5248880e+06   4.4036865e+01
   1.5249050e+06   4.0942383e+01
   1.5249370e+06   3.6419678e+01
   1.5249580e+06   3.1420898e+01
   1.5315080e+06   3.7133789e+01
   1.5315220e+06   3.7609863e+01
   1.5318240e+06   3.3325195e+01
   1.5318900e+06   5.2130127e+01
   1.5319820e+06   3.5229492e+01
   1.5319930e+06   5.1892090e+01
   1.5320870e+06   3.7133789e+01
   1.5321200e+06   4.5703125e+01
   1.5322080e+06   3.2373047e+01
   1.5322590e+06   3.8800049e+01
   1.5322750e+06   3.9514160e+01
   1.5443860e+06   3.4515381e+01
   1.5444030e+06   4.1180420e+01
   1.5444340e+06   3.3801270e+01
   1.5444480e+06   4.6655273e+01
   1.5444690e+06   6.8554688e+01
   1.5444810e+06   3.2135010e+01
   1.5445180e+06   5.5700684e+01
   1.5446100e+06   3.4753418e+01
   1.5446480e+06   3.2373047e+01
   1.5450880e+06   3.1896973e+01
   1.5454070e+06   5.6176758e+01
   1.5585450e+06   3.6657715e+01
   1.5586030e+06   3.4277344e+01
   1.5586170e+06   4.3560791e+01
   1.5586450e+06   4.7369385e+01
   1.5587040e+06   3.4753418e+01
   1.5587340e+06   3.2373047e+01
   1.5587500e+06   5.1892090e+01
   1.5587780e+06   3.5467529e+01
   1.5588020e+06   3.2373047e+01
   1.5640470e+06   5.4272461e+01
   1.5640770e+06   5.6176758e+01
   1.5641010e+06   3.7133789e+01
   1.5641110e+06   4.6179199e+01
   1.5641330e+06   3.9276123e+01
   1.5642140e+06   3.4277344e+01
   1.5748140e+06   3.3563232e+01
   1.5748440e+06   3.6657715e+01
   1.5748750e+06   3.3325195e+01
   1.5748930e+06   3.9514160e+01
   1.5749110e+06   3.8800049e+01
   1.5749400e+06   6.5222168e+01
   1.5749700e+06   3.3563232e+01
   1.5749880e+06   5.5462646e+01
   1.5750060e+06   3.2373047e+01
   1.5750320e+06   3.2373047e+01
   1.5750650e+06   3.5705566e+01
   1.5750980e+06   3.1896973e+01
   1.5751170e+06   4.0942383e+01
   1.5895610e+06   3.4515381e+01
   1.5895910e+06   3.3325195e+01
   1.5896140e+06   4.7369385e+01
   1.5896280e+06   3.1182861e+01
   1.5896590e+06   6.4270020e+01
   1.5896720e+06   3.9276123e+01
   1.5896960e+06   3.7371826e+01
   1.5897230e+06   3.4991455e+01
   1.5897330e+06   5.6890869e+01
   1.5898180e+06   4.1180420e+01
   1.5898590e+06   3.1182861e+01
   1.5898810e+06   3.1896973e+01
   1.5901310e+06   3.2135010e+01
   1.6034830e+06   3.7371826e+01
   1.6035130e+06   3.3801270e+01
   1.6035440e+06   3.2611084e+01
   1.6035780e+06   3.5705566e+01
   1.6036170e+06   5.9509277e+01
   1.6036410e+06   3.8800049e+01
   1.6037310e+06   3.4515381e+01
   1.6037570e+06   3.2849121e+01
   1.6037840e+06   4.0466309e+01
   1.6038940e+06   3.1182861e+01
   1.6131970e+06   3.3801270e+01
   1.6132800e+06   3.2611084e+01
   1.6132980e+06   3.2373047e+01
   1.6133350e+06   3.1182861e+01
   1.6133790e+06   3.3325195e+01
   1.6133970e+06   3.6181641e+01
   1.6134150e+06   5.6652832e+01
   1.6134460e+06   6.0223389e+01
   1.6134590e+06   3.1896973e+01
   1.6135050e+06   3.5943604e+01
   1.6135300e+06   3.6657715e+01
   1.6135490e+06   3.4039307e+01
   1.6251880e+06   3.4039307e+01
   1.6252090e+06   3.4753418e+01
   1.6252520e+06   3.2611084e+01
   1.6252820e+06   5.1416016e+01
   1.6253170e+06   5.8795166e+01
   1.6253270e+06   5.9271240e+01
   1.6253500e+06   5.4510498e+01
   1.6253660e+06   3.6895752e+01
   1.6253880e+06   5.1416016e+01
   1.6254050e+06   5.6414795e+01
   1.6254300e+06   3.1896973e+01
   1.6254600e+06   3.9038086e+01
   1.6254800e+06   3.7133789e+01
   1.6258500e+06   3.6419678e+01
   1.6340410e+06   3.5229492e+01
   1.6340750e+06   3.1658936e+01
   1.6340880e+06   4.5941162e+01
   1.6341020e+06   3.2611084e+01
   1.6341400e+06   5.0225830e+01
   1.6341590e+06   5.0939941e+01
   1.6341870e+06   7.1411133e+01
   1.6341980e+06   3.4515381e+01
   1.6342170e+06   4.0704346e+01
   1.6342570e+06   3.4753418e+01
   1.6342930e+06   3.5943604e+01
   1.6343540e+06   3.5229492e+01
   1.6343820e+06   3.8323975e+01
   1.6346120e+06   3.1182861e+01
   1.6461650e+06   3.3801270e+01
   1.6463290e+06   3.1182861e+01
   1.6510070e+06   3.2373047e+01
   1.6524540e+06   3.2373047e+01
   1.6524780e+06   5.4986572e+01
   1.6525170e+06   3.1896973e+01
   1.6525530e+06   3.6419678e+01
   1.6525770e+06   3.2135010e+01
   1.6525900e+06   8.8787842e+01
   1.6526090e+06   3.9514160e+01
   1.6526390e+06   3.3801270e+01
   1.6526620e+06   3.6657715e+01
   1.6526810e+06   3.9038086e+01
   1.6527180e+06   4.3798828e+01
   1.6528430e+06   3.7133789e+01
   1.6664680e+06   3.8562012e+01
   1.6664820e+06   4.1656494e+01
   1.6665060e+06   3.1896973e+01
   1.6665520e+06   3.1896973e+01
   1.6665730e+06   6.8316650e+01
   1.6665950e+06   5.1177979e+01
   1.6666120e+06   4.2132568e+01
   1.6666420e+06   6.0937500e+01
   1.6666520e+06   4.1894531e+01
   1.6666730e+06   4.6417236e+01
   1.6666890e+06   3.1420898e+01
   1.6667130e+06   4.1180420e+01
   1.6667340e+06   3.8562012e+01
   1.6668240e+06   3.3087158e+01
   1.6811410e+06   4.1418457e+01
   1.6811750e+06   4.2132568e+01
   1.6812470e+06   3.3325195e+01
   1.6813280e+06   5.1177979e+01
   1.6813500e+06   6.3317871e+01
   1.6813810e+06   3.4277344e+01
   1.6814270e+06   3.4277344e+01
   1.6814970e+06   3.3801270e+01
   1.6815700e+06   3.9752197e+01
   1.6816380e+06   3.4277344e+01
   1.6932220e+06   3.2135010e+01
   1.6932420e+06   4.1418457e+01
   1.6932620e+06   4.1418457e+01
   1.6933190e+06   5.3558350e+01
   1.6933330e+06   3.3801270e+01
   1.6933610e+06   4.6179199e+01
   1.6933840e+06   3.4039307e+01
   1.6934100e+06   3.5467529e+01
   1.6934250e+06   5.2130127e+01
   1.6934570e+06   5.8081055e+01
   1.6934830e+06   3.7609863e+01
   1.6935230e+06   4.1180420e+01
   1.6935400e+06   5.4272461e+01
   1.6939790e+06   3.1182861e+01
   1.6941350e+06   3.1182861e+01
   1.7105410e+06   3.1182861e+01
   1.7105580e+06   4.6893311e+01
   1.7105730e+06   3.1658936e+01
   1.7105980e+06   3.5705566e+01
   1.7106120e+06   5.5462646e+01
   1.7106360e+06   3.4277344e+01
   1.7106520e+06   3.9276123e+01
   1.7106740e+06   3.2135010e+01
   1.7106950e+06   4.9273682e+01
   1.7107300e+06   3.2373047e+01
   1.7107660e+06   4.7131348e+01
   1.7107970e+06   3.4039307e+01
   1.7108120e+06   3.5705566e+01
   1.7108980e+06   3.9514160e+01
   1.7109440e+06   4.3084717e+01
   1.7267790e+06   3.4991455e+01
   1.7268180e+06   3.1420898e+01
   1.7269800e+06   3.3563232e+01
   1.7270130e+06   3.5467529e+01
   1.7270470e+06   3.9276123e+01
   1.7270660e+06   3.5943604e+01
   1.7271160e+06   3.2849121e+01
   1.7271270e+06   7.2363281e+01
   1.7271550e+06   5.4034424e+01
   1.7271800e+06   3.4277344e+01
   1.7271900e+06   3.2373047e+01
   1.7272410e+06   5.3558350e+01
   1.7272870e+06   7.0935059e+01
   1.7273080e+06   3.3087158e+01
   1.7274140e+06   3.3325195e+01
   1.7404690e+06   4.0466309e+01
   1.7405040e+06   3.3087158e+01
   1.7405300e+06   4.4512939e+01
   1.7405540e+06   4.1418457e+01
   1.7405720e+06   3.9038086e+01
   1.7405870e+06   3.5467529e+01
   1.7405990e+06   3.6181641e+01
   1.7406140e+06   3.1182861e+01
   1.7406450e+06   4.9273682e+01
   1.7406600e+06   4.6893311e+01
   1.7406860e+06   3.5467529e+01
   1.7407200e+06   3.3325195e+01
   1.7407300e+06   6.1889648e+01
   1.7407510e+06   3.7847900e+01
   1.7408330e+06   4.0466309e+01
   1.7411050e+06   3.1896973e+01
   1.7449080e+06   4.3560791e+01
   1.7449420e+06   6.3793945e+01
   1.7449590e+06   4.6655273e+01
   1.7449780e+06   4.1656494e+01
   1.7449890e+06   3.1420898e+01
   1.7450080e+06   3.4277344e+01
   1.7450500e+06   4.2608643e+01
   1.7450690e+06   3.7371826e+01
   1.7450980e+06   3.9514160e+01
   1.7451270e+06   5.4986572e+01
   1.7597200e+06   3.2135010e+01
   1.7597880e+06   3.6419678e+01
   1.7598130e+06   4.8559570e+01
   1.7598540e+06   3.2849121e+01
   1.7598690e+06   4.2846680e+01
   1.7598860e+06   3.9752197e+01
   1.7599030e+06   3.2373047e+01
   1.7599130e+06   3.5943604e+01
   1.7599460e+06   7.3791504e+01
   1.7599660e+06   4.9273682e+01
   1.7599940e+06   4.2370605e+01
   1.7600070e+06   3.9752197e+01
   1.7600190e+06   5.2368164e+01
   1.7600580e+06   3.2849121e+01
   1.7600880e+06   4.1418457e+01
   1.7601320e+06   3.7371826e+01
   1.7602250e+06   3.7133789e+01
   1.7749870e+06   3.2373047e+01
   1.7752120e+06   3.2135010e+01
   1.7756700e+06   3.3325195e+01
   1.7756810e+06   3.1658936e+01
   1.7757100e+06   3.2611084e+01
   1.7757300e+06   5.1416016e+01
   1.7757480e+06   3.5467529e+01
   1.7757680e+06   5.1177979e+01
   1.7757860e+06   4.3084717e+01
   1.7758160e+06   4.9749756e+01
   1.7758370e+06   3.1658936e+01
   1.7758570e+06   3.2849121e+01
   1.7758920e+06   3.8562012e+01
   1.7759490e+06   3.4515381e+01
   1.7799330e+06   3.3325195e+01
   1.7799670e+06   6.2603760e+01
   1.7799960e+06   3.7371826e+01
   1.7800100e+06   3.9752197e+01
   1.7800340e+06   4.8321533e+01
   1.7800460e+06   5.7366943e+01
   1.7800950e+06   4.0704346e+01
   1.7801120e+06   3.1182861e+01
   1.7801310e+06   5.2130127e+01
   1.7801420e+06   4.5703125e+01
   1.7801760e+06   4.3322754e+01
   1.7961310e+06   3.1420898e+01
   1.7961480e+06   3.5467529e+01
   1.7961600e+06   3.2849121e+01
   1.7962350e+06   3.3801270e+01
   1.7962680e+06   4.4989014e+01
   1.7963000e+06   3.8085937e+01
   1.7963100e+06   7.4267578e+01
   1.7963520e+06   6.1413574e+01
   1.7963910e+06   4.0704346e+01
   1.7964260e+06   3.9514160e+01
   1.7964380e+06   3.3325195e+01
   1.7964500e+06   4.4036865e+01
   1.7964960e+06   3.5467529e+01
   1.8010740e+06   8.2122803e+01
   1.8010880e+06   5.0939941e+01
   1.8011090e+06   4.9987793e+01
   1.8011400e+06   6.6650391e+01
   1.8011700e+06   6.2365723e+01
   1.8011990e+06   3.2611084e+01
   1.8012130e+06   4.6417236e+01
   1.8012300e+06   3.3325195e+01
   1.8012540e+06   5.2130127e+01
   1.8012890e+06   3.6895752e+01
   1.8013740e+06   3.3563232e+01
   1.8014600e+06   3.1182861e+01
   1.8016760e+06   3.8562012e+01
   1.8045470e+06   3.4753418e+01
   1.8046230e+06   3.5467529e+01
   1.8047170e+06   4.6893311e+01
   1.8062360e+06   3.7847900e+01
   1.8242430e+06   3.5229492e+01
   1.8242730e+06   4.4274902e+01
   1.8242910e+06   3.3325195e+01
   1.8243210e+06   3.3325195e+01
   1.8243970e+06   3.5229492e+01
   1.8244080e+06   3.8800049e+01
   1.8244340e+06   4.4512939e+01
   1.8244790e+06   3.2135010e+01
   1.8244950e+06   9.2120361e+01
   1.8245160e+06   3.3087158e+01
   1.8245360e+06   3.1658936e+01
   1.8245580e+06   7.1411133e+01
   1.8245770e+06   4.1180420e+01
   1.8245870e+06   3.3563232e+01
   1.8246010e+06   3.2135010e+01
   1.8246160e+06   4.4750977e+01
   1.8246750e+06   3.5467529e+01
   1.8289100e+06   3.2611084e+01
   1.8289370e+06   6.9982910e+01
   1.8289640e+06   3.5229492e+01
   1.8289750e+06   3.9514160e+01
   1.8290050e+06   3.3087158e+01
   1.8290280e+06   3.5705566e+01
   1.8290400e+06   4.1180420e+01
   1.8290560e+06   4.5703125e+01
   1.8290780e+06   3.6419678e+01
   1.8290930e+06   3.3087158e+01
   1.8291290e+06   4.7131348e+01
   1.8291410e+06   4.5465088e+01
   1.8291600e+06   3.4515381e+01
   1.8291960e+06   3.6895752e+01
   1.8292640e+06   3.2611084e+01
   1.8292880e+06   3.9514160e+01
   1.8293070e+06   3.1658936e+01
   1.8293370e+06   3.3087158e+01
   1.8293860e+06   4.5941162e+01
   1.8294090e+06   3.5705566e+01
   1.8294830e+06   3.9752197e+01
   1.8294930e+06   3.9038086e+01
   1.8295760e+06   3.9514160e+01
   1.8296430e+06   3.1420898e+01
   1.8296550e+06   3.5943604e+01
   1.8296810e+06   3.1896973e+01
   1.8298540e+06   3.2849121e+01
   1.8298930e+06   3.1182861e+01
   1.8300330e+06   3.9990234e+01
   1.8301290e+06   3.3563232e+01
   1.8302180e+06   3.9038086e+01
   1.8305610e+06   3.1420898e+01
   1.8305990e+06   3.8800049e+01
   1.8306100e+06   3.6419678e+01
   1.8308020e+06   3.1420898e+01
   1.8310890e+06   3.7609863e+01
   1.8311820e+06   3.2135010e+01
   1.8322770e+06   3.1658936e+01
   1.8351810e+06   4.9749756e+01
   1.8352450e+06   6.1889648e+01
   1.8352700e+06   3.5229492e+01
   1.8352830e+06   5.6652832e+01
   1.8353100e+06   4.1418457e+01
   1.8353470e+06   3.3563232e+01
   1.8353620e+06   4.8083496e+01
   1.8353830e+06   4.5227051e+01
   1.8354070e+06   3.1182861e+01
   1.8354310e+06   5.4510498e+01
   1.8354580e+06   4.3560791e+01
   1.8355230e+06   3.5705566e+01
   1.8355510e+06   3.9752197e+01
   1.8358280e+06   3.5705566e+01
   1.8627700e+06   3.4515381e+01
   1.8627870e+06   3.4753418e+01
   1.8628140e+06   8.0456543e+01
   1.8628380e+06   4.5941162e+01
   1.8628580e+06   4.9035645e+01
   1.8628810e+06   5.6176758e+01
   1.8629040e+06   4.7607422e+01
   1.8629180e+06   5.6890869e+01
   1.8629360e+06   4.9511719e+01
   1.8629690e+06   3.8800049e+01
   1.8629800e+06   4.2608643e+01
   1.8630080e+06   4.3560791e+01
   1.8630540e+06   3.1182861e+01
   1.8631580e+06   3.1658936e+01
   1.8632460e+06   3.1420898e+01
   1.8632920e+06   4.7131348e+01
   1.8634360e+06   4.5703125e+01
   1.8637680e+06   3.2135010e+01
   1.8664660e+06   3.4277344e+01
   1.8664970e+06   3.2849121e+01
   1.8665080e+06   4.9511719e+01
   1.8665330e+06   4.4750977e+01
   1.8665620e+06   3.4277344e+01
   1.8665820e+06   4.9511719e+01
   1.8667350e+06   3.2849121e+01
   1.8667540e+06   3.1420898e+01
   1.8705600e+06   3.9038086e+01
   1.8705700e+06   3.8085938e+01
   1.8705900e+06   4.1418457e+01
   1.8706150e+06   3.9752197e+01
   1.8706350e+06   4.5465088e+01
   1.8706610e+06   4.8559570e+01
   1.8706930e+06   5.4272461e+01
   1.8707150e+06   5.1416016e+01
   1.8707340e+06   3.8800049e+01
   1.8707660e+06   3.2135010e+01
   1.8707770e+06   3.2373047e+01
   1.8710700e+06   3.3563232e+01
   1.8711020e+06   4.5227051e+01
   1.8711250e+06   3.1420898e+01
   1.8711580e+06   3.1896973e+01
   1.8711830e+06   3.3325195e+01
   1.8711980e+06   3.1420898e+01
   1.8712120e+06   3.2849121e+01
   1.8712550e+06   3.8323975e+01
   1.8715030e+06   4.0228271e+01
   1.8716120e+06   3.7133789e+01
   1.8716320e+06   3.2849121e+01
   1.8717030e+06   3.3325195e+01
   1.8717450e+06   3.9990234e+01
   1.8718200e+06   3.2373047e+01
   1.8720700e+06   3.2135010e+01
   1.8721020e+06   3.6895752e+01
   1.8943330e+06   3.1420898e+01
   1.8943460e+06   3.7371826e+01
   1.8943830e+06   3.4515381e+01
   1.8943940e+06   6.1175537e+01
   1.8944050e+06   3.6895752e+01
   1.8944260e+06   5.7366943e+01
   1.8944430e+06   3.4039307e+01
   1.8944590e+06   4.8559570e+01
   1.8944810e+06   4.0942383e+01
   1.8944940e+06   4.1418457e+01
   1.8945260e+06   3.7847900e+01
   1.8945470e+06   3.2135010e+01
   1.8945670e+06   3.3801270e+01
   1.8945770e+06   3.8800049e+01
   1.8946050e+06   4.0942383e+01
   1.8946160e+06   3.6419678e+01
   1.8946460e+06   3.5943604e+01
   1.8946960e+06   4.4036865e+01
   1.8947480e+06   4.3798828e+01
   1.8947970e+06   3.3801270e+01
   1.8948500e+06   3.8085938e+01
   1.8949020e+06   3.4039307e+01
   1.8949340e+06   3.3087158e+01
   1.8949700e+06   3.6181641e+01
   1.8949990e+06   3.8323975e+01
   1.8950140e+06   3.2849121e+01
   1.8950790e+06   4.6655273e+01
   1.8951150e+06   3.5705566e+01
   1.8951700e+06   3.1658936e+01
   1.8951870e+06   4.2370605e+01
   1.8952110e+06   3.4277344e+01
   1.8954850e+06   3.3801270e+01
   1.8957250e+06   3.1182861e+01
   1.8959510e+06   3.1420898e+01
   1.8962400e+06   3.3087158e+01
   1.8963390e+06   3.1182861e+01
   1.8964100e+06   3.2849121e+01
   1.8968110e+06   3.3801270e+01
   1.8980590e+06   3.1420898e+01
   1.8982900e+06   3.3563232e+01
   1.8983050e+06   5.6176758e+01
   1.8983410e+06   4.1180420e+01
   1.8983950e+06   3.6895752e+01
   1.8986020e+06   3.1182861e+01
   1.9005340e+06   3.2373047e+01
   1.9006140e+06   3.6181641e+01
   1.9006730e+06   3.5467529e+01
   1.9008160e+06   3.8562012e+01
   1.9008450e+06   3.8085938e+01
   1.9008580e+06   3.7847900e+01
   1.9008960e+06   4.2370605e+01
   1.9009110e+06   6.0461426e+01
   1.9009220e+06   4.8559570e+01
   1.9009430e+06   4.3560791e+01
   1.9009540e+06   3.1896973e+01
   1.9009640e+06   3.9752197e+01
   1.9009810e+06   5.5224609e+01
   1.9010020e+06   3.2849121e+01
   1.9010250e+06   3.9990234e+01
   1.9010650e+06   3.5229492e+01
   1.9010900e+06   3.9276123e+01
   1.9011270e+06   3.9752197e+01
   1.9226510e+06   3.9752197e+01
   1.9226780e+06   3.3801270e+01
   1.9227110e+06   4.9273682e+01
   1.9227220e+06   6.3317871e+01
   1.9227420e+06   5.5462646e+01
   1.9227640e+06   5.7843018e+01
   1.9227900e+06   3.9990234e+01
   1.9228030e+06   6.1651611e+01
   1.9228190e+06   4.6655273e+01
   1.9228340e+06   3.6657715e+01
   1.9228600e+06   5.3082275e+01
   1.9228720e+06   4.3560791e+01
   1.9229050e+06   3.2373047e+01
   1.9230080e+06   3.2373047e+01
   1.9230680e+06   3.4039307e+01
   1.9231510e+06   3.1896973e+01
   1.9231970e+06   3.2373047e+01
   1.9232070e+06   3.9038086e+01
   1.9232430e+06   3.1896973e+01
   1.9232620e+06   4.8083496e+01
   1.9232860e+06   3.8562012e+01
   1.9233360e+06   3.7847900e+01
   1.9233530e+06   4.6417236e+01
   1.9233720e+06   3.9752197e+01
   1.9234260e+06   4.0228271e+01
   1.9234490e+06   3.4515381e+01
   1.9235780e+06   4.1418457e+01
   1.9236080e+06   3.1658936e+01
   1.9236320e+06   3.3325195e+01
   1.9236740e+06   3.6895752e+01
   1.9238140e+06   5.8795166e+01
   1.9238660e+06   4.4274902e+01
   1.9239040e+06   3.5943604e+01
   1.9239390e+06   3.1182861e+01
   1.9240830e+06   5.0939941e+01
   1.9241110e+06   4.6179199e+01
   1.9242710e+06   3.6181641e+01
   1.9247230e+06   3.1658936e+01
   1.9248240e+06   4.1894531e+01
   1.9248370e+06   3.9514160e+01
   1.9250110e+06   4.9987793e+01
   1.9268840e+06   3.9276123e+01
   1.9269220e+06   3.6895752e+01
   1.9269460e+06   4.5703125e+01
   1.9269720e+06   3.9038086e+01
   1.9270750e+06   3.3563232e+01
   1.9270960e+06   3.2135010e+01
   1.9466450e+06   4.1656494e+01
   1.9466680e+06   4.2370605e+01
   1.9466930e+06   3.5705566e+01
   1.9467090e+06   5.2130127e+01
   1.9467230e+06   4.4989014e+01
   1.9467410e+06   5.0463867e+01
   1.9467700e+06   5.1654053e+01
   1.9467900e+06   5.4510498e+01
   1.9468130e+06   3.5943604e+01
   1.9468260e+06   5.2130127e+01
   1.9468400e+06   4.3560791e+01
   1.9468660e+06   3.4991455e+01
   1.9468810e+06   4.0228271e+01
   1.9469560e+06   3.1896973e+01
   1.9470390e+06   3.2373047e+01
   1.9471310e+06   3.1420898e+01
   1.9471590e+06   5.0939941e+01
   1.9471800e+06   3.2611084e+01
   1.9472260e+06   3.8323975e+01
   1.9472610e+06   3.9752197e+01
   1.9472810e+06   4.2608643e+01
   1.9473270e+06   3.9038086e+01
   1.9473460e+06   3.9038086e+01
   1.9473740e+06   3.1420898e+01
   1.9473920e+06   3.7847900e+01
   1.9474260e+06   3.8323975e+01
   1.9476890e+06   3.3325195e+01
   1.9477320e+06   4.3084717e+01
   1.9478310e+06   3.3087158e+01
   1.9479240e+06   3.2373047e+01
   1.9481460e+06   3.2611084e+01
   1.9483220e+06   3.8562012e+01
   1.9494840e+06   3.4753418e+01
   1.9508600e+06   3.3563232e+01
   1.9509140e+06   3.1420898e+01
   1.9510170e+06   3.1182861e+01
   1.9510600e+06   5.5938721e+01
   1.9510740e+06   4.3560791e+01
   1.9511070e+06   4.5227051e+01
   1.9511230e+06   3.4991455e+01
   1.9511810e+06   3.9038086e+01
   1.9669280e+06   3.5467529e+01
   1.9669590e+06   4.2846680e+01
   1.9669690e+06   3.4277344e+01
   1.9669840e+06   3.9752197e+01
   1.9670130e+06   6.1889648e+01
   1.9670230e+06   6.4031982e+01
   1.9670560e+06   4.4750977e+01
   1.9670910e+06   5.2606201e+01
   1.9671030e+06   3.5705566e+01
   1.9671270e+06   3.6657715e+01
   1.9671500e+06   5.1177979e+01
   1.9671630e+06   3.2849121e+01
   1.9672220e+06   3.4039307e+01
   1.9673240e+06   4.4274902e+01
   1.9674110e+06   3.3087158e+01
   1.9674390e+06   4.4750977e+01
   1.9674560e+06   4.1656494e+01
   1.9675130e+06   4.0466309e+01
   1.9676260e+06   3.4753418e+01
   1.9677260e+06   3.4753418e+01
   1.9679860e+06   3.7847900e+01
   1.9680330e+06   3.4039307e+01
   1.9681890e+06   3.4277344e+01
   1.9682840e+06   7.0935059e+01
   1.9684930e+06   3.9038086e+01
   1.9690420e+06   3.3325195e+01
   1.9704920e+06   3.7133789e+01
   1.9705820e+06   3.1182861e+01
   1.9708620e+06   6.4031982e+01
   1.9722550e+06   3.4277344e+01
   1.9723850e+06   3.6895752e+01
   1.9724150e+06   3.3801270e+01
   1.9724570e+06   3.5229492e+01
   1.9724690e+06   7.5695801e+01
   1.9724950e+06   3.5705566e+01
   1.9725080e+06   6.0937500e+01
   1.9725450e+06   3.5467529e+01
   1.9725600e+06   6.0223389e+01
   1.9725790e+06   4.5465088e+01
   1.9726060e+06   3.4277344e+01
   1.9726180e+06   3.1420898e+01
   1.9727100e+06   3.3325195e+01
   1.9822990e+06   3.9038086e+01
   1.9823110e+06   5.1177979e+01
   1.9823530e+06   4.5227051e+01
   1.9823670e+06   6.1413574e+01
   1.9823980e+06   5.0701904e+01
   1.9824140e+06   5.0701904e+01
   1.9824330e+06   4.8083496e+01
   1.9824490e+06   4.6179199e+01
   1.9824640e+06   3.7371826e+01
   1.9824760e+06   4.1180420e+01
   1.9824860e+06   6.0937500e+01
   1.9825210e+06   3.9514160e+01
   1.9825560e+06   3.9990234e+01
   1.9825930e+06   3.4039307e+01
   1.9826190e+06   3.4515381e+01
   1.9826370e+06   3.1658936e+01
   1.9827270e+06   3.5705566e+01
   1.9827840e+06   5.0463867e+01
   1.9828370e+06   3.9514160e+01
   1.9828770e+06   3.7847900e+01
   1.9829130e+06   3.2135010e+01
   1.9829290e+06   3.1896973e+01
   1.9830230e+06   4.8559570e+01
   1.9830930e+06   3.4515381e+01
   1.9833800e+06   3.1896973e+01
   1.9835520e+06   4.0466309e+01
   1.9840550e+06   3.2611084e+01
   1.9860830e+06   3.7371826e+01
   1.9861420e+06   3.2373047e+01
   1.9861730e+06   3.8562012e+01
   1.9862000e+06   4.9273682e+01
   1.9862180e+06   4.5703125e+01
   1.9862450e+06   3.7609863e+01
   1.9862590e+06   4.0704346e+01
   1.9863000e+06   3.4039307e+01
   1.9863130e+06   3.1182861e+01
   1.9863250e+06   3.4753418e+01
   1.9863480e+06   3.3087158e+01
   1.9863780e+06   3.1420898e+01
   1.9919260e+06   3.2849121e+01
   1.9919540e+06   4.2132568e+01
   1.9919660e+06   6.9982910e+01
   1.9919920e+06   4.3560791e+01
   1.9920030e+06   3.9276123e+01
   1.9920280e+06   5.6414795e+01
   1.9920460e+06   4.2132568e+01
   1.9920650e+06   3.4277344e+01
   1.9920840e+06   3.3325195e+01
   1.9921310e+06   3.1182861e+01
   1.9924140e+06   4.9511719e+01
   1.9925110e+06   3.3801270e+01
   1.9926640e+06   3.5705566e+01
   1.9926930e+06   4.2608643e+01
   1.9927310e+06   3.7133789e+01
   1.9927500e+06   3.1896973e+01
   1.9929710e+06   3.3801270e+01
   1.9954600e+06   3.8562012e+01
   1.9954820e+06   3.8800049e+01
   1.9955030e+06   6.3317871e+01
   1.9955150e+06   6.5936279e+01
   1.9955360e+06   3.7609863e+01
   1.9955570e+06   5.6176758e+01
   1.9955690e+06   4.6417236e+01
   1.9955960e+06   5.2130127e+01
   1.9956150e+06   3.8085937e+01
   1.9957940e+06   5.5224609e+01
   2.0033830e+06   3.4515381e+01
   2.0034110e+06   3.6657715e+01
   2.0034310e+06   1.0473633e+02
   2.0034610e+06   3.3087158e+01
   2.0034830e+06   3.3325195e+01
   2.0034940e+06   4.6893311e+01
   2.0035270e+06   4.9273682e+01
   2.0035600e+06   3.9038086e+01
   2.0035860e+06   5.0939941e+01
   2.0036220e+06   3.2135010e+01
   2.0036670e+06   3.1658936e+01
   2.0037560e+06   3.4039307e+01
   2.0038460e+06   3.6657715e+01
   2.0038650e+06   4.4512939e+01
   2.0039690e+06   3.1658936e+01
   2.0039820e+06   4.6655273e+01
   2.0040240e+06   3.2135010e+01
   2.0041360e+06   3.9514160e+01
   2.0041950e+06   3.6657715e+01
   2.0071150e+06   3.5229492e+01
   2.0071500e+06   3.5467529e+01
   2.0071770e+06   7.7362061e+01
   2.0072110e+06   4.3798828e+01
   2.0072310e+06   4.3560791e+01
   2.0072430e+06   4.3084717e+01
   2.0072640e+06   3.6181641e+01
   2.0072780e+06   3.7371826e+01
   2.0073230e+06   3.3087158e+01
   2.0073850e+06   3.2849121e+01
   2.0144940e+06   3.1896973e+01
   2.0145090e+06   4.0228271e+01
   2.0145260e+06   4.2846680e+01
   2.0145570e+06   5.6414795e+01
   2.0145790e+06   3.2611084e+01
   2.0145960e+06   4.2132568e+01
   2.0146130e+06   4.6893311e+01
   2.0146310e+06   4.6179199e+01
   2.0146470e+06   4.7369385e+01
   2.0146600e+06   3.5943604e+01
   2.0146750e+06   4.1180420e+01
   2.0146920e+06   4.0704346e+01
   2.0147120e+06   5.5700684e+01
   2.0147240e+06   4.9749756e+01
   2.0147520e+06   3.4277344e+01
   2.0147910e+06   3.6181641e+01
   2.0150550e+06   4.1418457e+01
   2.0150810e+06   3.4515381e+01
   2.0151440e+06   3.8800049e+01
   2.0151660e+06   3.9752197e+01
   2.0152980e+06   3.3801270e+01
   2.0153650e+06   6.3079834e+01
   2.0156300e+06   4.9273682e+01
   2.0156960e+06   6.5460205e+01
   2.0182810e+06   3.5229492e+01
   2.0182920e+06   3.7609863e+01
   2.0183230e+06   8.3074951e+01
   2.0183550e+06   4.5703125e+01
   2.0183850e+06   3.6895752e+01
   2.0183950e+06   5.0225830e+01
   2.0184220e+06   5.2368164e+01
   2.0184920e+06   3.3087158e+01
   2.0188250e+06   3.9752197e+01
   2.0193210e+06   5.7366943e+01
   2.0246190e+06   3.2849121e+01
   2.0246440e+06   4.3322754e+01
   2.0246620e+06   3.1658936e+01
   2.0246890e+06   6.2841797e+01
   2.0247080e+06   3.4991455e+01
   2.0247250e+06   3.7133789e+01
   2.0247460e+06   3.2849121e+01
   2.0247580e+06   3.2373047e+01
   2.0248040e+06   3.3087158e+01
   2.0248170e+06   4.9035645e+01
   2.0248310e+06   3.1420898e+01
   2.0248500e+06   5.6414795e+01
   2.0248690e+06   3.1182861e+01
   2.0249140e+06   3.7371826e+01
   2.0250840e+06   3.8085938e+01
   2.0251650e+06   3.7609863e+01
   2.0254410e+06   3.8323975e+01
   2.0254530e+06   4.4750977e+01
   2.0282320e+06   4.4036865e+01
   2.0282560e+06   3.5467529e+01
   2.0282840e+06   4.2846680e+01
   2.0282970e+06   4.6417236e+01
   2.0283350e+06   4.0228271e+01
   2.0283560e+06   3.4991455e+01
   2.0283840e+06   6.3555908e+01
   2.0284310e+06   5.2368164e+01
   2.0284860e+06   3.2849121e+01
   2.0339520e+06   3.3325195e+01
   2.0339780e+06   3.3325195e+01
   2.0339960e+06   3.1896973e+01
   2.0340170e+06   1.0449829e+02
   2.0340270e+06   4.6417236e+01
   2.0340440e+06   3.4515381e+01
   2.0340700e+06   3.6657715e+01
   2.0340840e+06   4.2132568e+01
   2.0341030e+06   4.2608643e+01
   2.0341470e+06   3.6895752e+01
   2.0341630e+06   3.8085938e+01
   2.0341730e+06   3.7847900e+01
   2.0343370e+06   3.5943604e+01
   2.0343810e+06   3.1182861e+01
   2.0344290e+06   3.8085938e+01
   2.0347030e+06   3.2611084e+01
   2.0347690e+06   3.5229492e+01
   2.0349150e+06   3.3087158e+01
   2.0349260e+06   5.8081055e+01
   2.0351480e+06   4.1418457e+01
   2.0372190e+06   3.2135010e+01
   2.0372600e+06   4.1180420e+01
   2.0372820e+06   4.9035645e+01
   2.0372920e+06   5.3082275e+01
   2.0373160e+06   3.4753418e+01
   2.0373380e+06   3.4515381e+01
   2.0373690e+06   5.1892090e+01
   2.0373880e+06   3.7133789e+01
   2.0374180e+06   4.2132568e+01
   2.0374340e+06   3.8800049e+01
   2.0374500e+06   3.2373047e+01
   2.0374800e+06   4.1418457e+01
   2.0375260e+06   3.1658936e+01
   2.0377890e+06   4.1418457e+01
   2.0445890e+06   3.1658936e+01
   2.0446130e+06   3.4753418e+01
   2.0446420e+06   5.9271240e+01
   2.0446670e+06   5.1892090e+01
   2.0446890e+06   5.4748535e+01
   2.0447040e+06   3.4515381e+01
   2.0447160e+06   5.6176758e+01
   2.0447380e+06   4.7131348e+01
   2.0447570e+06   3.4753418e+01
   2.0447710e+06   3.2849121e+01
   2.0447890e+06   3.7847900e+01
   2.0448050e+06   3.4277344e+01
   2.0448870e+06   3.2373047e+01
   2.0450650e+06   4.4989014e+01
   2.0451240e+06   3.9990234e+01
   2.0451860e+06   3.1420898e+01
   2.0452110e+06   3.5467529e+01
   2.0453630e+06   4.3322754e+01
   2.0454270e+06   3.7371826e+01
   2.0454910e+06   3.7133789e+01
   2.0459550e+06   3.4039307e+01
   2.0499820e+06   3.1896973e+01
   2.0500120e+06   5.1892090e+01
   2.0500240e+06   3.4515381e+01
   2.0500510e+06   5.6890869e+01
   2.0500660e+06   4.3560791e+01
   2.0500900e+06   4.4036865e+01
   2.0501000e+06   3.8085938e+01
   2.0501200e+06   6.4508057e+01
   2.0501320e+06   5.3558350e+01
   2.0501480e+06   4.2846680e+01
   2.0501620e+06   3.8562012e+01
   2.0501810e+06   3.6895752e+01
   2.0502250e+06   4.2846680e+01
   2.0503450e+06   3.4515381e+01
   2.0508180e+06   3.3325195e+01
   2.0525500e+06   3.5467529e+01
   2.0525750e+06   4.1418457e+01
   2.0525850e+06   5.0701904e+01
   2.0526120e+06   3.8323975e+01
   2.0526310e+06   3.1182861e+01
   2.0526600e+06   3.5943604e+01
   2.0526730e+06   3.6181641e+01
   2.0527170e+06   4.4274902e+01
   2.0528790e+06   4.1656494e+01
   2.0529510e+06   3.3087158e+01
   2.0590990e+06   3.2373047e+01
   2.0591300e+06   5.4034424e+01
   2.0591580e+06   3.1420898e+01
   2.0591700e+06   5.9985352e+01
   2.0591920e+06   4.1418457e+01
   2.0592250e+06   4.1180420e+01
   2.0592630e+06   3.3325195e+01
   2.0592990e+06   3.3087158e+01
   2.0593670e+06   3.4039307e+01
   2.0596310e+06   4.5465088e+01
   2.0598570e+06   4.3322754e+01
   2.0663120e+06   4.8797607e+01
   2.0663270e+06   3.3325195e+01
   2.0663580e+06   4.3560791e+01
   2.0663810e+06   6.1651611e+01
   2.0664010e+06   4.6179199e+01
   2.0664360e+06   4.2132568e+01
   2.0664470e+06   5.4272461e+01
   2.0664640e+06   3.2135010e+01
   2.0665130e+06   4.1180420e+01
   2.0665340e+06   3.6895752e+01
   2.0665550e+06   4.2132568e+01
   2.0665750e+06   3.2135010e+01
   2.0669080e+06   3.7371826e+01
   2.0689550e+06   5.9033203e+01
   2.0689800e+06   3.2373047e+01
   2.0690540e+06   4.0466309e+01
   2.0690820e+06   3.2373047e+01
   2.0691000e+06   5.6890869e+01
   2.0691190e+06   3.1420898e+01
   2.0691500e+06   3.1182861e+01
   2.0692020e+06   4.0942383e+01
   2.0778580e+06   3.9038086e+01
   2.0778720e+06   5.2606201e+01
   2.0779060e+06   5.7366943e+01
   2.0779160e+06   7.2839355e+01
   2.0779460e+06   5.2130127e+01
   2.0779620e+06   3.8085938e+01
   2.0779760e+06   3.4753418e+01
   2.0779890e+06   7.1649170e+01
   2.0780030e+06   3.7133789e+01
   2.0780330e+06   3.5467529e+01
   2.0780600e+06   3.7847900e+01
   2.0780870e+06   4.0228271e+01
   2.0780980e+06   4.8083496e+01
   2.0781420e+06   5.2130127e+01
   2.0781570e+06   3.4753418e+01
   2.0781670e+06   3.2373047e+01
   2.0782970e+06   3.4039307e+01
   2.0783260e+06   3.6419678e+01
   2.0783700e+06   3.2611084e+01
   2.0784220e+06   5.4748535e+01
   2.0785580e+06   3.6419678e+01
   2.0785790e+06   3.1658936e+01
   2.0785890e+06   5.0701904e+01
   2.0789490e+06   3.4277344e+01
   2.0790490e+06   3.4515381e+01
   2.0804560e+06   3.5467529e+01
   2.0806000e+06   3.3801270e+01
   2.0806260e+06   3.3325195e+01
   2.0806780e+06   4.1180420e+01
   2.0905070e+06   3.4991455e+01
   2.0905370e+06   3.8085938e+01
   2.0905500e+06   8.7835693e+01
   2.0905730e+06   3.5943604e+01
   2.0905960e+06   3.1896973e+01
   2.0906170e+06   4.1418457e+01
   2.0906480e+06   4.3798828e+01
   2.0906820e+06   3.5467529e+01
   2.0907220e+06   3.8800049e+01
   2.0907650e+06   3.9276123e+01
   2.0908240e+06   3.5467529e+01
   2.0911040e+06   3.2611084e+01
   2.0911170e+06   3.1658936e+01
   2.0911740e+06   5.6176758e+01
   2.0936430e+06   3.6895752e+01
   2.0936640e+06   4.9273682e+01
   2.0936770e+06   4.2132568e+01
   2.0937030e+06   5.0701904e+01
   2.0937330e+06   3.9752197e+01
   2.0937530e+06   3.7133789e+01
   2.0937770e+06   3.5705566e+01
   2.0937930e+06   4.5227051e+01
   2.0938050e+06   3.3087158e+01
   2.1030500e+06   4.1894531e+01
   2.1030670e+06   3.2849121e+01
   2.1030930e+06   6.1889648e+01
   2.1031220e+06   3.9990234e+01
   2.1031340e+06   3.5943604e+01
   2.1031460e+06   3.2849121e+01
   2.1031620e+06   5.5938721e+01
   2.1031880e+06   4.7607422e+01
   2.1032230e+06   5.0463867e+01
   2.1032380e+06   3.5467529e+01
   2.1032640e+06   4.0228271e+01
   2.1032990e+06   4.4274902e+01
   2.1043060e+06   3.4277344e+01
   2.1043260e+06   3.7609863e+01
   2.1044230e+06   3.7847900e+01
   2.1044470e+06   3.5229492e+01
   2.1052890e+06   3.1896973e+01
   2.1240930e+06   3.8562012e+01
   2.1241270e+06   4.0704346e+01
   2.1241420e+06   4.2132568e+01
   2.1241670e+06   3.4515381e+01
   2.1241790e+06   4.2132568e+01
   2.1241910e+06   4.2370605e+01
   2.1242040e+06   4.0228271e+01
   2.1242150e+06   6.0223389e+01
   2.1242320e+06   3.5467529e+01
   2.1242610e+06   4.3798828e+01
   2.1242740e+06   3.8085938e+01
   2.1243020e+06   3.7847900e+01
   2.1243130e+06   4.8797607e+01
   2.1243270e+06   3.4515381e+01
   2.1243500e+06   4.2370605e+01
   2.1243770e+06   3.3801270e+01
   2.1244890e+06   4.0942383e+01
   2.1245920e+06   3.1896973e+01
   2.1246260e+06   3.1420898e+01
   2.1246710e+06   3.2373047e+01
   2.1246830e+06   6.0223389e+01
   2.1247030e+06   3.1182861e+01
   2.1247880e+06   3.4753418e+01
   2.1254980e+06   3.4277344e+01
   2.1259670e+06   3.1896973e+01
   2.1267700e+06   3.2373047e+01
   2.1268370e+06   3.2849121e+01
   2.1269020e+06   3.2611084e+01
   2.1269340e+06   7.0935059e+01
   2.1441170e+06   4.0228271e+01
   2.1441280e+06   5.0939941e+01
   2.1441630e+06   3.3563232e+01
   2.1441820e+06   6.5460205e+01
   2.1441980e+06   4.3084717e+01
   2.1442230e+06   5.6652832e+01
   2.1442350e+06   4.2370605e+01
   2.1442530e+06   3.9514160e+01
   2.1442640e+06   4.7845459e+01
   2.1442920e+06   6.5222168e+01
   2.1443030e+06   3.1182861e+01
   2.1443150e+06   5.3320313e+01
   2.1443340e+06   3.2135010e+01
   2.1445800e+06   3.5705566e+01
   2.1449360e+06   3.1658936e+01
   2.1470810e+06   4.4750977e+01
   2.1470980e+06   3.3563232e+01
   2.1471330e+06   4.9035645e+01
   2.1471600e+06   4.6417236e+01
   2.1471760e+06   4.7845459e+01
   2.1472030e+06   5.1654053e+01
   2.1472130e+06   4.1180420e+01
   2.1472320e+06   4.7607422e+01
   2.1472460e+06   4.5941162e+01
   2.1472820e+06   3.6419678e+01
   2.1472920e+06   3.3563232e+01
   2.1711720e+06   3.3087158e+01
   2.1711970e+06   3.4039307e+01
   2.1712130e+06   4.6179199e+01
   2.1712310e+06   6.2603760e+01
   2.1712530e+06   3.4277344e+01
   2.1712680e+06   3.4515381e+01
   2.1713020e+06   3.7847900e+01
   2.1713220e+06   3.9752197e+01
   2.1713870e+06   4.4750977e+01
   2.1714500e+06   3.1658936e+01
   2.1720130e+06   4.2608643e+01
   2.1729740e+06   3.4277344e+01
   2.1730040e+06   4.0466309e+01
   2.1730160e+06   3.5467529e+01
   2.1730410e+06   3.4277344e+01
   2.1730580e+06   3.6419678e+01
   2.1730740e+06   3.5229492e+01
   2.1730870e+06   3.3087158e+01
   2.2040980e+06   4.9273682e+01
   2.2041580e+06   3.9514160e+01
   2.2041860e+06   3.6181641e+01
   2.2042150e+06   3.9514160e+01
   2.2042340e+06   6.4031982e+01
   2.2042520e+06   3.9514160e+01
   2.2042740e+06   4.0228271e+01
   2.2042950e+06   4.7607422e+01
   2.2043110e+06   3.2849121e+01
   2.2043300e+06   3.7609863e+01
   2.2043740e+06   3.5943604e+01
   2.2047190e+06   3.2373047e+01
   2.2050140e+06   3.2373047e+01
   2.2050250e+06   3.7371826e+01
   2.2050490e+06   3.4277344e+01
   2.2050680e+06   3.4039307e+01
   2.2169100e+06   4.1656494e+01
   2.2169470e+06   3.2611084e+01
   2.2169700e+06   3.4515381e+01
   2.2170000e+06   3.8323975e+01
   2.2170200e+06   6.7364502e+01
   2.2170410e+06   6.0937500e+01
   2.2170570e+06   6.4984131e+01
   2.2170770e+06   3.9752197e+01
   2.2171210e+06   3.8562012e+01
   2.2516170e+06   3.2611084e+01
   2.2519990e+06   3.4039307e+01
   2.2520250e+06   3.1896973e+01
   2.2520390e+06   3.2135010e+01
   2.2520910e+06   3.6895752e+01
   2.2521010e+06   3.7847900e+01
   2.2793890e+06   3.6419678e+01
   2.2796610e+06   3.4991455e+01
   2.2796760e+06   3.1896973e+01
   2.2797000e+06   4.0704346e+01
   2.2797810e+06   3.8562012e+01
   2.2799670e+06   3.1658936e+01
   2.2801320e+06   3.4753418e+01
   2.2801860e+06   3.8800049e+01
   2.2802140e+06   3.5705566e+01
   2.2803020e+06   3.7133789e+01
   2.2928360e+06   3.3087158e+01
   2.2932250e+06   3.8562012e+01
   2.2933720e+06   3.5943604e+01
   2.3152630e+06   3.1658936e+01
   2.3153100e+06   3.4039307e+01
   2.3155080e+06   3.3087158e+01
   2.3155320e+06   3.5467529e+01
   2.3312080e+06   3.4515381e+01
   2.3313790e+06   3.5943604e+01
   2.3317390e+06   3.1896973e+01
   2.3317570e+06   3.3087158e+01
   2.3319330e+06   3.3563232e+01
   2.3319750e+06   3.2849121e+01
   2.3319860e+06   3.3563232e+01
   2.3521690e+06   3.8800049e+01
   2.3522920e+06   3.6657715e+01
   2.3524400e+06   3.4991455e+01
   2.3525980e+06   3.6895752e+01
   2.3529150e+06   3.5467529e+01
   2.3532460e+06   3.3087158e+01
   2.3546810e+06   3.3801270e+01
   2.3547490e+06   3.6895752e+01
   2.3547610e+06   3.3801270e+01
   2.3547820e+06   3.1420898e+01
   2.3765860e+06   3.1658936e+01
   2.3937420e+06   4.4036865e+01
   2.4258730e+06   3.5943604e+01
   2.4265030e+06   3.3325195e+01
   2.4265870e+06   3.9514160e+01
   2.4273840e+06   3.5705566e+01
   2.4274290e+06   3.8085938e+01
   2.4274740e+06   3.1182861e+01
   2.4278210e+06   3.1420898e+01
   2.4279160e+06   3.1420898e+01
   2.4527800e+06   3.1896973e+01
   2.4528810e+06   3.8800049e+01
   2.4533750e+06   3.3563232e+01
   2.4534180e+06   4.6655273e+01
   2.4535940e+06   4.1418457e+01
   2.4537050e+06   3.1658936e+01
   2.4629710e+06   3.2849121e+01
   2.4655480e+06   3.4277344e+01
   2.4678940e+06   3.4039307e+01
   2.4774020e+06   3.6895752e+01
   2.4776400e+06   3.2849121e+01
   2.4786840e+06   3.3563232e+01
   2.4792470e+06   4.0942383e+01
   2.4793050e+06   3.4753418e+01
   2.4793180e+06   3.8562012e+01
   2.4938410e+06   3.5943604e+01
   2.4949060e+06   3.5705566e+01
   2.5072880e+06   3.3325195e+01
   2.5073760e+06   3.2135010e+01
   2.5192950e+06   3.3325195e+01
   2.5201260e+06   3.4277344e+01
   2.5288970e+06   4.2132568e+01
   2.5289600e+06   3.3325195e+01
   2.5423040e+06   3.7371826e+01
   2.5479700e+06   3.2373047e+01
   2.5502430e+06   3.2849121e+01
   2.5518990e+06   3.7609863e+01
   2.5526230e+06   3.1658936e+01
   2.5526710e+06   3.2849121e+01
   2.5527120e+06   3.6419678e+01
   2.5528160e+06   3.2611084e+01
   2.5720000e+06   4.3322754e+01
   2.5725280e+06   3.2849121e+01
   2.5725520e+06   3.2849121e+01
   2.5730920e+06   3.8562012e+01
   2.5756650e+06   3.2611084e+01
   2.5757010e+06   3.4753418e+01
   2.5758180e+06   3.6895752e+01
   2.5887380e+06   3.1420898e+01
   2.5975720e+06   3.1182861e+01
   2.6040160e+06   3.4039307e+01
   2.6041000e+06   3.1896973e+01
   2.6041130e+06   4.4036865e+01
   2.6186750e+06   3.1182861e+01
   2.6247930e+06   3.9276123e+01
   2.6249020e+06   4.0466309e+01
   2.6249460e+06   6.1651611e+01
   2.6249630e+06   3.1896973e+01
   2.6335880e+06   3.4515381e+01
   2.6337030e+06   3.9038086e+01
   2.6337310e+06   3.3325195e+01
   2.6466930e+06   3.2373047e+01
   2.6507780e+06   3.9990234e+01
   2.6531960e+06   3.4753418e+01
   2.6538460e+06   3.2373047e+01
   2.6540010e+06   3.2135010e+01
   2.6565410e+06   3.6181641e+01
   2.6608550e+06   3.4991455e+01
   2.6683170e+06   3.6419678e+01
   2.6771910e+06   3.4753418e+01
   2.6772360e+06   3.4277344e+01
   2.6901930e+06   3.1420898e+01
   2.6903980e+06   4.0704346e+01
   2.7030140e+06   3.7609863e+01
   2.7065460e+06   3.2135010e+01
   2.7099420e+06   3.4515381e+01
   2.7100750e+06   4.4989014e+01
   2.7100950e+06   3.4039307e+01
   2.7101330e+06   3.1420898e+01
   2.7111670e+06   3.4753418e+01
   2.7153480e+06   3.1658936e+01
   2.7158050e+06   3.3563232e+01
   2.7197370e+06   3.6419678e+01
   2.7235710e+06   3.4991455e+01
   2.7301630e+06   3.1182861e+01
   2.7306950e+06   4.0228271e+01
   2.7309570e+06   3.2135010e+01
   2.7309750e+06   3.2611084e+01
   2.7309940e+06   3.5229492e+01
   2.7310400e+06   5.2606201e+01
   2.7352040e+06   3.8085938e+01
   2.7434900e+06   3.2611084e+01
   2.7437970e+06   3.1658936e+01
   2.7438650e+06   3.1896973e+01
   2.7439370e+06   3.2373047e+01
   2.7536710e+06   3.2135010e+01
   2.7536990e+06   3.4039307e+01
   2.7541530e+06   3.1182861e+01
   2.7542280e+06   4.5465088e+01
   2.7542450e+06   3.1896973e+01
   2.7621170e+06   3.2373047e+01
   2.7621430e+06   6.5936279e+01
   2.7622140e+06   3.2373047e+01
   2.7664010e+06   3.1182861e+01
   2.7693520e+06   3.5229492e+01
   2.7695540e+06   3.2849121e+01
   2.7697500e+06   3.4039307e+01
   2.7697840e+06   3.2849121e+01
   2.7888570e+06   3.3801270e+01
   2.7889760e+06   3.4039307e+01
   2.7890020e+06   3.1420898e+01
   2.7890360e+06   4.2608643e+01
   2.7891110e+06   3.3801270e+01
   2.7959460e+06   3.6895752e+01
   2.7960230e+06   3.1896973e+01
   2.8099310e+06   3.1420898e+01
   2.8125720e+06   3.2849121e+01
   2.8159670e+06   3.3325195e+01
   2.8203690e+06   3.4753418e+01
   2.8221100e+06   3.1896973e+01
   2.8221350e+06   3.1658936e+01
   2.8222610e+06   3.1896973e+01
   2.8223090e+06   3.1182861e+01
   2.8281230e+06   3.1182861e+01
   2.8335080e+06   3.4039307e+01
   2.8405680e+06   3.1896973e+01
   2.8406120e+06   3.2611084e+01
   2.8406470e+06   3.3801270e+01
   2.8406620e+06   3.1182861e+01
   2.8406800e+06   3.4039307e+01
   2.8407630e+06   3.4515381e+01
   2.8440490e+06   3.2611084e+01
   2.8498530e+06   4.9511719e+01
   2.8499290e+06   3.4039307e+01
   2.8500220e+06   3.3563232e+01
   2.8608050e+06   3.1658936e+01
   2.8724560e+06   3.6419678e+01
   2.8806030e+06   3.4753418e+01
   2.8816570e+06   3.4753418e+01
   2.8842810e+06   3.1420898e+01
   2.8860310e+06   3.6181641e+01
   2.8860810e+06   3.4039307e+01
   2.8861100e+06   3.3087158e+01
   2.8861390e+06   5.4748535e+01
   2.8861490e+06   3.9514160e+01
   2.8866840e+06   3.3563232e+01
   2.9036330e+06   3.1658936e+01
   2.9089290e+06   3.1896973e+01
   2.9119350e+06   5.1416016e+01
   2.9123360e+06   3.1896973e+01
   2.9138630e+06   3.6895752e+01
   2.9306610e+06   3.3325195e+01
   2.9307340e+06   3.2849121e+01
   2.9331520e+06   3.5467529e+01
   2.9332590e+06   3.6419678e+01
   2.9333250e+06   3.6181641e+01
   2.9416290e+06   3.1182861e+01
   2.9416830e+06   3.3087158e+01
   2.9419970e+06   3.5705566e+01
   2.9420260e+06   3.1658936e+01
   2.9559900e+06   3.3801270e+01
   2.9573630e+06   3.4039307e+01
   2.9635470e+06   3.2849121e+01
   2.9650050e+06   6.0461426e+01
   2.9654080e+06   4.5465088e+01
   2.9667740e+06   3.7133789e+01
   2.9690600e+06   3.5229492e+01
   2.9691810e+06   3.2611084e+01
   2.9773480e+06   3.2135010e+01
   2.9778100e+06   3.1896973e+01
   2.9782570e+06   3.5229492e+01
   2.9783330e+06   3.3087158e+01
   2.9784750e+06   3.3801270e+01
   2.9785080e+06   3.2611084e+01
   2.9785420e+06   3.7609863e+01
   2.9865040e+06   3.4515381e+01
   2.9865760e+06   3.6181641e+01
   2.9925090e+06   3.4039307e+01
   2.9925590e+06   5.5700684e+01
