   1.2000000e+07   0.0000000e+00
   9.4740000e+03   3.4912109e+01
   1.3066000e+04   3.4790039e+01
   1.3293000e+04   3.5766602e+01
   1.3661000e+04   3.4606934e+01
   1.4033000e+04   4.9377441e+01
   1.4239000e+04   4.2846680e+01
   1.4606000e+04   5.3222656e+01
   1.4914000e+04   4.0588379e+01
   1.5552000e+04   3.9428711e+01
   7.3196000e+04   4.6325684e+01
   7.3710000e+04   4.8950195e+01
   7.3732000e+04   3.4729004e+01
   7.4170000e+04   4.1259766e+01
   7.4976000e+04   5.2551270e+01
   7.5044000e+04   3.8452148e+01
   7.6880000e+04   3.4973145e+01
   7.7402000e+04   4.1137695e+01
   7.7572000e+04   5.0231934e+01
   7.7618000e+04   3.6193848e+01
   7.7654000e+04   3.7841797e+01
   7.8242000e+04   4.0893555e+01
   7.8864000e+04   4.2236328e+01
   7.9658000e+04   3.5034180e+01
   9.2306000e+04   3.9550781e+01
   9.3062000e+04   4.6936035e+01
   1.6051200e+05   4.9804688e+01
   1.6058900e+05   4.7180176e+01
   1.6092800e+05   5.3466797e+01
   1.6157500e+05   4.2663574e+01
   1.6229900e+05   4.4738770e+01
   1.6405500e+05   4.4006348e+01
   1.6440300e+05   3.5888672e+01
   1.6473800e+05   3.4179688e+01
   1.6545400e+05   4.2053223e+01
   1.6549400e+05   3.7658691e+01
   1.6583600e+05   4.1687012e+01
   1.6584800e+05   4.5715332e+01
   1.6623200e+05   3.6560059e+01
   1.8698500e+05   4.3212891e+01
   1.8722500e+05   4.1381836e+01
   1.8759400e+05   3.8391113e+01
   1.8818100e+05   3.6254883e+01
   1.8910900e+05   5.7922363e+01
   1.8945500e+05   4.8156738e+01
   1.8987500e+05   4.6142578e+01
   2.5184400e+05   3.7841797e+01
   2.5199300e+05   5.4931641e+01
   2.5227500e+05   4.7546387e+01
   2.5338000e+05   4.0832520e+01
   2.9431300e+05   4.4372559e+01
   2.9457100e+05   4.3884277e+01
   2.9501300e+05   3.5644531e+01
   2.9504200e+05   4.7790527e+01
   2.9533200e+05   5.4321289e+01
   2.9536000e+05   4.2907715e+01
   2.9553200e+05   3.4606934e+01
   2.9564800e+05   3.7780762e+01
   3.2786300e+05   3.7902832e+01
   3.2819600e+05   4.1992188e+01
   3.2845600e+05   4.0161133e+01
   3.2875200e+05   3.8085938e+01
   3.2876400e+05   5.6335449e+01
   3.2902000e+05   4.8217773e+01
   3.2922500e+05   3.7414551e+01
   3.2953200e+05   5.1086426e+01
   3.2956800e+05   4.8828125e+01
   3.2984100e+05   3.5644531e+01
   3.3064400e+05   4.5410156e+01
   3.9006300e+05   4.9438477e+01
   3.9027800e+05   5.1940918e+01
   3.9036200e+05   4.1320801e+01
   3.9055900e+05   3.9306641e+01
   3.9082600e+05   3.6621094e+01
   3.9116800e+05   3.4606934e+01
   3.9314000e+05   4.7851563e+01
   3.9419900e+05   4.1076660e+01
   3.9449700e+05   3.8696289e+01
   3.9643300e+05   4.0710449e+01
   4.5143200e+05   4.7119141e+01
   4.5345100e+05   4.5776367e+01
   4.5352200e+05   3.7963867e+01
   4.5480100e+05   4.4799805e+01
   5.0460400e+05   3.8024902e+01
   5.0523300e+05   5.3649902e+01
   5.0577600e+05   4.2724609e+01
   7.4923200e+05   4.5837402e+01
   7.8745300e+05   4.9926758e+01
   7.8777900e+05   5.2124023e+01
   7.8798000e+05   3.6926270e+01
   7.8902100e+05   4.0954590e+01
   8.1104400e+05   4.6386719e+01
   8.1122500e+05   4.4189453e+01
   8.1137500e+05   3.6071777e+01
   8.1139100e+05   6.6528320e+01
   8.1147300e+05   4.4799805e+01
   8.1169900e+05   4.4555664e+01
   8.1373400e+05   3.8696289e+01
   8.1969500e+05   4.5593262e+01
   8.2032600e+05   3.7658691e+01
   8.2063800e+05   4.0527344e+01
   8.2124000e+05   4.1992188e+01
   8.2174400e+05   5.1574707e+01
   8.2206700e+05   3.7475586e+01
   8.2237700e+05   4.2724609e+01
   8.2276800e+05   4.8522949e+01
   8.2304200e+05   3.5583496e+01
   8.3304400e+05   3.4545898e+01
   8.3329800e+05   3.6621094e+01
   8.3453200e+05   4.9377441e+01
   8.3526100e+05   4.1137695e+01
   8.3610400e+05   3.7231445e+01
   8.6195600e+05   4.4616699e+01
   8.6231300e+05   3.4790039e+01
   8.6266900e+05   4.4921875e+01
   8.6432400e+05   4.5898438e+01
   8.6477900e+05   5.9204102e+01
   8.6498600e+05   3.9123535e+01
   8.6590500e+05   4.1320801e+01
   1.0305770e+06   3.5888672e+01
   1.0306500e+06   5.1757813e+01
   1.0307480e+06   4.4799805e+01
   1.0308060e+06   5.5847168e+01
   1.0310080e+06   4.7424316e+01
   1.0311110e+06   3.7109375e+01
   1.0311980e+06   3.4179688e+01
   1.0313700e+06   3.5278320e+01
   1.0316730e+06   4.0527344e+01
   1.0316870e+06   3.4179688e+01
   1.0322380e+06   4.3884277e+01
   1.0979100e+06   3.6560059e+01
   1.0979490e+06   5.0109863e+01
   1.0981060e+06   3.9855957e+01
   1.0981910e+06   3.5644531e+01
   1.0984900e+06   4.6020508e+01
   1.0985760e+06   3.4301758e+01
   1.0992560e+06   3.6315918e+01
   1.0993460e+06   4.6691895e+01
   1.0997990e+06   4.1381836e+01
   1.1711860e+06   4.6936035e+01
   1.1712540e+06   5.0231934e+01
   1.1713970e+06   4.3579102e+01
   1.1715690e+06   3.7841797e+01
   1.1716800e+06   3.9916992e+01
   1.1720950e+06   3.4606934e+01
   1.1724970e+06   3.7353516e+01
   1.2422510e+06   4.8278809e+01
   1.2423470e+06   3.5766602e+01
   1.2424820e+06   5.6762695e+01
   1.2426290e+06   3.8818359e+01
   1.2426620e+06   5.1269531e+01
   1.2428120e+06   4.0100098e+01
   1.2429930e+06   3.5461426e+01
   1.2434340e+06   4.0161133e+01
   1.2435440e+06   3.9001465e+01
   1.2954340e+06   3.7963867e+01
   1.2956920e+06   4.0527344e+01
   1.2959030e+06   4.8767090e+01
   1.2959170e+06   4.1137695e+01
   1.2959670e+06   3.5034180e+01
   1.2961020e+06   4.1809082e+01
   1.2961980e+06   3.8330078e+01
   1.2962790e+06   3.5827637e+01
   1.2967020e+06   3.9978027e+01
   1.2969310e+06   3.5400391e+01
   1.2972090e+06   3.7353516e+01
   1.2976890e+06   3.6437988e+01
   1.2979480e+06   3.4057617e+01
   1.3055930e+06   4.0649414e+01
   1.3058880e+06   3.5156250e+01
   1.3064770e+06   3.7353516e+01
   1.3068180e+06   4.8950195e+01
   1.3069290e+06   3.4240723e+01
   1.3070900e+06   4.1320801e+01
   1.3073140e+06   3.8879395e+01
   1.3074970e+06   3.6437988e+01
   1.3075500e+06   3.9062500e+01
   1.3077540e+06   5.1696777e+01
   1.3081200e+06   4.0527344e+01
   1.3085820e+06   3.7963867e+01
   1.3153050e+06   3.5217285e+01
   1.3172520e+06   3.9306641e+01
   1.3175470e+06   5.6579590e+01
   1.3178490e+06   4.0100098e+01
   1.3181160e+06   3.4179688e+01
   1.3254810e+06   4.6936035e+01
   1.3402730e+06   3.4057617e+01
   1.3406910e+06   4.4494629e+01
   1.3413660e+06   3.8269043e+01
   1.3418320e+06   3.7292480e+01
   1.4451390e+06   3.4729004e+01
   1.4453840e+06   6.5429688e+01
   1.4456240e+06   4.5410156e+01
   1.4461160e+06   3.9916992e+01
   1.4461980e+06   4.0466309e+01
   1.4465060e+06   3.7231445e+01
   1.4468590e+06   4.4555664e+01
   1.4476720e+06   3.5827637e+01
   1.5354750e+06   5.0292969e+01
   1.5355180e+06   6.5490723e+01
   1.5357990e+06   3.8940430e+01
   1.5360190e+06   4.5349121e+01
   1.5363250e+06   3.8146973e+01
   1.5366510e+06   4.0588379e+01
   1.5369330e+06   3.8085938e+01
   1.5375370e+06   3.5949707e+01
   1.5386960e+06   3.4362793e+01
   1.5400380e+06   4.6386719e+01
   1.5401790e+06   3.5400391e+01
   1.5407430e+06   3.9855957e+01
   1.6616330e+06   3.9794922e+01
   1.6618070e+06   4.9621582e+01
   1.6618540e+06   6.4208984e+01
   1.6621630e+06   4.4128418e+01
   1.6622240e+06   3.4973145e+01
   1.6623130e+06   3.5278320e+01
   1.6625520e+06   3.6682129e+01
   1.6626380e+06   3.6560059e+01
   1.6633940e+06   4.1503906e+01
   1.6641720e+06   3.9550781e+01
   1.7285380e+06   5.0964355e+01
   1.7285740e+06   5.3100586e+01
   1.7290010e+06   4.7912598e+01
   1.7296420e+06   4.6386719e+01
   1.7308810e+06   3.7841797e+01
   1.7558050e+06   3.9001465e+01
   1.7560600e+06   3.6254883e+01
   1.7563680e+06   3.7292480e+01
   1.7564910e+06   3.8024902e+01
   1.7565260e+06   4.0893555e+01
   1.7569400e+06   3.5339355e+01
   1.7571750e+06   3.5034180e+01
   1.7574430e+06   3.4484863e+01
   1.7575970e+06   3.7048340e+01
   1.7577570e+06   3.7048340e+01
   1.7580810e+06   3.4118652e+01
   1.7587350e+06   3.4423828e+01
   1.7644590e+06   4.0527344e+01
   1.7647770e+06   4.8217773e+01
   1.7663160e+06   4.1748047e+01
   1.7666390e+06   3.9916992e+01
   1.7674760e+06   3.4118652e+01
   1.7679660e+06   4.0100098e+01
   1.7694360e+06   3.6560059e+01
   1.7739000e+06   3.9306641e+01
   1.7742090e+06   3.5034180e+01
   1.7747870e+06   3.6437988e+01
   1.7758230e+06   5.4443359e+01
   1.7761960e+06   3.8391113e+01
   1.7766750e+06   3.5888672e+01
   1.7779550e+06   4.1137695e+01
   1.8674630e+06   4.0588379e+01
   1.8684750e+06   3.5827637e+01
   1.8684970e+06   4.7668457e+01
   1.8688710e+06   4.2968750e+01
   1.8691240e+06   4.2785645e+01
   1.8692420e+06   3.8635254e+01
   1.8694930e+06   3.8757324e+01
   1.8702770e+06   3.9916992e+01
   1.8707240e+06   3.8940430e+01
   1.8708750e+06   3.4179688e+01
   1.8712060e+06   5.3588867e+01
   1.8712730e+06   3.4545898e+01
   1.8718430e+06   4.1137695e+01
   1.8725940e+06   4.2846680e+01
   1.8734200e+06   3.4484863e+01
   1.9107800e+06   4.6264648e+01
   1.9117560e+06   4.7302246e+01
   1.9128250e+06   3.7780762e+01
   1.9131240e+06   4.2785645e+01
   1.9146030e+06   3.8452148e+01
   1.9152780e+06   4.5227051e+01
   1.9155040e+06   3.9794922e+01
   1.9158110e+06   4.2846680e+01
   1.9162020e+06   4.1625977e+01
   1.9643880e+06   3.6987305e+01
   1.9647720e+06   5.5664063e+01
   1.9648500e+06   3.6132813e+01
   1.9649920e+06   3.8696289e+01
   1.9654190e+06   4.2541504e+01
   1.9655910e+06   4.4555664e+01
   1.9658790e+06   3.9550781e+01
   1.9668130e+06   3.4484863e+01
   2.0094310e+06   4.9865723e+01
   2.0098800e+06   5.6823730e+01
   2.0099050e+06   4.8095703e+01
   2.0101300e+06   3.9062500e+01
   2.0104010e+06   3.9916992e+01
   2.0110720e+06   3.7414551e+01
   2.3012720e+06   6.5612793e+01
   2.3014680e+06   5.5847168e+01
   2.3016750e+06   3.5644531e+01
   2.3017290e+06   4.3945313e+01
   2.3021030e+06   3.8940430e+01
   2.3021360e+06   3.7475586e+01
   2.3027030e+06   3.8024902e+01
   2.4415340e+06   4.2724609e+01
   2.4419750e+06   4.6386719e+01
   2.4423480e+06   4.0039063e+01
   2.4424860e+06   4.1381836e+01
   2.4428240e+06   5.0231934e+01
   2.4429150e+06   3.7475586e+01
   2.4430070e+06   3.4667969e+01
   2.4432600e+06   4.1748047e+01
   2.4437030e+06   4.0771484e+01
   2.4440370e+06   3.8757324e+01
   2.4444690e+06   3.9001465e+01
   2.4446850e+06   3.8757324e+01
   2.4447700e+06   3.5644531e+01
   2.4449970e+06   3.5278320e+01
   2.4453050e+06   4.2297363e+01
   2.4453460e+06   4.3762207e+01
   2.4576710e+06   4.2846680e+01
   2.4578430e+06   3.8940430e+01
   2.4581480e+06   3.7597656e+01
   2.4585340e+06   3.7597656e+01
   2.4590210e+06   3.5583496e+01
   2.4592080e+06   4.6875000e+01
   2.4597930e+06   4.0771484e+01
   2.4602700e+06   3.5522461e+01
   2.4604130e+06   3.8208008e+01
   2.4618140e+06   3.9794922e+01
   2.4665290e+06   3.5156250e+01
   2.4674060e+06   3.4240723e+01
   2.4682220e+06   3.6376953e+01
   2.4684190e+06   5.7617188e+01
   2.4686250e+06   3.4667969e+01
   2.4687600e+06   4.0100098e+01
   2.4690020e+06   3.9306641e+01
   2.4693690e+06   4.2663574e+01
   2.4696640e+06   3.4423828e+01
   2.4696940e+06   3.9428711e+01
   2.4702380e+06   4.2114258e+01
   2.4794460e+06   3.9611816e+01
   2.4801930e+06   3.7719727e+01
   2.4805390e+06   3.5644531e+01
   2.4813370e+06   3.5888672e+01
   2.5349940e+06   3.9062500e+01
   2.5351230e+06   3.5583496e+01
   2.5353900e+06   3.8635254e+01
   2.5356330e+06   5.4809570e+01
   2.5358300e+06   3.5400391e+01
   2.5358470e+06   4.8767090e+01
   2.5362400e+06   3.5034180e+01
   2.5365120e+06   3.9672852e+01
   2.5365330e+06   3.6315918e+01
   2.5370260e+06   3.6865234e+01
   2.5377110e+06   4.4067383e+01
   2.6794730e+06   4.6386719e+01
   2.6795850e+06   4.4006348e+01
   2.6797370e+06   5.4443359e+01
   2.6799350e+06   3.7292480e+01
   2.6800160e+06   3.9367676e+01
   2.6804230e+06   3.7597656e+01
   2.6804600e+06   3.7597656e+01
   2.6807200e+06   3.4301758e+01
   2.6813120e+06   4.6752930e+01
   2.7645820e+06   4.3518066e+01
   2.7646770e+06   5.3100586e+01
   2.7648180e+06   3.6682129e+01
   2.7650030e+06   4.5837402e+01
   2.7652480e+06   3.6132813e+01
   2.7653030e+06   4.0710449e+01
   2.7655540e+06   3.4301758e+01
   2.7656970e+06   3.7902832e+01
   2.7659970e+06   3.4362793e+01
   2.8888930e+06   4.6508789e+01
   2.8890060e+06   4.8645020e+01
   2.8893280e+06   4.9438477e+01
   2.8893670e+06   4.9987793e+01
   2.8896710e+06   3.6254883e+01
   2.8902370e+06   4.1259766e+01
   2.8902510e+06   3.9184570e+01
   2.8911670e+06   4.1809082e+01
   2.9135990e+06   4.1564941e+01
   2.9138790e+06   3.6926270e+01
   2.9141840e+06   5.3527832e+01
   2.9142810e+06   4.8217773e+01
   2.9143510e+06   4.2785645e+01
   2.9145430e+06   4.0466309e+01
   2.9148780e+06   3.8391113e+01
   2.9152010e+06   3.5400391e+01
   2.9154520e+06   3.7231445e+01
   2.9155030e+06   3.8391113e+01
   2.9158380e+06   3.6376953e+01
   2.9167020e+06   4.0954590e+01
   2.9223040e+06   3.6682129e+01
   2.9225350e+06   3.6315918e+01
   2.9233260e+06   3.7963867e+01
   2.9235050e+06   3.8696289e+01
   2.9237900e+06   4.0954590e+01
   2.9239970e+06   3.6376953e+01
   2.9243090e+06   3.4912109e+01
   2.9244740e+06   4.2236328e+01
   2.9246210e+06   4.1320801e+01
   2.9269150e+06   3.5034180e+01
   2.9314040e+06   3.6743164e+01
   2.9355250e+06   4.0100098e+01
   2.9357170e+06   3.5156250e+01
   2.9399350e+06   3.4973145e+01
   2.9731720e+06   4.0893555e+01
   2.9735280e+06   3.9367676e+01
   2.9738690e+06   3.9611816e+01
   2.9741290e+06   5.7067871e+01
   2.9742470e+06   3.6682129e+01
   2.9743290e+06   4.5471191e+01
   2.9744850e+06   4.4555664e+01
   2.9745410e+06   3.7536621e+01
   2.9747620e+06   4.1870117e+01
   2.9750740e+06   3.5766602e+01
   2.9754720e+06   4.0588379e+01
   2.9759540e+06   3.8513184e+01
   2.9764210e+06   3.5339355e+01
   3.1343780e+06   4.1625977e+01
   3.1345100e+06   4.8828125e+01
   3.1347050e+06   3.9184570e+01
   3.1347360e+06   4.7180176e+01
   3.1348840e+06   4.1015625e+01
   3.1350150e+06   3.8330078e+01
   3.1353460e+06   3.9672852e+01
   3.1359410e+06   4.0771484e+01
   3.1363890e+06   3.8208008e+01
   3.1364010e+06   4.7851563e+01
   3.2427160e+06   3.8269043e+01
   3.2430090e+06   4.7485352e+01
   3.2430580e+06   4.6508789e+01
   3.2432600e+06   4.3884277e+01
   3.2432750e+06   3.4179688e+01
   3.2434460e+06   4.0954590e+01
   3.2435420e+06   3.6865234e+01
   3.2436400e+06   3.4790039e+01
   3.2442900e+06   4.0161133e+01
   3.2443630e+06   4.0100098e+01
   3.2448310e+06   3.4790039e+01
   3.3225460e+06   5.6152344e+01
   3.3227270e+06   4.0832520e+01
   3.3228720e+06   4.7241211e+01
   3.3229750e+06   4.1687012e+01
   3.3230930e+06   3.5522461e+01
   3.3234440e+06   3.7719727e+01
   3.3235310e+06   4.1259766e+01
   3.3240030e+06   3.9306641e+01
   3.3240890e+06   3.7109375e+01
   3.3246300e+06   4.0893555e+01
   3.3677470e+06   4.5166016e+01
   3.3679210e+06   3.9001465e+01
   3.3681290e+06   4.6386719e+01
   3.3683640e+06   4.3640137e+01
   3.3683790e+06   4.7912598e+01
   3.3685400e+06   3.4545898e+01
   3.3685740e+06   4.3640137e+01
   3.3687130e+06   3.7719727e+01
   3.3690250e+06   5.0720215e+01
   3.3692590e+06   3.7841797e+01
   3.3694260e+06   3.7353516e+01
   3.3696090e+06   3.9978027e+01
   3.3696850e+06   3.9855957e+01
   3.3699110e+06   3.6682129e+01
   3.3702480e+06   3.5644531e+01
   3.3709390e+06   4.0344238e+01
   3.3709960e+06   3.4729004e+01
   3.3771630e+06   4.4006348e+01
   3.3775310e+06   3.6560059e+01
   3.3779320e+06   4.5227051e+01
   3.3780660e+06   5.9387207e+01
   3.3781510e+06   3.6987305e+01
   3.3786950e+06   3.6560059e+01
   3.3787720e+06   3.9062500e+01
   3.3792840e+06   4.9926758e+01
   3.3794220e+06   3.4973145e+01
   3.3797370e+06   3.8574219e+01
   3.3800380e+06   3.7170410e+01
   3.3854800e+06   3.4240723e+01
   3.3875370e+06   3.5827637e+01
   3.3878380e+06   3.8513184e+01
   3.3886670e+06   4.6081543e+01
   3.3890250e+06   3.5034180e+01
   3.3895080e+06   4.3029785e+01
   3.3897920e+06   3.4790039e+01
   3.3949970e+06   3.4057617e+01
   3.3957490e+06   3.5339355e+01
   3.3971240e+06   3.7353516e+01
   3.4134940e+06   3.8757324e+01
   3.4144130e+06   3.6254883e+01
   3.4149420e+06   3.7353516e+01
   3.4150990e+06   5.4565430e+01
   3.4152620e+06   3.9916992e+01
   3.4156690e+06   4.0771484e+01
   3.4161250e+06   3.8330078e+01
   3.4162820e+06   3.4851074e+01
   3.4164430e+06   3.6926270e+01
   3.5190400e+06   3.7719727e+01
   3.5190650e+06   4.6508789e+01
   3.5192910e+06   4.4860840e+01
   3.5193260e+06   4.2907715e+01
   3.5195180e+06   3.7597656e+01
   3.5197680e+06   4.6997070e+01
   3.5204000e+06   5.7006836e+01
   3.6068270e+06   3.4973145e+01
   3.6070110e+06   4.5288086e+01
   3.6072220e+06   4.0283203e+01
   3.6073110e+06   4.1931152e+01
   3.6075500e+06   3.5522461e+01
   3.6077840e+06   4.6630859e+01
   3.6081030e+06   3.5156250e+01
   3.6082740e+06   3.9978027e+01
   3.6093060e+06   3.8696289e+01
   3.6374350e+06   3.6682129e+01
   3.6584860e+06   4.4006348e+01
   3.6927660e+06   5.5541992e+01
   3.6929610e+06   5.4870605e+01
   3.6931010e+06   3.7902832e+01
   3.6932400e+06   5.2429199e+01
   3.6934900e+06   4.1442871e+01
   3.6938900e+06   3.5156250e+01
   3.6939990e+06   3.8879395e+01
   3.6951830e+06   4.4006348e+01
   3.6968820e+06   4.0344238e+01
   3.6973050e+06   4.6752930e+01
   3.6982670e+06   3.5766602e+01
   3.6985270e+06   4.0527344e+01
   3.6988040e+06   4.0100098e+01
   3.6988620e+06   4.5471191e+01
   3.6994910e+06   4.1320801e+01
   3.7006780e+06   3.5644531e+01
   3.7072640e+06   3.4790039e+01
   3.7077420e+06   3.8208008e+01
   3.7080500e+06   6.6284180e+01
   3.7085580e+06   3.9733887e+01
   3.7089000e+06   3.9611816e+01
   3.7160000e+06   3.8024902e+01
   3.7165390e+06   3.7719727e+01
   3.7169830e+06   3.7719727e+01
   3.7178530e+06   4.5715332e+01
   3.7184990e+06   4.0344238e+01
   3.7189190e+06   3.7597656e+01
   3.7192150e+06   5.5541992e+01
   3.7299470e+06   3.8146973e+01
   3.7491280e+06   3.4240723e+01
   3.7684660e+06   3.4301758e+01
   3.7759020e+06   3.6071777e+01
   3.7850020e+06   4.2724609e+01
   3.7877740e+06   3.4606934e+01
   3.7883370e+06   3.4301758e+01
   3.7889480e+06   4.3518066e+01
   3.7891320e+06   3.7841797e+01
   3.7901280e+06   4.2236328e+01
   3.7923970e+06   3.6132813e+01
   3.7925390e+06   3.6621094e+01
   3.7927210e+06   4.7302246e+01
   3.7927620e+06   3.4423828e+01
   3.7927870e+06   4.4067383e+01
   3.7929720e+06   3.6132813e+01
   3.7931100e+06   5.1574707e+01
   3.7931510e+06   3.8757324e+01
   3.7933230e+06   4.7485352e+01
   3.7936260e+06   4.0954590e+01
   3.7941770e+06   3.9733887e+01
   3.7946120e+06   3.5095215e+01
   3.7948430e+06   3.4179688e+01
   3.8105420e+06   4.4250488e+01
   3.8251760e+06   3.7109375e+01
   3.8414400e+06   3.6499023e+01
   3.8661700e+06   4.8706055e+01
   3.8680690e+06   5.0292969e+01
   3.9243150e+06   4.5593262e+01
   3.9245710e+06   5.0720215e+01
   3.9247090e+06   4.4555664e+01
   3.9247900e+06   4.9499512e+01
   3.9250080e+06   3.8146973e+01
   3.9250670e+06   4.1564941e+01
   3.9252530e+06   3.5827637e+01
   3.9254620e+06   3.4423828e+01
   3.9255610e+06   3.9916992e+01
   3.9259150e+06   4.5288086e+01
   3.9261050e+06   3.6132813e+01
   4.0867700e+06   3.7292480e+01
   4.1319930e+06   3.5766602e+01
   4.1320450e+06   3.7414551e+01
   4.1321390e+06   3.7902832e+01
   4.1322660e+06   4.9438477e+01
   4.1331900e+06   4.6325684e+01
   4.1335160e+06   3.7902832e+01
   4.1338490e+06   4.1076660e+01
   4.1338790e+06   4.8278809e+01
   4.1341330e+06   3.5644531e+01
   4.1342750e+06   3.8146973e+01
   4.1345970e+06   3.4545898e+01
   4.1351090e+06   3.4729004e+01
   4.1360510e+06   4.0100098e+01
   4.1401850e+06   3.6743164e+01
   4.1402920e+06   3.7109375e+01
   4.1404510e+06   5.2001953e+01
   4.1408070e+06   4.4555664e+01
   4.1408270e+06   3.5583496e+01
   4.1409850e+06   3.6376953e+01
   4.1413900e+06   3.8024902e+01
   4.1416570e+06   3.4240723e+01
   4.1420410e+06   3.6315918e+01
   4.1422820e+06   3.4362793e+01
   4.1441510e+06   3.9550781e+01
   4.1451920e+06   3.5095215e+01
   4.1502180e+06   3.4057617e+01
   4.1521760e+06   4.7241211e+01
   4.1527100e+06   4.7729492e+01
   4.1531100e+06   3.8574219e+01
   4.1536530e+06   3.9489746e+01
   4.1586810e+06   3.9062500e+01
   4.1592230e+06   3.4729004e+01
   4.1600900e+06   3.6437988e+01
   4.1604520e+06   3.4851074e+01
   4.1615170e+06   3.6804199e+01
   4.1835380e+06   3.4790039e+01
   4.1941020e+06   3.7963867e+01
   4.1943460e+06   3.4729004e+01
   4.1950470e+06   3.9916992e+01
   4.1950780e+06   4.2114258e+01
   4.1952740e+06   4.9987793e+01
   4.1954860e+06   3.6743164e+01
   4.1957200e+06   4.0527344e+01
   4.1970270e+06   3.9550781e+01
   4.1977880e+06   3.4973145e+01
   4.2338660e+06   3.4912109e+01
   4.2870750e+06   3.6010742e+01
   4.2871980e+06   3.7231445e+01
   4.2875700e+06   5.7189941e+01
   4.2877470e+06   4.4921875e+01
   4.2879340e+06   3.7353516e+01
   4.2881330e+06   3.5400391e+01
   4.2885270e+06   3.4545898e+01
   4.2895480e+06   3.6621094e+01
   4.4028850e+06   3.8696289e+01
   4.4030320e+06   5.1635742e+01
   4.4033340e+06   4.8583984e+01
   4.4035020e+06   4.4860840e+01
   4.4035900e+06   3.4606934e+01
   4.4038000e+06   4.0039063e+01
   4.4039500e+06   4.1381836e+01
   4.4041110e+06   4.1198730e+01
   4.4043680e+06   3.9550781e+01
   4.4046000e+06   3.5583496e+01
   4.4049170e+06   3.4179688e+01
   4.4052570e+06   3.4851074e+01
   4.6698990e+06   3.7719727e+01
   4.6703400e+06   3.4912109e+01
   4.6704080e+06   6.8176270e+01
   4.6705050e+06   4.7119141e+01
   4.6710790e+06   4.4067383e+01
   4.6713360e+06   4.4616699e+01
   4.6715840e+06   3.7963867e+01
   4.6716100e+06   3.4851074e+01
   4.6719110e+06   3.4667969e+01
   4.6724940e+06   3.5278320e+01
   4.6729240e+06   3.5339355e+01
   4.6732920e+06   3.8085938e+01
   4.6796860e+06   4.3457031e+01
   4.6800690e+06   3.6132813e+01
   4.6820770e+06   4.2480469e+01
   4.6823470e+06   4.5837402e+01
   4.6826930e+06   4.3762207e+01
   4.6832190e+06   3.4545898e+01
   4.6834250e+06   4.0649414e+01
   4.6835340e+06   4.4067383e+01
   4.6839090e+06   4.0344238e+01
   4.6844890e+06   4.4250488e+01
   4.6892350e+06   4.1687012e+01
   4.6896740e+06   3.7902832e+01
   4.6899970e+06   4.6813965e+01
   4.6902780e+06   3.6132813e+01
   4.6907600e+06   3.7048340e+01
   4.6911690e+06   4.4189453e+01
   4.6911950e+06   3.8208008e+01
   4.6914710e+06   3.5217285e+01
   4.6969370e+06   3.4423828e+01
   4.6973630e+06   3.6437988e+01
   4.6977860e+06   3.4240723e+01
   4.6982500e+06   4.5166016e+01
   4.6988400e+06   3.7109375e+01
   4.6993100e+06   3.9978027e+01
   4.6996620e+06   3.9855957e+01
   4.7002910e+06   4.5104980e+01
   4.7106730e+06   3.8146973e+01
   4.7216650e+06   4.2236328e+01
   4.7218530e+06   3.4851074e+01
   4.7240310e+06   4.6142578e+01
   4.7242890e+06   4.3273926e+01
   4.7249740e+06   4.4494629e+01
   4.7253270e+06   3.5339355e+01
   4.8978800e+06   4.4982910e+01
   4.8979170e+06   4.9316406e+01
   4.8981910e+06   4.3151855e+01
   4.8983770e+06   3.9489746e+01
   4.8987470e+06   3.6437988e+01
   4.8988540e+06   3.6254883e+01
   4.8992340e+06   3.9062500e+01
   4.8998770e+06   4.2236328e+01
   4.9325930e+06   4.0405273e+01
   4.9326900e+06   4.2114258e+01
   4.9328330e+06   6.6650391e+01
   4.9329240e+06   4.7912598e+01
   4.9331030e+06   4.5227051e+01
   4.9333900e+06   4.7424316e+01
   4.9337450e+06   3.6987305e+01
   4.9339960e+06   3.8879395e+01
   4.9342380e+06   4.2724609e+01
   4.9343500e+06   3.9489746e+01
   4.9346770e+06   4.1503906e+01
   4.9347000e+06   3.8024902e+01
   4.9350310e+06   3.5095215e+01
   4.9412610e+06   3.8696289e+01
   4.9417010e+06   3.7109375e+01
   4.9420790e+06   4.6569824e+01
   4.9422880e+06   4.1198730e+01
   4.9425990e+06   3.6560059e+01
   4.9426980e+06   3.4790039e+01
   4.9428450e+06   3.8574219e+01
   4.9430140e+06   3.7170410e+01
   4.9431170e+06   4.2602539e+01
   4.9507820e+06   3.5949707e+01
   4.9524410e+06   3.4606934e+01
   4.9578240e+06   4.1015625e+01
   4.9583100e+06   3.8269043e+01
   4.9632020e+06   3.4729004e+01
   4.9700090e+06   3.5461426e+01
   4.9806650e+06   3.9550781e+01
   5.0092140e+06   3.9855957e+01
   5.0474140e+06   3.8940430e+01
   5.0584080e+06   3.4362793e+01
   5.0585400e+06   4.5288086e+01
   5.0588970e+06   3.5461426e+01
   5.0589210e+06   4.6264648e+01
   5.0591520e+06   3.4484863e+01
   5.0593070e+06   4.3334961e+01
   5.0593980e+06   3.8513184e+01
   5.0595780e+06   3.6926270e+01
   5.0597010e+06   3.5827637e+01
   5.0600040e+06   3.5339355e+01
   5.0609940e+06   3.7780762e+01
   5.1198890e+06   4.7302246e+01
   5.1202480e+06   4.9499512e+01
   5.1205450e+06   4.6081543e+01
   5.1208410e+06   4.9255371e+01
   5.1210810e+06   6.2316895e+01
   5.1213870e+06   3.7292480e+01
   5.1215080e+06   4.1503906e+01
   5.1220220e+06   4.1381836e+01
   5.1221270e+06   4.3151855e+01
   5.1226700e+06   3.6743164e+01
   5.1548280e+06   3.7048340e+01
   5.1552470e+06   4.2480469e+01
   5.1555840e+06   3.7231445e+01
   5.1558480e+06   4.3884277e+01
   5.1560630e+06   4.0466309e+01
   5.1561080e+06   4.1015625e+01
   5.1566780e+06   3.9855957e+01
   5.1568560e+06   4.4067383e+01
   5.2350360e+06   3.8391113e+01
   5.2351630e+06   3.4301758e+01
   5.2353650e+06   3.9001465e+01
   5.2354250e+06   3.4484863e+01
   5.2354900e+06   4.9377441e+01
   5.2355420e+06   3.5400391e+01
   5.2357510e+06   4.7729492e+01
   5.2361800e+06   3.6193848e+01
   5.2363030e+06   3.5949707e+01
   5.2363830e+06   3.9001465e+01
   5.2368360e+06   3.6621094e+01
   5.2371440e+06   4.0832520e+01
   5.2374840e+06   3.5400391e+01
   5.2380150e+06   3.8574219e+01
   5.2505270e+06   4.6386719e+01
   5.2541840e+06   3.4057617e+01
   5.2545120e+06   3.5278320e+01
   5.2548140e+06   3.7414551e+01
   5.2553870e+06   4.2419434e+01
   5.2561980e+06   3.5217285e+01
   5.2562480e+06   4.1503906e+01
   5.2566900e+06   3.4912109e+01
   5.2570030e+06   4.0039063e+01
   5.2575980e+06   3.8635254e+01
   5.2576690e+06   4.0710449e+01
   5.2794870e+06   3.8024902e+01
   5.3327530e+06   4.0405273e+01
   5.3583350e+06   3.9245605e+01
   5.4456500e+06   5.4626465e+01
   5.4460050e+06   4.8828125e+01
   5.4462470e+06   4.3334961e+01
   5.4463350e+06   4.1015625e+01
   5.4466440e+06   4.4372559e+01
   5.4469500e+06   3.9672852e+01
   5.4475050e+06   3.7109375e+01
   5.5334580e+06   4.7607422e+01
   5.5335000e+06   6.5795898e+01
   5.5338080e+06   5.3649902e+01
   5.5341270e+06   3.7231445e+01
   5.5342660e+06   4.7912598e+01
   5.5346050e+06   4.1564941e+01
   5.5346250e+06   3.5644531e+01
   5.5348480e+06   4.0161133e+01
   5.5350680e+06   4.0222168e+01
   5.5352720e+06   3.5217285e+01
   5.5353900e+06   4.0039063e+01
   5.5909900e+06   4.6569824e+01
   5.5911450e+06   4.1076660e+01
   5.5913550e+06   3.9733887e+01
   5.5917520e+06   4.0588379e+01
   5.5918110e+06   4.1809082e+01
   5.5920340e+06   4.0527344e+01
   5.5923180e+06   4.3151855e+01
   5.5923800e+06   4.4799805e+01
   5.5927710e+06   4.2419434e+01
   5.5932340e+06   4.4311523e+01
   5.5933050e+06   3.9428711e+01
   5.6153910e+06   4.7180176e+01
   5.6166540e+06   3.5095215e+01
   5.6466900e+06   5.6762695e+01
   5.6468510e+06   4.0954590e+01
   5.6470830e+06   4.2846680e+01
   5.6476570e+06   5.0231934e+01
   5.6478300e+06   3.4362793e+01
   5.6478650e+06   4.9133301e+01
   5.6482540e+06   3.5522461e+01
   5.6487490e+06   3.4179688e+01
   5.6755690e+06   4.0161133e+01
   5.6948350e+06   3.9794922e+01
   5.7060110e+06   3.7597656e+01
   5.7265190e+06   4.3029785e+01
   5.7452220e+06   4.6081543e+01
   5.7694880e+06   3.8330078e+01
   5.8264140e+06   4.1748047e+01
   5.8338160e+06   3.5339355e+01
   5.8338720e+06   4.1442871e+01
   5.8340290e+06   4.3701172e+01
   5.8340590e+06   4.1992188e+01
   5.8340970e+06   3.6621094e+01
   5.8342120e+06   3.6071777e+01
   5.8342600e+06   3.6621094e+01
   5.8347030e+06   3.5949707e+01
   5.8350610e+06   4.9560547e+01
   5.8353970e+06   3.5095215e+01
   5.8355170e+06   4.3090820e+01
   5.8357280e+06   3.9855957e+01
   5.8359740e+06   3.4851074e+01
   5.8360660e+06   3.7414551e+01
   5.8368380e+06   3.7353516e+01
   5.8383320e+06   3.7292480e+01
   5.8417530e+06   3.5461426e+01
   5.8422110e+06   3.6804199e+01
   5.8427020e+06   3.5583496e+01
   5.8430390e+06   3.7475586e+01
   5.8441650e+06   3.9001465e+01
   5.8444800e+06   4.3273926e+01
   5.8447850e+06   3.8024902e+01
   5.8451340e+06   4.5104980e+01
   5.8456130e+06   3.9489746e+01
   5.8462660e+06   5.2978516e+01
   5.8508310e+06   4.2602539e+01
   5.8512740e+06   3.6926270e+01
   5.8517040e+06   3.9916992e+01
   5.8521670e+06   4.1198730e+01
   5.8684150e+06   3.4057617e+01
   5.8733500e+06   3.4240723e+01
   5.8737820e+06   4.4433594e+01
   5.8741770e+06   3.5278320e+01
   5.8745460e+06   3.5583496e+01
   5.8754440e+06   4.8461914e+01
   5.8758390e+06   4.2907715e+01
   5.8761080e+06   4.0771484e+01
   5.8776800e+06   3.4301758e+01
   5.9670240e+06   3.7109375e+01
   5.9671920e+06   4.5227051e+01
   5.9672420e+06   3.8513184e+01
   5.9673530e+06   4.3395996e+01
   5.9674990e+06   5.2551270e+01
   5.9675430e+06   5.2490234e+01
   5.9677030e+06   4.0100098e+01
   5.9683350e+06   3.8024902e+01
   5.9689570e+06   4.4067383e+01
   5.9689930e+06   3.4240723e+01
   6.0493370e+06   3.9428711e+01
   6.1564090e+06   4.3579102e+01
   6.1566400e+06   3.8574219e+01
   6.1567850e+06   5.2368164e+01
   6.1568450e+06   4.4250488e+01
   6.1570200e+06   3.6865234e+01
   6.1571560e+06   4.6813965e+01
   6.1576360e+06   3.8635254e+01
   6.1579070e+06   4.0954590e+01
   6.1582360e+06   3.6437988e+01
   6.1583030e+06   4.1442871e+01
   6.1585440e+06   3.6743164e+01
   6.1586330e+06   3.9184570e+01
   6.1588030e+06   3.5888672e+01
   6.1591040e+06   4.0161133e+01
   6.1592000e+06   3.7719727e+01
   6.1600810e+06   4.2785645e+01
   6.1664890e+06   3.8818359e+01
   6.1671450e+06   4.2480469e+01
   6.1671820e+06   3.5339355e+01
   6.1672900e+06   5.0170898e+01
   6.1675540e+06   4.7729492e+01
   6.1680520e+06   3.4973145e+01
   6.1681160e+06   4.1137695e+01
   6.1683130e+06   3.8208008e+01
   6.1684060e+06   3.9978027e+01
   6.1685260e+06   3.4729004e+01
   6.1725880e+06   3.6621094e+01
   6.1764080e+06   3.7841797e+01
   6.1781140e+06   4.2419434e+01
   6.1785570e+06   4.1076660e+01
   6.1789210e+06   3.9916992e+01
   6.1792220e+06   3.6499023e+01
   6.1900280e+06   3.6376953e+01
   6.2024230e+06   3.6132813e+01
   6.2039390e+06   3.7658691e+01
   6.2046490e+06   3.7536621e+01
   6.2925470e+06   4.1259766e+01
   6.2961010e+06   4.2236328e+01
   6.2966890e+06   4.1137695e+01
   6.2967470e+06   5.3039551e+01
   6.2970040e+06   5.0537109e+01
   6.2972240e+06   3.9611816e+01
   6.2975750e+06   4.2541504e+01
   6.2976290e+06   3.7353516e+01
   6.2979060e+06   3.6804199e+01
   6.2988310e+06   4.2785645e+01
   6.2991960e+06   3.6254883e+01
   6.4891790e+06   4.2541504e+01
   6.4894000e+06   5.1940918e+01
   6.4895530e+06   4.0405273e+01
   6.4896230e+06   4.1870117e+01
   6.4897230e+06   3.6682129e+01
   6.4898610e+06   3.6071777e+01
   6.4904390e+06   3.9916992e+01
   6.4907410e+06   3.6682129e+01
   6.5558630e+06   5.9814453e+01
   6.5560780e+06   4.3457031e+01
   6.5562130e+06   3.8574219e+01
   6.5563760e+06   3.6682129e+01
   6.5563960e+06   4.4494629e+01
   6.5566320e+06   3.8330078e+01
   6.5566540e+06   3.7780762e+01
   6.5570140e+06   3.7109375e+01
   6.5573670e+06   3.8269043e+01
   6.5577410e+06   3.6804199e+01
   6.6390010e+06   4.1625977e+01
   6.6493720e+06   3.6010742e+01
   6.6701000e+06   3.4973145e+01
   6.6702580e+06   3.5339355e+01
   6.6703880e+06   5.4016113e+01
   6.6705120e+06   3.9672852e+01
   6.6709390e+06   3.9001465e+01
   6.6715370e+06   3.6560059e+01
   6.6718150e+06   3.6254883e+01
   6.6720870e+06   4.0039063e+01
   6.6727530e+06   5.2612305e+01
   6.6729730e+06   3.7231445e+01
   6.6733450e+06   3.7658691e+01
   6.6792240e+06   4.5837402e+01
   6.6802820e+06   4.6752930e+01
   6.6805410e+06   4.6325684e+01
   6.6809210e+06   3.9855957e+01
   6.6811240e+06   3.4790039e+01
   6.6815110e+06   4.1992188e+01
   6.6818570e+06   4.0039063e+01
   6.6866790e+06   3.6865234e+01
   6.6887690e+06   3.5034180e+01
   6.6904070e+06   4.9987793e+01
   6.6906630e+06   3.7780762e+01
   6.6913290e+06   4.3273926e+01
   6.6917440e+06   3.4057617e+01
   6.7001230e+06   4.0039063e+01
   6.7033250e+06   3.5705566e+01
   6.7049310e+06   4.0100098e+01
   6.7169460e+06   3.6926270e+01
   6.7268910e+06   3.7719727e+01
   6.7640740e+06   3.9978027e+01
   6.7655440e+06   4.4189453e+01
   6.7664800e+06   3.6682129e+01
   6.7666360e+06   4.6447754e+01
   6.7669830e+06   4.0832520e+01
   6.7671140e+06   3.7780762e+01
   6.7671730e+06   4.0100098e+01
   6.7678840e+06   3.9611816e+01
   6.7686580e+06   3.6499023e+01
   7.0033180e+06   4.5837402e+01
   7.0035380e+06   5.2734375e+01
   7.0036230e+06   3.7475586e+01
   7.0037570e+06   4.9621582e+01
   7.0038770e+06   4.4982910e+01
   7.0039450e+06   3.8574219e+01
   7.0040660e+06   4.3395996e+01
   7.0041090e+06   3.5949707e+01
   7.0051210e+06   3.4240723e+01
   7.1006220e+06   3.7963867e+01
   7.2574670e+06   4.9987793e+01
   7.2575200e+06   4.3640137e+01
   7.2576150e+06   4.4677734e+01
   7.2576790e+06   4.4006348e+01
   7.2577980e+06   4.1931152e+01
   7.2579620e+06   5.8227539e+01
   7.2581840e+06   4.2846680e+01
   7.2584510e+06   4.2663574e+01
   7.2586690e+06   3.4240723e+01
   7.2588700e+06   3.6193848e+01
   7.2597140e+06   3.5827637e+01
   7.2674650e+06   4.1809082e+01
   7.2678150e+06   3.4118652e+01
   7.2680200e+06   4.5593262e+01
   7.2688450e+06   4.2602539e+01
   7.2690980e+06   4.5227051e+01
   7.2693520e+06   5.5236816e+01
   7.2696480e+06   4.2968750e+01
   7.2700040e+06   3.9184570e+01
   7.2702320e+06   3.4240723e+01
   7.2706270e+06   3.4851074e+01
   7.2712230e+06   3.9062500e+01
   7.2717040e+06   3.4667969e+01
   7.2797330e+06   3.5278320e+01
   7.2801000e+06   3.4729004e+01
   7.2816420e+06   4.0954590e+01
   7.2819980e+06   3.6743164e+01
   7.2825420e+06   3.7353516e+01
   7.2829440e+06   3.6926270e+01
   7.3035880e+06   3.9916992e+01
   7.3091560e+06   3.7475586e+01
   7.3095940e+06   3.8879395e+01
   7.3098720e+06   3.8208008e+01
   7.3099840e+06   5.6274414e+01
   7.3102160e+06   3.5400391e+01
   7.3104300e+06   4.0893555e+01
   7.3106730e+06   4.1748047e+01
   7.3107510e+06   3.4851074e+01
   7.3115550e+06   4.0222168e+01
   7.3126370e+06   3.6865234e+01
   7.3389230e+06   4.0344238e+01
   7.3554350e+06   3.8574219e+01
   7.3637500e+06   4.5776367e+01
   7.3909800e+06   3.4790039e+01
   7.4280950e+06   3.9184570e+01
   7.4282360e+06   6.1157227e+01
   7.4283710e+06   4.2053223e+01
   7.4283900e+06   3.4179688e+01
   7.4284130e+06   4.0039063e+01
   7.4285450e+06   3.9306641e+01
   7.4289260e+06   3.6193848e+01
   7.4291190e+06   3.8452148e+01
   7.4293590e+06   4.1015625e+01
   7.4295660e+06   4.3029785e+01
   7.4296760e+06   3.9367676e+01
   7.4299240e+06   4.0710449e+01
   7.4299410e+06   4.1320801e+01
   7.4303090e+06   3.7353516e+01
   7.4311020e+06   3.9184570e+01
   7.4396210e+06   4.2846680e+01
   7.4403980e+06   4.7912598e+01
   7.4404510e+06   3.4301758e+01
   7.4407140e+06   3.5278320e+01
   7.4407360e+06   4.3640137e+01
   7.4409550e+06   3.7170410e+01
   7.4412100e+06   3.7780762e+01
   7.4421970e+06   3.6621094e+01
   7.4527990e+06   3.6621094e+01
   7.4581650e+06   3.5949707e+01
   7.4691810e+06   3.9062500e+01
   7.4731000e+06   3.4057617e+01
   7.4895970e+06   4.2236328e+01
   7.5027470e+06   4.0100098e+01
   7.5139750e+06   3.6926270e+01
   7.5288420e+06   3.4973145e+01
   7.5664980e+06   3.5705566e+01
   7.6276300e+06   5.3100586e+01
   7.6276600e+06   3.4423828e+01
   7.6277900e+06   6.2988281e+01
   7.6278800e+06   3.5766602e+01
   7.6281220e+06   4.2114258e+01
   7.6282520e+06   5.1818848e+01
   7.6284830e+06   3.9489746e+01
   7.6285810e+06   4.1198730e+01
   7.6287160e+06   3.5156250e+01
   7.6289310e+06   3.9428711e+01
   7.6291900e+06   3.5888672e+01
   7.6292530e+06   4.0832520e+01
   7.6295610e+06   3.4240723e+01
   7.6473030e+06   3.5766602e+01
   7.6536700e+06   3.8208008e+01
   7.6625510e+06   3.4301758e+01
   7.6856620e+06   4.0405273e+01
   7.7793040e+06   4.3945313e+01
   7.7808100e+06   3.8696289e+01
   7.7810170e+06   6.2500000e+01
   7.7812560e+06   3.8391113e+01
   7.7812790e+06   3.8452148e+01
   7.7815730e+06   6.5063477e+01
   7.7818880e+06   4.0161133e+01
   7.7820120e+06   3.5705566e+01
   7.7824330e+06   3.4484863e+01
   7.7828840e+06   3.5766602e+01
   7.7829390e+06   3.4423828e+01
   7.7840790e+06   3.6071777e+01
   7.7847610e+06   3.9245605e+01
   7.7849990e+06   3.8330078e+01
   7.8120230e+06   3.8391113e+01
   7.8511090e+06   3.9184570e+01
   8.0471750e+06   4.4250488e+01
   8.0472990e+06   4.1625977e+01
   8.0474370e+06   4.0588379e+01
   8.0477940e+06   4.0283203e+01
   8.0480630e+06   3.4362793e+01
   8.0483110e+06   3.6132813e+01
   8.0485040e+06   3.5522461e+01
   8.0485320e+06   3.4057617e+01
   8.0487020e+06   3.4484863e+01
   8.0501230e+06   4.2724609e+01
   8.0502660e+06   3.8635254e+01
   8.0510380e+06   3.4606934e+01
   8.0576930e+06   3.8024902e+01
   8.0591410e+06   4.5654297e+01
   8.0594010e+06   3.7902832e+01
   8.0600540e+06   3.7231445e+01
   8.0606050e+06   3.6987305e+01
   8.0606860e+06   4.0039063e+01
   8.0610270e+06   3.5766602e+01
   8.0757580e+06   3.4362793e+01
   8.0798970e+06   3.6499023e+01
   8.0883180e+06   3.5888672e+01
   8.1034520e+06   3.7231445e+01
   8.2975240e+06   4.1198730e+01
   8.2978230e+06   3.5766602e+01
   8.2980390e+06   4.1381836e+01
   8.2981480e+06   4.5959473e+01
   8.2983720e+06   3.9123535e+01
   8.2983900e+06   3.7597656e+01
   8.2986020e+06   3.8269043e+01
   8.2987030e+06   3.4057617e+01
   8.2989440e+06   3.6926270e+01
   8.3004560e+06   4.4799805e+01
   8.4045550e+06   4.0222168e+01
   8.4056560e+06   4.9377441e+01
   8.4057610e+06   3.5644531e+01
   8.4059090e+06   4.5532227e+01
   8.4061590e+06   4.9377441e+01
   8.4063960e+06   3.6865234e+01
   8.4064700e+06   3.7658691e+01
   8.4070160e+06   3.8269043e+01
   8.4628760e+06   4.7668457e+01
   8.4639420e+06   5.6030273e+01
   8.4642700e+06   3.6499023e+01
   8.4643530e+06   4.5715332e+01
   8.4646700e+06   4.2419434e+01
   8.4647410e+06   3.8940430e+01
   8.4650340e+06   3.6376953e+01
   8.4650870e+06   4.1015625e+01
   8.4655760e+06   3.4423828e+01
   8.4664370e+06   3.7536621e+01
   8.4665840e+06   3.9978027e+01
   8.6800330e+06   5.2490234e+01
   8.6801530e+06   4.5776367e+01
   8.6803000e+06   4.1687012e+01
   8.6804560e+06   3.8330078e+01
   8.6805950e+06   3.7658691e+01
   8.6815600e+06   3.4057617e+01
   8.6818280e+06   3.9245605e+01
   8.7552640e+06   4.5471191e+01
   8.7565680e+06   3.7841797e+01
   8.7569270e+06   4.6875000e+01
   8.7570260e+06   3.7597656e+01
   8.7571020e+06   3.4179688e+01
   8.7572870e+06   3.5156250e+01
   8.7573790e+06   4.1442871e+01
   8.7574520e+06   3.4484863e+01
   8.7576050e+06   3.7231445e+01
   8.7583630e+06   3.4973145e+01
   8.7592640e+06   3.5156250e+01
   8.7816650e+06   4.0039063e+01
   8.7819700e+06   3.7475586e+01
   8.7825620e+06   5.6579590e+01
   8.7827590e+06   4.3640137e+01
   8.7828560e+06   3.4851074e+01
   8.7829920e+06   4.0161133e+01
   8.7832760e+06   5.4809570e+01
   8.7835280e+06   3.4179688e+01
   9.0830350e+06   4.0649414e+01
   9.0830810e+06   4.8583984e+01
   9.0832300e+06   5.7312012e+01
   9.0833330e+06   3.7902832e+01
   9.0833860e+06   4.4982910e+01
   9.0835400e+06   4.5043945e+01
   9.0835600e+06   4.3762207e+01
   9.0838640e+06   3.7109375e+01
   9.0839380e+06   4.0771484e+01
   9.0840810e+06   3.7902832e+01
   9.0843230e+06   3.5278320e+01
   9.0845950e+06   3.6804199e+01
   9.0853210e+06   3.4545898e+01
   9.0858690e+06   4.0954590e+01
   9.0859460e+06   3.6865234e+01
   9.0923730e+06   4.3579102e+01
   9.0927970e+06   4.2968750e+01
   9.0932670e+06   3.8024902e+01
   9.0933440e+06   4.2053223e+01
   9.0938350e+06   4.4555664e+01
   9.0945350e+06   3.9794922e+01
   9.0947830e+06   3.8696289e+01
   9.0952310e+06   4.1198730e+01
   9.0957420e+06   3.6132813e+01
   9.0958540e+06   3.8940430e+01
   9.0962800e+06   3.8391113e+01
   9.1052730e+06   3.7231445e+01
   9.1099420e+06   4.6081543e+01
   9.1100060e+06   3.6865234e+01
   9.1110080e+06   3.7048340e+01
   9.1324310e+06   3.5217285e+01
   9.4157230e+06   4.2663574e+01
   9.4158490e+06   4.3029785e+01
   9.4160080e+06   4.0649414e+01
   9.4161020e+06   5.4443359e+01
   9.4161400e+06   4.9072266e+01
   9.4162710e+06   3.9123535e+01
   9.4164330e+06   4.9438477e+01
   9.4167060e+06   3.5339355e+01
   9.4172580e+06   4.0710449e+01
   9.4178520e+06   3.9794922e+01
   9.4178980e+06   4.5654297e+01
   9.4180800e+06   3.4484863e+01
   9.4182220e+06   3.8818359e+01
   9.4199350e+06   3.6254883e+01
   9.4262480e+06   3.4545898e+01
   9.4294840e+06   3.4240723e+01
   9.4301630e+06   3.8085938e+01
   9.4383860e+06   3.4606934e+01
   9.4460430e+06   4.2114258e+01
   9.4480430e+06   3.8085938e+01
   9.4483540e+06   4.2541504e+01
   9.4486650e+06   3.4240723e+01
   9.4488330e+06   5.0048828e+01
   9.4492120e+06   3.7902832e+01
   9.4494560e+06   5.6457520e+01
   9.4496230e+06   3.4667969e+01
   9.4497470e+06   3.5827637e+01
   9.4499870e+06   3.5888672e+01
   9.4501840e+06   3.5644531e+01
   9.4507590e+06   3.7902832e+01
   9.4509250e+06   3.8024902e+01
   9.4515830e+06   4.1442871e+01
   9.4519260e+06   4.0161133e+01
   9.4523910e+06   3.8391113e+01
   9.4703850e+06   3.6254883e+01
   9.5073940e+06   4.6508789e+01
   9.9157050e+06   3.7353516e+01
   9.9158350e+06   3.4606934e+01
   9.9159260e+06   6.0241699e+01
   9.9159730e+06   3.5217285e+01
   9.9160390e+06   3.4362793e+01
   9.9160890e+06   4.2602539e+01
   9.9161240e+06   4.7485352e+01
   9.9170300e+06   4.6936035e+01
   9.9172440e+06   3.8757324e+01
   9.9175300e+06   4.0222168e+01
   9.9177800e+06   3.6010742e+01
   9.9180120e+06   3.4790039e+01
   9.9181310e+06   3.5095215e+01
   9.9183390e+06   3.5766602e+01
   9.9185750e+06   3.5156250e+01
   9.9187120e+06   3.6132813e+01
   9.9187730e+06   3.4912109e+01
   9.9197250e+06   3.5400391e+01
   9.9265510e+06   3.6621094e+01
   9.9272830e+06   3.6193848e+01
   9.9296940e+06   3.5644531e+01
   9.9418190e+06   3.8574219e+01
   9.9452060e+06   3.6010742e+01
   9.9502530e+06   3.8146973e+01
   9.9530810e+06   3.4851074e+01
   9.9680970e+06   3.7292480e+01
   9.9746400e+06   4.0161133e+01
   9.9965710e+06   4.0649414e+01
   1.0028926e+07   3.9428711e+01
   1.0036540e+07   3.4973145e+01
   1.0078114e+07   3.4606934e+01
   1.0123902e+07   3.9733887e+01
   1.0138681e+07   3.9001465e+01
   1.0160114e+07   3.6193848e+01
   1.0316040e+07   3.8452148e+01
   1.0316148e+07   6.1035156e+01
   1.0316183e+07   3.7048340e+01
   1.0316284e+07   4.9499512e+01
   1.0316436e+07   3.7780762e+01
   1.0316459e+07   6.0363770e+01
   1.0316862e+07   4.3518066e+01
   1.0317107e+07   3.8452148e+01
   1.0317385e+07   3.6132813e+01
   1.0317415e+07   3.9672852e+01
   1.0317639e+07   3.8513184e+01
   1.0317869e+07   4.1076660e+01
   1.0318327e+07   3.6376953e+01
   1.0318393e+07   3.7414551e+01
   1.0318695e+07   3.4423828e+01
   1.0318891e+07   3.7414551e+01
   1.0319284e+07   3.9855957e+01
   1.0322958e+07   3.7597656e+01
   1.0333135e+07   3.6437988e+01
   1.0335952e+07   3.6926270e+01
   1.0336983e+07   3.7109375e+01
   1.0341171e+07   3.4423828e+01
   1.0345828e+07   3.7231445e+01
   1.0349237e+07   3.6254883e+01
   1.0356091e+07   3.7475586e+01
   1.0365418e+07   3.4057617e+01
   1.0369353e+07   3.5949707e+01
   1.0369775e+07   3.4179688e+01
   1.0370013e+07   3.4729004e+01
   1.0370252e+07   5.7434082e+01
   1.0370374e+07   4.0405273e+01
   1.0370537e+07   3.8146973e+01
   1.0370757e+07   4.0283203e+01
   1.0371381e+07   3.4729004e+01
   1.0371672e+07   3.4240723e+01
   1.0372402e+07   3.4240723e+01
   1.0385915e+07   3.7048340e+01
   1.0389990e+07   3.9001465e+01
   1.0402881e+07   3.7170410e+01
   1.0418117e+07   3.4667969e+01
   1.0428275e+07   3.8879395e+01
   1.0433593e+07   3.4973145e+01
   1.0438827e+07   3.5034180e+01
   1.0449476e+07   3.9794922e+01
   1.0478734e+07   4.1259766e+01
   1.0502918e+07   3.9794922e+01
   1.0521120e+07   3.6315918e+01
   1.0550162e+07   5.0415039e+01
   1.0550731e+07   5.4687500e+01
   1.0550987e+07   4.4311523e+01
   1.0551086e+07   3.4179688e+01
   1.0551136e+07   3.5278320e+01
   1.0551294e+07   3.8146973e+01
   1.0551319e+07   3.8452148e+01
   1.0551442e+07   3.5644531e+01
   1.0551603e+07   3.5461426e+01
   1.0551717e+07   3.6987305e+01
   1.0551767e+07   3.7414551e+01
   1.0552434e+07   3.8085938e+01
   1.0553369e+07   3.6560059e+01
   1.0570355e+07   3.7841797e+01
   1.0590237e+07   3.7536621e+01
   1.0596178e+07   3.5400391e+01
   1.0603909e+07   4.0527344e+01
   1.0620168e+07   3.9916992e+01
   1.0635560e+07   3.4362793e+01
   1.0719340e+07   3.7414551e+01
   1.0959577e+07   3.6254883e+01
   1.1008758e+07   3.4179688e+01
   1.1141602e+07   4.0283203e+01
   1.1141691e+07   4.3090820e+01
   1.1141830e+07   4.5654297e+01
   1.1141933e+07   3.5461426e+01
   1.1142105e+07   4.8461914e+01
   1.1142558e+07   3.9245605e+01
   1.1142815e+07   3.8391113e+01
   1.1143292e+07   3.4240723e+01
   1.1143369e+07   3.4484863e+01
   1.1143859e+07   3.7719727e+01
   1.1145081e+07   3.5461426e+01
   1.1147355e+07   3.6315918e+01
   1.1149509e+07   3.6499023e+01
   1.1154830e+07   3.8391113e+01
   1.1155179e+07   3.9123535e+01
   1.1155265e+07   4.4250488e+01
   1.1155461e+07   4.5654297e+01
   1.1213556e+07   4.0710449e+01
   1.1461765e+07   4.4128418e+01
   1.1461821e+07   5.7250977e+01
   1.1461934e+07   5.0415039e+01
   1.1461947e+07   3.5644531e+01
   1.1462045e+07   3.8330078e+01
   1.1462325e+07   4.4067383e+01
   1.1462520e+07   3.6743164e+01
   1.1462937e+07   3.5400391e+01
   1.1463203e+07   4.0405273e+01
   1.1463349e+07   3.7109375e+01
   1.1463598e+07   3.4118652e+01
   1.1473927e+07   3.5034180e+01
   1.1475745e+07   3.6682129e+01
   1.1489833e+07   3.4667969e+01
   1.1503210e+07   4.0222168e+01
   1.1517986e+07   4.2297363e+01
   1.1535496e+07   3.4057617e+01
   1.1541957e+07   3.9367676e+01
   1.1613817e+07   3.9733887e+01
   1.1634856e+07   3.8085938e+01
   1.1634938e+07   3.9062500e+01
   1.1634967e+07   4.6203613e+01
   1.1634977e+07   4.3395996e+01
   1.1635242e+07   3.4973145e+01
   1.1635451e+07   5.1452637e+01
   1.1635632e+07   4.8950195e+01
   1.1635868e+07   3.6437988e+01
   1.1635959e+07   3.5949707e+01
   1.1636200e+07   3.8940430e+01
   1.1636467e+07   3.7841797e+01
   1.1636723e+07   3.5705566e+01
   1.1637055e+07   3.6865234e+01
   1.1637401e+07   3.8024902e+01
   1.1649921e+07   3.5217285e+01
   1.1670482e+07   3.8513184e+01
   1.1679441e+07   3.6682129e+01
   1.1689343e+07   3.6804199e+01
   1.1705078e+07   3.5827637e+01
