   7.5000000e+06   0.0000000e+00
   1.6421000e+05   1.7000000e+01
   1.6429200e+05   1.6000000e+01
   1.6448300e+05   1.7000000e+01
   1.6456200e+05   2.0000000e+01
   1.6482500e+05   1.7000000e+01
   1.6494500e+05   1.6000000e+01
   1.6505300e+05   2.1000000e+01
   1.6508000e+05   1.6000000e+01
   1.6511100e+05   1.7000000e+01
   1.6523500e+05   1.6000000e+01
   1.6531800e+05   2.2000000e+01
   1.6539100e+05   2.7000000e+01
   1.6549100e+05   1.6000000e+01
   1.6551700e+05   2.1000000e+01
   1.6555800e+05   1.6000000e+01
   1.6577300e+05   1.7000000e+01
   2.2219700e+05   1.9000000e+01
   2.2227800e+05   1.7000000e+01
   3.1050700e+05   2.3000000e+01
   3.1059900e+05   2.3000000e+01
   3.1062700e+05   2.7000000e+01
   3.1070900e+05   1.7000000e+01
   3.1079500e+05   1.9000000e+01
   3.1082800e+05   2.2000000e+01
   3.1112700e+05   2.1000000e+01
   3.1133100e+05   1.9000000e+01
   3.1141200e+05   1.6000000e+01
   4.0963400e+05   1.8000000e+01
   4.1014700e+05   1.8000000e+01
   4.1023900e+05   1.6000000e+01
   4.1075300e+05   1.6000000e+01
   6.8416300e+05   1.6000000e+01
   6.8419500e+05   1.6000000e+01
   6.8428900e+05   2.0000000e+01
   6.8435000e+05   1.6000000e+01
   6.8450200e+05   1.6000000e+01
   6.8457900e+05   2.2000000e+01
   6.8465200e+05   2.7000000e+01
   6.8468400e+05   3.2000000e+01
   6.8477500e+05   2.1000000e+01
   6.8487100e+05   2.8000000e+01
   6.8491800e+05   1.6000000e+01
   6.8494700e+05   3.1000000e+01
   6.8502000e+05   1.6000000e+01
   6.8510600e+05   2.1000000e+01
   6.8517500e+05   1.6000000e+01
   6.9949900e+05   1.6000000e+01
   7.5319300e+05   1.8000000e+01
   7.5328700e+05   1.6000000e+01
   7.5336400e+05   2.2000000e+01
   7.5349500e+05   1.6000000e+01
   7.5361200e+05   1.8000000e+01
   7.5367700e+05   1.7000000e+01
   7.5381000e+05   1.7000000e+01
   7.5396600e+05   2.0000000e+01
   7.5409600e+05   1.8000000e+01
   9.5661100e+05   1.7000000e+01
   9.5666100e+05   1.6000000e+01
   9.5676100e+05   1.9000000e+01
   9.5684400e+05   1.8000000e+01
   9.5692900e+05   2.7000000e+01
   9.5698800e+05   2.6000000e+01
   9.5712500e+05   2.0000000e+01
   9.5718500e+05   1.7000000e+01
   9.5722300e+05   1.6000000e+01
   9.5730000e+05   1.6000000e+01
   9.5735800e+05   1.6000000e+01
   9.5743200e+05   1.7000000e+01
   9.5750300e+05   2.7000000e+01
   9.5754000e+05   2.6000000e+01
   9.5759300e+05   2.8000000e+01
   9.5771600e+05   1.7000000e+01
   9.5781100e+05   2.1000000e+01
   9.5784300e+05   3.7000000e+01
   9.5794100e+05   2.0000000e+01
   9.5803700e+05   2.8000000e+01
   9.5807200e+05   3.7000000e+01
   9.5814000e+05   1.7000000e+01
   9.5820200e+05   1.6000000e+01
   9.5826700e+05   2.3000000e+01
   9.5831400e+05   2.7000000e+01
   9.5840700e+05   1.7000000e+01
   9.5849300e+05   2.8000000e+01
   9.5852100e+05   2.9000000e+01
   9.5861800e+05   1.7000000e+01
   9.5871500e+05   2.3000000e+01
   9.5876000e+05   2.6000000e+01
   9.5886100e+05   2.0000000e+01
   9.5896400e+05   2.2000000e+01
   9.5906600e+05   2.0000000e+01
   9.5916400e+05   2.4000000e+01
   9.5925600e+05   2.0000000e+01
   9.5932100e+05   2.0000000e+01
   9.5940400e+05   2.7000000e+01
   9.5943100e+05   2.5000000e+01
   9.5952600e+05   2.0000000e+01
   9.5966600e+05   2.0000000e+01
   9.5986100e+05   1.7000000e+01
   9.5999200e+05   1.8000000e+01
   1.1587270e+06   1.8000000e+01
   1.5612940e+06   1.6000000e+01
   1.5613520e+06   2.1000000e+01
   1.5614220e+06   1.8000000e+01
   1.5614930e+06   1.6000000e+01
   1.5619030e+06   1.7000000e+01
   1.6012430e+06   1.6000000e+01
   1.6013180e+06   2.9000000e+01
   1.6013970e+06   1.9000000e+01
   1.6014260e+06   2.3000000e+01
   1.6015410e+06   3.2000000e+01
   1.6015720e+06   2.7000000e+01
   1.6016760e+06   2.8000000e+01
   1.6017340e+06   2.6000000e+01
   1.6018050e+06   1.9000000e+01
   1.6018860e+06   2.5000000e+01
   1.6019370e+06   1.9000000e+01
   1.6020350e+06   2.1000000e+01
   1.6020760e+06   1.9000000e+01
   1.6021600e+06   2.4000000e+01
   1.6022380e+06   1.8000000e+01
   1.6023430e+06   3.1000000e+01
   1.6024220e+06   2.2000000e+01
   1.6024680e+06   1.6000000e+01
   1.6026070e+06   2.1000000e+01
   1.6026400e+06   3.2000000e+01
   1.6027280e+06   2.0000000e+01
   1.6028060e+06   1.8000000e+01
   1.6028810e+06   2.0000000e+01
   1.6029110e+06   1.6000000e+01
   1.6029650e+06   1.6000000e+01
   1.6032700e+06   1.7000000e+01
   1.6431820e+06   1.7000000e+01
   1.9716600e+06   1.7000000e+01
   1.9717270e+06   1.7000000e+01
   1.9718410e+06   1.6000000e+01
   1.9718790e+06   2.5000000e+01
   1.9719470e+06   2.3000000e+01
   1.9720170e+06   2.4000000e+01
   1.9720940e+06   4.4000000e+01
   1.9721220e+06   3.3000000e+01
   1.9722250e+06   4.0000000e+01
   1.9722510e+06   4.4000000e+01
   1.9723620e+06   1.6000000e+01
   1.9724440e+06   3.9000000e+01
   1.9724760e+06   1.9000000e+01
   1.9725670e+06   1.7000000e+01
   1.9728290e+06   1.6000000e+01
   1.9731730e+06   1.9000000e+01
   2.0580490e+06   1.6000000e+01
   2.0740780e+06   1.7000000e+01
   2.0741710e+06   1.8000000e+01
   2.3414850e+06   1.7000000e+01
   2.3415650e+06   1.6000000e+01
   2.3416680e+06   1.9000000e+01
   2.3417330e+06   2.3000000e+01
   2.3417730e+06   3.3000000e+01
   2.3419120e+06   1.6000000e+01
   2.3420410e+06   1.7000000e+01
   2.3421360e+06   2.0000000e+01
   2.3421690e+06   3.2000000e+01
   2.3422650e+06   1.6000000e+01
   2.3423130e+06   2.7000000e+01
   2.3423970e+06   2.0000000e+01
   2.3424810e+06   1.8000000e+01
   2.3425450e+06   2.4000000e+01
   2.3426650e+06   2.8000000e+01
   2.3426900e+06   1.7000000e+01
   2.3427840e+06   2.6000000e+01
   2.3428320e+06   1.6000000e+01
   2.3429560e+06   2.2000000e+01
   2.3429900e+06   1.7000000e+01
   2.3430640e+06   1.6000000e+01
   2.3431290e+06   1.9000000e+01
   2.5316440e+06   1.6000000e+01
   2.5317570e+06   1.7000000e+01
   2.5318360e+06   1.7000000e+01
   2.5318800e+06   2.0000000e+01
   2.5319100e+06   1.9000000e+01
   2.5319930e+06   2.1000000e+01
   2.5320680e+06   2.8000000e+01
   2.5321320e+06   3.6000000e+01
   2.5321730e+06   2.2000000e+01
   2.5322560e+06   2.3000000e+01
   2.5323080e+06   1.9000000e+01
   2.5323870e+06   3.1000000e+01
   2.5324330e+06   1.8000000e+01
   2.5324790e+06   1.8000000e+01
   2.5325920e+06   3.0000000e+01
   2.5326200e+06   2.8000000e+01
   2.5327730e+06   1.8000000e+01
   2.5328670e+06   1.7000000e+01
   2.5329690e+06   1.6000000e+01
   2.6474910e+06   1.9000000e+01
   2.6475700e+06   1.6000000e+01
   2.6478780e+06   1.6000000e+01
   2.7057650e+06   1.6000000e+01
   2.7058740e+06   1.6000000e+01
   2.7061020e+06   2.3000000e+01
   2.7062570e+06   2.3000000e+01
   2.7064690e+06   1.8000000e+01
   2.7065380e+06   2.3000000e+01
   2.7066180e+06   2.0000000e+01
   2.7066920e+06   2.0000000e+01
   2.7068160e+06   1.6000000e+01
   2.7068540e+06   1.6000000e+01
   2.7068890e+06   2.1000000e+01
   2.7069980e+06   2.1000000e+01
   2.7070240e+06   2.3000000e+01
   2.7071280e+06   1.7000000e+01
   2.7072060e+06   2.7000000e+01
   2.7072380e+06   2.7000000e+01
   2.7073490e+06   1.7000000e+01
   2.7074690e+06   1.7000000e+01
   2.7075610e+06   1.6000000e+01
   2.9027420e+06   1.6000000e+01
   2.9027970e+06   1.8000000e+01
   2.9029060e+06   1.8000000e+01
   2.9029820e+06   1.9000000e+01
   2.9030580e+06   3.9000000e+01
   2.9031230e+06   2.8000000e+01
   2.9031940e+06   2.0000000e+01
   2.9032790e+06   3.9000000e+01
   2.9033290e+06   3.6000000e+01
   2.9034530e+06   2.1000000e+01
   2.9036700e+06   1.6000000e+01
   2.9040270e+06   1.9000000e+01
   2.9043590e+06   1.6000000e+01
   3.0051660e+06   1.8000000e+01
   3.0052260e+06   2.3000000e+01
   3.0052910e+06   1.8000000e+01
   3.0053470e+06   2.8000000e+01
   3.0054410e+06   1.7000000e+01
   3.0055610e+06   1.9000000e+01
   3.0056200e+06   2.8000000e+01
   3.0059120e+06   1.9000000e+01
   3.0861170e+06   1.6000000e+01
   3.0865520e+06   1.7000000e+01
   3.1407050e+06   1.7000000e+01
   3.1408120e+06   2.0000000e+01
   3.1408850e+06   1.6000000e+01
   3.1409350e+06   1.7000000e+01
   3.1410220e+06   1.8000000e+01
   3.1410870e+06   2.8000000e+01
   3.1411870e+06   1.6000000e+01
   3.1413450e+06   1.7000000e+01
   3.1414140e+06   1.6000000e+01
   3.1414850e+06   2.2000000e+01
   3.1415820e+06   2.2000000e+01
   3.1417740e+06   1.7000000e+01
   3.1418300e+06   1.6000000e+01
   3.1419590e+06   1.7000000e+01
   3.1423220e+06   2.0000000e+01
   3.1423510e+06   2.1000000e+01
   3.2302730e+06   1.6000000e+01
   3.2304050e+06   1.9000000e+01
   3.2304600e+06   1.6000000e+01
   3.2306630e+06   2.0000000e+01
   3.2306880e+06   2.8000000e+01
   3.2307690e+06   1.9000000e+01
   3.2308170e+06   1.6000000e+01
   3.2309350e+06   1.6000000e+01
   3.2309810e+06   1.6000000e+01
   3.2311510e+06   1.6000000e+01
   3.2826570e+06   1.6000000e+01
   3.2827480e+06   1.6000000e+01
   3.2829230e+06   1.7000000e+01
   3.2830510e+06   1.8000000e+01
   3.2831190e+06   2.2000000e+01
   3.2833770e+06   1.7000000e+01
   3.2835130e+06   1.8000000e+01
   3.2835820e+06   2.0000000e+01
   3.2836470e+06   2.2000000e+01
   3.2837710e+06   1.6000000e+01
   3.2838100e+06   1.8000000e+01
   3.2840360e+06   1.7000000e+01
   3.5819520e+06   1.6000000e+01
   3.5820840e+06   2.3000000e+01
   3.5833580e+06   2.1000000e+01
   3.5834530e+06   1.8000000e+01
   3.5834780e+06   1.7000000e+01
   3.5835810e+06   1.8000000e+01
   3.5837230e+06   1.9000000e+01
   3.5837490e+06   1.6000000e+01
   3.5838130e+06   1.9000000e+01
   3.5838500e+06   1.9000000e+01
   3.5841130e+06   1.6000000e+01
   3.8743700e+06   1.7000000e+01
   3.8745070e+06   1.6000000e+01
   3.8745750e+06   2.0000000e+01
   3.8746710e+06   1.6000000e+01
   3.8747370e+06   2.3000000e+01
   3.8748560e+06   2.4000000e+01
   3.8749430e+06   2.3000000e+01
   3.8750160e+06   2.6000000e+01
   3.8750830e+06   3.6000000e+01
   3.8751210e+06   1.9000000e+01
   3.8752110e+06   3.1000000e+01
   3.8752390e+06   2.9000000e+01
   3.8753320e+06   2.0000000e+01
   3.8754670e+06   2.3000000e+01
   3.8755490e+06   4.0000000e+01
   3.8755750e+06   2.1000000e+01
   3.8756570e+06   2.7000000e+01
   3.8757110e+06   1.7000000e+01
   3.8757980e+06   3.2000000e+01
   3.8758260e+06   2.3000000e+01
   3.8759220e+06   2.8000000e+01
   3.8759650e+06   2.1000000e+01
   3.8761320e+06   3.1000000e+01
   3.8763630e+06   2.3000000e+01
   3.8764020e+06   1.6000000e+01
   3.8765000e+06   2.1000000e+01
   3.8765500e+06   1.6000000e+01
   3.8766260e+06   1.7000000e+01
   3.8767140e+06   1.8000000e+01
   3.8768420e+06   1.9000000e+01
   3.8770700e+06   1.6000000e+01
   3.8773290e+06   1.9000000e+01
   3.8773940e+06   2.3000000e+01
   3.9242930e+06   1.7000000e+01
   3.9250700e+06   1.7000000e+01
   3.9487830e+06   1.7000000e+01
   3.9488930e+06   1.6000000e+01
   3.9490300e+06   1.6000000e+01
   3.9491070e+06   3.2000000e+01
   3.9491530e+06   2.4000000e+01
   3.9492400e+06   1.6000000e+01
   3.9493350e+06   3.2000000e+01
   3.9493680e+06   1.6000000e+01
   3.9494830e+06   1.6000000e+01
   3.9495670e+06   2.6000000e+01
   3.9496040e+06   2.3000000e+01
   3.9497200e+06   1.6000000e+01
   3.9498080e+06   3.1000000e+01
   3.9498500e+06   2.1000000e+01
   3.9499320e+06   1.7000000e+01
   3.9500300e+06   3.1000000e+01
   3.9500630e+06   2.2000000e+01
   3.9501890e+06   1.9000000e+01
   3.9502670e+06   1.6000000e+01
   3.9502920e+06   1.7000000e+01
   3.9504270e+06   2.1000000e+01
   3.9504940e+06   2.4000000e+01
   3.9505230e+06   2.0000000e+01
   3.9506990e+06   1.7000000e+01
   3.9508270e+06   1.6000000e+01
   3.9509890e+06   2.1000000e+01
   3.9510790e+06   1.8000000e+01
   3.9513350e+06   1.6000000e+01
   3.9513830e+06   1.7000000e+01
   3.9516880e+06   1.6000000e+01
   3.9926090e+06   1.6000000e+01
   4.3024380e+06   1.6000000e+01
   4.3027090e+06   1.6000000e+01
   4.3028450e+06   1.6000000e+01
   4.3030150e+06   1.9000000e+01
   4.3030960e+06   2.0000000e+01
   4.3032450e+06   2.2000000e+01
   4.3041730e+06   1.7000000e+01
   4.3049980e+06   1.8000000e+01
   4.4348870e+06   2.0000000e+01
   4.4349430e+06   2.0000000e+01
   4.4350780e+06   2.2000000e+01
   4.4351210e+06   2.4000000e+01
   4.4352190e+06   2.0000000e+01
   4.4353170e+06   1.6000000e+01
   4.4353980e+06   3.0000000e+01
   4.4354250e+06   2.2000000e+01
   4.4355230e+06   2.2000000e+01
   4.4355640e+06   2.1000000e+01
   4.4356540e+06   2.1000000e+01
   4.4357100e+06   1.7000000e+01
   4.4357990e+06   1.6000000e+01
   4.4358790e+06   2.0000000e+01
   4.4360630e+06   2.0000000e+01
   4.4362110e+06   1.7000000e+01
   4.4363310e+06   1.6000000e+01
   4.4364270e+06   2.5000000e+01
   4.4364940e+06   1.8000000e+01
   4.4369300e+06   1.9000000e+01
   4.4369700e+06   2.3000000e+01
   4.4374590e+06   1.7000000e+01
   4.7074160e+06   1.8000000e+01
   4.7076260e+06   1.6000000e+01
   4.7076860e+06   1.8000000e+01
   4.7077540e+06   2.0000000e+01
   4.7077890e+06   2.1000000e+01
   4.7078700e+06   2.1000000e+01
   4.7079820e+06   1.7000000e+01
   4.7080880e+06   1.6000000e+01
   4.7097700e+06   1.6000000e+01
   4.7516580e+06   1.7000000e+01
   4.7517670e+06   1.9000000e+01
   4.7518690e+06   2.3000000e+01
   4.7519310e+06   1.8000000e+01
   4.7520140e+06   2.7000000e+01
   4.7520530e+06   2.0000000e+01
   4.7521600e+06   2.0000000e+01
   4.7521950e+06   2.3000000e+01
   4.7522880e+06   2.4000000e+01
   4.7523200e+06   1.9000000e+01
   4.7524120e+06   1.7000000e+01
   4.7525420e+06   1.7000000e+01
   4.7525850e+06   1.6000000e+01
   4.7526570e+06   1.9000000e+01
   4.7527530e+06   1.9000000e+01
   4.8711000e+06   1.6000000e+01
   4.8713760e+06   1.7000000e+01
   4.8723110e+06   1.9000000e+01
   4.8723500e+06   2.2000000e+01
   4.8724670e+06   1.9000000e+01
   4.8725650e+06   2.1000000e+01
   4.8726410e+06   2.9000000e+01
   4.8726900e+06   2.4000000e+01
   4.8727970e+06   1.7000000e+01
   4.8728770e+06   3.4000000e+01
   4.8729060e+06   2.4000000e+01
   4.9352460e+06   2.1000000e+01
   4.9353070e+06   1.8000000e+01
   4.9353380e+06   1.9000000e+01
   4.9354620e+06   1.7000000e+01
   4.9355490e+06   2.6000000e+01
   4.9355760e+06   2.5000000e+01
   4.9356630e+06   1.9000000e+01
   4.9357350e+06   1.8000000e+01
   4.9358000e+06   2.8000000e+01
   4.9358290e+06   3.1000000e+01
   4.9359460e+06   1.6000000e+01
   4.9360260e+06   2.3000000e+01
   4.9360720e+06   1.8000000e+01
   4.9362070e+06   1.6000000e+01
   4.9363040e+06   2.2000000e+01
   4.9363290e+06   1.8000000e+01
   4.9365680e+06   2.1000000e+01
   4.9366080e+06   1.6000000e+01
   4.9367460e+06   1.7000000e+01
   4.9370010e+06   1.6000000e+01
   4.9371140e+06   2.3000000e+01
   4.9915780e+06   1.6000000e+01
   4.9916800e+06   1.7000000e+01
   4.9917890e+06   1.6000000e+01
   4.9918960e+06   1.6000000e+01
   4.9920350e+06   2.5000000e+01
   4.9920610e+06   2.3000000e+01
   4.9921570e+06   2.5000000e+01
   4.9921820e+06   2.1000000e+01
   4.9923340e+06   1.7000000e+01
   5.0245810e+06   1.6000000e+01
   5.3003880e+06   1.9000000e+01
   5.3006310e+06   1.7000000e+01
   5.3013280e+06   2.0000000e+01
   5.3013840e+06   1.7000000e+01
   5.3015770e+06   1.7000000e+01
   5.3016590e+06   1.6000000e+01
   5.3017900e+06   1.8000000e+01
   5.3020050e+06   1.7000000e+01
   5.3020750e+06   1.7000000e+01
   5.3022360e+06   1.7000000e+01
   5.3023000e+06   1.7000000e+01
   5.3024960e+06   1.7000000e+01
   5.3025650e+06   1.7000000e+01
   5.3026700e+06   1.6000000e+01
   5.4605310e+06   1.8000000e+01
   5.4614610e+06   1.7000000e+01
   5.4615630e+06   1.6000000e+01
   5.4618740e+06   1.8000000e+01
   5.4619490e+06   2.1000000e+01
   5.4619750e+06   2.0000000e+01
   5.4620870e+06   1.7000000e+01
   5.4621180e+06   2.2000000e+01
   5.4623750e+06   1.9000000e+01
   5.6330310e+06   1.7000000e+01
   5.6687900e+06   1.8000000e+01
   5.6688620e+06   1.6000000e+01
   5.6689250e+06   2.3000000e+01
   5.6689900e+06   1.9000000e+01
   5.6690780e+06   1.6000000e+01
   5.6691660e+06   1.8000000e+01
   5.6692370e+06   2.3000000e+01
   5.6692630e+06   1.8000000e+01
   5.6693310e+06   1.8000000e+01
   5.6693680e+06   1.7000000e+01
   5.6694280e+06   1.6000000e+01
   5.6695980e+06   2.5000000e+01
   5.6696240e+06   1.8000000e+01
   5.6697500e+06   2.2000000e+01
   5.6700590e+06   1.6000000e+01
   5.7073090e+06   1.6000000e+01
   5.7075280e+06   1.8000000e+01
   5.7075600e+06   2.6000000e+01
   5.7077120e+06   2.1000000e+01
   5.7077960e+06   2.5000000e+01
   5.7078320e+06   1.6000000e+01
   5.7079540e+06   1.9000000e+01
   5.7079840e+06   1.9000000e+01
   5.7080820e+06   1.6000000e+01
   5.7081100e+06   2.0000000e+01
   5.8249080e+06   1.7000000e+01
   5.8250280e+06   2.2000000e+01
   5.8252950e+06   1.6000000e+01
   5.8255040e+06   1.8000000e+01
   5.9468990e+06   1.8000000e+01
   5.9474970e+06   1.6000000e+01
   5.9476120e+06   1.7000000e+01
   5.9476580e+06   1.6000000e+01
   5.9477050e+06   1.6000000e+01
   5.9477870e+06   2.4000000e+01
   5.9478180e+06   3.1000000e+01
   5.9480330e+06   2.4000000e+01
   5.9480620e+06   1.9000000e+01
   5.9481250e+06   1.8000000e+01
   5.9482770e+06   1.7000000e+01
   5.9483350e+06   1.8000000e+01
   5.9485480e+06   1.6000000e+01
   5.9486340e+06   1.8000000e+01
   5.9486860e+06   1.7000000e+01
   5.9487870e+06   1.6000000e+01
   6.0227690e+06   1.6000000e+01
   6.0813030e+06   1.7000000e+01
   6.0815320e+06   2.0000000e+01
   6.0815880e+06   2.2000000e+01
   6.0817540e+06   2.2000000e+01
   6.0819050e+06   1.6000000e+01
   6.0823110e+06   1.7000000e+01
   6.0826200e+06   1.7000000e+01
   6.2941720e+06   1.6000000e+01
   6.2943030e+06   1.6000000e+01
   6.2943770e+06   1.7000000e+01
   6.2944240e+06   1.6000000e+01
   6.2945170e+06   1.7000000e+01
   6.2945880e+06   1.8000000e+01
   6.2947020e+06   1.6000000e+01
   6.2949410e+06   2.1000000e+01
   6.2951180e+06   1.6000000e+01
   6.2951490e+06   3.2000000e+01
   6.2952540e+06   2.2000000e+01
   6.4956540e+06   1.7000000e+01
   6.4957740e+06   1.6000000e+01
   6.5723300e+06   1.9000000e+01
   6.5724240e+06   1.8000000e+01
   6.5725120e+06   1.6000000e+01
   6.5727500e+06   1.6000000e+01
   6.5731550e+06   1.8000000e+01
   6.5732660e+06   1.6000000e+01
   6.7565110e+06   1.8000000e+01
   6.7567340e+06   1.6000000e+01
   6.7573160e+06   1.7000000e+01
   6.7573770e+06   1.7000000e+01
   6.7575890e+06   2.0000000e+01
   6.7576470e+06   1.8000000e+01
   6.7578450e+06   1.6000000e+01
   6.7579590e+06   1.7000000e+01
   6.7580300e+06   1.6000000e+01
   6.8121040e+06   1.9000000e+01
   6.8122590e+06   1.7000000e+01
   6.8123530e+06   1.6000000e+01
   6.8125210e+06   1.7000000e+01
   6.8126910e+06   1.6000000e+01
   6.8127630e+06   2.4000000e+01
   6.8127900e+06   2.2000000e+01
   6.9228700e+06   1.6000000e+01
   6.9231870e+06   2.1000000e+01
   6.9234290e+06   2.7000000e+01
   6.9234610e+06   2.5000000e+01
   6.9235530e+06   1.6000000e+01
   6.9236880e+06   2.0000000e+01
   6.9237980e+06   1.6000000e+01
   6.9238750e+06   2.4000000e+01
   6.9239050e+06   1.8000000e+01
   6.9240770e+06   1.9000000e+01
   7.0960080e+06   1.6000000e+01
   7.0960950e+06   2.2000000e+01
   7.0961670e+06   1.8000000e+01
   7.0962090e+06   3.2000000e+01
   7.0962930e+06   3.2000000e+01
   7.0964130e+06   2.7000000e+01
   7.0964620e+06   2.0000000e+01
   7.0965370e+06   2.5000000e+01
   7.0966130e+06   3.9000000e+01
   7.0966860e+06   3.8000000e+01
   7.0967110e+06   3.7000000e+01
   7.0967930e+06   2.5000000e+01
   7.0968890e+06   1.9000000e+01
   7.0969450e+06   3.0000000e+01
   7.0969730e+06   3.4000000e+01
   7.0970750e+06   2.0000000e+01
   7.0971440e+06   1.9000000e+01
   7.0972470e+06   3.4000000e+01
   7.0973240e+06   6.4000000e+01
   7.0973560e+06   3.7000000e+01
   7.0974210e+06   2.5000000e+01
   7.0974720e+06   1.6000000e+01
   7.0975580e+06   2.2000000e+01
   7.0976210e+06   1.7000000e+01
   7.0976680e+06   1.7000000e+01
   7.0977390e+06   1.7000000e+01
   7.0978650e+06   1.6000000e+01
   7.0979410e+06   1.6000000e+01
   7.0980410e+06   1.7000000e+01
   7.0981000e+06   1.7000000e+01
   7.0983220e+06   1.6000000e+01
   7.0983880e+06   1.7000000e+01
   7.0985550e+06   1.9000000e+01
   7.0988210e+06   1.7000000e+01
   7.0988740e+06   1.8000000e+01
   7.0989760e+06   1.8000000e+01
   7.0990760e+06   1.7000000e+01
   7.0991240e+06   1.6000000e+01
   7.0992410e+06   2.3000000e+01
   7.0994130e+06   2.0000000e+01
   7.0994850e+06   1.8000000e+01
   7.0995220e+06   1.8000000e+01
   7.0996490e+06   2.0000000e+01
   7.0997530e+06   2.0000000e+01
   7.0997800e+06   3.2000000e+01
   7.1000280e+06   2.1000000e+01
   7.1000580e+06   1.8000000e+01
   7.1814400e+06   2.0000000e+01
