   7.5000000e+06   0.0000000e+00
   5.2978000e+04   2.2000000e+01
   6.6808000e+04   1.9000000e+01
   1.6428400e+05   1.9000000e+01
   1.6449300e+05   2.0000000e+01
   1.6489900e+05   1.9000000e+01
   1.6505300e+05   2.3000000e+01
   1.6511200e+05   1.9000000e+01
   1.6523500e+05   1.9000000e+01
   1.6531800e+05   2.2000000e+01
   1.6539200e+05   2.4000000e+01
   1.6551600e+05   2.1000000e+01
   1.6601800e+05   1.9000000e+01
   3.1050900e+05   2.9000000e+01
   3.1059900e+05   2.0000000e+01
   3.1063100e+05   2.2000000e+01
   3.1070400e+05   2.4000000e+01
   3.1081700e+05   1.9000000e+01
   3.1089100e+05   2.0000000e+01
   3.1112300e+05   1.9000000e+01
   3.1119000e+05   2.1000000e+01
   3.1134300e+05   1.9000000e+01
   4.0847600e+05   1.9000000e+01
   4.0894800e+05   1.9000000e+01
   4.0906700e+05   2.0000000e+01
   4.0929300e+05   1.9000000e+01
   4.0962800e+05   1.9000000e+01
   4.1013400e+05   1.9000000e+01
   4.1022900e+05   2.4000000e+01
   4.1039600e+05   2.0000000e+01
   4.1069000e+05   2.0000000e+01
   6.8428800e+05   2.3000000e+01
   6.8432500e+05   2.0000000e+01
   6.8452300e+05   2.0000000e+01
   6.8459800e+05   2.0000000e+01
   6.8467500e+05   2.7000000e+01
   6.8475700e+05   3.6000000e+01
   6.8478500e+05   2.5000000e+01
   6.8488100e+05   2.8000000e+01
   6.8490900e+05   2.3000000e+01
   6.8501900e+05   2.3000000e+01
   6.8517600e+05   2.3000000e+01
   7.5326500e+05   2.1000000e+01
   7.5333900e+05   2.0000000e+01
   7.5343200e+05   2.8000000e+01
   7.5369600e+05   2.0000000e+01
   7.5409800e+05   2.0000000e+01
   9.5666100e+05   1.9000000e+01
   9.5691100e+05   2.6000000e+01
   9.5699200e+05   1.9000000e+01
   9.5718500e+05   2.1000000e+01
   9.5729800e+05   2.1000000e+01
   9.5742600e+05   1.9000000e+01
   9.5749700e+05   1.9000000e+01
   9.5754200e+05   1.9000000e+01
   9.5763400e+05   2.5000000e+01
   9.5772600e+05   2.9000000e+01
   9.5780800e+05   2.2000000e+01
   9.5784800e+05   3.5000000e+01
   9.5795900e+05   2.6000000e+01
   9.5803700e+05   2.9000000e+01
   9.5807100e+05   3.1000000e+01
   9.5813900e+05   2.0000000e+01
   9.5820100e+05   2.1000000e+01
   9.5827400e+05   1.9000000e+01
   9.5836000e+05   2.1000000e+01
   9.5842400e+05   2.4000000e+01
   9.5852000e+05   2.0000000e+01
   9.5860500e+05   2.5000000e+01
   9.5863200e+05   2.7000000e+01
   9.5874500e+05   2.3000000e+01
   9.5885200e+05   1.9000000e+01
   9.5894000e+05   3.2000000e+01
   9.5896500e+05   2.9000000e+01
   9.5906400e+05   2.0000000e+01
   9.5914900e+05   3.0000000e+01
   9.5918700e+05   2.0000000e+01
   9.5932100e+05   1.9000000e+01
   9.5940700e+05   2.6000000e+01
   9.5950800e+05   1.9000000e+01
   9.5999200e+05   2.0000000e+01
   9.6601100e+05   1.9000000e+01
   1.0547260e+06   1.9000000e+01
   1.1580660e+06   1.9000000e+01
   1.1584110e+06   2.2000000e+01
   1.1586760e+06   2.1000000e+01
   1.1587420e+06   2.4000000e+01
   1.3824080e+06   1.9000000e+01
   1.5611180e+06   2.3000000e+01
   1.5613380e+06   2.0000000e+01
   1.5614170e+06   2.0000000e+01
   1.5615190e+06   1.9000000e+01
   1.5618960e+06   1.9000000e+01
   1.6012530e+06   2.6000000e+01
   1.6013200e+06   2.7000000e+01
   1.6013900e+06   2.3000000e+01
   1.6014810e+06   2.7000000e+01
   1.6015150e+06   2.5000000e+01
   1.6016670e+06   2.0000000e+01
   1.6017340e+06   3.0000000e+01
   1.6018100e+06   2.0000000e+01
   1.6018920e+06   2.4000000e+01
   1.6019430e+06   2.1000000e+01
   1.6020330e+06   2.1000000e+01
   1.6020760e+06   2.1000000e+01
   1.6021640e+06   2.5000000e+01
   1.6022410e+06   2.3000000e+01
   1.6023310e+06   3.6000000e+01
   1.6024150e+06   2.0000000e+01
   1.6026230e+06   3.5000000e+01
   1.6026540e+06   4.3000000e+01
   1.6028060e+06   2.0000000e+01
   1.6029130e+06   1.9000000e+01
   1.6030380e+06   2.2000000e+01
   1.6430910e+06   2.0000000e+01
   1.6434130e+06   2.2000000e+01
   1.9716600e+06   2.1000000e+01
   1.9717400e+06   2.0000000e+01
   1.9718750e+06   2.8000000e+01
   1.9719430e+06   2.6000000e+01
   1.9720140e+06   3.4000000e+01
   1.9720530e+06   3.5000000e+01
   1.9721210e+06   2.8000000e+01
   1.9722290e+06   5.0000000e+01
   1.9722610e+06   4.0000000e+01
   1.9723610e+06   2.3000000e+01
   1.9724440e+06   2.6000000e+01
   1.9724770e+06   1.9000000e+01
   1.9725710e+06   2.0000000e+01
   2.0737600e+06   1.9000000e+01
   2.0738560e+06   2.1000000e+01
   2.0739970e+06   2.1000000e+01
   2.0741020e+06   2.2000000e+01
   2.2378160e+06   1.9000000e+01
   2.2395690e+06   1.9000000e+01
   2.3317360e+06   2.0000000e+01
   2.3414460e+06   2.0000000e+01
   2.3416670e+06   2.4000000e+01
   2.3417380e+06   2.0000000e+01
   2.3418130e+06   1.9000000e+01
   2.3420970e+06   1.9000000e+01
   2.3421680e+06   2.6000000e+01
   2.3422390e+06   2.1000000e+01
   2.3422870e+06   2.1000000e+01
   2.3423900e+06   2.3000000e+01
   2.3425440e+06   2.1000000e+01
   2.3426080e+06   2.0000000e+01
   2.3426940e+06   2.7000000e+01
   2.3427790e+06   2.8000000e+01
   2.3428700e+06   1.9000000e+01
   2.3429700e+06   2.3000000e+01
   2.3431310e+06   1.9000000e+01
   2.3432110e+06   2.0000000e+01
   2.5318200e+06   2.4000000e+01
   2.5318800e+06   2.0000000e+01
   2.5319770e+06   2.8000000e+01
   2.5320050e+06   4.0000000e+01
   2.5320770e+06   2.6000000e+01
   2.5321760e+06   2.0000000e+01
   2.5322670e+06   2.1000000e+01
   2.5322940e+06   2.2000000e+01
   2.5323990e+06   2.8000000e+01
   2.5324400e+06   1.9000000e+01
   2.5325230e+06   2.3000000e+01
   2.5325980e+06   3.0000000e+01
   2.5326270e+06   2.3000000e+01
   2.5327810e+06   2.1000000e+01
   2.6099380e+06   2.0000000e+01
   2.6473240e+06   1.9000000e+01
   2.6473640e+06   2.4000000e+01
   2.6474900e+06   2.7000000e+01
   2.6475700e+06   1.9000000e+01
   2.6478560e+06   2.1000000e+01
   2.7064660e+06   2.1000000e+01
   2.7065320e+06   1.9000000e+01
   2.7066220e+06   2.0000000e+01
   2.7066840e+06   1.9000000e+01
   2.7068200e+06   2.0000000e+01
   2.7068860e+06   2.5000000e+01
   2.7070110e+06   2.8000000e+01
   2.7071280e+06   1.9000000e+01
   2.7072010e+06   2.5000000e+01
   2.7072530e+06   3.1000000e+01
   2.7073490e+06   2.0000000e+01
   2.9027660e+06   2.0000000e+01
   2.9029850e+06   2.2000000e+01
   2.9030100e+06   2.9000000e+01
   2.9031160e+06   2.6000000e+01
   2.9032010e+06   2.3000000e+01
   2.9032780e+06   1.9000000e+01
   2.9033230e+06   2.1000000e+01
   2.9034570e+06   1.9000000e+01
   2.9036840e+06   1.9000000e+01
   2.9043630e+06   1.9000000e+01
   3.0052270e+06   2.3000000e+01
   3.0052910e+06   2.0000000e+01
   3.0053430e+06   2.9000000e+01
   3.0054580e+06   2.3000000e+01
   3.0055300e+06   1.9000000e+01
   3.0056150e+06   1.9000000e+01
   3.0058610e+06   1.9000000e+01
   3.0863260e+06   2.1000000e+01
   3.0864670e+06   2.0000000e+01
   3.0865430e+06   1.9000000e+01
   3.0866410e+06   1.9000000e+01
   3.1407530e+06   2.2000000e+01
   3.1408360e+06   1.9000000e+01
   3.1409350e+06   1.9000000e+01
   3.1410200e+06   2.1000000e+01
   3.1410790e+06   2.7000000e+01
   3.1411700e+06   2.1000000e+01
   3.1412120e+06   1.9000000e+01
   3.1413440e+06   2.1000000e+01
   3.1414120e+06   2.4000000e+01
   3.1415800e+06   1.9000000e+01
   3.1417730e+06   1.9000000e+01
   3.1418300e+06   2.0000000e+01
   3.1423320e+06   2.0000000e+01
   3.1424330e+06   2.4000000e+01
   3.2301170e+06   2.1000000e+01
   3.2304520e+06   2.0000000e+01
   3.2306050e+06   2.0000000e+01
   3.2306790e+06   2.1000000e+01
   3.2307880e+06   2.1000000e+01
   3.2309360e+06   1.9000000e+01
   3.2830500e+06   2.1000000e+01
   3.2831410e+06   2.3000000e+01
   3.2832380e+06   1.9000000e+01
   3.2834270e+06   2.0000000e+01
   3.2835260e+06   2.3000000e+01
   3.2836630e+06   2.2000000e+01
   3.2838910e+06   2.0000000e+01
   3.5597190e+06   1.9000000e+01
   3.5833510e+06   2.1000000e+01
   3.5834530e+06   1.9000000e+01
   3.5836020e+06   2.6000000e+01
   3.5837340e+06   2.1000000e+01
   3.5838310e+06   1.9000000e+01
   3.5838760e+06   1.9000000e+01
   3.5841110e+06   1.9000000e+01
   3.7458750e+06   1.9000000e+01
   3.8745770e+06   2.4000000e+01
   3.8747340e+06   2.4000000e+01
   3.8749430e+06   2.2000000e+01
   3.8750160e+06   2.0000000e+01
   3.8750830e+06   3.1000000e+01
   3.8751350e+06   2.1000000e+01
   3.8752080e+06   3.9000000e+01
   3.8752380e+06   2.4000000e+01
   3.8753400e+06   2.0000000e+01
   3.8754670e+06   2.1000000e+01
   3.8755540e+06   2.0000000e+01
   3.8756500e+06   2.3000000e+01
   3.8757000e+06   2.0000000e+01
   3.8758140e+06   2.8000000e+01
   3.8758440e+06   2.8000000e+01
   3.8759610e+06   2.0000000e+01
   3.8761280e+06   2.3000000e+01
   3.8763630e+06   1.9000000e+01
   3.8764420e+06   2.0000000e+01
   3.8765460e+06   2.0000000e+01
   3.8767120e+06   2.0000000e+01
   3.8773330e+06   1.9000000e+01
   3.8773630e+06   2.6000000e+01
   3.9235290e+06   1.9000000e+01
   3.9242980e+06   1.9000000e+01
   3.9250570e+06   1.9000000e+01
   3.9488850e+06   1.9000000e+01
   3.9490480e+06   2.9000000e+01
   3.9491050e+06   1.9000000e+01
   3.9491520e+06   2.2000000e+01
   3.9492490e+06   2.0000000e+01
   3.9493490e+06   3.2000000e+01
   3.9493760e+06   2.4000000e+01
   3.9494900e+06   1.9000000e+01
   3.9495670e+06   2.4000000e+01
   3.9496050e+06   3.1000000e+01
   3.9497230e+06   2.5000000e+01
   3.9498020e+06   2.5000000e+01
   3.9498330e+06   2.2000000e+01
   3.9499340e+06   1.9000000e+01
   3.9500170e+06   2.7000000e+01
   3.9500460e+06   2.1000000e+01
   3.9501930e+06   2.1000000e+01
   3.9502930e+06   1.9000000e+01
   3.9504260e+06   2.2000000e+01
   3.9504970e+06   2.5000000e+01
   3.9507070e+06   2.0000000e+01
   3.9508970e+06   2.0000000e+01
   3.9509680e+06   2.0000000e+01
   3.9510700e+06   1.9000000e+01
   3.9513410e+06   2.1000000e+01
   3.9513840e+06   1.9000000e+01
   4.0412710e+06   2.0000000e+01
   4.0820000e+06   1.9000000e+01
   4.2655610e+06   1.9000000e+01
   4.3024180e+06   1.9000000e+01
   4.3027000e+06   2.0000000e+01
   4.3028380e+06   2.1000000e+01
   4.3030070e+06   2.7000000e+01
   4.3030970e+06   1.9000000e+01
   4.3031790e+06   2.2000000e+01
   4.3032390e+06   2.4000000e+01
   4.3034830e+06   2.0000000e+01
   4.3037450e+06   1.9000000e+01
   4.3040210e+06   2.4000000e+01
   4.3042120e+06   2.7000000e+01
   4.3049840e+06   2.0000000e+01
   4.4349110e+06   2.5000000e+01
   4.4349420e+06   2.9000000e+01
   4.4350780e+06   2.3000000e+01
   4.4351600e+06   2.3000000e+01
   4.4352180e+06   2.0000000e+01
   4.4353200e+06   1.9000000e+01
   4.4354110e+06   2.3000000e+01
   4.4354360e+06   1.9000000e+01
   4.4355140e+06   1.9000000e+01
   4.4356560e+06   2.1000000e+01
   4.4358770e+06   2.3000000e+01
   4.4360680e+06   1.9000000e+01
   4.4362380e+06   2.4000000e+01
   4.4363380e+06   2.1000000e+01
   4.4363870e+06   2.1000000e+01
   4.4365260e+06   2.5000000e+01
   4.4369400e+06   2.1000000e+01
   4.4369820e+06   2.4000000e+01
   4.4815140e+06   2.0000000e+01
   4.7070690e+06   2.0000000e+01
   4.7071890e+06   1.9000000e+01
   4.7074170e+06   2.0000000e+01
   4.7075280e+06   2.2000000e+01
   4.7075720e+06   2.2000000e+01
   4.7076790e+06   2.1000000e+01
   4.7077710e+06   2.2000000e+01
   4.7078460e+06   2.2000000e+01
   4.7078750e+06   2.9000000e+01
   4.7079720e+06   1.9000000e+01
   4.7080620e+06   2.1000000e+01
   4.7080970e+06   2.9000000e+01
   4.7082080e+06   2.0000000e+01
   4.7090230e+06   1.9000000e+01
   4.7092070e+06   2.0000000e+01
   4.7094380e+06   2.0000000e+01
   4.7097060e+06   1.9000000e+01
   4.7099580e+06   2.0000000e+01
   4.7101090e+06   1.9000000e+01
   4.7517720e+06   2.4000000e+01
   4.7518590e+06   2.1000000e+01
   4.7520120e+06   1.9000000e+01
   4.7521500e+06   2.5000000e+01
   4.7522200e+06   2.3000000e+01
   4.7523040e+06   2.7000000e+01
   4.7523330e+06   2.8000000e+01
   4.7525380e+06   2.2000000e+01
   4.7525900e+06   2.0000000e+01
   4.8723420e+06   2.0000000e+01
   4.8724550e+06   1.9000000e+01
   4.8725430e+06   1.9000000e+01
   4.8726400e+06   2.7000000e+01
   4.8726750e+06   2.9000000e+01
   4.8728200e+06   2.0000000e+01
   4.8728920e+06   3.6000000e+01
   4.8729650e+06   2.4000000e+01
   4.9352300e+06   2.1000000e+01
   4.9353140e+06   2.0000000e+01
   4.9353960e+06   2.5000000e+01
   4.9354710e+06   2.1000000e+01
   4.9355590e+06   2.8000000e+01
   4.9355930e+06   2.8000000e+01
   4.9357350e+06   2.1000000e+01
   4.9358130e+06   3.0000000e+01
   4.9358380e+06   3.0000000e+01
   4.9359940e+06   2.3000000e+01
   4.9362390e+06   1.9000000e+01
   4.9363110e+06   2.0000000e+01
   4.9365600e+06   2.0000000e+01
   4.9370500e+06   1.9000000e+01
   4.9453530e+06   1.9000000e+01
   4.9915760e+06   2.0000000e+01
   4.9919610e+06   1.9000000e+01
   4.9920360e+06   2.7000000e+01
   4.9920640e+06   2.1000000e+01
   4.9921750e+06   2.4000000e+01
   4.9922000e+06   2.9000000e+01
   4.9923300e+06   1.9000000e+01
   5.1126940e+06   1.9000000e+01
   5.3003930e+06   1.9000000e+01
   5.3013280e+06   1.9000000e+01
   5.3013880e+06   2.2000000e+01
   5.3014760e+06   1.9000000e+01
   5.3016630e+06   2.1000000e+01
   5.3022200e+06   2.4000000e+01
   5.3024440e+06   2.0000000e+01
   5.3026240e+06   1.9000000e+01
   5.4619430e+06   1.9000000e+01
   5.4620510e+06   1.9000000e+01
   5.4620990e+06   2.3000000e+01
   5.4621240e+06   2.7000000e+01
   5.6688890e+06   2.5000000e+01
   5.6689960e+06   2.5000000e+01
   5.6690730e+06   1.9000000e+01
   5.6691560e+06   2.1000000e+01
   5.6692590e+06   2.3000000e+01
   5.6693350e+06   2.2000000e+01
   5.6695970e+06   1.9000000e+01
   5.6696250e+06   1.9000000e+01
   5.6697270e+06   2.0000000e+01
   5.7074400e+06   1.9000000e+01
   5.7075630e+06   2.2000000e+01
   5.7076750e+06   1.9000000e+01
   5.7077910e+06   2.0000000e+01
   5.7079550e+06   2.3000000e+01
   5.7079920e+06   1.9000000e+01
   5.7080880e+06   2.0000000e+01
   5.7081190e+06   1.9000000e+01
   5.8250560e+06   2.2000000e+01
   5.8255050e+06   1.9000000e+01
   5.9475030e+06   1.9000000e+01
   5.9476120e+06   1.9000000e+01
   5.9477270e+06   2.3000000e+01
   5.9478110e+06   2.6000000e+01
   5.9479800e+06   1.9000000e+01
   5.9480620e+06   1.9000000e+01
   5.9482620e+06   2.0000000e+01
   5.9483680e+06   2.0000000e+01
   5.9486330e+06   2.2000000e+01
   5.9486590e+06   2.5000000e+01
   6.0813080e+06   2.0000000e+01
   6.0815220e+06   1.9000000e+01
   6.0815880e+06   2.1000000e+01
   6.0817620e+06   2.1000000e+01
   6.0823150e+06   1.9000000e+01
   6.2941730e+06   2.0000000e+01
   6.2943010e+06   2.0000000e+01
   6.2943540e+06   1.9000000e+01
   6.2945260e+06   1.9000000e+01
   6.2947240e+06   1.9000000e+01
   6.2951400e+06   2.2000000e+01
   6.2952260e+06   2.5000000e+01
   6.2952570e+06   2.9000000e+01
   6.5723580e+06   1.9000000e+01
   6.5732660e+06   2.0000000e+01
   6.6799720e+06   2.0000000e+01
   6.7575960e+06   1.9000000e+01
   6.7578700e+06   2.1000000e+01
   6.8122650e+06   2.5000000e+01
   6.8126880e+06   1.9000000e+01
   6.8127670e+06   2.2000000e+01
   6.8129130e+06   2.1000000e+01
   6.9230600e+06   2.0000000e+01
   6.9232070e+06   1.9000000e+01
   6.9233960e+06   2.2000000e+01
   6.9234590e+06   2.2000000e+01
   6.9235530e+06   2.3000000e+01
   6.9236910e+06   1.9000000e+01
   6.9237900e+06   1.9000000e+01
   6.9238810e+06   2.2000000e+01
   6.9239110e+06   1.9000000e+01
   7.0960950e+06   2.2000000e+01
   7.0961280e+06   1.9000000e+01
   7.0962040e+06   2.2000000e+01
   7.0962410e+06   2.0000000e+01
   7.0963310e+06   2.7000000e+01
   7.0965760e+06   2.5000000e+01
   7.0966190e+06   4.3000000e+01
   7.0966890e+06   2.3000000e+01
   7.0967240e+06   3.2000000e+01
   7.0967920e+06   2.2000000e+01
   7.0968770e+06   2.0000000e+01
   7.0969500e+06   2.2000000e+01
   7.0969780e+06   2.7000000e+01
   7.0970660e+06   2.5000000e+01
   7.0971360e+06   1.9000000e+01
   7.0972300e+06   3.0000000e+01
   7.0972650e+06   4.9000000e+01
   7.0973240e+06   2.2000000e+01
   7.0974210e+06   3.7000000e+01
   7.0975560e+06   2.0000000e+01
   7.0976230e+06   1.9000000e+01
   7.0981830e+06   1.9000000e+01
   7.0985290e+06   2.0000000e+01
   7.0989750e+06   1.9000000e+01
   7.0990100e+06   1.9000000e+01
   7.0992020e+06   2.2000000e+01
   7.0993990e+06   1.9000000e+01
   7.0994850e+06   2.0000000e+01
   7.0995910e+06   1.9000000e+01
   7.0996490e+06   2.8000000e+01
   7.0997520e+06   1.9000000e+01
   7.0998450e+06   2.2000000e+01
   7.1000380e+06   2.2000000e+01
   7.1000730e+06   2.0000000e+01
