   7.5000000e+06   0.0000000e+00
   1.6494800e+05   1.8000000e+01
   1.6504900e+05   1.7000000e+01
   1.6518700e+05   1.8000000e+01
   1.6522500e+05   1.7000000e+01
   1.6532800e+05   2.1000000e+01
   1.6551100e+05   1.8000000e+01
   1.6577300e+05   2.2000000e+01
   2.2208200e+05   1.7000000e+01
   3.1051400e+05   2.6000000e+01
   3.1059900e+05   1.8000000e+01
   3.1062600e+05   1.9000000e+01
   3.1070900e+05   2.1000000e+01
   3.1081600e+05   1.8000000e+01
   3.1089000e+05   2.0000000e+01
   3.1111400e+05   1.7000000e+01
   3.1119000e+05   1.9000000e+01
   3.1133800e+05   1.8000000e+01
   3.1148700e+05   1.8000000e+01
   4.0901600e+05   1.8000000e+01
   4.1014400e+05   1.7000000e+01
   6.8390500e+05   1.7000000e+01
   6.8428300e+05   1.8000000e+01
   6.8458500e+05   1.9000000e+01
   6.8461100e+05   2.7000000e+01
   6.8467500e+05   2.1000000e+01
   6.8475700e+05   3.2000000e+01
   6.8478800e+05   2.4000000e+01
   6.8488900e+05   1.8000000e+01
   6.8492000e+05   2.1000000e+01
   6.8501900e+05   2.3000000e+01
   6.8506700e+05   1.7000000e+01
   6.8523100e+05   2.4000000e+01
   7.5326200e+05   1.8000000e+01
   7.5337400e+05   1.9000000e+01
   7.5367600e+05   1.7000000e+01
   7.5379300e+05   1.8000000e+01
   7.5419300e+05   1.9000000e+01
   9.5691900e+05   1.7000000e+01
   9.5699200e+05   2.0000000e+01
   9.5718500e+05   1.9000000e+01
   9.5748200e+05   1.9000000e+01
   9.5754700e+05   3.3000000e+01
   9.5761800e+05   1.8000000e+01
   9.5771200e+05   1.7000000e+01
   9.5779900e+05   3.4000000e+01
   9.5784700e+05   2.7000000e+01
   9.5795400e+05   1.8000000e+01
   9.5803800e+05   2.3000000e+01
   9.5807200e+05   2.2000000e+01
   9.5823100e+05   2.4000000e+01
   9.5829500e+05   1.8000000e+01
   9.5841800e+05   1.9000000e+01
   9.5852000e+05   2.5000000e+01
   9.5863300e+05   1.8000000e+01
   9.5871400e+05   1.9000000e+01
   9.5874800e+05   1.8000000e+01
   9.5886000e+05   2.2000000e+01
   9.5895000e+05   1.7000000e+01
   9.5904800e+05   1.9000000e+01
   9.5907700e+05   2.6000000e+01
   9.5916100e+05   1.7000000e+01
   9.5933700e+05   2.5000000e+01
   9.5940900e+05   1.7000000e+01
   1.1587410e+06   1.7000000e+01
   1.4502920e+06   1.8000000e+01
   1.5613430e+06   1.7000000e+01
   1.5614880e+06   1.7000000e+01
   1.5619810e+06   1.8000000e+01
   1.6012500e+06   2.4000000e+01
   1.6013210e+06   2.3000000e+01
   1.6013970e+06   1.7000000e+01
   1.6014920e+06   2.6000000e+01
   1.6015410e+06   2.5000000e+01
   1.6016810e+06   1.7000000e+01
   1.6017400e+06   4.0000000e+01
   1.6018150e+06   2.5000000e+01
   1.6018910e+06   1.8000000e+01
   1.6019550e+06   1.9000000e+01
   1.6020810e+06   1.8000000e+01
   1.6021150e+06   2.2000000e+01
   1.6022410e+06   1.7000000e+01
   1.6023420e+06   2.8000000e+01
   1.6026190e+06   2.4000000e+01
   1.6026470e+06   3.1000000e+01
   1.6028870e+06   1.8000000e+01
   1.6030600e+06   1.8000000e+01
   1.6037220e+06   1.7000000e+01
   1.6734900e+06   1.7000000e+01
   1.9717100e+06   1.7000000e+01
   1.9717390e+06   2.0000000e+01
   1.9718740e+06   2.0000000e+01
   1.9719470e+06   2.0000000e+01
   1.9720130e+06   2.5000000e+01
   1.9720540e+06   2.9000000e+01
   1.9721190e+06   2.6000000e+01
   1.9722170e+06   3.7000000e+01
   1.9722460e+06   3.1000000e+01
   1.9723520e+06   2.2000000e+01
   1.9724440e+06   1.9000000e+01
   1.9725410e+06   1.8000000e+01
   1.9725670e+06   1.7000000e+01
   2.0740140e+06   1.7000000e+01
   2.0741060e+06   1.9000000e+01
   2.1817560e+06   1.7000000e+01
   2.2630810e+06   1.7000000e+01
   2.3416730e+06   2.1000000e+01
   2.3417380e+06   1.7000000e+01
   2.3420350e+06   1.7000000e+01
   2.3421640e+06   2.1000000e+01
   2.3422320e+06   2.5000000e+01
   2.3422970e+06   1.8000000e+01
   2.3424130e+06   2.1000000e+01
   2.3424770e+06   2.0000000e+01
   2.3426600e+06   2.2000000e+01
   2.3426950e+06   1.8000000e+01
   2.3427960e+06   2.5000000e+01
   2.3428460e+06   1.7000000e+01
   2.3431470e+06   1.7000000e+01
   2.3432140e+06   1.7000000e+01
   2.5316340e+06   1.7000000e+01
   2.5318150e+06   1.9000000e+01
   2.5318780e+06   2.0000000e+01
   2.5319670e+06   1.8000000e+01
   2.5320060e+06   2.5000000e+01
   2.5320770e+06   2.0000000e+01
   2.5321710e+06   2.1000000e+01
   2.5322720e+06   2.3000000e+01
   2.5323070e+06   2.5000000e+01
   2.5324000e+06   2.2000000e+01
   2.5324400e+06   2.1000000e+01
   2.5325230e+06   1.7000000e+01
   2.5325980e+06   2.9000000e+01
   2.5326230e+06   2.1000000e+01
   2.5327790e+06   1.7000000e+01
   2.5328670e+06   2.0000000e+01
   2.5331170e+06   1.8000000e+01
   2.6473640e+06   1.7000000e+01
   2.6474870e+06   1.7000000e+01
   2.6475910e+06   1.9000000e+01
   2.6478740e+06   1.9000000e+01
   2.7064670e+06   2.0000000e+01
   2.7065280e+06   1.8000000e+01
   2.7066190e+06   1.8000000e+01
   2.7066840e+06   1.7000000e+01
   2.7068210e+06   2.2000000e+01
   2.7068810e+06   2.1000000e+01
   2.7070110e+06   1.7000000e+01
   2.7071270e+06   2.9000000e+01
   2.7072420e+06   2.1000000e+01
   2.9027570e+06   1.7000000e+01
   2.9029960e+06   1.9000000e+01
   2.9030770e+06   2.6000000e+01
   2.9031030e+06   2.8000000e+01
   2.9031930e+06   1.8000000e+01
   2.9033170e+06   2.0000000e+01
   2.9033450e+06   2.1000000e+01
   2.9034700e+06   1.7000000e+01
   2.9036990e+06   1.8000000e+01
   2.9043640e+06   1.7000000e+01
   2.9048280e+06   1.8000000e+01
   3.0040350e+06   1.7000000e+01
   3.0052300e+06   2.4000000e+01
   3.0052990e+06   1.7000000e+01
   3.0054030e+06   2.0000000e+01
   3.0054570e+06   1.8000000e+01
   3.0055260e+06   1.7000000e+01
   3.0056860e+06   1.9000000e+01
   3.0059370e+06   2.0000000e+01
   3.0060800e+06   1.7000000e+01
   3.0865290e+06   1.8000000e+01
   3.0866700e+06   1.8000000e+01
   3.1407530e+06   1.8000000e+01
   3.1408340e+06   2.2000000e+01
   3.1409600e+06   2.2000000e+01
   3.1410620e+06   1.9000000e+01
   3.1410870e+06   2.4000000e+01
   3.1413450e+06   2.2000000e+01
   3.1414100e+06   1.7000000e+01
   3.1417300e+06   2.0000000e+01
   3.1417800e+06   1.7000000e+01
   3.1424260e+06   1.8000000e+01
   3.2302570e+06   1.7000000e+01
   3.2303850e+06   1.8000000e+01
   3.2306650e+06   2.3000000e+01
   3.2307860e+06   2.5000000e+01
   3.2309450e+06   1.8000000e+01
   3.2830970e+06   1.9000000e+01
   3.2831310e+06   1.7000000e+01
   3.2834270e+06   1.8000000e+01
   3.2835260e+06   1.7000000e+01
   3.2836550e+06   2.1000000e+01
   3.2838840e+06   1.9000000e+01
   3.5834130e+06   1.8000000e+01
   3.5836030e+06   1.9000000e+01
   3.5838390e+06   1.8000000e+01
   3.5839630e+06   1.7000000e+01
   3.6796380e+06   2.4000000e+01
   3.8745780e+06   2.0000000e+01
   3.8747260e+06   2.2000000e+01
   3.8750210e+06   1.8000000e+01
   3.8751350e+06   1.9000000e+01
   3.8752090e+06   2.6000000e+01
   3.8752340e+06   1.9000000e+01
   3.8754750e+06   2.2000000e+01
   3.8755640e+06   2.1000000e+01
   3.8757290e+06   1.8000000e+01
   3.8758310e+06   1.7000000e+01
   3.8759340e+06   1.8000000e+01
   3.8759830e+06   1.8000000e+01
   3.8761320e+06   1.9000000e+01
   3.8765180e+06   1.9000000e+01
   3.8766030e+06   2.1000000e+01
   3.8767120e+06   1.8000000e+01
   3.8768620e+06   1.7000000e+01
   3.8773560e+06   1.9000000e+01
   3.9243290e+06   1.9000000e+01
   3.9250540e+06   1.7000000e+01
   3.9487830e+06   1.9000000e+01
   3.9488860e+06   1.8000000e+01
   3.9490530e+06   2.4000000e+01
   3.9491050e+06   1.7000000e+01
   3.9491450e+06   2.2000000e+01
   3.9492680e+06   2.2000000e+01
   3.9493490e+06   1.9000000e+01
   3.9494570e+06   2.2000000e+01
   3.9494910e+06   2.2000000e+01
   3.9495950e+06   1.8000000e+01
   3.9497190e+06   2.2000000e+01
   3.9498050e+06   2.2000000e+01
   3.9498340e+06   2.4000000e+01
   3.9499650e+06   2.5000000e+01
   3.9500340e+06   1.7000000e+01
   3.9501330e+06   1.9000000e+01
   3.9501970e+06   1.8000000e+01
   3.9502780e+06   1.8000000e+01
   3.9504390e+06   2.3000000e+01
   3.9507070e+06   1.8000000e+01
   3.9510780e+06   1.9000000e+01
   4.3028390e+06   1.8000000e+01
   4.3030070e+06   1.8000000e+01
   4.3030890e+06   1.7000000e+01
   4.3032380e+06   2.0000000e+01
   4.3034440e+06   1.7000000e+01
   4.3041030e+06   1.9000000e+01
   4.3041730e+06   1.9000000e+01
   4.3045200e+06   1.7000000e+01
   4.3049730e+06   1.7000000e+01
   4.4348920e+06   1.7000000e+01
   4.4349430e+06   2.0000000e+01
   4.4350890e+06   2.3000000e+01
   4.4351600e+06   1.9000000e+01
   4.4352210e+06   2.1000000e+01
   4.4352860e+06   1.8000000e+01
   4.4353260e+06   1.8000000e+01
   4.4354110e+06   2.0000000e+01
   4.4354460e+06   1.8000000e+01
   4.4355620e+06   2.0000000e+01
   4.4356580e+06   1.7000000e+01
   4.4357150e+06   1.7000000e+01
   4.4358780e+06   1.8000000e+01
   4.4360690e+06   2.0000000e+01
   4.4362190e+06   2.1000000e+01
   4.4363300e+06   2.0000000e+01
   4.4364380e+06   2.2000000e+01
   4.4364990e+06   1.7000000e+01
   4.4366040e+06   1.8000000e+01
   4.4368950e+06   1.7000000e+01
   4.4369580e+06   1.7000000e+01
   4.4370320e+06   1.7000000e+01
   4.7074170e+06   2.0000000e+01
   4.7075280e+06   1.7000000e+01
   4.7075780e+06   1.7000000e+01
   4.7076860e+06   1.7000000e+01
   4.7077660e+06   2.2000000e+01
   4.7078550e+06   1.8000000e+01
   4.7078800e+06   2.1000000e+01
   4.7079990e+06   1.7000000e+01
   4.7080970e+06   2.0000000e+01
   4.7086370e+06   2.5000000e+01
   4.7090370e+06   2.1000000e+01
   4.7095010e+06   1.9000000e+01
   4.7097060e+06   1.8000000e+01
   4.7100070e+06   1.7000000e+01
   4.7501780e+06   1.7000000e+01
   4.7517730e+06   1.9000000e+01
   4.7518810e+06   1.8000000e+01
   4.7520210e+06   1.8000000e+01
   4.7520830e+06   1.8000000e+01
   4.7521610e+06   1.7000000e+01
   4.7522100e+06   1.8000000e+01
   4.7523050e+06   2.9000000e+01
   4.7523300e+06   2.6000000e+01
   4.7525000e+06   1.9000000e+01
   4.7525940e+06   1.7000000e+01
   4.7527590e+06   1.8000000e+01
   4.8716770e+06   1.7000000e+01
   4.8723710e+06   1.7000000e+01
   4.8725430e+06   1.8000000e+01
   4.8726420e+06   2.2000000e+01
   4.8726680e+06   2.3000000e+01
   4.8728110e+06   2.1000000e+01
   4.8728920e+06   2.1000000e+01
   4.8729820e+06   2.2000000e+01
   4.8730630e+06   1.9000000e+01
   4.9352920e+06   2.5000000e+01
   4.9353190e+06   1.9000000e+01
   4.9354860e+06   1.8000000e+01
   4.9355540e+06   2.5000000e+01
   4.9355800e+06   2.6000000e+01
   4.9357180e+06   2.8000000e+01
   4.9358200e+06   2.0000000e+01
   4.9360170e+06   1.8000000e+01
   4.9362390e+06   1.8000000e+01
   4.9363120e+06   1.7000000e+01
   4.9365680e+06   1.7000000e+01
   4.9371140e+06   1.7000000e+01
   4.9374510e+06   1.8000000e+01
   4.9914540e+06   1.7000000e+01
   4.9915510e+06   1.7000000e+01
   4.9916410e+06   1.7000000e+01
   4.9920150e+06   2.6000000e+01
   4.9920660e+06   1.9000000e+01
   4.9921040e+06   2.2000000e+01
   4.9922070e+06   1.9000000e+01
   5.2039480e+06   2.0000000e+01
   5.2372950e+06   1.9000000e+01
   5.2378050e+06   2.4000000e+01
   5.2661270e+06   2.4000000e+01
   5.3009480e+06   1.7000000e+01
   5.3013690e+06   2.1000000e+01
   5.3016640e+06   1.9000000e+01
   5.3020410e+06   1.7000000e+01
   5.3022360e+06   1.8000000e+01
   5.3025640e+06   1.7000000e+01
   5.4620990e+06   2.5000000e+01
   5.4621470e+06   1.8000000e+01
   5.4623640e+06   1.8000000e+01
   5.6330360e+06   1.9000000e+01
   5.6688870e+06   1.7000000e+01
   5.6689970e+06   1.8000000e+01
   5.6690950e+06   1.7000000e+01
   5.6692580e+06   1.9000000e+01
   5.6693790e+06   1.9000000e+01
   5.6696160e+06   2.4000000e+01
   5.6697310e+06   1.8000000e+01
   5.6697950e+06   2.2000000e+01
   5.6700560e+06   1.8000000e+01
   5.7075280e+06   1.7000000e+01
   5.7075660e+06   2.1000000e+01
   5.7076830e+06   1.7000000e+01
   5.7077980e+06   2.0000000e+01
   5.7086940e+06   1.9000000e+01
   5.9474960e+06   1.8000000e+01
   5.9476130e+06   1.7000000e+01
   5.9477060e+06   1.7000000e+01
   5.9477910e+06   2.1000000e+01
   5.9478220e+06   2.5000000e+01
   5.9479830e+06   1.8000000e+01
   5.9480500e+06   1.8000000e+01
   5.9481340e+06   1.8000000e+01
   5.9482770e+06   2.0000000e+01
   5.9483670e+06   1.8000000e+01
   5.9486390e+06   1.8000000e+01
   5.9486690e+06   2.0000000e+01
   6.0815940e+06   2.1000000e+01
   6.0817580e+06   2.0000000e+01
   6.0825350e+06   1.7000000e+01
   6.2941730e+06   1.8000000e+01
   6.2943530e+06   1.7000000e+01
   6.2945340e+06   1.7000000e+01
   6.2949160e+06   1.8000000e+01
   6.2951090e+06   1.8000000e+01
   6.2951480e+06   1.9000000e+01
   6.2952490e+06   2.1000000e+01
   6.2953300e+06   1.8000000e+01
   6.5734940e+06   1.7000000e+01
   6.7578650e+06   1.7000000e+01
   6.8122970e+06   1.9000000e+01
   6.8126970e+06   1.9000000e+01
   6.8127940e+06   1.9000000e+01
   6.8130590e+06   1.8000000e+01
   6.8136080e+06   1.7000000e+01
   6.9232070e+06   1.9000000e+01
   6.9234330e+06   2.4000000e+01
   6.9234610e+06   2.2000000e+01
   6.9235500e+06   1.8000000e+01
   6.9236990e+06   2.0000000e+01
   6.9238860e+06   2.3000000e+01
   7.0961230e+06   1.7000000e+01
   7.0961630e+06   1.7000000e+01
   7.0962060e+06   2.2000000e+01
   7.0962940e+06   1.9000000e+01
   7.0964140e+06   1.8000000e+01
   7.0965760e+06   1.7000000e+01
   7.0966180e+06   2.8000000e+01
   7.0966890e+06   3.2000000e+01
   7.0967180e+06   3.7000000e+01
   7.0967930e+06   2.2000000e+01
   7.0968900e+06   2.0000000e+01
   7.0969500e+06   1.8000000e+01
   7.0970760e+06   2.0000000e+01
   7.0971620e+06   1.9000000e+01
   7.0972570e+06   2.7000000e+01
   7.0973260e+06   3.8000000e+01
   7.0973540e+06   3.3000000e+01
   7.0974160e+06   2.4000000e+01
   7.0974860e+06   1.7000000e+01
   7.0975470e+06   2.1000000e+01
   7.0978300e+06   1.7000000e+01
   7.0981000e+06   1.7000000e+01
   7.0985410e+06   1.7000000e+01
   7.0986040e+06   2.1000000e+01
   7.0988860e+06   1.7000000e+01
   7.0990560e+06   2.2000000e+01
   7.0992000e+06   1.7000000e+01
   7.0994620e+06   2.7000000e+01
   7.0995050e+06   1.7000000e+01
   7.0996490e+06   1.8000000e+01
   7.0997560e+06   2.0000000e+01
   7.0998530e+06   1.7000000e+01
   7.1000310e+06   1.7000000e+01
   7.1000570e+06   2.2000000e+01
