   7.5000000e+06   0.0000000e+00
   5.2868000e+04   2.1000000e+01
   5.2977000e+04   2.3000000e+01
   5.3491000e+04   1.9000000e+01
   5.3532000e+04   2.2000000e+01
   1.2540900e+05   2.1000000e+01
   1.6524800e+05   1.9000000e+01
   3.1050600e+05   2.0000000e+01
   3.1064100e+05   1.9000000e+01
   4.0800500e+05   1.9000000e+01
   4.0814400e+05   2.0000000e+01
   4.0827600e+05   1.9000000e+01
   4.0835100e+05   2.4000000e+01
   4.0845800e+05   2.0000000e+01
   4.0861400e+05   1.9000000e+01
   4.0893800e+05   2.1000000e+01
   4.0900400e+05   3.1000000e+01
   4.0903500e+05   2.1000000e+01
   4.0918600e+05   2.1000000e+01
   4.0929200e+05   2.7000000e+01
   4.0934200e+05   2.4000000e+01
   4.0943600e+05   2.9000000e+01
   4.0950500e+05   2.1000000e+01
   4.0953800e+05   2.3000000e+01
   4.0963300e+05   2.6000000e+01
   4.0979300e+05   2.5000000e+01
   4.0987600e+05   2.7000000e+01
   4.1004200e+05   1.9000000e+01
   4.1009700e+05   3.4000000e+01
   4.1014700e+05   2.4000000e+01
   4.1022200e+05   2.2000000e+01
   4.1029400e+05   1.9000000e+01
   4.1038700e+05   3.7000000e+01
   4.1058800e+05   2.7000000e+01
   4.1071600e+05   3.0000000e+01
   4.1075100e+05   2.2000000e+01
   4.1097000e+05   2.0000000e+01
   4.1114500e+05   2.0000000e+01
   4.1122500e+05   2.5000000e+01
   4.1189900e+05   2.2000000e+01
   4.5999700e+05   1.9000000e+01
   4.6024000e+05   2.3000000e+01
   4.6056500e+05   1.9000000e+01
   4.6069800e+05   2.0000000e+01
   4.6076200e+05   1.9000000e+01
   6.8467500e+05   2.3000000e+01
   6.8475700e+05   2.7000000e+01
   6.8483000e+05   2.1000000e+01
   6.8494100e+05   2.1000000e+01
   6.8521500e+05   2.0000000e+01
   6.9943200e+05   2.1000000e+01
   6.9953000e+05   2.0000000e+01
   6.9989900e+05   1.9000000e+01
   7.0004800e+05   2.0000000e+01
   7.0008100e+05   1.9000000e+01
   7.0016700e+05   2.1000000e+01
   7.0044000e+05   2.2000000e+01
   7.5343700e+05   1.9000000e+01
   9.5691200e+05   1.9000000e+01
   9.5748500e+05   2.1000000e+01
   9.5754800e+05   2.1000000e+01
   9.5772600e+05   2.7000000e+01
   9.5782400e+05   2.0000000e+01
   9.5791000e+05   2.3000000e+01
   9.5795400e+05   2.1000000e+01
   9.5807200e+05   2.3000000e+01
   9.5826900e+05   1.9000000e+01
   9.5843200e+05   2.2000000e+01
   9.5853900e+05   1.9000000e+01
   9.5863300e+05   1.9000000e+01
   9.5894600e+05   2.1000000e+01
   9.5908400e+05   2.2000000e+01
   9.5916300e+05   2.2000000e+01
   9.5933000e+05   2.1000000e+01
   1.0589750e+06   2.1000000e+01
   1.1578130e+06   2.1000000e+01
   1.1579480e+06   2.1000000e+01
   1.1580350e+06   2.1000000e+01
   1.1581590e+06   2.0000000e+01
   1.1583390e+06   2.1000000e+01
   1.1585740e+06   2.3000000e+01
   1.1586260e+06   2.1000000e+01
   1.1587260e+06   2.3000000e+01
   1.1587960e+06   2.3000000e+01
   1.1592850e+06   2.0000000e+01
   1.1595950e+06   1.9000000e+01
   1.1598210e+06   1.9000000e+01
   1.3133580e+06   1.9000000e+01
   1.5614940e+06   1.9000000e+01
   1.6012520e+06   2.0000000e+01
   1.6013220e+06   1.9000000e+01
   1.6014920e+06   1.9000000e+01
   1.6017340e+06   2.8000000e+01
   1.6018150e+06   2.4000000e+01
   1.6020910e+06   2.1000000e+01
   1.6022700e+06   2.1000000e+01
   1.6023330e+06   2.0000000e+01
   1.6024200e+06   2.0000000e+01
   1.6026220e+06   1.9000000e+01
   1.6026490e+06   2.5000000e+01
   1.6028140e+06   1.9000000e+01
   1.6430790e+06   2.2000000e+01
   1.6431460e+06   2.7000000e+01
   1.6431800e+06   2.2000000e+01
   1.6433270e+06   2.2000000e+01
   1.6434080e+06   2.2000000e+01
   1.6436520e+06   1.9000000e+01
   1.6437140e+06   2.0000000e+01
   1.6437700e+06   2.0000000e+01
   1.6438070e+06   2.0000000e+01
   1.6441100e+06   2.1000000e+01
   1.9719560e+06   2.0000000e+01
   1.9720530e+06   1.9000000e+01
   1.9721190e+06   2.0000000e+01
   1.9722260e+06   3.2000000e+01
   1.9722590e+06   2.6000000e+01
   1.9723620e+06   1.9000000e+01
   2.0730820e+06   2.0000000e+01
   2.0731620e+06   2.3000000e+01
   2.0733030e+06   2.1000000e+01
   2.0735570e+06   1.9000000e+01
   2.0737490e+06   2.1000000e+01
   2.0738350e+06   1.9000000e+01
   2.0739970e+06   1.9000000e+01
   2.0740820e+06   2.4000000e+01
   2.0741590e+06   2.5000000e+01
   2.0743250e+06   2.2000000e+01
   2.0744450e+06   2.1000000e+01
   2.0745360e+06   1.9000000e+01
   2.0746640e+06   1.9000000e+01
   2.0747840e+06   2.0000000e+01
   2.0749850e+06   2.0000000e+01
   2.0750140e+06   2.1000000e+01
   2.2627980e+06   1.9000000e+01
   2.2628780e+06   1.9000000e+01
   2.2630760e+06   2.2000000e+01
   2.2632330e+06   1.9000000e+01
   2.2635730e+06   2.1000000e+01
   2.2637580e+06   1.9000000e+01
   2.3416670e+06   2.1000000e+01
   2.3417380e+06   2.0000000e+01
   2.3421680e+06   1.9000000e+01
   2.3423890e+06   2.3000000e+01
   2.3424170e+06   2.2000000e+01
   2.3426080e+06   2.2000000e+01
   2.3427220e+06   2.3000000e+01
   2.5002720e+06   1.9000000e+01
   2.5318370e+06   2.0000000e+01
   2.5319020e+06   2.1000000e+01
   2.5319850e+06   1.9000000e+01
   2.5320120e+06   2.1000000e+01
   2.5321560e+06   2.1000000e+01
   2.5322030e+06   1.9000000e+01
   2.5323080e+06   1.9000000e+01
   2.5323990e+06   2.0000000e+01
   2.5325880e+06   1.9000000e+01
   2.5326160e+06   2.0000000e+01
   2.6008790e+06   1.9000000e+01
   2.6009070e+06   2.2000000e+01
   2.6010570e+06   2.6000000e+01
   2.6016410e+06   2.1000000e+01
   2.6017590e+06   2.3000000e+01
   2.6019890e+06   1.9000000e+01
   2.6469590e+06   2.1000000e+01
   2.6471650e+06   1.9000000e+01
   2.6473110e+06   2.0000000e+01
   2.6473440e+06   2.1000000e+01
   2.6474370e+06   2.0000000e+01
   2.6474770e+06   3.0000000e+01
   2.6475640e+06   3.2000000e+01
   2.6475920e+06   2.5000000e+01
   2.6478020e+06   2.1000000e+01
   2.6478390e+06   3.3000000e+01
   2.6479450e+06   3.0000000e+01
   2.6480610e+06   1.9000000e+01
   2.6484860e+06   2.0000000e+01
   2.7066190e+06   1.9000000e+01
   2.7068890e+06   2.1000000e+01
   2.7070170e+06   2.2000000e+01
   2.7071300e+06   2.0000000e+01
   2.7072430e+06   2.3000000e+01
   2.8026410e+06   1.9000000e+01
   2.8031470e+06   2.0000000e+01
   2.9030070e+06   2.1000000e+01
   2.9031270e+06   2.6000000e+01
   2.9031930e+06   1.9000000e+01
   2.9033490e+06   1.9000000e+01
   2.9036840e+06   1.9000000e+01
   2.9630460e+06   2.0000000e+01
   2.9631060e+06   2.1000000e+01
   3.0052280e+06   2.5000000e+01
   3.0053430e+06   2.0000000e+01
   3.0861170e+06   2.4000000e+01
   3.0861620e+06   1.9000000e+01
   3.0862840e+06   2.2000000e+01
   3.0863260e+06   1.9000000e+01
   3.0863890e+06   2.3000000e+01
   3.0865420e+06   2.0000000e+01
   3.0866180e+06   2.5000000e+01
   3.0866620e+06   3.2000000e+01
   3.0869000e+06   2.2000000e+01
   3.0869350e+06   2.0000000e+01
   3.0872010e+06   2.2000000e+01
   3.0872900e+06   1.9000000e+01
   3.0877080e+06   2.1000000e+01
   3.1410710e+06   1.9000000e+01
   3.1410990e+06   2.0000000e+01
   3.1413900e+06   2.1000000e+01
   3.1414470e+06   2.0000000e+01
   3.1418380e+06   2.0000000e+01
   3.1423200e+06   2.0000000e+01
   3.1424930e+06   2.0000000e+01
   3.2306620e+06   2.0000000e+01
   3.2836570e+06   1.9000000e+01
   3.2901720e+06   2.1000000e+01
   3.2904780e+06   2.0000000e+01
   3.2906840e+06   1.9000000e+01
   3.2913440e+06   2.0000000e+01
   3.5836020e+06   2.2000000e+01
   3.6801240e+06   2.7000000e+01
   3.6811040e+06   2.4000000e+01
   3.6814690e+06   2.8000000e+01
   3.6829670e+06   2.5000000e+01
   3.6851380e+06   2.5000000e+01
   3.8322050e+06   1.9000000e+01
   3.8750820e+06   2.1000000e+01
   3.8751600e+06   2.6000000e+01
   3.8754790e+06   1.9000000e+01
   3.8755640e+06   2.3000000e+01
   3.8755980e+06   1.9000000e+01
   3.8757410e+06   1.9000000e+01
   3.8758450e+06   2.0000000e+01
   3.8761270e+06   1.9000000e+01
   3.8767120e+06   1.9000000e+01
   3.8773560e+06   1.9000000e+01
   3.9231490e+06   1.9000000e+01
   3.9233250e+06   2.1000000e+01
   3.9234140e+06   1.9000000e+01
   3.9235280e+06   1.9000000e+01
   3.9237670e+06   2.2000000e+01
   3.9239830e+06   2.0000000e+01
   3.9240260e+06   2.5000000e+01
   3.9242000e+06   2.1000000e+01
   3.9242940e+06   2.2000000e+01
   3.9243410e+06   2.2000000e+01
   3.9245710e+06   2.0000000e+01
   3.9247260e+06   1.9000000e+01
   3.9248120e+06   1.9000000e+01
   3.9250230e+06   2.2000000e+01
   3.9253380e+06   1.9000000e+01
   3.9253940e+06   2.0000000e+01
   3.9254720e+06   3.0000000e+01
   3.9490560e+06   2.1000000e+01
   3.9492680e+06   2.7000000e+01
   3.9494900e+06   1.9000000e+01
   3.9497280e+06   2.0000000e+01
   3.9499690e+06   2.4000000e+01
   3.9500520e+06   2.1000000e+01
   3.9502980e+06   1.9000000e+01
   3.9504250e+06   2.0000000e+01
   4.0129850e+06   1.9000000e+01
   4.0400320e+06   2.1000000e+01
   4.2140150e+06   2.0000000e+01
   4.2141260e+06   2.2000000e+01
   4.2141570e+06   2.0000000e+01
   4.2144010e+06   2.0000000e+01
   4.2144540e+06   1.9000000e+01
   4.2148240e+06   2.0000000e+01
   4.2149190e+06   2.0000000e+01
   4.2149600e+06   2.1000000e+01
   4.2151390e+06   2.2000000e+01
   4.3021300e+06   2.3000000e+01
   4.3022970e+06   1.9000000e+01
   4.3024180e+06   2.5000000e+01
   4.3025010e+06   2.0000000e+01
   4.3026310e+06   2.6000000e+01
   4.3027090e+06   2.4000000e+01
   4.3027510e+06   1.9000000e+01
   4.3028430e+06   3.5000000e+01
   4.3028920e+06   2.4000000e+01
   4.3029810e+06   3.1000000e+01
   4.3030070e+06   4.0000000e+01
   4.3030960e+06   1.9000000e+01
   4.3031220e+06   4.4000000e+01
   4.3031790e+06   2.0000000e+01
   4.3032390e+06   3.7000000e+01
   4.3032840e+06   1.9000000e+01
   4.3033430e+06   3.3000000e+01
   4.3034790e+06   2.3000000e+01
   4.3035480e+06   2.2000000e+01
   4.3035820e+06   3.4000000e+01
   4.3036860e+06   2.8000000e+01
   4.3037450e+06   2.5000000e+01
   4.3038070e+06   2.9000000e+01
   4.3039440e+06   2.3000000e+01
   4.3040190e+06   2.1000000e+01
   4.3040450e+06   2.6000000e+01
   4.3041590e+06   1.9000000e+01
   4.3042300e+06   2.5000000e+01
   4.3042730e+06   2.1000000e+01
   4.3044190e+06   2.0000000e+01
   4.3045100e+06   2.8000000e+01
   4.3045350e+06   2.7000000e+01
   4.3046090e+06   2.5000000e+01
   4.3047350e+06   2.1000000e+01
   4.3048470e+06   1.9000000e+01
   4.3049650e+06   2.3000000e+01
   4.3049900e+06   4.8000000e+01
   4.3050500e+06   2.0000000e+01
   4.3051460e+06   2.6000000e+01
   4.3053310e+06   1.9000000e+01
   4.3053890e+06   2.5000000e+01
   4.3054170e+06   2.5000000e+01
   4.3055960e+06   2.1000000e+01
   4.3056470e+06   2.1000000e+01
   4.3057870e+06   2.3000000e+01
   4.3059830e+06   2.2000000e+01
   4.3063630e+06   2.1000000e+01
   4.3064370e+06   2.3000000e+01
   4.3567480e+06   2.1000000e+01
   4.4169820e+06   2.0000000e+01
   4.4349350e+06   2.2000000e+01
   4.4352050e+06   1.9000000e+01
   4.4352380e+06   2.1000000e+01
   4.4353400e+06   2.5000000e+01
   4.4354480e+06   1.9000000e+01
   4.4355860e+06   2.0000000e+01
   4.4359490e+06   2.3000000e+01
   4.4362980e+06   2.1000000e+01
   4.4365230e+06   2.0000000e+01
   4.4369550e+06   1.9000000e+01
   4.4369810e+06   1.9000000e+01
   4.4807760e+06   2.0000000e+01
   4.4811240e+06   2.3000000e+01
   4.4811790e+06   1.9000000e+01
   4.4815100e+06   2.3000000e+01
   4.4826230e+06   2.6000000e+01
   4.5850810e+06   1.9000000e+01
   4.5852230e+06   1.9000000e+01
   4.5854710e+06   2.1000000e+01
   4.5855080e+06   1.9000000e+01
   4.5858950e+06   1.9000000e+01
   4.5859710e+06   2.2000000e+01
   4.6210670e+06   1.9000000e+01
   4.6239700e+06   1.9000000e+01
   4.7062610e+06   2.0000000e+01
   4.7064400e+06   2.0000000e+01
   4.7065240e+06   1.9000000e+01
   4.7067910e+06   1.9000000e+01
   4.7068820e+06   2.0000000e+01
   4.7070520e+06   2.1000000e+01
   4.7071360e+06   2.4000000e+01
   4.7072380e+06   1.9000000e+01
   4.7073580e+06   2.0000000e+01
   4.7074370e+06   1.9000000e+01
   4.7075180e+06   2.5000000e+01
   4.7075520e+06   2.4000000e+01
   4.7076430e+06   3.8000000e+01
   4.7076690e+06   4.0000000e+01
   4.7077530e+06   2.2000000e+01
   4.7077890e+06   4.2000000e+01
   4.7078690e+06   2.0000000e+01
   4.7079610e+06   2.8000000e+01
   4.7080480e+06   4.5000000e+01
   4.7080970e+06   3.3000000e+01
   4.7081870e+06   1.9000000e+01
   4.7082620e+06   2.4000000e+01
   4.7082910e+06   3.0000000e+01
   4.7084680e+06   2.0000000e+01
   4.7085080e+06   2.5000000e+01
   4.7085650e+06   1.9000000e+01
   4.7085950e+06   2.4000000e+01
   4.7086980e+06   2.1000000e+01
   4.7087240e+06   2.1000000e+01
   4.7088460e+06   2.8000000e+01
   4.7089580e+06   2.0000000e+01
   4.7089860e+06   2.8000000e+01
   4.7090750e+06   2.8000000e+01
   4.7091090e+06   2.1000000e+01
   4.7092070e+06   2.1000000e+01
   4.7092900e+06   3.3000000e+01
   4.7093580e+06   2.0000000e+01
   4.7094370e+06   2.2000000e+01
   4.7095020e+06   2.1000000e+01
   4.7095620e+06   2.5000000e+01
   4.7097010e+06   2.0000000e+01
   4.7097710e+06   4.3000000e+01
   4.7097990e+06   2.6000000e+01
   4.7099830e+06   2.1000000e+01
   4.7100440e+06   1.9000000e+01
   4.7101010e+06   2.7000000e+01
   4.7102490e+06   2.4000000e+01
   4.7105000e+06   2.1000000e+01
   4.7105410e+06   3.2000000e+01
   4.7106600e+06   1.9000000e+01
   4.7108750e+06   2.6000000e+01
   4.7109920e+06   2.0000000e+01
   4.7114740e+06   2.0000000e+01
   4.7517720e+06   2.1000000e+01
   4.7518810e+06   1.9000000e+01
   4.7520740e+06   1.9000000e+01
   4.7522390e+06   1.9000000e+01
   4.7523340e+06   1.9000000e+01
   4.7525110e+06   2.1000000e+01
   4.7525960e+06   1.9000000e+01
   4.8451350e+06   2.1000000e+01
   4.8725640e+06   1.9000000e+01
   4.8726390e+06   2.1000000e+01
   4.8726720e+06   1.9000000e+01
   4.8728210e+06   2.0000000e+01
   4.8728990e+06   2.1000000e+01
   4.8946480e+06   1.9000000e+01
   4.9236950e+06   1.9000000e+01
   4.9352920e+06   2.4000000e+01
   4.9353190e+06   2.2000000e+01
   4.9354850e+06   1.9000000e+01
   4.9355680e+06   2.2000000e+01
   4.9357350e+06   2.4000000e+01
   4.9358280e+06   2.0000000e+01
   4.9360270e+06   1.9000000e+01
   4.9363110e+06   1.9000000e+01
   4.9920550e+06   3.5000000e+01
   4.9920910e+06   2.0000000e+01
   4.9950900e+06   2.0000000e+01
   4.9951230e+06   1.9000000e+01
   5.0387200e+06   1.9000000e+01
   5.0534340e+06   1.9000000e+01
   5.3013850e+06   1.9000000e+01
   5.3023010e+06   2.1000000e+01
   5.4620980e+06   2.0000000e+01
   5.6690780e+06   2.0000000e+01
   5.6692640e+06   2.0000000e+01
   5.6697570e+06   1.9000000e+01
   5.7075900e+06   1.9000000e+01
   5.7532650e+06   1.9000000e+01
   5.9477980e+06   1.9000000e+01
   5.9478380e+06   1.9000000e+01
   5.9483350e+06   1.9000000e+01
   6.1475240e+06   1.9000000e+01
   6.2941730e+06   1.9000000e+01
   6.2952110e+06   1.9000000e+01
   6.2953240e+06   2.2000000e+01
   6.8126970e+06   1.9000000e+01
   6.8127830e+06   1.9000000e+01
   6.8867850e+06   1.9000000e+01
   6.8870150e+06   2.2000000e+01
   6.9234340e+06   2.0000000e+01
   6.9236070e+06   1.9000000e+01
   6.9238990e+06   2.0000000e+01
   7.0961550e+06   1.9000000e+01
   7.0962140e+06   2.0000000e+01
   7.0965990e+06   1.9000000e+01
   7.0966830e+06   4.0000000e+01
   7.0967080e+06   2.2000000e+01
   7.0969440e+06   2.0000000e+01
   7.0971300e+06   2.5000000e+01
   7.0971740e+06   1.9000000e+01
   7.0972660e+06   1.9000000e+01
   7.0973420e+06   2.4000000e+01
   7.0974130e+06   2.5000000e+01
   7.0975650e+06   1.9000000e+01
   7.0994700e+06   1.9000000e+01
   7.0996490e+06   2.1000000e+01
   7.0997520e+06   1.9000000e+01
