   7.5000000e+06   0.0000000e+00
   5.2879000e+04   2.2000000e+01
   5.2933000e+04   2.5000000e+01
   5.3531000e+04   2.1000000e+01
   1.2543900e+05   2.0000000e+01
   3.1050900e+05   2.1000000e+01
   3.1068900e+05   2.0000000e+01
   4.0801300e+05   2.0000000e+01
   4.0833900e+05   2.0000000e+01
   4.0845800e+05   2.3000000e+01
   4.0853600e+05   2.0000000e+01
   4.0861400e+05   2.1000000e+01
   4.0870300e+05   2.0000000e+01
   4.0878400e+05   2.0000000e+01
   4.0893200e+05   2.1000000e+01
   4.0900400e+05   2.9000000e+01
   4.0904700e+05   2.2000000e+01
   4.0922300e+05   2.3000000e+01
   4.0933400e+05   2.5000000e+01
   4.0952100e+05   2.4000000e+01
   4.0963200e+05   2.1000000e+01
   4.0997800e+05   2.1000000e+01
   4.1013100e+05   2.2000000e+01
   4.1022800e+05   2.0000000e+01
   4.1031100e+05   2.0000000e+01
   4.1035400e+05   2.0000000e+01
   4.1052300e+05   2.0000000e+01
   4.1069000e+05   2.1000000e+01
   4.1079100e+05   2.0000000e+01
   4.5999800e+05   2.1000000e+01
   4.6024700e+05   2.0000000e+01
   4.6076500e+05   2.0000000e+01
   6.2273200e+05   2.0000000e+01
   6.8460300e+05   2.2000000e+01
   6.8470500e+05   2.0000000e+01
   6.8478800e+05   2.3000000e+01
   6.8495300e+05   2.1000000e+01
   6.9943200e+05   2.0000000e+01
   6.9953100e+05   2.0000000e+01
   7.0004800e+05   2.0000000e+01
   7.0013800e+05   2.1000000e+01
   7.0016600e+05   2.3000000e+01
   7.0085500e+05   2.1000000e+01
   7.5328700e+05   2.1000000e+01
   7.5343800e+05   2.2000000e+01
   9.5691900e+05   2.0000000e+01
   9.5743200e+05   2.0000000e+01
   9.5750200e+05   2.0000000e+01
   9.5757100e+05   2.2000000e+01
   9.5772600e+05   2.3000000e+01
   9.5780700e+05   2.2000000e+01
   9.5790500e+05   2.5000000e+01
   9.5795300e+05   2.1000000e+01
   9.5805100e+05   2.0000000e+01
   9.5841600e+05   2.2000000e+01
   9.5853200e+05   2.0000000e+01
   9.5864500e+05   2.1000000e+01
   9.5873400e+05   2.1000000e+01
   9.5894000e+05   2.5000000e+01
   9.5908400e+05   2.1000000e+01
   9.5916200e+05   2.3000000e+01
   9.5933600e+05   2.1000000e+01
   1.1578220e+06   2.1000000e+01
   1.1580010e+06   2.2000000e+01
   1.1580530e+06   2.1000000e+01
   1.1581760e+06   2.1000000e+01
   1.1583460e+06   2.1000000e+01
   1.1585810e+06   2.4000000e+01
   1.1586640e+06   2.7000000e+01
   1.1587260e+06   2.2000000e+01
   1.1587970e+06   2.0000000e+01
   1.1592850e+06   2.2000000e+01
   1.1636090e+06   2.0000000e+01
   1.6014920e+06   2.0000000e+01
   1.6017350e+06   2.3000000e+01
   1.6018150e+06   2.2000000e+01
   1.6018820e+06   2.1000000e+01
   1.6020920e+06   2.4000000e+01
   1.6023240e+06   2.6000000e+01
   1.6023520e+06   2.4000000e+01
   1.6026230e+06   2.1000000e+01
   1.6026530e+06   2.8000000e+01
   1.6430800e+06   2.0000000e+01
   1.6431530e+06   2.4000000e+01
   1.6433250e+06   2.0000000e+01
   1.6434140e+06   2.3000000e+01
   1.6437230e+06   2.0000000e+01
   1.6438140e+06   2.1000000e+01
   1.9719530e+06   2.2000000e+01
   1.9720540e+06   2.1000000e+01
   1.9721200e+06   2.3000000e+01
   1.9722290e+06   3.8000000e+01
   1.9722620e+06   2.6000000e+01
   1.9723820e+06   2.0000000e+01
   1.9724550e+06   2.0000000e+01
   2.0731610e+06   2.0000000e+01
   2.0735520e+06   2.0000000e+01
   2.0736960e+06   2.1000000e+01
   2.0737480e+06   2.8000000e+01
   2.0738560e+06   2.0000000e+01
   2.0739970e+06   2.0000000e+01
   2.0740820e+06   2.0000000e+01
   2.0741580e+06   2.2000000e+01
   2.0743230e+06   2.6000000e+01
   2.0744330e+06   2.1000000e+01
   2.0745470e+06   2.1000000e+01
   2.0746850e+06   2.1000000e+01
   2.0748070e+06   2.5000000e+01
   2.0749850e+06   2.0000000e+01
   2.0750140e+06   2.0000000e+01
   2.2635820e+06   2.0000000e+01
   2.3317360e+06   2.0000000e+01
   2.3416660e+06   2.1000000e+01
   2.3417430e+06   2.1000000e+01
   2.3421490e+06   2.2000000e+01
   2.3421820e+06   2.1000000e+01
   2.3423800e+06   2.1000000e+01
   2.3424060e+06   2.5000000e+01
   2.3426580e+06   2.1000000e+01
   2.3427140e+06   2.3000000e+01
   2.5318360e+06   2.5000000e+01
   2.5318800e+06   2.2000000e+01
   2.5319900e+06   2.1000000e+01
   2.5320160e+06   2.0000000e+01
   2.5321600e+06   2.0000000e+01
   2.5323080e+06   2.3000000e+01
   2.5325920e+06   2.1000000e+01
   2.6008780e+06   2.0000000e+01
   2.6010570e+06   2.1000000e+01
   2.6017340e+06   2.0000000e+01
   2.6020970e+06   2.1000000e+01
   2.6470010e+06   2.2000000e+01
   2.6472480e+06   2.0000000e+01
   2.6473200e+06   2.0000000e+01
   2.6473640e+06   2.1000000e+01
   2.6474770e+06   2.4000000e+01
   2.6475650e+06   2.3000000e+01
   2.6475990e+06   2.1000000e+01
   2.6477640e+06   2.0000000e+01
   2.6478550e+06   2.1000000e+01
   2.6479570e+06   2.2000000e+01
   2.6481060e+06   2.0000000e+01
   2.7070250e+06   2.0000000e+01
   2.7071280e+06   2.0000000e+01
   2.7072430e+06   2.3000000e+01
   2.9030100e+06   2.3000000e+01
   2.9031220e+06   2.6000000e+01
   2.9031940e+06   2.1000000e+01
   2.9033110e+06   2.0000000e+01
   2.9033390e+06   2.0000000e+01
   2.9630860e+06   2.0000000e+01
   2.9634860e+06   2.0000000e+01
   3.0052280e+06   2.2000000e+01
   3.0053550e+06   2.0000000e+01
   3.0861580e+06   2.0000000e+01
   3.0863200e+06   2.6000000e+01
   3.0863820e+06   2.1000000e+01
   3.0865430e+06   2.1000000e+01
   3.0866070e+06   2.4000000e+01
   3.0866610e+06   2.1000000e+01
   3.0867800e+06   2.0000000e+01
   3.0869000e+06   2.2000000e+01
   3.0871990e+06   2.3000000e+01
   3.0877250e+06   2.0000000e+01
   3.1407080e+06   2.0000000e+01
   3.1410670e+06   2.0000000e+01
   3.1413760e+06   2.0000000e+01
   3.1414230e+06   2.0000000e+01
   3.2306880e+06   2.0000000e+01
   3.2831410e+06   2.1000000e+01
   3.2836580e+06   2.0000000e+01
   3.2901720e+06   2.0000000e+01
   3.2913490e+06   2.0000000e+01
   3.5836440e+06   2.3000000e+01
   3.8745800e+06   2.1000000e+01
   3.8747370e+06   2.3000000e+01
   3.8750830e+06   2.0000000e+01
   3.8751600e+06   2.0000000e+01
   3.8754790e+06   2.2000000e+01
   3.8755650e+06   2.1000000e+01
   3.8758350e+06   2.0000000e+01
   3.8761280e+06   2.0000000e+01
   3.8773620e+06   2.0000000e+01
   3.9232040e+06   2.0000000e+01
   3.9233350e+06   2.1000000e+01
   3.9237670e+06   2.2000000e+01
   3.9240140e+06   2.0000000e+01
   3.9241360e+06   2.1000000e+01
   3.9242130e+06   2.3000000e+01
   3.9242730e+06   2.1000000e+01
   3.9243340e+06   2.5000000e+01
   3.9247170e+06   2.4000000e+01
   3.9248440e+06   2.0000000e+01
   3.9250240e+06   2.5000000e+01
   3.9490520e+06   2.0000000e+01
   3.9492680e+06   2.3000000e+01
   3.9493490e+06   2.1000000e+01
   3.9495800e+06   2.0000000e+01
   3.9497370e+06   2.0000000e+01
   3.9498490e+06   2.1000000e+01
   3.9499960e+06   2.7000000e+01
   3.9500510e+06   2.0000000e+01
   3.9504360e+06   2.3000000e+01
   4.2140640e+06   2.1000000e+01
   4.2144530e+06   2.0000000e+01
   4.2149190e+06   2.1000000e+01
   4.2149610e+06   2.0000000e+01
   4.2151330e+06   2.1000000e+01
   4.3022790e+06   2.1000000e+01
   4.3024240e+06   2.7000000e+01
   4.3024910e+06   2.1000000e+01
   4.3026320e+06   2.2000000e+01
   4.3027640e+06   2.2000000e+01
   4.3028520e+06   2.3000000e+01
   4.3029470e+06   2.6000000e+01
   4.3030070e+06   2.0000000e+01
   4.3030840e+06   4.2000000e+01
   4.3031210e+06   3.5000000e+01
   4.3032390e+06   2.6000000e+01
   4.3032840e+06   2.5000000e+01
   4.3033420e+06   2.3000000e+01
   4.3034690e+06   2.5000000e+01
   4.3036180e+06   2.0000000e+01
   4.3036870e+06   2.4000000e+01
   4.3039130e+06   2.0000000e+01
   4.3040170e+06   2.4000000e+01
   4.3041370e+06   2.0000000e+01
   4.3042300e+06   2.6000000e+01
   4.3042550e+06   2.1000000e+01
   4.3049650e+06   2.0000000e+01
   4.3050360e+06   3.0000000e+01
   4.3053450e+06   2.1000000e+01
   4.3054050e+06   2.0000000e+01
   4.3055950e+06   2.0000000e+01
   4.4158570e+06   2.0000000e+01
   4.4176280e+06   2.0000000e+01
   4.4349350e+06   2.1000000e+01
   4.4352270e+06   2.2000000e+01
   4.4353980e+06   2.2000000e+01
   4.4362980e+06   2.1000000e+01
   4.4363880e+06   2.0000000e+01
   4.4811280e+06   2.1000000e+01
   4.4815100e+06   2.1000000e+01
   4.5850890e+06   2.0000000e+01
   4.5854710e+06   2.0000000e+01
   4.5855140e+06   2.1000000e+01
   4.5859710e+06   2.0000000e+01
   4.6240210e+06   2.4000000e+01
   4.7064390e+06   2.3000000e+01
   4.7068650e+06   2.0000000e+01
   4.7069930e+06   2.0000000e+01
   4.7070710e+06   2.9000000e+01
   4.7071890e+06   2.3000000e+01
   4.7072480e+06   2.2000000e+01
   4.7074170e+06   2.9000000e+01
   4.7075170e+06   2.5000000e+01
   4.7075530e+06   2.0000000e+01
   4.7076490e+06   3.4000000e+01
   4.7076770e+06   4.8000000e+01
   4.7077530e+06   2.0000000e+01
   4.7077780e+06   3.1000000e+01
   4.7078750e+06   3.3000000e+01
   4.7079570e+06   3.4000000e+01
   4.7079830e+06   2.5000000e+01
   4.7080960e+06   2.2000000e+01
   4.7081750e+06   2.3000000e+01
   4.7082080e+06   3.6000000e+01
   4.7082710e+06   2.0000000e+01
   4.7085360e+06   2.2000000e+01
   4.7085840e+06   2.3000000e+01
   4.7087400e+06   2.2000000e+01
   4.7088310e+06   2.3000000e+01
   4.7089550e+06   2.0000000e+01
   4.7090000e+06   2.2000000e+01
   4.7091240e+06   2.0000000e+01
   4.7092380e+06   2.2000000e+01
   4.7094370e+06   2.8000000e+01
   4.7095610e+06   2.2000000e+01
   4.7097010e+06   2.7000000e+01
   4.7097890e+06   2.0000000e+01
   4.7099490e+06   2.3000000e+01
   4.7520740e+06   2.1000000e+01
   4.7522210e+06   2.0000000e+01
   4.7523370e+06   2.0000000e+01
   4.7525370e+06   2.0000000e+01
   4.7525960e+06   2.0000000e+01
   4.8725640e+06   2.2000000e+01
   4.8726490e+06   2.7000000e+01
   4.8726820e+06   2.3000000e+01
   4.8728200e+06   2.3000000e+01
   4.8728980e+06   2.4000000e+01
   4.9238300e+06   2.3000000e+01
   4.9280050e+06   2.0000000e+01
   4.9352910e+06   2.0000000e+01
   4.9353190e+06   2.3000000e+01
   4.9354810e+06   2.4000000e+01
   4.9356090e+06   2.1000000e+01
   4.9357360e+06   2.2000000e+01
   4.9358290e+06   2.2000000e+01
   4.9360170e+06   2.0000000e+01
   4.9363110e+06   2.0000000e+01
   4.9920550e+06   3.0000000e+01
   5.3016760e+06   2.0000000e+01
   5.4620940e+06   2.1000000e+01
   5.6692630e+06   2.0000000e+01
   5.6696250e+06   2.0000000e+01
   5.6697270e+06   2.0000000e+01
   5.7075590e+06   2.4000000e+01
   5.7077980e+06   2.3000000e+01
   5.9478210e+06   2.4000000e+01
   6.2951520e+06   2.0000000e+01
   6.2952310e+06   2.0000000e+01
   6.8127550e+06   2.2000000e+01
   6.8870150e+06   2.2000000e+01
   6.9234410e+06   2.0000000e+01
   6.9237110e+06   2.0000000e+01
   6.9238230e+06   2.1000000e+01
   7.0961620e+06   2.2000000e+01
   7.0965970e+06   2.2000000e+01
   7.0966240e+06   3.3000000e+01
   7.0966890e+06   2.5000000e+01
   7.0970740e+06   2.0000000e+01
   7.0971630e+06   2.1000000e+01
   7.0972500e+06   2.2000000e+01
   7.0973240e+06   2.6000000e+01
   7.0973550e+06   2.7000000e+01
   7.0974210e+06   2.2000000e+01
   7.0986040e+06   2.1000000e+01
   7.0996490e+06   2.1000000e+01
   7.0997520e+06   2.2000000e+01
