   7.5000000e+06   0.0000000e+00
   5.2879000e+04   2.1000000e+01
   5.2913000e+04   1.4000000e+01
   5.3153000e+04   1.4000000e+01
   5.3286000e+04   1.5000000e+01
   5.3591000e+04   1.4000000e+01
   1.2519600e+05   1.4000000e+01
   1.2544300e+05   1.7000000e+01
   1.2570300e+05   1.4000000e+01
   1.2576500e+05   1.4000000e+01
   1.2633600e+05   1.6000000e+01
   1.6507200e+05   1.5000000e+01
   1.6522600e+05   1.5000000e+01
   1.6532300e+05   1.5000000e+01
   2.6758900e+05   1.4000000e+01
   3.1050900e+05   1.4000000e+01
   3.1057900e+05   1.5000000e+01
   3.1062300e+05   1.4000000e+01
   3.1070400e+05   1.7000000e+01
   3.1081700e+05   1.4000000e+01
   4.0801800e+05   1.5000000e+01
   4.0811900e+05   1.6000000e+01
   4.0824300e+05   1.4000000e+01
   4.0835300e+05   1.5000000e+01
   4.0841400e+05   1.5000000e+01
   4.0845800e+05   1.4000000e+01
   4.0854100e+05   1.5000000e+01
   4.0861500e+05   1.4000000e+01
   4.0870400e+05   1.4000000e+01
   4.0884300e+05   1.4000000e+01
   4.0893200e+05   1.8000000e+01
   4.0900700e+05   2.1000000e+01
   4.0904900e+05   1.6000000e+01
   4.0922100e+05   1.4000000e+01
   4.0933300e+05   1.7000000e+01
   4.0943000e+05   1.5000000e+01
   4.0950500e+05   1.5000000e+01
   4.0957400e+05   1.8000000e+01
   4.0963300e+05   1.4000000e+01
   4.0973400e+05   1.4000000e+01
   4.1001100e+05   1.5000000e+01
   4.1013400e+05   1.4000000e+01
   4.1021300e+05   2.0000000e+01
   4.1023800e+05   2.3000000e+01
   4.1033700e+05   1.4000000e+01
   4.1038200e+05   1.5000000e+01
   4.1049500e+05   1.4000000e+01
   4.1067900e+05   1.4000000e+01
   4.1077300e+05   1.6000000e+01
   4.1101200e+05   1.4000000e+01
   4.1139000e+05   1.5000000e+01
   4.6000200e+05   1.5000000e+01
   4.6023100e+05   1.5000000e+01
   4.6031300e+05   1.5000000e+01
   4.6062300e+05   1.4000000e+01
   4.6069900e+05   1.8000000e+01
   6.8459900e+05   1.4000000e+01
   6.8467400e+05   1.6000000e+01
   6.8475300e+05   1.9000000e+01
   6.8483000e+05   1.7000000e+01
   6.8493000e+05   1.4000000e+01
   6.8519300e+05   1.5000000e+01
   6.9942900e+05   1.4000000e+01
   7.0004800e+05   1.4000000e+01
   7.0008200e+05   1.7000000e+01
   7.0017500e+05   1.5000000e+01
   7.0035400e+05   1.4000000e+01
   7.0060100e+05   1.4000000e+01
   7.0085500e+05   1.4000000e+01
   7.5328800e+05   1.5000000e+01
   7.5343900e+05   1.4000000e+01
   9.5748400e+05   1.7000000e+01
   9.5757200e+05   1.4000000e+01
   9.5772000e+05   1.4000000e+01
   9.5781700e+05   1.5000000e+01
   9.5786100e+05   1.4000000e+01
   9.5795700e+05   1.5000000e+01
   9.5805800e+05   1.7000000e+01
   9.5844600e+05   1.5000000e+01
   9.5859500e+05   1.4000000e+01
   9.5865900e+05   1.5000000e+01
   9.5894000e+05   1.4000000e+01
   9.5897700e+05   1.5000000e+01
   9.5908600e+05   1.5000000e+01
   9.5917600e+05   1.5000000e+01
   9.5937400e+05   1.5000000e+01
   1.0556700e+06   1.4000000e+01
   1.0590240e+06   1.7000000e+01
   1.1578140e+06   1.7000000e+01
   1.1579480e+06   1.5000000e+01
   1.1580490e+06   1.8000000e+01
   1.1581540e+06   1.4000000e+01
   1.1582480e+06   1.5000000e+01
   1.1583430e+06   1.5000000e+01
   1.1585750e+06   1.5000000e+01
   1.1586060e+06   1.7000000e+01
   1.1587340e+06   1.4000000e+01
   1.1587940e+06   1.8000000e+01
   1.1589580e+06   1.4000000e+01
   1.1590710e+06   1.4000000e+01
   1.1592390e+06   1.5000000e+01
   1.1592750e+06   1.4000000e+01
   1.1593870e+06   1.4000000e+01
   1.2210660e+06   1.5000000e+01
   1.3154440e+06   1.4000000e+01
   1.4148510e+06   1.4000000e+01
   1.5614930e+06   1.4000000e+01
   1.6012570e+06   1.5000000e+01
   1.6013970e+06   1.5000000e+01
   1.6014990e+06   1.4000000e+01
   1.6017350e+06   1.8000000e+01
   1.6017980e+06   1.5000000e+01
   1.6018880e+06   1.6000000e+01
   1.6020770e+06   1.5000000e+01
   1.6023240e+06   2.1000000e+01
   1.6026240e+06   1.8000000e+01
   1.6026550e+06   1.8000000e+01
   1.6028080e+06   1.4000000e+01
   1.6430790e+06   1.5000000e+01
   1.6431090e+06   2.1000000e+01
   1.6431810e+06   1.4000000e+01
   1.6432300e+06   1.6000000e+01
   1.6433320e+06   1.4000000e+01
   1.6434090e+06   1.7000000e+01
   1.6437830e+06   1.5000000e+01
   1.6439450e+06   1.4000000e+01
   1.6441080e+06   1.4000000e+01
   1.6659480e+06   1.5000000e+01
   1.6668400e+06   1.5000000e+01
   1.7881590e+06   1.4000000e+01
   1.8208960e+06   1.4000000e+01
   1.8214830e+06   1.6000000e+01
   1.9719550e+06   1.4000000e+01
   1.9720530e+06   1.4000000e+01
   1.9721260e+06   1.5000000e+01
   1.9722240e+06   2.0000000e+01
   1.9722490e+06   1.4000000e+01
   1.9723410e+06   1.4000000e+01
   1.9724460e+06   1.9000000e+01
   2.0267570e+06   1.4000000e+01
   2.0731400e+06   1.5000000e+01
   2.0732940e+06   1.5000000e+01
   2.0735520e+06   1.5000000e+01
   2.0737450e+06   1.6000000e+01
   2.0737990e+06   1.5000000e+01
   2.0738450e+06   1.8000000e+01
   2.0739990e+06   1.4000000e+01
   2.0740850e+06   1.6000000e+01
   2.0741580e+06   1.6000000e+01
   2.0743240e+06   1.7000000e+01
   2.0744380e+06   2.0000000e+01
   2.0745420e+06   1.7000000e+01
   2.0746850e+06   1.4000000e+01
   2.0748070e+06   1.9000000e+01
   2.0750140e+06   1.4000000e+01
   2.0751010e+06   1.4000000e+01
   2.0761760e+06   1.5000000e+01
   2.0812850e+06   1.4000000e+01
   2.2627600e+06   1.4000000e+01
   2.2630730e+06   1.4000000e+01
   2.2631200e+06   1.5000000e+01
   2.2635730e+06   1.6000000e+01
   2.2820630e+06   1.4000000e+01
   2.3415310e+06   1.4000000e+01
   2.3416660e+06   1.6000000e+01
   2.3421630e+06   1.5000000e+01
   2.3424180e+06   1.8000000e+01
   2.3426650e+06   1.7000000e+01
   2.3427140e+06   1.5000000e+01
   2.4233530e+06   1.4000000e+01
   2.5318360e+06   1.6000000e+01
   2.5318800e+06   1.5000000e+01
   2.5319900e+06   1.5000000e+01
   2.5320160e+06   1.8000000e+01
   2.5321620e+06   1.5000000e+01
   2.5323090e+06   1.4000000e+01
   2.5324020e+06   1.4000000e+01
   2.5325970e+06   1.4000000e+01
   2.5327180e+06   1.4000000e+01
   2.5328640e+06   1.4000000e+01
   2.6005220e+06   1.5000000e+01
   2.6008660e+06   1.5000000e+01
   2.6009030e+06   2.1000000e+01
   2.6010060e+06   1.4000000e+01
   2.6010570e+06   1.6000000e+01
   2.6011290e+06   1.4000000e+01
   2.6016790e+06   1.4000000e+01
   2.6019720e+06   1.4000000e+01
   2.6468770e+06   1.4000000e+01
   2.6469600e+06   1.5000000e+01
   2.6470570e+06   1.4000000e+01
   2.6472190e+06   1.5000000e+01
   2.6472480e+06   1.4000000e+01
   2.6473300e+06   1.9000000e+01
   2.6473550e+06   1.4000000e+01
   2.6474410e+06   1.5000000e+01
   2.6474770e+06   1.9000000e+01
   2.6475650e+06   2.6000000e+01
   2.6475900e+06   2.2000000e+01
   2.6477650e+06   1.6000000e+01
   2.6478600e+06   1.5000000e+01
   2.6479440e+06   2.1000000e+01
   2.6480870e+06   1.6000000e+01
   2.6481600e+06   1.6000000e+01
   2.6733650e+06   1.4000000e+01
   2.7064560e+06   1.4000000e+01
   2.7068880e+06   1.5000000e+01
   2.7070170e+06   1.4000000e+01
   2.7071280e+06   2.0000000e+01
   2.7072530e+06   1.6000000e+01
   2.8013880e+06   1.6000000e+01
   2.8015980e+06   1.5000000e+01
   2.8021570e+06   1.4000000e+01
   2.8025680e+06   1.5000000e+01
   2.9030030e+06   1.7000000e+01
   2.9031140e+06   1.4000000e+01
   2.9032160e+06   1.4000000e+01
   2.9033250e+06   1.4000000e+01
   2.9528100e+06   1.4000000e+01
   2.9629090e+06   1.4000000e+01
   3.0052310e+06   1.7000000e+01
   3.0053430e+06   1.5000000e+01
   3.0055140e+06   1.4000000e+01
   3.0055420e+06   1.5000000e+01
   3.0858230e+06   1.5000000e+01
   3.0861170e+06   1.6000000e+01
   3.0861580e+06   1.5000000e+01
   3.0862810e+06   1.6000000e+01
   3.0863880e+06   1.8000000e+01
   3.0865420e+06   1.5000000e+01
   3.0866110e+06   2.0000000e+01
   3.0866590e+06   1.6000000e+01
   3.0867720e+06   1.4000000e+01
   3.0869090e+06   1.8000000e+01
   3.0869360e+06   1.7000000e+01
   3.0871720e+06   1.5000000e+01
   3.0872840e+06   1.6000000e+01
   3.1407700e+06   1.4000000e+01
   3.1409770e+06   1.4000000e+01
   3.1410680e+06   1.5000000e+01
   3.1413960e+06   1.4000000e+01
   3.2309540e+06   1.4000000e+01
   3.2335880e+06   1.4000000e+01
   3.2371330e+06   1.4000000e+01
   3.2488140e+06   1.4000000e+01
   3.2902290e+06   1.6000000e+01
   3.5274340e+06   1.4000000e+01
   3.5359510e+06   1.4000000e+01
   3.5836130e+06   1.5000000e+01
   3.5837490e+06   1.4000000e+01
   3.6796130e+06   1.5000000e+01
   3.6799610e+06   1.6000000e+01
   3.7583050e+06   1.4000000e+01
   3.8747270e+06   1.5000000e+01
   3.8750900e+06   1.4000000e+01
   3.8751480e+06   1.7000000e+01
   3.8754880e+06   1.4000000e+01
   3.8755710e+06   1.7000000e+01
   3.8758090e+06   1.4000000e+01
   3.8758630e+06   1.4000000e+01
   3.8765190e+06   1.4000000e+01
   3.8773630e+06   1.5000000e+01
   3.9232030e+06   1.6000000e+01
   3.9233480e+06   1.8000000e+01
   3.9234110e+06   1.4000000e+01
   3.9235290e+06   1.4000000e+01
   3.9237680e+06   1.8000000e+01
   3.9237950e+06   1.4000000e+01
   3.9240070e+06   1.4000000e+01
   3.9241350e+06   1.5000000e+01
   3.9242140e+06   1.9000000e+01
   3.9242730e+06   2.6000000e+01
   3.9243340e+06   1.9000000e+01
   3.9244890e+06   1.6000000e+01
   3.9247670e+06   1.6000000e+01
   3.9248140e+06   1.4000000e+01
   3.9250190e+06   1.8000000e+01
   3.9250770e+06   1.4000000e+01
   3.9251690e+06   1.4000000e+01
   3.9252240e+06   1.4000000e+01
   3.9253360e+06   1.4000000e+01
   3.9253980e+06   1.9000000e+01
   3.9444540e+06   1.4000000e+01
   3.9489000e+06   1.4000000e+01
   3.9490370e+06   1.6000000e+01
   3.9493270e+06   1.5000000e+01
   3.9495940e+06   1.4000000e+01
   3.9497310e+06   1.5000000e+01
   3.9499470e+06   1.8000000e+01
   3.9500510e+06   1.8000000e+01
   3.9501980e+06   1.4000000e+01
   3.9504250e+06   1.5000000e+01
   3.9753140e+06   1.4000000e+01
   4.1056140e+06   1.4000000e+01
   4.2136550e+06   1.4000000e+01
   4.2139740e+06   1.5000000e+01
   4.2140630e+06   1.4000000e+01
   4.2141660e+06   1.4000000e+01
   4.2143910e+06   1.4000000e+01
   4.2144540e+06   1.4000000e+01
   4.2149190e+06   1.5000000e+01
   4.2149490e+06   1.5000000e+01
   4.2151340e+06   1.5000000e+01
   4.3021150e+06   1.4000000e+01
   4.3023060e+06   1.6000000e+01
   4.3024250e+06   2.1000000e+01
   4.3025400e+06   1.4000000e+01
   4.3026280e+06   1.6000000e+01
   4.3027460e+06   1.5000000e+01
   4.3028430e+06   2.6000000e+01
   4.3028730e+06   1.7000000e+01
   4.3029700e+06   1.7000000e+01
   4.3029960e+06   1.9000000e+01
   4.3030830e+06   3.0000000e+01
   4.3031090e+06   3.4000000e+01
   4.3032240e+06   1.6000000e+01
   4.3033080e+06   2.2000000e+01
   4.3033500e+06   1.7000000e+01
   4.3034830e+06   1.5000000e+01
   4.3035420e+06   1.4000000e+01
   4.3035900e+06   1.4000000e+01
   4.3036860e+06   1.5000000e+01
   4.3037450e+06   1.6000000e+01
   4.3037850e+06   1.6000000e+01
   4.3039570e+06   1.4000000e+01
   4.3040110e+06   1.5000000e+01
   4.3040440e+06   1.6000000e+01
   4.3041410e+06   1.6000000e+01
   4.3042260e+06   2.0000000e+01
   4.3042550e+06   1.5000000e+01
   4.3044820e+06   1.4000000e+01
   4.3045210e+06   1.4000000e+01
   4.3046160e+06   1.5000000e+01
   4.3049730e+06   1.5000000e+01
   4.3050570e+06   1.4000000e+01
   4.3051440e+06   1.4000000e+01
   4.3054030e+06   1.7000000e+01
   4.3056340e+06   1.6000000e+01
   4.3567480e+06   1.5000000e+01
   4.3574560e+06   1.4000000e+01
   4.4168660e+06   1.4000000e+01
   4.4174770e+06   1.4000000e+01
   4.4176430e+06   1.4000000e+01
   4.4199910e+06   1.4000000e+01
   4.4348870e+06   1.4000000e+01
   4.4349430e+06   1.5000000e+01
   4.4352060e+06   1.4000000e+01
   4.4353480e+06   1.6000000e+01
   4.4355140e+06   1.4000000e+01
   4.4356490e+06   1.6000000e+01
   4.4357840e+06   1.5000000e+01
   4.4360810e+06   1.4000000e+01
   4.4362980e+06   1.4000000e+01
   4.4363870e+06   1.6000000e+01
   4.4365130e+06   1.4000000e+01
   4.4369740e+06   1.4000000e+01
   4.4804710e+06   1.4000000e+01
   4.4810760e+06   1.4000000e+01
   4.4811230e+06   1.6000000e+01
   4.4812020e+06   1.5000000e+01
   4.4814090e+06   1.6000000e+01
   4.4815150e+06   1.9000000e+01
   4.5850900e+06   1.4000000e+01
   4.5855080e+06   1.4000000e+01
   4.5858310e+06   1.4000000e+01
   4.5859720e+06   1.4000000e+01
   4.5860720e+06   1.5000000e+01
   4.6205090e+06   1.6000000e+01
   4.6240110e+06   1.5000000e+01
   4.6240500e+06   1.5000000e+01
   4.6242940e+06   1.6000000e+01
   4.7064320e+06   1.4000000e+01
   4.7065250e+06   1.6000000e+01
   4.7065540e+06   1.4000000e+01
   4.7067620e+06   1.5000000e+01
   4.7068950e+06   1.4000000e+01
   4.7069940e+06   1.6000000e+01
   4.7070710e+06   1.7000000e+01
   4.7071360e+06   2.1000000e+01
   4.7072400e+06   1.7000000e+01
   4.7073580e+06   1.9000000e+01
   4.7074280e+06   1.5000000e+01
   4.7075210e+06   2.1000000e+01
   4.7075540e+06   1.7000000e+01
   4.7076410e+06   2.8000000e+01
   4.7076740e+06   2.9000000e+01
   4.7077570e+06   1.5000000e+01
   4.7077840e+06   2.7000000e+01
   4.7078750e+06   1.7000000e+01
   4.7079570e+06   4.2000000e+01
   4.7080020e+06   2.3000000e+01
   4.7080970e+06   1.9000000e+01
   4.7081920e+06   1.4000000e+01
   4.7082710e+06   1.9000000e+01
   4.7084690e+06   1.4000000e+01
   4.7085420e+06   1.7000000e+01
   4.7085840e+06   1.7000000e+01
   4.7087400e+06   1.5000000e+01
   4.7088280e+06   1.5000000e+01
   4.7089570e+06   1.6000000e+01
   4.7089940e+06   1.5000000e+01
   4.7091180e+06   1.4000000e+01
   4.7092130e+06   1.9000000e+01
   4.7092460e+06   1.4000000e+01
   4.7093600e+06   1.4000000e+01
   4.7094380e+06   2.2000000e+01
   4.7095330e+06   1.4000000e+01
   4.7096280e+06   1.9000000e+01
   4.7096860e+06   1.7000000e+01
   4.7097890e+06   1.6000000e+01
   4.7098830e+06   1.4000000e+01
   4.7100990e+06   1.6000000e+01
   4.7107900e+06   1.4000000e+01
   4.7108150e+06   1.4000000e+01
   4.7112960e+06   1.4000000e+01
   4.7118240e+06   1.4000000e+01
   4.7518170e+06   1.4000000e+01
   4.7520740e+06   1.5000000e+01
   4.7521870e+06   1.4000000e+01
   4.7522210e+06   1.4000000e+01
   4.7525350e+06   1.4000000e+01
   4.7813980e+06   1.4000000e+01
   4.8723510e+06   1.4000000e+01
   4.8725640e+06   1.4000000e+01
   4.8726390e+06   1.7000000e+01
   4.8726790e+06   1.6000000e+01
   4.8728160e+06   1.6000000e+01
   4.8729000e+06   1.4000000e+01
   4.8898070e+06   1.4000000e+01
   4.9353010e+06   1.5000000e+01
   4.9354720e+06   1.4000000e+01
   4.9355690e+06   1.7000000e+01
   4.9355990e+06   1.5000000e+01
   4.9357340e+06   1.4000000e+01
   4.9358290e+06   1.4000000e+01
   4.9360260e+06   1.4000000e+01
   4.9363110e+06   1.4000000e+01
   4.9367750e+06   1.4000000e+01
   4.9919520e+06   1.4000000e+01
   4.9920650e+06   2.0000000e+01
   4.9921000e+06   1.4000000e+01
   4.9951180e+06   1.4000000e+01
   5.0387210e+06   1.4000000e+01
   5.2345730e+06   1.4000000e+01
   5.3013760e+06   1.4000000e+01
   5.3014810e+06   1.4000000e+01
   5.3022380e+06   1.4000000e+01
   5.4620940e+06   1.6000000e+01
   5.4621250e+06   1.4000000e+01
   5.5315070e+06   1.4000000e+01
   5.6688910e+06   1.4000000e+01
   5.6692590e+06   1.4000000e+01
   5.6693750e+06   1.4000000e+01
   5.6697650e+06   1.4000000e+01
   5.7075160e+06   1.4000000e+01
   5.7075900e+06   1.4000000e+01
   5.9477970e+06   1.4000000e+01
   5.9478270e+06   1.6000000e+01
   5.9483300e+06   1.6000000e+01
   5.9486270e+06   1.4000000e+01
   5.9486890e+06   1.4000000e+01
   6.0489070e+06   1.4000000e+01
   6.2238260e+06   1.4000000e+01
   6.2951540e+06   1.4000000e+01
   6.2952550e+06   1.4000000e+01
   6.2953240e+06   1.4000000e+01
   6.5257720e+06   1.4000000e+01
   6.8127090e+06   1.6000000e+01
   6.8127930e+06   1.4000000e+01
   6.8867370e+06   1.5000000e+01
   6.8870080e+06   1.6000000e+01
   6.8870850e+06   1.4000000e+01
   6.9234350e+06   1.5000000e+01
   6.9234630e+06   1.7000000e+01
   6.9235660e+06   1.5000000e+01
   6.9237010e+06   1.4000000e+01
   7.0961560e+06   1.7000000e+01
   7.0962090e+06   1.5000000e+01
   7.0965970e+06   1.5000000e+01
   7.0966260e+06   2.5000000e+01
   7.0966880e+06   1.5000000e+01
   7.0969790e+06   1.4000000e+01
   7.0970800e+06   1.4000000e+01
   7.0971550e+06   1.4000000e+01
   7.0972670e+06   1.6000000e+01
   7.0973420e+06   1.6000000e+01
   7.0974130e+06   1.9000000e+01
   7.0981630e+06   1.4000000e+01
   7.0985490e+06   1.4000000e+01
   7.0996490e+06   1.5000000e+01
   7.0997690e+06   1.4000000e+01
   7.1003160e+06   1.4000000e+01
   7.1390100e+06   1.4000000e+01
   7.3416500e+06   1.4000000e+01
   7.3766570e+06   1.4000000e+01
