   7.5000000e+06   0.0000000e+00
   5.2878000e+04   2.2000000e+01
   5.2912000e+04   2.1000000e+01
   5.3532000e+04   2.4000000e+01
   1.2457300e+05   2.1000000e+01
   1.2540900e+05   2.2000000e+01
   1.2582100e+05   2.2000000e+01
   1.6523400e+05   2.5000000e+01
   1.6532600e+05   2.1000000e+01
   3.1050900e+05   2.3000000e+01
   3.1062700e+05   2.1000000e+01
   3.1070400e+05   2.1000000e+01
   3.1082700e+05   2.1000000e+01
   4.0833900e+05   2.2000000e+01
   4.0845800e+05   2.3000000e+01
   4.0861500e+05   2.1000000e+01
   4.0893800e+05   2.1000000e+01
   4.0900400e+05   2.8000000e+01
   4.0904100e+05   2.5000000e+01
   4.0928800e+05   2.4000000e+01
   4.0934300e+05   2.2000000e+01
   4.0954400e+05   2.1000000e+01
   4.0963200e+05   2.8000000e+01
   4.1001000e+05   2.3000000e+01
   4.1013500e+05   2.2000000e+01
   4.1022800e+05   2.2000000e+01
   4.1031100e+05   2.1000000e+01
   4.1050400e+05   2.2000000e+01
   4.1058300e+05   2.3000000e+01
   4.1073600e+05   2.4000000e+01
   4.1077900e+05   2.4000000e+01
   4.2912800e+05   2.2000000e+01
   4.6024000e+05   2.2000000e+01
   4.6056500e+05   2.2000000e+01
   6.8458900e+05   2.4000000e+01
   6.8465200e+05   2.4000000e+01
   6.8467900e+05   2.1000000e+01
   6.8475300e+05   2.7000000e+01
   6.8478800e+05   2.1000000e+01
   6.8490200e+05   2.2000000e+01
   6.8494700e+05   2.2000000e+01
   6.9942400e+05   2.1000000e+01
   7.0006800e+05   2.2000000e+01
   7.0016600e+05   2.1000000e+01
   7.5343200e+05   2.3000000e+01
   7.5410400e+05   2.1000000e+01
   9.5690800e+05   2.1000000e+01
   9.5748500e+05   2.2000000e+01
   9.5756800e+05   2.1000000e+01
   9.5772600e+05   2.2000000e+01
   9.5780800e+05   3.0000000e+01
   9.5790500e+05   2.6000000e+01
   9.5795900e+05   2.6000000e+01
   9.5807200e+05   2.2000000e+01
   9.5826200e+05   2.2000000e+01
   9.5842300e+05   2.4000000e+01
   9.5853100e+05   2.2000000e+01
   9.5864300e+05   2.2000000e+01
   9.5876500e+05   2.1000000e+01
   9.5894000e+05   2.2000000e+01
   9.5897500e+05   2.2000000e+01
   9.5908400e+05   2.5000000e+01
   9.5933500e+05   2.4000000e+01
   9.6033500e+05   2.2000000e+01
   1.1578220e+06   2.1000000e+01
   1.1580030e+06   2.1000000e+01
   1.1580590e+06   2.3000000e+01
   1.1583470e+06   2.2000000e+01
   1.1585800e+06   2.4000000e+01
   1.1586060e+06   2.3000000e+01
   1.1587160e+06   2.1000000e+01
   1.1587870e+06   2.2000000e+01
   1.1592840e+06   2.2000000e+01
   1.6013190e+06   2.2000000e+01
   1.6014920e+06   2.2000000e+01
   1.6015200e+06   2.1000000e+01
   1.6016920e+06   2.1000000e+01
   1.6017360e+06   3.0000000e+01
   1.6018060e+06   2.3000000e+01
   1.6021000e+06   2.1000000e+01
   1.6021830e+06   2.3000000e+01
   1.6022690e+06   2.1000000e+01
   1.6023300e+06   2.4000000e+01
   1.6024270e+06   2.2000000e+01
   1.6026260e+06   2.3000000e+01
   1.6026540e+06   2.5000000e+01
   1.6430910e+06   2.1000000e+01
   1.6431720e+06   3.2000000e+01
   1.6433250e+06   2.2000000e+01
   1.9717330e+06   2.2000000e+01
   1.9719670e+06   2.3000000e+01
   1.9721040e+06   2.7000000e+01
   1.9721290e+06   2.1000000e+01
   1.9722150e+06   3.0000000e+01
   1.9722400e+06   2.9000000e+01
   1.9723330e+06   2.3000000e+01
   1.9723830e+06   2.1000000e+01
   2.0737320e+06   2.2000000e+01
   2.0738340e+06   2.3000000e+01
   2.0739930e+06   2.2000000e+01
   2.0740820e+06   2.1000000e+01
   2.0743410e+06   2.1000000e+01
   2.0744400e+06   2.3000000e+01
   2.0745410e+06   2.2000000e+01
   2.0747510e+06   2.1000000e+01
   2.0748070e+06   2.2000000e+01
   2.2630810e+06   2.3000000e+01
   2.2634610e+06   2.2000000e+01
   2.2635820e+06   2.3000000e+01
   2.3416660e+06   2.5000000e+01
   2.3417430e+06   2.3000000e+01
   2.3421580e+06   2.1000000e+01
   2.3422380e+06   2.3000000e+01
   2.3422990e+06   2.1000000e+01
   2.3424060e+06   2.5000000e+01
   2.3426080e+06   2.5000000e+01
   2.3427100e+06   2.1000000e+01
   2.5318310e+06   2.4000000e+01
   2.5318800e+06   2.1000000e+01
   2.5319880e+06   2.3000000e+01
   2.5320160e+06   2.4000000e+01
   2.5321490e+06   2.1000000e+01
   2.5323080e+06   2.7000000e+01
   2.5325920e+06   2.4000000e+01
   2.5328480e+06   2.1000000e+01
   2.6020470e+06   2.5000000e+01
   2.6470910e+06   2.1000000e+01
   2.6473200e+06   2.6000000e+01
   2.6473620e+06   2.5000000e+01
   2.6474770e+06   2.2000000e+01
   2.6475540e+06   3.0000000e+01
   2.6475810e+06   3.3000000e+01
   2.6478260e+06   2.1000000e+01
   2.6478740e+06   2.4000000e+01
   2.6480970e+06   2.2000000e+01
   2.6481600e+06   2.1000000e+01
   2.6484590e+06   2.1000000e+01
   2.6485040e+06   2.1000000e+01
   2.7066570e+06   2.1000000e+01
   2.7068870e+06   2.1000000e+01
   2.7070160e+06   2.7000000e+01
   2.7071280e+06   2.5000000e+01
   2.7072530e+06   2.1000000e+01
   2.8026410e+06   2.2000000e+01
   2.9030100e+06   2.4000000e+01
   2.9031190e+06   2.2000000e+01
   2.9031940e+06   3.0000000e+01
   2.9032240e+06   2.4000000e+01
   2.9033370e+06   2.3000000e+01
   2.9630430e+06   2.2000000e+01
   3.0052310e+06   2.3000000e+01
   3.0053430e+06   2.5000000e+01
   3.0861170e+06   2.2000000e+01
   3.0861590e+06   2.1000000e+01
   3.0862890e+06   2.3000000e+01
   3.0863960e+06   2.2000000e+01
   3.0865430e+06   2.7000000e+01
   3.0866620e+06   2.7000000e+01
   3.0868950e+06   2.3000000e+01
   3.0869350e+06   2.1000000e+01
   3.0871860e+06   2.2000000e+01
   3.1410700e+06   2.3000000e+01
   3.1411000e+06   2.1000000e+01
   3.1413890e+06   2.2000000e+01
   3.1414470e+06   2.1000000e+01
   3.1418380e+06   2.1000000e+01
   3.2306800e+06   2.1000000e+01
   3.3794350e+06   2.1000000e+01
   3.5988950e+06   2.1000000e+01
   3.6793650e+06   2.1000000e+01
   3.8747370e+06   2.3000000e+01
   3.8750260e+06   2.3000000e+01
   3.8751350e+06   2.4000000e+01
   3.8752340e+06   2.4000000e+01
   3.8754670e+06   2.1000000e+01
   3.8755460e+06   2.8000000e+01
   3.8755940e+06   2.2000000e+01
   3.8758260e+06   2.2000000e+01
   3.8761270e+06   2.3000000e+01
   3.8773330e+06   2.2000000e+01
   3.9233400e+06   2.1000000e+01
   3.9237670e+06   2.6000000e+01
   3.9237970e+06   2.2000000e+01
   3.9240260e+06   2.7000000e+01
   3.9241470e+06   2.4000000e+01
   3.9242730e+06   2.8000000e+01
   3.9243420e+06   2.1000000e+01
   3.9245100e+06   2.1000000e+01
   3.9247180e+06   2.1000000e+01
   3.9248210e+06   2.2000000e+01
   3.9250240e+06   2.1000000e+01
   3.9253940e+06   2.1000000e+01
   3.9255170e+06   2.1000000e+01
   3.9490480e+06   2.5000000e+01
   3.9492490e+06   2.1000000e+01
   3.9493490e+06   2.2000000e+01
   3.9497280e+06   2.2000000e+01
   3.9498350e+06   2.2000000e+01
   3.9499690e+06   2.7000000e+01
   3.9501340e+06   2.1000000e+01
   3.9501840e+06   2.1000000e+01
   3.9502780e+06   2.1000000e+01
   3.9504250e+06   2.2000000e+01
   4.2140210e+06   2.2000000e+01
   4.2141200e+06   2.2000000e+01
   4.2144530e+06   2.1000000e+01
   4.2149600e+06   2.2000000e+01
   4.3021300e+06   2.1000000e+01
   4.3022780e+06   2.4000000e+01
   4.3024190e+06   2.5000000e+01
   4.3026360e+06   2.1000000e+01
   4.3027510e+06   2.1000000e+01
   4.3028380e+06   3.0000000e+01
   4.3028710e+06   2.3000000e+01
   4.3029700e+06   2.3000000e+01
   4.3029950e+06   2.1000000e+01
   4.3030810e+06   3.9000000e+01
   4.3031060e+06   4.2000000e+01
   4.3032310e+06   2.6000000e+01
   4.3033140e+06   2.4000000e+01
   4.3033510e+06   2.4000000e+01
   4.3034800e+06   2.5000000e+01
   4.3035820e+06   2.1000000e+01
   4.3036870e+06   2.2000000e+01
   4.3039130e+06   2.1000000e+01
   4.3040190e+06   2.2000000e+01
   4.3041730e+06   2.3000000e+01
   4.3042440e+06   2.1000000e+01
   4.3045870e+06   2.2000000e+01
   4.3049730e+06   2.2000000e+01
   4.3050420e+06   2.5000000e+01
   4.3051040e+06   2.2000000e+01
   4.3053890e+06   2.3000000e+01
   4.3056450e+06   2.1000000e+01
   4.4174770e+06   2.1000000e+01
   4.4349350e+06   2.2000000e+01
   4.4352280e+06   2.4000000e+01
   4.4353410e+06   2.5000000e+01
   4.4354180e+06   2.2000000e+01
   4.4355940e+06   2.1000000e+01
   4.4357650e+06   2.3000000e+01
   4.4360680e+06   2.2000000e+01
   4.4363060e+06   2.5000000e+01
   4.4363880e+06   2.6000000e+01
   4.4365260e+06   2.1000000e+01
   4.4369720e+06   2.1000000e+01
   4.4811230e+06   2.3000000e+01
   4.4811890e+06   2.1000000e+01
   4.4815160e+06   2.2000000e+01
   4.5850900e+06   2.1000000e+01
   4.5854710e+06   2.1000000e+01
   4.5855210e+06   2.1000000e+01
   4.5859710e+06   2.1000000e+01
   4.6239710e+06   2.3000000e+01
   4.6452510e+06   2.1000000e+01
   4.7070560e+06   2.2000000e+01
   4.7071350e+06   2.6000000e+01
   4.7074160e+06   2.4000000e+01
   4.7075230e+06   2.9000000e+01
   4.7075710e+06   2.8000000e+01
   4.7076460e+06   2.3000000e+01
   4.7077530e+06   4.8000000e+01
   4.7077780e+06   2.9000000e+01
   4.7078700e+06   2.1000000e+01
   4.7079510e+06   4.6000000e+01
   4.7079770e+06   2.7000000e+01
   4.7080710e+06   2.7000000e+01
   4.7080970e+06   4.2000000e+01
   4.7081880e+06   2.2000000e+01
   4.7082710e+06   2.6000000e+01
   4.7085410e+06   2.4000000e+01
   4.7085840e+06   2.1000000e+01
   4.7088270e+06   2.2000000e+01
   4.7089640e+06   2.2000000e+01
   4.7089930e+06   2.5000000e+01
   4.7091980e+06   2.3000000e+01
   4.7094370e+06   2.6000000e+01
   4.7095510e+06   2.1000000e+01
   4.7096450e+06   2.4000000e+01
   4.7097080e+06   2.3000000e+01
   4.7097890e+06   2.1000000e+01
   4.7100720e+06   2.1000000e+01
   4.7517670e+06   2.1000000e+01
   4.7520270e+06   2.2000000e+01
   4.7521730e+06   2.1000000e+01
   4.7522100e+06   2.1000000e+01
   4.7523050e+06   2.6000000e+01
   4.7523370e+06   2.2000000e+01
   4.7525380e+06   2.2000000e+01
   4.7526170e+06   2.1000000e+01
   4.8726390e+06   2.1000000e+01
   4.8726800e+06   2.4000000e+01
   4.8728100e+06   2.1000000e+01
   4.8728920e+06   2.1000000e+01
   4.8729200e+06   2.2000000e+01
   4.8872030e+06   2.1000000e+01
   4.9352910e+06   2.4000000e+01
   4.9353190e+06   2.3000000e+01
   4.9354780e+06   2.4000000e+01
   4.9355790e+06   2.3000000e+01
   4.9357350e+06   2.3000000e+01
   4.9358300e+06   2.6000000e+01
   4.9359690e+06   2.1000000e+01
   4.9360950e+06   2.2000000e+01
   4.9363110e+06   2.1000000e+01
   4.9367750e+06   2.1000000e+01
   4.9919610e+06   2.1000000e+01
   4.9920560e+06   3.0000000e+01
   4.9920990e+06   2.1000000e+01
   5.0038620e+06   2.2000000e+01
   5.0537950e+06   2.1000000e+01
   5.3013920e+06   2.1000000e+01
   5.4620990e+06   2.3000000e+01
   5.5388980e+06   2.1000000e+01
   5.6692590e+06   2.1000000e+01
   5.6697570e+06   2.3000000e+01
   5.7075900e+06   2.5000000e+01
   5.9477960e+06   2.2000000e+01
   5.9478220e+06   2.3000000e+01
   5.9486270e+06   2.3000000e+01
   6.2951570e+06   2.4000000e+01
   6.2952310e+06   2.2000000e+01
   6.2953230e+06   2.1000000e+01
   6.8127560e+06   2.2000000e+01
   6.8127840e+06   2.2000000e+01
   6.9234490e+06   2.2000000e+01
   6.9235260e+06   2.3000000e+01
   6.9237010e+06   2.2000000e+01
   7.0961690e+06   2.1000000e+01
   7.0962410e+06   2.2000000e+01
   7.0965960e+06   2.4000000e+01
   7.0966210e+06   4.4000000e+01
   7.0966890e+06   2.3000000e+01
   7.0969090e+06   2.3000000e+01
   7.0970740e+06   2.1000000e+01
   7.0972290e+06   2.3000000e+01
   7.0972630e+06   3.1000000e+01
   7.0973420e+06   2.3000000e+01
   7.0974210e+06   2.2000000e+01
   7.0975750e+06   2.4000000e+01
   7.0994620e+06   2.1000000e+01
   7.0996710e+06   2.3000000e+01
   7.1000390e+06   2.1000000e+01
