   7.5000000e+06   0.0000000e+00
   1.8319000e+04   1.4000000e+01
   5.2873000e+04   1.8000000e+01
   5.2933000e+04   1.4000000e+01
   5.3019000e+04   1.6000000e+01
   5.3292000e+04   1.5000000e+01
   5.3385000e+04   1.4000000e+01
   5.3489000e+04   1.7000000e+01
   5.3518000e+04   1.7000000e+01
   5.3738000e+04   1.7000000e+01
   1.2421600e+05   1.4000000e+01
   1.2457300e+05   1.4000000e+01
   1.2487600e+05   1.5000000e+01
   1.2544200e+05   1.7000000e+01
   1.2574200e+05   1.5000000e+01
   1.2588200e+05   1.4000000e+01
   1.6430500e+05   1.4000000e+01
   1.6533000e+05   1.4000000e+01
   3.1050900e+05   1.7000000e+01
   3.1059900e+05   1.4000000e+01
   3.1069900e+05   1.8000000e+01
   3.1078000e+05   1.6000000e+01
   4.0814600e+05   1.6000000e+01
   4.0823600e+05   1.6000000e+01
   4.0835000e+05   1.6000000e+01
   4.0845900e+05   1.7000000e+01
   4.0852100e+05   1.4000000e+01
   4.0861500e+05   1.8000000e+01
   4.0877500e+05   1.4000000e+01
   4.0890900e+05   1.7000000e+01
   4.0894800e+05   2.0000000e+01
   4.0904800e+05   1.7000000e+01
   4.0921500e+05   1.5000000e+01
   4.0929200e+05   2.1000000e+01
   4.0933300e+05   1.6000000e+01
   4.0952700e+05   1.6000000e+01
   4.0963400e+05   1.5000000e+01
   4.0968200e+05   1.4000000e+01
   4.0974000e+05   1.4000000e+01
   4.0991800e+05   1.5000000e+01
   4.1003400e+05   1.4000000e+01
   4.1013400e+05   1.5000000e+01
   4.1021100e+05   2.2000000e+01
   4.1023600e+05   2.1000000e+01
   4.1035600e+05   1.7000000e+01
   4.1049600e+05   1.5000000e+01
   4.1068300e+05   1.8000000e+01
   4.1077600e+05   1.6000000e+01
   4.1098500e+05   1.4000000e+01
   4.1117900e+05   1.6000000e+01
   4.6000200e+05   1.5000000e+01
   4.6023700e+05   1.6000000e+01
   4.6033100e+05   1.4000000e+01
   4.6060200e+05   1.4000000e+01
   4.6064600e+05   1.4000000e+01
   5.4100500e+05   1.4000000e+01
   6.0317500e+05   1.4000000e+01
   6.8461000e+05   1.5000000e+01
   6.8468400e+05   1.8000000e+01
   6.8478800e+05   1.4000000e+01
   6.8488900e+05   1.4000000e+01
   6.8493200e+05   1.5000000e+01
   6.9942500e+05   1.6000000e+01
   6.9951800e+05   1.5000000e+01
   6.9989400e+05   1.4000000e+01
   7.0006700e+05   1.4000000e+01
   7.0013800e+05   2.0000000e+01
   7.0018000e+05   1.9000000e+01
   7.0043900e+05   1.4000000e+01
   7.0050700e+05   1.4000000e+01
   7.0085400e+05   1.4000000e+01
   7.0654900e+05   1.5000000e+01
   7.5342500e+05   1.4000000e+01
   9.5748400e+05   1.5000000e+01
   9.5754800e+05   1.8000000e+01
   9.5763300e+05   1.6000000e+01
   9.5772500e+05   1.7000000e+01
   9.5782400e+05   1.8000000e+01
   9.5796000e+05   1.4000000e+01
   9.5807300e+05   1.4000000e+01
   9.5842800e+05   1.4000000e+01
   9.5853900e+05   1.4000000e+01
   9.5864600e+05   1.5000000e+01
   9.5876200e+05   1.4000000e+01
   9.5888900e+05   1.4000000e+01
   9.5902500e+05   1.4000000e+01
   9.5914500e+05   1.5000000e+01
   9.5933600e+05   1.8000000e+01
   9.8326800e+05   1.4000000e+01
   1.0530660e+06   1.4000000e+01
   1.0585810e+06   1.5000000e+01
   1.0589950e+06   1.4000000e+01
   1.1576360e+06   1.4000000e+01
   1.1577130e+06   1.4000000e+01
   1.1578230e+06   2.0000000e+01
   1.1579480e+06   1.6000000e+01
   1.1580470e+06   1.5000000e+01
   1.1581650e+06   1.4000000e+01
   1.1583350e+06   1.4000000e+01
   1.1584060e+06   1.7000000e+01
   1.1585750e+06   1.9000000e+01
   1.1586000e+06   1.6000000e+01
   1.1586750e+06   1.5000000e+01
   1.1587260e+06   1.9000000e+01
   1.1588020e+06   1.4000000e+01
   1.1588320e+06   1.8000000e+01
   1.1589550e+06   1.5000000e+01
   1.1590380e+06   1.5000000e+01
   1.1592850e+06   1.5000000e+01
   1.1593850e+06   1.5000000e+01
   1.3135220e+06   1.4000000e+01
   1.4468970e+06   1.4000000e+01
   1.5109380e+06   1.4000000e+01
   1.6013210e+06   1.6000000e+01
   1.6014390e+06   1.4000000e+01
   1.6015360e+06   1.4000000e+01
   1.6017350e+06   1.7000000e+01
   1.6018100e+06   1.6000000e+01
   1.6019680e+06   1.4000000e+01
   1.6020930e+06   1.7000000e+01
   1.6023240e+06   1.8000000e+01
   1.6023620e+06   1.5000000e+01
   1.6026190e+06   1.5000000e+01
   1.6026500e+06   1.5000000e+01
   1.6027300e+06   1.5000000e+01
   1.6430740e+06   1.4000000e+01
   1.6431140e+06   2.2000000e+01
   1.6433320e+06   1.4000000e+01
   1.6434150e+06   1.6000000e+01
   1.6437840e+06   1.4000000e+01
   1.6489010e+06   1.5000000e+01
   1.9719640e+06   1.6000000e+01
   1.9720540e+06   1.9000000e+01
   1.9721260e+06   1.4000000e+01
   1.9722170e+06   2.2000000e+01
   1.9722420e+06   2.0000000e+01
   1.9724350e+06   1.7000000e+01
   2.0709350e+06   1.5000000e+01
   2.0730820e+06   1.4000000e+01
   2.0731620e+06   1.7000000e+01
   2.0733010e+06   1.5000000e+01
   2.0733860e+06   1.5000000e+01
   2.0735520e+06   1.4000000e+01
   2.0737470e+06   1.6000000e+01
   2.0737960e+06   1.8000000e+01
   2.0738340e+06   1.6000000e+01
   2.0739790e+06   1.5000000e+01
   2.0740830e+06   1.7000000e+01
   2.0741580e+06   2.1000000e+01
   2.0741910e+06   1.4000000e+01
   2.0743310e+06   1.4000000e+01
   2.0744290e+06   1.6000000e+01
   2.0745410e+06   1.7000000e+01
   2.0746610e+06   1.4000000e+01
   2.0747860e+06   1.5000000e+01
   2.0749860e+06   1.4000000e+01
   2.0750150e+06   1.5000000e+01
   2.2624910e+06   1.4000000e+01
   2.2629370e+06   1.4000000e+01
   2.2630600e+06   1.6000000e+01
   2.2635760e+06   1.5000000e+01
   2.2639220e+06   1.4000000e+01
   2.3416680e+06   1.7000000e+01
   2.3417430e+06   1.5000000e+01
   2.3421580e+06   1.5000000e+01
   2.3422410e+06   1.4000000e+01
   2.3424000e+06   1.4000000e+01
   2.3424250e+06   1.6000000e+01
   2.3426790e+06   1.5000000e+01
   2.3427210e+06   1.4000000e+01
   2.3559410e+06   1.4000000e+01
   2.5318430e+06   1.4000000e+01
   2.5318990e+06   1.4000000e+01
   2.5320090e+06   1.4000000e+01
   2.5323120e+06   1.7000000e+01
   2.5324550e+06   1.6000000e+01
   2.5326030e+06   1.6000000e+01
   2.5327290e+06   1.4000000e+01
   2.6004280e+06   1.4000000e+01
   2.6008650e+06   1.5000000e+01
   2.6009050e+06   1.7000000e+01
   2.6010070e+06   1.6000000e+01
   2.6010660e+06   1.7000000e+01
   2.6016940e+06   1.5000000e+01
   2.6192230e+06   1.4000000e+01
   2.6467130e+06   1.5000000e+01
   2.6469540e+06   1.5000000e+01
   2.6470900e+06   1.4000000e+01
   2.6471650e+06   1.5000000e+01
   2.6472500e+06   1.7000000e+01
   2.6473440e+06   1.4000000e+01
   2.6474340e+06   1.8000000e+01
   2.6474770e+06   1.9000000e+01
   2.6475630e+06   2.9000000e+01
   2.6475970e+06   1.9000000e+01
   2.6477600e+06   1.7000000e+01
   2.6478390e+06   1.4000000e+01
   2.6479280e+06   2.4000000e+01
   2.6480610e+06   1.4000000e+01
   2.6481510e+06   1.5000000e+01
   2.6484580e+06   1.4000000e+01
   2.6486720e+06   1.4000000e+01
   2.7068870e+06   1.4000000e+01
   2.7071300e+06   1.6000000e+01
   2.7072590e+06   1.9000000e+01
   2.8026420e+06   1.5000000e+01
   2.8031040e+06   1.4000000e+01
   2.8485220e+06   1.4000000e+01
   2.9030140e+06   1.5000000e+01
   2.9031200e+06   1.5000000e+01
   2.9031980e+06   1.4000000e+01
   2.9032260e+06   1.6000000e+01
   2.9033300e+06   1.5000000e+01
   2.9034720e+06   1.4000000e+01
   2.9036850e+06   1.4000000e+01
   2.9630390e+06   1.4000000e+01
   3.0052280e+06   1.6000000e+01
   3.0053920e+06   1.6000000e+01
   3.0059290e+06   1.4000000e+01
   3.0858230e+06   1.4000000e+01
   3.0861180e+06   1.4000000e+01
   3.0861580e+06   1.8000000e+01
   3.0862320e+06   1.6000000e+01
   3.0863260e+06   2.3000000e+01
   3.0863860e+06   1.8000000e+01
   3.0865450e+06   1.8000000e+01
   3.0866630e+06   2.2000000e+01
   3.0867730e+06   1.4000000e+01
   3.0868890e+06   1.4000000e+01
   3.0869340e+06   1.4000000e+01
   3.0872010e+06   1.7000000e+01
   3.0872830e+06   1.4000000e+01
   3.0877010e+06   1.6000000e+01
   3.1410800e+06   1.8000000e+01
   3.1413760e+06   1.4000000e+01
   3.2312970e+06   1.4000000e+01
   3.2899700e+06   1.5000000e+01
   3.2901730e+06   1.4000000e+01
   3.2913340e+06   1.4000000e+01
   3.3336460e+06   1.4000000e+01
   3.5347460e+06   1.5000000e+01
   3.5836110e+06   1.5000000e+01
   3.5838520e+06   1.5000000e+01
   3.6029070e+06   1.4000000e+01
   3.6497060e+06   1.4000000e+01
   3.6787630e+06   1.6000000e+01
   3.6794230e+06   1.6000000e+01
   3.6796520e+06   1.4000000e+01
   3.6799920e+06   1.7000000e+01
   3.6901520e+06   1.4000000e+01
   3.6927870e+06   1.4000000e+01
   3.8747410e+06   1.4000000e+01
   3.8750830e+06   1.4000000e+01
   3.8751430e+06   1.6000000e+01
   3.8755420e+06   1.5000000e+01
   3.8755960e+06   1.4000000e+01
   3.8758310e+06   1.4000000e+01
   3.8765110e+06   1.4000000e+01
   3.9231480e+06   1.5000000e+01
   3.9232700e+06   1.4000000e+01
   3.9233350e+06   1.4000000e+01
   3.9235240e+06   1.5000000e+01
   3.9237670e+06   1.4000000e+01
   3.9239840e+06   1.6000000e+01
   3.9241310e+06   1.4000000e+01
   3.9242140e+06   1.9000000e+01
   3.9242850e+06   2.5000000e+01
   3.9243340e+06   1.9000000e+01
   3.9244910e+06   1.4000000e+01
   3.9247180e+06   1.4000000e+01
   3.9247760e+06   1.5000000e+01
   3.9248060e+06   1.8000000e+01
   3.9250220e+06   1.7000000e+01
   3.9250540e+06   1.6000000e+01
   3.9251140e+06   1.4000000e+01
   3.9253410e+06   1.5000000e+01
   3.9253940e+06   1.5000000e+01
   3.9276430e+06   1.4000000e+01
   3.9490400e+06   1.4000000e+01
   3.9492690e+06   1.5000000e+01
   3.9495810e+06   1.4000000e+01
   3.9496080e+06   1.4000000e+01
   3.9497400e+06   1.7000000e+01
   3.9499690e+06   1.7000000e+01
   3.9501950e+06   1.4000000e+01
   3.9504260e+06   1.4000000e+01
   4.0395170e+06   1.4000000e+01
   4.0400320e+06   1.5000000e+01
   4.0779570e+06   1.6000000e+01
   4.2136550e+06   1.6000000e+01
   4.2140170e+06   1.7000000e+01
   4.2140640e+06   1.4000000e+01
   4.2144470e+06   1.6000000e+01
   4.2149200e+06   1.4000000e+01
   4.2149600e+06   1.4000000e+01
   4.2151390e+06   1.7000000e+01
   4.3021230e+06   1.4000000e+01
   4.3022780e+06   1.5000000e+01
   4.3023060e+06   1.7000000e+01
   4.3024310e+06   2.1000000e+01
   4.3024900e+06   1.4000000e+01
   4.3025370e+06   1.4000000e+01
   4.3026370e+06   1.5000000e+01
   4.3026940e+06   1.4000000e+01
   4.3027640e+06   1.5000000e+01
   4.3028490e+06   1.5000000e+01
   4.3029370e+06   1.4000000e+01
   4.3029880e+06   1.4000000e+01
   4.3030850e+06   4.0000000e+01
   4.3031730e+06   3.3000000e+01
   4.3032240e+06   1.5000000e+01
   4.3033420e+06   1.8000000e+01
   4.3034690e+06   1.4000000e+01
   4.3035840e+06   1.4000000e+01
   4.3036730e+06   1.5000000e+01
   4.3037110e+06   1.8000000e+01
   4.3037840e+06   1.6000000e+01
   4.3039140e+06   1.4000000e+01
   4.3040180e+06   1.8000000e+01
   4.3041100e+06   1.6000000e+01
   4.3041400e+06   2.0000000e+01
   4.3042270e+06   1.6000000e+01
   4.3043830e+06   1.5000000e+01
   4.3044720e+06   1.5000000e+01
   4.3045870e+06   1.6000000e+01
   4.3047990e+06   1.4000000e+01
   4.3049650e+06   1.5000000e+01
   4.3049900e+06   2.3000000e+01
   4.3050730e+06   1.4000000e+01
   4.3053410e+06   1.4000000e+01
   4.3053880e+06   1.4000000e+01
   4.3055950e+06   1.4000000e+01
   4.3567300e+06   1.4000000e+01
   4.3919530e+06   1.4000000e+01
   4.4158160e+06   1.5000000e+01
   4.4176330e+06   1.4000000e+01
   4.4349350e+06   1.4000000e+01
   4.4352280e+06   1.4000000e+01
   4.4353540e+06   1.4000000e+01
   4.4354360e+06   1.5000000e+01
   4.4356490e+06   1.4000000e+01
   4.4359500e+06   1.5000000e+01
   4.4363050e+06   1.5000000e+01
   4.4365230e+06   1.5000000e+01
   4.4804260e+06   1.4000000e+01
   4.4804800e+06   1.4000000e+01
   4.4810720e+06   1.4000000e+01
   4.4811230e+06   1.4000000e+01
   4.4811800e+06   1.4000000e+01
   4.4815150e+06   1.6000000e+01
   4.4824940e+06   1.5000000e+01
   4.5850890e+06   1.5000000e+01
   4.5852300e+06   1.4000000e+01
   4.5853410e+06   1.6000000e+01
   4.5855090e+06   1.6000000e+01
   4.5856380e+06   1.4000000e+01
   4.5858360e+06   1.4000000e+01
   4.5858950e+06   1.6000000e+01
   4.5959180e+06   1.4000000e+01
   4.6076670e+06   1.4000000e+01
   4.6096380e+06   1.4000000e+01
   4.6209440e+06   1.4000000e+01
   4.6210650e+06   1.5000000e+01
   4.6242460e+06   1.4000000e+01
   4.7062520e+06   1.4000000e+01
   4.7063780e+06   1.4000000e+01
   4.7064320e+06   1.6000000e+01
   4.7065170e+06   1.6000000e+01
   4.7065540e+06   1.4000000e+01
   4.7067620e+06   1.5000000e+01
   4.7069860e+06   1.5000000e+01
   4.7071360e+06   1.5000000e+01
   4.7072390e+06   2.0000000e+01
   4.7073560e+06   1.5000000e+01
   4.7074370e+06   2.0000000e+01
   4.7075230e+06   2.0000000e+01
   4.7075540e+06   1.8000000e+01
   4.7076430e+06   3.2000000e+01
   4.7076790e+06   3.6000000e+01
   4.7077470e+06   1.7000000e+01
   4.7077840e+06   3.3000000e+01
   4.7078750e+06   3.2000000e+01
   4.7079520e+06   3.2000000e+01
   4.7079830e+06   2.3000000e+01
   4.7080860e+06   1.7000000e+01
   4.7081730e+06   1.8000000e+01
   4.7081990e+06   2.2000000e+01
   4.7082870e+06   1.5000000e+01
   4.7084560e+06   1.4000000e+01
   4.7085280e+06   1.6000000e+01
   4.7085830e+06   1.6000000e+01
   4.7088130e+06   1.4000000e+01
   4.7088470e+06   1.4000000e+01
   4.7089560e+06   1.4000000e+01
   4.7090000e+06   1.6000000e+01
   4.7091200e+06   1.5000000e+01
   4.7092160e+06   1.6000000e+01
   4.7094380e+06   1.5000000e+01
   4.7095330e+06   1.5000000e+01
   4.7096380e+06   2.3000000e+01
   4.7097060e+06   1.4000000e+01
   4.7097890e+06   1.9000000e+01
   4.7099490e+06   1.5000000e+01
   4.7101110e+06   1.7000000e+01
   4.7366400e+06   1.4000000e+01
   4.7517740e+06   1.4000000e+01
   4.7522230e+06   1.4000000e+01
   4.7523270e+06   1.7000000e+01
   4.7525510e+06   1.4000000e+01
   4.8076670e+06   1.4000000e+01
   4.8726440e+06   1.4000000e+01
   4.8728450e+06   1.6000000e+01
   4.8729050e+06   1.4000000e+01
   4.8916040e+06   1.4000000e+01
   4.9207650e+06   1.4000000e+01
   4.9233600e+06   1.6000000e+01
   4.9238610e+06   1.5000000e+01
   4.9352960e+06   1.5000000e+01
   4.9353230e+06   1.5000000e+01
   4.9354850e+06   1.4000000e+01
   4.9356090e+06   1.4000000e+01
   4.9357350e+06   1.4000000e+01
   4.9358040e+06   1.5000000e+01
   4.9359110e+06   1.4000000e+01
   4.9363010e+06   1.4000000e+01
   4.9915510e+06   1.5000000e+01
   4.9920620e+06   2.1000000e+01
   4.9921020e+06   1.4000000e+01
   4.9951100e+06   1.4000000e+01
   5.3009780e+06   1.4000000e+01
   5.4621000e+06   1.5000000e+01
   5.5102790e+06   1.4000000e+01
   5.6692640e+06   1.8000000e+01
   5.6697660e+06   1.4000000e+01
   5.7075900e+06   1.6000000e+01
   5.7171120e+06   1.4000000e+01
   5.9476130e+06   1.6000000e+01
   5.9478220e+06   1.6000000e+01
   5.9482870e+06   1.4000000e+01
   5.9486350e+06   1.4000000e+01
   6.0578090e+06   1.4000000e+01
   6.2945880e+06   1.4000000e+01
   6.2950850e+06   1.4000000e+01
   6.2952320e+06   1.6000000e+01
   6.2953170e+06   1.4000000e+01
   6.4956530e+06   1.4000000e+01
   6.5396490e+06   1.4000000e+01
   6.8127010e+06   1.4000000e+01
   6.8127930e+06   1.4000000e+01
   6.8866310e+06   1.4000000e+01
   6.8867920e+06   1.5000000e+01
   6.8870080e+06   1.5000000e+01
   6.8870850e+06   1.4000000e+01
   6.9234380e+06   1.5000000e+01
   6.9236990e+06   1.4000000e+01
   7.0961030e+06   1.4000000e+01
   7.0965990e+06   1.5000000e+01
   7.0966310e+06   2.3000000e+01
   7.0967000e+06   1.6000000e+01
   7.0969590e+06   1.5000000e+01
   7.0971310e+06   1.9000000e+01
   7.0972270e+06   1.4000000e+01
   7.0972600e+06   1.4000000e+01
   7.0973270e+06   1.5000000e+01
   7.0973530e+06   1.6000000e+01
   7.0974290e+06   1.5000000e+01
   7.0985290e+06   1.4000000e+01
   7.0994610e+06   1.5000000e+01
   7.0997530e+06   1.4000000e+01
   7.3659960e+06   1.4000000e+01
