   7.5000000e+06   0.0000000e+00
   9.2780000e+03   1.6000000e+01
   9.4220000e+03   1.7000000e+01
   1.1626000e+04   1.6000000e+01
   1.3801000e+04   1.6000000e+01
   1.8826000e+04   1.6000000e+01
   7.2795000e+04   1.7000000e+01
   7.3351000e+04   1.9000000e+01
   7.6229000e+04   2.1000000e+01
   1.1130800e+05   1.8000000e+01
   1.2491200e+05   1.6000000e+01
   1.6366400e+05   1.6000000e+01
   1.6374200e+05   1.6000000e+01
   1.6487700e+05   1.6000000e+01
   1.6551300e+05   1.8000000e+01
   1.6635600e+05   1.6000000e+01
   2.0640700e+05   1.8000000e+01
   2.0737100e+05   1.9000000e+01
   2.0782500e+05   2.0000000e+01
   2.3026000e+05   1.6000000e+01
   2.3225300e+05   1.7000000e+01
   2.6662800e+05   2.2000000e+01
   2.6889600e+05   1.6000000e+01
   3.0749400e+05   1.6000000e+01
   3.1358100e+05   1.7000000e+01
   3.1365800e+05   1.6000000e+01
   3.1373900e+05   1.6000000e+01
   3.1424800e+05   1.6000000e+01
   3.1457900e+05   1.7000000e+01
   3.1511200e+05   1.7000000e+01
   3.1580300e+05   1.8000000e+01
   3.1866300e+05   1.6000000e+01
   3.6297300e+05   1.7000000e+01
   3.8229800e+05   1.6000000e+01
   4.1501600e+05   1.6000000e+01
   4.1505600e+05   1.6000000e+01
   4.1655200e+05   1.6000000e+01
   4.6741100e+05   1.7000000e+01
   4.6847000e+05   1.8000000e+01
   4.6852200e+05   1.6000000e+01
   4.6930700e+05   1.6000000e+01
   4.6969500e+05   1.9000000e+01
   5.0396100e+05   1.6000000e+01
   5.0604400e+05   1.8000000e+01
   5.5062100e+05   1.6000000e+01
   5.5078100e+05   1.7000000e+01
   5.5186200e+05   1.7000000e+01
   5.5371600e+05   1.8000000e+01
   5.9527100e+05   1.6000000e+01
   5.9536700e+05   1.6000000e+01
   5.9564900e+05   1.8000000e+01
   5.9636400e+05   1.8000000e+01
   5.9873100e+05   1.6000000e+01
   6.2341900e+05   1.6000000e+01
   6.2483600e+05   1.6000000e+01
   6.2525400e+05   1.6000000e+01
   6.2822200e+05   1.7000000e+01
   6.5504500e+05   1.7000000e+01
   6.5523500e+05   1.6000000e+01
   6.5586000e+05   1.6000000e+01
   6.5849200e+05   1.6000000e+01
   7.1406100e+05   1.6000000e+01
   7.3794300e+05   1.6000000e+01
   7.6583900e+05   1.6000000e+01
   8.0653000e+05   1.6000000e+01
   8.0702500e+05   1.8000000e+01
   8.0711200e+05   1.7000000e+01
   8.0787800e+05   1.6000000e+01
   8.0793000e+05   1.6000000e+01
   8.2899400e+05   1.6000000e+01
   8.4938100e+05   1.9000000e+01
   8.4974100e+05   1.8000000e+01
   8.5054400e+05   1.7000000e+01
   8.5076600e+05   1.6000000e+01
   8.5082300e+05   1.6000000e+01
   8.5239500e+05   1.6000000e+01
   8.5746900e+05   1.6000000e+01
   8.5803500e+05   1.6000000e+01
   8.7745900e+05   1.9000000e+01
   8.8087000e+05   1.7000000e+01
   9.1531900e+05   1.6000000e+01
   9.1693800e+05   1.6000000e+01
   9.1915600e+05   1.6000000e+01
   9.4768500e+05   1.6000000e+01
   9.7153900e+05   1.6000000e+01
   1.0039950e+06   1.7000000e+01
   1.0044070e+06   1.8000000e+01
   1.0080230e+06   1.7000000e+01
   1.0441920e+06   1.7000000e+01
   1.0716270e+06   1.6000000e+01
   1.1244730e+06   1.7000000e+01
   1.1249390e+06   1.6000000e+01
   1.1249860e+06   1.6000000e+01
   1.1277320e+06   1.7000000e+01
   1.1297430e+06   1.6000000e+01
   1.1419000e+06   1.6000000e+01
   1.1536950e+06   1.6000000e+01
   1.1566420e+06   1.6000000e+01
   1.1567060e+06   1.6000000e+01
   1.1569960e+06   1.7000000e+01
   1.1801520e+06   1.7000000e+01
   1.1803920e+06   1.6000000e+01
   1.2039680e+06   1.6000000e+01
   1.2061950e+06   1.7000000e+01
   1.2301440e+06   1.6000000e+01
   1.2640730e+06   1.6000000e+01
   1.2649430e+06   1.6000000e+01
   1.2653930e+06   1.6000000e+01
   1.2656420e+06   1.6000000e+01
   1.2691270e+06   1.6000000e+01
   1.2875140e+06   1.7000000e+01
   1.3215090e+06   1.6000000e+01
   1.3245290e+06   1.8000000e+01
   1.3550100e+06   1.6000000e+01
   1.3559980e+06   1.7000000e+01
   1.4197150e+06   1.7000000e+01
   1.4203730e+06   1.6000000e+01
   1.4204060e+06   1.6000000e+01
   1.4206790e+06   1.8000000e+01
   1.4223630e+06   1.6000000e+01
   1.4839440e+06   1.6000000e+01
   1.4959060e+06   1.6000000e+01
   1.4980780e+06   1.6000000e+01
   1.4982030e+06   1.6000000e+01
   1.4993110e+06   1.8000000e+01
   1.5321410e+06   1.6000000e+01
   1.5329370e+06   1.6000000e+01
   1.5716640e+06   1.8000000e+01
   1.5719740e+06   1.6000000e+01
   1.5725280e+06   1.6000000e+01
   1.5729680e+06   1.7000000e+01
   1.5738520e+06   1.7000000e+01
   1.5742180e+06   1.6000000e+01
   1.5745010e+06   2.0000000e+01
   1.5759430e+06   1.6000000e+01
   1.6229750e+06   1.7000000e+01
   1.6233760e+06   1.7000000e+01
   1.6240840e+06   1.8000000e+01
   1.6248980e+06   1.6000000e+01
   1.6258980e+06   1.6000000e+01
   1.6277620e+06   1.6000000e+01
   1.6804080e+06   1.6000000e+01
   1.6807400e+06   1.8000000e+01
   1.6810170e+06   1.7000000e+01
   1.6818040e+06   1.7000000e+01
   1.7011920e+06   1.6000000e+01
   1.7139370e+06   1.6000000e+01
   1.7153380e+06   1.6000000e+01
   1.7273820e+06   1.7000000e+01
   1.7612690e+06   1.8000000e+01
   1.7619820e+06   1.9000000e+01
   1.7622690e+06   1.8000000e+01
   1.7632940e+06   1.7000000e+01
   1.7640990e+06   1.7000000e+01
   1.7970320e+06   1.7000000e+01
   1.7985990e+06   1.6000000e+01
   1.8266540e+06   1.7000000e+01
   1.8774360e+06   1.7000000e+01
   1.9009640e+06   1.6000000e+01
   1.9060470e+06   1.7000000e+01
   1.9078620e+06   1.6000000e+01
   1.9103410e+06   1.6000000e+01
   1.9106920e+06   1.6000000e+01
   1.9403920e+06   1.6000000e+01
   1.9726090e+06   1.6000000e+01
   2.0047880e+06   1.6000000e+01
   2.0055460e+06   1.6000000e+01
   2.0074480e+06   1.6000000e+01
   2.0086890e+06   1.6000000e+01
   2.0109480e+06   1.6000000e+01
   2.0385800e+06   1.6000000e+01
   2.0391580e+06   1.6000000e+01
   2.0396050e+06   1.6000000e+01
   2.0900320e+06   1.6000000e+01
   2.0902350e+06   1.7000000e+01
   2.0913120e+06   1.6000000e+01
   2.0922890e+06   1.7000000e+01
   2.0930930e+06   1.6000000e+01
   2.0931980e+06   1.6000000e+01
   2.1307970e+06   1.6000000e+01
   2.1315830e+06   1.6000000e+01
   2.1337300e+06   1.7000000e+01
   2.1755080e+06   1.6000000e+01
   2.1781210e+06   1.6000000e+01
   2.2019930e+06   1.7000000e+01
   2.2033410e+06   1.6000000e+01
   2.2306340e+06   1.8000000e+01
   2.2311730e+06   1.7000000e+01
   2.2313300e+06   1.6000000e+01
   2.2330180e+06   1.6000000e+01
   2.2330720e+06   1.6000000e+01
   2.2617280e+06   2.3000000e+01
   2.3012840e+06   1.6000000e+01
   2.3021070e+06   1.6000000e+01
   2.3171720e+06   1.6000000e+01
   2.3225460e+06   1.6000000e+01
   2.3288560e+06   1.6000000e+01
   2.3525550e+06   1.6000000e+01
   2.3533850e+06   1.6000000e+01
   2.3550340e+06   1.6000000e+01
   2.3931990e+06   1.8000000e+01
   2.3935600e+06   1.6000000e+01
   2.3937260e+06   1.6000000e+01
   2.3944380e+06   1.7000000e+01
   2.4180540e+06   1.6000000e+01
   2.4279290e+06   1.7000000e+01
   2.4601850e+06   1.6000000e+01
   2.4629980e+06   1.6000000e+01
   2.4630790e+06   1.8000000e+01
   2.4632660e+06   1.7000000e+01
   2.5569210e+06   1.9000000e+01
   2.5579420e+06   1.6000000e+01
   2.5590060e+06   1.6000000e+01
   2.5596380e+06   1.6000000e+01
   2.5606970e+06   1.6000000e+01
   2.6079570e+06   1.6000000e+01
   2.6125550e+06   1.6000000e+01
   2.6131590e+06   1.6000000e+01
   2.6147710e+06   1.8000000e+01
   2.6168710e+06   1.7000000e+01
   2.6558910e+06   1.6000000e+01
   2.6955230e+06   1.6000000e+01
   2.6990020e+06   1.6000000e+01
   2.7495420e+06   1.7000000e+01
   2.7502680e+06   1.7000000e+01
   2.7848600e+06   1.7000000e+01
   2.7865360e+06   1.6000000e+01
   2.8364170e+06   1.6000000e+01
   2.8526580e+06   1.7000000e+01
   2.8550090e+06   1.6000000e+01
   2.8957510e+06   1.6000000e+01
   2.9402420e+06   1.7000000e+01
   2.9406330e+06   1.6000000e+01
   2.9429080e+06   1.6000000e+01
   2.9800880e+06   1.6000000e+01
   2.9801130e+06   1.6000000e+01
   3.0155180e+06   1.6000000e+01
   3.0397940e+06   1.7000000e+01
   3.0490360e+06   1.6000000e+01
   3.0699710e+06   1.7000000e+01
   3.0737760e+06   1.6000000e+01
   3.1078120e+06   1.6000000e+01
   3.1408940e+06   1.8000000e+01
   3.1645560e+06   1.6000000e+01
   3.1968490e+06   1.6000000e+01
   3.1974550e+06   1.9000000e+01
   3.1991790e+06   1.8000000e+01
   3.1995040e+06   1.6000000e+01
   3.2356070e+06   1.7000000e+01
   3.2370430e+06   1.6000000e+01
   3.2449370e+06   1.6000000e+01
   3.2689950e+06   1.7000000e+01
   3.3094900e+06   1.6000000e+01
   3.3097290e+06   1.6000000e+01
   3.3105280e+06   1.6000000e+01
   3.3116550e+06   1.6000000e+01
   3.3120640e+06   1.6000000e+01
   3.3127690e+06   1.6000000e+01
   3.3144770e+06   1.6000000e+01
   3.3490370e+06   1.8000000e+01
   3.3523020e+06   1.7000000e+01
   3.3976360e+06   1.8000000e+01
   3.3986520e+06   2.0000000e+01
   3.3989280e+06   1.7000000e+01
   3.4000810e+06   1.6000000e+01
   3.4535310e+06   1.8000000e+01
   3.4535690e+06   1.6000000e+01
   3.4537690e+06   1.8000000e+01
   3.4540650e+06   1.7000000e+01
   3.4553880e+06   1.6000000e+01
   3.4561320e+06   1.6000000e+01
   3.4859810e+06   1.6000000e+01
   3.5176590e+06   1.6000000e+01
   3.5183530e+06   1.6000000e+01
   3.5195850e+06   1.6000000e+01
   3.5317300e+06   1.6000000e+01
   3.5579620e+06   1.6000000e+01
   3.5999130e+06   1.6000000e+01
   3.6006010e+06   1.6000000e+01
   3.6007460e+06   1.6000000e+01
   3.6010370e+06   1.6000000e+01
   3.6143170e+06   1.7000000e+01
   3.6368700e+06   1.8000000e+01
   3.6376910e+06   1.8000000e+01
   3.6533860e+06   1.6000000e+01
   3.6570560e+06   1.6000000e+01
   3.6652440e+06   1.6000000e+01
   3.6663780e+06   1.6000000e+01
   3.6665840e+06   1.6000000e+01
   3.6854280e+06   1.6000000e+01
   3.7057160e+06   1.6000000e+01
   3.7327570e+06   1.6000000e+01
   3.7616590e+06   1.7000000e+01
   3.7619810e+06   1.6000000e+01
   3.7632180e+06   1.6000000e+01
   3.7633300e+06   1.6000000e+01
   3.7636880e+06   1.6000000e+01
   3.7644280e+06   1.9000000e+01
   3.7648000e+06   1.6000000e+01
   3.7653120e+06   1.6000000e+01
   3.7655740e+06   1.7000000e+01
   3.7671870e+06   1.6000000e+01
   3.8006590e+06   1.8000000e+01
   3.8269290e+06   1.6000000e+01
   3.8582750e+06   1.6000000e+01
   3.8602670e+06   1.6000000e+01
   3.8603400e+06   1.7000000e+01
   3.8607360e+06   1.6000000e+01
   3.8658000e+06   1.6000000e+01
   3.8962950e+06   1.9000000e+01
   3.9406090e+06   1.6000000e+01
   3.9413530e+06   1.6000000e+01
   3.9417310e+06   1.6000000e+01
   3.9419350e+06   1.6000000e+01
   3.9424650e+06   1.8000000e+01
   3.9426060e+06   1.6000000e+01
   3.9454030e+06   1.8000000e+01
   3.9919100e+06   1.6000000e+01
   3.9932350e+06   1.7000000e+01
   3.9939250e+06   1.6000000e+01
   3.9973910e+06   1.6000000e+01
   4.0337180e+06   1.6000000e+01
   4.0351190e+06   1.6000000e+01
   4.0639720e+06   1.7000000e+01
   4.1074780e+06   1.6000000e+01
   4.1350890e+06   1.7000000e+01
   4.1360600e+06   1.7000000e+01
   4.1366060e+06   1.6000000e+01
   4.1386620e+06   1.6000000e+01
   4.1975170e+06   1.6000000e+01
   4.1980860e+06   1.7000000e+01
   4.1982520e+06   1.6000000e+01
   4.1986410e+06   1.6000000e+01
   4.1999890e+06   1.8000000e+01
   4.2004800e+06   1.7000000e+01
   4.2008620e+06   1.6000000e+01
   4.2336680e+06   1.6000000e+01
   4.2365840e+06   1.6000000e+01
   4.3123940e+06   2.0000000e+01
   4.3131380e+06   2.4000000e+01
   4.3132640e+06   1.6000000e+01
   4.3141930e+06   1.8000000e+01
   4.3147770e+06   1.7000000e+01
   4.3160040e+06   1.6000000e+01
   4.3176510e+06   1.7000000e+01
   4.3604680e+06   1.6000000e+01
   4.3607920e+06   1.7000000e+01
   4.3608860e+06   1.7000000e+01
   4.4008890e+06   1.6000000e+01
   4.4014940e+06   1.7000000e+01
   4.4019080e+06   1.6000000e+01
   4.4019900e+06   1.6000000e+01
   4.4557580e+06   1.7000000e+01
   4.4560590e+06   1.6000000e+01
   4.4586820e+06   1.7000000e+01
   4.4587360e+06   1.7000000e+01
   4.4627890e+06   1.6000000e+01
   4.4908800e+06   1.6000000e+01
   4.5398730e+06   1.6000000e+01
   4.5401730e+06   1.8000000e+01
   4.5402980e+06   1.8000000e+01
   4.5406020e+06   1.6000000e+01
   4.5436320e+06   1.6000000e+01
   4.5671020e+06   1.6000000e+01
   4.6160790e+06   1.7000000e+01
   4.6169010e+06   1.6000000e+01
   4.6218730e+06   1.6000000e+01
   4.6509540e+06   1.7000000e+01
   4.6516570e+06   1.8000000e+01
   4.6523910e+06   1.6000000e+01
   4.6532510e+06   1.6000000e+01
   4.6544470e+06   1.6000000e+01
   4.7061700e+06   1.7000000e+01
   4.7064890e+06   1.8000000e+01
   4.7065410e+06   1.7000000e+01
   4.7070350e+06   1.7000000e+01
   4.7071190e+06   1.6000000e+01
   4.7080050e+06   1.6000000e+01
   4.7381430e+06   1.7000000e+01
   4.7646050e+06   1.8000000e+01
   4.7972500e+06   1.6000000e+01
   4.8244780e+06   1.6000000e+01
   4.8252920e+06   1.6000000e+01
   4.8615760e+06   1.6000000e+01
   4.8619810e+06   1.6000000e+01
   4.8625110e+06   1.6000000e+01
   4.8630990e+06   1.6000000e+01
   4.8635770e+06   1.6000000e+01
   4.9284840e+06   1.6000000e+01
   4.9290790e+06   1.7000000e+01
   4.9295640e+06   1.7000000e+01
   4.9303670e+06   1.7000000e+01
   4.9308460e+06   1.6000000e+01
   4.9651890e+06   1.6000000e+01
   4.9658430e+06   1.6000000e+01
   4.9992700e+06   1.6000000e+01
   5.0209680e+06   1.6000000e+01
   5.0671720e+06   1.6000000e+01
   5.0677560e+06   1.6000000e+01
   5.0680350e+06   1.6000000e+01
   5.0683300e+06   1.6000000e+01
   5.0686250e+06   1.6000000e+01
   5.0697750e+06   1.6000000e+01
   5.0711550e+06   1.7000000e+01
   5.0948080e+06   1.6000000e+01
   5.1159410e+06   1.6000000e+01
   5.1164560e+06   1.6000000e+01
   5.1177040e+06   1.6000000e+01
   5.1556720e+06   1.7000000e+01
   5.1565330e+06   1.6000000e+01
   5.1612140e+06   1.7000000e+01
   5.2039950e+06   1.8000000e+01
   5.2041810e+06   1.6000000e+01
   5.2067770e+06   1.6000000e+01
   5.2674340e+06   1.9000000e+01
   5.2693580e+06   1.7000000e+01
   5.2705640e+06   1.6000000e+01
   5.3045440e+06   1.6000000e+01
   5.3523530e+06   1.6000000e+01
   5.3526640e+06   1.6000000e+01
   5.3534450e+06   1.6000000e+01
   5.3535490e+06   1.9000000e+01
   5.3548460e+06   2.0000000e+01
   5.3565520e+06   1.6000000e+01
   5.3565800e+06   1.6000000e+01
   5.4240880e+06   1.6000000e+01
   5.4432530e+06   1.9000000e+01
   5.4433470e+06   1.6000000e+01
   5.4436400e+06   1.9000000e+01
   5.4447510e+06   1.8000000e+01
   5.4664480e+06   1.6000000e+01
   5.4908220e+06   1.7000000e+01
   5.4922640e+06   1.7000000e+01
   5.5292130e+06   1.8000000e+01
   5.5307730e+06   1.6000000e+01
   5.5633000e+06   1.6000000e+01
   5.5738030e+06   1.7000000e+01
   5.5745680e+06   1.6000000e+01
   5.6155560e+06   1.7000000e+01
   5.6159580e+06   1.6000000e+01
   5.6179630e+06   1.6000000e+01
   5.6181400e+06   1.7000000e+01
   5.6197560e+06   1.6000000e+01
   5.6216630e+06   1.7000000e+01
   5.6271130e+06   1.6000000e+01
   5.6519430e+06   1.6000000e+01
   5.6783480e+06   1.6000000e+01
   5.6803990e+06   1.6000000e+01
   5.7016620e+06   1.6000000e+01
   5.7017970e+06   1.6000000e+01
   5.7356770e+06   1.6000000e+01
   5.7395220e+06   1.7000000e+01
   5.7404150e+06   1.6000000e+01
   5.7417390e+06   1.6000000e+01
   5.7521900e+06   1.6000000e+01
   5.7992580e+06   1.6000000e+01
   5.8208110e+06   1.7000000e+01
   5.8217930e+06   1.6000000e+01
   5.8230790e+06   1.7000000e+01
   5.8532270e+06   1.6000000e+01
   5.8773790e+06   1.6000000e+01
   5.8778430e+06   1.7000000e+01
   5.8794250e+06   1.6000000e+01
   5.8808470e+06   1.6000000e+01
   5.9136840e+06   1.6000000e+01
   5.9447860e+06   1.8000000e+01
   5.9452750e+06   1.7000000e+01
   5.9467090e+06   1.6000000e+01
   5.9476380e+06   1.7000000e+01
   5.9487290e+06   1.6000000e+01
   5.9527530e+06   1.8000000e+01
   5.9993510e+06   1.6000000e+01
   6.0362860e+06   1.8000000e+01
   6.0370490e+06   1.6000000e+01
   6.0373400e+06   1.6000000e+01
   6.0376170e+06   1.8000000e+01
   6.0376910e+06   1.7000000e+01
   6.0389280e+06   1.8000000e+01
   6.0569130e+06   1.6000000e+01
   6.0786110e+06   1.7000000e+01
   6.1227780e+06   1.7000000e+01
   6.1229330e+06   1.6000000e+01
   6.1234170e+06   1.8000000e+01
   6.1244390e+06   1.7000000e+01
   6.1252740e+06   1.6000000e+01
   6.2204460e+06   1.6000000e+01
   6.2225670e+06   1.6000000e+01
   6.2227090e+06   1.7000000e+01
   6.2524320e+06   2.1000000e+01
   6.2904730e+06   1.8000000e+01
   6.2909880e+06   1.6000000e+01
   6.2915420e+06   2.1000000e+01
   6.2916090e+06   1.9000000e+01
   6.2918290e+06   1.9000000e+01
   6.2928230e+06   1.6000000e+01
   6.3265910e+06   1.6000000e+01
   6.3299160e+06   1.7000000e+01
   6.3598280e+06   1.6000000e+01
   6.3872940e+06   1.6000000e+01
   6.3975640e+06   1.7000000e+01
   6.3985700e+06   1.6000000e+01
   6.3986990e+06   1.6000000e+01
   6.3987290e+06   2.0000000e+01
   6.3991630e+06   1.6000000e+01
   6.4004530e+06   1.7000000e+01
   6.4016660e+06   1.9000000e+01
   6.4094870e+06   1.6000000e+01
   6.4309960e+06   1.6000000e+01
   6.4347900e+06   1.6000000e+01
   6.4365320e+06   1.6000000e+01
   6.4370140e+06   1.8000000e+01
   6.4683140e+06   1.6000000e+01
   6.4695500e+06   1.6000000e+01
   6.4696640e+06   1.6000000e+01
   6.4713810e+06   1.6000000e+01
   6.4982110e+06   1.6000000e+01
   6.5000340e+06   1.6000000e+01
   6.5427110e+06   1.7000000e+01
   6.5427620e+06   1.8000000e+01
   6.5429290e+06   1.6000000e+01
   6.5431850e+06   1.7000000e+01
   6.5432530e+06   1.6000000e+01
   6.5435490e+06   1.6000000e+01
   6.5451900e+06   1.6000000e+01
   6.5670770e+06   1.7000000e+01
   6.5824280e+06   1.6000000e+01
   6.5857900e+06   1.6000000e+01
   6.6082220e+06   1.7000000e+01
   6.6188840e+06   1.7000000e+01
   6.6666220e+06   1.6000000e+01
   6.6674700e+06   1.6000000e+01
   6.6676430e+06   1.6000000e+01
   6.6713990e+06   1.7000000e+01
   6.7076930e+06   1.6000000e+01
   6.7096470e+06   1.6000000e+01
   6.7097970e+06   1.6000000e+01
   6.7121000e+06   1.6000000e+01
   6.7614110e+06   1.7000000e+01
   6.8387180e+06   1.7000000e+01
   6.8403380e+06   1.6000000e+01
   6.8407150e+06   1.8000000e+01
   6.8424340e+06   2.3000000e+01
   6.8424840e+06   1.6000000e+01
   6.8708360e+06   1.6000000e+01
   6.9150800e+06   1.6000000e+01
   6.9153330e+06   1.7000000e+01
   6.9183800e+06   1.7000000e+01
   6.9186970e+06   1.8000000e+01
   6.9794080e+06   1.8000000e+01
   6.9800230e+06   1.6000000e+01
   6.9806560e+06   1.8000000e+01
   6.9826160e+06   1.7000000e+01
   6.9833850e+06   1.7000000e+01
   7.0132210e+06   1.9000000e+01
   7.0153940e+06   1.7000000e+01
   7.0154830e+06   1.6000000e+01
   7.0464610e+06   1.6000000e+01
   7.0480700e+06   1.6000000e+01
   7.0817020e+06   1.6000000e+01
   7.0836950e+06   1.6000000e+01
   7.0837650e+06   1.6000000e+01
   7.1159250e+06   1.6000000e+01
   7.1568020e+06   1.6000000e+01
   7.2139140e+06   1.7000000e+01
   7.2140570e+06   1.9000000e+01
   7.2144960e+06   1.6000000e+01
   7.2147840e+06   1.6000000e+01
   7.2181540e+06   1.6000000e+01
   7.2198630e+06   1.7000000e+01
   7.3091440e+06   1.6000000e+01
   7.3097050e+06   1.6000000e+01
   7.3510440e+06   1.6000000e+01
   7.3899170e+06   1.6000000e+01
   7.3915290e+06   1.7000000e+01
   7.3996460e+06   1.6000000e+01
   7.4101460e+06   1.7000000e+01
   7.4506240e+06   1.6000000e+01
   7.4698250e+06   1.6000000e+01
   7.4759170e+06   1.7000000e+01
   7.4762110e+06   1.6000000e+01
   7.4768070e+06   1.8000000e+01
