   7.5000000e+06   0.0000000e+00
   1.3801000e+04   1.7000000e+01
   1.4236000e+04   1.8000000e+01
   1.6801000e+04   1.8000000e+01
   1.6832000e+04   1.8000000e+01
   7.3354000e+04   1.9000000e+01
   7.3402000e+04   1.9000000e+01
   7.6209000e+04   1.7000000e+01
   1.1131200e+05   1.7000000e+01
   1.1464100e+05   1.8000000e+01
   1.6551800e+05   1.7000000e+01
   2.0761100e+05   1.7000000e+01
   2.0782900e+05   2.1000000e+01
   2.1008900e+05   1.7000000e+01
   2.6643700e+05   1.7000000e+01
   2.6741700e+05   1.9000000e+01
   2.6843900e+05   1.7000000e+01
   2.8490700e+05   1.9000000e+01
   3.1390900e+05   1.7000000e+01
   3.1426500e+05   1.7000000e+01
   3.1511200e+05   2.1000000e+01
   3.6252100e+05   1.7000000e+01
   3.6297200e+05   1.7000000e+01
   4.1289900e+05   1.7000000e+01
   4.1501600e+05   1.7000000e+01
   4.6930700e+05   1.7000000e+01
   4.6985300e+05   1.7000000e+01
   5.0557600e+05   2.1000000e+01
   5.5355800e+05   1.7000000e+01
   5.5372900e+05   1.8000000e+01
   5.9560000e+05   1.8000000e+01
   5.9689600e+05   1.7000000e+01
   5.9699500e+05   1.7000000e+01
   5.9782300e+05   1.7000000e+01
   5.9873100e+05   1.7000000e+01
   6.2437800e+05   1.7000000e+01
   6.5502500e+05   1.7000000e+01
   8.5054500e+05   1.9000000e+01
   9.4620900e+05   1.7000000e+01
   1.0040110e+06   2.0000000e+01
   1.0051040e+06   2.0000000e+01
   1.0394260e+06   1.8000000e+01
   1.0429030e+06   1.9000000e+01
   1.0646950e+06   1.7000000e+01
   1.1245800e+06   1.7000000e+01
   1.1278670e+06   1.7000000e+01
   1.1297430e+06   2.0000000e+01
   1.1304190e+06   1.7000000e+01
   1.1536940e+06   1.8000000e+01
   1.1566820e+06   1.8000000e+01
   1.1801530e+06   1.7000000e+01
   1.2039680e+06   1.8000000e+01
   1.2270370e+06   1.7000000e+01
   1.2630350e+06   1.9000000e+01
   1.2646510e+06   1.7000000e+01
   1.2652560e+06   1.8000000e+01
   1.2691270e+06   1.9000000e+01
   1.3247120e+06   1.7000000e+01
   1.3254220e+06   1.7000000e+01
   1.4199420e+06   1.7000000e+01
   1.4204090e+06   1.7000000e+01
   1.4212770e+06   1.7000000e+01
   1.4233390e+06   1.7000000e+01
   1.4247710e+06   1.7000000e+01
   1.4252560e+06   1.7000000e+01
   1.4531190e+06   1.7000000e+01
   1.4532990e+06   1.7000000e+01
   1.4537360e+06   1.8000000e+01
   1.4963130e+06   1.7000000e+01
   1.5332380e+06   1.8000000e+01
   1.5332640e+06   1.7000000e+01
   1.5576010e+06   1.7000000e+01
   1.5729850e+06   2.0000000e+01
   1.5742350e+06   2.0000000e+01
   1.6234020e+06   1.7000000e+01
   1.6235970e+06   1.8000000e+01
   1.6794880e+06   1.7000000e+01
   1.6809940e+06   1.8000000e+01
   1.7139360e+06   2.0000000e+01
   1.7140940e+06   1.7000000e+01
   1.7153380e+06   1.9000000e+01
   1.7619790e+06   1.7000000e+01
   1.7625550e+06   1.7000000e+01
   1.7632940e+06   1.8000000e+01
   1.7635040e+06   1.9000000e+01
   1.7640770e+06   1.8000000e+01
   1.7961410e+06   1.7000000e+01
   1.7970330e+06   2.0000000e+01
   1.8259680e+06   1.7000000e+01
   1.8799680e+06   1.9000000e+01
   1.9737120e+06   1.8000000e+01
   2.0135590e+06   1.7000000e+01
   2.0396040e+06   1.7000000e+01
   2.0416850e+06   1.8000000e+01
   2.0431140e+06   1.8000000e+01
   2.0443870e+06   1.7000000e+01
   2.0902360e+06   2.2000000e+01
   2.0922900e+06   1.8000000e+01
   2.2306340e+06   1.8000000e+01
   2.2308810e+06   1.7000000e+01
   2.2317270e+06   1.7000000e+01
   2.2330180e+06   1.9000000e+01
   2.2617280e+06   1.9000000e+01
   2.2757350e+06   1.8000000e+01
   2.3017170e+06   1.7000000e+01
   2.3046340e+06   2.0000000e+01
   2.3533850e+06   1.9000000e+01
   2.3543110e+06   1.7000000e+01
   2.3550810e+06   1.8000000e+01
   2.3554410e+06   1.8000000e+01
   2.3944380e+06   1.7000000e+01
   2.3961220e+06   1.7000000e+01
   2.4279280e+06   1.7000000e+01
   2.4299570e+06   2.2000000e+01
   2.4624900e+06   1.9000000e+01
   2.4671150e+06   1.7000000e+01
   2.5504550e+06   1.7000000e+01
   2.5569210e+06   1.8000000e+01
   2.5587800e+06   1.8000000e+01
   2.5606740e+06   1.7000000e+01
   2.5608900e+06   1.7000000e+01
   2.5621020e+06   1.7000000e+01
   2.5812370e+06   1.9000000e+01
   2.6133180e+06   1.8000000e+01
   2.6564930e+06   1.7000000e+01
   2.6953390e+06   1.7000000e+01
   2.6960680e+06   1.7000000e+01
   2.6962660e+06   1.7000000e+01
   2.6974760e+06   1.8000000e+01
   2.6990080e+06   1.8000000e+01
   2.7521840e+06   1.7000000e+01
   2.7840130e+06   1.7000000e+01
   2.8190970e+06   1.7000000e+01
   2.8201330e+06   1.7000000e+01
   2.8524240e+06   1.7000000e+01
   2.8558210e+06   1.8000000e+01
   2.8560540e+06   1.7000000e+01
   2.8948330e+06   1.8000000e+01
   2.8953270e+06   1.7000000e+01
   2.9402400e+06   1.7000000e+01
   2.9421340e+06   1.8000000e+01
   2.9429080e+06   1.7000000e+01
   2.9794830e+06   1.7000000e+01
   3.0149990e+06   1.7000000e+01
   3.0155180e+06   2.0000000e+01
   3.0171570e+06   1.7000000e+01
   3.0186980e+06   1.7000000e+01
   3.0667510e+06   1.7000000e+01
   3.1653400e+06   1.7000000e+01
   3.1664890e+06   1.8000000e+01
   3.1974540e+06   1.9000000e+01
   3.1988960e+06   1.7000000e+01
   3.3105000e+06   1.7000000e+01
   3.3114140e+06   1.8000000e+01
   3.3490360e+06   1.8000000e+01
   3.3986530e+06   2.2000000e+01
   3.4522960e+06   1.7000000e+01
   3.4535690e+06   2.5000000e+01
   3.4545610e+06   1.8000000e+01
   3.4860120e+06   1.9000000e+01
   3.5169740e+06   1.8000000e+01
   3.5231240e+06   1.7000000e+01
   3.5579620e+06   1.7000000e+01
   3.5986640e+06   1.9000000e+01
   3.5991660e+06   1.7000000e+01
   3.6007480e+06   1.7000000e+01
   3.6008380e+06   1.8000000e+01
   3.6368710e+06   1.7000000e+01
   3.6377080e+06   2.0000000e+01
   3.6678550e+06   1.7000000e+01
   3.7064260e+06   1.7000000e+01
   3.7072590e+06   1.7000000e+01
   3.7073450e+06   1.7000000e+01
   3.7095860e+06   1.7000000e+01
   3.7616590e+06   1.7000000e+01
   3.7625900e+06   1.8000000e+01
   3.7637160e+06   1.7000000e+01
   3.7641930e+06   1.7000000e+01
   3.7644260e+06   1.8000000e+01
   3.7668650e+06   1.7000000e+01
   3.8006520e+06   1.8000000e+01
   3.8603360e+06   1.7000000e+01
   3.8962940e+06   1.8000000e+01
   3.8983940e+06   1.7000000e+01
   3.9220960e+06   1.9000000e+01
   3.9396650e+06   1.8000000e+01
   3.9399910e+06   1.7000000e+01
   3.9941720e+06   1.7000000e+01
   3.9945000e+06   1.7000000e+01
   3.9969630e+06   1.7000000e+01
   4.0327500e+06   1.7000000e+01
   4.0375460e+06   1.7000000e+01
   4.0623610e+06   1.7000000e+01
   4.0657570e+06   1.7000000e+01
   4.0657880e+06   1.7000000e+01
   4.0986100e+06   1.8000000e+01
   4.1005630e+06   1.9000000e+01
   4.1011370e+06   1.8000000e+01
   4.1372260e+06   1.7000000e+01
   4.1377280e+06   1.8000000e+01
   4.1975970e+06   1.7000000e+01
   4.1981040e+06   1.7000000e+01
   4.2004040e+06   1.7000000e+01
   4.2336690e+06   1.8000000e+01
   4.2348570e+06   2.0000000e+01
   4.2365640e+06   1.7000000e+01
   4.3125810e+06   1.7000000e+01
   4.3131450e+06   1.8000000e+01
   4.3132640e+06   1.8000000e+01
   4.3136560e+06   1.9000000e+01
   4.3136990e+06   1.7000000e+01
   4.3147770e+06   1.7000000e+01
   4.3160050e+06   1.9000000e+01
   4.3176320e+06   1.7000000e+01
   4.3617010e+06   1.8000000e+01
   4.3664990e+06   1.8000000e+01
   4.4012550e+06   1.8000000e+01
   4.4013720e+06   1.7000000e+01
   4.4016430e+06   1.7000000e+01
   4.4018650e+06   2.0000000e+01
   4.4557450e+06   1.7000000e+01
   4.4627930e+06   1.9000000e+01
   4.4637320e+06   1.7000000e+01
   4.4910440e+06   1.7000000e+01
   4.5123370e+06   1.7000000e+01
   4.5400400e+06   1.8000000e+01
   4.5406780e+06   1.7000000e+01
   4.5422070e+06   1.8000000e+01
   4.6157460e+06   1.7000000e+01
   4.6168910e+06   1.8000000e+01
   4.6516570e+06   1.7000000e+01
   4.7064920e+06   1.9000000e+01
   4.7065400e+06   1.7000000e+01
   4.7070360e+06   1.8000000e+01
   4.7076210e+06   1.7000000e+01
   4.7077990e+06   1.7000000e+01
   4.7083090e+06   1.7000000e+01
   4.7084140e+06   1.8000000e+01
   4.7389100e+06   1.7000000e+01
   4.7641130e+06   1.7000000e+01
   4.7646030e+06   1.7000000e+01
   4.7953840e+06   1.7000000e+01
   4.8615720e+06   1.8000000e+01
   4.8625340e+06   1.7000000e+01
   4.8635770e+06   1.7000000e+01
   5.0569600e+06   1.7000000e+01
   5.0671440e+06   1.8000000e+01
   5.0671720e+06   1.7000000e+01
   5.0677560e+06   1.7000000e+01
   5.0698880e+06   1.8000000e+01
   5.1037010e+06   1.7000000e+01
   5.1159410e+06   1.8000000e+01
   5.2048820e+06   1.7000000e+01
   5.2091100e+06   1.7000000e+01
   5.2674510e+06   2.1000000e+01
   5.3535500e+06   2.0000000e+01
   5.3937850e+06   1.7000000e+01
   5.4428400e+06   1.8000000e+01
   5.4433200e+06   1.7000000e+01
   5.4436400e+06   1.9000000e+01
   5.4950650e+06   1.7000000e+01
   5.5282230e+06   1.7000000e+01
   5.5752340e+06   1.8000000e+01
   5.6160120e+06   1.7000000e+01
   5.6175690e+06   1.8000000e+01
   5.6502610e+06   1.9000000e+01
   5.6853680e+06   1.8000000e+01
   5.7019940e+06   1.7000000e+01
   5.7388690e+06   1.7000000e+01
   5.7992590e+06   1.7000000e+01
   5.8232270e+06   1.7000000e+01
   5.8234040e+06   1.8000000e+01
   5.8249480e+06   1.7000000e+01
   5.8398780e+06   1.7000000e+01
   5.8798840e+06   1.7000000e+01
   5.8808320e+06   1.7000000e+01
   5.9448010e+06   1.8000000e+01
   5.9476080e+06   1.7000000e+01
   5.9487200e+06   1.8000000e+01
   5.9982440e+06   1.7000000e+01
   5.9983380e+06   1.7000000e+01
   6.0400340e+06   1.7000000e+01
   6.1234060e+06   1.7000000e+01
   6.1239640e+06   1.7000000e+01
   6.2207750e+06   1.8000000e+01
   6.2226980e+06   1.7000000e+01
   6.2248420e+06   1.7000000e+01
   6.2524310e+06   1.7000000e+01
   6.2915870e+06   1.7000000e+01
   6.2918290e+06   1.9000000e+01
   6.3476040e+06   1.7000000e+01
   6.3986940e+06   1.7000000e+01
   6.3987290e+06   1.9000000e+01
   6.3991840e+06   1.9000000e+01
   6.3995200e+06   1.8000000e+01
   6.4004580e+06   1.7000000e+01
   6.5427410e+06   1.7000000e+01
   6.6160870e+06   1.7000000e+01
   6.6666220e+06   1.7000000e+01
   6.6671480e+06   1.9000000e+01
   6.7083290e+06   1.8000000e+01
   6.7092710e+06   1.7000000e+01
   6.7626940e+06   1.8000000e+01
   6.7665110e+06   1.7000000e+01
   6.7937830e+06   1.7000000e+01
   6.8163450e+06   1.8000000e+01
   6.8403430e+06   1.7000000e+01
   6.8407150e+06   1.7000000e+01
   6.8424330e+06   1.8000000e+01
   6.9166510e+06   1.7000000e+01
   6.9174640e+06   1.7000000e+01
   6.9794080e+06   1.8000000e+01
   6.9800260e+06   1.7000000e+01
   6.9806510e+06   1.9000000e+01
   6.9826160e+06   1.7000000e+01
   6.9860790e+06   1.9000000e+01
   7.0154860e+06   1.7000000e+01
   7.0458450e+06   1.7000000e+01
   7.0464620e+06   1.7000000e+01
   7.1568020e+06   1.8000000e+01
   7.1582030e+06   2.0000000e+01
   7.1597270e+06   1.7000000e+01
   7.2167200e+06   1.7000000e+01
   7.2176800e+06   1.8000000e+01
   7.2777550e+06   1.7000000e+01
   7.2780730e+06   1.9000000e+01
   7.2787420e+06   1.8000000e+01
   7.2790820e+06   1.7000000e+01
   7.2807880e+06   1.7000000e+01
   7.3533700e+06   1.7000000e+01
   7.3897810e+06   1.7000000e+01
   7.4752550e+06   1.7000000e+01
