   7.5000000e+06   0.0000000e+00
   2.1931900e+05   1.8000000e+01
   6.5636600e+05   2.0000000e+01
   8.0793400e+05   1.8000000e+01
   8.5054500e+05   1.9000000e+01
   2.2617280e+06   1.8000000e+01
   2.6562810e+06   1.8000000e+01
   3.3494520e+06   1.8000000e+01
   3.8095190e+06   1.8000000e+01
   3.9932140e+06   1.8000000e+01
   4.3131280e+06   1.8000000e+01
   4.3628050e+06   1.8000000e+01
   5.0671720e+06   1.8000000e+01
   5.7395220e+06   1.8000000e+01
   5.8231010e+06   2.0000000e+01
   6.2226810e+06   1.9000000e+01
   6.2915220e+06   2.0000000e+01
   6.3987290e+06   1.8000000e+01
   6.5427600e+06   1.8000000e+01
   6.9390660e+06   1.8000000e+01
