   7.5000000e+06   0.0000000e+00
   1.4206000e+04   1.8000000e+01
   1.4340000e+04   1.9000000e+01
   1.4977000e+04   2.0000000e+01
   1.6873000e+04   2.0000000e+01
   7.2298000e+04   1.9000000e+01
   7.3353000e+04   1.8000000e+01
   7.7645000e+04   1.9000000e+01
   1.1098700e+05   1.8000000e+01
   1.6410100e+05   1.9000000e+01
   1.6490600e+05   1.8000000e+01
   2.0738100e+05   2.0000000e+01
   2.0797500e+05   1.8000000e+01
   2.0857600e+05   1.8000000e+01
   2.1303700e+05   1.8000000e+01
   2.2999500e+05   2.1000000e+01
   2.6804400e+05   1.9000000e+01
   2.6916500e+05   1.9000000e+01
   3.1459600e+05   1.8000000e+01
   3.1511400e+05   1.8000000e+01
   3.1573700e+05   1.8000000e+01
   3.6177200e+05   1.8000000e+01
   3.6287500e+05   1.8000000e+01
   4.1502100e+05   1.9000000e+01
   4.1665400e+05   1.8000000e+01
   4.6700100e+05   1.9000000e+01
   4.6929800e+05   2.0000000e+01
   5.0474400e+05   2.0000000e+01
   5.0557100e+05   1.8000000e+01
   5.0719200e+05   2.0000000e+01
   5.5009000e+05   1.8000000e+01
   5.5075400e+05   2.1000000e+01
   5.5268100e+05   1.8000000e+01
   5.5353800e+05   2.1000000e+01
   5.9721900e+05   2.1000000e+01
   6.5600700e+05   2.0000000e+01
   6.8983000e+05   1.8000000e+01
   7.1293400e+05   1.8000000e+01
   7.3493900e+05   1.8000000e+01
   7.6582100e+05   2.2000000e+01
   8.0641400e+05   1.9000000e+01
   8.0707500e+05   2.2000000e+01
   8.4959500e+05   2.0000000e+01
   8.5068000e+05   1.8000000e+01
   8.5152500e+05   1.8000000e+01
   8.5334400e+05   1.8000000e+01
   8.8017900e+05   1.9000000e+01
   9.1917100e+05   1.8000000e+01
   9.6811000e+05   2.2000000e+01
   1.0036730e+06   1.9000000e+01
   1.0039980e+06   1.8000000e+01
   1.0066440e+06   1.8000000e+01
   1.0429020e+06   1.8000000e+01
   1.1207990e+06   2.0000000e+01
   1.1246700e+06   1.8000000e+01
   1.1249660e+06   2.0000000e+01
   1.1254470e+06   2.0000000e+01
   1.1276330e+06   2.0000000e+01
   1.1580530e+06   1.9000000e+01
   1.2315270e+06   1.8000000e+01
   1.2640920e+06   1.8000000e+01
   1.2690860e+06   1.9000000e+01
   1.2875050e+06   1.8000000e+01
   1.3214800e+06   2.0000000e+01
   1.3215950e+06   1.9000000e+01
   1.3224690e+06   1.8000000e+01
   1.3226670e+06   1.8000000e+01
   1.3247130e+06   1.8000000e+01
   1.3259440e+06   1.9000000e+01
   1.3545040e+06   1.8000000e+01
   1.4970080e+06   1.8000000e+01
   1.4977950e+06   1.9000000e+01
   1.4993100e+06   1.8000000e+01
   1.4993450e+06   2.3000000e+01
   1.5329410e+06   1.9000000e+01
   1.5351490e+06   2.0000000e+01
   1.5374230e+06   1.8000000e+01
   1.5716690e+06   1.8000000e+01
   1.5720650e+06   1.9000000e+01
   1.5729230e+06   1.8000000e+01
   1.5736480e+06   2.1000000e+01
   1.6237860e+06   1.8000000e+01
   1.6251390e+06   2.1000000e+01
   1.6251880e+06   1.8000000e+01
   1.6796770e+06   2.1000000e+01
   1.6797060e+06   1.9000000e+01
   1.6802600e+06   2.0000000e+01
   1.6803820e+06   1.8000000e+01
   1.6804110e+06   2.2000000e+01
   1.7185500e+06   1.8000000e+01
   1.7615950e+06   1.8000000e+01
   1.7633280e+06   1.8000000e+01
   1.7649370e+06   1.9000000e+01
   1.7953940e+06   1.8000000e+01
   1.7980080e+06   1.8000000e+01
   1.7985790e+06   1.8000000e+01
   1.9053070e+06   1.8000000e+01
   1.9060400e+06   1.8000000e+01
   1.9073810e+06   2.1000000e+01
   1.9412520e+06   2.4000000e+01
   1.9418670e+06   1.9000000e+01
   1.9420280e+06   2.1000000e+01
   1.9732480e+06   1.9000000e+01
   2.0048370e+06   1.8000000e+01
   2.0048800e+06   1.8000000e+01
   2.0074620e+06   1.8000000e+01
   2.0081470e+06   1.8000000e+01
   2.0408270e+06   1.8000000e+01
   2.0897460e+06   2.0000000e+01
   2.0910430e+06   1.9000000e+01
   2.0921050e+06   1.8000000e+01
   2.1320730e+06   1.8000000e+01
   2.1324660e+06   1.8000000e+01
   2.1336980e+06   2.0000000e+01
   2.1594440e+06   1.8000000e+01
   2.2059510e+06   1.8000000e+01
   2.2302830e+06   2.0000000e+01
   2.2617250e+06   2.7000000e+01
   2.2658850e+06   1.9000000e+01
   2.3039910e+06   1.8000000e+01
   2.3528370e+06   1.9000000e+01
   2.3533900e+06   2.1000000e+01
   2.3559110e+06   1.8000000e+01
   2.3930430e+06   2.0000000e+01
   2.3946190e+06   1.9000000e+01
   2.3961910e+06   1.8000000e+01
   2.3962230e+06   1.9000000e+01
   2.4004360e+06   1.8000000e+01
   2.4299550e+06   1.9000000e+01
   2.4628960e+06   1.8000000e+01
   2.4685790e+06   1.8000000e+01
   2.4706560e+06   2.2000000e+01
   2.5016140e+06   1.9000000e+01
   2.5188870e+06   1.8000000e+01
   2.5249150e+06   1.9000000e+01
   2.5583390e+06   1.8000000e+01
   2.5587780e+06   1.8000000e+01
   2.5626150e+06   1.9000000e+01
   2.6127020e+06   1.8000000e+01
   2.6128570e+06   2.1000000e+01
   2.6132970e+06   2.0000000e+01
   2.6139380e+06   1.8000000e+01
   2.6140040e+06   1.8000000e+01
   2.6155090e+06   1.8000000e+01
   2.6534780e+06   1.9000000e+01
   2.6550010e+06   1.8000000e+01
   2.6557850e+06   1.8000000e+01
   2.6558220e+06   1.8000000e+01
   2.6952280e+06   1.8000000e+01
   2.6955680e+06   1.8000000e+01
   2.6974670e+06   1.8000000e+01
   2.6990190e+06   1.9000000e+01
   2.7295280e+06   1.8000000e+01
   2.7515850e+06   1.8000000e+01
   2.7846650e+06   1.8000000e+01
   2.7856920e+06   1.8000000e+01
   2.8176000e+06   1.8000000e+01
   2.8193030e+06   1.9000000e+01
   2.8221830e+06   1.9000000e+01
   2.8958290e+06   1.9000000e+01
   2.8968440e+06   1.8000000e+01
   2.9433670e+06   1.8000000e+01
   2.9781740e+06   1.9000000e+01
   2.9797790e+06   1.8000000e+01
   3.0152720e+06   2.1000000e+01
   3.0673160e+06   1.8000000e+01
   3.0694650e+06   1.8000000e+01
   3.1648480e+06   1.8000000e+01
   3.1660990e+06   1.8000000e+01
   3.1988620e+06   1.9000000e+01
   3.2374140e+06   2.1000000e+01
   3.2650140e+06   1.9000000e+01
   3.2691380e+06   1.8000000e+01
   3.3050720e+06   2.0000000e+01
   3.3094760e+06   1.8000000e+01
   3.3107910e+06   1.8000000e+01
   3.3117400e+06   1.8000000e+01
   3.3137840e+06   1.8000000e+01
   3.3476830e+06   1.8000000e+01
   3.3976400e+06   1.8000000e+01
   3.3986510e+06   1.9000000e+01
   3.3988280e+06   1.8000000e+01
   3.3997420e+06   1.8000000e+01
   3.4522990e+06   1.9000000e+01
   3.4535370e+06   2.5000000e+01
   3.4548270e+06   2.0000000e+01
   3.4570800e+06   1.9000000e+01
   3.5190980e+06   1.8000000e+01
   3.5202570e+06   1.8000000e+01
   3.5221650e+06   2.3000000e+01
   3.5540260e+06   1.9000000e+01
   3.5579570e+06   2.0000000e+01
   3.5594910e+06   1.8000000e+01
   3.5999000e+06   1.9000000e+01
   3.6007520e+06   2.1000000e+01
   3.6008240e+06   1.8000000e+01
   3.6657830e+06   2.0000000e+01
   3.6690280e+06   1.9000000e+01
   3.7056880e+06   1.8000000e+01
   3.7063240e+06   1.8000000e+01
   3.7064030e+06   1.8000000e+01
   3.7095520e+06   1.8000000e+01
   3.7119790e+06   1.8000000e+01
   3.7616960e+06   1.8000000e+01
   3.7623130e+06   1.8000000e+01
   3.7653440e+06   2.0000000e+01
   3.8001620e+06   1.8000000e+01
   3.8238960e+06   2.0000000e+01
   3.8582880e+06   2.1000000e+01
   3.8596170e+06   2.1000000e+01
   3.9413740e+06   1.8000000e+01
   3.9417960e+06   1.8000000e+01
   3.9418850e+06   1.8000000e+01
   3.9454200e+06   1.9000000e+01
   3.9939190e+06   2.0000000e+01
   3.9947430e+06   2.0000000e+01
   3.9958680e+06   2.0000000e+01
   4.0317870e+06   1.9000000e+01
   4.0318690e+06   1.9000000e+01
   4.0360630e+06   1.9000000e+01
   4.0376420e+06   1.8000000e+01
   4.0639820e+06   1.9000000e+01
   4.0678810e+06   1.8000000e+01
   4.0985900e+06   2.0000000e+01
   4.1360380e+06   2.0000000e+01
   4.1975230e+06   1.8000000e+01
   4.1981760e+06   1.8000000e+01
   4.1986750e+06   1.8000000e+01
   4.2004320e+06   1.8000000e+01
   4.2008770e+06   2.0000000e+01
   4.2019840e+06   1.8000000e+01
   4.2037620e+06   1.8000000e+01
   4.2054070e+06   1.8000000e+01
   4.2348530e+06   2.3000000e+01
   4.2591210e+06   1.9000000e+01
   4.3120060e+06   2.0000000e+01
   4.3125940e+06   1.8000000e+01
   4.3131360e+06   1.9000000e+01
   4.3176290e+06   1.8000000e+01
   4.3227690e+06   2.0000000e+01
   4.3606130e+06   1.8000000e+01
   4.3634220e+06   2.0000000e+01
   4.4013760e+06   1.9000000e+01
   4.4016460e+06   1.9000000e+01
   4.4022860e+06   1.8000000e+01
   4.4032400e+06   2.0000000e+01
   4.4043210e+06   1.8000000e+01
   4.4563690e+06   1.8000000e+01
   4.4566600e+06   1.8000000e+01
   4.4575640e+06   2.0000000e+01
   4.4587010e+06   1.9000000e+01
   4.4869970e+06   2.0000000e+01
   4.4920440e+06   2.1000000e+01
   4.5408210e+06   2.0000000e+01
   4.5436250e+06   1.9000000e+01
   4.5440210e+06   1.9000000e+01
   4.5458120e+06   1.8000000e+01
   4.5829750e+06   2.0000000e+01
   4.6212530e+06   1.8000000e+01
   4.6512750e+06   1.8000000e+01
   4.6525560e+06   2.3000000e+01
   4.6996070e+06   1.9000000e+01
   4.7061890e+06   1.9000000e+01
   4.7065130e+06   1.8000000e+01
   4.7070080e+06   1.9000000e+01
   4.7070330e+06   1.9000000e+01
   4.7116440e+06   1.9000000e+01
   4.7660130e+06   1.8000000e+01
   4.7701830e+06   1.9000000e+01
   4.7968480e+06   1.8000000e+01
   4.7970610e+06   1.8000000e+01
   4.7999850e+06   1.9000000e+01
   4.8608600e+06   1.8000000e+01
   4.8618570e+06   1.9000000e+01
   4.8620710e+06   1.9000000e+01
   4.8657360e+06   1.8000000e+01
   4.9283630e+06   1.8000000e+01
   4.9295080e+06   2.4000000e+01
   4.9305020e+06   1.9000000e+01
   4.9339920e+06   2.0000000e+01
   4.9645270e+06   1.8000000e+01
   4.9646090e+06   1.9000000e+01
   4.9848230e+06   1.8000000e+01
   4.9989470e+06   1.8000000e+01
   5.0000790e+06   1.8000000e+01
   5.0027280e+06   1.8000000e+01
   5.0110790e+06   1.8000000e+01
   5.0672800e+06   1.8000000e+01
   5.0675300e+06   1.8000000e+01
   5.0696140e+06   2.0000000e+01
   5.1167090e+06   2.1000000e+01
   5.1565440e+06   1.8000000e+01
   5.2665850e+06   1.9000000e+01
   5.2672950e+06   1.8000000e+01
   5.2705710e+06   2.0000000e+01
   5.3033880e+06   1.8000000e+01
   5.3521890e+06   2.0000000e+01
   5.3528290e+06   2.1000000e+01
   5.3550710e+06   1.8000000e+01
   5.3937910e+06   2.1000000e+01
   5.4424600e+06   1.9000000e+01
   5.4436400e+06   1.8000000e+01
   5.4922660e+06   2.1000000e+01
   5.5272830e+06   1.8000000e+01
   5.5314880e+06   2.0000000e+01
   5.5732080e+06   1.8000000e+01
   5.5735640e+06   1.8000000e+01
   5.5743320e+06   1.9000000e+01
   5.5744680e+06   1.8000000e+01
   5.5763640e+06   1.8000000e+01
   5.5776010e+06   1.8000000e+01
   5.6150070e+06   2.1000000e+01
   5.6159910e+06   1.8000000e+01
   5.6174720e+06   1.8000000e+01
   5.6502260e+06   1.8000000e+01
   5.7016680e+06   1.8000000e+01
   5.7042380e+06   1.8000000e+01
   5.7360800e+06   2.0000000e+01
   5.8213090e+06   2.1000000e+01
   5.8213430e+06   1.8000000e+01
   5.8219850e+06   1.8000000e+01
   5.8226700e+06   1.8000000e+01
   5.8240810e+06   2.0000000e+01
   5.8548010e+06   1.8000000e+01
   5.8767810e+06   2.3000000e+01
   5.8808340e+06   1.9000000e+01
   5.9046490e+06   1.8000000e+01
   5.9069100e+06   1.8000000e+01
   5.9461910e+06   1.9000000e+01
   5.9476020e+06   2.0000000e+01
   5.9481870e+06   1.8000000e+01
   5.9974480e+06   2.0000000e+01
   5.9978340e+06   1.9000000e+01
   5.9982940e+06   1.9000000e+01
   5.9994070e+06   1.8000000e+01
   5.9999710e+06   1.9000000e+01
   6.0009820e+06   1.8000000e+01
   6.0355930e+06   1.9000000e+01
   6.0356220e+06   1.8000000e+01
   6.0365550e+06   1.8000000e+01
   6.0373430e+06   1.8000000e+01
   6.0380390e+06   1.8000000e+01
   6.0788820e+06   1.9000000e+01
   6.0789210e+06   1.8000000e+01
   6.0797600e+06   1.8000000e+01
   6.0811510e+06   1.8000000e+01
   6.0830670e+06   2.2000000e+01
   6.1225730e+06   1.8000000e+01
   6.1666680e+06   2.0000000e+01
   6.1680750e+06   1.8000000e+01
   6.1986210e+06   1.9000000e+01
   6.2207800e+06   2.1000000e+01
   6.2213810e+06   1.8000000e+01
   6.2214910e+06   1.8000000e+01
   6.2227000e+06   1.9000000e+01
   6.2504530e+06   1.9000000e+01
   6.2504870e+06   1.8000000e+01
   6.2529580e+06   2.3000000e+01
   6.2901980e+06   2.0000000e+01
   6.2910240e+06   1.8000000e+01
   6.2951430e+06   2.0000000e+01
   6.2985240e+06   1.9000000e+01
   6.3505470e+06   2.0000000e+01
   6.3632540e+06   1.8000000e+01
   6.3879490e+06   2.1000000e+01
   6.3979190e+06   1.9000000e+01
   6.3986590e+06   2.0000000e+01
   6.3993610e+06   1.8000000e+01
   6.4635770e+06   1.8000000e+01
   6.4684010e+06   1.8000000e+01
   6.4696220e+06   1.9000000e+01
   6.4976230e+06   1.8000000e+01
   6.5431720e+06   2.6000000e+01
   6.5432090e+06   1.9000000e+01
   6.5484110e+06   1.8000000e+01
   6.6152940e+06   2.0000000e+01
   6.6153340e+06   2.0000000e+01
   6.6183690e+06   1.8000000e+01
   6.6666190e+06   2.1000000e+01
   6.6671150e+06   1.8000000e+01
   6.6676470e+06   1.8000000e+01
   6.6696710e+06   1.8000000e+01
   6.7084440e+06   2.1000000e+01
   6.7092120e+06   1.8000000e+01
   6.7659180e+06   2.0000000e+01
   6.7952580e+06   2.0000000e+01
   6.8214620e+06   1.9000000e+01
   6.8389700e+06   1.9000000e+01
   6.8424360e+06   2.0000000e+01
   6.8760720e+06   1.8000000e+01
   6.8771050e+06   1.9000000e+01
   6.8983030e+06   1.9000000e+01
   6.9179500e+06   1.8000000e+01
   6.9800320e+06   1.8000000e+01
   6.9805800e+06   1.8000000e+01
   6.9806540e+06   2.2000000e+01
   6.9810630e+06   1.9000000e+01
   6.9817470e+06   2.0000000e+01
   6.9834150e+06   2.2000000e+01
   7.0154200e+06   1.8000000e+01
   7.0461340e+06   1.9000000e+01
   7.0466900e+06   2.0000000e+01
   7.0475750e+06   1.8000000e+01
   7.0793170e+06   1.8000000e+01
   7.0819600e+06   2.1000000e+01
   7.0819900e+06   1.9000000e+01
   7.1141220e+06   1.8000000e+01
   7.1158740e+06   1.9000000e+01
   7.1172730e+06   1.8000000e+01
   7.1567990e+06   2.4000000e+01
   7.1632660e+06   1.9000000e+01
   7.2049780e+06   2.2000000e+01
   7.2146580e+06   1.9000000e+01
   7.2171800e+06   2.2000000e+01
   7.2780130e+06   2.2000000e+01
   7.2782350e+06   1.8000000e+01
   7.2786800e+06   1.8000000e+01
   7.2787100e+06   1.9000000e+01
   7.2789860e+06   1.8000000e+01
   7.2804530e+06   1.8000000e+01
   7.3064340e+06   1.8000000e+01
   7.3481730e+06   2.1000000e+01
   7.3489650e+06   1.9000000e+01
   7.3489950e+06   1.9000000e+01
   7.3768900e+06   1.8000000e+01
   7.3889100e+06   2.0000000e+01
   7.4451960e+06   1.9000000e+01
   7.4739750e+06   1.8000000e+01
   7.4750650e+06   1.9000000e+01
   7.4752590e+06   1.8000000e+01
   7.4803020e+06   1.8000000e+01
