   7.5000000e+06   0.0000000e+00
   1.2879000e+04   2.0000000e+01
   1.3778000e+04   1.9000000e+01
   1.3805000e+04   1.7000000e+01
   1.5964000e+04   1.5000000e+01
   1.6500000e+04   1.8000000e+01
   1.7989000e+04   1.9000000e+01
   2.2712000e+04   1.9000000e+01
   2.5871000e+04   1.6000000e+01
   3.3460000e+04   1.5000000e+01
   3.3816000e+04   1.7000000e+01
   5.7058000e+04   1.6000000e+01
   6.3678000e+04   1.7000000e+01
   7.3273000e+04   1.5000000e+01
   7.5137000e+04   1.6000000e+01
   7.5542000e+04   1.5000000e+01
   7.7161000e+04   2.0000000e+01
   8.5750000e+04   1.5000000e+01
   9.0058000e+04   1.8000000e+01
   1.0994700e+05   1.5000000e+01
   1.1291500e+05   1.6000000e+01
   1.1515600e+05   1.9000000e+01
   1.1783200e+05   1.6000000e+01
   1.2103500e+05   1.7000000e+01
   1.4344500e+05   1.9000000e+01
   1.6438700e+05   2.2000000e+01
   1.6508300e+05   1.8000000e+01
   1.6594700e+05   2.3000000e+01
   1.6697000e+05   2.1000000e+01
   1.6699600e+05   1.5000000e+01
   1.6787800e+05   1.7000000e+01
   1.6854400e+05   1.5000000e+01
   1.6948900e+05   1.6000000e+01
   1.7026800e+05   1.9000000e+01
   1.7162400e+05   1.7000000e+01
   1.7327500e+05   2.0000000e+01
   2.0374200e+05   1.7000000e+01
   2.0889300e+05   1.8000000e+01
   2.0997000e+05   1.5000000e+01
   2.1165000e+05   1.5000000e+01
   2.1337900e+05   1.5000000e+01
   2.1518300e+05   2.5000000e+01
   2.3152600e+05   1.6000000e+01
   2.3563500e+05   1.5000000e+01
   2.3900800e+05   1.6000000e+01
   2.5247900e+05   1.5000000e+01
   2.6836600e+05   1.8000000e+01
   2.6940300e+05   1.8000000e+01
   2.7186400e+05   2.1000000e+01
   2.7263000e+05   1.6000000e+01
   2.7339700e+05   1.8000000e+01
   2.7432600e+05   1.7000000e+01
   2.7620700e+05   1.8000000e+01
   2.7624100e+05   1.8000000e+01
   2.7800600e+05   1.5000000e+01
   2.7954200e+05   1.5000000e+01
   3.1488300e+05   1.5000000e+01
   3.1756800e+05   2.0000000e+01
   3.2064300e+05   1.7000000e+01
   3.2658500e+05   2.0000000e+01
   3.6261400e+05   1.8000000e+01
   3.6287700e+05   1.5000000e+01
   3.6365600e+05   1.6000000e+01
   3.6441400e+05   1.6000000e+01
   3.6540500e+05   1.8000000e+01
   3.6543000e+05   1.6000000e+01
   3.6601200e+05   1.5000000e+01
   3.6651000e+05   1.5000000e+01
   3.6727000e+05   1.7000000e+01
   3.6949800e+05   1.7000000e+01
   3.7775700e+05   1.6000000e+01
   3.8613800e+05   1.5000000e+01
   3.8944600e+05   1.7000000e+01
   3.9205500e+05   1.5000000e+01
   4.1448800e+05   1.6000000e+01
   4.1544200e+05   1.6000000e+01
   4.1547300e+05   1.5000000e+01
   4.1647300e+05   1.5000000e+01
   4.2186500e+05   2.0000000e+01
   4.3246500e+05   1.6000000e+01
   4.5065600e+05   1.5000000e+01
   4.5590700e+05   1.5000000e+01
   4.6771300e+05   1.6000000e+01
   4.6981000e+05   1.6000000e+01
   4.6984600e+05   1.5000000e+01
   4.7283100e+05   1.6000000e+01
   4.7937400e+05   2.0000000e+01
   4.8299500e+05   2.1000000e+01
   5.0767600e+05   1.6000000e+01
   5.0858200e+05   1.7000000e+01
   5.1053400e+05   1.5000000e+01
   5.1252500e+05   1.5000000e+01
   5.1359600e+05   1.5000000e+01
   5.1362300e+05   1.8000000e+01
   5.1448600e+05   1.7000000e+01
   5.1628500e+05   1.9000000e+01
   5.4459600e+05   1.7000000e+01
   5.5144000e+05   2.1000000e+01
   5.5146900e+05   1.5000000e+01
   5.5429200e+05   1.5000000e+01
   5.6496900e+05   1.6000000e+01
   5.8063400e+05   1.5000000e+01
   5.9609800e+05   1.5000000e+01
   5.9737500e+05   1.7000000e+01
   5.9798500e+05   1.5000000e+01
   5.9927600e+05   1.7000000e+01
   6.0101100e+05   1.5000000e+01
   6.0776600e+05   1.9000000e+01
   6.1235100e+05   1.8000000e+01
   6.1238500e+05   1.5000000e+01
   6.2474800e+05   1.7000000e+01
   6.2822600e+05   1.5000000e+01
   6.3073300e+05   1.7000000e+01
   6.4296600e+05   1.7000000e+01
   6.5332900e+05   1.7000000e+01
   6.5628800e+05   1.8000000e+01
   6.5960900e+05   1.6000000e+01
   6.7686900e+05   1.8000000e+01
   6.8939700e+05   1.8000000e+01
   6.9481300e+05   1.6000000e+01
   7.1753100e+05   1.6000000e+01
   7.3323500e+05   1.5000000e+01
   7.3326400e+05   1.6000000e+01
   7.3976200e+05   1.9000000e+01
   7.4402800e+05   1.5000000e+01
   7.6781600e+05   1.7000000e+01
   7.6915800e+05   1.8000000e+01
   7.7198100e+05   1.6000000e+01
   8.0265300e+05   1.9000000e+01
   8.0826500e+05   1.5000000e+01
   8.2082200e+05   1.7000000e+01
   8.4937700e+05   1.6000000e+01
   8.5015000e+05   1.7000000e+01
   8.5164300e+05   1.7000000e+01
   8.5607300e+05   1.7000000e+01
   8.5610000e+05   1.6000000e+01
   8.8169500e+05   1.7000000e+01
   9.0054500e+05   1.6000000e+01
   9.1621700e+05   1.9000000e+01
   9.1879200e+05   1.9000000e+01
   9.3185400e+05   1.6000000e+01
   9.6220400e+05   1.5000000e+01
   9.6934500e+05   1.5000000e+01
   9.7225100e+05   1.7000000e+01
   9.8758500e+05   1.6000000e+01
   1.0074520e+06   1.7000000e+01
   1.0107990e+06   1.7000000e+01
   1.0118900e+06   1.7000000e+01
   1.0141760e+06   1.9000000e+01
   1.0431090e+06   1.9000000e+01
   1.0671680e+06   2.4000000e+01
   1.0698410e+06   1.6000000e+01
   1.0698670e+06   1.8000000e+01
   1.0730740e+06   1.6000000e+01
   1.0775510e+06   1.7000000e+01
   1.0831050e+06   1.6000000e+01
   1.0997990e+06   1.5000000e+01
   1.1240250e+06   1.8000000e+01
   1.1246760e+06   1.5000000e+01
   1.1259070e+06   1.5000000e+01
   1.1351500e+06   1.7000000e+01
   1.1393780e+06   1.8000000e+01
   1.1477980e+06   2.0000000e+01
   1.1580570e+06   1.9000000e+01
   1.1819270e+06   1.9000000e+01
   1.1960990e+06   1.6000000e+01
   1.2049640e+06   1.5000000e+01
   1.2079630e+06   1.6000000e+01
   1.2240860e+06   2.2000000e+01
   1.2390600e+06   1.5000000e+01
   1.2639040e+06   1.6000000e+01
   1.2671660e+06   1.7000000e+01
   1.2684780e+06   2.0000000e+01
   1.2700260e+06   1.5000000e+01
   1.2700570e+06   1.5000000e+01
   1.2712290e+06   2.0000000e+01
   1.2736470e+06   2.2000000e+01
   1.2754930e+06   1.8000000e+01
   1.2771920e+06   2.3000000e+01
   1.2779100e+06   2.1000000e+01
   1.2892410e+06   1.5000000e+01
   1.2934920e+06   1.6000000e+01
   1.3009880e+06   1.6000000e+01
   1.3073920e+06   1.5000000e+01
   1.3105640e+06   1.5000000e+01
   1.3233160e+06   1.8000000e+01
   1.3261290e+06   1.7000000e+01
   1.3283710e+06   1.6000000e+01
   1.3311860e+06   1.6000000e+01
   1.3498580e+06   1.5000000e+01
   1.3545660e+06   1.9000000e+01
   1.3647430e+06   1.7000000e+01
   1.3647740e+06   1.5000000e+01
   1.3664230e+06   1.6000000e+01
   1.3809930e+06   2.0000000e+01
   1.3863690e+06   1.5000000e+01
   1.4152140e+06   1.6000000e+01
   1.4204090e+06   1.6000000e+01
   1.4210050e+06   1.9000000e+01
   1.4221560e+06   1.8000000e+01
   1.4234190e+06   1.8000000e+01
   1.4255420e+06   1.7000000e+01
   1.4261210e+06   1.6000000e+01
   1.4261470e+06   1.5000000e+01
   1.4292900e+06   1.9000000e+01
   1.4305040e+06   1.7000000e+01
   1.4321690e+06   1.6000000e+01
   1.4579280e+06   1.9000000e+01
   1.4665290e+06   1.6000000e+01
   1.4702570e+06   1.6000000e+01
   1.4734100e+06   1.7000000e+01
   1.4757000e+06   1.7000000e+01
   1.4979440e+06   1.9000000e+01
   1.5019100e+06   1.5000000e+01
   1.5050410e+06   1.5000000e+01
   1.5091030e+06   1.5000000e+01
   1.5190370e+06   1.6000000e+01
   1.5334430e+06   1.7000000e+01
   1.5490260e+06   1.5000000e+01
   1.5667490e+06   1.5000000e+01
   1.5723380e+06   1.8000000e+01
   1.5735670e+06   2.0000000e+01
   1.5745570e+06   1.6000000e+01
   1.5759320e+06   2.1000000e+01
   1.5766300e+06   1.5000000e+01
   1.5777780e+06   1.5000000e+01
   1.5784980e+06   1.7000000e+01
   1.5792360e+06   2.0000000e+01
   1.5800460e+06   1.5000000e+01
   1.5806030e+06   1.6000000e+01
   1.5806360e+06   1.5000000e+01
   1.5815930e+06   1.5000000e+01
   1.5825560e+06   2.0000000e+01
   1.5831610e+06   1.6000000e+01
   1.5844770e+06   1.9000000e+01
   1.6216390e+06   1.5000000e+01
   1.6250810e+06   1.8000000e+01
   1.6272350e+06   1.6000000e+01
   1.6282070e+06   1.5000000e+01
   1.6331810e+06   1.8000000e+01
   1.6542060e+06   1.7000000e+01
   1.6615600e+06   1.8000000e+01
   1.6679020e+06   1.9000000e+01
   1.6772150e+06   1.6000000e+01
   1.6809540e+06   1.7000000e+01
   1.6825130e+06   2.0000000e+01
   1.6857540e+06   1.7000000e+01
   1.6883630e+06   1.7000000e+01
   1.7064220e+06   1.8000000e+01
   1.7077900e+06   1.6000000e+01
   1.7112590e+06   1.5000000e+01
   1.7143960e+06   1.7000000e+01
   1.7403640e+06   1.8000000e+01
   1.7403920e+06   1.5000000e+01
   1.7480810e+06   2.1000000e+01
   1.7627960e+06   1.9000000e+01
   1.7639090e+06   1.7000000e+01
   1.7663180e+06   1.9000000e+01
   1.7714830e+06   1.6000000e+01
   1.7824240e+06   2.0000000e+01
   1.7977100e+06   2.1000000e+01
   1.8004370e+06   1.8000000e+01
   1.8011670e+06   2.0000000e+01
   1.8020200e+06   1.5000000e+01
   1.8027110e+06   1.7000000e+01
   1.8027430e+06   1.5000000e+01
   1.8036950e+06   1.8000000e+01
   1.8058400e+06   2.0000000e+01
   1.8066650e+06   1.5000000e+01
   1.8082550e+06   1.8000000e+01
   1.8094230e+06   1.7000000e+01
   1.8099650e+06   1.9000000e+01
   1.8111520e+06   1.5000000e+01
   1.8126550e+06   1.6000000e+01
   1.8462210e+06   1.5000000e+01
   1.8561810e+06   1.7000000e+01
   1.8642850e+06   1.8000000e+01
   1.8709920e+06   1.7000000e+01
   1.8777430e+06   1.5000000e+01
   1.8838080e+06   2.0000000e+01
   1.8888830e+06   1.6000000e+01
   1.9084840e+06   1.6000000e+01
   1.9149900e+06   1.9000000e+01
   1.9423610e+06   1.8000000e+01
   1.9423900e+06   1.5000000e+01
   1.9435680e+06   1.5000000e+01
   1.9439560e+06   1.9000000e+01
   1.9458930e+06   1.5000000e+01
   1.9528360e+06   1.6000000e+01
   1.9701050e+06   2.0000000e+01
   1.9765830e+06   2.0000000e+01
   1.9795380e+06   2.2000000e+01
   2.0044140e+06   1.5000000e+01
   2.0051350e+06   1.5000000e+01
   2.0059090e+06   1.7000000e+01
   2.0059390e+06   1.5000000e+01
   2.0073730e+06   1.7000000e+01
   2.0220830e+06   1.6000000e+01
   2.0369100e+06   1.6000000e+01
   2.0417010e+06   1.5000000e+01
   2.0580890e+06   1.5000000e+01
   2.0804850e+06   1.9000000e+01
   2.0921900e+06   1.6000000e+01
   2.0928310e+06   1.5000000e+01
   2.0944860e+06   1.7000000e+01
   2.0978670e+06   2.2000000e+01
   2.1310210e+06   2.3000000e+01
   2.1343070e+06   1.8000000e+01
   2.1356570e+06   1.6000000e+01
   2.1384300e+06   1.5000000e+01
   2.1612230e+06   1.7000000e+01
   2.1656030e+06   1.7000000e+01
   2.1778630e+06   2.2000000e+01
   2.2034690e+06   1.5000000e+01
   2.2034950e+06   1.5000000e+01
   2.2063050e+06   1.5000000e+01
   2.2093480e+06   1.6000000e+01
   2.2143330e+06   2.1000000e+01
   2.2320090e+06   1.8000000e+01
   2.2320350e+06   1.5000000e+01
   2.2329000e+06   2.3000000e+01
   2.2330210e+06   1.6000000e+01
   2.2336150e+06   1.5000000e+01
   2.2347150e+06   1.5000000e+01
   2.2357390e+06   2.0000000e+01
   2.2630850e+06   1.6000000e+01
   2.2787670e+06   1.8000000e+01
   2.3028150e+06   2.0000000e+01
   2.3031640e+06   1.5000000e+01
   2.3048390e+06   1.6000000e+01
   2.3059120e+06   1.5000000e+01
   2.3313490e+06   1.5000000e+01
   2.3536200e+06   1.8000000e+01
   2.3545120e+06   1.5000000e+01
   2.3554390e+06   1.9000000e+01
   2.3589320e+06   1.6000000e+01
   2.3785550e+06   2.2000000e+01
   2.3922770e+06   1.6000000e+01
   2.3957480e+06   1.7000000e+01
   2.3971970e+06   1.8000000e+01
   2.4142160e+06   1.5000000e+01
   2.4165070e+06   1.5000000e+01
   2.4200790e+06   2.0000000e+01
   2.4295010e+06   1.8000000e+01
   2.4646570e+06   1.7000000e+01
   2.4647120e+06   1.5000000e+01
   2.4664890e+06   1.8000000e+01
   2.4693390e+06   1.7000000e+01
   2.4884320e+06   1.6000000e+01
   2.4965820e+06   1.6000000e+01
   2.5049310e+06   1.6000000e+01
   2.5069170e+06   1.8000000e+01
   2.5590500e+06   1.5000000e+01
   2.5607090e+06   1.5000000e+01
   2.5618600e+06   1.7000000e+01
   2.5630510e+06   2.1000000e+01
   2.5656500e+06   1.5000000e+01
   2.6142850e+06   1.8000000e+01
   2.6151000e+06   2.1000000e+01
   2.6155100e+06   1.5000000e+01
   2.6159280e+06   1.9000000e+01
   2.6170590e+06   1.5000000e+01
   2.6195580e+06   1.5000000e+01
   2.6510160e+06   2.0000000e+01
   2.6568780e+06   1.6000000e+01
   2.6579320e+06   1.5000000e+01
   2.6602610e+06   1.5000000e+01
   2.6731560e+06   1.7000000e+01
   2.6778160e+06   1.5000000e+01
   2.6937690e+06   1.5000000e+01
   2.6975880e+06   2.4000000e+01
   2.6990680e+06   1.6000000e+01
   2.6990960e+06   1.5000000e+01
   2.7004760e+06   1.5000000e+01
   2.7010460e+06   1.5000000e+01
   2.7018730e+06   1.6000000e+01
   2.7026650e+06   1.7000000e+01
   2.7054400e+06   1.8000000e+01
   2.7081710e+06   1.7000000e+01
   2.7263250e+06   1.5000000e+01
   2.7319520e+06   1.5000000e+01
   2.7512520e+06   2.0000000e+01
   2.7536080e+06   1.8000000e+01
   2.7723320e+06   1.6000000e+01
   2.7834530e+06   1.5000000e+01
   2.7867700e+06   2.0000000e+01
   2.7882270e+06   1.6000000e+01
   2.8204390e+06   1.5000000e+01
   2.8236390e+06   1.5000000e+01
   2.8351530e+06   2.0000000e+01
   2.8376230e+06   2.2000000e+01
   2.8549270e+06   2.0000000e+01
   2.8979270e+06   1.7000000e+01
   2.8988500e+06   1.5000000e+01
   2.8998560e+06   1.6000000e+01
   2.9005890e+06   1.5000000e+01
   2.9011040e+06   1.6000000e+01
   2.9017170e+06   1.7000000e+01
   2.9022390e+06   1.5000000e+01
   2.9028980e+06   1.9000000e+01
   2.9043860e+06   1.7000000e+01
   2.9052190e+06   1.6000000e+01
   2.9062550e+06   1.5000000e+01
   2.9076520e+06   1.8000000e+01
   2.9318540e+06   1.8000000e+01
   2.9412360e+06   1.9000000e+01
   2.9445300e+06   1.6000000e+01
   2.9445550e+06   1.5000000e+01
   2.9512060e+06   1.7000000e+01
   2.9563880e+06   1.9000000e+01
   2.9597960e+06   2.1000000e+01
   2.9683240e+06   1.6000000e+01
   2.9795790e+06   1.6000000e+01
   2.9803160e+06   1.7000000e+01
   2.9830070e+06   1.8000000e+01
   2.9974840e+06   1.8000000e+01
   3.0026940e+06   1.9000000e+01
   3.0068110e+06   1.7000000e+01
   3.0155390e+06   1.6000000e+01
   3.0185690e+06   1.9000000e+01
   3.0317250e+06   1.5000000e+01
   3.0386300e+06   1.5000000e+01
   3.0515500e+06   2.0000000e+01
   3.0705350e+06   1.7000000e+01
   3.0733900e+06   2.1000000e+01
   3.0735920e+06   1.6000000e+01
   3.0866020e+06   2.0000000e+01
   3.0965160e+06   1.7000000e+01
   3.1140530e+06   2.3000000e+01
   3.1351700e+06   1.9000000e+01
   3.1428220e+06   1.5000000e+01
   3.1436290e+06   1.9000000e+01
   3.1657240e+06   1.5000000e+01
   3.1675810e+06   1.5000000e+01
   3.1896650e+06   1.5000000e+01
   3.1912930e+06   1.7000000e+01
   3.1989100e+06   1.5000000e+01
   3.2004740e+06   1.6000000e+01
   3.2013290e+06   1.9000000e+01
   3.2018090e+06   1.5000000e+01
   3.2024910e+06   2.2000000e+01
   3.2025240e+06   1.7000000e+01
   3.2031930e+06   2.8000000e+01
   3.2043180e+06   2.0000000e+01
   3.2049200e+06   1.6000000e+01
   3.2058370e+06   1.7000000e+01
   3.2070070e+06   1.6000000e+01
   3.2264070e+06   1.7000000e+01
   3.2370490e+06   1.9000000e+01
   3.2397950e+06   1.6000000e+01
   3.2540650e+06   1.5000000e+01
   3.2644960e+06   1.8000000e+01
   3.2705630e+06   2.2000000e+01
   3.2816940e+06   2.3000000e+01
   3.3048800e+06   1.5000000e+01
   3.3071120e+06   1.6000000e+01
   3.3093050e+06   1.9000000e+01
   3.3107810e+06   1.8000000e+01
   3.3112070e+06   1.7000000e+01
   3.3116340e+06   1.7000000e+01
   3.3123890e+06   1.5000000e+01
   3.3133910e+06   1.5000000e+01
   3.3146730e+06   1.5000000e+01
   3.3153600e+06   1.8000000e+01
   3.3158380e+06   1.7000000e+01
   3.3158640e+06   1.6000000e+01
   3.3164840e+06   1.5000000e+01
   3.3176660e+06   1.9000000e+01
   3.3191860e+06   1.7000000e+01
   3.3523230e+06   1.5000000e+01
   3.3629280e+06   1.8000000e+01
   3.3680800e+06   1.8000000e+01
   3.3711360e+06   1.5000000e+01
   3.3755970e+06   1.6000000e+01
   3.3829460e+06   1.7000000e+01
   3.3947440e+06   1.8000000e+01
   3.3993810e+06   1.8000000e+01
   3.4001600e+06   1.7000000e+01
   3.4008530e+06   1.9000000e+01
   3.4013980e+06   1.6000000e+01
   3.4023160e+06   1.7000000e+01
   3.4047120e+06   1.5000000e+01
   3.4059320e+06   1.7000000e+01
   3.4080680e+06   1.8000000e+01
   3.4248670e+06   2.1000000e+01
   3.4503270e+06   1.6000000e+01
   3.4532310e+06   1.6000000e+01
   3.4756570e+06   1.7000000e+01
   3.4801010e+06   1.9000000e+01
   3.4801260e+06   1.5000000e+01
   3.4869270e+06   1.7000000e+01
   3.4951720e+06   1.6000000e+01
   3.5055850e+06   1.5000000e+01
   3.5191290e+06   1.5000000e+01
   3.5207450e+06   1.8000000e+01
   3.5262760e+06   1.5000000e+01
   3.5366830e+06   1.8000000e+01
   3.5587420e+06   1.6000000e+01
   3.5601050e+06   1.9000000e+01
   3.5777870e+06   1.5000000e+01
   3.6000590e+06   1.6000000e+01
   3.6021190e+06   1.6000000e+01
   3.6041350e+06   2.3000000e+01
   3.6109780e+06   2.0000000e+01
   3.6207310e+06   1.5000000e+01
   3.6363510e+06   1.7000000e+01
   3.6363840e+06   1.8000000e+01
   3.6492280e+06   1.7000000e+01
   3.6642390e+06   1.5000000e+01
   3.6661490e+06   1.8000000e+01
   3.6677080e+06   1.6000000e+01
   3.6704320e+06   1.5000000e+01
   3.6953540e+06   1.8000000e+01
   3.7015350e+06   1.6000000e+01
   3.7055990e+06   2.3000000e+01
   3.7092850e+06   1.5000000e+01
   3.7630080e+06   1.8000000e+01
   3.7643750e+06   1.7000000e+01
   3.7651260e+06   2.0000000e+01
   3.7660360e+06   1.6000000e+01
   3.7662170e+06   1.6000000e+01
   3.7665870e+06   1.6000000e+01
   3.7677250e+06   1.8000000e+01
   3.7682510e+06   1.6000000e+01
   3.7687420e+06   1.7000000e+01
   3.7694960e+06   1.5000000e+01
   3.7702220e+06   1.6000000e+01
   3.7712300e+06   1.5000000e+01
   3.7736070e+06   2.2000000e+01
   3.8007300e+06   2.0000000e+01
   3.8044550e+06   1.5000000e+01
   3.8078740e+06   1.5000000e+01
   3.8146760e+06   1.6000000e+01
   3.8258520e+06   1.9000000e+01
   3.8258800e+06   1.5000000e+01
   3.8289330e+06   1.6000000e+01
   3.8610270e+06   1.9000000e+01
   3.8627320e+06   2.0000000e+01
   3.8654310e+06   1.5000000e+01
   3.8657960e+06   1.5000000e+01
   3.8979390e+06   1.6000000e+01
   3.9011840e+06   2.0000000e+01
   3.9043510e+06   1.5000000e+01
   3.9186380e+06   2.0000000e+01
   3.9226150e+06   1.6000000e+01
   3.9425800e+06   1.7000000e+01
   3.9426070e+06   1.5000000e+01
   3.9944280e+06   1.5000000e+01
   3.9981340e+06   1.6000000e+01
   4.0013470e+06   1.6000000e+01
   4.0061520e+06   1.5000000e+01
   4.0300870e+06   1.5000000e+01
   4.0326670e+06   1.5000000e+01
   4.0360690e+06   1.7000000e+01
   4.0586470e+06   1.6000000e+01
   4.0699850e+06   1.5000000e+01
   4.1017740e+06   1.8000000e+01
   4.1025730e+06   1.6000000e+01
   4.1033650e+06   1.7000000e+01
   4.1289980e+06   1.7000000e+01
   4.1350960e+06   1.5000000e+01
   4.1487940e+06   1.5000000e+01
   4.2003140e+06   1.6000000e+01
   4.2003480e+06   1.5000000e+01
   4.2028560e+06   1.5000000e+01
   4.2158890e+06   1.5000000e+01
   4.2349000e+06   1.6000000e+01
   4.2366340e+06   1.6000000e+01
   4.2466810e+06   2.5000000e+01
   4.2606200e+06   2.3000000e+01
   4.2632010e+06   1.7000000e+01
   4.2729710e+06   1.9000000e+01
   4.3040870e+06   1.7000000e+01
   4.3133380e+06   2.0000000e+01
   4.3145230e+06   1.5000000e+01
   4.3150600e+06   1.5000000e+01
   4.3159420e+06   1.7000000e+01
   4.3168030e+06   1.8000000e+01
   4.3173640e+06   1.9000000e+01
   4.3182440e+06   1.8000000e+01
   4.3189110e+06   1.8000000e+01
   4.3197600e+06   2.0000000e+01
   4.3204130e+06   2.2000000e+01
   4.3214710e+06   1.5000000e+01
   4.3225060e+06   1.9000000e+01
   4.3243080e+06   2.2000000e+01
   4.3407080e+06   1.5000000e+01
   4.3513850e+06   1.6000000e+01
   4.3616580e+06   1.6000000e+01
   4.3616840e+06   1.8000000e+01
   4.3656320e+06   1.7000000e+01
   4.3673950e+06   1.6000000e+01
   4.3726830e+06   2.2000000e+01
   4.3871280e+06   1.5000000e+01
   4.3979810e+06   1.5000000e+01
   4.4018820e+06   1.8000000e+01
   4.4023520e+06   1.9000000e+01
   4.4031700e+06   1.6000000e+01
   4.4433780e+06   1.5000000e+01
   4.4574940e+06   1.6000000e+01
   4.4583400e+06   1.7000000e+01
   4.4596080e+06   1.5000000e+01
   4.4609030e+06   2.1000000e+01
   4.4636430e+06   2.3000000e+01
   4.4660330e+06   1.7000000e+01
   4.4673470e+06   1.7000000e+01
   4.4687650e+06   2.1000000e+01
   4.4711590e+06   2.5000000e+01
   4.4726550e+06   1.6000000e+01
   4.4868540e+06   2.1000000e+01
   4.4936740e+06   1.6000000e+01
   4.5170490e+06   1.9000000e+01
   4.5314310e+06   2.1000000e+01
   4.5422480e+06   2.3000000e+01
   4.5430270e+06   1.5000000e+01
   4.5657210e+06   1.9000000e+01
   4.5844110e+06   2.0000000e+01
   4.5857000e+06   1.6000000e+01
   4.5884010e+06   1.6000000e+01
   4.5916010e+06   1.5000000e+01
   4.5976210e+06   1.7000000e+01
   4.6007900e+06   1.9000000e+01
   4.6434450e+06   1.6000000e+01
   4.6478070e+06   1.5000000e+01
   4.6545180e+06   1.7000000e+01
   4.6545470e+06   1.7000000e+01
   4.6569370e+06   1.7000000e+01
   4.6660500e+06   2.3000000e+01
   4.7074470e+06   1.5000000e+01
   4.7079320e+06   1.5000000e+01
   4.7093360e+06   1.9000000e+01
   4.7099790e+06   2.1000000e+01
   4.7108940e+06   1.6000000e+01
   4.7120170e+06   1.6000000e+01
   4.7130920e+06   1.8000000e+01
   4.7140580e+06   1.7000000e+01
   4.7148580e+06   1.5000000e+01
   4.7173250e+06   1.6000000e+01
   4.7338950e+06   1.5000000e+01
   4.7409640e+06   1.6000000e+01
   4.7425550e+06   1.7000000e+01
   4.7458510e+06   1.6000000e+01
   4.7672440e+06   1.6000000e+01
   4.7712640e+06   1.6000000e+01
   4.7871550e+06   1.5000000e+01
   4.7956270e+06   1.5000000e+01
   4.7993280e+06   1.7000000e+01
   4.8023950e+06   1.6000000e+01
   4.8089210e+06   1.5000000e+01
   4.8230990e+06   1.6000000e+01
   4.8277400e+06   2.5000000e+01
   4.8592330e+06   1.5000000e+01
   4.8624750e+06   2.0000000e+01
   4.8635190e+06   1.6000000e+01
   4.8635500e+06   1.5000000e+01
   4.9146910e+06   1.6000000e+01
   4.9227830e+06   2.2000000e+01
   4.9318140e+06   1.5000000e+01
   5.0023560e+06   1.6000000e+01
   5.0547370e+06   1.5000000e+01
   5.0679090e+06   2.2000000e+01
   5.0733410e+06   1.8000000e+01
   5.0929460e+06   1.6000000e+01
   5.1180130e+06   1.5000000e+01
   5.1194840e+06   1.5000000e+01
   5.1214470e+06   1.6000000e+01
   5.1717850e+06   1.8000000e+01
   5.2106070e+06   1.9000000e+01
   5.2230350e+06   1.5000000e+01
   5.2295250e+06   1.6000000e+01
   5.2686720e+06   1.7000000e+01
   5.2696120e+06   1.6000000e+01
   5.2879530e+06   1.5000000e+01
   5.3302500e+06   1.9000000e+01
   5.3375530e+06   2.2000000e+01
   5.3494790e+06   1.5000000e+01
   5.3538580e+06   2.0000000e+01
   5.3548670e+06   1.6000000e+01
   5.3723150e+06   1.7000000e+01
   5.3922300e+06   1.7000000e+01
   5.4088150e+06   1.8000000e+01
   5.4433180e+06   1.6000000e+01
   5.4436380e+06   1.9000000e+01
   5.4453440e+06   2.2000000e+01
   5.4624410e+06   2.1000000e+01
   5.4757700e+06   1.7000000e+01
   5.4783300e+06   2.0000000e+01
   5.4790970e+06   1.6000000e+01
   5.4806310e+06   1.9000000e+01
   5.4887230e+06   1.6000000e+01
   5.4956170e+06   2.0000000e+01
   5.5013750e+06   1.5000000e+01
   5.5089110e+06   1.6000000e+01
   5.5273120e+06   1.6000000e+01
   5.5526420e+06   1.6000000e+01
   5.5747320e+06   1.6000000e+01
   5.5857500e+06   1.9000000e+01
   5.6163590e+06   1.5000000e+01
   5.6170830e+06   1.6000000e+01
   5.6188420e+06   1.5000000e+01
   5.6329530e+06   1.6000000e+01
   5.6411210e+06   1.7000000e+01
   5.6519370e+06   1.7000000e+01
   5.6796930e+06   2.0000000e+01
   5.7035220e+06   2.4000000e+01
   5.7400270e+06   2.0000000e+01
   5.7478400e+06   1.7000000e+01
   5.7599830e+06   1.6000000e+01
   5.7695150e+06   1.6000000e+01
   5.8025520e+06   1.5000000e+01
   5.8234660e+06   2.0000000e+01
   5.8338980e+06   1.6000000e+01
   5.8339930e+06   1.7000000e+01
   5.8404790e+06   1.7000000e+01
   5.8514460e+06   1.7000000e+01
   5.8672700e+06   1.5000000e+01
   5.8799080e+06   1.5000000e+01
   5.8830090e+06   1.7000000e+01
   5.8890940e+06   1.5000000e+01
   5.9070130e+06   2.1000000e+01
   5.9108120e+06   1.8000000e+01
   5.9181470e+06   1.6000000e+01
   5.9240580e+06   1.5000000e+01
   5.9324620e+06   2.1000000e+01
   5.9461360e+06   1.6000000e+01
   5.9471320e+06   1.9000000e+01
   5.9475400e+06   1.5000000e+01
   5.9490200e+06   2.2000000e+01
   5.9645840e+06   1.7000000e+01
   5.9687890e+06   1.7000000e+01
   5.9688180e+06   1.5000000e+01
   5.9702070e+06   2.0000000e+01
   5.9702320e+06   1.7000000e+01
   5.9988080e+06   1.8000000e+01
   5.9998910e+06   1.7000000e+01
   5.9999880e+06   1.6000000e+01
   6.0152800e+06   1.5000000e+01
   6.0251700e+06   1.5000000e+01
   6.0385970e+06   2.0000000e+01
   6.0577450e+06   1.7000000e+01
   6.0811300e+06   1.8000000e+01
   6.0854060e+06   2.1000000e+01
   6.0946860e+06   1.5000000e+01
   6.1025010e+06   1.7000000e+01
   6.1242790e+06   1.8000000e+01
   6.1251610e+06   1.8000000e+01
   6.1270660e+06   1.6000000e+01
   6.1346660e+06   1.5000000e+01
   6.1602230e+06   1.5000000e+01
   6.1685450e+06   1.5000000e+01
   6.1733040e+06   2.1000000e+01
   6.1784780e+06   1.8000000e+01
   6.2407680e+06   1.5000000e+01
   6.2518960e+06   2.0000000e+01
   6.2767650e+06   1.6000000e+01
   6.2937830e+06   2.1000000e+01
   6.3158320e+06   2.4000000e+01
   6.3226610e+06   1.6000000e+01
   6.3285520e+06   1.5000000e+01
   6.3581070e+06   1.7000000e+01
   6.3641880e+06   2.0000000e+01
   6.3795030e+06   1.6000000e+01
   6.4002580e+06   1.5000000e+01
   6.4019070e+06   1.6000000e+01
   6.4030730e+06   1.7000000e+01
   6.4151370e+06   1.5000000e+01
   6.4212790e+06   2.2000000e+01
   6.4360320e+06   2.3000000e+01
   6.4360600e+06   1.7000000e+01
   6.4374050e+06   1.7000000e+01
   6.4407170e+06   1.6000000e+01
   6.4421510e+06   1.7000000e+01
   6.4653220e+06   1.7000000e+01
   6.4702030e+06   1.5000000e+01
   6.4916750e+06   1.7000000e+01
   6.5218110e+06   1.7000000e+01
   6.5396640e+06   1.7000000e+01
   6.5458670e+06   1.8000000e+01
   6.5458940e+06   1.8000000e+01
   6.5460530e+06   1.5000000e+01
   6.5612950e+06   1.7000000e+01
   6.5798540e+06   1.5000000e+01
   6.5823770e+06   1.8000000e+01
   6.6007620e+06   1.7000000e+01
   6.6143200e+06   1.5000000e+01
   6.6681170e+06   2.6000000e+01
   6.6714970e+06   1.6000000e+01
   6.6715230e+06   1.5000000e+01
   6.6829760e+06   2.2000000e+01
   6.7040600e+06   1.5000000e+01
   6.7105160e+06   1.8000000e+01
   6.7440300e+06   1.6000000e+01
   6.7614160e+06   1.6000000e+01
   6.7629120e+06   2.0000000e+01
   6.7629380e+06   1.5000000e+01
   6.7831340e+06   1.8000000e+01
   6.7865220e+06   1.7000000e+01
   6.7879930e+06   2.3000000e+01
   6.7900780e+06   1.9000000e+01
   6.7929310e+06   1.6000000e+01
   6.8011740e+06   1.6000000e+01
   6.8282080e+06   1.7000000e+01
   6.8411190e+06   1.5000000e+01
   6.8434780e+06   1.6000000e+01
   6.8548860e+06   1.5000000e+01
   6.8656580e+06   1.7000000e+01
   6.8777960e+06   1.9000000e+01
   6.8866580e+06   2.0000000e+01
   6.9217580e+06   1.7000000e+01
   6.9355030e+06   1.9000000e+01
   6.9546000e+06   1.7000000e+01
   6.9825180e+06   1.6000000e+01
   6.9853990e+06   1.8000000e+01
   7.0482200e+06   2.1000000e+01
   7.0487940e+06   1.7000000e+01
   7.0505700e+06   1.7000000e+01
   7.0723270e+06   1.5000000e+01
   7.1011860e+06   2.0000000e+01
   7.1161450e+06   1.5000000e+01
   7.1539000e+06   2.0000000e+01
   7.1568970e+06   1.6000000e+01
   7.1586090e+06   1.9000000e+01
   7.1865810e+06   1.6000000e+01
   7.1905200e+06   1.7000000e+01
   7.2161660e+06   1.5000000e+01
   7.2195300e+06   1.8000000e+01
   7.2195550e+06   1.6000000e+01
   7.2335580e+06   1.6000000e+01
   7.2385150e+06   1.7000000e+01
   7.2385500e+06   1.6000000e+01
   7.2780030e+06   2.1000000e+01
   7.2789580e+06   1.5000000e+01
   7.2802800e+06   1.8000000e+01
   7.2815000e+06   1.6000000e+01
   7.2828640e+06   1.5000000e+01
   7.2855430e+06   1.6000000e+01
   7.2992370e+06   1.6000000e+01
   7.3491190e+06   1.7000000e+01
   7.3505300e+06   2.3000000e+01
   7.3520490e+06   1.8000000e+01
   7.3533440e+06   1.6000000e+01
   7.3706660e+06   1.6000000e+01
   7.3751460e+06   1.8000000e+01
   7.3928030e+06   1.6000000e+01
   7.4215000e+06   1.7000000e+01
   7.4253730e+06   1.7000000e+01
   7.4589830e+06   1.7000000e+01
   7.4738310e+06   1.5000000e+01
   7.4751750e+06   2.0000000e+01
   7.4759230e+06   1.5000000e+01
   7.4781980e+06   1.5000000e+01
   7.4870340e+06   1.6000000e+01
   7.4954090e+06   2.1000000e+01
