   3.0000000e+06   0.0000000e+00
   9.7250000e+03   3.1799316e+01
   1.0066000e+04   3.0151367e+01
   1.0217000e+04   3.0029297e+01
   4.1384000e+04   3.0090332e+01
   4.1707000e+04   3.2470703e+01
   4.1765000e+04   3.0761719e+01
   4.1865000e+04   3.1494141e+01
   4.1922000e+04   3.0151367e+01
   4.2453000e+04   3.2165527e+01
   7.7827000e+04   3.1494141e+01
   7.8091000e+04   3.0151367e+01
   7.8144000e+04   3.0578613e+01
   7.8175000e+04   3.0151367e+01
   7.8294000e+04   4.2053223e+01
   7.8412000e+04   3.1127930e+01
   1.0745200e+05   3.0273438e+01
   1.0864500e+05   3.0029297e+01
   1.0872400e+05   3.0212402e+01
   1.0929900e+05   3.0151367e+01
   1.3176500e+05   3.2653809e+01
   1.5715300e+05   3.0456543e+01
   1.5727600e+05   3.0029297e+01
   1.5748200e+05   3.4545898e+01
   1.5762500e+05   3.3691406e+01
   1.5776200e+05   3.0517578e+01
   1.5787300e+05   3.0517578e+01
   1.5795300e+05   3.6010742e+01
   1.5825000e+05   3.1372070e+01
   1.5852500e+05   3.0822754e+01
   1.5864500e+05   3.0029297e+01
   1.7323800e+05   3.3874512e+01
   1.7354100e+05   3.4606934e+01
   1.7370000e+05   3.2409668e+01
   1.7371100e+05   3.5461426e+01
   1.7384800e+05   3.2348633e+01
   1.7391900e+05   3.2287598e+01
   1.8763500e+05   3.0517578e+01
   1.8768100e+05   3.0029297e+01
   1.8774800e+05   3.7719727e+01
   1.8787900e+05   3.0517578e+01
   1.8793200e+05   3.3996582e+01
   1.8795900e+05   3.5339355e+01
   1.8808000e+05   3.6621094e+01
   1.8872600e+05   3.0395508e+01
   1.9773500e+05   3.0395508e+01
   1.9788100e+05   3.0822754e+01
   2.0802800e+05   3.5217285e+01
   2.0807700e+05   4.3884277e+01
   2.0813100e+05   3.2348633e+01
   2.0831600e+05   3.1311035e+01
   2.0841000e+05   3.4179688e+01
   2.0859400e+05   3.0700684e+01
   2.1997400e+05   3.3996582e+01
   2.2002100e+05   3.6437988e+01
   2.2003400e+05   3.7170410e+01
   2.2011500e+05   3.2470703e+01
   2.2027200e+05   3.0578613e+01
   2.2151700e+05   3.0395508e+01
   2.2927100e+05   3.1250000e+01
   2.2937200e+05   3.3386230e+01
   2.2943600e+05   3.0334473e+01
   2.4038400e+05   3.0761719e+01
   2.4040500e+05   3.3081055e+01
   2.4043500e+05   3.3081055e+01
   2.4066900e+05   3.2287598e+01
   2.4078800e+05   3.4606934e+01
   2.4082200e+05   2.9968262e+01
   2.4135900e+05   3.1494141e+01
   2.4947300e+05   3.3203125e+01
   2.5476700e+05   3.5949707e+01
   2.5578700e+05   3.1066895e+01
   2.6106900e+05   3.1799316e+01
   2.6113800e+05   3.1555176e+01
   2.6217300e+05   3.3508301e+01
   2.6593200e+05   3.3081055e+01
   2.6623000e+05   3.4729004e+01
   2.6974900e+05   3.5888672e+01
   2.6980400e+05   3.2226563e+01
   2.7359200e+05   3.3386230e+01
   2.7429100e+05   3.2226563e+01
   2.8340900e+05   3.1005859e+01
   2.8361000e+05   3.4240723e+01
   2.8832000e+05   3.0273438e+01
   2.9269100e+05   3.0883789e+01
   2.9813200e+05   3.1799316e+01
   2.9851100e+05   3.1677246e+01
   3.0614200e+05   3.1005859e+01
   3.0618800e+05   3.5217285e+01
   3.0620100e+05   3.3996582e+01
   3.0701900e+05   3.4118652e+01
   3.0732600e+05   3.0944824e+01
   3.1583600e+05   3.2958984e+01
   3.1588100e+05   3.0456543e+01
   3.2630200e+05   3.0700684e+01
   3.2636500e+05   3.0395508e+01
   3.3172700e+05   3.0334473e+01
   3.3221500e+05   3.2958984e+01
   3.3625000e+05   3.0761719e+01
   3.3651400e+05   3.1921387e+01
   3.4257800e+05   3.2043457e+01
   3.4270300e+05   3.0883789e+01
   3.5021200e+05   3.4423828e+01
   3.5043200e+05   3.0334473e+01
   3.5150200e+05   2.9968262e+01
   3.5585600e+05   3.0822754e+01
   3.6012200e+05   3.2470703e+01
   3.6375700e+05   3.5583496e+01
   3.6400900e+05   3.3691406e+01
   3.6423000e+05   3.0029297e+01
   3.6811000e+05   3.2165527e+01
   3.7459700e+05   3.2897949e+01
   3.8332000e+05   3.3630371e+01
   3.8334500e+05   3.3752441e+01
   3.8372800e+05   3.0578613e+01
   3.9164000e+05   3.0944824e+01
   3.9928500e+05   3.0578613e+01
   4.0004100e+05   2.9907227e+01
   4.0713200e+05   3.0944824e+01
   4.0721300e+05   3.0273438e+01
   4.0727700e+05   3.1799316e+01
   4.0739000e+05   3.6682129e+01
   4.1175300e+05   3.0883789e+01
   4.1986600e+05   3.1433105e+01
   4.1989500e+05   3.2531738e+01
   4.2001300e+05   3.3142090e+01
   4.2878700e+05   3.2104492e+01
   4.2897500e+05   3.3081055e+01
   4.2930900e+05   3.6560059e+01
   4.2993300e+05   3.1311035e+01
   4.3783100e+05   3.3569336e+01
   4.3785000e+05   3.1188965e+01
   4.4703200e+05   3.5644531e+01
   4.4704800e+05   3.0944824e+01
   4.4713200e+05   3.1921387e+01
   4.4716900e+05   3.1372070e+01
   4.4765900e+05   3.0761719e+01
   4.5680400e+05   3.0700684e+01
   4.5715400e+05   3.1127930e+01
   4.6702400e+05   3.1250000e+01
   4.6711800e+05   3.4973145e+01
   4.6724700e+05   3.1005859e+01
   4.6740300e+05   3.0029297e+01
   4.7855300e+05   3.4301758e+01
   4.8874000e+05   3.0578613e+01
   4.8917800e+05   3.0639648e+01
   5.0044800e+05   3.5522461e+01
   5.0055400e+05   3.3569336e+01
   5.0068000e+05   3.3020020e+01
   5.0076000e+05   3.3020020e+01
   5.0083000e+05   3.0883789e+01
   5.0097800e+05   3.1860352e+01
   5.1598700e+05   3.6560059e+01
   5.1610700e+05   3.0212402e+01
   5.1612700e+05   3.7536621e+01
   5.1618500e+05   3.1860352e+01
   5.1622800e+05   3.0761719e+01
   5.1686200e+05   3.3447266e+01
   5.1694700e+05   3.1555176e+01
   5.2674900e+05   2.9968262e+01
   5.2677400e+05   3.0639648e+01
   5.2692100e+05   3.3752441e+01
   5.2701300e+05   3.0273438e+01
   5.3673200e+05   3.4118652e+01
   5.3707700e+05   3.1433105e+01
   5.5254700e+05   3.0639648e+01
   5.5260400e+05   3.2043457e+01
   5.8889900e+05   3.0273438e+01
   5.8896400e+05   3.3325195e+01
   5.8898800e+05   3.1921387e+01
   5.8900700e+05   3.8269043e+01
   5.8910700e+05   3.3447266e+01
   5.8919500e+05   3.2104492e+01
   5.8922100e+05   3.6193848e+01
   5.8931300e+05   3.0700684e+01
   5.8938800e+05   3.0639648e+01
   5.8949200e+05   3.0273438e+01
   5.8953600e+05   3.8024902e+01
   5.8958500e+05   3.0029297e+01
   5.8981900e+05   3.0944824e+01
   5.9621800e+05   3.5583496e+01
   6.1552700e+05   3.7109375e+01
   6.1557400e+05   3.5522461e+01
   6.1561400e+05   3.2043457e+01
   6.2425300e+05   3.4973145e+01
   6.3885600e+05   3.6560059e+01
   6.3887900e+05   3.4362793e+01
   6.3892000e+05   3.0761719e+01
   6.3894200e+05   3.1738281e+01
   6.3904400e+05   3.1250000e+01
   6.3909700e+05   3.4484863e+01
   6.3912900e+05   3.0090332e+01
   6.3919600e+05   3.0944824e+01
   6.3942200e+05   3.1005859e+01
   6.3954600e+05   3.0456543e+01
   6.3964700e+05   3.6682129e+01
   6.5027300e+05   3.6987305e+01
   6.5044100e+05   2.9907227e+01
   6.5049700e+05   3.2653809e+01
   6.5053200e+05   3.4362793e+01
   6.5054600e+05   3.3325195e+01
   6.5069500e+05   3.0822754e+01
   6.7715400e+05   3.2714844e+01
   6.7717300e+05   3.2470703e+01
   6.7722800e+05   4.4372559e+01
   6.7729400e+05   4.3701172e+01
   6.7751900e+05   3.0761719e+01
   6.7758000e+05   3.4118652e+01
   6.7763600e+05   3.1677246e+01
   6.7770600e+05   3.7231445e+01
   6.7784300e+05   3.1555176e+01
   6.8741700e+05   3.1677246e+01
   6.9223700e+05   3.3935547e+01
   6.9794100e+05   3.0029297e+01
   6.9801500e+05   3.5095215e+01
   7.1431800e+05   3.3813477e+01
   7.1456700e+05   3.0700684e+01
   7.1463400e+05   3.4667969e+01
   7.1473000e+05   3.0822754e+01
   7.4753700e+05   3.6560059e+01
   7.4757200e+05   3.8452148e+01
   7.4761100e+05   3.0517578e+01
   7.4763100e+05   3.1188965e+01
   7.4779200e+05   3.1677246e+01
   7.4809700e+05   3.2043457e+01
   7.4815500e+05   3.7597656e+01
   7.5693400e+05   3.4606934e+01
   7.5709400e+05   2.9907227e+01
   7.6297000e+05   3.1311035e+01
   7.6919800e+05   3.0456543e+01
   7.7534700e+05   3.1921387e+01
   7.7550500e+05   3.1982422e+01
   7.8313700e+05   3.5156250e+01
   7.8319400e+05   3.0944824e+01
   7.8332400e+05   3.4179688e+01
   7.8336800e+05   3.1188965e+01
   7.9557400e+05   3.1921387e+01
   7.9559900e+05   3.0639648e+01
   7.9568500e+05   3.0090332e+01
   7.9581700e+05   3.6804199e+01
   7.9583200e+05   3.0212402e+01
   7.9589800e+05   3.3020020e+01
   7.9594200e+05   3.0090332e+01
   7.9633500e+05   3.3691406e+01
   8.4527400e+05   4.3579102e+01
   8.4539900e+05   3.1433105e+01
   8.4546400e+05   3.5583496e+01
   8.4547500e+05   3.0822754e+01
   8.4555800e+05   3.0029297e+01
   8.4557200e+05   3.1433105e+01
   8.4559100e+05   3.0273438e+01
   8.4567800e+05   3.7414551e+01
   8.4570800e+05   3.6804199e+01
   8.4576900e+05   3.0029297e+01
   8.4581600e+05   3.3508301e+01
   8.4590300e+05   3.2592773e+01
   8.4734300e+05   3.0761719e+01
   8.5453900e+05   3.1127930e+01
   8.5456000e+05   2.9968262e+01
   8.5462500e+05   3.6071777e+01
   8.5475300e+05   3.0944824e+01
   8.5535200e+05   3.0273438e+01
   8.6133900e+05   3.0578613e+01
   8.6157800e+05   3.5400391e+01
   8.6172800e+05   3.1799316e+01
   8.6194000e+05   3.2043457e+01
   8.7129400e+05   3.2836914e+01
   8.7138400e+05   3.2897949e+01
   8.7139900e+05   3.2287598e+01
   8.7145000e+05   3.0639648e+01
   8.7155000e+05   3.1921387e+01
   8.7161500e+05   3.1188965e+01
   8.7173700e+05   3.1433105e+01
   9.1670400e+05   3.0883789e+01
   9.1682200e+05   3.1250000e+01
   9.1696700e+05   3.1188965e+01
   9.1699300e+05   4.0649414e+01
   9.1702600e+05   3.4057617e+01
   9.1718700e+05   3.7170410e+01
   9.1722000e+05   3.6499023e+01
   9.1740100e+05   3.0029297e+01
   9.1820000e+05   3.3264160e+01
   9.1855500e+05   3.0517578e+01
   9.1875300e+05   2.9907227e+01
   9.2751700e+05   3.2043457e+01
   9.2769900e+05   3.1433105e+01
   9.2773800e+05   3.4912109e+01
   9.2809400e+05   3.1921387e+01
   9.3555800e+05   3.0456543e+01
   9.4194000e+05   3.4423828e+01
   9.4197500e+05   3.3081055e+01
   9.4206800e+05   3.1066895e+01
   9.4215400e+05   3.1433105e+01
   9.4962700e+05   3.1250000e+01
   9.4975100e+05   3.0578613e+01
   9.4978000e+05   3.6499023e+01
   9.4981400e+05   3.4362793e+01
   9.4984400e+05   2.9968262e+01
   9.5721800e+05   3.2836914e+01
   9.5725900e+05   3.0273438e+01
   9.5727700e+05   3.0334473e+01
   9.5738400e+05   3.0944824e+01
   9.5766300e+05   3.1188965e+01
   9.6627000e+05   3.4606934e+01
   9.6646900e+05   3.3325195e+01
   9.9074200e+05   3.4057617e+01
   9.9076500e+05   3.0883789e+01
   9.9083100e+05   4.2114258e+01
   9.9087000e+05   3.1005859e+01
   9.9100800e+05   3.4179688e+01
   9.9107400e+05   3.0883789e+01
   9.9117800e+05   3.0822754e+01
   1.0007880e+06   3.3569336e+01
   1.0012850e+06   3.3203125e+01
   1.0075860e+06   3.0883789e+01
   1.0076120e+06   3.2653809e+01
   1.0077090e+06   3.0944824e+01
   1.0078660e+06   3.1982422e+01
   1.0252890e+06   3.0578613e+01
   1.0253440e+06   3.0639648e+01
   1.0254420e+06   3.1494141e+01
   1.0254700e+06   2.9968262e+01
   1.0256720e+06   3.1372070e+01
   1.0259460e+06   3.1066895e+01
   1.0259810e+06   3.0639648e+01
   1.0262080e+06   3.0334473e+01
   1.0388850e+06   3.2470703e+01
   1.0389090e+06   3.2226563e+01
   1.0390470e+06   3.0517578e+01
   1.0642370e+06   3.2836914e+01
   1.0642980e+06   3.0761719e+01
   1.0643460e+06   3.0029297e+01
   1.0644150e+06   3.1555176e+01
   1.0644560e+06   3.1188965e+01
   1.0645030e+06   3.3508301e+01
   1.0646090e+06   3.2226563e+01
   1.0647350e+06   3.0151367e+01
   1.0648790e+06   3.4667969e+01
   1.0656210e+06   3.0578613e+01
   1.0915640e+06   3.7414551e+01
   1.0921200e+06   3.2165527e+01
   1.0923580e+06   3.4912109e+01
   1.0945660e+06   3.1677246e+01
   1.3023450e+06   3.1250000e+01
   1.3038330e+06   3.1494141e+01
   1.3038500e+06   4.0588379e+01
   1.3038940e+06   3.0639648e+01
   1.3039830e+06   3.1494141e+01
   1.3040000e+06   3.1921387e+01
   1.3040290e+06   3.2531738e+01
   1.3040890e+06   3.5095215e+01
   1.3041470e+06   3.1372070e+01
   1.3042370e+06   3.1372070e+01
   1.3044160e+06   3.1555176e+01
   1.3044300e+06   3.1616211e+01
   1.3044690e+06   3.7475586e+01
   1.3045060e+06   3.3691406e+01
   1.4268780e+06   3.6132813e+01
   1.4269610e+06   3.0883789e+01
   1.4270370e+06   3.5400391e+01
   1.4271320e+06   3.0456543e+01
   1.4272500e+06   3.2714844e+01
   1.4273170e+06   3.3020020e+01
   1.4273710e+06   3.4118652e+01
   1.4274420e+06   3.6132813e+01
   1.4274840e+06   3.4790039e+01
   1.4567090e+06   3.0151367e+01
   1.4567190e+06   3.8085938e+01
   1.4567510e+06   3.5644531e+01
   1.4567750e+06   3.2226563e+01
   1.4568120e+06   3.4240723e+01
   1.4568480e+06   3.8696289e+01
   1.4568770e+06   3.1982422e+01
   1.4568910e+06   3.5522461e+01
   1.4569650e+06   3.0578613e+01
   1.4570450e+06   3.3813477e+01
   1.4578040e+06   3.0883789e+01
   1.4581750e+06   3.5461426e+01
   1.4585100e+06   3.0090332e+01
   1.5095260e+06   3.1982422e+01
   1.5097200e+06   3.2409668e+01
   1.5097450e+06   3.0395508e+01
   1.5097790e+06   3.0517578e+01
   1.5098150e+06   3.3447266e+01
   1.5099010e+06   3.1738281e+01
   1.5099390e+06   3.1005859e+01
   1.5099910e+06   2.9968262e+01
   1.5100230e+06   3.8085938e+01
   1.5100500e+06   3.0883789e+01
   1.5101270e+06   3.6499023e+01
   1.5101470e+06   3.0029297e+01
   1.5106130e+06   2.9907227e+01
   1.5107080e+06   3.1250000e+01
   1.5108630e+06   3.0029297e+01
   1.5114060e+06   3.4606934e+01
   1.5120860e+06   3.1372070e+01
   1.5188860e+06   3.1005859e+01
   1.5189030e+06   3.0212402e+01
   1.5189350e+06   3.2043457e+01
   1.5189660e+06   3.4729004e+01
   1.5190650e+06   3.0334473e+01
   1.5192050e+06   3.4790039e+01
   1.5192950e+06   3.8085938e+01
   1.5782990e+06   3.5339355e+01
   1.5783150e+06   5.1757813e+01
   1.5783450e+06   3.4790039e+01
   1.5784020e+06   3.1188965e+01
   1.5784960e+06   3.0151367e+01
   1.5785600e+06   3.0761719e+01
   1.5785850e+06   3.4057617e+01
   1.5786300e+06   3.0212402e+01
   1.5788090e+06   3.3813477e+01
   1.5789180e+06   3.2226563e+01
   1.5794000e+06   3.0639648e+01
   1.5863630e+06   3.0029297e+01
   1.5865360e+06   3.2897949e+01
   1.5866670e+06   2.9968262e+01
   1.5872880e+06   3.0944824e+01
   1.5874830e+06   3.3325195e+01
   1.5877450e+06   3.1433105e+01
   1.6015310e+06   3.0090332e+01
   1.6015760e+06   3.5644531e+01
   1.6016550e+06   3.3630371e+01
   1.6018560e+06   3.3691406e+01
   1.6025160e+06   3.0822754e+01
   1.6555390e+06   3.3203125e+01
   1.6555600e+06   3.6193848e+01
   1.6556230e+06   3.6560059e+01
   1.6557020e+06   3.0151367e+01
   1.6557240e+06   3.0395508e+01
   1.6557420e+06   3.0883789e+01
   1.6559320e+06   3.3142090e+01
   1.6559860e+06   3.1066895e+01
   1.6571430e+06   3.1921387e+01
   1.6574210e+06   3.1005859e+01
   1.6630210e+06   3.0395508e+01
   1.6665300e+06   3.2287598e+01
   1.6695520e+06   3.0334473e+01
   1.6800940e+06   3.4362793e+01
   1.6801810e+06   3.1982422e+01
   1.6802020e+06   3.0822754e+01
   1.6803110e+06   3.1799316e+01
   1.6840860e+06   3.1372070e+01
   1.6862410e+06   3.4851074e+01
   1.6986430e+06   3.0212402e+01
   1.6986950e+06   3.0395508e+01
   1.6987390e+06   3.1066895e+01
   1.6987680e+06   3.5278320e+01
   1.6988360e+06   3.4484863e+01
   1.6990530e+06   3.1738281e+01
   1.6991780e+06   3.1005859e+01
   1.7008940e+06   3.0029297e+01
   1.7040150e+06   3.4790039e+01
   1.7080420e+06   3.2775879e+01
   1.7083600e+06   3.5583496e+01
   1.7137510e+06   3.4912109e+01
   1.7174940e+06   3.0151367e+01
   1.7175470e+06   3.3874512e+01
   1.7176550e+06   3.2714844e+01
   1.7839880e+06   3.7841797e+01
   1.7840020e+06   3.2165527e+01
   1.7840260e+06   3.4118652e+01
   1.7840780e+06   3.4606934e+01
   1.7841020e+06   3.6132813e+01
   1.7841670e+06   3.1005859e+01
   1.7841900e+06   3.1066895e+01
   1.7842270e+06   2.9907227e+01
   1.7843330e+06   3.4790039e+01
   1.7844690e+06   3.1555176e+01
   1.7846370e+06   2.9907227e+01
   1.7915930e+06   3.2653809e+01
   1.7919250e+06   3.1005859e+01
   1.7924590e+06   3.1005859e+01
   1.8033850e+06   3.2897949e+01
   1.8033980e+06   3.0944824e+01
   1.8034590e+06   3.3386230e+01
   1.8034840e+06   3.2592773e+01
   1.8035100e+06   3.4179688e+01
   1.8035390e+06   3.1860352e+01
   1.8035740e+06   4.2114258e+01
   1.8035880e+06   3.8696289e+01
   1.8037710e+06   3.3630371e+01
   1.8038330e+06   3.4606934e+01
   1.8038720e+06   3.3813477e+01
   1.8047160e+06   3.5034180e+01
   1.8050330e+06   3.0578613e+01
   1.8077000e+06   3.1921387e+01
   1.8961540e+06   3.3569336e+01
   1.8961960e+06   3.0212402e+01
   1.8962210e+06   3.4484863e+01
   1.8962970e+06   3.7597656e+01
   1.8963210e+06   3.2653809e+01
   1.8963770e+06   3.3569336e+01
   1.8964020e+06   3.5583496e+01
   1.8964470e+06   3.1433105e+01
   1.8965060e+06   3.1799316e+01
   1.8965310e+06   3.3630371e+01
   1.8969560e+06   3.1433105e+01
   1.8970450e+06   3.0456543e+01
   1.8974640e+06   3.1250000e+01
   1.8980110e+06   3.2165527e+01
   1.8995490e+06   3.1372070e+01
   1.9923280e+06   3.7841797e+01
   1.9923670e+06   3.0517578e+01
   1.9923860e+06   3.5644531e+01
   1.9924150e+06   3.4240723e+01
   1.9924290e+06   3.3020020e+01
   1.9924930e+06   3.4423828e+01
   1.9925390e+06   4.5410156e+01
   1.9925860e+06   3.8879395e+01
   1.9929100e+06   3.3935547e+01
   1.9930910e+06   3.2409668e+01
   1.9945950e+06   3.3203125e+01
   2.0737100e+06   3.1433105e+01
   2.0738520e+06   3.1677246e+01
   2.0738770e+06   3.0273438e+01
   2.0738990e+06   3.2409668e+01
   2.0739570e+06   3.2836914e+01
   2.0740020e+06   3.1066895e+01
   2.0740540e+06   3.2226563e+01
   2.0744950e+06   3.6682129e+01
   2.0746800e+06   3.3813477e+01
   2.0751170e+06   3.8085938e+01
   2.0871740e+06   3.7719727e+01
   2.0871970e+06   3.7170410e+01
   2.0872200e+06   3.2348633e+01
   2.0872430e+06   3.2104492e+01
   2.0872610e+06   3.0578613e+01
   2.0872760e+06   3.0395508e+01
   2.0873210e+06   3.7902832e+01
   2.0873740e+06   2.9968262e+01
   2.0874890e+06   3.2470703e+01
   2.0875950e+06   2.9907227e+01
   2.0876640e+06   3.5827637e+01
   2.0878320e+06   3.1555176e+01
   2.0879440e+06   3.2714844e+01
   2.0893350e+06   3.0029297e+01
   2.1001770e+06   4.0222168e+01
   2.1003850e+06   3.0883789e+01
   2.1010920e+06   3.1005859e+01
   2.1012200e+06   3.1127930e+01
   2.1689090e+06   3.8696289e+01
   2.1689560e+06   3.1127930e+01
   2.1689990e+06   3.3020020e+01
   2.1690360e+06   3.1433105e+01
   2.1690470e+06   3.1677246e+01
   2.1691300e+06   3.0273438e+01
   2.1692500e+06   3.1738281e+01
   2.1693380e+06   3.1860352e+01
   2.1696760e+06   3.5095215e+01
   2.1698750e+06   3.0639648e+01
   2.1712000e+06   3.1799316e+01
   2.1729050e+06   3.0090332e+01
   2.1799100e+06   3.0822754e+01
   2.1799340e+06   3.3508301e+01
   2.1799900e+06   3.3386230e+01
   2.1800080e+06   3.0395508e+01
   2.1800900e+06   3.3203125e+01
   2.1802010e+06   3.0761719e+01
   2.1802400e+06   3.2958984e+01
   2.1804850e+06   3.0273438e+01
   2.1939100e+06   3.7048340e+01
   2.1939980e+06   3.6682129e+01
   2.1940720e+06   3.0517578e+01
   2.1941380e+06   3.3447266e+01
   2.1942300e+06   3.3447266e+01
   2.1942650e+06   3.1677246e+01
   2.1947060e+06   3.0029297e+01
   2.1951010e+06   3.0029297e+01
   2.2030500e+06   2.9968262e+01
   2.2031820e+06   3.7902832e+01
   2.2033430e+06   3.1555176e+01
   2.2034260e+06   3.3996582e+01
   2.2118930e+06   3.4790039e+01
   2.2119470e+06   3.3081055e+01
   2.2120440e+06   2.9968262e+01
   2.3433760e+06   2.9907227e+01
   2.3435200e+06   3.1738281e+01
   2.3435470e+06   3.7353516e+01
   2.3436900e+06   3.4667969e+01
   2.3437190e+06   3.0883789e+01
   2.3437410e+06   3.6743164e+01
   2.3438100e+06   3.0761719e+01
   2.3438410e+06   3.2226563e+01
   2.3439460e+06   3.1127930e+01
   2.3440420e+06   3.3325195e+01
   2.3445120e+06   3.0883789e+01
   2.3449790e+06   3.0456543e+01
   2.3450610e+06   3.1799316e+01
   2.3460370e+06   3.7475586e+01
   2.3465740e+06   3.0578613e+01
   2.4391230e+06   3.0212402e+01
   2.4391380e+06   2.9968262e+01
   2.4391840e+06   3.9916992e+01
   2.4392100e+06   3.0822754e+01
   2.4392490e+06   3.1555176e+01
   2.4393010e+06   3.0517578e+01
   2.4393280e+06   3.5583496e+01
   2.4393620e+06   3.2165527e+01
   2.4393780e+06   3.6865234e+01
   2.4402970e+06   2.9907227e+01
   2.4427070e+06   3.3508301e+01
   2.5142580e+06   3.1921387e+01
   2.5142820e+06   3.6987305e+01
   2.5143300e+06   3.1616211e+01
   2.5143860e+06   3.6499023e+01
   2.5144080e+06   3.3264160e+01
   2.5144370e+06   3.9367676e+01
   2.5144910e+06   3.5461426e+01
   2.5145680e+06   3.2836914e+01
   2.5148520e+06   3.5888672e+01
   2.5150240e+06   3.5034180e+01
   2.5150930e+06   3.5705566e+01
   2.5151650e+06   3.2653809e+01
   2.5155020e+06   3.0029297e+01
   2.5167610e+06   3.8208008e+01
   2.5175910e+06   3.1250000e+01
   2.5176330e+06   3.1799316e+01
   2.5273830e+06   3.0700684e+01
   2.5274030e+06   3.6499023e+01
   2.5275100e+06   3.1311035e+01
   2.5275490e+06   3.3203125e+01
   2.5275740e+06   4.2602539e+01
   2.5276160e+06   3.3508301e+01
   2.5276900e+06   3.0395508e+01
   2.5277130e+06   3.1921387e+01
   2.5280090e+06   3.0090332e+01
   2.5649710e+06   3.5583496e+01
   2.5649920e+06   3.3142090e+01
   2.5650340e+06   3.1799316e+01
   2.5650740e+06   3.6682129e+01
   2.5651080e+06   3.5766602e+01
   2.5651580e+06   3.3691406e+01
   2.5652010e+06   3.7963867e+01
   2.5652870e+06   4.1564941e+01
   2.5653270e+06   3.3813477e+01
   2.5753450e+06   3.4606934e+01
   2.5753920e+06   3.0273438e+01
   2.5756580e+06   2.9968262e+01
   2.5763770e+06   3.0151367e+01
   2.5825390e+06   3.2165527e+01
   2.5826180e+06   3.1738281e+01
   2.5826370e+06   3.1982422e+01
   2.5956180e+06   3.1982422e+01
   2.5956620e+06   3.0212402e+01
   2.5957780e+06   3.6804199e+01
   2.5958690e+06   3.2287598e+01
   2.5960200e+06   3.1677246e+01
   2.5961810e+06   3.0151367e+01
   2.6009240e+06   3.2531738e+01
   2.6009360e+06   3.1799316e+01
   2.7509380e+06   3.4362793e+01
   2.7509830e+06   3.4667969e+01
   2.7510300e+06   3.9794922e+01
   2.7510950e+06   3.2714844e+01
   2.7511050e+06   3.4667969e+01
   2.7511410e+06   3.7353516e+01
   2.7511920e+06   3.2897949e+01
   2.7512160e+06   3.7414551e+01
   2.7512400e+06   3.2104492e+01
   2.7512800e+06   3.1188965e+01
   2.7512980e+06   2.9968262e+01
   2.7513360e+06   3.3935547e+01
   2.7513710e+06   3.0578613e+01
   2.7518430e+06   3.0334473e+01
   2.7522780e+06   3.0395508e+01
   2.7523520e+06   3.0883789e+01
   2.8379210e+06   3.3203125e+01
   2.8380270e+06   3.9306641e+01
   2.8380410e+06   3.4606934e+01
   2.8380690e+06   3.0212402e+01
   2.8381010e+06   3.6865234e+01
   2.8381560e+06   4.1381836e+01
   2.8381830e+06   3.5217285e+01
   2.8382220e+06   3.1860352e+01
   2.8382800e+06   3.2226563e+01
   2.8383350e+06   3.1005859e+01
   2.8386060e+06   3.0090332e+01
   2.8386470e+06   3.1005859e+01
   2.8387340e+06   3.1372070e+01
   2.8387600e+06   3.0761719e+01
   2.9059970e+06   3.2897949e+01
   2.9060080e+06   4.0344238e+01
   2.9060840e+06   4.1870117e+01
   2.9060950e+06   4.2297363e+01
   2.9061480e+06   3.0456543e+01
   2.9063110e+06   3.7353516e+01
   2.9066000e+06   3.0761719e+01
   2.9071530e+06   3.2531738e+01
   2.9587600e+06   3.2287598e+01
   2.9587830e+06   3.1738281e+01
   2.9588330e+06   3.1738281e+01
   2.9588780e+06   3.0456543e+01
   2.9589040e+06   3.2470703e+01
   2.9589270e+06   4.5593262e+01
   2.9589860e+06   3.1799316e+01
   2.9590130e+06   3.0212402e+01
   2.9590590e+06   3.0395508e+01
   2.9591060e+06   3.0151367e+01
   2.9592410e+06   4.7851563e+01
   2.9720190e+06   3.1127930e+01
   2.9721210e+06   3.9550781e+01
   2.9721750e+06   3.1738281e+01
   2.9722050e+06   3.6193848e+01
   2.9722330e+06   4.5715332e+01
   2.9724290e+06   3.1066895e+01
   2.9811940e+06   3.1982422e+01
   2.9901630e+06   3.0883789e+01
   2.9901970e+06   3.1738281e+01
   2.9902160e+06   3.2775879e+01
   2.9902710e+06   3.2531738e+01
   2.9903230e+06   3.1066895e+01
   2.9903450e+06   3.7780762e+01
   2.9903890e+06   3.0090332e+01
   2.9904810e+06   3.0212402e+01
   2.9905460e+06   3.2104492e+01
   2.9908000e+06   3.3264160e+01
   2.9909490e+06   3.2226563e+01
   2.9915220e+06   3.2409668e+01
   2.9989290e+06   3.3935547e+01
   2.9990170e+06   3.0273438e+01
   2.9992080e+06   3.0273438e+01
   2.9994880e+06   3.1616211e+01
   2.9995320e+06   3.7048340e+01
