   3.0000000e+06   0.0000000e+00
   1.0512000e+04   3.5278320e+01
   1.0622000e+04   4.1076660e+01
   1.0660000e+04   4.1870117e+01
   1.1296000e+04   3.3386230e+01
   4.2187000e+04   3.5217285e+01
   4.2343000e+04   3.4790039e+01
   4.2393000e+04   3.6743164e+01
   4.2415000e+04   3.4973145e+01
   4.2461000e+04   3.9550781e+01
   4.2777000e+04   3.4179688e+01
   6.6220000e+04   3.3996582e+01
   7.7572000e+04   3.5522461e+01
   7.7622000e+04   4.0344238e+01
   7.7694000e+04   4.2785645e+01
   7.8052000e+04   4.1198730e+01
   7.8091000e+04   3.4667969e+01
   7.8431000e+04   3.7170410e+01
   7.8626000e+04   4.5776367e+01
   1.0786400e+05   3.3569336e+01
   1.0789100e+05   3.7475586e+01
   1.0797900e+05   3.4423828e+01
   1.0832700e+05   4.4616699e+01
   1.0837200e+05   4.0405273e+01
   1.0846800e+05   3.3325195e+01
   1.0857600e+05   4.6264648e+01
   1.0860600e+05   4.8645020e+01
   1.0894100e+05   3.3752441e+01
   1.3160200e+05   4.4982910e+01
   1.3166800e+05   3.3874512e+01
   1.3196200e+05   4.6142578e+01
   1.3198400e+05   3.9062500e+01
   1.3203400e+05   4.8339844e+01
   1.3213300e+05   3.6376953e+01
   1.3229500e+05   3.5217285e+01
   1.3269300e+05   3.5095215e+01
   1.5706600e+05   3.7658691e+01
   1.5714900e+05   3.3630371e+01
   1.5718900e+05   3.7048340e+01
   1.5724100e+05   3.8574219e+01
   1.5729800e+05   3.4790039e+01
   1.5741200e+05   3.5156250e+01
   1.5764100e+05   3.9489746e+01
   1.5900400e+05   3.5095215e+01
   1.7311000e+05   3.3508301e+01
   1.7315800e+05   4.4189453e+01
   1.7321600e+05   3.6804199e+01
   1.7324300e+05   3.5034180e+01
   1.7326200e+05   3.3386230e+01
   1.7360700e+05   3.8757324e+01
   1.7364800e+05   3.8696289e+01
   1.7369000e+05   3.3325195e+01
   1.8761300e+05   4.1687012e+01
   1.8763500e+05   3.6926270e+01
   1.8768000e+05   3.5949707e+01
   1.8771200e+05   3.3325195e+01
   1.8780000e+05   3.3569336e+01
   1.8781200e+05   4.2358398e+01
   1.8814200e+05   3.5461426e+01
   1.8843200e+05   3.5583496e+01
   1.8851300e+05   3.3386230e+01
   1.9737600e+05   3.5034180e+01
   1.9739000e+05   3.5095215e+01
   1.9743500e+05   3.5461426e+01
   1.9748000e+05   3.3325195e+01
   1.9749300e+05   3.6987305e+01
   1.9757100e+05   3.3203125e+01
   1.9778900e+05   3.7536621e+01
   2.0794200e+05   3.3264160e+01
   2.0801300e+05   4.2236328e+01
   2.0804700e+05   4.2358398e+01
   2.0813300e+05   3.6804199e+01
   2.0841400e+05   4.0588379e+01
   2.0868600e+05   3.5583496e+01
   2.1985700e+05   3.3935547e+01
   2.1988800e+05   3.5705566e+01
   2.1992500e+05   3.5827637e+01
   2.1996200e+05   3.9794922e+01
   2.1997900e+05   4.0588379e+01
   2.2000100e+05   3.3447266e+01
   2.2011400e+05   3.9672852e+01
   2.2017300e+05   4.2846680e+01
   2.2023000e+05   3.3386230e+01
   2.2031600e+05   3.5522461e+01
   2.2038500e+05   3.4912109e+01
   2.2039900e+05   3.3630371e+01
   2.2048000e+05   3.4423828e+01
   2.2914100e+05   3.3386230e+01
   2.2920300e+05   3.6621094e+01
   2.2921700e+05   3.3935547e+01
   2.2928200e+05   3.3508301e+01
   2.2934400e+05   3.7414551e+01
   2.2938600e+05   3.6682129e+01
   2.2956700e+05   3.3874512e+01
   2.2982000e+05   3.4362793e+01
   2.4030700e+05   3.3386230e+01
   2.4036900e+05   3.7841797e+01
   2.4039000e+05   4.5776367e+01
   2.4041200e+05   4.7729492e+01
   2.4044600e+05   4.0161133e+01
   2.4050100e+05   3.3203125e+01
   2.4056400e+05   3.3874512e+01
   2.4062900e+05   4.0649414e+01
   2.4066800e+05   3.4118652e+01
   2.4625900e+05   3.3752441e+01
   2.4646700e+05   3.5156250e+01
   2.4674100e+05   4.0710449e+01
   2.4731700e+05   3.6682129e+01
   2.4939900e+05   3.7170410e+01
   2.5463500e+05   3.3752441e+01
   2.5470700e+05   3.3508301e+01
   2.5473600e+05   4.5410156e+01
   2.5481600e+05   3.7841797e+01
   2.5486600e+05   3.4851074e+01
   2.5489500e+05   3.5095215e+01
   2.5490600e+05   3.5034180e+01
   2.5493000e+05   3.5827637e+01
   2.5527600e+05   3.3508301e+01
   2.6096900e+05   3.4057617e+01
   2.6102800e+05   3.6560059e+01
   2.6109200e+05   3.3142090e+01
   2.6145700e+05   3.3142090e+01
   2.6570900e+05   3.5949707e+01
   2.6589200e+05   3.4179688e+01
   2.6674800e+05   4.9560547e+01
   2.7034600e+05   3.3264160e+01
   2.7358200e+05   3.4606934e+01
   2.7361100e+05   3.8696289e+01
   2.7393300e+05   4.1564941e+01
   2.7727700e+05   3.3569336e+01
   2.7729600e+05   3.5827637e+01
   2.7742800e+05   3.9428711e+01
   2.7792900e+05   3.3691406e+01
   2.8325700e+05   4.2541504e+01
   2.8331600e+05   4.2053223e+01
   2.8333500e+05   3.4729004e+01
   2.8335900e+05   3.3264160e+01
   2.8342500e+05   4.4250488e+01
   2.8753700e+05   3.5644531e+01
   2.8771500e+05   3.3752441e+01
   2.9159200e+05   4.3029785e+01
   2.9162300e+05   3.7719727e+01
   2.9171400e+05   4.0344238e+01
   2.9172900e+05   3.9489746e+01
   2.9181200e+05   3.3447266e+01
   2.9197100e+05   3.7658691e+01
   2.9211100e+05   3.3569336e+01
   2.9767800e+05   3.7841797e+01
   2.9775200e+05   3.5888672e+01
   2.9781500e+05   3.5034180e+01
   3.0606600e+05   3.9123535e+01
   3.0610200e+05   3.4179688e+01
   3.0613400e+05   3.5949707e+01
   3.0618800e+05   4.1259766e+01
   3.0627400e+05   3.4301758e+01
   3.0727600e+05   3.3874512e+01
   3.1109800e+05   3.3142090e+01
   3.1124000e+05   3.4606934e+01
   3.1578400e+05   4.0344238e+01
   3.1580700e+05   3.4179688e+01
   3.1584400e+05   3.6865234e+01
   3.1586600e+05   3.4790039e+01
   3.1590800e+05   3.8696289e+01
   3.1600200e+05   3.4179688e+01
   3.1613100e+05   3.3630371e+01
   3.2027800e+05   4.3395996e+01
   3.2035200e+05   3.9367676e+01
   3.2075400e+05   3.7780762e+01
   3.2084600e+05   3.5339355e+01
   3.2089900e+05   3.9611816e+01
   3.2624100e+05   3.3752441e+01
   3.2628200e+05   3.3874512e+01
   3.2631700e+05   3.8635254e+01
   3.2633300e+05   3.7109375e+01
   3.2671100e+05   4.3029785e+01
   3.3149900e+05   3.3447266e+01
   3.3152700e+05   3.5644531e+01
   3.3161700e+05   4.2358398e+01
   3.3165000e+05   3.7597656e+01
   3.3167300e+05   4.1076660e+01
   3.3178900e+05   3.5888672e+01
   3.3604600e+05   3.3630371e+01
   3.3607000e+05   3.5034180e+01
   3.3613500e+05   3.8330078e+01
   3.3618600e+05   4.2114258e+01
   3.3678400e+05   3.7902832e+01
   3.3684500e+05   3.6437988e+01
   3.4222100e+05   3.9184570e+01
   3.4237300e+05   3.3813477e+01
   3.4240200e+05   4.0039063e+01
   3.4243000e+05   4.1381836e+01
   3.4978900e+05   3.3264160e+01
   3.4980900e+05   3.5888672e+01
   3.4982400e+05   4.4494629e+01
   3.4987300e+05   3.4301758e+01
   3.4989600e+05   4.7546387e+01
   3.4992600e+05   3.9855957e+01
   3.4995600e+05   3.8391113e+01
   3.5003800e+05   3.5949707e+01
   3.5038000e+05   3.3447266e+01
   3.5567600e+05   4.2175293e+01
   3.5569700e+05   3.4057617e+01
   3.5576800e+05   4.0832520e+01
   3.5602100e+05   3.3935547e+01
   3.5633300e+05   3.4790039e+01
   3.5967300e+05   3.6071777e+01
   3.5969900e+05   3.7658691e+01
   3.6363600e+05   3.3691406e+01
   3.6371000e+05   3.4423828e+01
   3.6377400e+05   3.4912109e+01
   3.6390500e+05   3.9001465e+01
   3.6396600e+05   3.6193848e+01
   3.6773000e+05   3.5400391e+01
   3.6775800e+05   3.7719727e+01
   3.6779700e+05   3.3874512e+01
   3.6800800e+05   3.4484863e+01
   3.6823300e+05   3.7048340e+01
   3.7448100e+05   3.3935547e+01
   3.7451900e+05   3.6376953e+01
   3.7454600e+05   3.9001465e+01
   3.7458500e+05   4.2907715e+01
   3.7464300e+05   3.4362793e+01
   3.7468000e+05   3.4729004e+01
   3.7473500e+05   3.6437988e+01
   3.7474800e+05   4.1137695e+01
   3.7479300e+05   4.0283203e+01
   3.8325100e+05   3.4423828e+01
   3.8331200e+05   3.4912109e+01
   3.8332600e+05   3.5278320e+01
   3.8336900e+05   3.9062500e+01
   3.8339500e+05   3.4118652e+01
   3.8344100e+05   3.7597656e+01
   3.8345400e+05   3.8879395e+01
   3.8357700e+05   4.1870117e+01
   3.9148500e+05   4.5288086e+01
   3.9157500e+05   4.9743652e+01
   3.9918900e+05   3.9123535e+01
   3.9923500e+05   4.6875000e+01
   3.9928600e+05   3.7048340e+01
   3.9931200e+05   3.6560059e+01
   3.9937800e+05   4.0283203e+01
   4.0000000e+05   3.3264160e+01
   4.0703300e+05   3.5095215e+01
   4.0707000e+05   4.5410156e+01
   4.0713300e+05   3.6254883e+01
   4.0717000e+05   3.3569336e+01
   4.0720200e+05   3.3752441e+01
   4.0722200e+05   3.3142090e+01
   4.0730400e+05   3.3508301e+01
   4.0737500e+05   3.4301758e+01
   4.0740300e+05   3.4851074e+01
   4.0789200e+05   3.7048340e+01
   4.1176500e+05   3.8513184e+01
   4.1257400e+05   3.3935547e+01
   4.1979100e+05   4.2480469e+01
   4.1984300e+05   3.5583496e+01
   4.1987000e+05   4.3273926e+01
   4.1989900e+05   3.7292480e+01
   4.1990900e+05   3.8940430e+01
   4.1994300e+05   3.4545898e+01
   4.2000300e+05   4.1625977e+01
   4.2003500e+05   3.3203125e+01
   4.2018900e+05   3.3996582e+01
   4.2862800e+05   3.8085938e+01
   4.2870200e+05   3.5400391e+01
   4.2872900e+05   3.3569336e+01
   4.2874100e+05   3.3569336e+01
   4.2882200e+05   4.0344238e+01
   4.2884900e+05   4.3090820e+01
   4.2889400e+05   3.6804199e+01
   4.2900700e+05   3.6743164e+01
   4.3771900e+05   3.4118652e+01
   4.3779200e+05   3.4912109e+01
   4.3787900e+05   3.3691406e+01
   4.3792500e+05   4.2480469e+01
   4.3796100e+05   4.4250488e+01
   4.3829500e+05   3.6560059e+01
   4.4700700e+05   3.6926270e+01
   4.4702500e+05   4.2541504e+01
   4.4712700e+05   3.3264160e+01
   4.4714400e+05   4.6386719e+01
   4.4725300e+05   3.5583496e+01
   4.4730900e+05   3.4667969e+01
   4.4733700e+05   3.3203125e+01
   4.5670500e+05   3.3386230e+01
   4.5671500e+05   3.4790039e+01
   4.5675400e+05   4.1381836e+01
   4.5679800e+05   4.4677734e+01
   4.5681600e+05   3.4912109e+01
   4.5683800e+05   3.3142090e+01
   4.5687100e+05   3.3386230e+01
   4.5689200e+05   3.8085938e+01
   4.5690600e+05   4.9438477e+01
   4.5692400e+05   3.6560059e+01
   4.5724000e+05   3.4423828e+01
   4.6693100e+05   3.5461426e+01
   4.6694400e+05   4.7180176e+01
   4.6697600e+05   4.0344238e+01
   4.6704900e+05   4.2785645e+01
   4.6712700e+05   3.5827637e+01
   4.6726200e+05   3.4912109e+01
   4.6727900e+05   3.8757324e+01
   4.7781700e+05   4.5043945e+01
   4.7784100e+05   3.5827637e+01
   4.7786900e+05   3.9367676e+01
   4.7788500e+05   3.4606934e+01
   4.7790400e+05   4.2419434e+01
   4.7792700e+05   3.8024902e+01
   4.7796000e+05   3.7902832e+01
   4.7798100e+05   4.0466309e+01
   4.7805600e+05   3.4790039e+01
   4.7818600e+05   3.7109375e+01
   4.7825200e+05   3.7231445e+01
   4.7855500e+05   3.5827637e+01
   4.8863200e+05   3.6865234e+01
   4.8864500e+05   4.2541504e+01
   4.8868800e+05   3.3508301e+01
   4.8871200e+05   3.5705566e+01
   4.8874300e+05   3.6865234e+01
   4.8877000e+05   3.9733887e+01
   4.8881900e+05   3.5156250e+01
   4.8884400e+05   4.6997070e+01
   4.8891200e+05   3.3935547e+01
   4.8908000e+05   4.4128418e+01
   4.8930800e+05   3.6071777e+01
   5.0041100e+05   3.6560059e+01
   5.0042400e+05   6.7260742e+01
   5.0044400e+05   3.5278320e+01
   5.0047500e+05   4.0832520e+01
   5.0054000e+05   3.5583496e+01
   5.0057500e+05   3.4179688e+01
   5.0059600e+05   4.5715332e+01
   5.0063900e+05   3.5583496e+01
   5.0067000e+05   3.9611816e+01
   5.0069800e+05   4.6875000e+01
   5.0075700e+05   3.4240723e+01
   5.0116800e+05   3.5156250e+01
   5.1610700e+05   3.6071777e+01
   5.1613300e+05   4.4128418e+01
   5.1616100e+05   5.5908203e+01
   5.1617300e+05   4.0710449e+01
   5.1619800e+05   3.4851074e+01
   5.1622500e+05   5.2917480e+01
   5.1628000e+05   4.1076660e+01
   5.1634100e+05   3.7475586e+01
   5.1661600e+05   3.6926270e+01
   5.1662600e+05   3.9794922e+01
   5.1670100e+05   4.0283203e+01
   5.1987500e+05   3.3447266e+01
   5.2686700e+05   3.5949707e+01
   5.2690800e+05   3.3325195e+01
   5.2697800e+05   3.4057617e+01
   5.2701100e+05   3.3752441e+01
   5.2704200e+05   3.6987305e+01
   5.2706400e+05   3.9001465e+01
   5.2709900e+05   3.6193848e+01
   5.3172000e+05   3.9306641e+01
   5.3174200e+05   4.0344238e+01
   5.3177900e+05   3.3142090e+01
   5.3186500e+05   3.6499023e+01
   5.3189000e+05   3.5461426e+01
   5.3197500e+05   3.5156250e+01
   5.3208800e+05   3.4912109e+01
   5.3662300e+05   3.9489746e+01
   5.3664900e+05   3.3813477e+01
   5.3671400e+05   3.6437988e+01
   5.3673100e+05   3.7658691e+01
   5.3681800e+05   3.3630371e+01
   5.3685900e+05   3.3447266e+01
   5.4383100e+05   3.9245605e+01
   5.4388700e+05   4.3273926e+01
   5.4391300e+05   3.9611816e+01
   5.4398200e+05   3.7353516e+01
   5.4408600e+05   3.6682129e+01
   5.4413800e+05   3.4057617e+01
   5.4449900e+05   3.6193848e+01
   5.5244000e+05   3.7109375e+01
   5.5249700e+05   3.9001465e+01
   5.5251900e+05   4.8156738e+01
   5.5256200e+05   6.0241699e+01
   5.5258600e+05   4.1687012e+01
   5.5263200e+05   3.6804199e+01
   5.5266400e+05   3.5888672e+01
   5.5268900e+05   3.8269043e+01
   5.5270600e+05   3.5766602e+01
   5.5273300e+05   3.9001465e+01
   5.8904100e+05   3.3813477e+01
   5.8905500e+05   3.9916992e+01
   5.8907500e+05   4.0893555e+01
   5.8909200e+05   5.6518555e+01
   5.8910700e+05   4.8522949e+01
   5.8911900e+05   3.7414551e+01
   5.8914700e+05   5.0720215e+01
   5.8917600e+05   3.3874512e+01
   5.8920600e+05   3.8635254e+01
   5.8922500e+05   4.0771484e+01
   5.8930800e+05   5.4504395e+01
   5.8933400e+05   3.5888672e+01
   5.8945100e+05   4.1076660e+01
   5.8950500e+05   3.4362793e+01
   5.8965900e+05   3.5400391e+01
   5.8974900e+05   3.5949707e+01
   5.8977300e+05   3.5766602e+01
   5.9028100e+05   3.3996582e+01
   5.9043200e+05   3.4729004e+01
   5.9075300e+05   3.6560059e+01
   5.9617500e+05   3.7963867e+01
   5.9664400e+05   3.4179688e+01
   5.9859700e+05   3.6071777e+01
   5.9860900e+05   3.6621094e+01
   5.9876500e+05   3.9428711e+01
   6.0065400e+05   3.3691406e+01
   6.0256900e+05   3.3142090e+01
   6.0656400e+05   3.5339355e+01
   6.0659500e+05   3.5400391e+01
   6.0665700e+05   3.3325195e+01
   6.0667200e+05   3.5888672e+01
   6.0675400e+05   3.5278320e+01
   6.0681600e+05   3.3630371e+01
   6.0734600e+05   3.4973145e+01
   6.1538800e+05   3.7414551e+01
   6.1542800e+05   3.7780762e+01
   6.1549700e+05   3.9062500e+01
   6.1551800e+05   5.0842285e+01
   6.1553700e+05   3.4301758e+01
   6.1558000e+05   3.3325195e+01
   6.1561200e+05   3.7719727e+01
   6.1570300e+05   3.6682129e+01
   6.1581700e+05   3.6987305e+01
   6.2436500e+05   3.6132813e+01
   6.2439100e+05   4.4799805e+01
   6.2443600e+05   5.9570313e+01
   6.2444700e+05   3.5522461e+01
   6.2446800e+05   4.0771484e+01
   6.2449300e+05   3.3142090e+01
   6.2450500e+05   4.6264648e+01
   6.2456300e+05   3.3386230e+01
   6.2460700e+05   3.3508301e+01
   6.2467000e+05   3.3203125e+01
   6.2472300e+05   4.2968750e+01
   6.2535100e+05   3.6071777e+01
   6.3874500e+05   3.7536621e+01
   6.3879300e+05   3.5644531e+01
   6.3880800e+05   3.6987305e+01
   6.3882700e+05   3.4179688e+01
   6.3889100e+05   4.2968750e+01
   6.3912100e+05   4.2602539e+01
   6.3935000e+05   3.3142090e+01
   6.5037100e+05   3.5156250e+01
   6.5038900e+05   3.5705566e+01
   6.5041200e+05   3.3325195e+01
   6.5043700e+05   3.7536621e+01
   6.5045300e+05   3.9916992e+01
   6.5049400e+05   3.5034180e+01
   6.5056500e+05   4.0344238e+01
   6.5066600e+05   4.0954590e+01
   6.5070500e+05   3.4240723e+01
   6.5093700e+05   3.8696289e+01
   6.5094800e+05   3.8024902e+01
   6.5102700e+05   3.6865234e+01
   6.7725800e+05   3.4423828e+01
   6.7728400e+05   3.6560059e+01
   6.7731700e+05   3.4179688e+01
   6.7734400e+05   3.3691406e+01
   6.7737900e+05   5.1574707e+01
   6.7739900e+05   3.6804199e+01
   6.7742300e+05   3.4667969e+01
   6.7743900e+05   3.5339355e+01
   6.7745400e+05   3.5827637e+01
   6.7748200e+05   4.0893555e+01
   6.7750900e+05   3.4912109e+01
   6.7755300e+05   3.4362793e+01
   6.7758500e+05   3.3386230e+01
   6.7875300e+05   3.4179688e+01
   6.7885800e+05   3.3447266e+01
   6.7897800e+05   4.5349121e+01
   6.8720700e+05   3.7170410e+01
   6.8722300e+05   3.6193848e+01
   6.8724700e+05   4.5837402e+01
   6.8727300e+05   3.7414551e+01
   6.8737200e+05   3.8879395e+01
   6.8765300e+05   3.7292480e+01
   6.8769500e+05   3.3386230e+01
   6.9236800e+05   3.8574219e+01
   6.9240000e+05   3.8024902e+01
   6.9241900e+05   3.4057617e+01
   6.9247300e+05   3.7963867e+01
   6.9273400e+05   3.6010742e+01
   6.9287400e+05   3.3386230e+01
   6.9793100e+05   4.8828125e+01
   6.9795500e+05   3.9916992e+01
   6.9797700e+05   3.4729004e+01
   6.9799600e+05   4.1687012e+01
   6.9807700e+05   3.5705566e+01
   6.9815800e+05   3.5278320e+01
   6.9819700e+05   3.4729004e+01
   6.9822700e+05   3.4118652e+01
   7.0553100e+05   3.4423828e+01
   7.0556200e+05   4.0771484e+01
   7.0563600e+05   4.7424316e+01
   7.0566900e+05   4.4982910e+01
   7.0568700e+05   5.8166504e+01
   7.0594100e+05   3.3508301e+01
   7.0618000e+05   3.5705566e+01
   7.1442900e+05   4.4372559e+01
   7.1444300e+05   3.3203125e+01
   7.1449600e+05   3.4179688e+01
   7.1457600e+05   3.6499023e+01
   7.1473200e+05   3.8452148e+01
   7.1475400e+05   3.8391113e+01
   7.1487500e+05   3.3264160e+01
   7.4765100e+05   4.7729492e+01
   7.4767400e+05   5.4443359e+01
   7.4770900e+05   4.7668457e+01
   7.4773600e+05   3.8757324e+01
   7.4776500e+05   3.8696289e+01
   7.4778700e+05   4.4494629e+01
   7.4781500e+05   3.5583496e+01
   7.4783000e+05   3.4301758e+01
   7.4785800e+05   3.3630371e+01
   7.4791200e+05   3.4362793e+01
   7.4798100e+05   3.3142090e+01
   7.4804100e+05   5.1574707e+01
   7.4826800e+05   3.3325195e+01
   7.4837400e+05   3.4973145e+01
   7.4851200e+05   3.6071777e+01
   7.4864400e+05   3.5034180e+01
   7.4894000e+05   3.4423828e+01
   7.4929100e+05   4.0222168e+01
   7.5674100e+05   3.8269043e+01
   7.5676900e+05   4.7546387e+01
   7.5679200e+05   3.5217285e+01
   7.5684600e+05   3.5461426e+01
   7.5693800e+05   3.6865234e+01
   7.5706000e+05   3.5095215e+01
   7.5711500e+05   3.4484863e+01
   7.5726700e+05   3.3935547e+01
   7.5746300e+05   4.3884277e+01
   7.6266900e+05   3.8330078e+01
   7.6268400e+05   3.8757324e+01
   7.6270700e+05   4.3762207e+01
   7.6272800e+05   3.4484863e+01
   7.6276300e+05   3.3508301e+01
   7.6285200e+05   3.4790039e+01
   7.6291600e+05   3.5034180e+01
   7.6308400e+05   3.6437988e+01
   7.6935300e+05   3.8024902e+01
   7.6938900e+05   3.6437988e+01
   7.6940500e+05   3.3447266e+01
   7.6943500e+05   4.4555664e+01
   7.6950900e+05   3.8269043e+01
   7.6959600e+05   4.1320801e+01
   7.6975400e+05   3.9367676e+01
   7.6982700e+05   3.3447266e+01
   7.7545500e+05   3.3142090e+01
   7.7547900e+05   3.4667969e+01
   7.7550500e+05   3.6376953e+01
   7.7553300e+05   3.4179688e+01
   7.7565000e+05   3.6865234e+01
   7.7582000e+05   3.6132813e+01
   7.7588700e+05   3.5949707e+01
   7.8323100e+05   3.7353516e+01
   7.8326500e+05   4.1809082e+01
   7.8330500e+05   3.3630371e+01
   7.8333100e+05   3.4606934e+01
   7.8339400e+05   3.3813477e+01
   7.8353100e+05   3.4423828e+01
   7.8354100e+05   4.0771484e+01
   7.8357800e+05   4.1381836e+01
   7.9570200e+05   3.6254883e+01
   7.9572300e+05   5.0659180e+01
   7.9575000e+05   4.2297363e+01
   7.9576500e+05   3.4362793e+01
   7.9578500e+05   4.6997070e+01
   7.9580900e+05   3.3325195e+01
   7.9587200e+05   3.8879395e+01
   7.9591000e+05   3.8391113e+01
   7.9593900e+05   3.7841797e+01
   7.9598100e+05   3.3874512e+01
   7.9603200e+05   3.6865234e+01
   7.9614200e+05   3.3386230e+01
   7.9628400e+05   3.3447266e+01
   7.9656200e+05   3.5156250e+01
   8.4532600e+05   3.4851074e+01
   8.4536000e+05   3.5217285e+01
   8.4538400e+05   3.8024902e+01
   8.4540600e+05   5.2368164e+01
   8.4545100e+05   3.8635254e+01
   8.4547600e+05   3.8757324e+01
   8.4553200e+05   4.3273926e+01
   8.4563700e+05   3.5827637e+01
   8.4566300e+05   3.8879395e+01
   8.4578000e+05   3.4362793e+01
   8.4583400e+05   4.0893555e+01
   8.4593500e+05   5.0598145e+01
   8.4606600e+05   3.7841797e+01
   8.4615000e+05   3.3630371e+01
   8.4617100e+05   4.4799805e+01
   8.4626200e+05   4.2297363e+01
   8.4643000e+05   3.3996582e+01
   8.4659200e+05   3.4790039e+01
   8.4735200e+05   3.3386230e+01
   8.4750200e+05   3.9001465e+01
   8.4873700e+05   3.4179688e+01
   8.5454600e+05   4.0100098e+01
   8.5462800e+05   4.2114258e+01
   8.5466700e+05   4.3151855e+01
   8.5480500e+05   3.3935547e+01
   8.5523000e+05   3.8696289e+01
   8.6120800e+05   4.3090820e+01
   8.6122300e+05   3.3813477e+01
   8.6126500e+05   3.3996582e+01
   8.6128100e+05   3.9184570e+01
   8.6136800e+05   4.4738770e+01
   8.6144500e+05   3.3752441e+01
   8.6163800e+05   4.1870117e+01
   8.6192300e+05   3.8635254e+01
   8.7116200e+05   4.1687012e+01
   8.7117500e+05   3.8452148e+01
   8.7122200e+05   3.3752441e+01
   8.7123500e+05   4.1931152e+01
   8.7126800e+05   3.3508301e+01
   8.7128700e+05   4.5043945e+01
   8.7131500e+05   3.8696289e+01
   8.7132900e+05   3.4301758e+01
   8.7142600e+05   3.4851074e+01
   8.7146700e+05   4.8278809e+01
   8.7155800e+05   3.6071777e+01
   8.7188300e+05   4.2846680e+01
   8.7259100e+05   3.4423828e+01
   9.1676100e+05   3.9306641e+01
   9.1678500e+05   4.0588379e+01
   9.1681400e+05   3.3264160e+01
   9.1682800e+05   4.3273926e+01
   9.1684200e+05   3.3325195e+01
   9.1686400e+05   3.4179688e+01
   9.1688600e+05   3.5339355e+01
   9.1690500e+05   4.1503906e+01
   9.1692200e+05   3.6865234e+01
   9.1697100e+05   3.8574219e+01
   9.1709400e+05   4.0588379e+01
   9.1715300e+05   3.9794922e+01
   9.1724900e+05   3.7231445e+01
   9.1739700e+05   3.4301758e+01
   9.1743400e+05   3.5156250e+01
   9.1757500e+05   3.8452148e+01
   9.1773800e+05   3.3264160e+01
   9.1776200e+05   3.4912109e+01
   9.1820500e+05   3.5827637e+01
   9.1838300e+05   3.4179688e+01
   9.1904700e+05   3.3630371e+01
   9.2094700e+05   4.1687012e+01
   9.2098100e+05   3.5522461e+01
   9.2767700e+05   3.9123535e+01
   9.2769700e+05   3.8818359e+01
   9.2772700e+05   3.8757324e+01
   9.2774900e+05   3.3813477e+01
   9.2777100e+05   4.7424316e+01
   9.2778600e+05   3.3996582e+01
   9.2780500e+05   3.4790039e+01
   9.2794300e+05   3.6193848e+01
   9.2797100e+05   3.7048340e+01
   9.2872300e+05   3.8269043e+01
   9.3545600e+05   5.2062988e+01
   9.3547300e+05   4.0649414e+01
   9.3550400e+05   3.6682129e+01
   9.3554500e+05   3.3996582e+01
   9.3563900e+05   3.5644531e+01
   9.3565200e+05   3.3203125e+01
   9.3572700e+05   3.6926270e+01
   9.3593000e+05   3.5461426e+01
   9.3627800e+05   3.5644531e+01
   9.4201000e+05   4.2846680e+01
   9.4204300e+05   4.4860840e+01
   9.4205700e+05   3.3447266e+01
   9.4207800e+05   3.9123535e+01
   9.4213700e+05   3.4912109e+01
   9.4215700e+05   3.3996582e+01
   9.4220700e+05   3.3630371e+01
   9.4249400e+05   3.4057617e+01
   9.4274200e+05   3.3508301e+01
   9.4288800e+05   4.0954590e+01
   9.4292300e+05   3.8208008e+01
   9.4962700e+05   4.9438477e+01
   9.4964600e+05   3.5278320e+01
   9.4968100e+05   3.4484863e+01
   9.4970500e+05   3.3874512e+01
   9.4971900e+05   3.7536621e+01
   9.4976900e+05   4.7973633e+01
   9.4979100e+05   3.4240723e+01
   9.4989500e+05   3.7292480e+01
   9.5003000e+05   3.8696289e+01
   9.5018000e+05   3.6926270e+01
   9.5042000e+05   3.7841797e+01
   9.5732500e+05   4.7424316e+01
   9.5734000e+05   5.0170898e+01
   9.5737400e+05   3.5827637e+01
   9.5742700e+05   4.0466309e+01
   9.5746400e+05   3.5339355e+01
   9.5778100e+05   3.6254883e+01
   9.5787800e+05   3.3569336e+01
   9.6638900e+05   5.1574707e+01
   9.6642200e+05   3.6437988e+01
   9.6643400e+05   4.8217773e+01
   9.6645800e+05   4.3090820e+01
   9.6654700e+05   3.9123535e+01
   9.6655700e+05   4.2724609e+01
   9.6661200e+05   3.4362793e+01
   9.6678100e+05   3.6010742e+01
   9.6693200e+05   3.4729004e+01
   9.6710300e+05   3.4362793e+01
   9.6770700e+05   3.4057617e+01
   9.6846500e+05   3.4301758e+01
   9.9071400e+05   3.4667969e+01
   9.9073500e+05   4.6752930e+01
   9.9075200e+05   5.2551270e+01
   9.9078100e+05   3.5278320e+01
   9.9081600e+05   3.5400391e+01
   9.9085900e+05   3.6865234e+01
   9.9091700e+05   3.5461426e+01
   9.9097200e+05   4.1809082e+01
   9.9099500e+05   3.5766602e+01
   9.9105000e+05   4.0283203e+01
   9.9110000e+05   4.3579102e+01
   9.9111200e+05   3.4118652e+01
   9.9117400e+05   3.6804199e+01
   9.9120900e+05   3.4606934e+01
   9.9124000e+05   3.8391113e+01
   9.9129200e+05   3.5400391e+01
   9.9138600e+05   3.5888672e+01
   9.9152900e+05   3.8696289e+01
   9.9202800e+05   3.4790039e+01
   9.9288800e+05   3.4484863e+01
   9.9309300e+05   3.4484863e+01
   9.9317600e+05   3.6865234e+01
   9.9330000e+05   3.7597656e+01
   9.9335400e+05   3.6132813e+01
   9.9517300e+05   3.7109375e+01
   9.9705000e+05   3.6682129e+01
   9.9715600e+05   4.2846680e+01
   9.9718500e+05   3.5949707e+01
   1.0008960e+06   3.8085938e+01
   1.0009450e+06   4.0954590e+01
   1.0009720e+06   4.3334961e+01
   1.0010460e+06   4.5104980e+01
   1.0014690e+06   3.5522461e+01
   1.0018460e+06   3.3386230e+01
   1.0076660e+06   3.5583496e+01
   1.0076880e+06   5.0964355e+01
   1.0077230e+06   4.0161133e+01
   1.0077410e+06   4.4067383e+01
   1.0078080e+06   3.6743164e+01
   1.0078300e+06   3.5888672e+01
   1.0078650e+06   3.6987305e+01
   1.0083030e+06   3.4057617e+01
   1.0086200e+06   3.3874512e+01
   1.0104400e+06   5.0781250e+01
   1.0104510e+06   3.3264160e+01
   1.0105220e+06   3.3874512e+01
   1.0253460e+06   3.8513184e+01
   1.0253630e+06   5.0903320e+01
   1.0253980e+06   4.6081543e+01
   1.0254170e+06   3.5156250e+01
   1.0254600e+06   4.0100098e+01
   1.0254860e+06   4.3212891e+01
   1.0255330e+06   3.8085938e+01
   1.0255870e+06   3.9306641e+01
   1.0256260e+06   3.3386230e+01
   1.0262720e+06   4.1442871e+01
   1.0271950e+06   3.7048340e+01
   1.0300900e+06   3.8879395e+01
   1.0389450e+06   3.4973145e+01
   1.0389600e+06   4.1320801e+01
   1.0390120e+06   3.4301758e+01
   1.0390240e+06   3.3691406e+01
   1.0390660e+06   4.0405273e+01
   1.0390910e+06   3.5400391e+01
   1.0392010e+06   3.5278320e+01
   1.0393990e+06   3.7841797e+01
   1.0394240e+06   3.3996582e+01
   1.0396480e+06   3.4362793e+01
   1.0410470e+06   3.3447266e+01
   1.0414320e+06   3.8024902e+01
   1.0415450e+06   3.4240723e+01
   1.0641690e+06   3.9794922e+01
   1.0642070e+06   4.3457031e+01
   1.0642230e+06   4.5227051e+01
   1.0642560e+06   3.3142090e+01
   1.0642860e+06   3.7048340e+01
   1.0643320e+06   3.5278320e+01
   1.0643540e+06   5.1635742e+01
   1.0644800e+06   3.6315918e+01
   1.0645290e+06   3.3386230e+01
   1.0645880e+06   3.3386230e+01
   1.0650810e+06   3.7353516e+01
   1.0673290e+06   3.5217285e+01
   1.0691600e+06   3.3386230e+01
   1.0915200e+06   3.4301758e+01
   1.0915420e+06   6.1889648e+01
   1.0915740e+06   4.3090820e+01
   1.0915960e+06   4.0466309e+01
   1.0916330e+06   3.8940430e+01
   1.0916580e+06   3.8146973e+01
   1.0917610e+06   3.9978027e+01
   1.0918340e+06   3.4545898e+01
   1.0920230e+06   3.6071777e+01
   1.0920500e+06   3.4301758e+01
   1.0923700e+06   3.3935547e+01
   1.0929900e+06   3.4851074e+01
   1.0967790e+06   3.3325195e+01
   1.0969900e+06   3.6010742e+01
   1.3037690e+06   4.1198730e+01
   1.3037920e+06   4.3029785e+01
   1.3038150e+06   3.6987305e+01
   1.3038450e+06   3.5095215e+01
   1.3038840e+06   3.4484863e+01
   1.3039040e+06   4.1687012e+01
   1.3039650e+06   3.7841797e+01
   1.3040040e+06   3.5034180e+01
   1.3040360e+06   3.3996582e+01
   1.3040610e+06   3.3325195e+01
   1.3041160e+06   3.9245605e+01
   1.3042260e+06   3.3813477e+01
   1.3042600e+06   3.4423828e+01
   1.3043950e+06   3.3935547e+01
   1.3044930e+06   4.3151855e+01
   1.3049300e+06   3.9184570e+01
   1.3052020e+06   3.7231445e+01
   1.3053420e+06   3.5827637e+01
   1.3599430e+06   4.0893555e+01
   1.4265710e+06   3.5644531e+01
   1.4267930e+06   3.5522461e+01
   1.4268130e+06   3.5705566e+01
   1.4268470e+06   3.4545898e+01
   1.4268570e+06   5.1025391e+01
   1.4270600e+06   3.3325195e+01
   1.4271470e+06   5.1147461e+01
   1.4272120e+06   3.6743164e+01
   1.4272390e+06   4.4372559e+01
   1.4273050e+06   3.5644531e+01
   1.4278430e+06   3.6010742e+01
   1.4566620e+06   4.7302246e+01
   1.4566870e+06   3.5827637e+01
   1.4567000e+06   3.5583496e+01
   1.4567450e+06   4.4860840e+01
   1.4567680e+06   3.7597656e+01
   1.4568000e+06   3.3813477e+01
   1.4568220e+06   3.7109375e+01
   1.4568530e+06   3.3508301e+01
   1.4569030e+06   3.5705566e+01
   1.4569960e+06   4.2419434e+01
   1.4571700e+06   3.3874512e+01
   1.4573600e+06   3.4851074e+01
   1.5098680e+06   3.4423828e+01
   1.5098780e+06   3.3264160e+01
   1.5099100e+06   3.5034180e+01
   1.5099470e+06   4.3395996e+01
   1.5099760e+06   3.7170410e+01
   1.5101450e+06   3.5278320e+01
   1.5101770e+06   3.5522461e+01
   1.5102830e+06   4.6386719e+01
   1.5103210e+06   3.7353516e+01
   1.5106280e+06   3.5705566e+01
   1.5190480e+06   3.3264160e+01
   1.5190780e+06   4.5349121e+01
   1.5191280e+06   3.7353516e+01
   1.5191630e+06   3.6621094e+01
   1.5193630e+06   4.0405273e+01
   1.5201670e+06   3.8391113e+01
   1.5783840e+06   4.1564941e+01
   1.5783990e+06   4.3029785e+01
   1.5784240e+06   3.5400391e+01
   1.5784480e+06   5.2185059e+01
   1.5784600e+06   3.4545898e+01
   1.5784730e+06   4.4738770e+01
   1.5785240e+06   3.8879395e+01
   1.5785640e+06   3.8146973e+01
   1.5786850e+06   3.7231445e+01
   1.5787100e+06   3.7963867e+01
   1.5787280e+06   3.3203125e+01
   1.5788370e+06   3.6865234e+01
   1.5788830e+06   3.7902832e+01
   1.5789080e+06   3.3935547e+01
   1.5792750e+06   3.8513184e+01
   1.5795910e+06   4.1442871e+01
   1.5797920e+06   3.3874512e+01
   1.5798890e+06   3.7231445e+01
   1.5801480e+06   3.3996582e+01
   1.5864300e+06   3.8574219e+01
   1.5864510e+06   3.5339355e+01
   1.5864790e+06   4.0710449e+01
   1.5865130e+06   3.3691406e+01
   1.5866520e+06   3.4912109e+01
   1.5867370e+06   3.5644531e+01
   1.5867560e+06   3.5827637e+01
   1.5868840e+06   3.6254883e+01
   1.5869510e+06   3.7658691e+01
   1.5870840e+06   4.3090820e+01
   1.5870940e+06   3.3630371e+01
   1.5875100e+06   3.4057617e+01
   1.6015860e+06   5.1269531e+01
   1.6015970e+06   3.5705566e+01
   1.6016140e+06   3.8085938e+01
   1.6016450e+06   3.3203125e+01
   1.6017140e+06   3.9062500e+01
   1.6017670e+06   3.7536621e+01
   1.6020390e+06   3.5766602e+01
   1.6057790e+06   3.7170410e+01
   1.6057910e+06   3.3630371e+01
   1.6058320e+06   3.3630371e+01
   1.6556060e+06   4.3701172e+01
   1.6556220e+06   4.6691895e+01
   1.6556380e+06   5.2978516e+01
   1.6556800e+06   3.5888672e+01
   1.6557020e+06   3.4667969e+01
   1.6557130e+06   3.3386230e+01
   1.6557480e+06   3.6804199e+01
   1.6557750e+06   4.0039063e+01
   1.6557970e+06   5.0903320e+01
   1.6558850e+06   3.6682129e+01
   1.6559960e+06   3.6865234e+01
   1.6560370e+06   3.5156250e+01
   1.6560770e+06   3.5705566e+01
   1.6562450e+06   3.4545898e+01
   1.6562700e+06   3.3447266e+01
   1.6565870e+06   4.0466309e+01
   1.6566770e+06   3.5095215e+01
   1.6568100e+06   3.3691406e+01
   1.6569940e+06   3.4301758e+01
   1.6570650e+06   4.0710449e+01
   1.6570880e+06   3.4057617e+01
   1.6572660e+06   3.4790039e+01
   1.6573410e+06   3.4301758e+01
   1.6577330e+06   3.5095215e+01
   1.6581650e+06   3.3325195e+01
   1.6630870e+06   3.7414551e+01
   1.6631020e+06   3.4545898e+01
   1.6631140e+06   3.3752441e+01
   1.6631390e+06   3.6315918e+01
   1.6631800e+06   3.6499023e+01
   1.6632000e+06   3.4057617e+01
   1.6635090e+06   3.6560059e+01
   1.6637380e+06   3.3264160e+01
   1.6638430e+06   3.8635254e+01
   1.6666990e+06   3.9184570e+01
   1.6667160e+06   3.6376953e+01
   1.6667700e+06   3.5705566e+01
   1.6668080e+06   3.6926270e+01
   1.6696500e+06   3.3569336e+01
   1.6696640e+06   3.5278320e+01
   1.6697250e+06   3.5217285e+01
   1.6697660e+06   3.9001465e+01
   1.6700750e+06   3.3874512e+01
   1.6702010e+06   3.4423828e+01
   1.6703780e+06   3.6193848e+01
   1.6727990e+06   3.6865234e+01
   1.6801810e+06   4.5104980e+01
   1.6802040e+06   3.6621094e+01
   1.6802320e+06   4.3273926e+01
   1.6802460e+06   4.4189453e+01
   1.6802810e+06   4.7058105e+01
   1.6802980e+06   4.1564941e+01
   1.6803110e+06   3.5644531e+01
   1.6803220e+06   3.5461426e+01
   1.6803510e+06   4.5410156e+01
   1.6803670e+06   3.8330078e+01
   1.6805120e+06   3.3996582e+01
   1.6807190e+06   3.5583496e+01
   1.6843230e+06   3.4057617e+01
   1.6843570e+06   3.7048340e+01
   1.6864550e+06   3.6254883e+01
   1.6864730e+06   3.9123535e+01
   1.6865250e+06   4.0466309e+01
   1.6865450e+06   3.8330078e+01
   1.6868490e+06   4.2236328e+01
   1.6869190e+06   3.3691406e+01
   1.6872200e+06   3.8818359e+01
   1.6987520e+06   4.1564941e+01
   1.6987720e+06   4.1015625e+01
   1.6988080e+06   5.0476074e+01
   1.6988380e+06   3.9062500e+01
   1.6988530e+06   3.8269043e+01
   1.6988850e+06   3.3264160e+01
   1.6989100e+06   3.9001465e+01
   1.6989230e+06   3.5278320e+01
   1.6989720e+06   4.6936035e+01
   1.6994340e+06   3.6743164e+01
   1.6997190e+06   3.7475586e+01
   1.7040700e+06   3.9611816e+01
   1.7041120e+06   3.9367676e+01
   1.7041240e+06   3.7902832e+01
   1.7041410e+06   3.8574219e+01
   1.7042190e+06   3.5156250e+01
   1.7052460e+06   3.6804199e+01
   1.7081130e+06   4.0344238e+01
   1.7081610e+06   4.1992188e+01
   1.7081750e+06   3.6071777e+01
   1.7085250e+06   3.3630371e+01
   1.7136030e+06   3.5339355e+01
   1.7136320e+06   3.8940430e+01
   1.7136470e+06   5.0292969e+01
   1.7136650e+06   4.5776367e+01
   1.7137030e+06   3.4118652e+01
   1.7137260e+06   3.3325195e+01
   1.7137460e+06   3.9855957e+01
   1.7143630e+06   3.4667969e+01
   1.7176050e+06   3.4301758e+01
   1.7176240e+06   3.4973145e+01
   1.7176450e+06   4.6752930e+01
   1.7176830e+06   3.7719727e+01
   1.7177240e+06   3.8452148e+01
   1.7840370e+06   4.0832520e+01
   1.7840530e+06   4.2907715e+01
   1.7840820e+06   3.5583496e+01
   1.7841150e+06   3.5095215e+01
   1.7841500e+06   4.7790527e+01
   1.7841640e+06   3.5095215e+01
   1.7842020e+06   4.1992188e+01
   1.7842170e+06   4.4921875e+01
   1.7842500e+06   3.4484863e+01
   1.7842600e+06   4.0283203e+01
   1.7842780e+06   4.3151855e+01
   1.7842900e+06   3.6499023e+01
   1.7844070e+06   3.6560059e+01
   1.7844370e+06   3.4729004e+01
   1.7845050e+06   3.8513184e+01
   1.7845670e+06   3.5888672e+01
   1.7846280e+06   3.9123535e+01
   1.7847060e+06   3.4179688e+01
   1.7847490e+06   3.5583496e+01
   1.7848510e+06   3.3142090e+01
   1.7852180e+06   3.3630371e+01
   1.7853190e+06   3.7780762e+01
   1.7856070e+06   3.4179688e+01
   1.7859400e+06   3.4851074e+01
   1.7861380e+06   3.4667969e+01
   1.7865940e+06   3.5278320e+01
   1.7869700e+06   3.7597656e+01
   1.7882680e+06   3.9611816e+01
   1.7916900e+06   3.7902832e+01
   1.7917160e+06   3.7719727e+01
   1.7917270e+06   3.5217285e+01
   1.7917410e+06   3.8696289e+01
   1.7917590e+06   3.9855957e+01
   1.7917900e+06   3.5156250e+01
   1.7918010e+06   3.8818359e+01
   1.7918900e+06   3.4179688e+01
   1.8034520e+06   3.5705566e+01
   1.8034810e+06   4.0710449e+01
   1.8035050e+06   4.2480469e+01
   1.8035220e+06   3.5095215e+01
   1.8035790e+06   3.5339355e+01
   1.8036870e+06   3.5705566e+01
   1.8037770e+06   3.8208008e+01
   1.8040470e+06   3.3996582e+01
   1.8042220e+06   3.5034180e+01
   1.8079400e+06   3.3691406e+01
   1.8745290e+06   3.4484863e+01
   1.8924150e+06   3.6865234e+01
   1.8962240e+06   4.6081543e+01
   1.8962470e+06   4.8034668e+01
   1.8962700e+06   3.6071777e+01
   1.8962980e+06   3.4606934e+01
   1.8963250e+06   3.5461426e+01
   1.8963380e+06   3.4973145e+01
   1.8964140e+06   4.2663574e+01
   1.8964790e+06   3.3935547e+01
   1.8964970e+06   4.3212891e+01
   1.8965230e+06   4.1931152e+01
   1.8966150e+06   4.0405273e+01
   1.8966490e+06   3.8635254e+01
   1.8966830e+06   3.7414551e+01
   1.8967950e+06   3.4606934e+01
   1.8969000e+06   3.6254883e+01
   1.8970190e+06   3.4790039e+01
   1.8970810e+06   3.5522461e+01
   1.8973930e+06   3.9428711e+01
   1.8975120e+06   3.3691406e+01
   1.8978850e+06   3.4729004e+01
   1.8983320e+06   3.3325195e+01
   1.8984370e+06   3.3203125e+01
   1.8989160e+06   3.5034180e+01
   1.9010810e+06   3.5705566e+01
   1.9918570e+06   4.1503906e+01
   1.9919740e+06   3.5217285e+01
   1.9921510e+06   3.7963867e+01
   1.9921800e+06   3.5888672e+01
   1.9922170e+06   3.8269043e+01
   1.9922370e+06   3.3386230e+01
   1.9922580e+06   3.4301758e+01
   1.9923100e+06   5.7373047e+01
   1.9923260e+06   3.4118652e+01
   1.9923560e+06   3.5461426e+01
   1.9923830e+06   3.7353516e+01
   1.9924090e+06   5.0354004e+01
   1.9924430e+06   4.3090820e+01
   1.9924690e+06   3.4667969e+01
   1.9924930e+06   3.5400391e+01
   1.9925200e+06   4.2236328e+01
   1.9925440e+06   3.9794922e+01
   1.9925560e+06   4.6020508e+01
   1.9927370e+06   4.0588379e+01
   1.9928470e+06   3.6132813e+01
   1.9930570e+06   3.5034180e+01
   1.9933160e+06   3.5522461e+01
   1.9934330e+06   3.6010742e+01
   1.9935210e+06   3.3264160e+01
   1.9940670e+06   3.4667969e+01
   1.9946060e+06   3.4240723e+01
   1.9947230e+06   3.4057617e+01
   1.9952870e+06   3.4362793e+01
   1.9953200e+06   3.4545898e+01
   1.9972040e+06   3.3630371e+01
   2.0735660e+06   4.1870117e+01
   2.0735940e+06   3.6376953e+01
   2.0736060e+06   3.9916992e+01
   2.0736180e+06   4.7912598e+01
   2.0736550e+06   4.2480469e+01
   2.0736740e+06   3.6560059e+01
   2.0737330e+06   4.1198730e+01
   2.0737510e+06   4.6691895e+01
   2.0737970e+06   3.8024902e+01
   2.0738200e+06   3.9428711e+01
   2.0738790e+06   3.4301758e+01
   2.0739120e+06   3.8879395e+01
   2.0739620e+06   5.6152344e+01
   2.0739920e+06   4.2968750e+01
   2.0740490e+06   3.3447266e+01
   2.0740820e+06   4.1320801e+01
   2.0742330e+06   3.7963867e+01
   2.0743900e+06   3.9672852e+01
   2.0744620e+06   4.5776367e+01
   2.0748570e+06   3.9123535e+01
   2.0749730e+06   3.5949707e+01
   2.0752590e+06   3.7475586e+01
   2.0758310e+06   3.3264160e+01
   2.0761100e+06   3.6376953e+01
   2.0762650e+06   3.4606934e+01
   2.0764610e+06   3.3691406e+01
   2.0768660e+06   3.3935547e+01
   2.0770090e+06   3.7780762e+01
   2.0770600e+06   3.3203125e+01
   2.0872880e+06   3.8635254e+01
   2.0873070e+06   3.4973145e+01
   2.0873550e+06   4.2114258e+01
   2.0873660e+06   3.4912109e+01
   2.0873850e+06   4.1503906e+01
   2.0874050e+06   4.4189453e+01
   2.0874370e+06   3.5766602e+01
   2.0875000e+06   3.3996582e+01
   2.0875290e+06   3.8085938e+01
   2.0877980e+06   3.5583496e+01
   2.0880940e+06   3.4667969e+01
   2.0883950e+06   3.6865234e+01
   2.1001090e+06   3.6926270e+01
   2.1001250e+06   5.0964355e+01
   2.1001590e+06   3.6865234e+01
   2.1001820e+06   3.6010742e+01
   2.1002110e+06   4.8950195e+01
   2.1002240e+06   3.3386230e+01
   2.1002470e+06   3.5034180e+01
   2.1003010e+06   3.7292480e+01
   2.1003300e+06   4.1320801e+01
   2.1005180e+06   3.3447266e+01
   2.1009730e+06   3.7536621e+01
   2.1013730e+06   3.6376953e+01
   2.1689780e+06   3.7475586e+01
   2.1690030e+06   3.3508301e+01
   2.1690330e+06   4.9560547e+01
   2.1690770e+06   3.9428711e+01
   2.1690930e+06   3.6132813e+01
   2.1691110e+06   4.0893555e+01
   2.1691760e+06   3.5949707e+01
   2.1691960e+06   3.7353516e+01
   2.1692450e+06   3.5095215e+01
   2.1692710e+06   3.5034180e+01
   2.1692820e+06   3.4912109e+01
   2.1693310e+06   3.5156250e+01
   2.1694020e+06   3.6865234e+01
   2.1694560e+06   3.9062500e+01
   2.1695680e+06   3.3935547e+01
   2.1697280e+06   3.3386230e+01
   2.1698030e+06   3.3203125e+01
   2.1708510e+06   3.6743164e+01
   2.1714250e+06   3.4729004e+01
   2.1717010e+06   3.8635254e+01
   2.1718900e+06   3.3752441e+01
   2.1798080e+06   3.3325195e+01
   2.1798220e+06   4.3212891e+01
   2.1798610e+06   3.5705566e+01
   2.1799070e+06   3.6132813e+01
   2.1799470e+06   4.0649414e+01
   2.1799760e+06   4.6264648e+01
   2.1802080e+06   3.9306641e+01
   2.1802400e+06   3.5766602e+01
   2.1803120e+06   3.6865234e+01
   2.1806760e+06   3.4301758e+01
   2.1806880e+06   3.4729004e+01
   2.1807960e+06   3.4729004e+01
   2.1809240e+06   3.4973145e+01
   2.1939570e+06   3.3508301e+01
   2.1939870e+06   4.4250488e+01
   2.1940110e+06   4.4494629e+01
   2.1940270e+06   4.9865723e+01
   2.1940590e+06   3.4362793e+01
   2.1941240e+06   3.7963867e+01
   2.1941480e+06   3.8940430e+01
   2.1941730e+06   3.6865234e+01
   2.1941990e+06   4.3945313e+01
   2.1942330e+06   3.3386230e+01
   2.1943460e+06   3.6193848e+01
   2.1953120e+06   3.3203125e+01
   2.2032070e+06   5.2429199e+01
   2.2032330e+06   5.3771973e+01
   2.2032580e+06   4.1198730e+01
   2.2032770e+06   3.7109375e+01
   2.2033430e+06   3.4912109e+01
   2.2034670e+06   3.4729004e+01
   2.2034990e+06   3.8269043e+01
   2.2036360e+06   3.9489746e+01
   2.2040080e+06   3.6926270e+01
   2.2042620e+06   3.6132813e+01
   2.2046980e+06   3.3264160e+01
   2.2119000e+06   3.3813477e+01
   2.2119170e+06   4.6203613e+01
   2.2119370e+06   3.6071777e+01
   2.2119530e+06   4.0344238e+01
   2.2119680e+06   3.5156250e+01
   2.2119900e+06   4.3884277e+01
   2.2120230e+06   3.3264160e+01
   2.2121440e+06   3.4179688e+01
   2.2122760e+06   3.4484863e+01
   2.2122960e+06   3.6132813e+01
   2.2125510e+06   3.4912109e+01
   2.2689890e+06   3.8024902e+01
   2.3436480e+06   3.3447266e+01
   2.3436800e+06   4.6569824e+01
   2.3437020e+06   3.3630371e+01
   2.3437430e+06   4.6752930e+01
   2.3437880e+06   4.0039063e+01
   2.3438220e+06   3.8513184e+01
   2.3438330e+06   3.9733887e+01
   2.3439030e+06   3.3508301e+01
   2.3440120e+06   3.7780762e+01
   2.3440930e+06   3.3569336e+01
   2.3441760e+06   3.3630371e+01
   2.3442710e+06   3.8452148e+01
   2.3443680e+06   3.3691406e+01
   2.3448870e+06   3.4973145e+01
   2.3452530e+06   3.7841797e+01
   2.3455680e+06   3.4790039e+01
   2.4391920e+06   4.1198730e+01
   2.4392200e+06   3.7841797e+01
   2.4392380e+06   4.0527344e+01
   2.4392630e+06   3.4851074e+01
   2.4392940e+06   4.3884277e+01
   2.4393140e+06   3.6621094e+01
   2.4393670e+06   3.5827637e+01
   2.4395160e+06   3.4790039e+01
   2.4397680e+06   3.7841797e+01
   2.4402420e+06   3.9245605e+01
   2.4403160e+06   3.7658691e+01
   2.4404010e+06   3.4301758e+01
   2.4417810e+06   4.3945313e+01
   2.4418150e+06   3.5278320e+01
   2.4425590e+06   3.8513184e+01
   2.5049630e+06   3.5095215e+01
   2.5143410e+06   3.5339355e+01
   2.5143530e+06   4.0527344e+01
   2.5143850e+06   4.1992188e+01
   2.5144020e+06   3.3630371e+01
   2.5144320e+06   3.9062500e+01
   2.5144430e+06   3.6010742e+01
   2.5144830e+06   3.3752441e+01
   2.5144990e+06   3.7109375e+01
   2.5145200e+06   4.5898438e+01
   2.5145650e+06   5.5847168e+01
   2.5145820e+06   3.6804199e+01
   2.5147870e+06   3.6315918e+01
   2.5148420e+06   3.3996582e+01
   2.5150050e+06   3.7658691e+01
   2.5151740e+06   3.5583496e+01
   2.5153180e+06   4.2236328e+01
   2.5275330e+06   3.9306641e+01
   2.5275620e+06   4.7973633e+01
   2.5275920e+06   3.4545898e+01
   2.5276250e+06   3.9794922e+01
   2.5276360e+06   3.3691406e+01
   2.5276490e+06   3.9916992e+01
   2.5276720e+06   3.6376953e+01
   2.5277140e+06   4.3273926e+01
   2.5277370e+06   3.6682129e+01
   2.5277690e+06   3.7536621e+01
   2.5278110e+06   3.6804199e+01
   2.5281500e+06   3.4179688e+01
   2.5282780e+06   3.3935547e+01
   2.5651110e+06   5.0476074e+01
   2.5651320e+06   3.3691406e+01
   2.5651440e+06   3.8208008e+01
   2.5651770e+06   5.7006836e+01
   2.5652200e+06   3.6010742e+01
   2.5652470e+06   4.3090820e+01
   2.5652590e+06   3.3447266e+01
   2.5653370e+06   4.5471191e+01
   2.5653940e+06   4.0527344e+01
   2.5654140e+06   3.7353516e+01
   2.5654730e+06   3.3691406e+01
   2.5655060e+06   3.4179688e+01
   2.5658640e+06   3.3264160e+01
   2.5660070e+06   3.7719727e+01
   2.5670390e+06   3.4790039e+01
   2.5674040e+06   3.7048340e+01
   2.5753060e+06   3.6865234e+01
   2.5753260e+06   3.7475586e+01
   2.5753490e+06   4.2358398e+01
   2.5753730e+06   4.0405273e+01
   2.5754580e+06   3.4484863e+01
   2.5754950e+06   3.7475586e+01
   2.5755150e+06   3.8085938e+01
   2.5756040e+06   3.7353516e+01
   2.5757070e+06   3.4484863e+01
   2.5758220e+06   3.5766602e+01
   2.5762420e+06   4.0344238e+01
   2.5826130e+06   4.3457031e+01
   2.5826280e+06   3.6621094e+01
   2.5826630e+06   3.4851074e+01
   2.5826880e+06   4.8034668e+01
   2.5827080e+06   3.8269043e+01
   2.5827230e+06   3.3813477e+01
   2.5828340e+06   3.7475586e+01
   2.5831300e+06   3.4240723e+01
   2.5835080e+06   3.3752441e+01
   2.5957110e+06   4.0649414e+01
   2.5957220e+06   3.5827637e+01
   2.5957370e+06   3.4179688e+01
   2.5957570e+06   3.5766602e+01
   2.5957790e+06   3.8269043e+01
   2.5958510e+06   3.4545898e+01
   2.5958840e+06   3.6376953e+01
   2.5959210e+06   3.6376953e+01
   2.5961380e+06   3.3325195e+01
   2.5961800e+06   3.9306641e+01
   2.5963700e+06   3.6376953e+01
   2.5963900e+06   3.8452148e+01
   2.5968500e+06   3.5766602e+01
   2.6010060e+06   5.5541992e+01
   2.6010230e+06   3.6926270e+01
   2.6010360e+06   4.0527344e+01
   2.6010710e+06   4.5471191e+01
   2.6010890e+06   3.9001465e+01
   2.6011090e+06   3.5522461e+01
   2.6011390e+06   3.4423828e+01
   2.6013980e+06   3.5705566e+01
   2.6014520e+06   3.5583496e+01
   2.7510240e+06   3.3142090e+01
   2.7510470e+06   3.6437988e+01
   2.7510650e+06   4.1809082e+01
   2.7510880e+06   5.4626465e+01
   2.7511130e+06   4.5104980e+01
   2.7511310e+06   3.4301758e+01
   2.7511470e+06   3.7231445e+01
   2.7511710e+06   3.3630371e+01
   2.7511880e+06   3.4057617e+01
   2.7512200e+06   3.4973145e+01
   2.7512860e+06   4.2419434e+01
   2.7513030e+06   4.1137695e+01
   2.7513310e+06   3.9123535e+01
   2.7513480e+06   3.3630371e+01
   2.7513680e+06   4.3579102e+01
   2.7514370e+06   3.7902832e+01
   2.7514590e+06   3.5583496e+01
   2.7514810e+06   4.1076660e+01
   2.7515080e+06   3.3752441e+01
   2.7516020e+06   3.6865234e+01
   2.7516380e+06   3.5583496e+01
   2.7521800e+06   3.3630371e+01
   2.7522040e+06   3.4912109e+01
   2.7523920e+06   3.3264160e+01
   2.7526180e+06   3.5583496e+01
   2.8340430e+06   3.7841797e+01
   2.8380010e+06   4.3518066e+01
   2.8380360e+06   5.0720215e+01
   2.8380760e+06   4.0893555e+01
   2.8380950e+06   3.8330078e+01
   2.8381070e+06   4.2541504e+01
   2.8381490e+06   3.6071777e+01
   2.8381720e+06   4.0771484e+01
   2.8382930e+06   4.2541504e+01
   2.8383160e+06   3.9306641e+01
   2.8383630e+06   4.0039063e+01
   2.8384600e+06   3.6132813e+01
   2.8384860e+06   4.2968750e+01
   2.8385590e+06   4.3212891e+01
   2.8385820e+06   3.4057617e+01
   2.8386580e+06   3.3325195e+01
   2.8387130e+06   3.9855957e+01
   2.8387710e+06   3.7719727e+01
   2.8388090e+06   3.4362793e+01
   2.8388270e+06   3.4851074e+01
   2.8389200e+06   3.8696289e+01
   2.8392350e+06   3.5766602e+01
   2.8396870e+06   3.5217285e+01
   2.8410150e+06   3.4484863e+01
   2.9060760e+06   3.4423828e+01
   2.9061000e+06   3.3691406e+01
   2.9061310e+06   5.0476074e+01
   2.9061610e+06   3.7719727e+01
   2.9061740e+06   3.8757324e+01
   2.9062350e+06   4.7973633e+01
   2.9062810e+06   3.3569336e+01
   2.9063150e+06   3.3874512e+01
   2.9063900e+06   4.6875000e+01
   2.9064140e+06   3.5095215e+01
   2.9064270e+06   3.3935547e+01
   2.9064850e+06   3.3752441e+01
   2.9073320e+06   3.5278320e+01
   2.9081980e+06   3.5400391e+01
   2.9101740e+06   3.5034180e+01
   2.9588300e+06   4.7363281e+01
   2.9588420e+06   3.6743164e+01
   2.9588610e+06   3.9489746e+01
   2.9588930e+06   3.8574219e+01
   2.9589280e+06   4.3701172e+01
   2.9589470e+06   4.2541504e+01
   2.9589670e+06   3.9855957e+01
   2.9589860e+06   3.8330078e+01
   2.9590070e+06   3.6071777e+01
   2.9590360e+06   4.2114258e+01
   2.9591390e+06   3.5583496e+01
   2.9592020e+06   3.8696289e+01
   2.9593330e+06   3.6804199e+01
   2.9600860e+06   4.1320801e+01
   2.9617090e+06   3.3447266e+01
   2.9721060e+06   3.4301758e+01
   2.9721200e+06   4.6020508e+01
   2.9721340e+06   4.9987793e+01
   2.9721650e+06   3.8269043e+01
   2.9721890e+06   4.2297363e+01
   2.9722140e+06   4.3640137e+01
   2.9722840e+06   3.6132813e+01
   2.9730030e+06   3.8208008e+01
   2.9811640e+06   3.5705566e+01
   2.9811820e+06   4.6264648e+01
   2.9811970e+06   3.9733887e+01
   2.9812160e+06   3.3630371e+01
   2.9812470e+06   5.5664063e+01
   2.9812580e+06   4.2419434e+01
   2.9812770e+06   3.9001465e+01
   2.9812890e+06   4.3090820e+01
   2.9813380e+06   3.6437988e+01
   2.9813580e+06   3.8085938e+01
   2.9816670e+06   3.5217285e+01
   2.9818240e+06   3.3691406e+01
   2.9820680e+06   3.8696289e+01
   2.9902890e+06   5.1696777e+01
   2.9903070e+06   3.8085938e+01
   2.9903470e+06   3.7780762e+01
   2.9903630e+06   3.6437988e+01
   2.9903960e+06   3.6865234e+01
   2.9904140e+06   4.5837402e+01
   2.9904540e+06   4.1381836e+01
   2.9905360e+06   3.5034180e+01
   2.9906540e+06   3.4790039e+01
   2.9912870e+06   3.5217285e+01
   2.9914330e+06   3.5156250e+01
   2.9990150e+06   3.6437988e+01
   2.9990500e+06   5.5786133e+01
   2.9990780e+06   4.3823242e+01
   2.9991060e+06   4.1625977e+01
   2.9991180e+06   4.5715332e+01
   2.9991380e+06   3.6499023e+01
   2.9991840e+06   3.4301758e+01
   2.9992120e+06   4.5410156e+01
   2.9993060e+06   4.0710449e+01
   2.9993710e+06   3.4484863e+01
   2.9997450e+06   3.6010742e+01
   2.9999080e+06   3.3447266e+01
