   7.5250000e+06   0.0000000e+00
   3.6106000e+04   2.6000000e+01
   1.1375600e+05   3.6000000e+01
   1.1414300e+05   2.3000000e+01
   1.1435500e+05   4.3000000e+01
   1.1439100e+05   2.4000000e+01
   1.1612900e+05   2.7000000e+01
   1.1616500e+05   2.6000000e+01
   1.2042400e+05   2.4000000e+01
   1.2225200e+05   3.1000000e+01
   1.7861000e+05   2.4000000e+01
   1.7997200e+05   3.4000000e+01
   2.3320000e+05   2.7000000e+01
   3.5264800e+05   2.9000000e+01
   3.9011900e+05   7.8000000e+01
   3.9014500e+05   3.7000000e+01
   4.6581700e+05   2.6000000e+01
   5.2139200e+05   2.7000000e+01
   5.5825900e+05   2.3000000e+01
   7.0512200e+05   2.3000000e+01
   7.6384900e+05   2.4000000e+01
   8.2846100e+05   2.3000000e+01
   8.3004800e+05   3.2000000e+01
   8.3114400e+05   2.3000000e+01
   8.4157900e+05   5.1000000e+01
   8.4160400e+05   3.0000000e+01
   9.3356800e+05   2.4000000e+01
   1.2037680e+06   2.3000000e+01
   1.2042090e+06   2.3000000e+01
   1.2533460e+06   3.2000000e+01
   1.2986230e+06   3.3000000e+01
   1.5073230e+06   2.3000000e+01
   1.5546490e+06   6.5000000e+01
   1.6256290e+06   9.0000000e+01
   1.6256550e+06   3.3000000e+01
   1.6261570e+06   2.3000000e+01
   1.6268300e+06   2.4000000e+01
   1.6274060e+06   2.5000000e+01
   1.6276670e+06   2.6000000e+01
   1.6287720e+06   5.3000000e+01
   1.6288040e+06   2.4000000e+01
   1.7886360e+06   2.3000000e+01
   1.7941070e+06   7.4000000e+01
   1.7941370e+06   3.4000000e+01
   1.8490370e+06   2.3000000e+01
   1.8806980e+06   2.4000000e+01
   1.9296360e+06   2.3000000e+01
   1.9699320e+06   2.4000000e+01
   1.9712920e+06   2.3000000e+01
   2.0012790e+06   2.3000000e+01
   2.0449310e+06   2.3000000e+01
   2.0714700e+06   2.8000000e+01
   2.0717920e+06   3.5000000e+01
   2.1192330e+06   3.5000000e+01
   2.1676110e+06   6.4000000e+01
   2.1676470e+06   2.3000000e+01
   2.1877980e+06   2.6000000e+01
   2.1878260e+06   2.8000000e+01
   2.1880510e+06   2.9000000e+01
   2.1885070e+06   2.4000000e+01
   2.1885610e+06   3.5000000e+01
   2.1892050e+06   2.5000000e+01
   2.1892690e+06   6.9000000e+01
   2.1894930e+06   2.4000000e+01
   2.1900690e+06   5.1000000e+01
   2.1901040e+06   2.3000000e+01
   2.1912820e+06   4.3000000e+01
   2.1913070e+06   2.4000000e+01
   2.2888780e+06   2.4000000e+01
   2.3406260e+06   2.4000000e+01
   2.3414380e+06   2.4000000e+01
   2.3966970e+06   2.3000000e+01
   2.4081430e+06   4.1000000e+01
   2.4711870e+06   2.4000000e+01
   2.4821870e+06   6.4000000e+01
   2.4829960e+06   2.4000000e+01
   2.5286010e+06   3.6000000e+01
   2.5308100e+06   4.1000000e+01
   2.5312380e+06   2.5000000e+01
   2.5315590e+06   6.4000000e+01
   2.5315870e+06   3.7000000e+01
   2.5342420e+06   5.6000000e+01
   2.5342670e+06   3.1000000e+01
   2.5982520e+06   2.9000000e+01
   2.5983450e+06   2.3000000e+01
   2.6014870e+06   7.7000000e+01
   2.6015150e+06   2.6000000e+01
   2.6114580e+06   2.3000000e+01
   2.6517150e+06   2.3000000e+01
   2.6523410e+06   2.7000000e+01
   2.6523940e+06   2.4000000e+01
   2.7004530e+06   6.2000000e+01
   2.7004820e+06   2.8000000e+01
   2.8228530e+06   2.3000000e+01
   2.8240630e+06   5.8000000e+01
   2.8240880e+06   3.2000000e+01
   2.8982120e+06   2.5000000e+01
   2.9038070e+06   5.9000000e+01
   2.9038380e+06   2.5000000e+01
   2.9355650e+06   2.3000000e+01
   2.9390210e+06   3.2000000e+01
   2.9852500e+06   9.0000000e+01
   2.9852770e+06   2.7000000e+01
   3.0307330e+06   3.5000000e+01
   3.0307670e+06   2.6000000e+01
   3.0748520e+06   2.8000000e+01
   3.0781500e+06   6.3000000e+01
   3.0781780e+06   2.6000000e+01
   3.1082800e+06   2.3000000e+01
   3.1471670e+06   6.0000000e+01
   3.2172950e+06   3.4000000e+01
   3.2195020e+06   5.3000000e+01
   3.2195270e+06   2.9000000e+01
   3.3179660e+06   2.5000000e+01
   3.3185920e+06   3.4000000e+01
   3.3197020e+06   6.5000000e+01
   3.3197400e+06   2.8000000e+01
   3.3227640e+06   2.7000000e+01
   3.3228680e+06   2.8000000e+01
   3.3236960e+06   2.8000000e+01
   3.3241240e+06   2.3000000e+01
   3.4239230e+06   2.4000000e+01
   3.4240370e+06   6.2000000e+01
   3.4240670e+06   2.5000000e+01
   3.4615980e+06   6.0000000e+01
   3.4616270e+06   2.3000000e+01
   3.5381170e+06   2.6000000e+01
   3.5396150e+06   5.4000000e+01
   3.5898400e+06   2.5000000e+01
   3.5917390e+06   6.0000000e+01
   3.5917710e+06   2.3000000e+01
   3.6314180e+06   2.6000000e+01
   3.6327800e+06   6.4000000e+01
   3.6328100e+06   2.6000000e+01
   3.6788150e+06   2.3000000e+01
   3.7332000e+06   6.7000000e+01
   3.7795160e+06   2.3000000e+01
   3.7836010e+06   2.4000000e+01
   3.7846030e+06   2.4000000e+01
   3.7879890e+06   6.7000000e+01
   3.7880160e+06   2.3000000e+01
   3.8278020e+06   5.6000000e+01
   3.8278270e+06   3.0000000e+01
   3.8278810e+06   2.4000000e+01
   3.8307470e+06   2.4000000e+01
   3.8340490e+06   5.0000000e+01
   3.8340740e+06   3.2000000e+01
   3.9242350e+06   2.3000000e+01
   3.9254090e+06   3.6000000e+01
   3.9270260e+06   6.6000000e+01
   3.9271000e+06   2.3000000e+01
   3.9272130e+06   2.3000000e+01
   4.0308050e+06   2.3000000e+01
   4.0314730e+06   2.3000000e+01
   4.0315330e+06   4.1000000e+01
   4.0325050e+06   2.7000000e+01
   4.0977140e+06   2.3000000e+01
   4.0985890e+06   2.7000000e+01
   4.1002870e+06   6.0000000e+01
   4.1003140e+06   2.7000000e+01
   4.1500570e+06   2.3000000e+01
   4.1515130e+06   2.3000000e+01
   4.1987660e+06   2.8000000e+01
   4.2570110e+06   6.2000000e+01
   4.2571320e+06   2.7000000e+01
   4.2594780e+06   5.6000000e+01
   4.2595090e+06   2.5000000e+01
   4.3597570e+06   3.0000000e+01
   4.3617620e+06   2.3000000e+01
   4.3618770e+06   2.5000000e+01
   4.3619360e+06   2.3000000e+01
   4.3621090e+06   2.3000000e+01
   4.3626970e+06   2.7000000e+01
   4.3636990e+06   2.4000000e+01
   4.4132400e+06   6.3000000e+01
   4.4132730e+06   2.7000000e+01
   4.4518440e+06   2.4000000e+01
   4.4523540e+06   2.3000000e+01
   4.4552230e+06   2.4000000e+01
   4.4553880e+06   2.3000000e+01
   4.4563400e+06   6.6000000e+01
   4.4563760e+06   3.0000000e+01
   4.4629890e+06   2.3000000e+01
   4.5430180e+06   6.6000000e+01
   4.5866640e+06   2.3000000e+01
   4.6401890e+06   5.9000000e+01
   4.6402490e+06   2.4000000e+01
   4.6406000e+06   2.6000000e+01
   4.7027010e+06   2.9000000e+01
   4.7040450e+06   6.3000000e+01
   4.7040720e+06   2.9000000e+01
   4.7073770e+06   5.6000000e+01
   4.7444210e+06   6.8000000e+01
   4.7445000e+06   2.3000000e+01
   4.7454870e+06   2.3000000e+01
   4.7458080e+06   2.5000000e+01
   4.7459490e+06   4.0000000e+01
   4.7477410e+06   5.0000000e+01
   4.7833540e+06   3.2000000e+01
   4.7837480e+06   2.5000000e+01
   4.8421500e+06   2.3000000e+01
   4.8433870e+06   2.3000000e+01
   4.8915420e+06   2.3000000e+01
   4.8980570e+06   2.7000000e+01
   4.8981080e+06   2.3000000e+01
   4.8984040e+06   2.3000000e+01
   4.9005770e+06   6.5000000e+01
   4.9517980e+06   2.4000000e+01
   4.9604440e+06   6.6000000e+01
   4.9604780e+06   4.2000000e+01
   4.9612120e+06   2.3000000e+01
   5.0573820e+06   2.5000000e+01
   5.0582090e+06   2.7000000e+01
   5.0585730e+06   1.0500000e+02
   5.0586350e+06   2.9000000e+01
   5.0588620e+06   2.3000000e+01
   5.0593700e+06   2.7000000e+01
   5.0600640e+06   6.1000000e+01
   5.0600920e+06   2.3000000e+01
   5.0605750e+06   2.5000000e+01
   5.0609450e+06   4.9000000e+01
   5.0609720e+06   2.3000000e+01
   5.1650570e+06   6.2000000e+01
   5.1650840e+06   2.6000000e+01
   5.2067000e+06   2.4000000e+01
   5.2338110e+06   3.2000000e+01
   5.2349310e+06   2.3000000e+01
   5.2350460e+06   6.6000000e+01
   5.2365720e+06   2.6000000e+01
   5.2390850e+06   5.8000000e+01
   5.3066400e+06   3.5000000e+01
   5.3076460e+06   2.6000000e+01
   5.3083000e+06   2.5000000e+01
   5.3092760e+06   6.1000000e+01
   5.3104170e+06   5.5000000e+01
   5.3465150e+06   2.7000000e+01
   5.3496510e+06   2.4000000e+01
   5.3496980e+06   2.5000000e+01
   5.3501080e+06   2.5000000e+01
   5.3952380e+06   2.4000000e+01
   5.4418720e+06   2.5000000e+01
   5.4424730e+06   7.0000000e+01
   5.4425020e+06   2.4000000e+01
   5.4894470e+06   2.3000000e+01
   5.4895760e+06   2.4000000e+01
   5.4897770e+06   6.0000000e+01
   5.4898400e+06   2.6000000e+01
   5.5328000e+06   6.5000000e+01
   5.5328320e+06   2.9000000e+01
   5.5835490e+06   6.7000000e+01
   5.5835770e+06   3.0000000e+01
   5.5840630e+06   2.4000000e+01
   5.5854480e+06   2.5000000e+01
   5.5867120e+06   6.6000000e+01
   5.5867410e+06   3.5000000e+01
   5.6346590e+06   2.3000000e+01
   5.6351780e+06   5.9000000e+01
   5.6358530e+06   2.3000000e+01
   5.6361520e+06   2.4000000e+01
   5.6386510e+06   2.3000000e+01
   5.6446240e+06   2.4000000e+01
   5.6450230e+06   2.7000000e+01
   5.6453990e+06   2.3000000e+01
   5.6887410e+06   2.3000000e+01
   5.7398760e+06   2.3000000e+01
   5.7414190e+06   2.3000000e+01
   5.7420440e+06   2.6000000e+01
   5.7445300e+06   6.5000000e+01
   5.7445640e+06   2.3000000e+01
   5.7939750e+06   2.3000000e+01
   5.7965080e+06   2.3000000e+01
   5.7967930e+06   2.5000000e+01
   5.7983850e+06   2.7000000e+01
   5.8014040e+06   9.4000000e+01
   5.8637970e+06   2.3000000e+01
   5.8640670e+06   6.5000000e+01
   5.8640970e+06   2.6000000e+01
   5.8649900e+06   2.4000000e+01
   5.8650620e+06   3.1000000e+01
   5.9676460e+06   2.3000000e+01
   6.0680600e+06   7.3000000e+01
   6.0680900e+06   3.1000000e+01
   6.0681500e+06   2.3000000e+01
   6.0687930e+06   2.3000000e+01
   6.0690800e+06   2.6000000e+01
   6.0691990e+06   7.0000000e+01
   6.0692250e+06   2.6000000e+01
   6.1200330e+06   2.3000000e+01
   6.1208890e+06   2.4000000e+01
   6.1217050e+06   2.4000000e+01
   6.1237500e+06   6.6000000e+01
   6.1237770e+06   3.0000000e+01
   6.1240590e+06   2.6000000e+01
   6.1241850e+06   2.3000000e+01
   6.1248430e+06   4.8000000e+01
   6.1248730e+06   2.4000000e+01
   6.1252920e+06   2.5000000e+01
   6.1282450e+06   5.0000000e+01
   6.1282710e+06   3.1000000e+01
   6.1800920e+06   5.6000000e+01
   6.1801940e+06   2.8000000e+01
   6.2168390e+06   2.3000000e+01
   6.2175560e+06   2.3000000e+01
   6.2178290e+06   2.5000000e+01
   6.2207080e+06   5.9000000e+01
   6.2207330e+06   2.8000000e+01
   6.2680530e+06   6.3000000e+01
   6.2680890e+06   2.3000000e+01
   6.2691710e+06   2.8000000e+01
   6.2693920e+06   2.7000000e+01
   6.2699960e+06   3.1000000e+01
   6.3748290e+06   2.6000000e+01
   6.3752890e+06   4.1000000e+01
   6.3763100e+06   6.6000000e+01
   6.3763360e+06   3.8000000e+01
   6.4072410e+06   2.3000000e+01
   6.4082060e+06   2.4000000e+01
   6.4421940e+06   2.6000000e+01
   6.4913280e+06   2.3000000e+01
   6.4915560e+06   2.5000000e+01
   6.5348890e+06   5.9000000e+01
   6.5349180e+06   3.6000000e+01
   6.5815860e+06   2.5000000e+01
   6.6304950e+06   2.3000000e+01
   6.6306270e+06   2.3000000e+01
   6.7071130e+06   2.3000000e+01
   6.7072750e+06   7.1000000e+01
   6.7073100e+06   2.4000000e+01
   6.7074990e+06   2.7000000e+01
   6.7086620e+06   2.3000000e+01
   6.7088190e+06   2.3000000e+01
   6.7097130e+06   2.5000000e+01
   6.7448710e+06   2.3000000e+01
   6.7453580e+06   2.3000000e+01
   6.7454190e+06   2.3000000e+01
   6.7865170e+06   2.6000000e+01
   6.8420590e+06   2.8000000e+01
   6.8430620e+06   7.1000000e+01
   6.8791580e+06   2.5000000e+01
   6.8849160e+06   2.4000000e+01
   6.9269530e+06   2.3000000e+01
   6.9270680e+06   2.3000000e+01
   6.9637030e+06   2.3000000e+01
   6.9649380e+06   2.4000000e+01
   6.9654300e+06   2.9000000e+01
   6.9658820e+06   2.4000000e+01
   6.9673510e+06   3.7000000e+01
   6.9676990e+06   2.3000000e+01
   6.9679870e+06   2.4000000e+01
   6.9681630e+06   2.4000000e+01
   6.9685550e+06   2.3000000e+01
   6.9693110e+06   2.4000000e+01
   6.9697200e+06   2.3000000e+01
   6.9697950e+06   3.2000000e+01
   6.9699300e+06   6.9000000e+01
   6.9699610e+06   2.5000000e+01
   6.9719370e+06   5.4000000e+01
   6.9719640e+06   2.8000000e+01
   6.9738170e+06   2.6000000e+01
   6.9764320e+06   2.4000000e+01
   7.0935930e+06   2.3000000e+01
   7.0944230e+06   3.4000000e+01
   7.0957600e+06   2.4000000e+01
   7.0958430e+06   6.9000000e+01
   7.0963680e+06   5.9000000e+01
   7.0963990e+06   2.8000000e+01
   7.0986500e+06   5.4000000e+01
   7.0986790e+06   2.7000000e+01
   7.1500660e+06   3.7000000e+01
   7.1533140e+06   2.4000000e+01
   7.2051560e+06   2.9000000e+01
   7.2093210e+06   6.0000000e+01
   7.2093490e+06   3.1000000e+01
   7.2509590e+06   2.3000000e+01
   7.2725060e+06   4.6000000e+01
   7.3122840e+06   2.5000000e+01
   7.3741900e+06   2.3000000e+01
   7.3761870e+06   5.7000000e+01
   7.3762180e+06   2.6000000e+01
   7.3765230e+06   2.3000000e+01
   7.3772430e+06   2.3000000e+01
   7.4327180e+06   6.3000000e+01
   7.4755460e+06   5.9000000e+01
   7.4755730e+06   2.7000000e+01
   7.4788800e+06   2.4000000e+01
