   7.5250000e+06   0.0000000e+00
   7.6921000e+04   2.1000000e+01
   8.3220500e+05   2.1000000e+01
   1.5046300e+06   2.2000000e+01
   1.5531220e+06   2.4000000e+01
   2.1867220e+06   2.3000000e+01
   2.1878170e+06   2.2000000e+01
   2.1892090e+06   2.1000000e+01
   2.1892380e+06   2.3000000e+01
   2.4080660e+06   2.1000000e+01
   2.5307090e+06   2.1000000e+01
   2.6983030e+06   2.1000000e+01
   2.8989660e+06   2.2000000e+01
   3.2150320e+06   2.2000000e+01
   3.3182870e+06   2.1000000e+01
   3.4239480e+06   2.2000000e+01
   4.4112300e+06   2.2000000e+01
   4.7024330e+06   2.1000000e+01
   5.0583920e+06   2.2000000e+01
   5.0593230e+06   2.5000000e+01
   5.0593740e+06   2.4000000e+01
   5.0595960e+06   2.2000000e+01
   5.0598010e+06   2.1000000e+01
   5.0601220e+06   2.1000000e+01
   5.2067050e+06   2.5000000e+01
   5.2068580e+06   2.1000000e+01
   5.7969280e+06   2.1000000e+01
   6.0681770e+06   2.4000000e+01
   6.0684390e+06   2.2000000e+01
   6.1761640e+06   2.1000000e+01
   6.3748280e+06   2.1000000e+01
   6.4094780e+06   2.1000000e+01
   6.7085650e+06   2.4000000e+01
   6.7450340e+06   2.1000000e+01
   6.7453580e+06   2.2000000e+01
   6.9675850e+06   2.1000000e+01
   6.9681810e+06   2.1000000e+01
   6.9685550e+06   2.1000000e+01
   6.9685830e+06   2.3000000e+01
   7.0942310e+06   2.1000000e+01
   7.1501020e+06   2.1000000e+01
   7.2036270e+06   2.1000000e+01
