   7.5250000e+06   0.0000000e+00
   3.5359000e+04   2.3000000e+01
   8.1032000e+04   2.3000000e+01
   8.4062000e+04   2.1000000e+01
   1.1169300e+05   2.3000000e+01
   1.1359100e+05   2.1000000e+01
   1.1417400e+05   2.2000000e+01
   1.7007300e+05   2.1000000e+01
   2.0428100e+05   2.1000000e+01
   2.3616000e+05   2.1000000e+01
   2.6743200e+05   2.2000000e+01
   3.9060000e+05   2.3000000e+01
   3.9173600e+05   2.8000000e+01
   4.6633500e+05   2.1000000e+01
   4.6790600e+05   3.7000000e+01
   4.6814900e+05   2.7000000e+01
   5.2180200e+05   2.1000000e+01
   5.7070200e+05   2.1000000e+01
   5.8078300e+05   2.1000000e+01
   6.4837900e+05   2.2000000e+01
   7.3247500e+05   2.4000000e+01
   7.3317400e+05   2.3000000e+01
   7.9271300e+05   2.2000000e+01
   8.2282500e+05   2.1000000e+01
   8.4388400e+05   2.1000000e+01
   8.7550600e+05   2.2000000e+01
   1.0405310e+06   2.2000000e+01
   1.0573880e+06   2.2000000e+01
   1.0701190e+06   2.2000000e+01
   1.1040340e+06   2.3000000e+01
   1.1125220e+06   3.1000000e+01
   1.1404930e+06   2.1000000e+01
   1.1424230e+06   2.1000000e+01
   1.2526140e+06   3.7000000e+01
   1.2526800e+06   2.1000000e+01
   1.3253670e+06   2.1000000e+01
   1.3478300e+06   2.1000000e+01
   1.3518350e+06   2.3000000e+01
   1.4280960e+06   2.1000000e+01
   1.4329990e+06   3.2000000e+01
   1.4689130e+06   2.3000000e+01
   1.5072990e+06   2.1000000e+01
   1.5082840e+06   2.1000000e+01
   1.5088850e+06   3.1000000e+01
   1.5985560e+06   2.1000000e+01
   1.6261710e+06   2.6000000e+01
   1.6263430e+06   2.2000000e+01
   1.6266480e+06   2.3000000e+01
   1.6266940e+06   2.7000000e+01
   1.6269180e+06   2.2000000e+01
   1.6270600e+06   2.2000000e+01
   1.6272090e+06   2.2000000e+01
   1.6272830e+06   2.5000000e+01
   1.6274060e+06   2.9000000e+01
   1.6274770e+06   2.3000000e+01
   1.6277150e+06   2.8000000e+01
   1.6278070e+06   2.2000000e+01
   1.6279520e+06   2.5000000e+01
   1.6281030e+06   2.2000000e+01
   1.6282800e+06   2.7000000e+01
   1.6286320e+06   2.4000000e+01
   1.6290110e+06   2.3000000e+01
   1.6291360e+06   2.2000000e+01
   1.6293920e+06   2.1000000e+01
   1.6300720e+06   2.3000000e+01
   1.6321980e+06   2.2000000e+01
   1.7427410e+06   2.1000000e+01
   1.7429880e+06   2.3000000e+01
   1.7448840e+06   2.9000000e+01
   1.7459770e+06   2.5000000e+01
   1.7472010e+06   2.2000000e+01
   1.7901750e+06   2.1000000e+01
   1.7944320e+06   2.3000000e+01
   1.8487160e+06   2.1000000e+01
   1.9267870e+06   2.2000000e+01
   1.9292280e+06   2.9000000e+01
   1.9314590e+06   2.1000000e+01
   2.0044870e+06   2.4000000e+01
   2.0441070e+06   3.6000000e+01
   2.0782950e+06   3.3000000e+01
   2.1186570e+06   2.2000000e+01
   2.1848110e+06   2.1000000e+01
   2.1866900e+06   2.1000000e+01
   2.1871720e+06   2.1000000e+01
   2.1876500e+06   2.9000000e+01
   2.1877970e+06   2.4000000e+01
   2.1878330e+06   2.7000000e+01
   2.1878690e+06   2.7000000e+01
   2.1879950e+06   2.4000000e+01
   2.1881280e+06   2.5000000e+01
   2.1885060e+06   2.9000000e+01
   2.1887350e+06   3.8000000e+01
   2.1888030e+06   2.4000000e+01
   2.1891450e+06   2.6000000e+01
   2.1892790e+06   2.3000000e+01
   2.1894260e+06   2.1000000e+01
   2.1895130e+06   2.2000000e+01
   2.1896000e+06   3.0000000e+01
   2.1896590e+06   2.1000000e+01
   2.1900640e+06   2.4000000e+01
   2.1903800e+06   2.1000000e+01
   2.1905890e+06   2.1000000e+01
   2.2090370e+06   2.1000000e+01
   2.3355980e+06   2.1000000e+01
   2.3536740e+06   2.4000000e+01
   2.4019620e+06   2.1000000e+01
   2.4462030e+06   2.2000000e+01
   2.4538370e+06   2.3000000e+01
   2.4827490e+06   2.1000000e+01
   2.4843900e+06   2.2000000e+01
   2.5287330e+06   2.3000000e+01
   2.5332950e+06   2.1000000e+01
   2.6985440e+06   2.2000000e+01
   2.6995550e+06   3.1000000e+01
   2.7478820e+06   2.1000000e+01
   2.7618960e+06   2.1000000e+01
   2.8229390e+06   3.1000000e+01
   2.8968510e+06   3.8000000e+01
   2.9851270e+06   3.5000000e+01
   2.9866580e+06   2.9000000e+01
   3.0272140e+06   2.1000000e+01
   3.0290580e+06   2.1000000e+01
   3.0296960e+06   2.1000000e+01
   3.0797480e+06   2.4000000e+01
   3.1078980e+06   2.1000000e+01
   3.1081970e+06   2.1000000e+01
   3.1474750e+06   2.1000000e+01
   3.2153890e+06   2.1000000e+01
   3.2171290e+06   2.1000000e+01
   3.2551750e+06   2.1000000e+01
   3.3148310e+06   2.6000000e+01
   3.3177980e+06   3.4000000e+01
   3.3237530e+06   2.3000000e+01
   3.3242580e+06   2.1000000e+01
   3.4228400e+06   2.6000000e+01
   3.4234780e+06   2.1000000e+01
   3.4235180e+06   2.5000000e+01
   3.4240230e+06   2.4000000e+01
   3.4241820e+06   2.8000000e+01
   3.4242430e+06   2.3000000e+01
   3.4242730e+06   2.1000000e+01
   3.4245520e+06   3.4000000e+01
   3.4246360e+06   2.5000000e+01
   3.4248540e+06   2.7000000e+01
   3.4253820e+06   2.5000000e+01
   3.4258200e+06   2.6000000e+01
   3.4260390e+06   2.5000000e+01
   3.4267420e+06   2.3000000e+01
   3.4267790e+06   3.7000000e+01
   3.4391060e+06   2.1000000e+01
   3.4594650e+06   2.5000000e+01
   3.5340410e+06   2.2000000e+01
   3.5342240e+06   2.1000000e+01
   3.5374970e+06   2.1000000e+01
   3.5384280e+06   2.2000000e+01
   3.6302670e+06   2.1000000e+01
   3.6311760e+06   2.1000000e+01
   3.6795650e+06   2.2000000e+01
   3.7334960e+06   2.3000000e+01
   3.7340790e+06   2.7000000e+01
   3.7866960e+06   2.2000000e+01
   3.8274220e+06   2.3000000e+01
   3.8279060e+06   2.1000000e+01
   3.8286050e+06   2.3000000e+01
   3.8718200e+06   2.1000000e+01
   3.9241830e+06   2.2000000e+01
   3.9312600e+06   2.2000000e+01
   3.9315530e+06   2.4000000e+01
   3.9459810e+06   2.1000000e+01
   3.9754950e+06   2.1000000e+01
   4.0312440e+06   2.2000000e+01
   4.0315470e+06   2.1000000e+01
   4.0328680e+06   2.1000000e+01
   4.0970150e+06   2.1000000e+01
   4.0973910e+06   2.2000000e+01
   4.1520910e+06   4.5000000e+01
   4.1996940e+06   2.1000000e+01
   4.1997420e+06   2.1000000e+01
   4.2009610e+06   2.1000000e+01
   4.2563080e+06   2.1000000e+01
   4.2569950e+06   2.3000000e+01
   4.2570560e+06   2.1000000e+01
   4.3183290e+06   2.9000000e+01
   4.3530980e+06   2.2000000e+01
   4.3614650e+06   2.5000000e+01
   4.3616650e+06   2.3000000e+01
   4.4100970e+06   2.1000000e+01
   4.4134100e+06   2.4000000e+01
   4.5910710e+06   2.6000000e+01
   4.6390380e+06   4.4000000e+01
   4.7073540e+06   4.0000000e+01
   4.7435650e+06   2.1000000e+01
   4.7445570e+06   2.1000000e+01
   4.7452850e+06   2.2000000e+01
   4.7826080e+06   2.1000000e+01
   4.7829660e+06   2.3000000e+01
   4.8417270e+06   2.1000000e+01
   4.8975890e+06   2.1000000e+01
   4.8977800e+06   2.2000000e+01
   4.9054060e+06   2.1000000e+01
   4.9500920e+06   2.1000000e+01
   4.9522200e+06   2.4000000e+01
   5.0578400e+06   2.7000000e+01
   5.0578930e+06   2.1000000e+01
   5.0579950e+06   2.5000000e+01
   5.0580200e+06   2.3000000e+01
   5.0582050e+06   2.1000000e+01
   5.0582780e+06   2.1000000e+01
   5.0584270e+06   2.6000000e+01
   5.0585020e+06   2.1000000e+01
   5.0586270e+06   3.0000000e+01
   5.0589890e+06   2.7000000e+01
   5.0590700e+06   3.0000000e+01
   5.0590970e+06   2.5000000e+01
   5.0593400e+06   2.1000000e+01
   5.0593700e+06   2.6000000e+01
   5.0594740e+06   2.1000000e+01
   5.0595950e+06   2.2000000e+01
   5.0596330e+06   2.1000000e+01
   5.0598010e+06   2.2000000e+01
   5.0598500e+06   2.8000000e+01
   5.0599710e+06   2.1000000e+01
   5.0601370e+06   2.1000000e+01
   5.0603890e+06   3.5000000e+01
   5.0605820e+06   2.1000000e+01
   5.0608580e+06   2.2000000e+01
   5.0609280e+06   2.2000000e+01
   5.0613450e+06   2.4000000e+01
   5.0637530e+06   2.2000000e+01
   5.0655340e+06   2.2000000e+01
   5.1018150e+06   2.2000000e+01
   5.1020380e+06   2.2000000e+01
   5.1604140e+06   2.1000000e+01
   5.1608290e+06   2.1000000e+01
   5.1624870e+06   2.1000000e+01
   5.1654810e+06   3.4000000e+01
   5.2063590e+06   3.3000000e+01
   5.2067700e+06   2.3000000e+01
   5.2069770e+06   2.3000000e+01
   5.2076050e+06   2.6000000e+01
   5.2079000e+06   2.4000000e+01
   5.2079780e+06   2.6000000e+01
   5.2088740e+06   2.3000000e+01
   5.2089970e+06   2.9000000e+01
   5.2336880e+06   2.1000000e+01
   5.2337840e+06   2.1000000e+01
   5.2342730e+06   2.5000000e+01
   5.3083720e+06   2.2000000e+01
   5.3091260e+06   2.2000000e+01
   5.3945290e+06   2.3000000e+01
   5.4416090e+06   2.6000000e+01
   5.4894740e+06   2.3000000e+01
   5.4901970e+06   2.2000000e+01
   5.5301810e+06   2.2000000e+01
   5.5312260e+06   2.1000000e+01
   5.5856800e+06   2.3000000e+01
   5.5859780e+06   2.1000000e+01
   5.6375220e+06   2.1000000e+01
   5.6377460e+06   2.1000000e+01
   5.6386850e+06   2.3000000e+01
   5.6436410e+06   2.1000000e+01
   5.7403300e+06   2.2000000e+01
   5.7414140e+06   2.1000000e+01
   5.7958850e+06   2.1000000e+01
   5.9171730e+06   2.1000000e+01
   5.9175630e+06   2.2000000e+01
   5.9668440e+06   2.3000000e+01
   5.9681480e+06   2.1000000e+01
   5.9696420e+06   2.4000000e+01
   6.0237050e+06   2.1000000e+01
   6.0242290e+06   2.5000000e+01
   6.0249610e+06   2.4000000e+01
   6.0251480e+06   2.2000000e+01
   6.0255390e+06   2.4000000e+01
   6.0673230e+06   2.5000000e+01
   6.0676990e+06   2.8000000e+01
   6.0678270e+06   2.4000000e+01
   6.0679480e+06   3.7000000e+01
   6.0679890e+06   2.1000000e+01
   6.0680680e+06   2.7000000e+01
   6.0681770e+06   2.2000000e+01
   6.0682200e+06   2.4000000e+01
   6.0683180e+06   2.4000000e+01
   6.0683880e+06   2.3000000e+01
   6.0684140e+06   3.4000000e+01
   6.0684650e+06   2.4000000e+01
   6.0687680e+06   3.9000000e+01
   6.0688340e+06   2.1000000e+01
   6.0691200e+06   2.5000000e+01
   6.0695150e+06   2.5000000e+01
   6.0696380e+06   2.2000000e+01
   6.0696910e+06   2.2000000e+01
   6.0701500e+06   2.5000000e+01
   6.0711900e+06   2.2000000e+01
   6.0729680e+06   2.1000000e+01
   6.0782540e+06   2.1000000e+01
   6.1204050e+06   2.2000000e+01
   6.1208650e+06   2.3000000e+01
   6.1215980e+06   2.2000000e+01
   6.1251840e+06   2.1000000e+01
   6.1760810e+06   2.2000000e+01
   6.2183470e+06   2.2000000e+01
   6.2189710e+06   2.1000000e+01
   6.2655870e+06   2.1000000e+01
   6.2656430e+06   2.4000000e+01
   6.2682060e+06   4.0000000e+01
   6.2690660e+06   2.2000000e+01
   6.3234040e+06   2.2000000e+01
   6.3235710e+06   2.1000000e+01
   6.3571150e+06   2.2000000e+01
   6.3707100e+06   2.2000000e+01
   6.3748290e+06   2.3000000e+01
   6.3752590e+06   2.2000000e+01
   6.4107150e+06   2.3000000e+01
   6.4246880e+06   2.1000000e+01
   6.4926340e+06   2.1000000e+01
   6.4930750e+06   2.2000000e+01
   6.5343990e+06   4.0000000e+01
   6.5349430e+06   2.2000000e+01
   6.5352620e+06   2.2000000e+01
   6.5361590e+06   2.3000000e+01
   6.5807680e+06   2.4000000e+01
   6.6253550e+06   2.3000000e+01
   6.6254120e+06   2.1000000e+01
   6.7068000e+06   2.3000000e+01
   6.7080680e+06   2.5000000e+01
   6.7081890e+06   2.1000000e+01
   6.7083840e+06   2.1000000e+01
   6.7446640e+06   2.1000000e+01
   6.7448720e+06   2.3000000e+01
   6.7453670e+06   2.1000000e+01
   6.8378640e+06   2.1000000e+01
   6.8431960e+06   3.4000000e+01
   6.8829350e+06   2.1000000e+01
   6.8851780e+06   2.3000000e+01
   6.9667270e+06   2.1000000e+01
   6.9675900e+06   2.3000000e+01
   6.9676630e+06   2.2000000e+01
   6.9692160e+06   2.2000000e+01
   7.0919290e+06   2.1000000e+01
   7.0942270e+06   2.7000000e+01
   7.0968430e+06   2.9000000e+01
   7.0975570e+06   2.1000000e+01
   7.0985280e+06   3.5000000e+01
   7.1493680e+06   2.1000000e+01
   7.1494600e+06   2.2000000e+01
   7.1496930e+06   2.4000000e+01
   7.1786870e+06   2.1000000e+01
   7.2039350e+06   2.1000000e+01
   7.2722890e+06   2.1000000e+01
   7.2726100e+06   2.3000000e+01
   7.2740080e+06   4.1000000e+01
   7.2766580e+06   2.5000000e+01
   7.3304840e+06   2.1000000e+01
   7.3305570e+06   2.1000000e+01
   7.3625680e+06   2.1000000e+01
   7.3761710e+06   3.1000000e+01
   7.3766900e+06   2.2000000e+01
   7.3783770e+06   2.2000000e+01
   7.4723470e+06   2.1000000e+01
   7.4739570e+06   2.2000000e+01
   7.4796950e+06   2.2000000e+01
   7.4797910e+06   2.1000000e+01
