   7.5250000e+06   0.0000000e+00
   3.4966000e+04   2.2000000e+01
   1.2656500e+05   2.1000000e+01
   1.9046900e+05   2.3000000e+01
   1.9701800e+05   2.1000000e+01
   2.3590000e+05   2.1000000e+01
   3.4900300e+05   2.3000000e+01
   3.5682000e+05   2.1000000e+01
   3.7767800e+05   3.7000000e+01
   3.7770800e+05   5.2000000e+01
   3.7774700e+05   4.4000000e+01
   3.7798000e+05   2.1000000e+01
   3.7858100e+05   2.8000000e+01
   3.7912600e+05   2.7000000e+01
   3.7978500e+05   2.4000000e+01
   3.7981200e+05   3.8000000e+01
   3.7983900e+05   2.6000000e+01
   3.7988000e+05   3.2000000e+01
   3.8006400e+05   2.4000000e+01
   3.8049900e+05   2.4000000e+01
   3.8052700e+05   3.0000000e+01
   3.8079100e+05   2.1000000e+01
   3.8107200e+05   3.6000000e+01
   3.8111000e+05   2.6000000e+01
   3.8134500e+05   2.8000000e+01
   3.8205800e+05   2.7000000e+01
   3.8209900e+05   2.6000000e+01
   3.8248200e+05   2.4000000e+01
   3.8268400e+05   2.2000000e+01
   3.8449300e+05   2.1000000e+01
   3.9225500e+05   2.7000000e+01
   4.1713700e+05   2.2000000e+01
   4.3021200e+05   2.1000000e+01
   5.7305900e+05   2.1000000e+01
   6.3915000e+05   2.3000000e+01
   6.4148500e+05   2.2000000e+01
   6.4456600e+05   3.2000000e+01
   6.4490400e+05   2.1000000e+01
   6.4515400e+05   3.9000000e+01
   6.4517900e+05   2.9000000e+01
   6.4551200e+05   3.6000000e+01
   6.4566800e+05   2.2000000e+01
   6.4592100e+05   2.8000000e+01
   6.4652500e+05   2.1000000e+01
   6.4657200e+05   2.2000000e+01
   6.4703200e+05   2.3000000e+01
   6.4706700e+05   2.4000000e+01
   6.4757000e+05   2.1000000e+01
   6.4762300e+05   2.7000000e+01
   6.4821300e+05   2.3000000e+01
   6.4867900e+05   2.2000000e+01
   6.4872800e+05   2.6000000e+01
   6.4877400e+05   2.9000000e+01
   6.4938500e+05   2.4000000e+01
   6.5039600e+05   2.1000000e+01
   6.5142000e+05   2.3000000e+01
   6.5161000e+05   2.9000000e+01
   6.5224600e+05   2.4000000e+01
   6.5296500e+05   2.5000000e+01
   6.5341700e+05   2.1000000e+01
   6.5406900e+05   2.1000000e+01
   6.5484000e+05   2.5000000e+01
   6.5566000e+05   2.1000000e+01
   6.5627500e+05   2.3000000e+01
   6.5718400e+05   2.2000000e+01
   7.2304200e+05   2.5000000e+01
   8.3516300e+05   2.3000000e+01
   8.3680900e+05   2.6000000e+01
   8.3716800e+05   2.2000000e+01
   8.3750400e+05   2.4000000e+01
   8.3773700e+05   2.1000000e+01
   8.3780500e+05   2.6000000e+01
   8.3809600e+05   2.1000000e+01
   8.3891400e+05   2.8000000e+01
   8.3947700e+05   2.3000000e+01
   8.4045700e+05   2.1000000e+01
   8.4090000e+05   3.3000000e+01
   8.4124600e+05   2.3000000e+01
   8.4200000e+05   2.1000000e+01
   8.4211200e+05   2.6000000e+01
   8.4391300e+05   2.1000000e+01
   8.4483500e+05   2.1000000e+01
   8.4567200e+05   2.1000000e+01
   8.4625800e+05   2.2000000e+01
   8.4719800e+05   2.8000000e+01
   8.4795600e+05   2.3000000e+01
   8.4831300e+05   2.1000000e+01
   8.4962700e+05   2.6000000e+01
   8.5401900e+05   2.1000000e+01
   9.2375900e+05   2.1000000e+01
   9.3568300e+05   2.4000000e+01
   9.6506100e+05   2.2000000e+01
   1.0133210e+06   2.1000000e+01
   1.0517020e+06   2.1000000e+01
   1.0806810e+06   3.1000000e+01
   1.0821580e+06   2.1000000e+01
   1.0823170e+06   2.2000000e+01
   1.0828130e+06   2.9000000e+01
   1.0830120e+06   2.6000000e+01
   1.0831100e+06   2.2000000e+01
   1.0834610e+06   3.0000000e+01
   1.0837340e+06   2.4000000e+01
   1.0838410e+06   3.9000000e+01
   1.0838860e+06   3.3000000e+01
   1.0839260e+06   3.2000000e+01
   1.0839970e+06   2.8000000e+01
   1.0842860e+06   2.7000000e+01
   1.0848910e+06   2.4000000e+01
   1.0854100e+06   2.3000000e+01
   1.0858420e+06   2.4000000e+01
   1.0863210e+06   2.5000000e+01
   1.0869680e+06   2.1000000e+01
   1.0902190e+06   2.1000000e+01
   1.1088670e+06   2.1000000e+01
   1.1225650e+06   2.1000000e+01
   1.1669820e+06   2.5000000e+01
   1.2385090e+06   2.4000000e+01
   1.2717830e+06   2.3000000e+01
   1.3418180e+06   2.2000000e+01
   1.3502700e+06   2.5000000e+01
   1.3509640e+06   2.4000000e+01
   1.3510380e+06   2.3000000e+01
   1.3511930e+06   2.3000000e+01
   1.3513690e+06   2.1000000e+01
   1.3519340e+06   3.0000000e+01
   1.3519870e+06   2.5000000e+01
   1.3522230e+06   2.2000000e+01
   1.3523880e+06   2.2000000e+01
   1.3525170e+06   3.8000000e+01
   1.3525850e+06   2.1000000e+01
   1.3526100e+06   2.7000000e+01
   1.3527100e+06   2.5000000e+01
   1.3530790e+06   2.3000000e+01
   1.3531460e+06   3.1000000e+01
   1.3532060e+06   2.1000000e+01
   1.3535200e+06   2.2000000e+01
   1.3535600e+06   2.1000000e+01
   1.3536810e+06   2.5000000e+01
   1.3537090e+06   3.0000000e+01
   1.3546800e+06   3.0000000e+01
   1.3552000e+06   2.6000000e+01
   1.3563760e+06   2.2000000e+01
   1.3571110e+06   2.8000000e+01
   1.3576100e+06   2.1000000e+01
   1.3581200e+06   2.6000000e+01
   1.3581580e+06   2.1000000e+01
   1.3591610e+06   2.7000000e+01
   1.3602050e+06   2.5000000e+01
   1.3611430e+06   2.1000000e+01
   1.3620960e+06   2.1000000e+01
   1.3634250e+06   2.4000000e+01
   1.3642460e+06   2.4000000e+01
   1.3648640e+06   2.1000000e+01
   1.3656630e+06   2.1000000e+01
   1.3657510e+06   2.5000000e+01
   1.3665610e+06   2.3000000e+01
   1.3684280e+06   2.4000000e+01
   1.3695850e+06   2.2000000e+01
   1.3719490e+06   2.4000000e+01
   1.3739440e+06   2.5000000e+01
   1.4423880e+06   2.2000000e+01
   1.5030350e+06   2.1000000e+01
   1.5534060e+06   3.4000000e+01
   1.5534340e+06   2.3000000e+01
   1.5536340e+06   2.4000000e+01
   1.5536820e+06   2.1000000e+01
   1.5542920e+06   3.6000000e+01
   1.5546050e+06   2.6000000e+01
   1.5546850e+06   2.8000000e+01
   1.5549430e+06   2.3000000e+01
   1.5552110e+06   2.1000000e+01
   1.5552560e+06   2.4000000e+01
   1.5553920e+06   2.2000000e+01
   1.5554410e+06   2.4000000e+01
   1.5554830e+06   2.6000000e+01
   1.5555080e+06   2.4000000e+01
   1.5559440e+06   2.7000000e+01
   1.5560640e+06   2.1000000e+01
   1.5562860e+06   2.4000000e+01
   1.5563500e+06   2.1000000e+01
   1.5566920e+06   3.7000000e+01
   1.5567990e+06   2.5000000e+01
   1.5574630e+06   2.4000000e+01
   1.5574880e+06   2.3000000e+01
   1.5586360e+06   2.4000000e+01
   1.5591170e+06   2.9000000e+01
   1.5600400e+06   3.2000000e+01
   1.5607850e+06   2.2000000e+01
   1.5614090e+06   2.2000000e+01
   1.5621800e+06   2.6000000e+01
   1.5630540e+06   2.4000000e+01
   1.5638340e+06   2.4000000e+01
   1.5656310e+06   2.1000000e+01
   1.5667730e+06   2.2000000e+01
   1.5679050e+06   2.5000000e+01
   1.5688020e+06   2.5000000e+01
   1.5696450e+06   2.1000000e+01
   1.5707420e+06   2.7000000e+01
   1.6445910e+06   2.1000000e+01
   1.7069920e+06   2.2000000e+01
   1.8179270e+06   2.3000000e+01
   1.8179690e+06   2.2000000e+01
   1.8180270e+06   2.2000000e+01
   1.8180650e+06   2.5000000e+01
   1.8181340e+06   2.5000000e+01
   1.8181840e+06   2.9000000e+01
   1.8182170e+06   3.2000000e+01
   1.8182770e+06   2.5000000e+01
   1.8183700e+06   2.1000000e+01
   1.8183980e+06   2.7000000e+01
   1.8185700e+06   2.2000000e+01
   1.8185970e+06   6.2000000e+01
   1.8186220e+06   2.9000000e+01
   1.8186840e+06   2.1000000e+01
   1.8187920e+06   2.2000000e+01
   1.8189450e+06   2.1000000e+01
   1.8189810e+06   2.4000000e+01
   1.8190840e+06   2.3000000e+01
   1.8191690e+06   2.8000000e+01
   1.8192930e+06   2.8000000e+01
   1.8193260e+06   2.4000000e+01
   1.8193810e+06   2.6000000e+01
   1.8195080e+06   2.2000000e+01
   1.8197550e+06   2.3000000e+01
   1.8198880e+06   3.1000000e+01
   1.8199950e+06   2.9000000e+01
   1.8200550e+06   3.2000000e+01
   1.8201630e+06   2.3000000e+01
   1.8202580e+06   2.3000000e+01
   1.8203430e+06   2.7000000e+01
   1.8203760e+06   3.0000000e+01
   1.8204500e+06   2.8000000e+01
   1.8205120e+06   2.1000000e+01
   1.8206240e+06   2.4000000e+01
   1.8206730e+06   2.1000000e+01
   1.8207320e+06   2.3000000e+01
   1.8207650e+06   2.7000000e+01
   1.8208240e+06   4.5000000e+01
   1.8208880e+06   2.2000000e+01
   1.8209790e+06   2.6000000e+01
   1.8211280e+06   2.2000000e+01
   1.8211640e+06   2.1000000e+01
   1.8212730e+06   2.6000000e+01
   1.8216110e+06   2.2000000e+01
   1.8216760e+06   2.2000000e+01
   1.8217080e+06   2.1000000e+01
   1.8217980e+06   2.5000000e+01
   1.8218310e+06   2.4000000e+01
   1.8224010e+06   2.3000000e+01
   1.8224320e+06   3.7000000e+01
   1.8229590e+06   2.5000000e+01
   1.8233430e+06   3.1000000e+01
   1.8239410e+06   2.2000000e+01
   1.8245730e+06   3.2000000e+01
   1.8252290e+06   2.3000000e+01
   1.8252570e+06   3.4000000e+01
   1.8252950e+06   2.6000000e+01
   1.8254850e+06   2.6000000e+01
   1.8265400e+06   2.5000000e+01
   1.8371760e+06   2.8000000e+01
   1.9405450e+06   2.2000000e+01
   1.9535420e+06   2.3000000e+01
   2.0162870e+06   2.1000000e+01
   2.1635180e+06   2.1000000e+01
   2.1709130e+06   2.2000000e+01
   2.1722720e+06   2.4000000e+01
   2.1727650e+06   2.3000000e+01
   2.1734120e+06   2.3000000e+01
   2.1739110e+06   2.8000000e+01
   2.1739370e+06   2.2000000e+01
   2.1745130e+06   3.6000000e+01
   2.1745700e+06   2.3000000e+01
   2.1746100e+06   2.5000000e+01
   2.1749260e+06   2.1000000e+01
   2.1750010e+06   2.1000000e+01
   2.1751200e+06   2.4000000e+01
   2.1754210e+06   3.2000000e+01
   2.1754740e+06   2.2000000e+01
   2.1755450e+06   2.2000000e+01
   2.1756720e+06   2.2000000e+01
   2.1757670e+06   2.2000000e+01
   2.1760440e+06   4.2000000e+01
   2.1763590e+06   2.6000000e+01
   2.1766170e+06   3.3000000e+01
   2.1766600e+06   2.3000000e+01
   2.1772260e+06   2.8000000e+01
   2.1779310e+06   2.1000000e+01
   2.1788920e+06   2.3000000e+01
   2.1798970e+06   2.2000000e+01
   2.1803460e+06   2.4000000e+01
   2.1808320e+06   2.2000000e+01
   2.1815060e+06   2.4000000e+01
   2.1822430e+06   2.1000000e+01
   2.1829010e+06   2.1000000e+01
   2.1839880e+06   2.2000000e+01
   2.1846610e+06   2.3000000e+01
   2.1854940e+06   2.3000000e+01
   2.1860520e+06   2.8000000e+01
   2.1866740e+06   2.6000000e+01
   2.1871310e+06   3.0000000e+01
   2.1882450e+06   2.2000000e+01
   2.1904950e+06   2.7000000e+01
   2.1923810e+06   2.1000000e+01
   2.1929250e+06   2.3000000e+01
   2.1945560e+06   2.3000000e+01
   2.2015610e+06   2.5000000e+01
   2.2044040e+06   2.4000000e+01
   2.2044390e+06   2.4000000e+01
   2.3781410e+06   2.2000000e+01
   2.3816280e+06   2.1000000e+01
   2.3923530e+06   2.3000000e+01
   2.4025850e+06   2.2000000e+01
   2.4308890e+06   2.1000000e+01
   2.4335350e+06   2.1000000e+01
   2.5133300e+06   2.4000000e+01
   2.5142140e+06   3.8000000e+01
   2.5143490e+06   2.3000000e+01
   2.5144680e+06   2.9000000e+01
   2.5145800e+06   3.1000000e+01
   2.5147770e+06   2.5000000e+01
   2.5148120e+06   2.5000000e+01
   2.5149620e+06   3.4000000e+01
   2.5150560e+06   2.5000000e+01
   2.5153940e+06   2.1000000e+01
   2.5157430e+06   3.0000000e+01
   2.5157730e+06   3.6000000e+01
   2.5160390e+06   2.1000000e+01
   2.5164920e+06   2.1000000e+01
   2.5168900e+06   2.5000000e+01
   2.5169700e+06   2.3000000e+01
   2.5173870e+06   2.4000000e+01
   2.5177360e+06   2.2000000e+01
   2.5178690e+06   2.4000000e+01
   2.5179050e+06   2.1000000e+01
   2.5185200e+06   2.1000000e+01
   2.5185470e+06   2.2000000e+01
   2.5194180e+06   2.5000000e+01
   2.5200520e+06   2.2000000e+01
   2.5205990e+06   2.1000000e+01
   2.5206630e+06   2.2000000e+01
   2.5211070e+06   2.4000000e+01
   2.5218700e+06   2.6000000e+01
   2.5224360e+06   2.2000000e+01
   2.5231210e+06   2.1000000e+01
   2.5235750e+06   2.5000000e+01
   2.5243800e+06   2.7000000e+01
   2.5250380e+06   2.2000000e+01
   2.5256490e+06   2.5000000e+01
   2.5264870e+06   2.5000000e+01
   2.5275530e+06   2.6000000e+01
   2.5289900e+06   2.5000000e+01
   2.5909430e+06   2.1000000e+01
   2.5931690e+06   2.1000000e+01
   2.6233230e+06   2.3000000e+01
   2.6664740e+06   3.5000000e+01
   2.6665010e+06   2.9000000e+01
   2.6669580e+06   2.3000000e+01
   2.6677310e+06   2.4000000e+01
   2.6681030e+06   2.4000000e+01
   2.6681690e+06   2.4000000e+01
   2.6682910e+06   3.1000000e+01
   2.6683250e+06   2.5000000e+01
   2.6683930e+06   3.2000000e+01
   2.6684250e+06   2.8000000e+01
   2.6687380e+06   2.1000000e+01
   2.6688550e+06   2.2000000e+01
   2.6689430e+06   2.1000000e+01
   2.6691670e+06   2.9000000e+01
   2.6693750e+06   3.0000000e+01
   2.6694260e+06   2.7000000e+01
   2.6694990e+06   3.3000000e+01
   2.6697970e+06   2.2000000e+01
   2.6703650e+06   2.3000000e+01
   2.6717080e+06   2.9000000e+01
   2.6720910e+06   2.1000000e+01
   2.6729820e+06   2.1000000e+01
   2.6736270e+06   2.2000000e+01
   2.6751550e+06   2.2000000e+01
   2.6757970e+06   2.7000000e+01
   2.6852370e+06   2.1000000e+01
   2.6979930e+06   2.1000000e+01
   2.7453910e+06   2.1000000e+01
   2.7474640e+06   2.8000000e+01
   2.7478740e+06   2.1000000e+01
   2.7482150e+06   3.1000000e+01
   2.7482430e+06   2.4000000e+01
   2.7489290e+06   2.2000000e+01
   2.7493770e+06   2.5000000e+01
   2.7495660e+06   2.1000000e+01
   2.7496660e+06   2.1000000e+01
   2.7500420e+06   2.4000000e+01
   2.7504970e+06   2.1000000e+01
   2.7505470e+06   3.9000000e+01
   2.7512510e+06   2.8000000e+01
   2.7519630e+06   2.4000000e+01
   2.7526240e+06   2.1000000e+01
   2.7534410e+06   2.6000000e+01
   2.7543850e+06   2.2000000e+01
   2.7554180e+06   2.9000000e+01
   2.7562390e+06   2.4000000e+01
   2.7575660e+06   3.2000000e+01
   2.7584350e+06   2.3000000e+01
   2.7595290e+06   2.4000000e+01
   2.7605450e+06   2.1000000e+01
   2.7613990e+06   2.3000000e+01
   2.7614980e+06   2.1000000e+01
   2.7621180e+06   2.7000000e+01
   2.7632270e+06   2.2000000e+01
   2.7642960e+06   2.8000000e+01
   2.7665410e+06   2.4000000e+01
   2.7683470e+06   2.1000000e+01
   2.7700370e+06   2.1000000e+01
   2.7735800e+06   2.8000000e+01
   2.8615010e+06   2.1000000e+01
   2.8616170e+06   2.2000000e+01
   2.8616950e+06   2.1000000e+01
   2.8620630e+06   2.4000000e+01
   2.8621630e+06   2.2000000e+01
   2.8621950e+06   2.2000000e+01
   2.8624840e+06   2.1000000e+01
   2.8627830e+06   2.2000000e+01
   2.8628360e+06   2.4000000e+01
   2.8630670e+06   2.1000000e+01
   2.8631410e+06   2.7000000e+01
   2.8633160e+06   3.6000000e+01
   2.8635920e+06   2.4000000e+01
   2.8638590e+06   2.2000000e+01
   2.8641600e+06   2.5000000e+01
   2.8642800e+06   3.0000000e+01
   2.8646580e+06   2.2000000e+01
   2.8647200e+06   2.4000000e+01
   2.8658710e+06   2.3000000e+01
   2.8661690e+06   2.9000000e+01
   2.8668330e+06   2.4000000e+01
   2.8675630e+06   2.1000000e+01
   2.8681020e+06   2.1000000e+01
   2.8687520e+06   2.7000000e+01
   2.8692840e+06   2.1000000e+01
   2.8695330e+06   2.1000000e+01
   2.8698370e+06   2.3000000e+01
   2.8709300e+06   2.8000000e+01
   2.8716620e+06   2.7000000e+01
   2.8733110e+06   2.5000000e+01
   2.8755580e+06   2.2000000e+01
   3.1072940e+06   2.2000000e+01
   3.1074150e+06   2.8000000e+01
   3.1076240e+06   2.5000000e+01
   3.1077240e+06   2.3000000e+01
   3.1080220e+06   3.0000000e+01
   3.1083430e+06   2.1000000e+01
   3.1086220e+06   2.3000000e+01
   3.1087970e+06   2.3000000e+01
   3.1088710e+06   2.7000000e+01
   3.1089070e+06   2.1000000e+01
   3.1094310e+06   2.6000000e+01
   3.1095650e+06   2.2000000e+01
   3.1096220e+06   2.2000000e+01
   3.1099360e+06   3.9000000e+01
   3.1100140e+06   2.1000000e+01
   3.1101290e+06   2.7000000e+01
   3.1104490e+06   2.2000000e+01
   3.1109920e+06   3.1000000e+01
   3.1114590e+06   2.1000000e+01
   3.1115170e+06   2.1000000e+01
   3.1120480e+06   2.1000000e+01
   3.1124720e+06   2.1000000e+01
   3.1128590e+06   2.2000000e+01
   3.1136440e+06   2.2000000e+01
   3.1140980e+06   2.5000000e+01
   3.1149890e+06   2.6000000e+01
   3.1155810e+06   3.1000000e+01
   3.1161860e+06   2.8000000e+01
   3.1167460e+06   2.4000000e+01
   3.1175090e+06   2.4000000e+01
   3.1182050e+06   2.1000000e+01
   3.1193220e+06   2.5000000e+01
   3.1204040e+06   2.3000000e+01
   3.1223520e+06   2.3000000e+01
   3.1242960e+06   2.3000000e+01
   3.1263770e+06   2.7000000e+01
   3.1341840e+06   2.1000000e+01
   3.1401420e+06   2.1000000e+01
   3.1518030e+06   2.2000000e+01
   3.1959210e+06   2.1000000e+01
   3.2012760e+06   2.1000000e+01
   3.2299810e+06   4.4000000e+01
   3.2300100e+06   2.6000000e+01
   3.2311610e+06   2.2000000e+01
   3.2316340e+06   3.5000000e+01
   3.2316590e+06   2.1000000e+01
   3.2318430e+06   2.3000000e+01
   3.2322480e+06   2.4000000e+01
   3.2324080e+06   2.1000000e+01
   3.2328760e+06   3.2000000e+01
   3.2330770e+06   2.1000000e+01
   3.2332930e+06   3.1000000e+01
   3.2334540e+06   4.1000000e+01
   3.2335460e+06   2.5000000e+01
   3.2337310e+06   2.1000000e+01
   3.2340950e+06   2.7000000e+01
   3.2342400e+06   4.0000000e+01
   3.2344580e+06   2.2000000e+01
   3.2345050e+06   2.1000000e+01
   3.2345490e+06   2.3000000e+01
   3.2348780e+06   3.2000000e+01
   3.2350100e+06   2.6000000e+01
   3.2356150e+06   2.8000000e+01
   3.2356750e+06   2.2000000e+01
   3.2359140e+06   2.7000000e+01
   3.2370690e+06   2.5000000e+01
   3.2377820e+06   2.2000000e+01
   3.2386180e+06   2.6000000e+01
   3.2401640e+06   2.9000000e+01
   3.2414440e+06   2.7000000e+01
   3.3074510e+06   2.3000000e+01
   3.4186900e+06   2.1000000e+01
   3.4220440e+06   2.2000000e+01
   3.4227690e+06   2.2000000e+01
   3.4231280e+06   2.6000000e+01
   3.4233320e+06   2.2000000e+01
   3.4234150e+06   2.7000000e+01
   3.4237470e+06   3.3000000e+01
   3.4239990e+06   2.2000000e+01
   3.4241170e+06   2.3000000e+01
   3.4241710e+06   3.1000000e+01
   3.4241970e+06   2.5000000e+01
   3.4242560e+06   2.3000000e+01
   3.4244110e+06   2.3000000e+01
   3.4247640e+06   2.9000000e+01
   3.4253720e+06   2.3000000e+01
   3.4259650e+06   3.0000000e+01
   3.4269110e+06   2.4000000e+01
   3.4282670e+06   2.3000000e+01
   3.4290330e+06   2.4000000e+01
   3.4296950e+06   2.1000000e+01
   3.4305600e+06   2.3000000e+01
   3.4313430e+06   2.4000000e+01
   3.4322750e+06   2.5000000e+01
   3.4332050e+06   2.7000000e+01
   3.4336070e+06   2.4000000e+01
   3.4345680e+06   2.7000000e+01
   3.4345970e+06   2.1000000e+01
   3.4354150e+06   2.8000000e+01
   3.4368370e+06   2.4000000e+01
   3.4398260e+06   2.8000000e+01
   3.4425110e+06   2.2000000e+01
   3.4534410e+06   2.3000000e+01
   3.4538110e+06   2.4000000e+01
   3.4538370e+06   2.1000000e+01
   3.4540040e+06   2.3000000e+01
   3.4544460e+06   2.9000000e+01
   3.4549430e+06   2.1000000e+01
   3.4552420e+06   2.3000000e+01
   3.4555670e+06   2.5000000e+01
   3.4565710e+06   2.8000000e+01
   3.4567130e+06   2.1000000e+01
   3.4637600e+06   2.1000000e+01
   3.4642330e+06   2.2000000e+01
   3.4645560e+06   2.2000000e+01
   3.4647810e+06   2.3000000e+01
   3.4650180e+06   2.1000000e+01
   3.4652720e+06   2.8000000e+01
   3.4654040e+06   2.1000000e+01
   3.4654460e+06   3.3000000e+01
   3.4657060e+06   2.2000000e+01
   3.4657570e+06   2.2000000e+01
   3.4660260e+06   2.1000000e+01
   3.4661690e+06   2.1000000e+01
   3.4662930e+06   2.7000000e+01
   3.4664040e+06   2.1000000e+01
   3.4664420e+06   5.0000000e+01
   3.4664850e+06   2.6000000e+01
   3.4668610e+06   2.5000000e+01
   3.4670690e+06   3.7000000e+01
   3.4671230e+06   4.7000000e+01
   3.4671580e+06   2.1000000e+01
   3.4672060e+06   2.1000000e+01
   3.4672770e+06   2.2000000e+01
   3.4676030e+06   2.2000000e+01
   3.4677160e+06   2.2000000e+01
   3.4677490e+06   2.7000000e+01
   3.4678250e+06   2.5000000e+01
   3.4678500e+06   2.4000000e+01
   3.4679350e+06   2.2000000e+01
   3.4680060e+06   2.1000000e+01
   3.4682530e+06   2.3000000e+01
   3.4682880e+06   2.6000000e+01
   3.4683520e+06   2.1000000e+01
   3.4689850e+06   2.1000000e+01
   3.4690380e+06   2.2000000e+01
   3.4691560e+06   2.8000000e+01
   3.4693200e+06   2.2000000e+01
   3.4694190e+06   3.2000000e+01
   3.4700220e+06   2.4000000e+01
   3.4703230e+06   2.7000000e+01
   3.4710560e+06   2.3000000e+01
   3.4720130e+06   2.4000000e+01
   3.4730480e+06   2.5000000e+01
   3.4757880e+06   2.1000000e+01
   3.4764720e+06   2.4000000e+01
   3.4843770e+06   2.9000000e+01
   3.5524150e+06   2.3000000e+01
   3.5566840e+06   3.7000000e+01
   3.5597870e+06   3.9000000e+01
   3.5608890e+06   4.0000000e+01
   3.5609870e+06   2.5000000e+01
   3.5614220e+06   2.1000000e+01
   3.5616770e+06   2.9000000e+01
   3.5618290e+06   2.1000000e+01
   3.5621070e+06   2.5000000e+01
   3.5628750e+06   4.5000000e+01
   3.5629000e+06   2.7000000e+01
   3.5633410e+06   3.2000000e+01
   3.5637810e+06   2.2000000e+01
   3.5641440e+06   3.9000000e+01
   3.5642930e+06   2.4000000e+01
   3.5645470e+06   2.6000000e+01
   3.5649990e+06   2.1000000e+01
   3.5652650e+06   2.6000000e+01
   3.5656580e+06   2.5000000e+01
   3.5659480e+06   2.3000000e+01
   3.5664260e+06   2.5000000e+01
   3.5670620e+06   2.1000000e+01
   3.5675080e+06   2.3000000e+01
   3.5679890e+06   2.3000000e+01
   3.5690420e+06   2.2000000e+01
   3.5699340e+06   2.4000000e+01
   3.5708670e+06   2.2000000e+01
   3.5721610e+06   2.1000000e+01
   3.7919810e+06   2.3000000e+01
   3.7920150e+06   2.1000000e+01
   3.7937600e+06   3.7000000e+01
   3.7937920e+06   2.4000000e+01
   3.7942990e+06   4.0000000e+01
   3.7953370e+06   2.7000000e+01
   3.7953920e+06   2.2000000e+01
   3.7954400e+06   2.1000000e+01
   3.7956670e+06   2.4000000e+01
   3.7959630e+06   2.2000000e+01
   3.7960420e+06   2.2000000e+01
   3.7962790e+06   2.7000000e+01
   3.7964470e+06   5.8000000e+01
   3.7966750e+06   3.3000000e+01
   3.7971280e+06   2.1000000e+01
   3.7971590e+06   3.4000000e+01
   3.7972030e+06   2.1000000e+01
   3.7977450e+06   2.3000000e+01
   3.7978510e+06   2.5000000e+01
   3.7979740e+06   2.3000000e+01
   3.7988930e+06   2.5000000e+01
   3.7996560e+06   2.1000000e+01
   3.7996810e+06   2.5000000e+01
   3.7997450e+06   2.1000000e+01
   3.8000730e+06   2.5000000e+01
   3.8007380e+06   2.5000000e+01
   3.8013720e+06   2.2000000e+01
   3.8021100e+06   2.3000000e+01
   3.8028230e+06   2.5000000e+01
   3.8034230e+06   2.2000000e+01
   3.8040180e+06   2.6000000e+01
   3.8046470e+06   2.6000000e+01
   3.8057840e+06   2.6000000e+01
   3.8062140e+06   2.6000000e+01
   3.8070400e+06   2.6000000e+01
   3.8078820e+06   2.5000000e+01
   3.8091770e+06   2.2000000e+01
   3.8106680e+06   2.3000000e+01
   3.8161310e+06   2.5000000e+01
   3.9493820e+06   2.6000000e+01
   3.9494860e+06   2.2000000e+01
   3.9495340e+06   2.6000000e+01
   3.9505230e+06   2.8000000e+01
   3.9507080e+06   4.0000000e+01
   3.9508130e+06   2.2000000e+01
   3.9511570e+06   3.0000000e+01
   3.9519440e+06   3.0000000e+01
   3.9519770e+06   2.3000000e+01
   3.9521520e+06   2.2000000e+01
   3.9524120e+06   2.1000000e+01
   3.9537020e+06   2.9000000e+01
   3.9542330e+06   2.7000000e+01
   3.9555280e+06   2.6000000e+01
   3.9560560e+06   2.2000000e+01
   3.9569520e+06   2.1000000e+01
   3.9575170e+06   2.2000000e+01
   3.9584520e+06   2.2000000e+01
   3.9586500e+06   2.6000000e+01
   3.9586760e+06   2.5000000e+01
   3.9595300e+06   2.5000000e+01
   3.9599780e+06   2.5000000e+01
   3.9606420e+06   2.5000000e+01
   3.9612720e+06   2.5000000e+01
   3.9620170e+06   2.7000000e+01
   3.9625420e+06   2.2000000e+01
   3.9627840e+06   2.3000000e+01
   3.9637870e+06   2.8000000e+01
   3.9652000e+06   2.1000000e+01
   3.9682910e+06   2.8000000e+01
   3.9703480e+06   2.9000000e+01
   3.9717740e+06   2.7000000e+01
   3.9725670e+06   2.5000000e+01
   3.9737740e+06   2.6000000e+01
   3.9935950e+06   2.1000000e+01
   4.0154080e+06   2.1000000e+01
   4.1128150e+06   2.7000000e+01
   4.2044380e+06   2.3000000e+01
   4.2311940e+06   2.2000000e+01
   4.2319690e+06   2.3000000e+01
   4.2320840e+06   2.3000000e+01
   4.2327840e+06   2.1000000e+01
   4.2330580e+06   2.4000000e+01
   4.2333010e+06   2.5000000e+01
   4.2333940e+06   2.2000000e+01
   4.2334940e+06   2.3000000e+01
   4.2342570e+06   2.1000000e+01
   4.2342950e+06   3.4000000e+01
   4.2344590e+06   2.3000000e+01
   4.2348730e+06   2.1000000e+01
   4.2349510e+06   2.3000000e+01
   4.2350020e+06   3.8000000e+01
   4.2350950e+06   2.5000000e+01
   4.2352760e+06   2.3000000e+01
   4.2353900e+06   2.2000000e+01
   4.2354150e+06   2.3000000e+01
   4.2357210e+06   2.1000000e+01
   4.2358710e+06   2.6000000e+01
   4.2359340e+06   3.1000000e+01
   4.2359970e+06   2.2000000e+01
   4.2362710e+06   2.1000000e+01
   4.2364360e+06   2.1000000e+01
   4.2365320e+06   3.4000000e+01
   4.2373090e+06   2.8000000e+01
   4.2374150e+06   2.1000000e+01
   4.2386850e+06   2.4000000e+01
   4.2392440e+06   2.6000000e+01
   4.2397740e+06   2.3000000e+01
   4.2402010e+06   2.2000000e+01
   4.2407820e+06   2.4000000e+01
   4.2412140e+06   2.1000000e+01
   4.2416400e+06   2.3000000e+01
   4.2426580e+06   2.1000000e+01
   4.2432490e+06   2.7000000e+01
   4.2441990e+06   2.8000000e+01
   4.2452210e+06   2.1000000e+01
   4.2456510e+06   2.1000000e+01
   4.2459610e+06   2.7000000e+01
   4.2466600e+06   2.1000000e+01
   4.2477790e+06   2.8000000e+01
   4.2490940e+06   2.4000000e+01
   4.2501980e+06   2.7000000e+01
   4.2517570e+06   2.7000000e+01
   4.2532270e+06   2.1000000e+01
   4.2676790e+06   2.3000000e+01
   4.2677200e+06   2.1000000e+01
   4.3037980e+06   2.1000000e+01
   4.3048690e+06   2.1000000e+01
   4.3049490e+06   3.6000000e+01
   4.3051260e+06   2.1000000e+01
   4.3055440e+06   2.3000000e+01
   4.3058490e+06   2.2000000e+01
   4.3061740e+06   3.4000000e+01
   4.3062040e+06   2.3000000e+01
   4.3064680e+06   2.1000000e+01
   4.3069840e+06   2.5000000e+01
   4.3073480e+06   2.2000000e+01
   4.3080610e+06   2.1000000e+01
   4.3087500e+06   2.1000000e+01
   4.3095910e+06   2.5000000e+01
   4.3108760e+06   2.3000000e+01
   4.3116150e+06   2.1000000e+01
   4.3123700e+06   2.9000000e+01
   4.3134610e+06   2.1000000e+01
   4.3142370e+06   2.2000000e+01
   4.3148430e+06   2.3000000e+01
   4.3158800e+06   2.6000000e+01
   4.3169480e+06   2.4000000e+01
   4.3181220e+06   2.8000000e+01
   4.3195960e+06   2.1000000e+01
   4.3212160e+06   2.3000000e+01
   4.3850700e+06   2.1000000e+01
   4.3930510e+06   2.5000000e+01
   4.3935330e+06   2.1000000e+01
   4.3937760e+06   2.6000000e+01
   4.3941220e+06   2.5000000e+01
   4.3945270e+06   2.1000000e+01
   4.3947460e+06   2.1000000e+01
   4.3951410e+06   2.3000000e+01
   4.3954090e+06   2.3000000e+01
   4.3958310e+06   2.1000000e+01
   4.3965060e+06   2.3000000e+01
   4.3965750e+06   2.1000000e+01
   4.3971600e+06   2.6000000e+01
   4.3976880e+06   2.8000000e+01
   4.3984230e+06   3.0000000e+01
   4.3996370e+06   2.8000000e+01
   4.4002840e+06   2.4000000e+01
   4.4015890e+06   2.9000000e+01
   4.4022800e+06   2.2000000e+01
   4.4029850e+06   2.1000000e+01
   4.4041050e+06   2.3000000e+01
   4.4041500e+06   2.1000000e+01
   4.4051330e+06   2.2000000e+01
   4.4070230e+06   2.5000000e+01
   4.4077280e+06   2.3000000e+01
   4.4088200e+06   2.3000000e+01
   4.4099720e+06   2.6000000e+01
   4.4111640e+06   2.3000000e+01
   4.4119670e+06   2.2000000e+01
   4.4131370e+06   2.2000000e+01
   4.4132420e+06   2.2000000e+01
   4.4832650e+06   2.1000000e+01
   4.5286730e+06   2.2000000e+01
   4.6299040e+06   2.3000000e+01
   4.6760840e+06   2.4000000e+01
   4.6770300e+06   2.2000000e+01
   4.6771310e+06   2.3000000e+01
   4.6772390e+06   4.2000000e+01
   4.6772690e+06   2.1000000e+01
   4.6774920e+06   2.4000000e+01
   4.6778000e+06   3.4000000e+01
   4.6778500e+06   2.1000000e+01
   4.6779750e+06   2.1000000e+01
   4.6781340e+06   2.8000000e+01
   4.6784230e+06   2.5000000e+01
   4.6786420e+06   2.1000000e+01
   4.6788420e+06   2.4000000e+01
   4.6789190e+06   2.3000000e+01
   4.6789840e+06   3.4000000e+01
   4.6791480e+06   3.0000000e+01
   4.6792160e+06   3.0000000e+01
   4.6793140e+06   4.9000000e+01
   4.6795170e+06   2.1000000e+01
   4.6801230e+06   2.2000000e+01
   4.6806640e+06   2.5000000e+01
   4.6809620e+06   3.2000000e+01
   4.6810780e+06   2.1000000e+01
   4.6813740e+06   2.7000000e+01
   4.6825590e+06   2.3000000e+01
   4.6836090e+06   2.1000000e+01
   4.6847400e+06   2.8000000e+01
   4.6868220e+06   2.4000000e+01
   4.6879560e+06   2.2000000e+01
   4.6988770e+06   2.1000000e+01
   4.7288850e+06   3.5000000e+01
   4.7291410e+06   2.1000000e+01
   4.7325470e+06   2.1000000e+01
   4.7377550e+06   2.2000000e+01
   4.7671470e+06   2.1000000e+01
   4.8251390e+06   2.3000000e+01
   4.8328180e+06   2.1000000e+01
   4.8695120e+06   2.1000000e+01
   4.8719060e+06   3.1000000e+01
   4.8729810e+06   2.2000000e+01
   4.8738920e+06   2.1000000e+01
   4.8745500e+06   2.3000000e+01
   4.8747220e+06   2.2000000e+01
   4.8747520e+06   2.3000000e+01
   4.8748650e+06   2.1000000e+01
   4.8749520e+06   2.5000000e+01
   4.8749900e+06   2.1000000e+01
   4.8750190e+06   4.2000000e+01
   4.8751550e+06   2.1000000e+01
   4.8753450e+06   2.1000000e+01
   4.8754960e+06   4.8000000e+01
   4.8755820e+06   2.3000000e+01
   4.8756460e+06   2.3000000e+01
   4.8758360e+06   3.8000000e+01
   4.8759930e+06   2.1000000e+01
   4.8761230e+06   3.2000000e+01
   4.8761680e+06   2.2000000e+01
   4.8762760e+06   2.1000000e+01
   4.8764180e+06   3.1000000e+01
   4.8769140e+06   2.1000000e+01
   4.8769680e+06   2.9000000e+01
   4.8770330e+06   3.1000000e+01
   4.8775270e+06   2.5000000e+01
   4.8777880e+06   3.1000000e+01
   4.8779910e+06   2.8000000e+01
   4.8787920e+06   2.2000000e+01
   4.8794590e+06   2.5000000e+01
   4.8800130e+06   2.3000000e+01
   4.8807520e+06   2.2000000e+01
   4.8821380e+06   2.2000000e+01
   4.8825970e+06   2.5000000e+01
   4.8833640e+06   2.7000000e+01
   4.8841380e+06   2.9000000e+01
   4.8848900e+06   2.4000000e+01
   4.8855460e+06   2.6000000e+01
   4.8860660e+06   2.2000000e+01
   4.8866240e+06   2.4000000e+01
   4.8872440e+06   3.2000000e+01
   4.8883430e+06   2.3000000e+01
   4.8890630e+06   2.5000000e+01
   4.8900300e+06   2.4000000e+01
   4.8903790e+06   2.1000000e+01
   4.8905460e+06   2.3000000e+01
   4.8928330e+06   2.1000000e+01
   4.8938730e+06   2.8000000e+01
   4.9029830e+06   2.1000000e+01
   4.9116280e+06   2.4000000e+01
   4.9116620e+06   2.5000000e+01
   4.9347380e+06   2.1000000e+01
   4.9356330e+06   2.1000000e+01
   4.9356780e+06   2.4000000e+01
   4.9368070e+06   3.3000000e+01
   4.9375180e+06   2.5000000e+01
   4.9382120e+06   2.4000000e+01
   4.9385750e+06   2.2000000e+01
   4.9389790e+06   2.3000000e+01
   4.9392030e+06   2.3000000e+01
   4.9397540e+06   2.2000000e+01
   4.9402240e+06   2.3000000e+01
   4.9406620e+06   3.2000000e+01
   4.9407690e+06   2.2000000e+01
   4.9414150e+06   2.7000000e+01
   4.9423310e+06   2.5000000e+01
   4.9430650e+06   2.2000000e+01
   4.9434980e+06   2.5000000e+01
   4.9442810e+06   2.3000000e+01
   4.9449000e+06   2.8000000e+01
   4.9456820e+06   2.3000000e+01
   4.9463720e+06   2.9000000e+01
   4.9470410e+06   2.8000000e+01
   4.9502030e+06   3.0000000e+01
   5.0571900e+06   2.1000000e+01
   5.0573000e+06   2.2000000e+01
   5.0590520e+06   2.9000000e+01
   5.0593770e+06   2.3000000e+01
   5.0595690e+06   2.7000000e+01
   5.0598120e+06   2.5000000e+01
   5.0600810e+06   2.6000000e+01
   5.0602790e+06   2.3000000e+01
   5.0605110e+06   2.3000000e+01
   5.0605530e+06   2.1000000e+01
   5.0607840e+06   2.2000000e+01
   5.0608820e+06   2.9000000e+01
   5.0609730e+06   2.5000000e+01
   5.0610060e+06   2.5000000e+01
   5.0610940e+06   2.3000000e+01
   5.0611570e+06   3.3000000e+01
   5.0617150e+06   2.5000000e+01
   5.0620940e+06   3.0000000e+01
   5.0629360e+06   2.8000000e+01
   5.0649690e+06   2.3000000e+01
   5.0656850e+06   2.1000000e+01
   5.0661760e+06   2.2000000e+01
   5.0672930e+06   3.1000000e+01
   5.0683860e+06   3.0000000e+01
   5.0703070e+06   2.1000000e+01
   5.0715270e+06   2.3000000e+01
   5.0741350e+06   2.5000000e+01
   5.0772380e+06   2.7000000e+01
   5.0887910e+06   2.1000000e+01
   5.0894250e+06   2.1000000e+01
   5.0899890e+06   2.1000000e+01
   5.0962760e+06   2.4000000e+01
   5.0966960e+06   2.1000000e+01
   5.0970570e+06   2.4000000e+01
   5.0976060e+06   2.2000000e+01
   5.0977180e+06   2.6000000e+01
   5.0978460e+06   2.1000000e+01
   5.0981930e+06   2.6000000e+01
   5.0982250e+06   2.1000000e+01
   5.0989890e+06   2.2000000e+01
   5.0992140e+06   2.3000000e+01
   5.0992850e+06   2.7000000e+01
   5.0997470e+06   2.2000000e+01
   5.0999780e+06   4.5000000e+01
   5.1000030e+06   2.1000000e+01
   5.1005350e+06   2.2000000e+01
   5.1005680e+06   2.2000000e+01
   5.1006810e+06   2.4000000e+01
   5.1012120e+06   2.2000000e+01
   5.1286670e+06   2.1000000e+01
   5.2442240e+06   2.2000000e+01
   5.2453810e+06   2.3000000e+01
   5.2509700e+06   2.1000000e+01
   5.2513460e+06   2.5000000e+01
   5.2517930e+06   2.4000000e+01
   5.2520460e+06   2.3000000e+01
   5.2520900e+06   2.3000000e+01
   5.2522800e+06   2.2000000e+01
   5.2526920e+06   2.7000000e+01
   5.2527610e+06   2.7000000e+01
   5.2530290e+06   3.0000000e+01
   5.2530540e+06   2.5000000e+01
   5.2531740e+06   2.8000000e+01
   5.2538780e+06   2.8000000e+01
   5.2539220e+06   2.2000000e+01
   5.2541370e+06   2.1000000e+01
   5.2543330e+06   2.7000000e+01
   5.2543830e+06   2.3000000e+01
   5.2548660e+06   3.0000000e+01
   5.2549130e+06   2.1000000e+01
   5.2553940e+06   2.3000000e+01
   5.2559000e+06   2.2000000e+01
   5.2564060e+06   2.5000000e+01
   5.2568730e+06   2.4000000e+01
   5.2583250e+06   2.2000000e+01
   5.2593710e+06   2.7000000e+01
   5.2602280e+06   2.3000000e+01
   5.2607520e+06   2.4000000e+01
   5.2903620e+06   2.4000000e+01
   5.2912330e+06   2.3000000e+01
   5.2917660e+06   2.1000000e+01
   5.2918000e+06   2.4000000e+01
   5.2926810e+06   2.7000000e+01
   5.2933990e+06   2.9000000e+01
   5.2935320e+06   2.1000000e+01
   5.2936070e+06   2.6000000e+01
   5.2938940e+06   2.3000000e+01
   5.2942290e+06   3.1000000e+01
   5.2944140e+06   2.4000000e+01
   5.2946430e+06   2.2000000e+01
   5.2949400e+06   3.3000000e+01
   5.2959930e+06   2.7000000e+01
   5.2963610e+06   2.4000000e+01
   5.2966680e+06   2.5000000e+01
   5.2970060e+06   2.1000000e+01
   5.2983730e+06   2.1000000e+01
   5.2999640e+06   2.3000000e+01
   5.3015100e+06   2.5000000e+01
   5.3021040e+06   2.9000000e+01
   5.3128390e+06   2.2000000e+01
   5.3139890e+06   2.2000000e+01
   5.3162870e+06   2.4000000e+01
   5.3173400e+06   2.3000000e+01
   5.3284050e+06   2.2000000e+01
   5.3491220e+06   3.6000000e+01
   5.3491490e+06   3.3000000e+01
   5.3510390e+06   2.3000000e+01
   5.3582230e+06   2.1000000e+01
   5.3704720e+06   2.1000000e+01
   5.3707860e+06   2.1000000e+01
   5.3710480e+06   2.4000000e+01
   5.3712000e+06   2.3000000e+01
   5.3717540e+06   2.8000000e+01
   5.3718250e+06   2.3000000e+01
   5.3718530e+06   2.3000000e+01
   5.3719690e+06   2.2000000e+01
   5.3722410e+06   2.1000000e+01
   5.3724090e+06   3.5000000e+01
   5.3724410e+06   2.1000000e+01
   5.3724860e+06   2.1000000e+01
   5.3726290e+06   2.1000000e+01
   5.3726890e+06   2.3000000e+01
   5.3730190e+06   2.9000000e+01
   5.3734820e+06   2.1000000e+01
   5.3735070e+06   2.1000000e+01
   5.3736260e+06   2.1000000e+01
   5.3746380e+06   2.2000000e+01
   5.3753030e+06   2.1000000e+01
   5.3757460e+06   2.7000000e+01
   5.3764710e+06   2.3000000e+01
   5.3777680e+06   2.5000000e+01
   5.3785920e+06   2.4000000e+01
   5.3795970e+06   2.4000000e+01
   5.3811510e+06   2.2000000e+01
   5.4003780e+06   2.1000000e+01
   5.4004100e+06   2.2000000e+01
   5.4027950e+06   3.9000000e+01
   5.4028200e+06   2.2000000e+01
   5.4041140e+06   2.5000000e+01
   5.4049470e+06   2.4000000e+01
   5.4054840e+06   2.2000000e+01
   5.4080470e+06   2.2000000e+01
   5.4095850e+06   2.8000000e+01
   5.4096670e+06   2.3000000e+01
   5.4113900e+06   2.6000000e+01
   5.4123060e+06   2.2000000e+01
   5.4129690e+06   2.3000000e+01
   5.4133790e+06   2.6000000e+01
   5.4139660e+06   2.2000000e+01
   5.4145310e+06   2.1000000e+01
   5.4166200e+06   2.3000000e+01
   5.4175680e+06   2.6000000e+01
   5.4183290e+06   2.4000000e+01
   5.4193760e+06   2.6000000e+01
   5.4214370e+06   2.6000000e+01
   5.4347560e+06   2.3000000e+01
   5.4355750e+06   2.4000000e+01
   5.4362840e+06   2.3000000e+01
   5.4396640e+06   2.2000000e+01
   5.4478830e+06   3.5000000e+01
   5.4854230e+06   2.2000000e+01
   5.4917260e+06   2.1000000e+01
   5.5001380e+06   2.7000000e+01
   5.5008010e+06   3.1000000e+01
   5.5010620e+06   2.1000000e+01
   5.5010880e+06   2.2000000e+01
   5.5016000e+06   2.1000000e+01
   5.5016720e+06   2.3000000e+01
   5.5017840e+06   2.1000000e+01
   5.5018380e+06   2.1000000e+01
   5.5021660e+06   2.2000000e+01
   5.5027290e+06   2.3000000e+01
   5.5031300e+06   2.6000000e+01
   5.5035980e+06   2.2000000e+01
   5.5042350e+06   2.5000000e+01
   5.5048270e+06   2.5000000e+01
   5.5048520e+06   2.1000000e+01
   5.5059530e+06   2.6000000e+01
   5.5066130e+06   2.7000000e+01
   5.5072240e+06   2.1000000e+01
   5.5076470e+06   2.6000000e+01
   5.5079950e+06   2.1000000e+01
   5.5084910e+06   2.1000000e+01
   5.5088740e+06   2.3000000e+01
   5.5093800e+06   2.5000000e+01
   5.5099360e+06   2.6000000e+01
   5.5107390e+06   2.1000000e+01
   5.5114230e+06   2.3000000e+01
   5.5226970e+06   2.1000000e+01
   5.5744760e+06   2.4000000e+01
   5.5760890e+06   2.8000000e+01
   5.5768450e+06   2.2000000e+01
   5.5771120e+06   2.3000000e+01
   5.5773280e+06   2.2000000e+01
   5.5778440e+06   2.6000000e+01
   5.5784140e+06   2.5000000e+01
   5.5786810e+06   2.1000000e+01
   5.5794840e+06   2.8000000e+01
   5.5800860e+06   2.1000000e+01
   5.5806520e+06   2.5000000e+01
   5.5812940e+06   2.9000000e+01
   5.5821120e+06   2.4000000e+01
   5.5845540e+06   2.1000000e+01
   5.5861720e+06   2.6000000e+01
   5.6331100e+06   2.2000000e+01
   5.6331720e+06   2.1000000e+01
   5.6335610e+06   2.2000000e+01
   5.6346510e+06   2.3000000e+01
   5.6355780e+06   2.3000000e+01
   5.6357970e+06   2.2000000e+01
   5.6360400e+06   2.6000000e+01
   5.6363730e+06   2.4000000e+01
   5.6367660e+06   2.7000000e+01
   5.6370930e+06   2.2000000e+01
   5.6375750e+06   2.7000000e+01
   5.6388740e+06   2.7000000e+01
   5.6396560e+06   2.2000000e+01
   5.6403940e+06   2.5000000e+01
   5.6424840e+06   3.0000000e+01
   5.6447040e+06   2.3000000e+01
   5.6555990e+06   2.1000000e+01
   5.7006660e+06   2.7000000e+01
   5.7010160e+06   2.8000000e+01
   5.7010850e+06   2.4000000e+01
   5.7014210e+06   2.2000000e+01
   5.7015410e+06   2.3000000e+01
   5.7016100e+06   2.6000000e+01
   5.7021590e+06   2.7000000e+01
   5.7025010e+06   2.3000000e+01
   5.7025480e+06   2.5000000e+01
   5.7027500e+06   2.6000000e+01
   5.7036310e+06   2.3000000e+01
   5.7037550e+06   2.4000000e+01
   5.7039250e+06   3.1000000e+01
   5.7043850e+06   2.2000000e+01
   5.7045660e+06   2.1000000e+01
   5.7047160e+06   2.5000000e+01
   5.7051630e+06   2.1000000e+01
   5.7059560e+06   2.3000000e+01
   5.7064190e+06   2.2000000e+01
   5.7070310e+06   2.7000000e+01
   5.7080990e+06   2.7000000e+01
   5.7099560e+06   3.1000000e+01
   5.7110110e+06   2.3000000e+01
   5.7115040e+06   2.4000000e+01
   5.7124390e+06   2.5000000e+01
   5.7128970e+06   2.2000000e+01
   5.7132150e+06   2.3000000e+01
   5.7157110e+06   3.0000000e+01
   5.7174300e+06   2.3000000e+01
   5.7279500e+06   2.9000000e+01
   5.7538190e+06   2.8000000e+01
   5.7550270e+06   2.1000000e+01
   5.7562330e+06   2.5000000e+01
   5.7579470e+06   2.2000000e+01
   5.7579780e+06   2.2000000e+01
   5.7586830e+06   2.4000000e+01
   5.7598300e+06   2.6000000e+01
   5.7609510e+06   2.3000000e+01
   5.7619630e+06   3.2000000e+01
   5.7625500e+06   2.8000000e+01
   5.7627900e+06   2.4000000e+01
   5.7630920e+06   2.1000000e+01
   5.7636360e+06   3.0000000e+01
   5.7645520e+06   2.3000000e+01
   5.7665040e+06   2.3000000e+01
   5.8142050e+06   2.5000000e+01
   5.8152650e+06   2.1000000e+01
   5.8153570e+06   2.1000000e+01
   5.8160530e+06   2.1000000e+01
   5.8162350e+06   2.8000000e+01
   5.8170490e+06   2.1000000e+01
   5.8175010e+06   2.1000000e+01
   5.8177290e+06   3.2000000e+01
   5.8178840e+06   2.2000000e+01
   5.8179540e+06   2.5000000e+01
   5.8180440e+06   3.6000000e+01
   5.8182930e+06   2.1000000e+01
   5.8189270e+06   2.8000000e+01
   5.8189580e+06   2.5000000e+01
   5.8191700e+06   2.3000000e+01
   5.8194020e+06   2.6000000e+01
   5.8197340e+06   3.1000000e+01
   5.8200120e+06   2.2000000e+01
   5.8204320e+06   2.7000000e+01
   5.8209110e+06   2.6000000e+01
   5.8217170e+06   2.2000000e+01
   5.8217750e+06   3.1000000e+01
   5.8223950e+06   2.7000000e+01
   5.8230890e+06   2.4000000e+01
   5.8481210e+06   2.4000000e+01
   5.8488110e+06   3.1000000e+01
   5.8498850e+06   3.3000000e+01
   5.8508310e+06   3.0000000e+01
   5.8514970e+06   2.8000000e+01
   5.8517970e+06   2.8000000e+01
   5.8528980e+06   2.4000000e+01
   5.8534350e+06   2.5000000e+01
   5.8544770e+06   2.6000000e+01
   5.8553320e+06   2.2000000e+01
   5.9138680e+06   2.5000000e+01
   5.9162860e+06   2.3000000e+01
   5.9167180e+06   2.5000000e+01
   5.9170740e+06   2.1000000e+01
   5.9173780e+06   2.3000000e+01
   5.9175600e+06   2.2000000e+01
   5.9177360e+06   2.3000000e+01
   5.9180310e+06   2.8000000e+01
   5.9186440e+06   2.2000000e+01
   5.9189560e+06   2.4000000e+01
   5.9194890e+06   2.3000000e+01
   5.9199070e+06   2.3000000e+01
   5.9203410e+06   2.6000000e+01
   5.9207420e+06   2.3000000e+01
   5.9213580e+06   2.4000000e+01
   5.9218740e+06   2.1000000e+01
   5.9224760e+06   2.9000000e+01
   5.9231900e+06   2.5000000e+01
   5.9241250e+06   2.6000000e+01
   5.9245560e+06   2.1000000e+01
   5.9253710e+06   2.1000000e+01
   5.9263770e+06   2.6000000e+01
   5.9280370e+06   2.2000000e+01
   5.9296030e+06   2.3000000e+01
   5.9311390e+06   2.1000000e+01
   5.9317320e+06   2.3000000e+01
   5.9944470e+06   2.1000000e+01
   5.9950040e+06   2.2000000e+01
   5.9950360e+06   2.2000000e+01
   5.9959170e+06   2.1000000e+01
   5.9961650e+06   2.5000000e+01
   5.9967040e+06   2.3000000e+01
   5.9968320e+06   2.4000000e+01
   5.9971750e+06   2.6000000e+01
   5.9980950e+06   2.4000000e+01
   5.9989220e+06   2.4000000e+01
   5.9993780e+06   2.4000000e+01
   6.0000100e+06   2.5000000e+01
   6.0001630e+06   2.1000000e+01
   6.0005640e+06   2.7000000e+01
   6.0008690e+06   2.1000000e+01
   6.0013970e+06   2.3000000e+01
   6.0018440e+06   2.1000000e+01
   6.0029220e+06   2.1000000e+01
   6.0037440e+06   2.9000000e+01
   6.0048360e+06   3.3000000e+01
   6.0053590e+06   2.6000000e+01
   6.0061270e+06   2.4000000e+01
   6.0068460e+06   2.7000000e+01
   6.0075840e+06   2.6000000e+01
   6.0636990e+06   2.3000000e+01
   6.0637370e+06   2.1000000e+01
   6.0647340e+06   3.3000000e+01
   6.0648110e+06   2.5000000e+01
   6.0648390e+06   2.1000000e+01
   6.0652600e+06   2.8000000e+01
   6.0660350e+06   2.4000000e+01
   6.0664530e+06   3.9000000e+01
   6.0664790e+06   2.7000000e+01
   6.0668180e+06   2.4000000e+01
   6.0671070e+06   2.7000000e+01
   6.0671370e+06   2.2000000e+01
   6.0674580e+06   3.1000000e+01
   6.0675100e+06   2.6000000e+01
   6.0675780e+06   2.7000000e+01
   6.0680940e+06   2.7000000e+01
   6.0681410e+06   2.3000000e+01
   6.0681940e+06   2.4000000e+01
   6.0685190e+06   2.1000000e+01
   6.0685830e+06   2.1000000e+01
   6.0686240e+06   3.3000000e+01
   6.0686640e+06   2.1000000e+01
   6.0690550e+06   2.2000000e+01
   6.0693830e+06   2.4000000e+01
   6.0698280e+06   2.6000000e+01
   6.0699100e+06   2.1000000e+01
   6.0710280e+06   2.2000000e+01
   6.0837610e+06   2.1000000e+01
   6.0850060e+06   2.5000000e+01
   6.0872090e+06   3.7000000e+01
   6.0926440e+06   3.2000000e+01
   6.0950240e+06   2.6000000e+01
   6.0959360e+06   2.6000000e+01
   6.0970920e+06   2.2000000e+01
   6.1237410e+06   2.3000000e+01
   6.1325700e+06   2.2000000e+01
   6.1765050e+06   2.2000000e+01
   6.2269250e+06   2.5000000e+01
   6.2869040e+06   2.1000000e+01
   6.2946440e+06   2.2000000e+01
   6.2958560e+06   2.5000000e+01
   6.2962890e+06   2.3000000e+01
   6.2964670e+06   2.4000000e+01
   6.2967200e+06   2.1000000e+01
   6.2970310e+06   2.2000000e+01
   6.2972940e+06   2.1000000e+01
   6.2977300e+06   3.4000000e+01
   6.2977550e+06   2.2000000e+01
   6.2978620e+06   2.6000000e+01
   6.2982330e+06   2.3000000e+01
   6.2984310e+06   2.1000000e+01
   6.2986770e+06   2.6000000e+01
   6.2990060e+06   2.1000000e+01
   6.2992890e+06   2.9000000e+01
   6.2996010e+06   2.3000000e+01
   6.2996290e+06   4.3000000e+01
   6.2996570e+06   2.2000000e+01
   6.2996890e+06   2.5000000e+01
   6.2999210e+06   2.3000000e+01
   6.3001370e+06   3.4000000e+01
   6.3002520e+06   2.1000000e+01
   6.3007180e+06   2.3000000e+01
   6.3009100e+06   2.6000000e+01
   6.3019430e+06   2.4000000e+01
   6.3020550e+06   2.4000000e+01
   6.3023430e+06   2.5000000e+01
   6.3027100e+06   2.1000000e+01
   6.3033260e+06   2.4000000e+01
   6.3040220e+06   2.3000000e+01
   6.3056140e+06   2.2000000e+01
   6.3065400e+06   2.4000000e+01
   6.3079340e+06   2.6000000e+01
   6.3086140e+06   2.1000000e+01
   6.3095530e+06   2.1000000e+01
   6.3106060e+06   2.2000000e+01
   6.3113890e+06   2.2000000e+01
   6.3116530e+06   2.1000000e+01
   6.3125810e+06   2.5000000e+01
   6.3149160e+06   2.3000000e+01
   6.3465290e+06   2.2000000e+01
   6.3769720e+06   2.1000000e+01
   6.4430500e+06   2.2000000e+01
   6.4490960e+06   2.5000000e+01
   6.4497160e+06   2.1000000e+01
   6.4501910e+06   2.9000000e+01
   6.4505720e+06   2.5000000e+01
   6.4508460e+06   3.0000000e+01
   6.4509870e+06   2.2000000e+01
   6.4511340e+06   2.6000000e+01
   6.4514050e+06   2.4000000e+01
   6.4517330e+06   2.2000000e+01
   6.4520220e+06   2.7000000e+01
   6.4520500e+06   2.1000000e+01
   6.4522740e+06   2.8000000e+01
   6.4523020e+06   2.2000000e+01
   6.4524290e+06   2.1000000e+01
   6.4529640e+06   2.3000000e+01
   6.4530040e+06   2.4000000e+01
   6.4531160e+06   3.7000000e+01
   6.4536310e+06   2.9000000e+01
   6.4542490e+06   2.5000000e+01
   6.4542800e+06   2.1000000e+01
   6.4543380e+06   3.3000000e+01
   6.4546890e+06   2.9000000e+01
   6.4554490e+06   2.1000000e+01
   6.4562630e+06   2.8000000e+01
   6.4568700e+06   2.3000000e+01
   6.4573080e+06   2.5000000e+01
   6.4583530e+06   2.2000000e+01
   6.4588760e+06   2.3000000e+01
   6.4600900e+06   2.5000000e+01
   6.4636250e+06   2.1000000e+01
   6.5842570e+06   2.3000000e+01
   6.5852280e+06   2.2000000e+01
   6.5856890e+06   2.1000000e+01
   6.5857420e+06   2.1000000e+01
   6.5859190e+06   3.2000000e+01
   6.5860620e+06   2.1000000e+01
   6.5861510e+06   2.9000000e+01
   6.5861770e+06   2.1000000e+01
   6.5862290e+06   2.1000000e+01
   6.5864100e+06   2.1000000e+01
   6.5866130e+06   2.8000000e+01
   6.5868220e+06   2.1000000e+01
   6.5870030e+06   3.5000000e+01
   6.5870400e+06   3.4000000e+01
   6.5871250e+06   2.5000000e+01
   6.5872350e+06   3.0000000e+01
   6.5873380e+06   3.2000000e+01
   6.5874720e+06   2.4000000e+01
   6.5875870e+06   2.4000000e+01
   6.5876220e+06   2.6000000e+01
   6.5877050e+06   2.7000000e+01
   6.5877400e+06   2.6000000e+01
   6.5878920e+06   2.3000000e+01
   6.5883880e+06   2.9000000e+01
   6.5884670e+06   2.3000000e+01
   6.5886000e+06   2.7000000e+01
   6.5891220e+06   2.2000000e+01
   6.5896790e+06   2.2000000e+01
   6.5897230e+06   3.2000000e+01
   6.5898330e+06   3.3000000e+01
   6.5901360e+06   2.1000000e+01
   6.6008340e+06   2.5000000e+01
   6.6009470e+06   2.6000000e+01
   6.6025460e+06   2.5000000e+01
   6.6030990e+06   2.2000000e+01
   6.6038110e+06   2.1000000e+01
   6.6128400e+06   2.1000000e+01
   6.6267960e+06   2.4000000e+01
   6.6531300e+06   3.0000000e+01
   6.6543850e+06   2.8000000e+01
   6.6548600e+06   2.7000000e+01
   6.6552530e+06   2.3000000e+01
   6.6555290e+06   2.6000000e+01
   6.6557950e+06   2.1000000e+01
   6.6558470e+06   2.4000000e+01
   6.6561160e+06   2.1000000e+01
   6.6573900e+06   2.1000000e+01
   6.6576300e+06   2.3000000e+01
   6.6588540e+06   2.8000000e+01
   6.6593140e+06   2.6000000e+01
   6.6602660e+06   3.2000000e+01
   6.6611100e+06   2.6000000e+01
   6.6617730e+06   2.8000000e+01
   6.6631400e+06   2.2000000e+01
   6.6638880e+06   2.4000000e+01
   6.6651440e+06   2.2000000e+01
   6.6666720e+06   2.1000000e+01
   6.6762540e+06   2.2000000e+01
   6.6792140e+06   3.2000000e+01
   6.6794350e+06   3.0000000e+01
   6.6800770e+06   2.7000000e+01
   6.6808000e+06   2.2000000e+01
   6.6821540e+06   2.8000000e+01
   6.6822720e+06   2.1000000e+01
   6.6830300e+06   4.3000000e+01
   6.6832360e+06   2.1000000e+01
   6.6832670e+06   2.2000000e+01
   6.6843550e+06   2.7000000e+01
   6.6852710e+06   2.4000000e+01
   6.7530470e+06   2.1000000e+01
   6.8146260e+06   3.1000000e+01
   6.8146530e+06   2.7000000e+01
   6.8156010e+06   3.9000000e+01
   6.8156650e+06   3.2000000e+01
   6.8161490e+06   2.5000000e+01
   6.8161740e+06   4.5000000e+01
   6.8162270e+06   2.8000000e+01
   6.8169030e+06   2.2000000e+01
   6.8169690e+06   3.4000000e+01
   6.8172570e+06   2.1000000e+01
   6.8173330e+06   2.1000000e+01
   6.8174370e+06   2.1000000e+01
   6.8176780e+06   2.1000000e+01
   6.8178040e+06   2.1000000e+01
   6.8180000e+06   3.9000000e+01
   6.8180400e+06   4.2000000e+01
   6.8181230e+06   2.4000000e+01
   6.8182680e+06   2.4000000e+01
   6.8183390e+06   2.1000000e+01
   6.8184500e+06   2.1000000e+01
   6.8185340e+06   3.2000000e+01
   6.8186900e+06   3.1000000e+01
   6.8191920e+06   2.6000000e+01
   6.8192860e+06   3.2000000e+01
   6.8195600e+06   2.6000000e+01
   6.8202600e+06   2.8000000e+01
   6.8213360e+06   3.2000000e+01
   6.8214180e+06   2.1000000e+01
   6.8233560e+06   2.8000000e+01
   6.8460300e+06   2.1000000e+01
   6.8806430e+06   2.3000000e+01
   6.8806740e+06   2.1000000e+01
   6.8811430e+06   2.2000000e+01
   6.8811900e+06   2.2000000e+01
   6.8822970e+06   2.5000000e+01
   6.8825860e+06   2.6000000e+01
   6.8826420e+06   3.1000000e+01
   6.8826920e+06   3.9000000e+01
   6.8827200e+06   2.3000000e+01
   6.8827820e+06   2.1000000e+01
   6.8832950e+06   3.3000000e+01
   6.8833480e+06   4.7000000e+01
   6.8834190e+06   2.3000000e+01
   6.8835300e+06   2.1000000e+01
   6.8838050e+06   2.1000000e+01
   6.8838370e+06   2.1000000e+01
   6.8839010e+06   3.6000000e+01
   6.8841760e+06   2.8000000e+01
   6.8854850e+06   2.4000000e+01
   6.8857330e+06   2.5000000e+01
   6.8858960e+06   2.1000000e+01
   6.8866970e+06   2.8000000e+01
   6.8868860e+06   2.2000000e+01
   6.8873630e+06   2.2000000e+01
   6.8886810e+06   2.5000000e+01
   6.9060550e+06   2.3000000e+01
   6.9707500e+06   2.1000000e+01
   7.0205590e+06   2.2000000e+01
   7.0835870e+06   2.2000000e+01
   7.1303780e+06   2.1000000e+01
   7.1429780e+06   2.2000000e+01
   7.1437670e+06   2.6000000e+01
   7.1445300e+06   2.2000000e+01
   7.1447080e+06   3.4000000e+01
   7.1447330e+06   2.1000000e+01
   7.1450570e+06   2.8000000e+01
   7.1452250e+06   2.6000000e+01
   7.1452950e+06   2.1000000e+01
   7.1453280e+06   2.5000000e+01
   7.1454300e+06   2.8000000e+01
   7.1455520e+06   2.1000000e+01
   7.1456590e+06   2.9000000e+01
   7.1457800e+06   2.4000000e+01
   7.1461560e+06   4.0000000e+01
   7.1463010e+06   2.1000000e+01
   7.1463650e+06   2.1000000e+01
   7.1464180e+06   2.2000000e+01
   7.1467680e+06   2.6000000e+01
   7.1470720e+06   2.2000000e+01
   7.1471370e+06   4.3000000e+01
   7.1476730e+06   2.8000000e+01
   7.1477100e+06   2.2000000e+01
   7.1477820e+06   2.4000000e+01
   7.1480520e+06   2.4000000e+01
   7.1488390e+06   4.0000000e+01
   7.1488690e+06   2.1000000e+01
   7.1489010e+06   2.3000000e+01
   7.1494310e+06   2.1000000e+01
   7.1500210e+06   2.3000000e+01
   7.1506230e+06   2.7000000e+01
   7.1511400e+06   2.2000000e+01
   7.1907110e+06   2.2000000e+01
   7.1916600e+06   2.5000000e+01
   7.1917160e+06   2.1000000e+01
   7.1919930e+06   3.4000000e+01
   7.1920330e+06   2.3000000e+01
   7.1920970e+06   2.3000000e+01
   7.1923040e+06   2.1000000e+01
   7.1925160e+06   2.2000000e+01
   7.1927890e+06   3.0000000e+01
   7.1928350e+06   2.2000000e+01
   7.1931570e+06   2.5000000e+01
   7.1933610e+06   2.4000000e+01
   7.1935320e+06   2.5000000e+01
   7.1938390e+06   2.6000000e+01
   7.1941460e+06   3.2000000e+01
   7.1942120e+06   2.3000000e+01
   7.1942500e+06   2.6000000e+01
   7.1947210e+06   2.4000000e+01
   7.1948420e+06   2.2000000e+01
   7.1949060e+06   2.3000000e+01
   7.1952700e+06   2.6000000e+01
   7.1954530e+06   2.6000000e+01
   7.1957390e+06   2.5000000e+01
   7.1959300e+06   2.1000000e+01
   7.1959900e+06   2.2000000e+01
   7.1962580e+06   2.7000000e+01
   7.1965060e+06   3.7000000e+01
   7.1965330e+06   2.2000000e+01
   7.1971490e+06   3.0000000e+01
   7.1971760e+06   2.7000000e+01
   7.1972270e+06   2.7000000e+01
   7.1978770e+06   2.9000000e+01
   7.1983560e+06   2.1000000e+01
   7.1988640e+06   2.5000000e+01
   7.1989670e+06   2.6000000e+01
   7.2004060e+06   3.1000000e+01
   7.2005330e+06   2.7000000e+01
   7.2011790e+06   2.8000000e+01
   7.2020080e+06   2.2000000e+01
   7.2028450e+06   2.4000000e+01
   7.2043860e+06   2.3000000e+01
   7.2098220e+06   2.3000000e+01
   7.2109070e+06   2.6000000e+01
   7.2118810e+06   3.0000000e+01
   7.2129000e+06   2.7000000e+01
   7.3639630e+06   2.4000000e+01
   7.4144120e+06   2.2000000e+01
   7.4151780e+06   2.1000000e+01
   7.4233460e+06   2.1000000e+01
   7.4234260e+06   2.1000000e+01
   7.4234670e+06   3.9000000e+01
   7.4244940e+06   2.5000000e+01
   7.4247910e+06   2.1000000e+01
   7.4253220e+06   2.3000000e+01
   7.4255350e+06   2.5000000e+01
   7.4256310e+06   3.3000000e+01
   7.4259150e+06   2.5000000e+01
   7.4259420e+06   2.3000000e+01
   7.4260140e+06   3.1000000e+01
   7.4260930e+06   3.4000000e+01
   7.4261180e+06   2.5000000e+01
   7.4262640e+06   2.2000000e+01
   7.4263640e+06   2.3000000e+01
   7.4266160e+06   2.4000000e+01
   7.4267860e+06   2.6000000e+01
   7.4272040e+06   2.2000000e+01
   7.4275370e+06   2.2000000e+01
   7.4279860e+06   2.4000000e+01
   7.4280330e+06   3.1000000e+01
   7.4283720e+06   3.2000000e+01
   7.4286850e+06   2.3000000e+01
   7.4288470e+06   2.3000000e+01
   7.4291070e+06   2.2000000e+01
   7.4298480e+06   3.5000000e+01
   7.4318330e+06   2.9000000e+01
   7.4335640e+06   2.2000000e+01
   7.4354040e+06   2.2000000e+01
   7.4538400e+06   2.2000000e+01
   7.4585880e+06   2.5000000e+01
   7.5000230e+06   2.2000000e+01
   7.5035020e+06   2.3000000e+01
   7.5044370e+06   2.3000000e+01
   7.5050360e+06   2.1000000e+01
   7.5054440e+06   2.1000000e+01
   7.5061160e+06   2.2000000e+01
   7.5073680e+06   2.6000000e+01
   7.5073940e+06   2.2000000e+01
   7.5077390e+06   2.5000000e+01
   7.5080960e+06   3.1000000e+01
   7.5085880e+06   2.1000000e+01
   7.5089560e+06   2.4000000e+01
   7.5092330e+06   2.2000000e+01
   7.5095800e+06   3.1000000e+01
   7.5101540e+06   3.3000000e+01
   7.5109790e+06   2.4000000e+01
   7.5115190e+06   2.5000000e+01
   7.5115500e+06   2.3000000e+01
   7.5119950e+06   2.3000000e+01
   7.5128460e+06   2.8000000e+01
   7.5133030e+06   2.1000000e+01
   7.5137620e+06   2.9000000e+01
   7.5145290e+06   2.7000000e+01
   7.5160120e+06   2.2000000e+01
   7.5164600e+06   2.5000000e+01
   7.5169090e+06   2.2000000e+01
   7.5171660e+06   2.5000000e+01
   7.5188710e+06   2.1000000e+01
   7.5195980e+06   2.3000000e+01
   7.5225010e+06   2.6000000e+01
   7.5235500e+06   2.1000000e+01
   7.5236530e+06   2.4000000e+01
