   7.5250000e+06   0.0000000e+00
   2.7259800e+05   2.5000000e+01
   5.5508100e+05   2.2000000e+01
   8.3412500e+05   2.2000000e+01
   1.8201640e+06   2.1000000e+01
   1.8844680e+06   2.6000000e+01
   1.8851410e+06   2.6000000e+01
   1.8863050e+06   2.6000000e+01
   1.8866920e+06   2.3000000e+01
   1.8872610e+06   2.5000000e+01
   1.8876670e+06   2.1000000e+01
   1.8880430e+06   2.4000000e+01
   1.8884970e+06   2.8000000e+01
   1.8891060e+06   2.5000000e+01
   1.8896530e+06   2.5000000e+01
   1.8901490e+06   2.3000000e+01
   1.8906240e+06   2.1000000e+01
   1.8913640e+06   2.1000000e+01
   1.8927130e+06   2.2000000e+01
   1.8951150e+06   2.1000000e+01
   1.8961470e+06   2.6000000e+01
   4.2300680e+06   2.5000000e+01
   4.6773200e+06   2.2000000e+01
   4.6777850e+06   2.2000000e+01
   4.6786960e+06   2.4000000e+01
   4.7666760e+06   3.0000000e+01
   4.7671550e+06   2.6000000e+01
   4.7675200e+06   2.3000000e+01
   4.7680140e+06   2.7000000e+01
   4.7685010e+06   2.3000000e+01
   4.7689490e+06   2.4000000e+01
   4.7693460e+06   2.2000000e+01
   4.7719430e+06   2.1000000e+01
   4.7729170e+06   2.1000000e+01
   4.7734600e+06   2.1000000e+01
   4.7741490e+06   2.8000000e+01
   4.7748040e+06   2.1000000e+01
   4.8742810e+06   2.1000000e+01
   6.0397250e+06   2.3000000e+01
   6.0403700e+06   2.5000000e+01
   6.0922860e+06   2.4000000e+01
   6.4484250e+06   2.2000000e+01
   6.5875750e+06   2.2000000e+01
   7.1930060e+06   2.1000000e+01
   7.1931420e+06   2.1000000e+01
   7.2729140e+06   2.1000000e+01
   7.2734300e+06   2.2000000e+01
   7.2738340e+06   2.5000000e+01
   7.3510530e+06   2.4000000e+01
