   7.5250000e+06   0.0000000e+00
   3.0507700e+05   2.1000000e+01
   3.7774100e+05   2.1000000e+01
   3.7798300e+05   2.2000000e+01
   3.7976800e+05   2.2000000e+01
   3.8833000e+05   2.3000000e+01
   4.0110900e+05   2.1000000e+01
   6.4027800e+05   2.7000000e+01
   6.4062900e+05   2.6000000e+01
   6.4151400e+05   2.7000000e+01
   6.4528200e+05   2.1000000e+01
   6.4563900e+05   2.1000000e+01
   6.4600900e+05   2.3000000e+01
   6.4628900e+05   2.1000000e+01
   7.3194000e+05   2.1000000e+01
   8.4124500e+05   2.3000000e+01
   8.4238100e+05   2.1000000e+01
   8.4315900e+05   2.1000000e+01
   1.0807660e+06   2.1000000e+01
   1.0816340e+06   2.3000000e+01
   1.0820540e+06   2.3000000e+01
   1.0823200e+06   2.1000000e+01
   1.0827620e+06   2.2000000e+01
   1.0832940e+06   2.1000000e+01
   1.0834430e+06   2.2000000e+01
   1.0904020e+06   2.2000000e+01
   1.2446160e+06   2.1000000e+01
   1.3272750e+06   2.2000000e+01
   1.3516520e+06   2.1000000e+01
   1.3517510e+06   2.1000000e+01
   1.3526140e+06   2.2000000e+01
   1.3530130e+06   2.2000000e+01
   1.3538630e+06   2.5000000e+01
   1.3543930e+06   2.1000000e+01
   1.4433230e+06   2.2000000e+01
   1.5060180e+06   2.3000000e+01
   1.5546160e+06   2.1000000e+01
   1.5546660e+06   2.1000000e+01
   1.5553670e+06   2.3000000e+01
   1.5554050e+06   2.3000000e+01
   1.5574200e+06   2.3000000e+01
   1.5649970e+06   2.1000000e+01
   1.5805180e+06   2.1000000e+01
   1.8180610e+06   2.6000000e+01
   1.8180930e+06   2.1000000e+01
   1.8182100e+06   3.1000000e+01
   1.8182420e+06   2.2000000e+01
   1.8182720e+06   3.0000000e+01
   1.8184700e+06   2.1000000e+01
   1.8185950e+06   2.8000000e+01
   1.8189500e+06   2.5000000e+01
   1.8189900e+06   2.1000000e+01
   1.8190840e+06   2.1000000e+01
   1.8193070e+06   2.2000000e+01
   1.8193880e+06   2.3000000e+01
   1.8194330e+06   2.1000000e+01
   1.8195020e+06   2.2000000e+01
   1.8197400e+06   2.3000000e+01
   1.8198110e+06   2.1000000e+01
   1.8199110e+06   2.3000000e+01
   1.8200030e+06   3.2000000e+01
   1.8200410e+06   2.3000000e+01
   1.8201570e+06   2.2000000e+01
   1.8202240e+06   2.6000000e+01
   1.8205060e+06   2.2000000e+01
   1.8206020e+06   2.9000000e+01
   1.8206780e+06   2.4000000e+01
   1.8207190e+06   2.1000000e+01
   1.8208810e+06   2.3000000e+01
   1.8209670e+06   2.2000000e+01
   1.8215860e+06   2.4000000e+01
   1.8245560e+06   2.1000000e+01
   1.8763250e+06   2.2000000e+01
   1.8856090e+06   2.1000000e+01
   1.9844390e+06   2.1000000e+01
   2.1745670e+06   2.2000000e+01
   2.1749000e+06   2.3000000e+01
   2.1751480e+06   2.1000000e+01
   2.1753830e+06   2.6000000e+01
   2.1758620e+06   2.2000000e+01
   2.1766910e+06   2.1000000e+01
   2.2011050e+06   2.1000000e+01
   2.2981740e+06   2.1000000e+01
   2.5144430e+06   2.2000000e+01
   2.5145020e+06   2.1000000e+01
   2.5146280e+06   2.2000000e+01
   2.5147340e+06   2.1000000e+01
   2.5147950e+06   2.3000000e+01
   2.5152890e+06   2.1000000e+01
   2.5179070e+06   2.1000000e+01
   2.5193390e+06   2.1000000e+01
   2.5195390e+06   2.1000000e+01
   2.6512200e+06   2.1000000e+01
   2.6677340e+06   2.3000000e+01
   2.6683600e+06   2.6000000e+01
   2.6684110e+06   2.2000000e+01
   2.6685980e+06   2.1000000e+01
   2.6690090e+06   2.3000000e+01
   2.7515780e+06   2.5000000e+01
   2.8535050e+06   2.1000000e+01
   2.8613920e+06   2.2000000e+01
   2.8616380e+06   2.4000000e+01
   2.8621670e+06   2.8000000e+01
   2.8638040e+06   2.1000000e+01
   2.8638760e+06   2.1000000e+01
   2.8641530e+06   2.3000000e+01
   3.0043780e+06   2.2000000e+01
   3.1080480e+06   2.2000000e+01
   3.1092670e+06   2.1000000e+01
   3.1103240e+06   2.1000000e+01
   3.1104920e+06   2.2000000e+01
   3.1115060e+06   2.1000000e+01
   3.2342360e+06   2.4000000e+01
   3.2349790e+06   2.1000000e+01
   3.2352240e+06   2.1000000e+01
   3.3259060e+06   2.1000000e+01
   3.4213690e+06   2.4000000e+01
   3.4222860e+06   2.2000000e+01
   3.4241380e+06   2.2000000e+01
   3.4244270e+06   2.2000000e+01
   3.4251540e+06   2.6000000e+01
   3.4253940e+06   2.1000000e+01
   3.4529260e+06   2.2000000e+01
   3.4534390e+06   2.2000000e+01
   3.4534660e+06   2.2000000e+01
   3.4536700e+06   2.1000000e+01
   3.4628730e+06   2.6000000e+01
   3.4635890e+06   2.1000000e+01
   3.4642420e+06   2.2000000e+01
   3.4646790e+06   2.2000000e+01
   3.4650330e+06   2.1000000e+01
   3.4651020e+06   2.1000000e+01
   3.4654090e+06   2.7000000e+01
   3.4654480e+06   3.0000000e+01
   3.4655320e+06   2.3000000e+01
   3.4658570e+06   2.3000000e+01
   3.4660300e+06   3.3000000e+01
   3.4660580e+06   2.4000000e+01
   3.4661600e+06   2.1000000e+01
   3.4662760e+06   2.9000000e+01
   3.4663370e+06   2.2000000e+01
   3.4668110e+06   2.3000000e+01
   3.4676500e+06   2.6000000e+01
   3.4677140e+06   2.2000000e+01
   3.4680780e+06   2.2000000e+01
   3.4681970e+06   2.3000000e+01
   3.4686840e+06   2.2000000e+01
   3.4699680e+06   2.1000000e+01
   3.5621350e+06   2.4000000e+01
   3.5639940e+06   2.2000000e+01
   3.5822560e+06   2.1000000e+01
   3.5843510e+06   2.1000000e+01
   3.7953860e+06   2.8000000e+01
   3.7954420e+06   2.1000000e+01
   3.7955960e+06   2.2000000e+01
   3.8884030e+06   2.1000000e+01
   3.9493620e+06   2.2000000e+01
   3.9493880e+06   2.6000000e+01
   3.9494330e+06   2.4000000e+01
   3.9825160e+06   2.2000000e+01
   3.9847640e+06   2.1000000e+01
   4.0425990e+06   2.1000000e+01
   4.2334170e+06   2.2000000e+01
   4.2344050e+06   2.2000000e+01
   4.2348960e+06   2.5000000e+01
   4.2350130e+06   2.5000000e+01
   4.2351910e+06   2.4000000e+01
   4.2354080e+06   3.0000000e+01
   4.2355860e+06   2.1000000e+01
   4.2357400e+06   2.1000000e+01
   4.2359910e+06   2.3000000e+01
   4.3036390e+06   2.2000000e+01
   4.3037370e+06   2.1000000e+01
   4.3039580e+06   2.2000000e+01
   4.3041820e+06   2.3000000e+01
   4.3043470e+06   2.3000000e+01
   4.3044550e+06   2.1000000e+01
   4.3083980e+06   2.2000000e+01
   4.3915360e+06   2.2000000e+01
   4.3916790e+06   2.2000000e+01
   4.3928230e+06   2.1000000e+01
   4.3934450e+06   2.1000000e+01
   4.6287230e+06   2.1000000e+01
   4.6316060e+06   2.1000000e+01
   4.6375670e+06   2.1000000e+01
   4.6744600e+06   2.2000000e+01
   4.6747380e+06   2.3000000e+01
   4.6760860e+06   2.7000000e+01
   4.6761280e+06   2.1000000e+01
   4.6764150e+06   2.3000000e+01
   4.6766270e+06   2.9000000e+01
   4.6770100e+06   2.3000000e+01
   4.6771330e+06   2.2000000e+01
   4.6771720e+06   2.1000000e+01
   4.6778560e+06   2.1000000e+01
   4.6781890e+06   2.4000000e+01
   4.6782230e+06   2.1000000e+01
   4.6790760e+06   2.1000000e+01
   4.6794330e+06   2.3000000e+01
   4.6795130e+06   2.1000000e+01
   4.6812220e+06   2.4000000e+01
   4.7553240e+06   2.2000000e+01
   4.7794140e+06   2.1000000e+01
   4.8028270e+06   2.1000000e+01
   4.8298180e+06   2.1000000e+01
   4.8729830e+06   2.2000000e+01
   4.8733700e+06   2.1000000e+01
   4.8745320e+06   2.2000000e+01
   4.8746550e+06   2.1000000e+01
   4.8747480e+06   2.1000000e+01
   4.8749240e+06   2.2000000e+01
   4.8753200e+06   2.1000000e+01
   4.8754880e+06   2.3000000e+01
   4.8762690e+06   2.1000000e+01
   4.8766600e+06   2.1000000e+01
   4.8771710e+06   2.2000000e+01
   4.9029880e+06   2.1000000e+01
   4.9039530e+06   2.2000000e+01
   4.9339090e+06   2.1000000e+01
   4.9345260e+06   2.2000000e+01
   4.9361380e+06   2.1000000e+01
   4.9388110e+06   2.2000000e+01
   4.9395420e+06   2.2000000e+01
   4.9501940e+06   2.1000000e+01
   5.0582270e+06   2.5000000e+01
   5.0583820e+06   2.2000000e+01
   5.0601950e+06   2.1000000e+01
   5.0604900e+06   2.7000000e+01
   5.0605990e+06   2.1000000e+01
   5.0608120e+06   2.8000000e+01
   5.0888340e+06   2.2000000e+01
   5.0894010e+06   2.5000000e+01
   5.0900690e+06   2.1000000e+01
   5.0947710e+06   2.1000000e+01
   5.0970290e+06   2.5000000e+01
   5.0981880e+06   2.8000000e+01
   5.0982430e+06   2.1000000e+01
   5.0992120e+06   2.1000000e+01
   5.0992570e+06   2.1000000e+01
   5.0992880e+06   2.1000000e+01
   5.2507220e+06   2.3000000e+01
   5.2531330e+06   2.3000000e+01
   5.2531710e+06   2.3000000e+01
   5.2694750e+06   2.2000000e+01
   5.2902520e+06   2.3000000e+01
   5.2904400e+06   2.1000000e+01
   5.2912320e+06   2.3000000e+01
   5.2935280e+06   2.5000000e+01
   5.2949200e+06   2.2000000e+01
   5.3698910e+06   2.4000000e+01
   5.3704950e+06   2.6000000e+01
   5.3707590e+06   2.1000000e+01
   5.3715150e+06   2.2000000e+01
   5.3718440e+06   2.1000000e+01
   5.3915100e+06   2.2000000e+01
   5.4073480e+06   2.1000000e+01
   5.4094830e+06   2.1000000e+01
   5.4095420e+06   2.3000000e+01
   5.4347710e+06   2.1000000e+01
   5.4359010e+06   2.5000000e+01
   5.4361520e+06   2.5000000e+01
   5.4366230e+06   2.1000000e+01
   5.4389860e+06   2.1000000e+01
   5.4418130e+06   2.1000000e+01
   5.5030000e+06   2.1000000e+01
   5.5030880e+06   2.1000000e+01
   5.5710840e+06   2.2000000e+01
   5.5711660e+06   2.1000000e+01
   5.5766410e+06   2.1000000e+01
   5.6330800e+06   2.1000000e+01
   5.6335150e+06   2.6000000e+01
   5.6342180e+06   2.1000000e+01
   5.6351560e+06   2.2000000e+01
   5.7003130e+06   2.5000000e+01
   5.7006600e+06   2.3000000e+01
   5.7008210e+06   2.5000000e+01
   5.7009500e+06   2.2000000e+01
   5.7014140e+06   2.2000000e+01
   5.7015590e+06   2.2000000e+01
   5.7025800e+06   2.1000000e+01
   5.7354280e+06   2.8000000e+01
   5.7378630e+06   2.2000000e+01
   5.7579320e+06   2.1000000e+01
   5.7597180e+06   2.1000000e+01
   5.7598060e+06   2.1000000e+01
   5.7606950e+06   2.2000000e+01
   5.8178810e+06   2.2000000e+01
   5.8182010e+06   2.6000000e+01
   5.8186970e+06   2.3000000e+01
   5.8189020e+06   2.1000000e+01
   5.8456640e+06   2.4000000e+01
   5.8475060e+06   2.5000000e+01
   5.8483120e+06   2.1000000e+01
   5.8485190e+06   2.2000000e+01
   5.8828380e+06   2.1000000e+01
   5.9115970e+06   2.1000000e+01
   5.9174200e+06   2.1000000e+01
   5.9968360e+06   2.1000000e+01
   6.0041170e+06   2.1000000e+01
   6.0046190e+06   2.3000000e+01
   6.0053480e+06   2.4000000e+01
   6.0665860e+06   2.1000000e+01
   6.0667710e+06   2.2000000e+01
   6.0687130e+06   2.3000000e+01
   6.0919560e+06   2.2000000e+01
   6.1268020e+06   2.2000000e+01
   6.1378800e+06   2.1000000e+01
   6.1957410e+06   2.2000000e+01
   6.2926290e+06   2.3000000e+01
   6.2962490e+06   2.3000000e+01
   6.2988510e+06   2.2000000e+01
   6.2991440e+06   2.2000000e+01
   6.3000110e+06   2.1000000e+01
   6.4490640e+06   2.2000000e+01
   6.4507990e+06   2.8000000e+01
   6.5351490e+06   2.2000000e+01
   6.5846740e+06   2.1000000e+01
   6.5848640e+06   2.4000000e+01
   6.5855380e+06   2.1000000e+01
   6.5856650e+06   2.8000000e+01
   6.5857450e+06   2.2000000e+01
   6.5860140e+06   2.1000000e+01
   6.5860670e+06   3.0000000e+01
   6.5860950e+06   2.1000000e+01
   6.5861520e+06   2.3000000e+01
   6.5861830e+06   2.3000000e+01
   6.5866060e+06   2.1000000e+01
   6.5868250e+06   2.3000000e+01
   6.5871600e+06   2.2000000e+01
   6.5874740e+06   2.1000000e+01
   6.5875820e+06   2.2000000e+01
   6.5876560e+06   2.4000000e+01
   6.5878040e+06   2.2000000e+01
   6.5878680e+06   2.3000000e+01
   6.5879320e+06   2.1000000e+01
   6.5882110e+06   2.1000000e+01
   6.5889200e+06   2.1000000e+01
   6.6560430e+06   2.1000000e+01
   6.6817200e+06   2.1000000e+01
   6.6821400e+06   2.1000000e+01
   6.6822460e+06   2.1000000e+01
   6.6825270e+06   2.4000000e+01
   6.6975720e+06   2.2000000e+01
   6.8165380e+06   2.1000000e+01
   6.8172490e+06   2.1000000e+01
   6.8176990e+06   2.9000000e+01
   6.8178080e+06   2.3000000e+01
   6.8178560e+06   2.1000000e+01
   6.8180650e+06   2.6000000e+01
   6.8183440e+06   2.6000000e+01
   6.8191910e+06   2.4000000e+01
   6.8812730e+06   2.1000000e+01
   6.8820460e+06   2.7000000e+01
   6.8820720e+06   2.2000000e+01
   6.8821660e+06   2.4000000e+01
   6.8830570e+06   2.3000000e+01
   6.8833330e+06   2.1000000e+01
   6.8834080e+06   2.2000000e+01
   6.8859010e+06   2.1000000e+01
   6.9624170e+06   2.1000000e+01
   7.1435090e+06   2.1000000e+01
   7.1439570e+06   2.3000000e+01
   7.1444210e+06   2.9000000e+01
   7.1445340e+06   2.4000000e+01
   7.1445670e+06   2.2000000e+01
   7.1446230e+06   2.3000000e+01
   7.1447520e+06   2.3000000e+01
   7.1450300e+06   2.2000000e+01
   7.1450920e+06   2.2000000e+01
   7.1462230e+06   2.2000000e+01
   7.1464150e+06   2.1000000e+01
   7.1467490e+06   2.3000000e+01
   7.1477580e+06   2.1000000e+01
   7.1835170e+06   2.6000000e+01
   7.1872500e+06   2.5000000e+01
   7.1878400e+06   2.2000000e+01
   7.1932180e+06   2.2000000e+01
   7.1939770e+06   2.6000000e+01
   7.1947160e+06   2.3000000e+01
   7.1949360e+06   2.9000000e+01
   7.1953450e+06   2.3000000e+01
   7.1957590e+06   2.2000000e+01
   7.1959350e+06   2.2000000e+01
   7.1961300e+06   2.4000000e+01
   7.1966990e+06   2.3000000e+01
   7.1971510e+06   2.4000000e+01
   7.1972100e+06   2.2000000e+01
   7.2094320e+06   2.1000000e+01
   7.2272800e+06   2.1000000e+01
   7.2363280e+06   2.2000000e+01
   7.2369490e+06   2.2000000e+01
   7.4151510e+06   2.1000000e+01
   7.4162540e+06   2.3000000e+01
   7.4249310e+06   2.3000000e+01
   7.4256970e+06   2.4000000e+01
   7.4264360e+06   2.1000000e+01
   7.4270720e+06   2.1000000e+01
   7.4271490e+06   2.2000000e+01
   7.4281510e+06   2.1000000e+01
   7.4585910e+06   2.5000000e+01
   7.5034840e+06   2.5000000e+01
   7.5035200e+06   2.3000000e+01
   7.5045580e+06   2.1000000e+01
   7.5049390e+06   2.8000000e+01
   7.5052700e+06   2.3000000e+01
   7.5102710e+06   2.1000000e+01
