   7.5250000e+06   0.0000000e+00
   7.3484000e+04   2.1000000e+01
   4.0112900e+05   2.1000000e+01
   4.6748300e+05   2.2000000e+01
   6.4030300e+05   2.2000000e+01
   6.4062900e+05   2.1000000e+01
   6.4151400e+05   2.5000000e+01
   6.4389600e+05   2.2000000e+01
   6.4437100e+05   2.1000000e+01
   6.4528900e+05   2.1000000e+01
   6.4566300e+05   2.4000000e+01
   6.4629000e+05   2.1000000e+01
   7.3194100e+05   2.2000000e+01
   8.4125000e+05   2.2000000e+01
   1.0816610e+06   2.1000000e+01
   1.0820760e+06   2.4000000e+01
   1.0823200e+06   2.4000000e+01
   1.0834730e+06   2.1000000e+01
   1.0904020e+06   2.1000000e+01
   1.2271090e+06   2.3000000e+01
   1.3317920e+06   2.1000000e+01
   1.3513670e+06   2.2000000e+01
   1.5546650e+06   2.5000000e+01
   1.5553710e+06   2.1000000e+01
   1.5554050e+06   2.2000000e+01
   1.5805420e+06   2.1000000e+01
   1.8169720e+06   2.1000000e+01
   1.8180630e+06   2.5000000e+01
   1.8181390e+06   2.4000000e+01
   1.8181790e+06   3.3000000e+01
   1.8182120e+06   3.0000000e+01
   1.8182730e+06   3.1000000e+01
   1.8183830e+06   2.2000000e+01
   1.8184860e+06   2.4000000e+01
   1.8185950e+06   3.6000000e+01
   1.8189360e+06   2.3000000e+01
   1.8189870e+06   2.5000000e+01
   1.8193310e+06   2.2000000e+01
   1.8193880e+06   2.2000000e+01
   1.8195150e+06   2.1000000e+01
   1.8199120e+06   2.2000000e+01
   1.8200040e+06   3.1000000e+01
   1.8201570e+06   2.1000000e+01
   1.8202150e+06   2.4000000e+01
   1.8206020e+06   3.0000000e+01
   1.8208440e+06   2.2000000e+01
   1.8216350e+06   2.1000000e+01
   1.8218340e+06   2.2000000e+01
   1.8234110e+06   2.3000000e+01
   1.8245560e+06   2.3000000e+01
   1.8771840e+06   2.2000000e+01
   1.8856340e+06   2.2000000e+01
   1.9488100e+06   2.1000000e+01
   2.1579830e+06   2.1000000e+01
   2.1745670e+06   2.3000000e+01
   2.1749020e+06   2.1000000e+01
   2.1751270e+06   2.1000000e+01
   2.5145020e+06   2.2000000e+01
   2.5179060e+06   2.2000000e+01
   2.6677330e+06   2.4000000e+01
   2.6680450e+06   2.2000000e+01
   2.6683900e+06   3.7000000e+01
   2.7495390e+06   2.1000000e+01
   2.7516010e+06   2.3000000e+01
   2.8616390e+06   3.0000000e+01
   2.8621660e+06   2.8000000e+01
   2.8638040e+06   2.1000000e+01
   2.8641570e+06   2.3000000e+01
   3.0615750e+06   2.2000000e+01
   3.1059840e+06   2.1000000e+01
   3.1080550e+06   2.4000000e+01
   3.1104930e+06   2.1000000e+01
   3.2330030e+06   2.1000000e+01
   3.2342360e+06   2.2000000e+01
   3.4185010e+06   2.3000000e+01
   3.4213420e+06   2.2000000e+01
   3.4227450e+06   2.2000000e+01
   3.4229450e+06   2.1000000e+01
   3.4243790e+06   2.2000000e+01
   3.4244270e+06   2.4000000e+01
   3.4251520e+06   2.1000000e+01
   3.4534440e+06   2.1000000e+01
   3.4536700e+06   2.1000000e+01
   3.4635890e+06   2.3000000e+01
   3.4645540e+06   2.1000000e+01
   3.4646530e+06   2.3000000e+01
   3.4650340e+06   2.1000000e+01
   3.4651020e+06   2.2000000e+01
   3.4654270e+06   2.4000000e+01
   3.4655480e+06   2.1000000e+01
   3.4658570e+06   2.1000000e+01
   3.4660300e+06   3.3000000e+01
   3.4662760e+06   2.3000000e+01
   3.4663070e+06   3.0000000e+01
   3.4676680e+06   2.2000000e+01
   3.4680780e+06   2.3000000e+01
   3.4682270e+06   2.1000000e+01
   3.5621360e+06   2.4000000e+01
   3.7953860e+06   2.5000000e+01
   3.7954420e+06   2.1000000e+01
   3.7974100e+06   2.3000000e+01
   3.9493820e+06   3.2000000e+01
   3.9513960e+06   2.1000000e+01
   3.9808580e+06   2.1000000e+01
   3.9824830e+06   2.1000000e+01
   4.0426000e+06   2.1000000e+01
   4.2334140e+06   2.2000000e+01
   4.2344050e+06   2.1000000e+01
   4.2348960e+06   2.3000000e+01
   4.2349880e+06   2.4000000e+01
   4.2351910e+06   2.3000000e+01
   4.2354070e+06   2.8000000e+01
   4.2359370e+06   2.2000000e+01
   4.2359910e+06   2.3000000e+01
   4.3037370e+06   2.2000000e+01
   4.3039770e+06   2.2000000e+01
   4.3043470e+06   2.2000000e+01
   4.3066730e+06   2.3000000e+01
   4.3084240e+06   2.5000000e+01
   4.3915360e+06   2.1000000e+01
   4.3926020e+06   2.4000000e+01
   4.3928460e+06   2.3000000e+01
   4.3934450e+06   2.1000000e+01
   4.6316060e+06   2.2000000e+01
   4.6747380e+06   2.2000000e+01
   4.6751170e+06   2.3000000e+01
   4.6760860e+06   2.1000000e+01
   4.6761310e+06   2.2000000e+01
   4.6764140e+06   2.1000000e+01
   4.6766270e+06   3.1000000e+01
   4.6770100e+06   2.1000000e+01
   4.6771720e+06   2.2000000e+01
   4.6782120e+06   2.6000000e+01
   4.6795190e+06   2.1000000e+01
   4.6812220e+06   2.3000000e+01
   4.8729990e+06   2.2000000e+01
   4.8733930e+06   2.1000000e+01
   4.8745320e+06   2.3000000e+01
   4.8746540e+06   2.2000000e+01
   4.8747540e+06   2.2000000e+01
   4.8753210e+06   2.2000000e+01
   4.8754880e+06   2.6000000e+01
   4.8756510e+06   2.2000000e+01
   4.8767600e+06   2.1000000e+01
   4.8771750e+06   2.1000000e+01
   4.9345470e+06   2.2000000e+01
   4.9395660e+06   2.1000000e+01
   5.0262460e+06   2.3000000e+01
   5.0582290e+06   2.1000000e+01
   5.0589760e+06   2.1000000e+01
   5.0604890e+06   2.3000000e+01
   5.0888310e+06   2.2000000e+01
   5.0894030e+06   2.1000000e+01
   5.0900690e+06   2.1000000e+01
   5.0970290e+06   2.4000000e+01
   5.0981880e+06   2.2000000e+01
   5.0992870e+06   2.1000000e+01
   5.1858810e+06   2.2000000e+01
   5.2531370e+06   2.6000000e+01
   5.2912300e+06   2.5000000e+01
   5.2935500e+06   2.2000000e+01
   5.2944100e+06   2.1000000e+01
   5.3698900e+06   2.6000000e+01
   5.3715270e+06   2.2000000e+01
   5.3718490e+06   2.3000000e+01
   5.4095420e+06   2.1000000e+01
   5.4347710e+06   2.2000000e+01
   5.4361530e+06   2.3000000e+01
   5.4366490e+06   2.2000000e+01
   5.5030000e+06   2.1000000e+01
   5.5713140e+06   2.1000000e+01
   5.5766710e+06   2.2000000e+01
   5.6330810e+06   2.1000000e+01
   5.6335140e+06   2.4000000e+01
   5.6351560e+06   2.3000000e+01
   5.7003080e+06   2.1000000e+01
   5.7006640e+06   2.1000000e+01
   5.7009510e+06   2.2000000e+01
   5.7014500e+06   2.1000000e+01
   5.7015630e+06   2.5000000e+01
   5.7354490e+06   2.5000000e+01
   5.7560040e+06   2.1000000e+01
   5.7606950e+06   2.2000000e+01
   5.8182000e+06   2.3000000e+01
   5.8187010e+06   2.2000000e+01
   5.8475060e+06   2.2000000e+01
   5.8483120e+06   2.3000000e+01
   5.9968360e+06   2.6000000e+01
   6.0041170e+06   2.1000000e+01
   6.0053710e+06   2.2000000e+01
   6.0648200e+06   2.2000000e+01
   6.0667710e+06   2.1000000e+01
   6.0685070e+06   2.2000000e+01
   6.1200750e+06   2.5000000e+01
   6.2962500e+06   2.2000000e+01
   6.2991440e+06   2.2000000e+01
   6.4507940e+06   2.6000000e+01
   6.4538720e+06   2.3000000e+01
   6.5763580e+06   2.1000000e+01
   6.5848700e+06   2.1000000e+01
   6.5855380e+06   2.1000000e+01
   6.5856650e+06   2.9000000e+01
   6.5857450e+06   2.1000000e+01
   6.5860660e+06   2.6000000e+01
   6.5861520e+06   2.4000000e+01
   6.5861830e+06   2.4000000e+01
   6.5868270e+06   2.6000000e+01
   6.5875820e+06   2.1000000e+01
   6.5876200e+06   2.1000000e+01
   6.5878680e+06   2.1000000e+01
   6.6785150e+06   2.2000000e+01
   6.6822450e+06   2.1000000e+01
   6.6822860e+06   2.2000000e+01
   6.6825270e+06   2.7000000e+01
   6.8165370e+06   2.3000000e+01
   6.8172500e+06   2.1000000e+01
   6.8177050e+06   2.5000000e+01
   6.8178080e+06   2.7000000e+01
   6.8180650e+06   2.2000000e+01
   6.8183440e+06   2.2000000e+01
   6.8191920e+06   2.3000000e+01
   6.8820470e+06   3.0000000e+01
   6.8821670e+06   2.3000000e+01
   6.8822730e+06   2.4000000e+01
   6.8833330e+06   2.5000000e+01
   6.8859240e+06   2.2000000e+01
   7.1444200e+06   2.5000000e+01
   7.1445260e+06   2.1000000e+01
   7.1447350e+06   2.1000000e+01
   7.1450290e+06   2.3000000e+01
   7.1450930e+06   2.2000000e+01
   7.1464160e+06   2.1000000e+01
   7.1467150e+06   2.1000000e+01
   7.1872560e+06   2.1000000e+01
   7.1938870e+06   2.2000000e+01
   7.1939760e+06   2.1000000e+01
   7.1947160e+06   2.1000000e+01
   7.1949160e+06   2.9000000e+01
   7.1956210e+06   2.1000000e+01
   7.1957590e+06   2.1000000e+01
   7.1972110e+06   2.1000000e+01
   7.1979710e+06   2.1000000e+01
   7.4151590e+06   2.6000000e+01
   7.4162530e+06   2.1000000e+01
   7.4263980e+06   2.1000000e+01
   7.4270930e+06   2.1000000e+01
   7.4275110e+06   2.1000000e+01
   7.4585920e+06   2.5000000e+01
   7.5035060e+06   2.4000000e+01
   7.5049400e+06   2.4000000e+01
   7.5052700e+06   2.5000000e+01
