   7.5250000e+06   0.0000000e+00
   6.2344000e+04   2.1000000e+01
   7.3481000e+04   2.2000000e+01
   3.4900500e+05   2.3000000e+01
   3.7798300e+05   2.1000000e+01
   3.7976800e+05   2.3000000e+01
   3.8064800e+05   2.1000000e+01
   6.3917500e+05   2.2000000e+01
   6.4027800e+05   2.5000000e+01
   6.4062900e+05   2.2000000e+01
   6.4151400e+05   2.4000000e+01
   6.4247800e+05   2.1000000e+01
   6.4529500e+05   2.1000000e+01
   6.4566300e+05   2.4000000e+01
   6.4626000e+05   2.2000000e+01
   6.6345800e+05   2.1000000e+01
   8.2170300e+05   2.1000000e+01
   8.4124500e+05   2.4000000e+01
   9.9045700e+05   2.1000000e+01
   1.0795110e+06   2.1000000e+01
   1.0820590e+06   2.1000000e+01
   1.0822300e+06   2.2000000e+01
   1.0823210e+06   2.2000000e+01
   1.0834730e+06   2.1000000e+01
   1.0835030e+06   2.1000000e+01
   1.0839650e+06   2.3000000e+01
   1.1014500e+06   2.1000000e+01
   1.2271100e+06   2.3000000e+01
   1.3512470e+06   2.3000000e+01
   1.3513680e+06   2.5000000e+01
   1.3529720e+06   2.2000000e+01
   1.3530210e+06   2.1000000e+01
   1.5060190e+06   2.2000000e+01
   1.5546110e+06   2.1000000e+01
   1.5546630e+06   2.6000000e+01
   1.5553690e+06   2.2000000e+01
   1.5574210e+06   2.4000000e+01
   1.8179220e+06   2.2000000e+01
   1.8179650e+06   2.1000000e+01
   1.8180610e+06   2.1000000e+01
   1.8180940e+06   2.3000000e+01
   1.8181700e+06   2.1000000e+01
   1.8182120e+06   2.2000000e+01
   1.8182420e+06   2.4000000e+01
   1.8182800e+06   3.5000000e+01
   1.8183810e+06   2.3000000e+01
   1.8184700e+06   2.6000000e+01
   1.8185940e+06   3.1000000e+01
   1.8189500e+06   2.5000000e+01
   1.8189880e+06   2.1000000e+01
   1.8194320e+06   2.3000000e+01
   1.8195140e+06   2.1000000e+01
   1.8197330e+06   2.2000000e+01
   1.8200030e+06   3.1000000e+01
   1.8200410e+06   2.1000000e+01
   1.8201580e+06   2.1000000e+01
   1.8202250e+06   3.0000000e+01
   1.8206010e+06   2.4000000e+01
   1.8206420e+06   2.4000000e+01
   1.8207190e+06   2.1000000e+01
   1.8208810e+06   2.3000000e+01
   1.8215870e+06   2.3000000e+01
   1.8218350e+06   2.4000000e+01
   1.8226100e+06   2.6000000e+01
   1.8233910e+06   2.1000000e+01
   1.8480310e+06   2.1000000e+01
   1.8525110e+06   2.3000000e+01
   1.8771840e+06   2.1000000e+01
   2.1745680e+06   2.3000000e+01
   2.1748990e+06   2.2000000e+01
   2.1751280e+06   2.2000000e+01
   2.1753820e+06   2.2000000e+01
   2.1754410e+06   2.4000000e+01
   2.1754810e+06   2.4000000e+01
   2.1763730e+06   2.1000000e+01
   2.1995590e+06   2.1000000e+01
   2.2011050e+06   2.1000000e+01
   2.2061100e+06   2.1000000e+01
   2.3223810e+06   2.4000000e+01
   2.3816230e+06   2.1000000e+01
   2.5133140e+06   2.3000000e+01
   2.5144430e+06   2.1000000e+01
   2.5145000e+06   2.1000000e+01
   2.5147960e+06   2.1000000e+01
   2.5193580e+06   2.5000000e+01
   2.6512190e+06   2.1000000e+01
   2.6677320e+06   2.3000000e+01
   2.6680390e+06   2.2000000e+01
   2.6680890e+06   2.2000000e+01
   2.6683630e+06   2.6000000e+01
   2.6684120e+06   2.1000000e+01
   2.6700760e+06   2.2000000e+01
   2.7515790e+06   2.2000000e+01
   2.8404220e+06   2.1000000e+01
   2.8616390e+06   2.6000000e+01
   2.8618940e+06   2.2000000e+01
   2.8621660e+06   2.9000000e+01
   2.8638500e+06   2.2000000e+01
   2.8655530e+06   2.6000000e+01
   2.8655950e+06   2.2000000e+01
   3.0615750e+06   2.1000000e+01
   3.1059660e+06   2.1000000e+01
   3.1080510e+06   2.2000000e+01
   3.1092330e+06   2.3000000e+01
   3.1104920e+06   2.2000000e+01
   3.1115070e+06   2.5000000e+01
   3.1313290e+06   2.1000000e+01
   3.2336790e+06   2.1000000e+01
   3.2341210e+06   2.1000000e+01
   3.2342370e+06   2.3000000e+01
   3.3471430e+06   2.1000000e+01
   3.3899340e+06   2.1000000e+01
   3.4219440e+06   2.2000000e+01
   3.4222860e+06   2.2000000e+01
   3.4229450e+06   2.1000000e+01
   3.4244170e+06   2.1000000e+01
   3.4251520e+06   2.5000000e+01
   3.4253940e+06   2.4000000e+01
   3.4529260e+06   2.3000000e+01
   3.4534440e+06   2.2000000e+01
   3.4628750e+06   2.1000000e+01
   3.4642180e+06   2.2000000e+01
   3.4646530e+06   2.1000000e+01
   3.4648100e+06   2.1000000e+01
   3.4651020e+06   2.5000000e+01
   3.4652520e+06   2.2000000e+01
   3.4654080e+06   2.7000000e+01
   3.4654480e+06   2.7000000e+01
   3.4658530e+06   2.2000000e+01
   3.4660090e+06   2.4000000e+01
   3.4662760e+06   2.2000000e+01
   3.4663420e+06   2.1000000e+01
   3.4665130e+06   2.1000000e+01
   3.4668170e+06   2.2000000e+01
   3.4676710e+06   2.3000000e+01
   3.4680780e+06   2.4000000e+01
   3.4682290e+06   2.2000000e+01
   3.5621350e+06   2.5000000e+01
   3.5635320e+06   2.1000000e+01
   3.5645970e+06   2.2000000e+01
   3.5822390e+06   2.1000000e+01
   3.5843510e+06   2.1000000e+01
   3.7953850e+06   2.6000000e+01
   3.7954390e+06   2.4000000e+01
   3.7955960e+06   2.2000000e+01
   3.8188020e+06   2.1000000e+01
   3.9493620e+06   3.4000000e+01
   3.9493880e+06   2.5000000e+01
   3.9513730e+06   2.1000000e+01
   3.9553140e+06   2.2000000e+01
   3.9715940e+06   2.1000000e+01
   3.9825080e+06   2.2000000e+01
   4.0426010e+06   2.1000000e+01
   4.2334140e+06   2.3000000e+01
   4.2346500e+06   2.1000000e+01
   4.2349010e+06   2.3000000e+01
   4.2349880e+06   2.1000000e+01
   4.2351910e+06   2.3000000e+01
   4.2352690e+06   2.1000000e+01
   4.2354100e+06   3.3000000e+01
   4.2602040e+06   2.3000000e+01
   4.3037370e+06   2.1000000e+01
   4.3039770e+06   2.5000000e+01
   4.3042070e+06   2.7000000e+01
   4.3043330e+06   2.2000000e+01
   4.3051290e+06   2.5000000e+01
   4.3066940e+06   2.2000000e+01
   4.3375060e+06   2.1000000e+01
   4.3926020e+06   2.2000000e+01
   4.3928460e+06   2.1000000e+01
   4.4841250e+06   2.1000000e+01
   4.6316060e+06   2.1000000e+01
   4.6751310e+06   2.1000000e+01
   4.6760910e+06   2.3000000e+01
   4.6761290e+06   2.1000000e+01
   4.6764140e+06   2.4000000e+01
   4.6766270e+06   2.8000000e+01
   4.6770080e+06   2.2000000e+01
   4.6771600e+06   2.3000000e+01
   4.6776940e+06   2.1000000e+01
   4.6778330e+06   2.1000000e+01
   4.6781820e+06   2.1000000e+01
   4.6782120e+06   2.1000000e+01
   4.6793490e+06   2.2000000e+01
   4.6794330e+06   2.1000000e+01
   4.6812220e+06   2.3000000e+01
   4.8181810e+06   2.1000000e+01
   4.8729830e+06   2.1000000e+01
   4.8733930e+06   2.3000000e+01
   4.8745270e+06   2.1000000e+01
   4.8746590e+06   2.3000000e+01
   4.8747540e+06   2.2000000e+01
   4.8753200e+06   2.2000000e+01
   4.8754880e+06   2.4000000e+01
   4.8756520e+06   2.4000000e+01
   4.8762690e+06   2.2000000e+01
   4.8771760e+06   2.2000000e+01
   4.8778010e+06   2.1000000e+01
   4.9065760e+06   2.1000000e+01
   4.9339100e+06   2.3000000e+01
   4.9345250e+06   2.1000000e+01
   4.9345650e+06   2.2000000e+01
   4.9395420e+06   2.4000000e+01
   4.9669250e+06   2.3000000e+01
   5.0504100e+06   2.2000000e+01
   5.0582230e+06   2.1000000e+01
   5.0600760e+06   2.3000000e+01
   5.0604900e+06   2.1000000e+01
   5.0607810e+06   2.3000000e+01
   5.0888340e+06   2.4000000e+01
   5.0892890e+06   2.1000000e+01
   5.0894020e+06   2.4000000e+01
   5.0901050e+06   2.1000000e+01
   5.0967960e+06   2.2000000e+01
   5.0970290e+06   2.3000000e+01
   5.0980160e+06   2.3000000e+01
   5.0981880e+06   2.1000000e+01
   5.0982680e+06   2.2000000e+01
   5.0992570e+06   2.5000000e+01
   5.1858800e+06   2.2000000e+01
   5.2507220e+06   2.1000000e+01
   5.2531370e+06   2.8000000e+01
   5.2547030e+06   2.1000000e+01
   5.2902510e+06   2.4000000e+01
   5.2904400e+06   2.2000000e+01
   5.2912330e+06   2.7000000e+01
   5.2929420e+06   2.1000000e+01
   5.2935290e+06   2.4000000e+01
   5.3173490e+06   2.3000000e+01
   5.3698910e+06   2.1000000e+01
   5.3715510e+06   2.4000000e+01
   5.3721850e+06   2.2000000e+01
   5.3730110e+06   2.2000000e+01
   5.3817130e+06   2.1000000e+01
   5.4094790e+06   2.1000000e+01
   5.4095420e+06   2.2000000e+01
   5.4347700e+06   2.3000000e+01
   5.4361520e+06   2.1000000e+01
   5.4988380e+06   2.2000000e+01
   5.4990770e+06   2.1000000e+01
   5.4995210e+06   2.1000000e+01
   5.5766710e+06   2.1000000e+01
   5.6330800e+06   2.2000000e+01
   5.6335140e+06   2.1000000e+01
   5.6335430e+06   2.2000000e+01
   5.6351560e+06   2.1000000e+01
   5.7003130e+06   2.6000000e+01
   5.7006640e+06   2.2000000e+01
   5.7014500e+06   2.2000000e+01
   5.7015630e+06   2.4000000e+01
   5.7016230e+06   2.2000000e+01
   5.7023640e+06   2.2000000e+01
   5.7025810e+06   2.2000000e+01
   5.7048410e+06   2.2000000e+01
   5.7354490e+06   2.2000000e+01
   5.7378630e+06   2.4000000e+01
   5.7426950e+06   2.2000000e+01
   5.7579530e+06   2.2000000e+01
   5.7606690e+06   2.4000000e+01
   5.8178890e+06   2.3000000e+01
   5.8179570e+06   2.1000000e+01
   5.8182010e+06   2.5000000e+01
   5.8187010e+06   2.2000000e+01
   5.8188780e+06   2.3000000e+01
   5.8443320e+06   2.1000000e+01
   5.8483120e+06   2.4000000e+01
   5.8485190e+06   2.1000000e+01
   5.9174200e+06   2.1000000e+01
   5.9974670e+06   2.1000000e+01
   6.0041180e+06   2.4000000e+01
   6.0046190e+06   2.2000000e+01
   6.0667720e+06   2.1000000e+01
   6.0673090e+06   2.1000000e+01
   6.0684840e+06   2.2000000e+01
   6.1765090e+06   2.1000000e+01
   6.1779030e+06   2.1000000e+01
   6.2907810e+06   2.1000000e+01
   6.2926510e+06   2.1000000e+01
   6.2962490e+06   2.5000000e+01
   6.2962970e+06   2.2000000e+01
   6.2967180e+06   2.2000000e+01
   6.2977090e+06   2.3000000e+01
   6.2988510e+06   2.3000000e+01
   6.2998740e+06   2.1000000e+01
   6.3013790e+06   2.2000000e+01
   6.4490920e+06   2.2000000e+01
   6.4507940e+06   2.2000000e+01
   6.5329680e+06   2.4000000e+01
   6.5842800e+06   2.2000000e+01
   6.5848690e+06   2.1000000e+01
   6.5853700e+06   2.2000000e+01
   6.5855380e+06   2.1000000e+01
   6.5856650e+06   2.2000000e+01
   6.5857450e+06   2.4000000e+01
   6.5860640e+06   2.4000000e+01
   6.5861530e+06   2.2000000e+01
   6.5861830e+06   2.3000000e+01
   6.5868250e+06   2.3000000e+01
   6.5871600e+06   2.3000000e+01
   6.5876180e+06   2.3000000e+01
   6.5877010e+06   2.1000000e+01
   6.5878680e+06   2.2000000e+01
   6.5880890e+06   2.1000000e+01
   6.5888930e+06   2.1000000e+01
   6.6274330e+06   2.3000000e+01
   6.6550040e+06   2.1000000e+01
   6.6590790e+06   2.2000000e+01
   6.6794100e+06   2.1000000e+01
   6.6817260e+06   2.2000000e+01
   6.6822460e+06   2.5000000e+01
   6.6823150e+06   2.7000000e+01
   6.6825270e+06   2.4000000e+01
   6.8165370e+06   2.1000000e+01
   6.8168830e+06   2.1000000e+01
   6.8169940e+06   2.1000000e+01
   6.8172530e+06   2.1000000e+01
   6.8176990e+06   2.5000000e+01
   6.8178080e+06   2.9000000e+01
   6.8180650e+06   2.7000000e+01
   6.8189820e+06   2.1000000e+01
   6.8191920e+06   2.3000000e+01
   6.8812910e+06   2.1000000e+01
   6.8820470e+06   2.9000000e+01
   6.8820720e+06   2.4000000e+01
   6.8822730e+06   2.6000000e+01
   6.8827790e+06   2.1000000e+01
   6.8833270e+06   2.1000000e+01
   6.8833860e+06   2.3000000e+01
   6.8859300e+06   2.5000000e+01
   7.0205640e+06   2.1000000e+01
   7.0269550e+06   2.1000000e+01
   7.1439570e+06   2.1000000e+01
   7.1444210e+06   2.5000000e+01
   7.1445260e+06   2.6000000e+01
   7.1447520e+06   2.2000000e+01
   7.1450300e+06   2.3000000e+01
   7.1450930e+06   2.3000000e+01
   7.1456530e+06   2.2000000e+01
   7.1464060e+06   2.2000000e+01
   7.1471100e+06   2.1000000e+01
   7.1614970e+06   2.1000000e+01
   7.1835170e+06   2.2000000e+01
   7.1872570e+06   2.1000000e+01
   7.1878150e+06   2.2000000e+01
   7.1932180e+06   2.3000000e+01
   7.1939760e+06   2.1000000e+01
   7.1949150e+06   2.1000000e+01
   7.1953250e+06   2.2000000e+01
   7.1956050e+06   2.2000000e+01
   7.1957580e+06   2.1000000e+01
   7.1972310e+06   2.2000000e+01
   7.2369490e+06   2.1000000e+01
   7.4144190e+06   2.2000000e+01
   7.4151590e+06   2.3000000e+01
   7.4162540e+06   2.4000000e+01
   7.4255520e+06   2.1000000e+01
   7.4264530e+06   2.1000000e+01
   7.4538320e+06   2.3000000e+01
   7.4585900e+06   2.3000000e+01
   7.5031650e+06   2.2000000e+01
   7.5034840e+06   2.2000000e+01
   7.5039250e+06   2.2000000e+01
   7.5049400e+06   2.5000000e+01
   7.5052480e+06   2.1000000e+01
   7.5053580e+06   2.2000000e+01
   7.5094200e+06   2.3000000e+01
