   7.5000000e+06   0.0000000e+00
   2.5394000e+04   2.1000000e+01
   4.4289000e+04   2.7000000e+01
   5.9303000e+04   2.5000000e+01
   7.3940000e+04   2.3000000e+01
   8.8216000e+04   2.5000000e+01
   1.0447700e+05   1.9000000e+01
   1.0543100e+05   8.0000000e+01
   1.0546300e+05   2.9000000e+01
   1.0622200e+05   2.1000000e+01
   1.0627900e+05   2.0000000e+01
   1.0646400e+05   1.9000000e+01
   1.0655400e+05   7.5000000e+01
   1.0660100e+05   2.1000000e+01
   1.0667800e+05   3.2000000e+01
   1.0671200e+05   4.9000000e+01
   1.0676400e+05   2.5000000e+01
   1.0681400e+05   1.8000000e+01
   1.0689800e+05   2.4000000e+01
   1.0702100e+05   1.8000000e+01
   1.0712900e+05   2.6000000e+01
   1.0716900e+05   1.8000000e+01
   1.0729600e+05   2.5000000e+01
   1.0736300e+05   2.1000000e+01
   1.0741800e+05   3.8000000e+01
   1.0746100e+05   4.8000000e+01
   1.0753300e+05   1.8000000e+01
   1.0756500e+05   3.4000000e+01
   1.0765300e+05   2.5000000e+01
   1.0768500e+05   2.4000000e+01
   1.0772500e+05   2.2000000e+01
   1.0783200e+05   1.9000000e+01
   1.0793700e+05   2.0000000e+01
   1.0799700e+05   3.1000000e+01
   1.0806800e+05   1.8000000e+01
   1.0812700e+05   3.5000000e+01
   1.0816400e+05   2.9000000e+01
   1.0823100e+05   1.9000000e+01
   1.0834100e+05   2.1000000e+01
   1.0844000e+05   1.8000000e+01
   1.0852800e+05   2.2000000e+01
   1.0857800e+05   1.8000000e+01
   1.0860700e+05   7.8000000e+01
   1.0865600e+05   2.4000000e+01
   1.0874100e+05   1.9000000e+01
   1.0880700e+05   1.9000000e+01
   1.0888000e+05   2.2000000e+01
   1.0892600e+05   4.7000000e+01
   1.0902500e+05   2.0000000e+01
   1.0905200e+05   2.1000000e+01
   1.0918300e+05   3.4000000e+01
   1.0922600e+05   2.2000000e+01
   1.0929000e+05   2.6000000e+01
   1.0932200e+05   1.9000000e+01
   1.0937300e+05   2.6000000e+01
   1.0941100e+05   2.2000000e+01
   1.0969300e+05   2.9000000e+01
   1.0973500e+05   1.8000000e+01
   1.0995400e+05   2.1000000e+01
   1.1003600e+05   2.1000000e+01
   1.1009600e+05   2.8000000e+01
   1.1013300e+05   3.5000000e+01
   1.1057400e+05   2.6000000e+01
   1.1086000e+05   2.2000000e+01
   1.1091500e+05   1.8000000e+01
   1.1101100e+05   3.0000000e+01
   1.1104400e+05   3.4000000e+01
   1.1118200e+05   1.8000000e+01
   1.1141000e+05   2.3000000e+01
   1.1148800e+05   1.9000000e+01
   1.1156600e+05   2.2000000e+01
   1.1166900e+05   3.1000000e+01
   1.1194500e+05   2.6000000e+01
   1.1210200e+05   1.8000000e+01
   1.1215700e+05   2.4000000e+01
   1.1233900e+05   3.1000000e+01
   1.1237700e+05   1.9000000e+01
   1.1295000e+05   3.5000000e+01
   1.1308700e+05   1.8000000e+01
   1.1320300e+05   1.8000000e+01
   1.1331700e+05   2.2000000e+01
   1.1410800e+05   2.1000000e+01
   1.1414300e+05   5.4000000e+01
   1.1418300e+05   2.9000000e+01
   1.1472100e+05   2.5000000e+01
   1.1477400e+05   4.0000000e+01
   1.1480000e+05   1.9000000e+01
   1.1582900e+05   2.6000000e+01
   1.1607100e+05   1.8000000e+01
   1.1721800e+05   1.8000000e+01
   1.1744200e+05   2.6000000e+01
   1.2004000e+05   3.7000000e+01
   1.2007700e+05   2.0000000e+01
   1.2015800e+05   2.3000000e+01
   1.2193100e+05   1.8000000e+01
   1.2216900e+05   1.8000000e+01
   1.2364200e+05   2.1000000e+01
   1.2427400e+05   4.2000000e+01
   1.2432400e+05   2.1000000e+01
   1.2454500e+05   1.8000000e+01
   1.2880900e+05   5.5000000e+01
   1.2885700e+05   2.6000000e+01
   1.2907000e+05   1.8000000e+01
   1.2921900e+05   1.8000000e+01
   1.2977700e+05   2.2000000e+01
   1.9396900e+05   1.8000000e+01
   2.4931500e+05   2.4000000e+01
   2.4934200e+05   1.8000000e+01
   2.7267800e+05   2.4000000e+01
   2.9923300e+05   3.1000000e+01
   2.9931200e+05   2.2000000e+01
   2.9946900e+05   5.5000000e+01
   2.9950700e+05   3.0000000e+01
   2.9957100e+05   2.0000000e+01
   2.9967500e+05   1.8000000e+01
   2.9971100e+05   2.7000000e+01
   2.9981000e+05   2.3000000e+01
   2.9993200e+05   2.1000000e+01
   2.9997300e+05   2.6000000e+01
   3.0002400e+05   3.1000000e+01
   3.0009100e+05   1.9000000e+01
   3.0023400e+05   1.8000000e+01
   3.0032700e+05   2.2000000e+01
   3.0038200e+05   1.8000000e+01
   3.0041800e+05   1.8000000e+01
   3.0048500e+05   2.6000000e+01
   3.0051500e+05   2.1000000e+01
   3.0057700e+05   2.7000000e+01
   3.0060800e+05   9.4000000e+01
   3.0064600e+05   2.5000000e+01
   3.0073800e+05   2.8000000e+01
   3.0078200e+05   3.6000000e+01
   3.0084900e+05   2.5000000e+01
   3.0092300e+05   2.8000000e+01
   3.0094800e+05   2.5000000e+01
   3.0106200e+05   1.8000000e+01
   3.0113400e+05   2.5000000e+01
   3.0118500e+05   2.9000000e+01
   3.0122300e+05   1.8000000e+01
   3.0142700e+05   1.9000000e+01
   3.0149100e+05   2.3000000e+01
   3.0154500e+05   5.3000000e+01
   3.0162000e+05   2.1000000e+01
   3.0168500e+05   1.8000000e+01
   3.0176500e+05   1.8000000e+01
   3.0179100e+05   2.7000000e+01
   3.0187000e+05   2.3000000e+01
   3.0206300e+05   5.7000000e+01
   3.0212300e+05   3.7000000e+01
   3.0229100e+05   2.0000000e+01
   3.0245900e+05   1.8000000e+01
   3.0248800e+05   1.8000000e+01
   3.0256500e+05   1.8000000e+01
   3.0264700e+05   3.2000000e+01
   3.0269900e+05   2.2000000e+01
   3.0273800e+05   1.8000000e+01
   3.0288600e+05   1.8000000e+01
   3.0294400e+05   6.4000000e+01
   3.0299800e+05   3.1000000e+01
   3.0307300e+05   2.2000000e+01
   3.0310600e+05   2.4000000e+01
   3.0329200e+05   2.7000000e+01
   3.0333700e+05   2.1000000e+01
   3.0346400e+05   1.8000000e+01
   3.0362000e+05   2.4000000e+01
   3.0378500e+05   2.0000000e+01
   3.0385200e+05   3.8000000e+01
   3.0423100e+05   1.9000000e+01
   3.0431700e+05   2.6000000e+01
   3.0435400e+05   1.9000000e+01
   3.0479900e+05   1.9000000e+01
   3.0487200e+05   3.3000000e+01
   3.0494000e+05   2.2000000e+01
   3.0553700e+05   1.8000000e+01
   3.0561200e+05   3.5000000e+01
   3.0570600e+05   6.2000000e+01
   3.0573600e+05   3.0000000e+01
   3.0599000e+05   1.9000000e+01
   3.0610800e+05   2.2000000e+01
   3.0621300e+05   1.8000000e+01
   3.0643400e+05   2.1000000e+01
   3.0673800e+05   1.8000000e+01
   3.0747200e+05   3.2000000e+01
   3.0751900e+05   1.9000000e+01
   3.0858700e+05   2.1000000e+01
   3.0924500e+05   2.2000000e+01
   3.0949000e+05   3.3000000e+01
   3.0977600e+05   2.1000000e+01
   3.0983000e+05   3.7000000e+01
   3.0988600e+05   1.9000000e+01
   3.1030100e+05   1.8000000e+01
   3.1185400e+05   5.7000000e+01
   3.1190500e+05   2.6000000e+01
   3.1222000e+05   1.9000000e+01
   3.1408600e+05   2.4000000e+01
   3.1573300e+05   1.9000000e+01
   3.1607100e+05   1.8000000e+01
   3.1737100e+05   1.9000000e+01
   3.1758300e+05   6.2000000e+01
   3.1761800e+05   1.8000000e+01
   3.1764900e+05   2.5000000e+01
   4.4828000e+05   1.9000000e+01
   5.2112100e+05   2.7000000e+01
   5.4546900e+05   1.9000000e+01
   5.4982700e+05   2.9000000e+01
   5.6626200e+05   3.0000000e+01
   5.8893000e+05   2.6000000e+01
   6.0663200e+05   2.6000000e+01
   6.2181200e+05   1.8000000e+01
   6.2271100e+05   2.2000000e+01
   6.2433400e+05   2.0000000e+01
   6.2474700e+05   1.8000000e+01
   6.2483000e+05   3.6000000e+01
   6.2488400e+05   1.9000000e+01
   6.2497600e+05   2.2000000e+01
   6.2509700e+05   2.1000000e+01
   6.2518000e+05   3.6000000e+01
   6.2525300e+05   2.2000000e+01
   6.2529100e+05   2.3000000e+01
   6.2535400e+05   2.1000000e+01
   6.2540600e+05   3.1000000e+01
   6.2560100e+05   2.8000000e+01
   6.2565500e+05   1.8000000e+01
   6.2569900e+05   1.8000000e+01
   6.2580700e+05   8.4000000e+01
   6.2584700e+05   3.5000000e+01
   6.2593800e+05   4.3000000e+01
   6.2601500e+05   2.7000000e+01
   6.2606500e+05   2.0000000e+01
   6.2622400e+05   2.2000000e+01
   6.2626900e+05   3.2000000e+01
   6.2633100e+05   1.9000000e+01
   6.2638900e+05   2.4000000e+01
   6.2642100e+05   2.1000000e+01
   6.2651400e+05   2.3000000e+01
   6.2655000e+05   1.9000000e+01
   6.2664400e+05   3.6000000e+01
   6.2668700e+05   1.9000000e+01
   6.2675300e+05   8.4000000e+01
   6.2681300e+05   2.5000000e+01
   6.2689400e+05   1.9000000e+01
   6.2700900e+05   1.9000000e+01
   6.2710700e+05   2.7000000e+01
   6.2713800e+05   3.6000000e+01
   6.2718600e+05   1.8000000e+01
   6.2727100e+05   2.3000000e+01
   6.2745800e+05   2.0000000e+01
   6.2753000e+05   3.5000000e+01
   6.2760300e+05   8.1000000e+01
   6.2763600e+05   2.2000000e+01
   6.2776200e+05   2.0000000e+01
   6.2793000e+05   2.6000000e+01
   6.2798400e+05   1.8000000e+01
   6.2816100e+05   1.8000000e+01
   6.2835500e+05   3.9000000e+01
   6.2838200e+05   2.0000000e+01
   6.2863800e+05   1.9000000e+01
   6.2896400e+05   2.9000000e+01
   6.2900300e+05   5.9000000e+01
   6.2904000e+05   2.1000000e+01
   6.2907300e+05   2.3000000e+01
   6.2919500e+05   2.5000000e+01
   6.2929400e+05   1.9000000e+01
   6.2949200e+05   2.1000000e+01
   6.2956500e+05   4.1000000e+01
   6.2959200e+05   2.9000000e+01
   6.2965800e+05   2.6000000e+01
   6.2972200e+05   2.4000000e+01
   6.2978800e+05   1.9000000e+01
   6.3010000e+05   2.4000000e+01
   6.3013800e+05   3.3000000e+01
   6.3037300e+05   1.8000000e+01
   6.3072900e+05   3.1000000e+01
   6.3076600e+05   3.8000000e+01
   6.3081500e+05   1.9000000e+01
   6.3091400e+05   1.8000000e+01
   6.3160300e+05   3.3000000e+01
   6.3181500e+05   2.3000000e+01
   6.3210200e+05   2.1000000e+01
   6.3221800e+05   1.9000000e+01
   6.3254100e+05   2.5000000e+01
   6.3434800e+05   1.8000000e+01
   6.3452300e+05   3.0000000e+01
   6.3465500e+05   2.2000000e+01
   6.3702000e+05   1.8000000e+01
   6.3865500e+05   2.0000000e+01
   6.4238600e+05   1.9000000e+01
   6.4272800e+05   1.9000000e+01
   6.4319400e+05   2.1000000e+01
   6.4404600e+05   2.3000000e+01
   6.4440700e+05   2.0000000e+01
   6.4461700e+05   1.8000000e+01
   6.4542400e+05   5.9000000e+01
   6.4545900e+05   2.2000000e+01
   6.4549900e+05   1.8000000e+01
   7.5489700e+05   2.5000000e+01
   8.1142200e+05   2.3000000e+01
   8.3246500e+05   2.4000000e+01
   8.4802400e+05   2.1000000e+01
   8.6382300e+05   2.1000000e+01
   8.7609800e+05   1.9000000e+01
   8.7711900e+05   1.8000000e+01
   8.7758600e+05   1.9000000e+01
   8.7790600e+05   2.0000000e+01
   8.7828700e+05   2.0000000e+01
   8.7853900e+05   3.4000000e+01
   8.7862000e+05   2.6000000e+01
   8.7875600e+05   3.1000000e+01
   8.7878600e+05   1.9000000e+01
   8.7886500e+05   2.8000000e+01
   8.7892600e+05   1.8000000e+01
   8.7899200e+05   1.8000000e+01
   8.7907200e+05   3.3000000e+01
   8.7924500e+05   2.5000000e+01
   8.7930500e+05   4.3000000e+01
   8.7937200e+05   3.2000000e+01
   8.7945200e+05   2.4000000e+01
   8.7952500e+05   3.0000000e+01
   8.7959000e+05   2.1000000e+01
   8.7966700e+05   7.4000000e+01
   8.7973100e+05   2.7000000e+01
   8.7982400e+05   1.8000000e+01
   8.7993300e+05   2.0000000e+01
   8.8011400e+05   1.8000000e+01
   8.8015900e+05   2.1000000e+01
   8.8025200e+05   2.5000000e+01
   8.8032400e+05   3.1000000e+01
   8.8040600e+05   7.2000000e+01
   8.8045100e+05   1.9000000e+01
   8.8048500e+05   2.7000000e+01
   8.8054000e+05   1.8000000e+01
   8.8059300e+05   2.1000000e+01
   8.8067400e+05   2.4000000e+01
   8.8070300e+05   2.2000000e+01
   8.8078000e+05   2.4000000e+01
   8.8082400e+05   2.1000000e+01
   8.8090900e+05   2.8000000e+01
   8.8094700e+05   2.3000000e+01
   8.8106500e+05   2.0000000e+01
   8.8111400e+05   2.0000000e+01
   8.8114900e+05   2.6000000e+01
   8.8122200e+05   2.4000000e+01
   8.8127100e+05   2.0000000e+01
   8.8134200e+05   2.4000000e+01
   8.8139700e+05   1.9000000e+01
   8.8146500e+05   1.8000000e+01
   8.8153500e+05   1.8000000e+01
   8.8171500e+05   2.8000000e+01
   8.8178200e+05   4.0000000e+01
   8.8190800e+05   1.8000000e+01
   8.8197000e+05   1.9000000e+01
   8.8204400e+05   7.0000000e+01
   8.8208000e+05   1.9000000e+01
   8.8213100e+05   1.8000000e+01
   8.8225000e+05   3.0000000e+01
   8.8233800e+05   1.8000000e+01
   8.8241400e+05   2.0000000e+01
   8.8244200e+05   1.8000000e+01
   8.8266100e+05   2.2000000e+01
   8.8272800e+05   3.4000000e+01
   8.8277400e+05   1.8000000e+01
   8.8288100e+05   2.0000000e+01
   8.8320400e+05   3.1000000e+01
   8.8323000e+05   1.8000000e+01
   8.8359700e+05   1.8000000e+01
   8.8362600e+05   1.8000000e+01
   8.8367700e+05   2.4000000e+01
   8.8372100e+05   2.9000000e+01
   8.8405100e+05   2.1000000e+01
   8.8420200e+05   2.2000000e+01
   8.8451700e+05   1.9000000e+01
   8.8487500e+05   2.5000000e+01
   8.8492100e+05   8.1000000e+01
   8.8496700e+05   1.8000000e+01
   8.8499400e+05   4.7000000e+01
   8.8551200e+05   2.2000000e+01
   8.8587500e+05   2.0000000e+01
   8.8632200e+05   1.8000000e+01
   8.8673400e+05   3.0000000e+01
   8.8728100e+05   2.5000000e+01
   8.8828700e+05   2.3000000e+01
   8.8832300e+05   2.8000000e+01
   8.8925700e+05   2.4000000e+01
   8.8929000e+05   3.3000000e+01
   8.8960600e+05   1.9000000e+01
   8.9173500e+05   2.2000000e+01
   8.9213100e+05   4.9000000e+01
   8.9216900e+05   3.0000000e+01
   8.9294000e+05   1.9000000e+01
   8.9328100e+05   1.8000000e+01
   8.9333600e+05   1.9000000e+01
   8.9364500e+05   2.5000000e+01
   8.9369600e+05   2.0000000e+01
   8.9405700e+05   2.5000000e+01
   8.9408200e+05   3.2000000e+01
   1.0574220e+06   2.4000000e+01
   1.0807100e+06   2.8000000e+01
   1.0928300e+06   2.5000000e+01
   1.1135680e+06   2.5000000e+01
   1.1358030e+06   2.6000000e+01
   1.1480710e+06   2.2000000e+01
   1.1608410e+06   2.5000000e+01
   1.1731690e+06   2.3000000e+01
   1.1815830e+06   1.8000000e+01
   1.1818440e+06   1.8000000e+01
   1.1818930e+06   1.8000000e+01
   1.1821990e+06   2.1000000e+01
   1.1823870e+06   3.9000000e+01
   1.1825360e+06   3.9000000e+01
   1.1826250e+06   3.4000000e+01
   1.1827500e+06   2.2000000e+01
   1.1828170e+06   1.8000000e+01
   1.1829690e+06   2.0000000e+01
   1.1830630e+06   2.0000000e+01
   1.1830970e+06   2.9000000e+01
   1.1832080e+06   2.1000000e+01
   1.1832450e+06   2.5000000e+01
   1.1833130e+06   3.9000000e+01
   1.1834030e+06   2.5000000e+01
   1.1834480e+06   3.6000000e+01
   1.1834980e+06   2.1000000e+01
   1.1835480e+06   2.2000000e+01
   1.1836100e+06   9.6000000e+01
   1.1836610e+06   6.3000000e+01
   1.1836870e+06   3.0000000e+01
   1.1837810e+06   1.8000000e+01
   1.1838490e+06   2.7000000e+01
   1.1839100e+06   4.3000000e+01
   1.1839720e+06   1.9000000e+01
   1.1840500e+06   1.9000000e+01
   1.1841520e+06   2.2000000e+01
   1.1842020e+06   7.5000000e+01
   1.1842540e+06   2.3000000e+01
   1.1843520e+06   2.4000000e+01
   1.1844300e+06   2.0000000e+01
   1.1846010e+06   1.8000000e+01
   1.1846420e+06   2.2000000e+01
   1.1846830e+06   2.7000000e+01
   1.1848060e+06   1.8000000e+01
   1.1848510e+06   2.5000000e+01
   1.1849290e+06   2.3000000e+01
   1.1850960e+06   3.0000000e+01
   1.1851780e+06   1.9000000e+01
   1.1852460e+06   8.4000000e+01
   1.1852890e+06   1.8000000e+01
   1.1853360e+06   2.1000000e+01
   1.1854230e+06   2.1000000e+01
   1.1854850e+06   1.8000000e+01
   1.1855210e+06   2.1000000e+01
   1.1856060e+06   2.3000000e+01
   1.1857710e+06   1.8000000e+01
   1.1860850e+06   2.3000000e+01
   1.1861190e+06   3.9000000e+01
   1.1862050e+06   2.0000000e+01
   1.1864350e+06   1.8000000e+01
   1.1865050e+06   4.6000000e+01
   1.1865470e+06   1.8000000e+01
   1.1867130e+06   2.1000000e+01
   1.1870390e+06   5.0000000e+01
   1.1870870e+06   4.3000000e+01
   1.1873120e+06   2.3000000e+01
   1.1874720e+06   1.9000000e+01
   1.1875460e+06   2.3000000e+01
   1.1880510e+06   1.9000000e+01
   1.1888430e+06   2.5000000e+01
   1.1888810e+06   2.8000000e+01
   1.1891730e+06   1.8000000e+01
   1.1892500e+06   2.8000000e+01
   1.1892980e+06   2.0000000e+01
   1.1893860e+06   2.3000000e+01
   1.1898530e+06   2.2000000e+01
   1.1903410e+06   1.9000000e+01
   1.1904250e+06   1.8000000e+01
   1.1906430e+06   2.8000000e+01
   1.1909240e+06   2.2000000e+01
   1.1914710e+06   2.0000000e+01
   1.1925460e+06   2.2000000e+01
   1.1925940e+06   2.8000000e+01
   1.1930700e+06   2.1000000e+01
   1.1934610e+06   2.9000000e+01
   1.1935360e+06   2.2000000e+01
   1.1943470e+06   2.2000000e+01
   1.1949910e+06   1.9000000e+01
   1.1962830e+06   1.9000000e+01
   1.1964680e+06   2.2000000e+01
   1.1965220e+06   3.3000000e+01
   1.1971370e+06   1.8000000e+01
   1.1975400e+06   2.7000000e+01
   1.1990340e+06   1.9000000e+01
   1.2003980e+06   1.8000000e+01
   1.2005510e+06   2.2000000e+01
   1.2013520e+06   2.7000000e+01
   1.2014260e+06   2.8000000e+01
   1.2014600e+06   1.9000000e+01
   1.2021180e+06   1.9000000e+01
   1.2022300e+06   2.0000000e+01
   1.2023580e+06   2.1000000e+01
   1.2024340e+06   3.2000000e+01
   1.2024980e+06   2.1000000e+01
   1.2025800e+06   1.8000000e+01
   1.2026370e+06   1.8000000e+01
   1.2028210e+06   3.1000000e+01
   1.2028760e+06   4.5000000e+01
   1.2031630e+06   1.9000000e+01
   1.2033470e+06   2.1000000e+01
   1.2041790e+06   1.9000000e+01
   1.2045310e+06   2.7000000e+01
   1.2057880e+06   3.1000000e+01
   1.2070120e+06   2.3000000e+01
   1.2071710e+06   2.0000000e+01
   1.2075170e+06   1.9000000e+01
   1.2081070e+06   2.4000000e+01
   1.2094260e+06   2.0000000e+01
   1.2098700e+06   1.9000000e+01
   1.2099630e+06   1.8000000e+01
   1.2105530e+06   6.7000000e+01
   1.2105970e+06   2.1000000e+01
   1.2106310e+06   2.3000000e+01
   1.2108780e+06   2.3000000e+01
   1.2109100e+06   1.9000000e+01
   1.2122940e+06   2.6000000e+01
   1.2124010e+06   1.9000000e+01
   1.2133930e+06   2.2000000e+01
   1.2136380e+06   1.9000000e+01
   1.2137410e+06   1.8000000e+01
   1.2152410e+06   6.0000000e+01
   1.2152780e+06   2.6000000e+01
   1.2153710e+06   1.8000000e+01
   1.2159550e+06   2.8000000e+01
   1.2172810e+06   2.0000000e+01
   1.2900860e+06   1.8000000e+01
   1.3682310e+06   2.4000000e+01
   1.3942260e+06   3.1000000e+01
   1.4296250e+06   2.5000000e+01
   1.4655800e+06   2.7000000e+01
   1.4844850e+06   2.2000000e+01
   1.5051370e+06   2.6000000e+01
   1.5257550e+06   2.7000000e+01
   1.5400930e+06   1.9000000e+01
   1.5402550e+06   1.8000000e+01
   1.5404320e+06   2.0000000e+01
   1.5406770e+06   2.1000000e+01
   1.5409930e+06   1.8000000e+01
   1.5411760e+06   2.0000000e+01
   1.5414570e+06   1.9000000e+01
   1.5415930e+06   3.5000000e+01
   1.5416220e+06   1.8000000e+01
   1.5416880e+06   3.6000000e+01
   1.5417590e+06   2.3000000e+01
   1.5418640e+06   2.0000000e+01
   1.5419170e+06   1.9000000e+01
   1.5419730e+06   2.4000000e+01
   1.5419990e+06   2.5000000e+01
   1.5420910e+06   2.1000000e+01
   1.5421280e+06   2.1000000e+01
   1.5422300e+06   1.9000000e+01
   1.5423340e+06   2.4000000e+01
   1.5423590e+06   1.9000000e+01
   1.5424160e+06   1.8000000e+01
   1.5425620e+06   2.8000000e+01
   1.5426020e+06   6.5000000e+01
   1.5426380e+06   3.2000000e+01
   1.5427480e+06   2.1000000e+01
   1.5428330e+06   2.8000000e+01
   1.5428970e+06   7.7000000e+01
   1.5429230e+06   3.6000000e+01
   1.5430100e+06   2.6000000e+01
   1.5430760e+06   3.7000000e+01
   1.5431720e+06   2.0000000e+01
   1.5432710e+06   2.5000000e+01
   1.5433830e+06   1.8000000e+01
   1.5434960e+06   2.6000000e+01
   1.5435310e+06   4.0000000e+01
   1.5436080e+06   2.4000000e+01
   1.5437280e+06   1.8000000e+01
   1.5439110e+06   2.0000000e+01
   1.5440060e+06   2.7000000e+01
   1.5440560e+06   3.8000000e+01
   1.5441930e+06   2.4000000e+01
   1.5442750e+06   1.8000000e+01
   1.5443800e+06   2.0000000e+01
   1.5444520e+06   2.3000000e+01
   1.5444910e+06   8.1000000e+01
   1.5445380e+06   2.7000000e+01
   1.5446730e+06   2.3000000e+01
   1.5448300e+06   3.1000000e+01
   1.5449140e+06   2.0000000e+01
   1.5450030e+06   1.8000000e+01
   1.5451070e+06   1.8000000e+01
   1.5451640e+06   2.0000000e+01
   1.5452550e+06   2.0000000e+01
   1.5453090e+06   2.7000000e+01
   1.5453680e+06   3.2000000e+01
   1.5454440e+06   2.6000000e+01
   1.5454920e+06   1.9000000e+01
   1.5458070e+06   3.2000000e+01
   1.5458340e+06   2.7000000e+01
   1.5460830e+06   1.8000000e+01
   1.5463420e+06   1.8000000e+01
   1.5465730e+06   3.3000000e+01
   1.5466370e+06   2.0000000e+01
   1.5467280e+06   1.9000000e+01
   1.5467950e+06   1.9000000e+01
   1.5473030e+06   2.1000000e+01
   1.5473610e+06   3.6000000e+01
   1.5474060e+06   1.9000000e+01
   1.5480440e+06   2.7000000e+01
   1.5483120e+06   2.0000000e+01
   1.5484120e+06   2.7000000e+01
   1.5484420e+06   2.8000000e+01
   1.5490210e+06   2.2000000e+01
   1.5495540e+06   2.0000000e+01
   1.5500580e+06   2.2000000e+01
   1.5502080e+06   3.1000000e+01
   1.5502370e+06   3.1000000e+01
   1.5506460e+06   1.9000000e+01
   1.5512570e+06   2.3000000e+01
   1.5516720e+06   1.8000000e+01
   1.5523580e+06   1.9000000e+01
   1.5525410e+06   1.8000000e+01
   1.5529800e+06   1.9000000e+01
   1.5532000e+06   1.8000000e+01
   1.5532250e+06   4.1000000e+01
   1.5536330e+06   2.3000000e+01
   1.5536680e+06   2.4000000e+01
   1.5540450e+06   2.0000000e+01
   1.5541190e+06   3.4000000e+01
   1.5552410e+06   2.6000000e+01
   1.5553390e+06   2.2000000e+01
   1.5561580e+06   2.2000000e+01
   1.5575410e+06   1.9000000e+01
   1.5580520e+06   2.6000000e+01
   1.5588950e+06   2.0000000e+01
   1.5608860e+06   2.3000000e+01
   1.5617900e+06   2.3000000e+01
   1.5640580e+06   1.9000000e+01
   1.5646660e+06   1.8000000e+01
   1.5648610e+06   2.0000000e+01
   1.5658480e+06   1.8000000e+01
   1.5659630e+06   1.8000000e+01
   1.5660980e+06   1.8000000e+01
   1.5662240e+06   1.8000000e+01
   1.5689190e+06   2.4000000e+01
   1.5724350e+06   2.1000000e+01
   1.6690450e+06   2.4000000e+01
   1.6796220e+06   1.8000000e+01
   1.6800060e+06   1.9000000e+01
   1.6801170e+06   2.0000000e+01
   1.6807690e+06   2.1000000e+01
   1.6819630e+06   1.8000000e+01
   1.6826860e+06   2.7000000e+01
   1.6828500e+06   1.9000000e+01
   1.6829480e+06   1.9000000e+01
   1.6829920e+06   1.9000000e+01
   1.6831270e+06   8.4000000e+01
   1.6831780e+06   2.5000000e+01
   1.6832510e+06   3.3000000e+01
   1.6833390e+06   3.1000000e+01
   1.6833920e+06   3.0000000e+01
   1.6835270e+06   1.9000000e+01
   1.6835820e+06   2.0000000e+01
   1.6836140e+06   5.7000000e+01
   1.6836540e+06   2.8000000e+01
   1.6837490e+06   1.8000000e+01
   1.6838050e+06   5.5000000e+01
   1.6839980e+06   2.7000000e+01
   1.6840350e+06   2.0000000e+01
   1.6840860e+06   3.2000000e+01
   1.6841540e+06   1.9000000e+01
   1.6841810e+06   1.8000000e+01
   1.6842410e+06   1.8000000e+01
   1.6844100e+06   1.8000000e+01
   1.6844810e+06   1.8000000e+01
   1.6845320e+06   3.4000000e+01
   1.6845770e+06   2.1000000e+01
   1.6846400e+06   2.0000000e+01
   1.6847860e+06   2.0000000e+01
   1.6848740e+06   1.9000000e+01
   1.6849980e+06   2.4000000e+01
   1.6850680e+06   3.2000000e+01
   1.6850970e+06   3.0000000e+01
   1.6852480e+06   2.2000000e+01
   1.6853240e+06   1.8000000e+01
   1.6853990e+06   1.9000000e+01
   1.6854640e+06   1.8000000e+01
   1.6856240e+06   2.7000000e+01
   1.6857040e+06   2.1000000e+01
   1.6859000e+06   8.0000000e+01
   1.6859560e+06   4.2000000e+01
   1.6860060e+06   3.6000000e+01
   1.6860660e+06   2.2000000e+01
   1.6861180e+06   2.1000000e+01
   1.6864700e+06   2.1000000e+01
   1.6865710e+06   2.2000000e+01
   1.6866940e+06   2.4000000e+01
   1.6869580e+06   1.8000000e+01
   1.6870520e+06   2.0000000e+01
   1.6870810e+06   1.9000000e+01
   1.6872000e+06   2.0000000e+01
   1.6875340e+06   2.2000000e+01
   1.6878750e+06   2.4000000e+01
   1.6881600e+06   1.8000000e+01
   1.6885360e+06   1.8000000e+01
   1.6894360e+06   1.9000000e+01
   1.6894970e+06   2.0000000e+01
   1.6896210e+06   1.9000000e+01
   1.6896550e+06   2.4000000e+01
   1.6897640e+06   2.1000000e+01
   1.6899600e+06   2.0000000e+01
   1.6900820e+06   1.9000000e+01
   1.6902350e+06   1.9000000e+01
   1.6913490e+06   1.8000000e+01
   1.6924020e+06   2.3000000e+01
   1.6925790e+06   1.8000000e+01
   1.6931120e+06   1.8000000e+01
   1.6939440e+06   1.9000000e+01
   1.6955810e+06   1.8000000e+01
   1.6963300e+06   1.8000000e+01
   1.6979820e+06   2.3000000e+01
   1.6993950e+06   1.8000000e+01
   1.6994550e+06   3.3000000e+01
   1.7719000e+06   2.8000000e+01
   1.7988340e+06   2.3000000e+01
   1.8353700e+06   2.8000000e+01
   1.8583740e+06   2.6000000e+01
   1.8609660e+06   1.8000000e+01
   1.8863470e+06   2.4000000e+01
   1.8985390e+06   2.8000000e+01
   1.9143170e+06   2.4000000e+01
   1.9445590e+06   2.3000000e+01
   1.9446000e+06   1.8000000e+01
   1.9667150e+06   3.3000000e+01
   1.9852220e+06   2.0000000e+01
   2.0018350e+06   2.3000000e+01
   2.0196150e+06   2.2000000e+01
   2.0344830e+06   2.5000000e+01
   2.0487760e+06   2.1000000e+01
   2.0581450e+06   2.4000000e+01
   2.0682930e+06   1.8000000e+01
   2.0684430e+06   1.9000000e+01
   2.0685790e+06   2.5000000e+01
   2.0687880e+06   1.9000000e+01
   2.0691900e+06   4.1000000e+01
   2.0692600e+06   2.4000000e+01
   2.0693530e+06   4.2000000e+01
   2.0693920e+06   2.1000000e+01
   2.0694720e+06   2.5000000e+01
   2.0695480e+06   1.9000000e+01
   2.0696190e+06   2.0000000e+01
   2.0696620e+06   2.3000000e+01
   2.0697850e+06   3.5000000e+01
   2.0698640e+06   2.9000000e+01
   2.0699620e+06   1.9000000e+01
   2.0699910e+06   3.5000000e+01
   2.0700770e+06   2.1000000e+01
   2.0701410e+06   1.8000000e+01
   2.0701810e+06   3.5000000e+01
   2.0702430e+06   3.0000000e+01
   2.0702880e+06   2.5000000e+01
   2.0703280e+06   1.0700000e+02
   2.0703990e+06   2.4000000e+01
   2.0704440e+06   2.2000000e+01
   2.0704880e+06   2.9000000e+01
   2.0705590e+06   2.1000000e+01
   2.0706530e+06   1.8000000e+01
   2.0707120e+06   4.1000000e+01
   2.0707590e+06   1.8000000e+01
   2.0708070e+06   2.9000000e+01
   2.0708400e+06   2.8000000e+01
   2.0709070e+06   2.2000000e+01
   2.0709420e+06   9.8000000e+01
   2.0710100e+06   2.2000000e+01
   2.0710370e+06   2.7000000e+01
   2.0711280e+06   2.2000000e+01
   2.0712710e+06   3.6000000e+01
   2.0713750e+06   2.1000000e+01
   2.0714410e+06   2.2000000e+01
   2.0715240e+06   2.3000000e+01
   2.0716760e+06   3.4000000e+01
   2.0717510e+06   3.4000000e+01
   2.0718110e+06   2.0000000e+01
   2.0719440e+06   1.8000000e+01
   2.0720080e+06   2.3000000e+01
   2.0720700e+06   7.2000000e+01
   2.0721160e+06   2.1000000e+01
   2.0722290e+06   1.8000000e+01
   2.0724730e+06   3.2000000e+01
   2.0726490e+06   2.6000000e+01
   2.0726800e+06   2.6000000e+01
   2.0728200e+06   2.4000000e+01
   2.0728970e+06   2.7000000e+01
   2.0729860e+06   3.2000000e+01
   2.0731170e+06   1.8000000e+01
   2.0731900e+06   2.4000000e+01
   2.0732330e+06   1.8000000e+01
   2.0733780e+06   3.0000000e+01
   2.0734450e+06   1.8000000e+01
   2.0737430e+06   1.9000000e+01
   2.0737920e+06   4.7000000e+01
   2.0743650e+06   6.8000000e+01
   2.0744000e+06   2.7000000e+01
   2.0744780e+06   1.8000000e+01
   2.0746030e+06   1.9000000e+01
   2.0747560e+06   2.8000000e+01
   2.0751520e+06   2.2000000e+01
   2.0752100e+06   3.3000000e+01
   2.0752390e+06   2.8000000e+01
   2.0756100e+06   2.3000000e+01
   2.0757670e+06   1.9000000e+01
   2.0758230e+06   1.8000000e+01
   2.0759550e+06   1.8000000e+01
   2.0762980e+06   1.8000000e+01
   2.0763360e+06   2.7000000e+01
   2.0764170e+06   3.4000000e+01
   2.0764470e+06   1.8000000e+01
   2.0768660e+06   2.4000000e+01
   2.0769870e+06   1.8000000e+01
   2.0771950e+06   1.9000000e+01
   2.0773440e+06   1.8000000e+01
   2.0778180e+06   2.2000000e+01
   2.0778720e+06   2.2000000e+01
   2.0779190e+06   1.8000000e+01
   2.0782850e+06   2.5000000e+01
   2.0787510e+06   2.5000000e+01
   2.0794250e+06   2.0000000e+01
   2.0797770e+06   2.6000000e+01
   2.0798450e+06   2.7000000e+01
   2.0800890e+06   1.9000000e+01
   2.0803030e+06   3.1000000e+01
   2.0804010e+06   2.6000000e+01
   2.0806480e+06   1.8000000e+01
   2.0809080e+06   1.9000000e+01
   2.0810040e+06   2.2000000e+01
   2.0815360e+06   2.6000000e+01
   2.0819460e+06   2.2000000e+01
   2.0824460e+06   1.9000000e+01
   2.0829050e+06   1.8000000e+01
   2.0831910e+06   2.2000000e+01
   2.0839600e+06   2.2000000e+01
   2.0843100e+06   2.3000000e+01
   2.0846360e+06   1.8000000e+01
   2.0847160e+06   1.8000000e+01
   2.0850000e+06   2.2000000e+01
   2.0858820e+06   2.0000000e+01
   2.0865880e+06   1.8000000e+01
   2.0877460e+06   3.0000000e+01
   2.0882910e+06   2.0000000e+01
   2.0900240e+06   2.6000000e+01
   2.0900760e+06   1.9000000e+01
   2.0907700e+06   2.7000000e+01
   2.0911320e+06   2.1000000e+01
   2.0914160e+06   1.9000000e+01
   2.0914670e+06   2.2000000e+01
   2.0915490e+06   3.0000000e+01
   2.0917890e+06   1.9000000e+01
   2.0918440e+06   2.4000000e+01
   2.0919440e+06   1.8000000e+01
   2.0922160e+06   2.6000000e+01
   2.0925740e+06   1.9000000e+01
   2.0930890e+06   3.4000000e+01
   2.0933930e+06   2.0000000e+01
   2.0936340e+06   2.0000000e+01
   2.0937260e+06   1.9000000e+01
   2.0941470e+06   1.8000000e+01
   2.0950790e+06   3.3000000e+01
   2.0955590e+06   2.6000000e+01
   2.0957010e+06   3.2000000e+01
   2.0957900e+06   3.0000000e+01
   2.0977040e+06   2.1000000e+01
   2.0986040e+06   2.2000000e+01
   2.0993230e+06   1.8000000e+01
   2.0993480e+06   2.1000000e+01
   2.0994240e+06   2.9000000e+01
   2.1007090e+06   2.0000000e+01
   2.1027570e+06   2.3000000e+01
   2.2267250e+06   2.3000000e+01
   2.2931180e+06   2.9000000e+01
   2.3035150e+06   2.1000000e+01
   2.3140340e+06   1.8000000e+01
   2.3215470e+06   2.6000000e+01
   2.3494230e+06   2.4000000e+01
   2.3628200e+06   2.5000000e+01
   2.3773380e+06   2.6000000e+01
   2.3807190e+06   1.9000000e+01
   2.3812140e+06   2.0000000e+01
   2.3813500e+06   1.9000000e+01
   2.3827960e+06   2.1000000e+01
   2.3829840e+06   2.0000000e+01
   2.3834760e+06   2.2000000e+01
   2.3836560e+06   2.7000000e+01
   2.3837180e+06   1.8000000e+01
   2.3837600e+06   2.6000000e+01
   2.3838320e+06   3.9000000e+01
   2.3838650e+06   3.8000000e+01
   2.3839740e+06   3.0000000e+01
   2.3840270e+06   2.3000000e+01
   2.3840900e+06   2.1000000e+01
   2.3841550e+06   1.8000000e+01
   2.3841910e+06   1.0900000e+02
   2.3842240e+06   2.5000000e+01
   2.3843180e+06   2.0000000e+01
   2.3843950e+06   2.0000000e+01
   2.3844620e+06   2.1000000e+01
   2.3845090e+06   3.3000000e+01
   2.3846010e+06   2.7000000e+01
   2.3846830e+06   2.9000000e+01
   2.3847460e+06   4.4000000e+01
   2.3848240e+06   2.6000000e+01
   2.3849650e+06   2.0000000e+01
   2.3850360e+06   3.5000000e+01
   2.3850790e+06   4.0000000e+01
   2.3851590e+06   1.8000000e+01
   2.3852120e+06   2.8000000e+01
   2.3852890e+06   1.9000000e+01
   2.3853770e+06   2.5000000e+01
   2.3854130e+06   1.8000000e+01
   2.3854730e+06   2.1000000e+01
   2.3855170e+06   8.8000000e+01
   2.3855540e+06   2.6000000e+01
   2.3855930e+06   4.0000000e+01
   2.3856750e+06   2.1000000e+01
   2.3858160e+06   2.0000000e+01
   2.3858900e+06   2.4000000e+01
   2.3859540e+06   2.8000000e+01
   2.3859980e+06   1.9000000e+01
   2.3860570e+06   4.9000000e+01
   2.3861180e+06   3.2000000e+01
   2.3863430e+06   1.8000000e+01
   2.3863730e+06   1.9000000e+01
   2.3864820e+06   2.2000000e+01
   2.3865470e+06   2.0000000e+01
   2.3865920e+06   3.5000000e+01
   2.3866200e+06   1.9000000e+01
   2.3866910e+06   1.8000000e+01
   2.3868260e+06   2.1000000e+01
   2.3868770e+06   2.1000000e+01
   2.3869590e+06   2.4000000e+01
   2.3870900e+06   2.5000000e+01
   2.3872620e+06   2.1000000e+01
   2.3875100e+06   2.0000000e+01
   2.3875860e+06   2.8000000e+01
   2.3879070e+06   2.1000000e+01
   2.3880390e+06   2.0000000e+01
   2.3881350e+06   2.9000000e+01
   2.3881770e+06   4.0000000e+01
   2.3885650e+06   2.0000000e+01
   2.3889380e+06   2.2000000e+01
   2.3890150e+06   2.1000000e+01
   2.3892380e+06   1.9000000e+01
   2.3894350e+06   2.2000000e+01
   2.3897870e+06   2.9000000e+01
   2.3898170e+06   2.4000000e+01
   2.3901360e+06   2.3000000e+01
   2.3901730e+06   1.9000000e+01
   2.3908770e+06   2.2000000e+01
   2.3915010e+06   2.0000000e+01
   2.3919920e+06   2.8000000e+01
   2.3920590e+06   2.0000000e+01
   2.3924740e+06   1.8000000e+01
   2.3927320e+06   2.1000000e+01
   2.3927930e+06   1.8000000e+01
   2.3930900e+06   2.5000000e+01
   2.3937180e+06   2.2000000e+01
   2.3938500e+06   3.4000000e+01
   2.3938760e+06   1.9000000e+01
   2.3945570e+06   1.9000000e+01
   2.3952940e+06   2.3000000e+01
   2.3954170e+06   2.0000000e+01
   2.3960840e+06   2.3000000e+01
   2.3963730e+06   2.0000000e+01
   2.3964100e+06   2.1000000e+01
   2.3969450e+06   1.9000000e+01
   2.3975390e+06   3.8000000e+01
   2.3978320e+06   1.8000000e+01
   2.3980040e+06   2.3000000e+01
   2.3986620e+06   2.4000000e+01
   2.3990770e+06   2.0000000e+01
   2.3991740e+06   1.9000000e+01
   2.3996540e+06   2.0000000e+01
   2.4020250e+06   2.6000000e+01
   2.4028520e+06   1.9000000e+01
   2.4037210e+06   2.0000000e+01
   2.4064560e+06   2.0000000e+01
   2.5420310e+06   2.5000000e+01
   2.5658730e+06   2.9000000e+01
   2.5776780e+06   1.9000000e+01
   2.5777900e+06   1.8000000e+01
   2.5780950e+06   2.0000000e+01
   2.5782290e+06   1.9000000e+01
   2.5797050e+06   3.3000000e+01
   2.5799660e+06   2.6000000e+01
   2.5801290e+06   1.8000000e+01
   2.5803400e+06   1.8000000e+01
   2.5805360e+06   1.9000000e+01
   2.5805690e+06   1.8000000e+01
   2.5807100e+06   1.9000000e+01
   2.5808650e+06   1.9000000e+01
   2.5809440e+06   2.3000000e+01
   2.5810220e+06   2.1000000e+01
   2.5811130e+06   3.4000000e+01
   2.5811910e+06   4.2000000e+01
   2.5812260e+06   7.7000000e+01
   2.5813000e+06   2.7000000e+01
   2.5813500e+06   2.2000000e+01
   2.5814240e+06   1.8000000e+01
   2.5815130e+06   2.9000000e+01
   2.5816140e+06   2.0000000e+01
   2.5817020e+06   3.4000000e+01
   2.5817350e+06   2.0000000e+01
   2.5818020e+06   2.1000000e+01
   2.5818730e+06   3.6000000e+01
   2.5819190e+06   3.2000000e+01
   2.5820570e+06   2.1000000e+01
   2.5821110e+06   3.1000000e+01
   2.5821620e+06   2.5000000e+01
   2.5821880e+06   3.1000000e+01
   2.5822800e+06   2.2000000e+01
   2.5823090e+06   1.8000000e+01
   2.5825010e+06   1.8000000e+01
   2.5825640e+06   2.7000000e+01
   2.5826420e+06   3.9000000e+01
   2.5827540e+06   1.8000000e+01
   2.5828040e+06   2.4000000e+01
   2.5828750e+06   1.9000000e+01
   2.5830230e+06   1.8000000e+01
   2.5831110e+06   2.1000000e+01
   2.5832880e+06   2.7000000e+01
   2.5833730e+06   1.9000000e+01
   2.5834080e+06   3.6000000e+01
   2.5835480e+06   2.0000000e+01
   2.5837770e+06   3.7000000e+01
   2.5838920e+06   2.0000000e+01
   2.5840160e+06   1.8000000e+01
   2.5842050e+06   2.4000000e+01
   2.5844000e+06   3.3000000e+01
   2.5844570e+06   2.8000000e+01
   2.5845960e+06   2.1000000e+01
   2.5848220e+06   2.1000000e+01
   2.5849230e+06   3.0000000e+01
   2.5850330e+06   2.0000000e+01
   2.5852670e+06   2.2000000e+01
   2.5856200e+06   2.4000000e+01
   2.5857340e+06   2.8000000e+01
   2.5860060e+06   1.9000000e+01
   2.5862450e+06   2.5000000e+01
   2.5867060e+06   2.6000000e+01
   2.5867440e+06   3.6000000e+01
   2.5868580e+06   2.0000000e+01
   2.5872170e+06   2.1000000e+01
   2.5873150e+06   3.6000000e+01
   2.5881730e+06   1.8000000e+01
   2.5884390e+06   2.9000000e+01
   2.5893590e+06   2.2000000e+01
   2.5898130e+06   1.9000000e+01
   2.5904040e+06   2.1000000e+01
   2.5915210e+06   2.2000000e+01
   2.5922110e+06   1.9000000e+01
   2.5934480e+06   2.0000000e+01
   2.5940870e+06   2.5000000e+01
   2.5950420e+06   1.9000000e+01
   2.5961930e+06   2.2000000e+01
   2.5976640e+06   2.1000000e+01
   2.5991990e+06   2.9000000e+01
   2.6000400e+06   2.0000000e+01
   2.6013470e+06   2.3000000e+01
   2.6017990e+06   1.9000000e+01
   2.6023100e+06   2.4000000e+01
   2.6027940e+06   2.4000000e+01
   2.6033320e+06   2.2000000e+01
   2.6044140e+06   2.0000000e+01
   2.6783110e+06   2.6000000e+01
   2.7115990e+06   3.4000000e+01
   2.7250180e+06   2.5000000e+01
   2.7438550e+06   3.1000000e+01
   2.7739260e+06   2.7000000e+01
   2.7912130e+06   2.7000000e+01
   2.8086080e+06   2.5000000e+01
   2.8201340e+06   2.9000000e+01
   2.8339200e+06   2.8000000e+01
   2.8339480e+06   1.9000000e+01
   2.8497940e+06   2.4000000e+01
   2.8754410e+06   2.8000000e+01
   2.8882340e+06   2.7000000e+01
   2.9080430e+06   2.8000000e+01
   2.9247020e+06   2.5000000e+01
   2.9358420e+06   2.0000000e+01
   2.9358790e+06   4.0000000e+01
   2.9362180e+06   1.9000000e+01
   2.9388730e+06   2.1000000e+01
   2.9395470e+06   2.8000000e+01
   2.9402930e+06   1.8000000e+01
   2.9404320e+06   3.0000000e+01
   2.9405160e+06   2.5000000e+01
   2.9405770e+06   2.1000000e+01
   2.9406920e+06   1.8000000e+01
   2.9407680e+06   4.4000000e+01
   2.9408460e+06   2.6000000e+01
   2.9408940e+06   1.8000000e+01
   2.9410630e+06   2.6000000e+01
   2.9411190e+06   1.8000000e+01
   2.9411520e+06   1.8000000e+01
   2.9412280e+06   3.4000000e+01
   2.9413060e+06   3.0000000e+01
   2.9413500e+06   1.8000000e+01
   2.9413980e+06   2.3000000e+01
   2.9414430e+06   9.1000000e+01
   2.9414720e+06   4.1000000e+01
   2.9415280e+06   3.2000000e+01
   2.9415950e+06   1.8000000e+01
   2.9416670e+06   2.9000000e+01
   2.9416970e+06   2.5000000e+01
   2.9417810e+06   4.5000000e+01
   2.9418250e+06   2.0000000e+01
   2.9418850e+06   2.2000000e+01
   2.9419380e+06   3.0000000e+01
   2.9419860e+06   2.8000000e+01
   2.9420580e+06   3.1000000e+01
   2.9421260e+06   3.1000000e+01
   2.9421890e+06   2.4000000e+01
   2.9422140e+06   2.6000000e+01
   2.9423580e+06   1.8000000e+01
   2.9424160e+06   3.4000000e+01
   2.9424520e+06   1.9000000e+01
   2.9425230e+06   1.8000000e+01
   2.9425690e+06   1.8000000e+01
   2.9426240e+06   2.1000000e+01
   2.9426910e+06   2.8000000e+01
   2.9427340e+06   2.0000000e+01
   2.9428690e+06   2.0000000e+01
   2.9429650e+06   1.8000000e+01
   2.9430170e+06   4.2000000e+01
   2.9430820e+06   6.2000000e+01
   2.9431320e+06   1.9000000e+01
   2.9432100e+06   3.4000000e+01
   2.9432460e+06   2.2000000e+01
   2.9433810e+06   1.9000000e+01
   2.9434770e+06   4.0000000e+01
   2.9435360e+06   3.2000000e+01
   2.9436340e+06   2.3000000e+01
   2.9436910e+06   1.9000000e+01
   2.9437900e+06   1.9000000e+01
   2.9438700e+06   2.6000000e+01
   2.9440490e+06   2.3000000e+01
   2.9441920e+06   1.9000000e+01
   2.9442710e+06   4.7000000e+01
   2.9443010e+06   3.1000000e+01
   2.9443520e+06   2.4000000e+01
   2.9444280e+06   1.8000000e+01
   2.9447730e+06   2.2000000e+01
   2.9448660e+06   3.0000000e+01
   2.9448990e+06   1.8000000e+01
   2.9450440e+06   1.9000000e+01
   2.9451620e+06   1.8000000e+01
   2.9452740e+06   2.0000000e+01
   2.9453780e+06   6.0000000e+01
   2.9454270e+06   1.8000000e+01
   2.9454760e+06   2.2000000e+01
   2.9459330e+06   2.1000000e+01
   2.9461680e+06   2.3000000e+01
   2.9462070e+06   2.0000000e+01
   2.9462770e+06   1.8000000e+01
   2.9466620e+06   2.8000000e+01
   2.9469440e+06   1.9000000e+01
   2.9470900e+06   2.7000000e+01
   2.9471270e+06   2.5000000e+01
   2.9472460e+06   2.2000000e+01
   2.9474630e+06   2.0000000e+01
   2.9478170e+06   2.7000000e+01
   2.9479530e+06   1.8000000e+01
   2.9480680e+06   2.3000000e+01
   2.9481100e+06   2.7000000e+01
   2.9488450e+06   1.9000000e+01
   2.9491650e+06   2.0000000e+01
   2.9495560e+06   1.9000000e+01
   2.9496650e+06   2.9000000e+01
   2.9498990e+06   2.6000000e+01
   2.9500230e+06   1.9000000e+01
   2.9500630e+06   1.8000000e+01
   2.9501240e+06   1.8000000e+01
   2.9503170e+06   2.0000000e+01
   2.9504510e+06   2.4000000e+01
   2.9504760e+06   2.0000000e+01
   2.9511880e+06   1.8000000e+01
   2.9517940e+06   1.9000000e+01
   2.9519750e+06   1.8000000e+01
   2.9524320e+06   2.1000000e+01
   2.9527280e+06   1.8000000e+01
   2.9531230e+06   2.2000000e+01
   2.9531670e+06   1.8000000e+01
   2.9532380e+06   1.8000000e+01
   2.9532930e+06   2.4000000e+01
   2.9542320e+06   1.9000000e+01
   2.9550890e+06   2.1000000e+01
   2.9558100e+06   2.1000000e+01
   2.9567770e+06   1.9000000e+01
   2.9568640e+06   1.9000000e+01
   2.9575160e+06   2.5000000e+01
   2.9575720e+06   3.1000000e+01
   2.9583650e+06   2.1000000e+01
   2.9592720e+06   2.7000000e+01
   2.9595110e+06   2.0000000e+01
   2.9595990e+06   1.9000000e+01
   2.9598690e+06   2.3000000e+01
   2.9600700e+06   1.9000000e+01
   2.9603840e+06   2.0000000e+01
   2.9604250e+06   2.1000000e+01
   2.9607230e+06   3.1000000e+01
   2.9607510e+06   3.2000000e+01
   2.9608940e+06   1.8000000e+01
   2.9610430e+06   1.8000000e+01
   2.9610880e+06   2.0000000e+01
   2.9611970e+06   2.4000000e+01
   2.9612380e+06   2.7000000e+01
   2.9614370e+06   1.9000000e+01
   2.9616510e+06   2.3000000e+01
   2.9617110e+06   2.2000000e+01
   2.9620750e+06   2.9000000e+01
   2.9621540e+06   2.6000000e+01
   2.9627790e+06   2.8000000e+01
   2.9629200e+06   1.9000000e+01
   2.9630810e+06   2.3000000e+01
   2.9631630e+06   2.8000000e+01
   2.9632140e+06   2.9000000e+01
   2.9632760e+06   1.9000000e+01
   2.9636860e+06   2.0000000e+01
   2.9639700e+06   1.8000000e+01
   2.9640510e+06   3.3000000e+01
   2.9646890e+06   3.1000000e+01
   2.9647290e+06   3.9000000e+01
   2.9650920e+06   1.8000000e+01
   2.9652920e+06   2.4000000e+01
   2.9658680e+06   2.0000000e+01
   2.9659270e+06   3.6000000e+01
   2.9659640e+06   3.7000000e+01
   2.9660510e+06   1.9000000e+01
   2.9666820e+06   1.8000000e+01
   2.9674950e+06   2.5000000e+01
   2.9675370e+06   1.8000000e+01
   2.9680920e+06   3.2000000e+01
   2.9682150e+06   2.4000000e+01
   2.9683220e+06   2.3000000e+01
   2.9684530e+06   2.8000000e+01
   2.9685570e+06   1.8000000e+01
   2.9687090e+06   1.9000000e+01
   2.9691230e+06   3.0000000e+01
   2.9691950e+06   1.9000000e+01
   2.9709770e+06   1.8000000e+01
   2.9713330e+06   1.9000000e+01
   2.9730970e+06   2.4000000e+01
   2.9780000e+06   2.5000000e+01
   3.1254540e+06   2.4000000e+01
   3.1636930e+06   1.9000000e+01
   3.1639230e+06   1.9000000e+01
   3.1642400e+06   2.0000000e+01
   3.1656190e+06   2.1000000e+01
   3.1664460e+06   1.9000000e+01
   3.1666570e+06   1.9000000e+01
   3.1667430e+06   1.9000000e+01
   3.1671200e+06   1.9000000e+01
   3.1672490e+06   1.8000000e+01
   3.1673910e+06   3.7000000e+01
   3.1674380e+06   5.3000000e+01
   3.1677010e+06   2.0000000e+01
   3.1678480e+06   2.9000000e+01
   3.1678880e+06   3.0000000e+01
   3.1682200e+06   2.9000000e+01
   3.1682830e+06   3.4000000e+01
   3.1683520e+06   3.2000000e+01
   3.1683930e+06   3.7000000e+01
   3.1684520e+06   3.3000000e+01
   3.1684920e+06   1.8000000e+01
   3.1685600e+06   2.7000000e+01
   3.1687930e+06   2.9000000e+01
   3.1688260e+06   2.2000000e+01
   3.1689080e+06   2.1000000e+01
   3.1690120e+06   2.9000000e+01
   3.1690850e+06   1.8000000e+01
   3.1691740e+06   1.9000000e+01
   3.1692210e+06   1.8000000e+01
   3.1692930e+06   3.7000000e+01
   3.1693600e+06   9.7000000e+01
   3.1693920e+06   3.0000000e+01
   3.1694420e+06   1.8000000e+01
   3.1695390e+06   2.3000000e+01
   3.1696120e+06   2.1000000e+01
   3.1696730e+06   2.3000000e+01
   3.1698330e+06   2.0000000e+01
   3.1699740e+06   2.3000000e+01
   3.1700170e+06   2.2000000e+01
   3.1700810e+06   2.4000000e+01
   3.1701490e+06   2.8000000e+01
   3.1702200e+06   3.1000000e+01
   3.1704110e+06   1.8000000e+01
   3.1704540e+06   2.6000000e+01
   3.1706700e+06   2.4000000e+01
   3.1707450e+06   2.6000000e+01
   3.1708060e+06   2.8000000e+01
   3.1713120e+06   2.4000000e+01
   3.1713530e+06   2.2000000e+01
   3.1714580e+06   1.8000000e+01
   3.1715060e+06   3.1000000e+01
   3.1715920e+06   2.1000000e+01
   3.1716180e+06   2.2000000e+01
   3.1719400e+06   2.2000000e+01
   3.1720220e+06   3.4000000e+01
   3.1724110e+06   2.2000000e+01
   3.1725220e+06   1.9000000e+01
   3.1725810e+06   2.1000000e+01
   3.1726620e+06   2.3000000e+01
   3.1728870e+06   2.0000000e+01
   3.1734940e+06   1.9000000e+01
   3.1741280e+06   2.1000000e+01
   3.1743220e+06   3.2000000e+01
   3.1746840e+06   2.4000000e+01
   3.1755990e+06   2.4000000e+01
   3.1764220e+06   2.1000000e+01
   3.1770350e+06   1.8000000e+01
   3.1771240e+06   3.2000000e+01
   3.1791420e+06   2.2000000e+01
   3.1802770e+06   2.2000000e+01
   3.1814090e+06   2.1000000e+01
   3.2739130e+06   3.3000000e+01
   3.3134680e+06   2.5000000e+01
   3.3364680e+06   2.5000000e+01
   3.3470890e+06   2.7000000e+01
   3.3811040e+06   2.6000000e+01
   3.3865810e+06   2.9000000e+01
   3.4046990e+06   2.5000000e+01
   3.4251560e+06   2.7000000e+01
   3.4410970e+06   2.3000000e+01
   3.4537240e+06   2.1000000e+01
   3.4730220e+06   2.4000000e+01
   3.4832960e+06   2.4000000e+01
   3.5040740e+06   2.9000000e+01
   3.5162870e+06   2.7000000e+01
   3.5296110e+06   2.6000000e+01
   3.5379810e+06   2.5000000e+01
   3.5380090e+06   1.8000000e+01
   3.5594760e+06   2.1000000e+01
   3.5739830e+06   2.2000000e+01
   3.5899750e+06   2.6000000e+01
   3.6006520e+06   2.7000000e+01
   3.6166940e+06   2.6000000e+01
   3.6167220e+06   1.9000000e+01
   3.6371010e+06   2.1000000e+01
   3.6394830e+06   1.8000000e+01
   3.6597270e+06   2.7000000e+01
   3.6605960e+06   2.2000000e+01
   3.6614560e+06   2.0000000e+01
   3.6616550e+06   1.8000000e+01
   3.6622970e+06   1.8000000e+01
   3.6628750e+06   2.3000000e+01
   3.6632650e+06   1.8000000e+01
   3.6633400e+06   2.5000000e+01
   3.6633840e+06   2.1000000e+01
   3.6636140e+06   1.9000000e+01
   3.6639370e+06   2.4000000e+01
   3.6639650e+06   2.0000000e+01
   3.6640920e+06   3.1000000e+01
   3.6641240e+06   3.5000000e+01
   3.6642330e+06   2.1000000e+01
   3.6642800e+06   4.0000000e+01
   3.6643420e+06   1.8000000e+01
   3.6644770e+06   2.1000000e+01
   3.6645140e+06   1.8000000e+01
   3.6645440e+06   2.2000000e+01
   3.6646550e+06   2.4000000e+01
   3.6646920e+06   4.1000000e+01
   3.6649180e+06   1.8000000e+01
   3.6649460e+06   3.1000000e+01
   3.6650760e+06   1.9000000e+01
   3.6651320e+06   1.9000000e+01
   3.6651680e+06   1.9000000e+01
   3.6652590e+06   2.1000000e+01
   3.6653490e+06   3.3000000e+01
   3.6653740e+06   2.0000000e+01
   3.6654450e+06   1.8000000e+01
   3.6655280e+06   2.0000000e+01
   3.6656000e+06   2.6000000e+01
   3.6656380e+06   2.7000000e+01
   3.6657120e+06   2.5000000e+01
   3.6658200e+06   1.9000000e+01
   3.6658680e+06   1.8000000e+01
   3.6659210e+06   3.1000000e+01
   3.6660410e+06   3.1000000e+01
   3.6660930e+06   3.2000000e+01
   3.6661400e+06   2.1000000e+01
   3.6661910e+06   2.0000000e+01
   3.6662480e+06   2.1000000e+01
   3.6663090e+06   2.0000000e+01
   3.6664470e+06   2.1000000e+01
   3.6665170e+06   2.0000000e+01
   3.6665610e+06   2.7000000e+01
   3.6666680e+06   1.9000000e+01
   3.6667020e+06   2.4000000e+01
   3.6667480e+06   1.8000000e+01
   3.6669230e+06   2.0000000e+01
   3.6669780e+06   3.5000000e+01
   3.6670030e+06   1.8000000e+01
   3.6670880e+06   2.0000000e+01
   3.6671980e+06   2.4000000e+01
   3.6672650e+06   2.3000000e+01
   3.6673550e+06   3.1000000e+01
   3.6673810e+06   2.5000000e+01
   3.6675270e+06   1.8000000e+01
   3.6676390e+06   2.3000000e+01
   3.6676860e+06   2.3000000e+01
   3.6677720e+06   3.5000000e+01
   3.6678990e+06   3.1000000e+01
   3.6681200e+06   2.1000000e+01
   3.6684560e+06   2.5000000e+01
   3.6685040e+06   4.2000000e+01
   3.6685800e+06   2.1000000e+01
   3.6688870e+06   2.0000000e+01
   3.6691190e+06   2.7000000e+01
   3.6691880e+06   3.1000000e+01
   3.6694970e+06   2.0000000e+01
   3.6695350e+06   4.1000000e+01
   3.6697520e+06   1.8000000e+01
   3.6698910e+06   1.8000000e+01
   3.6699810e+06   2.7000000e+01
   3.6703090e+06   2.2000000e+01
   3.6707240e+06   2.1000000e+01
   3.6711600e+06   1.9000000e+01
   3.6715540e+06   2.6000000e+01
   3.6716030e+06   2.1000000e+01
   3.6722410e+06   2.1000000e+01
   3.6726620e+06   2.0000000e+01
   3.6727670e+06   2.0000000e+01
   3.6730620e+06   1.9000000e+01
   3.6731090e+06   3.0000000e+01
   3.6732210e+06   1.9000000e+01
   3.6734780e+06   1.8000000e+01
   3.6736070e+06   1.9000000e+01
   3.6736450e+06   1.8000000e+01
   3.6737230e+06   3.6000000e+01
   3.6737670e+06   2.6000000e+01
   3.6746240e+06   1.9000000e+01
   3.6752090e+06   2.8000000e+01
   3.6759240e+06   2.0000000e+01
   3.6763390e+06   1.8000000e+01
   3.6765880e+06   2.5000000e+01
   3.6767930e+06   2.7000000e+01
   3.6778070e+06   2.1000000e+01
   3.6783720e+06   1.9000000e+01
   3.6790740e+06   2.2000000e+01
   3.6796910e+06   1.8000000e+01
   3.6800650e+06   2.7000000e+01
   3.6812370e+06   2.2000000e+01
   3.6822380e+06   2.3000000e+01
   3.6833300e+06   2.2000000e+01
   3.6837070e+06   2.9000000e+01
   3.6845510e+06   2.2000000e+01
   3.6854540e+06   1.9000000e+01
   3.6857060e+06   2.1000000e+01
   3.6860650e+06   1.8000000e+01
   3.6863190e+06   1.8000000e+01
   3.6865300e+06   2.0000000e+01
   3.6879570e+06   3.4000000e+01
   3.6881910e+06   1.9000000e+01
   3.6882400e+06   1.9000000e+01
   3.6886700e+06   2.4000000e+01
   3.6887650e+06   1.9000000e+01
   3.6896990e+06   2.2000000e+01
   3.6897740e+06   2.8000000e+01
   3.6904540e+06   1.9000000e+01
   3.6907600e+06   2.7000000e+01
   3.6908540e+06   2.6000000e+01
   3.6908820e+06   2.5000000e+01
   3.6910010e+06   1.8000000e+01
   3.6911950e+06   2.3000000e+01
   3.6912500e+06   2.2000000e+01
   3.6913590e+06   2.6000000e+01
   3.6914500e+06   2.9000000e+01
   3.6916510e+06   1.9000000e+01
   3.6918110e+06   3.0000000e+01
   3.6918530e+06   1.9000000e+01
   3.6919130e+06   1.9000000e+01
   3.6921320e+06   2.2000000e+01
   3.6922150e+06   3.2000000e+01
   3.6923030e+06   2.7000000e+01
   3.6924030e+06   1.9000000e+01
   3.6928450e+06   2.7000000e+01
   3.6930560e+06   3.1000000e+01
   3.6932380e+06   3.0000000e+01
   3.6933790e+06   1.8000000e+01
   3.6934960e+06   2.2000000e+01
   3.6935850e+06   2.2000000e+01
   3.6937180e+06   2.7000000e+01
   3.6939240e+06   2.7000000e+01
   3.6940120e+06   7.7000000e+01
   3.6940450e+06   2.3000000e+01
   3.6942710e+06   2.0000000e+01
   3.6946070e+06   1.8000000e+01
   3.6946480e+06   3.1000000e+01
   3.6951300e+06   1.9000000e+01
   3.6951850e+06   3.4000000e+01
   3.6954450e+06   1.8000000e+01
   3.6955050e+06   2.7000000e+01
   3.6956910e+06   2.3000000e+01
   3.6957270e+06   1.8000000e+01
   3.6959480e+06   2.0000000e+01
   3.6965770e+06   2.1000000e+01
   3.6966190e+06   2.3000000e+01
   3.6968270e+06   1.9000000e+01
   3.6969470e+06   1.8000000e+01
   3.6970240e+06   2.0000000e+01
   3.6971000e+06   4.1000000e+01
   3.6971280e+06   1.8000000e+01
   3.6987470e+06   2.6000000e+01
   3.6992660e+06   1.8000000e+01
   3.6998410e+06   2.3000000e+01
   3.6999140e+06   2.9000000e+01
   3.7016460e+06   2.3000000e+01
   3.7017170e+06   2.9000000e+01
   3.7030960e+06   2.0000000e+01
   3.7054370e+06   2.0000000e+01
   3.8384940e+06   2.2000000e+01
   3.8780670e+06   2.2000000e+01
   3.8783160e+06   2.1000000e+01
   3.8784290e+06   1.8000000e+01
   3.8784620e+06   2.1000000e+01
   3.8787750e+06   1.9000000e+01
   3.8790260e+06   2.1000000e+01
   3.8791570e+06   2.0000000e+01
   3.8795020e+06   1.8000000e+01
   3.8795530e+06   4.1000000e+01
   3.8796410e+06   3.1000000e+01
   3.8797280e+06   1.9000000e+01
   3.8797670e+06   2.0000000e+01
   3.8799880e+06   2.6000000e+01
   3.8800650e+06   2.4000000e+01
   3.8801360e+06   2.2000000e+01
   3.8801870e+06   3.1000000e+01
   3.8802750e+06   2.7000000e+01
   3.8804160e+06   2.2000000e+01
   3.8805490e+06   2.5000000e+01
   3.8805910e+06   2.4000000e+01
   3.8806430e+06   1.8000000e+01
   3.8807040e+06   2.8000000e+01
   3.8808280e+06   2.6000000e+01
   3.8808700e+06   3.3000000e+01
   3.8809200e+06   3.6000000e+01
   3.8809680e+06   2.1000000e+01
   3.8811260e+06   2.5000000e+01
   3.8812060e+06   2.5000000e+01
   3.8812680e+06   3.2000000e+01
   3.8814070e+06   2.0000000e+01
   3.8815380e+06   2.3000000e+01
   3.8817480e+06   1.9000000e+01
   3.8818310e+06   2.7000000e+01
   3.8818810e+06   2.4000000e+01
   3.8819380e+06   3.6000000e+01
   3.8819660e+06   2.9000000e+01
   3.8820320e+06   2.1000000e+01
   3.8821260e+06   2.1000000e+01
   3.8821870e+06   2.6000000e+01
   3.8825450e+06   2.0000000e+01
   3.8825720e+06   2.8000000e+01
   3.8829410e+06   1.9000000e+01
   3.8830850e+06   2.2000000e+01
   3.8831310e+06   2.6000000e+01
   3.8831820e+06   2.7000000e+01
   3.8832130e+06   1.9000000e+01
   3.8833160e+06   1.9000000e+01
   3.8835970e+06   2.1000000e+01
   3.8837350e+06   1.9000000e+01
   3.8840570e+06   1.8000000e+01
   3.8841030e+06   2.8000000e+01
   3.8841880e+06   1.8000000e+01
   3.8844310e+06   1.9000000e+01
   3.8845940e+06   1.9000000e+01
   3.8846880e+06   1.8000000e+01
   3.8850300e+06   2.5000000e+01
   3.8851240e+06   2.4000000e+01
   3.8858920e+06   2.2000000e+01
   3.8859510e+06   2.5000000e+01
   3.8867820e+06   1.9000000e+01
   3.8875780e+06   2.5000000e+01
   3.8887500e+06   2.6000000e+01
   3.8907230e+06   2.9000000e+01
   3.8930610e+06   2.2000000e+01
   3.8934360e+06   2.2000000e+01
   3.9851150e+06   2.1000000e+01
   4.0083150e+06   2.4000000e+01
   4.0473930e+06   3.0000000e+01
   4.0666820e+06   2.4000000e+01
   4.0789120e+06   2.1000000e+01
   4.1027770e+06   2.3000000e+01
   4.1277840e+06   2.3000000e+01
   4.1580530e+06   2.8000000e+01
   4.1805180e+06   2.0000000e+01
   4.1805660e+06   2.0000000e+01
   4.1806590e+06   1.9000000e+01
   4.1810250e+06   2.0000000e+01
   4.1810620e+06   2.5000000e+01
   4.1814750e+06   2.2000000e+01
   4.1818200e+06   3.1000000e+01
   4.1818810e+06   2.5000000e+01
   4.1819160e+06   4.0000000e+01
   4.1819800e+06   4.3000000e+01
   4.1820730e+06   3.4000000e+01
   4.1821180e+06   2.5000000e+01
   4.1823380e+06   1.8000000e+01
   4.1823680e+06   4.8000000e+01
   4.1824060e+06   3.1000000e+01
   4.1825690e+06   1.9000000e+01
   4.1826360e+06   1.9000000e+01
   4.1826820e+06   4.1000000e+01
   4.1827270e+06   2.2000000e+01
   4.1827850e+06   1.9000000e+01
   4.1829200e+06   2.7000000e+01
   4.1829490e+06   4.4000000e+01
   4.1829820e+06   2.3000000e+01
   4.1830980e+06   2.1000000e+01
   4.1832010e+06   2.1000000e+01
   4.1832400e+06   3.9000000e+01
   4.1832780e+06   2.8000000e+01
   4.1834340e+06   1.9000000e+01
   4.1835150e+06   3.0000000e+01
   4.1835420e+06   1.2100000e+02
   4.1835880e+06   3.8000000e+01
   4.1836260e+06   1.8000000e+01
   4.1837230e+06   2.2000000e+01
   4.1837710e+06   1.9000000e+01
   4.1838280e+06   2.2000000e+01
   4.1839090e+06   1.9000000e+01
   4.1839770e+06   2.8000000e+01
   4.1840730e+06   2.2000000e+01
   4.1841560e+06   2.0000000e+01
   4.1841920e+06   2.4000000e+01
   4.1842680e+06   2.2000000e+01
   4.1843840e+06   3.0000000e+01
   4.1844520e+06   2.6000000e+01
   4.1844870e+06   7.7000000e+01
   4.1845430e+06   1.8000000e+01
   4.1846260e+06   1.9000000e+01
   4.1847320e+06   3.0000000e+01
   4.1847720e+06   3.8000000e+01
   4.1848510e+06   2.3000000e+01
   4.1850250e+06   2.4000000e+01
   4.1850520e+06   2.0000000e+01
   4.1851130e+06   2.0000000e+01
   4.1852140e+06   2.9000000e+01
   4.1853270e+06   2.4000000e+01
   4.1854000e+06   1.8000000e+01
   4.1854400e+06   2.5000000e+01
   4.1856800e+06   1.9000000e+01
   4.1857050e+06   3.0000000e+01
   4.1859660e+06   1.9000000e+01
   4.1860540e+06   2.6000000e+01
   4.1861750e+06   1.9000000e+01
   4.1862650e+06   1.8000000e+01
   4.1864450e+06   1.9000000e+01
   4.1865130e+06   2.0000000e+01
   4.1866950e+06   1.8000000e+01
   4.1869130e+06   2.9000000e+01
   4.1869490e+06   2.0000000e+01
   4.1872510e+06   2.0000000e+01
   4.1873530e+06   2.8000000e+01
   4.1874090e+06   1.9000000e+01
   4.1874510e+06   2.3000000e+01
   4.1875310e+06   1.8000000e+01
   4.1878750e+06   1.8000000e+01
   4.1882640e+06   1.8000000e+01
   4.1883040e+06   3.8000000e+01
   4.1883770e+06   2.4000000e+01
   4.1884420e+06   1.8000000e+01
   4.1886030e+06   1.8000000e+01
   4.1886870e+06   1.9000000e+01
   4.1887850e+06   1.8000000e+01
   4.1888910e+06   1.9000000e+01
   4.1891140e+06   2.1000000e+01
   4.1891680e+06   2.3000000e+01
   4.1897220e+06   1.8000000e+01
   4.1899250e+06   2.3000000e+01
   4.1904110e+06   1.8000000e+01
   4.1906630e+06   1.8000000e+01
   4.1907090e+06   2.8000000e+01
   4.1907620e+06   2.7000000e+01
   4.1913290e+06   1.9000000e+01
   4.1919600e+06   2.1000000e+01
   4.1920710e+06   1.8000000e+01
   4.1923180e+06   1.9000000e+01
   4.1927250e+06   2.4000000e+01
   4.1932780e+06   1.9000000e+01
   4.1937280e+06   1.9000000e+01
   4.1941770e+06   1.9000000e+01
   4.1950620e+06   2.2000000e+01
   4.1956630e+06   2.3000000e+01
   4.1962500e+06   2.1000000e+01
   4.1965970e+06   1.8000000e+01
   4.1975160e+06   2.4000000e+01
   4.1984070e+06   1.8000000e+01
   4.1987660e+06   2.5000000e+01
   4.2000220e+06   2.3000000e+01
   4.2014820e+06   2.4000000e+01
   4.2027140e+06   1.9000000e+01
   4.2032460e+06   2.1000000e+01
   4.2040670e+06   3.0000000e+01
   4.2041020e+06   1.8000000e+01
   4.2066150e+06   2.1000000e+01
   4.2066740e+06   2.9000000e+01
   4.2090790e+06   1.9000000e+01
   4.2121280e+06   2.4000000e+01
   4.2121710e+06   4.0000000e+01
   4.2138540e+06   2.6000000e+01
   4.2988420e+06   2.9000000e+01
   4.3136620e+06   2.3000000e+01
   4.3332340e+06   2.4000000e+01
   4.3553390e+06   2.7000000e+01
   4.3682270e+06   2.7000000e+01
   4.3682520e+06   1.8000000e+01
   4.3985110e+06   2.5000000e+01
   4.3985390e+06   1.8000000e+01
   4.4168280e+06   2.5000000e+01
   4.4348770e+06   2.7000000e+01
   4.4489590e+06   2.6000000e+01
   4.4565350e+06   1.9000000e+01
   4.4568700e+06   2.2000000e+01
   4.4582260e+06   2.0000000e+01
   4.4588150e+06   2.1000000e+01
   4.4591280e+06   4.2000000e+01
   4.4591850e+06   2.4000000e+01
   4.4592710e+06   2.0000000e+01
   4.4593580e+06   2.5000000e+01
   4.4593980e+06   3.2000000e+01
   4.4595330e+06   1.9000000e+01
   4.4595660e+06   2.0000000e+01
   4.4596320e+06   2.0000000e+01
   4.4597680e+06   8.2000000e+01
   4.4598070e+06   3.1000000e+01
   4.4599220e+06   2.8000000e+01
   4.4599540e+06   2.9000000e+01
   4.4600520e+06   1.8000000e+01
   4.4601460e+06   2.4000000e+01
   4.4601710e+06   3.1000000e+01
   4.4602790e+06   2.7000000e+01
   4.4603070e+06   2.0000000e+01
   4.4603760e+06   2.3000000e+01
   4.4604150e+06   3.5000000e+01
   4.4604960e+06   2.5000000e+01
   4.4605510e+06   3.7000000e+01
   4.4605990e+06   1.9000000e+01
   4.4606520e+06   2.0000000e+01
   4.4606940e+06   1.9000000e+01
   4.4607930e+06   1.8000000e+01
   4.4609230e+06   2.9000000e+01
   4.4609620e+06   1.8000000e+01
   4.4610670e+06   2.8000000e+01
   4.4611520e+06   2.7000000e+01
   4.4612930e+06   2.2000000e+01
   4.4613180e+06   2.1000000e+01
   4.4613820e+06   4.3000000e+01
   4.4614810e+06   1.8000000e+01
   4.4615170e+06   1.8000000e+01
   4.4616660e+06   1.8000000e+01
   4.4617330e+06   2.1000000e+01
   4.4617870e+06   3.3000000e+01
   4.4621070e+06   2.4000000e+01
   4.4622030e+06   2.9000000e+01
   4.4623110e+06   1.9000000e+01
   4.4626000e+06   2.0000000e+01
   4.4626560e+06   1.8000000e+01
   4.4627260e+06   2.7000000e+01
   4.4627600e+06   1.9000000e+01
   4.4630340e+06   2.0000000e+01
   4.4630840e+06   3.9000000e+01
   4.4634030e+06   1.9000000e+01
   4.4635230e+06   1.8000000e+01
   4.4635520e+06   3.8000000e+01
   4.4638590e+06   2.4000000e+01
   4.4641560e+06   1.9000000e+01
   4.4642490e+06   2.7000000e+01
   4.4643070e+06   2.1000000e+01
   4.4646470e+06   1.8000000e+01
   4.4650890e+06   2.7000000e+01
   4.4651710e+06   2.4000000e+01
   4.4656450e+06   1.9000000e+01
   4.4656950e+06   4.7000000e+01
   4.4658980e+06   2.6000000e+01
   4.4661280e+06   1.9000000e+01
   4.4665750e+06   2.2000000e+01
   4.4669520e+06   2.0000000e+01
   4.4674430e+06   2.0000000e+01
   4.4677470e+06   2.1000000e+01
   4.4684900e+06   2.0000000e+01
   4.4685870e+06   1.8000000e+01
   4.4687760e+06   1.8000000e+01
   4.4688280e+06   2.6000000e+01
   4.4689230e+06   2.0000000e+01
   4.4690330e+06   1.8000000e+01
   4.4691600e+06   1.9000000e+01
   4.4693800e+06   2.1000000e+01
   4.4694230e+06   3.7000000e+01
   4.4701270e+06   2.5000000e+01
   4.4707960e+06   2.2000000e+01
   4.4711340e+06   2.7000000e+01
   4.4717130e+06   2.9000000e+01
   4.4718000e+06   2.3000000e+01
   4.4726020e+06   1.8000000e+01
   4.4732700e+06   2.5000000e+01
   4.4749070e+06   2.6000000e+01
   4.4766350e+06   2.6000000e+01
   4.4791850e+06   2.6000000e+01
   4.5437100e+06   2.8000000e+01
   4.5613210e+06   2.5000000e+01
   4.5792020e+06   2.2000000e+01
   4.6139340e+06   2.7000000e+01
   4.6246860e+06   2.6000000e+01
   4.6387670e+06   2.8000000e+01
   4.6570380e+06   1.8000000e+01
   4.6631190e+06   2.8000000e+01
   4.6790650e+06   2.6000000e+01
   4.6906690e+06   2.7000000e+01
   4.6906970e+06   1.9000000e+01
   4.7089510e+06   2.5000000e+01
   4.7241860e+06   3.0000000e+01
   4.7373410e+06   2.6000000e+01
   4.7541070e+06   2.4000000e+01
   4.7727080e+06   2.3000000e+01
   4.7820030e+06   2.9000000e+01
   4.7951470e+06   2.7000000e+01
   4.7951780e+06   1.8000000e+01
   4.8079080e+06   2.5000000e+01
   4.8169340e+06   2.8000000e+01
   4.8316270e+06   2.5000000e+01
   4.8503270e+06   1.8000000e+01
   4.8570480e+06   2.4000000e+01
   4.8570880e+06   1.8000000e+01
   4.8683010e+06   2.1000000e+01
   4.8743610e+06   3.0000000e+01
   4.9093960e+06   2.7000000e+01
   4.9223130e+06   2.4000000e+01
   4.9392410e+06   1.8000000e+01
   4.9493200e+06   2.3000000e+01
   4.9493570e+06   1.8000000e+01
   4.9640080e+06   2.2000000e+01
   4.9711950e+06   1.9000000e+01
   4.9715510e+06   2.0000000e+01
   4.9716540e+06   1.9000000e+01
   4.9718550e+06   2.1000000e+01
   4.9719520e+06   2.2000000e+01
   4.9719950e+06   2.4000000e+01
   4.9720800e+06   2.2000000e+01
   4.9721210e+06   3.2000000e+01
   4.9721850e+06   2.2000000e+01
   4.9722800e+06   1.8000000e+01
   4.9723440e+06   2.0000000e+01
   4.9723910e+06   2.2000000e+01
   4.9724610e+06   2.1000000e+01
   4.9725250e+06   3.6000000e+01
   4.9725740e+06   1.9000000e+01
   4.9726070e+06   1.9000000e+01
   4.9727150e+06   5.7000000e+01
   4.9728780e+06   2.3000000e+01
   4.9729610e+06   1.0300000e+02
   4.9730450e+06   3.7000000e+01
   4.9731490e+06   2.0000000e+01
   4.9732370e+06   2.8000000e+01
   4.9732870e+06   1.9000000e+01
   4.9733560e+06   1.9000000e+01
   4.9733990e+06   3.5000000e+01
   4.9734770e+06   2.5000000e+01
   4.9735560e+06   2.0000000e+01
   4.9736280e+06   2.0000000e+01
   4.9736830e+06   3.4000000e+01
   4.9737650e+06   3.8000000e+01
   4.9738240e+06   2.6000000e+01
   4.9738530e+06   3.6000000e+01
   4.9739330e+06   2.6000000e+01
   4.9739930e+06   3.8000000e+01
   4.9740180e+06   3.3000000e+01
   4.9741360e+06   1.8000000e+01
   4.9742130e+06   2.3000000e+01
   4.9743370e+06   4.2000000e+01
   4.9744010e+06   1.8000000e+01
   4.9745480e+06   2.1000000e+01
   4.9746240e+06   3.3000000e+01
   4.9747600e+06   1.9000000e+01
   4.9748330e+06   3.7000000e+01
   4.9749310e+06   2.4000000e+01
   4.9750360e+06   2.0000000e+01
   4.9751010e+06   2.1000000e+01
   4.9752720e+06   2.4000000e+01
   4.9754220e+06   2.0000000e+01
   4.9755890e+06   2.0000000e+01
   4.9756190e+06   2.0000000e+01
   4.9757250e+06   1.8000000e+01
   4.9757600e+06   2.6000000e+01
   4.9759020e+06   1.8000000e+01
   4.9760800e+06   1.9000000e+01
   4.9761380e+06   2.1000000e+01
   4.9763250e+06   1.9000000e+01
   4.9763880e+06   4.2000000e+01
   4.9764190e+06   2.5000000e+01
   4.9764820e+06   2.3000000e+01
   4.9767930e+06   2.2000000e+01
   4.9768710e+06   1.9000000e+01
   4.9769970e+06   2.1000000e+01
   4.9770670e+06   1.8000000e+01
   4.9772530e+06   1.8000000e+01
   4.9773970e+06   1.9000000e+01
   4.9775070e+06   2.8000000e+01
   4.9777380e+06   1.8000000e+01
   4.9777820e+06   1.9000000e+01
   4.9778240e+06   4.2000000e+01
   4.9782410e+06   2.0000000e+01
   4.9785960e+06   2.1000000e+01
   4.9786310e+06   3.3000000e+01
   4.9788370e+06   1.9000000e+01
   4.9794140e+06   2.3000000e+01
   4.9799120e+06   2.0000000e+01
   4.9799700e+06   1.9000000e+01
   4.9805530e+06   2.8000000e+01
   4.9807170e+06   2.3000000e+01
   4.9809690e+06   2.4000000e+01
   4.9810220e+06   2.5000000e+01
   4.9813790e+06   2.7000000e+01
   4.9814350e+06   2.0000000e+01
   4.9823450e+06   2.0000000e+01
   4.9825110e+06   3.2000000e+01
   4.9832070e+06   2.3000000e+01
   4.9834580e+06   1.8000000e+01
   4.9839970e+06   2.8000000e+01
   4.9846620e+06   2.2000000e+01
   4.9853280e+06   2.3000000e+01
   4.9853830e+06   2.3000000e+01
   4.9857950e+06   1.8000000e+01
   4.9862860e+06   2.1000000e+01
   4.9870260e+06   1.8000000e+01
   4.9871930e+06   2.5000000e+01
   4.9872580e+06   2.5000000e+01
   4.9873880e+06   1.8000000e+01
   4.9878790e+06   3.4000000e+01
   4.9879380e+06   2.4000000e+01
   4.9879900e+06   2.8000000e+01
   4.9880450e+06   1.8000000e+01
   4.9882160e+06   1.8000000e+01
   4.9884980e+06   2.3000000e+01
   4.9888960e+06   1.8000000e+01
   4.9889320e+06   4.4000000e+01
   4.9893520e+06   1.8000000e+01
   4.9894910e+06   2.0000000e+01
   4.9897850e+06   2.6000000e+01
   4.9898700e+06   2.7000000e+01
   4.9904140e+06   1.9000000e+01
   4.9911350e+06   2.6000000e+01
   4.9914830e+06   1.9000000e+01
   4.9926310e+06   1.9000000e+01
   4.9937760e+06   1.8000000e+01
   4.9938270e+06   2.7000000e+01
   4.9947900e+06   1.9000000e+01
   4.9958090e+06   2.1000000e+01
   4.9958660e+06   3.9000000e+01
   4.9985940e+06   2.4000000e+01
   5.0005570e+06   2.0000000e+01
   5.0018610e+06   1.8000000e+01
   5.0829770e+06   2.2000000e+01
   5.1198320e+06   2.5000000e+01
   5.1484440e+06   2.7000000e+01
   5.1732560e+06   2.7000000e+01
   5.2004010e+06   2.7000000e+01
   5.2163310e+06   2.2000000e+01
   5.2357320e+06   2.7000000e+01
   5.2504840e+06   2.9000000e+01
   5.2684470e+06   3.1000000e+01
   5.2971720e+06   2.6000000e+01
   5.3220400e+06   2.3000000e+01
   5.3430630e+06   3.0000000e+01
   5.3541360e+06   2.2000000e+01
   5.3629310e+06   2.6000000e+01
   5.3645800e+06   1.8000000e+01
   5.3840170e+06   2.0000000e+01
   5.3985300e+06   2.7000000e+01
   5.4104930e+06   2.7000000e+01
   5.4200660e+06   2.7000000e+01
   5.4244450e+06   1.8000000e+01
   5.4246310e+06   1.8000000e+01
   5.4248800e+06   1.8000000e+01
   5.4250750e+06   3.3000000e+01
   5.4251020e+06   2.6000000e+01
   5.4252200e+06   2.4000000e+01
   5.4253000e+06   2.3000000e+01
   5.4253640e+06   3.2000000e+01
   5.4254270e+06   2.8000000e+01
   5.4255090e+06   1.8000000e+01
   5.4256220e+06   5.0000000e+01
   5.4257160e+06   3.2000000e+01
   5.4258720e+06   2.7000000e+01
   5.4259810e+06   2.0000000e+01
   5.4260100e+06   2.4000000e+01
   5.4260790e+06   1.9000000e+01
   5.4261450e+06   4.5000000e+01
   5.4261980e+06   3.4000000e+01
   5.4262240e+06   2.4000000e+01
   5.4262920e+06   2.2000000e+01
   5.4264010e+06   1.8000000e+01
   5.4264300e+06   3.1000000e+01
   5.4265230e+06   2.7000000e+01
   5.4265600e+06   1.8000000e+01
   5.4266260e+06   4.2000000e+01
   5.4266830e+06   2.2000000e+01
   5.4267090e+06   2.9000000e+01
   5.4267510e+06   2.3000000e+01
   5.4268960e+06   2.7000000e+01
   5.4269210e+06   3.4000000e+01
   5.4270790e+06   2.3000000e+01
   5.4271850e+06   1.9000000e+01
   5.4272110e+06   3.7000000e+01
   5.4274020e+06   1.9000000e+01
   5.4274830e+06   3.3000000e+01
   5.4277540e+06   2.3000000e+01
   5.4278290e+06   3.2000000e+01
   5.4278880e+06   4.1000000e+01
   5.4281870e+06   1.8000000e+01
   5.4282490e+06   3.1000000e+01
   5.4283020e+06   2.0000000e+01
   5.4284400e+06   1.9000000e+01
   5.4284760e+06   6.5000000e+01
   5.4285160e+06   4.2000000e+01
   5.4285590e+06   3.5000000e+01
   5.4288220e+06   2.2000000e+01
   5.4289420e+06   2.0000000e+01
   5.4289900e+06   2.6000000e+01
   5.4290170e+06   2.0000000e+01
   5.4290880e+06   1.8000000e+01
   5.4294170e+06   1.8000000e+01
   5.4294830e+06   2.5000000e+01
   5.4298470e+06   1.9000000e+01
   5.4298770e+06   3.5000000e+01
   5.4299410e+06   1.8000000e+01
   5.4300250e+06   2.0000000e+01
   5.4301520e+06   1.8000000e+01
   5.4302440e+06   1.8000000e+01
   5.4303290e+06   2.4000000e+01
   5.4306950e+06   3.5000000e+01
   5.4307670e+06   2.5000000e+01
   5.4308720e+06   1.8000000e+01
   5.4312590e+06   2.1000000e+01
   5.4313610e+06   2.4000000e+01
   5.4314110e+06   2.1000000e+01
   5.4314860e+06   1.8000000e+01
   5.4319930e+06   2.2000000e+01
   5.4326660e+06   2.2000000e+01
   5.4328010e+06   2.3000000e+01
   5.4336170e+06   2.1000000e+01
   5.4342390e+06   2.4000000e+01
   5.4349230e+06   2.1000000e+01
   5.4350100e+06   1.8000000e+01
   5.4353420e+06   2.7000000e+01
   5.4353930e+06   2.5000000e+01
   5.4366140e+06   2.2000000e+01
   5.4371160e+06   2.2000000e+01
   5.4373430e+06   1.9000000e+01
   5.4375130e+06   3.1000000e+01
   5.4375420e+06   1.9000000e+01
   5.4376480e+06   2.2000000e+01
   5.4380170e+06   2.5000000e+01
   5.4380600e+06   3.2000000e+01
   5.4381210e+06   2.1000000e+01
   5.4381730e+06   1.9000000e+01
   5.4384140e+06   2.1000000e+01
   5.4388070e+06   2.1000000e+01
   5.4388790e+06   1.8000000e+01
   5.4389440e+06   1.9000000e+01
   5.4392920e+06   2.2000000e+01
   5.4394050e+06   3.1000000e+01
   5.4400170e+06   1.9000000e+01
   5.4400660e+06   2.0000000e+01
   5.4405080e+06   2.3000000e+01
   5.4405460e+06   2.0000000e+01
   5.4409310e+06   2.4000000e+01
   5.4410930e+06   2.6000000e+01
   5.4411790e+06   1.9000000e+01
   5.4414960e+06   2.3000000e+01
   5.4422190e+06   1.9000000e+01
   5.4422490e+06   1.8000000e+01
   5.4425690e+06   2.7000000e+01
   5.4427640e+06   1.8000000e+01
   5.4429420e+06   2.5000000e+01
   5.4430030e+06   1.9000000e+01
   5.4430940e+06   2.1000000e+01
   5.4431700e+06   2.0000000e+01
   5.4433580e+06   1.8000000e+01
   5.4434820e+06   1.8000000e+01
   5.4448130e+06   2.2000000e+01
   5.4450090e+06   2.5000000e+01
   5.4451340e+06   2.1000000e+01
   5.4451930e+06   3.0000000e+01
   5.4458250e+06   2.0000000e+01
   5.4459140e+06   2.2000000e+01
   5.4463010e+06   2.0000000e+01
   5.4467540e+06   2.0000000e+01
   5.4469670e+06   2.2000000e+01
   5.4469950e+06   3.6000000e+01
   5.4472520e+06   1.8000000e+01
   5.4476820e+06   1.8000000e+01
   5.4479170e+06   3.2000000e+01
   5.4479540e+06   2.1000000e+01
   5.4488070e+06   1.8000000e+01
   5.4495420e+06   1.8000000e+01
   5.4501050e+06   2.0000000e+01
   5.4505670e+06   1.8000000e+01
   5.4508790e+06   2.0000000e+01
   5.4512910e+06   2.1000000e+01
   5.4523030e+06   1.8000000e+01
   5.4527770e+06   2.8000000e+01
   5.4528710e+06   1.9000000e+01
   5.4544760e+06   1.8000000e+01
   5.4551130e+06   2.2000000e+01
   5.4556870e+06   2.1000000e+01
   5.5840910e+06   2.6000000e+01
   5.5988730e+06   3.1000000e+01
   5.6004320e+06   1.8000000e+01
   5.6021570e+06   2.1000000e+01
   5.6027720e+06   2.0000000e+01
   5.6028280e+06   3.1000000e+01
   5.6034060e+06   8.0000000e+01
   5.6034380e+06   5.2000000e+01
   5.6035040e+06   1.9000000e+01
   5.6036320e+06   3.6000000e+01
   5.6036800e+06   2.3000000e+01
   5.6040470e+06   1.9000000e+01
   5.6041140e+06   1.9000000e+01
   5.6043760e+06   7.2000000e+01
   5.6044220e+06   3.6000000e+01
   5.6044830e+06   4.3000000e+01
   5.6045550e+06   2.4000000e+01
   5.6046410e+06   3.3000000e+01
   5.6046920e+06   2.4000000e+01
   5.6047370e+06   1.8000000e+01
   5.6048090e+06   1.8000000e+01
   5.6049390e+06   2.2000000e+01
   5.6050180e+06   2.5000000e+01
   5.6050690e+06   2.9000000e+01
   5.6051440e+06   2.5000000e+01
   5.6051910e+06   2.4000000e+01
   5.6052570e+06   1.8000000e+01
   5.6054200e+06   2.6000000e+01
   5.6054480e+06   1.8000000e+01
   5.6055460e+06   2.0000000e+01
   5.6056860e+06   2.2000000e+01
   5.6057380e+06   4.8000000e+01
   5.6058150e+06   2.1000000e+01
   5.6058530e+06   2.2000000e+01
   5.6059990e+06   1.8000000e+01
   5.6061100e+06   6.5000000e+01
   5.6061420e+06   3.3000000e+01
   5.6062050e+06   1.8000000e+01
   5.6063540e+06   2.1000000e+01
   5.6064160e+06   2.8000000e+01
   5.6065990e+06   2.2000000e+01
   5.6066960e+06   2.4000000e+01
   5.6067870e+06   2.9000000e+01
   5.6071140e+06   2.4000000e+01
   5.6072280e+06   2.5000000e+01
   5.6072650e+06   2.2000000e+01
   5.6073940e+06   2.3000000e+01
   5.6074490e+06   2.2000000e+01
   5.6075820e+06   1.8000000e+01
   5.6078010e+06   2.4000000e+01
   5.6078800e+06   2.8000000e+01
   5.6081920e+06   1.8000000e+01
   5.6082910e+06   2.1000000e+01
   5.6087600e+06   2.3000000e+01
   5.6088010e+06   3.5000000e+01
   5.6094180e+06   2.6000000e+01
   5.6095030e+06   4.0000000e+01
   5.6095470e+06   1.8000000e+01
   5.6097060e+06   2.0000000e+01
   5.6099620e+06   2.5000000e+01
   5.6100100e+06   3.7000000e+01
   5.6106780e+06   2.1000000e+01
   5.6114080e+06   2.5000000e+01
   5.6123130e+06   2.0000000e+01
   5.6131540e+06   1.9000000e+01
   5.6132240e+06   2.9000000e+01
   5.6139090e+06   2.4000000e+01
   5.6140160e+06   1.9000000e+01
   5.6147810e+06   1.8000000e+01
   5.6152380e+06   1.9000000e+01
   5.6162540e+06   1.8000000e+01
   5.6168170e+06   1.9000000e+01
   5.6894420e+06   2.6000000e+01
   5.7564540e+06   2.6000000e+01
   5.7732510e+06   3.2000000e+01
   5.7971570e+06   2.8000000e+01
   5.8239580e+06   2.0000000e+01
   5.8518640e+06   2.3000000e+01
   5.8643170e+06   2.6000000e+01
   5.8792390e+06   2.5000000e+01
   5.8971920e+06   2.6000000e+01
   5.9178480e+06   2.8000000e+01
   5.9272860e+06   3.1000000e+01
   5.9384820e+06   2.6000000e+01
   5.9528600e+06   2.8000000e+01
   5.9638330e+06   2.0000000e+01
   5.9748290e+06   2.4000000e+01
   5.9949260e+06   2.6000000e+01
   6.0135770e+06   2.6000000e+01
   6.0329390e+06   2.6000000e+01
   6.0544690e+06   2.9000000e+01
   6.0726940e+06   2.7000000e+01
   6.0850400e+06   2.3000000e+01
   6.0964420e+06   1.9000000e+01
   6.0964820e+06   3.9000000e+01
   6.0977070e+06   2.0000000e+01
   6.1139030e+06   2.6000000e+01
   6.1294010e+06   2.8000000e+01
   6.1374460e+06   2.9000000e+01
   6.1374830e+06   1.9000000e+01
   6.1514250e+06   2.5000000e+01
   6.1514520e+06   2.0000000e+01
   6.1701870e+06   2.7000000e+01
   6.1702140e+06   1.8000000e+01
   6.1939400e+06   2.8000000e+01
   6.2140760e+06   1.8000000e+01
   6.2142190e+06   1.9000000e+01
   6.2143830e+06   1.9000000e+01
   6.2145360e+06   2.1000000e+01
   6.2147270e+06   3.3000000e+01
   6.2148840e+06   2.2000000e+01
   6.2149120e+06   4.4000000e+01
   6.2149380e+06   3.6000000e+01
   6.2150690e+06   2.1000000e+01
   6.2152040e+06   2.8000000e+01
   6.2152360e+06   1.8000000e+01
   6.2152880e+06   2.8000000e+01
   6.2153480e+06   3.0000000e+01
   6.2153750e+06   2.0000000e+01
   6.2155190e+06   1.8000000e+01
   6.2157280e+06   2.2000000e+01
   6.2157540e+06   3.6000000e+01
   6.2158170e+06   5.1000000e+01
   6.2159610e+06   1.8000000e+01
   6.2160260e+06   2.0000000e+01
   6.2160990e+06   2.5000000e+01
   6.2161490e+06   2.4000000e+01
   6.2162100e+06   2.7000000e+01
   6.2162620e+06   2.0000000e+01
   6.2163140e+06   2.1000000e+01
   6.2163460e+06   2.8000000e+01
   6.2165670e+06   1.8000000e+01
   6.2166050e+06   1.8000000e+01
   6.2166860e+06   2.3000000e+01
   6.2167690e+06   3.5000000e+01
   6.2168420e+06   3.2000000e+01
   6.2168890e+06   2.7000000e+01
   6.2169460e+06   3.9000000e+01
   6.2169950e+06   2.1000000e+01
   6.2170530e+06   2.4000000e+01
   6.2171260e+06   3.8000000e+01
   6.2172940e+06   1.9000000e+01
   6.2173890e+06   2.3000000e+01
   6.2174490e+06   2.5000000e+01
   6.2175080e+06   3.0000000e+01
   6.2175740e+06   2.6000000e+01
   6.2176090e+06   2.5000000e+01
   6.2177610e+06   2.5000000e+01
   6.2178850e+06   1.9000000e+01
   6.2179130e+06   2.0000000e+01
   6.2179830e+06   1.9000000e+01
   6.2180240e+06   2.4000000e+01
   6.2180720e+06   2.0000000e+01
   6.2181460e+06   1.8000000e+01
   6.2183000e+06   1.8000000e+01
   6.2183330e+06   4.5000000e+01
   6.2185230e+06   1.8000000e+01
   6.2186650e+06   2.2000000e+01
   6.2187980e+06   3.1000000e+01
   6.2188990e+06   2.1000000e+01
   6.2191430e+06   3.2000000e+01
   6.2192850e+06   2.3000000e+01
   6.2193160e+06   2.3000000e+01
   6.2194610e+06   2.2000000e+01
   6.2198290e+06   2.2000000e+01
   6.2201160e+06   2.5000000e+01
   6.2201460e+06   3.0000000e+01
   6.2202310e+06   1.9000000e+01
   6.2202780e+06   1.9000000e+01
   6.2205140e+06   2.9000000e+01
   6.2207040e+06   2.3000000e+01
   6.2208170e+06   1.8000000e+01
   6.2212190e+06   2.1000000e+01
   6.2217380e+06   2.2000000e+01
   6.2221220e+06   2.5000000e+01
   6.2226580e+06   2.0000000e+01
   6.2230910e+06   2.0000000e+01
   6.2231460e+06   2.1000000e+01
   6.2236490e+06   1.8000000e+01
   6.2246940e+06   2.9000000e+01
   6.2252380e+06   1.9000000e+01
   6.2257650e+06   2.6000000e+01
   6.2258120e+06   2.9000000e+01
   6.2268950e+06   1.8000000e+01
   6.2273550e+06   1.8000000e+01
   6.2275780e+06   2.0000000e+01
   6.2278460e+06   1.9000000e+01
   6.2280920e+06   1.9000000e+01
   6.2281860e+06   1.8000000e+01
   6.2283700e+06   3.5000000e+01
   6.2284380e+06   3.4000000e+01
   6.2284920e+06   1.9000000e+01
   6.2289580e+06   3.1000000e+01
   6.2290090e+06   2.8000000e+01
   6.2290970e+06   1.8000000e+01
   6.2296910e+06   2.4000000e+01
   6.2305040e+06   2.1000000e+01
   6.2306960e+06   1.9000000e+01
   6.2322830e+06   2.1000000e+01
   6.2325940e+06   3.2000000e+01
   6.2326390e+06   1.9000000e+01
   6.2343080e+06   1.8000000e+01
   6.2352730e+06   1.9000000e+01
   6.2374620e+06   1.9000000e+01
   6.2375150e+06   1.8000000e+01
   6.2380820e+06   1.8000000e+01
   6.2404990e+06   2.1000000e+01
   6.3258160e+06   2.4000000e+01
   6.3478560e+06   2.4000000e+01
   6.3723120e+06   2.9000000e+01
   6.3896930e+06   2.5000000e+01
   6.4189080e+06   2.3000000e+01
   6.4361720e+06   2.4000000e+01
   6.4584710e+06   3.3000000e+01
   6.4675700e+06   1.8000000e+01
   6.4700830e+06   3.0000000e+01
   6.4845720e+06   2.7000000e+01
   6.5033670e+06   2.8000000e+01
   6.5138200e+06   3.2000000e+01
   6.5277010e+06   2.7000000e+01
   6.5455070e+06   2.6000000e+01
   6.5740740e+06   1.9000000e+01
   6.5993840e+06   2.6000000e+01
   6.6078390e+06   2.6000000e+01
   6.6205180e+06   2.8000000e+01
   6.6367020e+06   2.5000000e+01
   6.6569850e+06   2.2000000e+01
   6.6617420e+06   2.0000000e+01
   6.6617830e+06   3.7000000e+01
   6.6648110e+06   2.2000000e+01
   6.6657620e+06   1.9000000e+01
   6.6661570e+06   2.0000000e+01
   6.6662020e+06   2.9000000e+01
   6.6664520e+06   2.8000000e+01
   6.6665200e+06   2.3000000e+01
   6.6666100e+06   2.5000000e+01
   6.6667180e+06   2.1000000e+01
   6.6667880e+06   2.1000000e+01
   6.6668130e+06   2.1000000e+01
   6.6668590e+06   1.9000000e+01
   6.6669940e+06   2.0000000e+01
   6.6670190e+06   3.1000000e+01
   6.6670930e+06   3.5000000e+01
   6.6671240e+06   2.7000000e+01
   6.6671630e+06   1.8000000e+01
   6.6672520e+06   2.3000000e+01
   6.6673140e+06   2.8000000e+01
   6.6673860e+06   1.8000000e+01
   6.6675010e+06   3.1000000e+01
   6.6675280e+06   1.5200000e+02
   6.6675630e+06   4.7000000e+01
   6.6676460e+06   1.8000000e+01
   6.6676940e+06   1.8000000e+01
   6.6677830e+06   2.3000000e+01
   6.6678920e+06   2.1000000e+01
   6.6680210e+06   2.4000000e+01
   6.6680950e+06   9.2000000e+01
   6.6681350e+06   2.3000000e+01
   6.6681690e+06   3.1000000e+01
   6.6682230e+06   2.8000000e+01
   6.6682800e+06   2.2000000e+01
   6.6683660e+06   2.1000000e+01
   6.6683950e+06   2.3000000e+01
   6.6684610e+06   2.6000000e+01
   6.6685420e+06   2.1000000e+01
   6.6685950e+06   2.4000000e+01
   6.6686660e+06   2.6000000e+01
   6.6688400e+06   2.0000000e+01
   6.6689360e+06   2.3000000e+01
   6.6689910e+06   1.0000000e+02
   6.6690390e+06   3.6000000e+01
   6.6691800e+06   1.8000000e+01
   6.6693730e+06   3.1000000e+01
   6.6694310e+06   3.9000000e+01
   6.6694870e+06   1.9000000e+01
   6.6695270e+06   1.8000000e+01
   6.6696500e+06   1.8000000e+01
   6.6697250e+06   3.4000000e+01
   6.6698430e+06   2.6000000e+01
   6.6700370e+06   2.0000000e+01
   6.6700640e+06   5.1000000e+01
   6.6701210e+06   2.0000000e+01
   6.6704020e+06   2.7000000e+01
   6.6704680e+06   3.4000000e+01
   6.6705530e+06   1.9000000e+01
   6.6705790e+06   2.0000000e+01
   6.6706620e+06   2.2000000e+01
   6.6707700e+06   2.5000000e+01
   6.6711510e+06   2.3000000e+01
   6.6712660e+06   1.9000000e+01
   6.6716340e+06   3.5000000e+01
   6.6716610e+06   2.7000000e+01
   6.6717080e+06   1.9000000e+01
   6.6720170e+06   2.2000000e+01
   6.6720920e+06   3.0000000e+01
   6.6721200e+06   2.1000000e+01
   6.6726460e+06   2.0000000e+01
   6.6728250e+06   2.0000000e+01
   6.6729130e+06   1.9000000e+01
   6.6732760e+06   2.1000000e+01
   6.6735000e+06   1.9000000e+01
   6.6739990e+06   2.0000000e+01
   6.6745410e+06   1.8000000e+01
   6.6746350e+06   2.3000000e+01
   6.6750240e+06   1.8000000e+01
   6.6755130e+06   2.5000000e+01
   6.6762370e+06   2.1000000e+01
   6.6765540e+06   2.4000000e+01
   6.6770260e+06   2.5000000e+01
   6.6781480e+06   2.1000000e+01
   6.6782290e+06   1.8000000e+01
   6.6793800e+06   1.9000000e+01
   6.6801040e+06   2.3000000e+01
   6.6802770e+06   2.1000000e+01
   6.6807270e+06   2.2000000e+01
   6.6807890e+06   4.1000000e+01
   6.6816540e+06   1.9000000e+01
   6.6833590e+06   2.1000000e+01
   6.6887640e+06   2.1000000e+01
   6.6891970e+06   1.8000000e+01
   6.7744350e+06   2.7000000e+01
   6.8073150e+06   2.6000000e+01
   6.8178430e+06   2.4000000e+01
   6.8178700e+06   1.8000000e+01
   6.8314580e+06   2.1000000e+01
   6.8394440e+06   2.4000000e+01
   6.8689450e+06   3.1000000e+01
   6.8822350e+06   2.6000000e+01
   6.8977590e+06   2.4000000e+01
   6.9154440e+06   2.7000000e+01
   6.9268760e+06   3.8000000e+01
   6.9432870e+06   2.6000000e+01
   6.9602900e+06   2.4000000e+01
   6.9786710e+06   2.8000000e+01
   6.9920310e+06   2.6000000e+01
   7.0112140e+06   2.8000000e+01
   7.0360550e+06   2.4000000e+01
   7.0502450e+06   2.5000000e+01
   7.0673630e+06   2.5000000e+01
   7.0826390e+06   2.4000000e+01
   7.0826660e+06   1.8000000e+01
   7.0940590e+06   2.2000000e+01
   7.1251260e+06   2.6000000e+01
   7.1415850e+06   3.0000000e+01
   7.1607450e+06   3.0000000e+01
   7.1760490e+06   2.8000000e+01
   7.1922480e+06   2.6000000e+01
   7.1922780e+06   1.8000000e+01
   7.2055030e+06   2.3000000e+01
   7.2180510e+06   2.1000000e+01
   7.2321410e+06   2.5000000e+01
   7.2434140e+06   2.8000000e+01
   7.2518800e+06   2.2000000e+01
   7.2736070e+06   2.5000000e+01
   7.2926560e+06   2.9000000e+01
   7.3082660e+06   2.5000000e+01
   7.3228560e+06   2.7000000e+01
   7.3386030e+06   2.0000000e+01
   7.3401810e+06   2.7000000e+01
   7.3522630e+06   2.3000000e+01
   7.3600610e+06   2.4000000e+01
   7.3601000e+06   4.3000000e+01
   7.3602040e+06   2.2000000e+01
   7.3602500e+06   5.0000000e+01
   7.3602840e+06   1.9000000e+01
   7.3604980e+06   1.9000000e+01
   7.3605450e+06   2.7000000e+01
   7.3606310e+06   1.9000000e+01
   7.3606870e+06   2.7000000e+01
   7.3607380e+06   1.9000000e+01
   7.3608380e+06   2.0000000e+01
   7.3608660e+06   2.1000000e+01
   7.3609640e+06   2.6000000e+01
   7.3610190e+06   2.4000000e+01
   7.3611050e+06   1.8000000e+01
   7.3612550e+06   2.7000000e+01
   7.3612940e+06   1.8000000e+01
   7.3614490e+06   2.0000000e+01
   7.3614740e+06   4.8000000e+01
   7.3615150e+06   2.8000000e+01
   7.3615700e+06   1.8000000e+01
   7.3616950e+06   2.2000000e+01
   7.3617740e+06   2.4000000e+01
   7.3618410e+06   2.8000000e+01
   7.3618890e+06   1.8000000e+01
   7.3619860e+06   2.6000000e+01
   7.3620680e+06   2.3000000e+01
   7.3621440e+06   3.9000000e+01
   7.3622220e+06   2.0000000e+01
   7.3623120e+06   3.2000000e+01
   7.3623810e+06   1.8000000e+01
   7.3624590e+06   1.9000000e+01
   7.3625420e+06   3.4000000e+01
   7.3626790e+06   1.9000000e+01
   7.3627280e+06   4.1000000e+01
   7.3628120e+06   8.0000000e+01
   7.3628700e+06   2.0000000e+01
   7.3629640e+06   1.9000000e+01
   7.3629970e+06   2.5000000e+01
   7.3630920e+06   2.9000000e+01
   7.3631550e+06   1.8000000e+01
   7.3633180e+06   1.9000000e+01
   7.3634200e+06   2.6000000e+01
   7.3635030e+06   1.8000000e+01
   7.3636020e+06   1.9000000e+01
   7.3637630e+06   2.1000000e+01
   7.3638660e+06   2.3000000e+01
   7.3638990e+06   1.9000000e+01
   7.3640120e+06   3.1000000e+01
   7.3641930e+06   2.4000000e+01
   7.3642490e+06   2.7000000e+01
   7.3642910e+06   1.9000000e+01
   7.3643230e+06   3.3000000e+01
   7.3643650e+06   1.8000000e+01
   7.3645050e+06   1.8000000e+01
   7.3645800e+06   2.0000000e+01
   7.3646300e+06   4.1000000e+01
   7.3648360e+06   1.8000000e+01
   7.3648890e+06   1.8000000e+01
   7.3650240e+06   2.0000000e+01
   7.3650650e+06   3.1000000e+01
   7.3651340e+06   1.8000000e+01
   7.3651930e+06   1.9000000e+01
   7.3653830e+06   1.9000000e+01
   7.3654730e+06   1.8000000e+01
   7.3657530e+06   3.4000000e+01
   7.3657980e+06   2.5000000e+01
   7.3662450e+06   2.4000000e+01
   7.3667510e+06   2.5000000e+01
   7.3668040e+06   4.2000000e+01
   7.3668350e+06   2.3000000e+01
   7.3668940e+06   2.1000000e+01
   7.3671080e+06   2.4000000e+01
   7.3676800e+06   2.8000000e+01
   7.3677080e+06   2.9000000e+01
   7.3677830e+06   1.8000000e+01
   7.3681030e+06   2.1000000e+01
   7.3682450e+06   2.7000000e+01
   7.3683060e+06   2.3000000e+01
   7.3684470e+06   2.5000000e+01
   7.3686080e+06   1.9000000e+01
   7.3687120e+06   2.3000000e+01
   7.3690080e+06   2.2000000e+01
   7.3695420e+06   1.9000000e+01
   7.3698060e+06   1.8000000e+01
   7.3704910e+06   2.2000000e+01
   7.3712520e+06   1.8000000e+01
   7.3731460e+06   2.2000000e+01
   7.3734850e+06   1.8000000e+01
   7.3735240e+06   2.3000000e+01
   7.3739830e+06   2.5000000e+01
   7.3740430e+06   3.4000000e+01
   7.3741290e+06   2.1000000e+01
   7.3741560e+06   2.5000000e+01
   7.3742990e+06   1.8000000e+01
   7.3745570e+06   2.2000000e+01
   7.3746360e+06   2.3000000e+01
   7.3747050e+06   1.9000000e+01
   7.3747730e+06   1.8000000e+01
   7.3749200e+06   1.8000000e+01
   7.3751550e+06   1.8000000e+01
   7.3756890e+06   2.6000000e+01
   7.3757450e+06   3.5000000e+01
   7.3758020e+06   2.5000000e+01
   7.3762880e+06   2.4000000e+01
   7.3768960e+06   2.0000000e+01
   7.3769810e+06   1.8000000e+01
   7.3778780e+06   2.0000000e+01
   7.3779830e+06   1.8000000e+01
   7.3782230e+06   2.6000000e+01
   7.3783130e+06   2.4000000e+01
   7.3791530e+06   1.9000000e+01
   7.3795160e+06   2.7000000e+01
   7.3796360e+06   2.6000000e+01
   7.3797730e+06   2.1000000e+01
   7.3800060e+06   2.3000000e+01
   7.3804820e+06   2.2000000e+01
   7.3805640e+06   1.8000000e+01
   7.3815990e+06   2.2000000e+01
   7.3816660e+06   2.1000000e+01
   7.3826450e+06   2.0000000e+01
   7.3844020e+06   2.0000000e+01
   7.3848540e+06   2.2000000e+01
   7.3865160e+06   2.0000000e+01
   7.3889800e+06   1.8000000e+01
   7.3896470e+06   2.9000000e+01
   7.3903450e+06   1.9000000e+01
   7.3929060e+06   1.8000000e+01
   7.3932250e+06   7.5000000e+01
   7.3932660e+06   2.1000000e+01
   7.3932990e+06   2.5000000e+01
   7.4036610e+06   1.8000000e+01
   7.4090300e+06   1.9000000e+01
