   7.5000000e+06   0.0000000e+00
   1.0041000e+05   1.7000000e+01
   1.0194700e+05   1.7000000e+01
   1.0390000e+05   1.8000000e+01
   1.0597400e+05   1.9000000e+01
   1.0611000e+05   1.8000000e+01
   1.0617100e+05   1.8000000e+01
   1.0627500e+05   1.8000000e+01
   1.0650600e+05   2.0000000e+01
   1.0661900e+05   1.9000000e+01
   1.0667700e+05   1.9000000e+01
   1.0674300e+05   2.0000000e+01
   1.0681700e+05   1.8000000e+01
   1.0689800e+05   1.8000000e+01
   1.0700300e+05   1.9000000e+01
   1.0707800e+05   1.9000000e+01
   1.0724000e+05   1.7000000e+01
   1.0730100e+05   1.7000000e+01
   1.0739400e+05   2.1000000e+01
   1.0744300e+05   2.0000000e+01
   1.0747400e+05   2.3000000e+01
   1.0764200e+05   1.7000000e+01
   1.0768600e+05   1.7000000e+01
   1.0774400e+05   1.9000000e+01
   1.0783100e+05   2.0000000e+01
   1.0792200e+05   1.7000000e+01
   1.0796400e+05   2.1000000e+01
   1.0809600e+05   2.0000000e+01
   1.0818800e+05   2.0000000e+01
   1.0835200e+05   1.7000000e+01
   1.0853000e+05   1.9000000e+01
   1.0860600e+05   2.6000000e+01
   1.0882700e+05   1.7000000e+01
   1.0888000e+05   1.7000000e+01
   1.0900200e+05   2.2000000e+01
   1.0905300e+05   2.1000000e+01
   1.0915900e+05   1.7000000e+01
   1.0922800e+05   2.3000000e+01
   1.0937500e+05   2.1000000e+01
   1.0941100e+05   1.9000000e+01
   1.0969300e+05   2.0000000e+01
   1.0973500e+05   2.5000000e+01
   1.0999100e+05   1.9000000e+01
   1.1008000e+05   2.0000000e+01
   1.1013700e+05   1.7000000e+01
   1.1028400e+05   1.7000000e+01
   1.1036700e+05   1.7000000e+01
   1.1073200e+05   1.7000000e+01
   1.1082300e+05   1.8000000e+01
   1.1086200e+05   2.2000000e+01
   1.1103600e+05   1.9000000e+01
   1.1118800e+05   1.7000000e+01
   1.1160400e+05   1.7000000e+01
   1.1167100e+05   2.8000000e+01
   1.1213300e+05   1.8000000e+01
   1.1220000e+05   1.8000000e+01
   1.1286300e+05   1.9000000e+01
   1.1309500e+05   1.9000000e+01
   1.1414600e+05   2.0000000e+01
   1.1418400e+05   2.2000000e+01
   1.1423400e+05   2.7000000e+01
   1.1479500e+05   1.7000000e+01
   1.1521100e+05   1.7000000e+01
   1.1607200e+05   1.7000000e+01
   1.1709600e+05   1.7000000e+01
   1.1826400e+05   1.7000000e+01
   1.1832400e+05   1.7000000e+01
   1.1926400e+05   1.7000000e+01
   1.1988100e+05   1.7000000e+01
   1.2193200e+05   2.1000000e+01
   1.2364300e+05   1.8000000e+01
   1.2427700e+05   2.1000000e+01
   1.2433900e+05   2.0000000e+01
   1.2483000e+05   1.7000000e+01
   1.2858600e+05   1.9000000e+01
   1.3059700e+05   1.7000000e+01
   2.8127300e+05   1.8000000e+01
   2.9931100e+05   2.0000000e+01
   2.9952600e+05   2.6000000e+01
   2.9967300e+05   2.2000000e+01
   2.9981000e+05   2.0000000e+01
   2.9999200e+05   2.3000000e+01
   3.0002300e+05   2.8000000e+01
   3.0009300e+05   1.9000000e+01
   3.0025000e+05   2.0000000e+01
   3.0033400e+05   1.9000000e+01
   3.0050100e+05   2.7000000e+01
   3.0071600e+05   1.7000000e+01
   3.0078300e+05   2.4000000e+01
   3.0084800e+05   2.8000000e+01
   3.0089800e+05   2.7000000e+01
   3.0099500e+05   1.8000000e+01
   3.0105000e+05   2.0000000e+01
   3.0113400e+05   2.4000000e+01
   3.0120700e+05   2.6000000e+01
   3.0143300e+05   1.9000000e+01
   3.0155600e+05   1.9000000e+01
   3.0158700e+05   2.2000000e+01
   3.0168500e+05   1.7000000e+01
   3.0179200e+05   3.1000000e+01
   3.0186400e+05   1.7000000e+01
   3.0229100e+05   2.2000000e+01
   3.0247800e+05   2.0000000e+01
   3.0256600e+05   1.7000000e+01
   3.0292500e+05   1.9000000e+01
   3.0298500e+05   2.3000000e+01
   3.0307200e+05   1.8000000e+01
   3.0310600e+05   2.0000000e+01
   3.0333700e+05   2.0000000e+01
   3.0358500e+05   1.7000000e+01
   3.0361900e+05   1.8000000e+01
   3.0380300e+05   2.0000000e+01
   3.0422900e+05   1.8000000e+01
   3.0434300e+05   1.7000000e+01
   3.0477300e+05   1.7000000e+01
   3.0527700e+05   1.7000000e+01
   3.0553600e+05   1.7000000e+01
   3.0559200e+05   2.0000000e+01
   3.0599200e+05   1.8000000e+01
   3.0924500e+05   1.7000000e+01
   3.1001900e+05   1.7000000e+01
   3.1111500e+05   2.1000000e+01
   3.1146600e+05   1.9000000e+01
   3.1150600e+05   1.9000000e+01
   3.1338000e+05   1.9000000e+01
   3.1408600e+05   1.7000000e+01
   3.1567200e+05   1.8000000e+01
   3.1573400e+05   1.7000000e+01
   3.1607100e+05   1.7000000e+01
   3.1639700e+05   1.9000000e+01
   3.1705700e+05   1.9000000e+01
   3.1737300e+05   1.7000000e+01
   3.1998500e+05   1.7000000e+01
   5.4546900e+05   1.7000000e+01
   5.4958700e+05   1.8000000e+01
   5.5082600e+05   2.0000000e+01
   5.5262700e+05   1.8000000e+01
   6.2271200e+05   1.7000000e+01
   6.2427300e+05   2.0000000e+01
   6.2433600e+05   2.0000000e+01
   6.2474700e+05   2.3000000e+01
   6.2484000e+05   2.0000000e+01
   6.2503500e+05   1.7000000e+01
   6.2517700e+05   2.8000000e+01
   6.2538400e+05   1.7000000e+01
   6.2545800e+05   1.7000000e+01
   6.2548500e+05   2.1000000e+01
   6.2560200e+05   2.5000000e+01
   6.2565500e+05   1.8000000e+01
   6.2574400e+05   2.3000000e+01
   6.2585000e+05   1.9000000e+01
   6.2593000e+05   2.4000000e+01
   6.2600900e+05   1.7000000e+01
   6.2605000e+05   2.8000000e+01
   6.2612200e+05   1.9000000e+01
   6.2623000e+05   2.0000000e+01
   6.2630500e+05   1.7000000e+01
   6.2636600e+05   2.6000000e+01
   6.2639400e+05   2.1000000e+01
   6.2650400e+05   1.9000000e+01
   6.2674500e+05   2.5000000e+01
   6.2688400e+05   1.7000000e+01
   6.2697900e+05   1.8000000e+01
   6.2700600e+05   2.5000000e+01
   6.2709600e+05   1.7000000e+01
   6.2727000e+05   2.0000000e+01
   6.2753000e+05   1.8000000e+01
   6.2794100e+05   2.0000000e+01
   6.2820900e+05   2.0000000e+01
   6.2823400e+05   2.2000000e+01
   6.2863600e+05   2.1000000e+01
   6.2915800e+05   1.8000000e+01
   6.2928400e+05   1.9000000e+01
   6.2965800e+05   2.0000000e+01
   6.2973700e+05   1.9000000e+01
   6.3032500e+05   2.1000000e+01
   6.3036700e+05   1.9000000e+01
   6.3158600e+05   2.0000000e+01
   6.3210400e+05   1.7000000e+01
   6.3216800e+05   1.7000000e+01
   6.3319400e+05   1.8000000e+01
   6.3438500e+05   2.0000000e+01
   6.3465200e+05   2.0000000e+01
   6.3496900e+05   1.7000000e+01
   6.3614600e+05   2.1000000e+01
   6.3697600e+05   1.8000000e+01
   6.3865700e+05   1.7000000e+01
   6.3974200e+05   1.8000000e+01
   6.4238900e+05   2.2000000e+01
   6.4441000e+05   1.7000000e+01
   6.4453500e+05   1.9000000e+01
   6.4461700e+05   1.7000000e+01
   6.4859100e+05   1.7000000e+01
   8.6729800e+05   1.8000000e+01
   8.7711800e+05   1.7000000e+01
   8.7758900e+05   1.9000000e+01
   8.7791000e+05   1.8000000e+01
   8.7828700e+05   1.8000000e+01
   8.7875300e+05   1.8000000e+01
   8.7882300e+05   2.0000000e+01
   8.7901900e+05   2.1000000e+01
   8.7924600e+05   2.6000000e+01
   8.7931600e+05   2.1000000e+01
   8.7936700e+05   1.7000000e+01
   8.7946000e+05   1.7000000e+01
   8.7954100e+05   2.9000000e+01
   8.7960500e+05   1.7000000e+01
   8.7983900e+05   2.2000000e+01
   8.7987300e+05   1.7000000e+01
   8.8010700e+05   1.8000000e+01
   8.8016600e+05   1.8000000e+01
   8.8025300e+05   2.4000000e+01
   8.8031800e+05   1.8000000e+01
   8.8037400e+05   2.0000000e+01
   8.8048100e+05   1.8000000e+01
   8.8062400e+05   2.0000000e+01
   8.8067600e+05   2.5000000e+01
   8.8070100e+05   2.3000000e+01
   8.8078000e+05   2.4000000e+01
   8.8082300e+05   1.7000000e+01
   8.8094600e+05   1.8000000e+01
   8.8103700e+05   2.6000000e+01
   8.8107400e+05   2.9000000e+01
   8.8114800e+05   1.9000000e+01
   8.8134200e+05   1.7000000e+01
   8.8140600e+05   2.2000000e+01
   8.8175600e+05   1.9000000e+01
   8.8180400e+05   1.8000000e+01
   8.8196300e+05   1.7000000e+01
   8.8232400e+05   2.4000000e+01
   8.8237700e+05   1.8000000e+01
   8.8241800e+05   1.8000000e+01
   8.8288000e+05   2.0000000e+01
   8.8294000e+05   1.7000000e+01
   8.8306700e+05   1.8000000e+01
   8.8321100e+05   1.7000000e+01
   8.8359700e+05   2.0000000e+01
   8.8366800e+05   2.2000000e+01
   8.8378900e+05   1.7000000e+01
   8.8388700e+05   1.7000000e+01
   8.8392600e+05   2.1000000e+01
   8.8400300e+05   1.9000000e+01
   8.8478200e+05   1.8000000e+01
   8.8487500e+05   1.9000000e+01
   8.8492000e+05   1.7000000e+01
   8.8511100e+05   1.7000000e+01
   8.8642400e+05   1.7000000e+01
   8.8727500e+05   1.7000000e+01
   8.8783200e+05   1.8000000e+01
   8.8960600e+05   1.7000000e+01
   8.9007100e+05   1.9000000e+01
   8.9176500e+05   1.7000000e+01
   8.9328400e+05   1.8000000e+01
   8.9333900e+05   2.1000000e+01
   8.9419400e+05   2.0000000e+01
   8.9425100e+05   2.0000000e+01
   8.9747000e+05   1.7000000e+01
   1.1818440e+06   1.7000000e+01
   1.1821990e+06   1.8000000e+01
   1.1825700e+06   1.8000000e+01
   1.1826970e+06   1.8000000e+01
   1.1828130e+06   1.8000000e+01
   1.1829670e+06   1.8000000e+01
   1.1830750e+06   2.1000000e+01
   1.1832030e+06   2.1000000e+01
   1.1832520e+06   3.2000000e+01
   1.1833330e+06   2.3000000e+01
   1.1834030e+06   1.8000000e+01
   1.1834520e+06   3.1000000e+01
   1.1834990e+06   1.8000000e+01
   1.1836840e+06   3.0000000e+01
   1.1837870e+06   1.7000000e+01
   1.1838650e+06   2.1000000e+01
   1.1839100e+06   3.0000000e+01
   1.1840190e+06   1.9000000e+01
   1.1840710e+06   1.8000000e+01
   1.1841760e+06   1.8000000e+01
   1.1842750e+06   2.1000000e+01
   1.1843660e+06   2.4000000e+01
   1.1844090e+06   2.0000000e+01
   1.1844810e+06   2.4000000e+01
   1.1847020e+06   1.8000000e+01
   1.1847370e+06   1.8000000e+01
   1.1848500e+06   2.1000000e+01
   1.1849310e+06   2.5000000e+01
   1.1850050e+06   2.0000000e+01
   1.1850830e+06   1.8000000e+01
   1.1851080e+06   1.9000000e+01
   1.1852970e+06   1.9000000e+01
   1.1854220e+06   1.8000000e+01
   1.1855140e+06   1.7000000e+01
   1.1857300e+06   1.8000000e+01
   1.1858080e+06   1.8000000e+01
   1.1860400e+06   1.8000000e+01
   1.1861520e+06   1.8000000e+01
   1.1862090e+06   1.7000000e+01
   1.1865770e+06   1.7000000e+01
   1.1867100e+06   1.8000000e+01
   1.1869620e+06   1.7000000e+01
   1.1871490e+06   2.2000000e+01
   1.1872930e+06   1.8000000e+01
   1.1873920e+06   1.8000000e+01
   1.1874720e+06   1.7000000e+01
   1.1883660e+06   1.8000000e+01
   1.1891690e+06   1.7000000e+01
   1.1893170e+06   1.9000000e+01
   1.1895050e+06   1.7000000e+01
   1.1900260e+06   1.8000000e+01
   1.1903420e+06   1.7000000e+01
   1.1904220e+06   1.7000000e+01
   1.1908950e+06   1.8000000e+01
   1.1909240e+06   2.2000000e+01
   1.1930550e+06   1.8000000e+01
   1.1940270e+06   1.7000000e+01
   1.1954310e+06   1.7000000e+01
   1.1962890e+06   1.7000000e+01
   1.1972870e+06   1.7000000e+01
   1.1988600e+06   1.7000000e+01
   1.1994220e+06   1.7000000e+01
   1.1996820e+06   1.7000000e+01
   1.2021180e+06   1.8000000e+01
   1.2022100e+06   1.8000000e+01
   1.2022660e+06   1.7000000e+01
   1.2023600e+06   2.0000000e+01
   1.2028200e+06   1.7000000e+01
   1.2028780e+06   1.7000000e+01
   1.2031700e+06   1.7000000e+01
   1.2033650e+06   1.8000000e+01
   1.2034610e+06   1.8000000e+01
   1.2039780e+06   1.7000000e+01
   1.2048840e+06   1.8000000e+01
   1.2052210e+06   1.8000000e+01
   1.2054020e+06   1.7000000e+01
   1.2055350e+06   1.7000000e+01
   1.2065220e+06   1.7000000e+01
   1.2065650e+06   1.8000000e+01
   1.2071690e+06   1.8000000e+01
   1.2084990e+06   1.8000000e+01
   1.2085320e+06   1.7000000e+01
   1.2094260e+06   1.7000000e+01
   1.2097000e+06   1.9000000e+01
   1.2136350e+06   2.0000000e+01
   1.2141600e+06   1.8000000e+01
   1.2156990e+06   1.8000000e+01
   1.5400920e+06   1.7000000e+01
   1.5402620e+06   1.8000000e+01
   1.5403870e+06   1.7000000e+01
   1.5406820e+06   2.0000000e+01
   1.5409890e+06   1.7000000e+01
   1.5411770e+06   1.7000000e+01
   1.5414550e+06   2.0000000e+01
   1.5417030e+06   1.8000000e+01
   1.5417620e+06   1.9000000e+01
   1.5418250e+06   1.8000000e+01
   1.5419160e+06   1.7000000e+01
   1.5419720e+06   2.0000000e+01
   1.5420250e+06   2.4000000e+01
   1.5421360e+06   1.7000000e+01
   1.5423290e+06   1.8000000e+01
   1.5424170e+06   2.4000000e+01
   1.5425660e+06   1.7000000e+01
   1.5426340e+06   4.6000000e+01
   1.5426910e+06   1.9000000e+01
   1.5427920e+06   2.0000000e+01
   1.5428870e+06   2.0000000e+01
   1.5429230e+06   1.8000000e+01
   1.5430170e+06   2.3000000e+01
   1.5430540e+06   4.5000000e+01
   1.5430820e+06   2.2000000e+01
   1.5431750e+06   1.7000000e+01
   1.5432390e+06   2.1000000e+01
   1.5432890e+06   2.2000000e+01
   1.5433560e+06   1.7000000e+01
   1.5435370e+06   2.1000000e+01
   1.5436130e+06   1.9000000e+01
   1.5440520e+06   1.7000000e+01
   1.5441730e+06   1.7000000e+01
   1.5441990e+06   1.8000000e+01
   1.5442680e+06   1.8000000e+01
   1.5443720e+06   2.6000000e+01
   1.5444600e+06   1.9000000e+01
   1.5448190e+06   1.9000000e+01
   1.5449190e+06   1.8000000e+01
   1.5451400e+06   1.8000000e+01
   1.5451650e+06   1.8000000e+01
   1.5453000e+06   1.8000000e+01
   1.5455770e+06   1.9000000e+01
   1.5458150e+06   2.1000000e+01
   1.5458430e+06   1.8000000e+01
   1.5462600e+06   2.4000000e+01
   1.5466300e+06   2.1000000e+01
   1.5477430e+06   1.7000000e+01
   1.5483080e+06   2.1000000e+01
   1.5484070e+06   1.7000000e+01
   1.5485810e+06   1.7000000e+01
   1.5499240e+06   1.9000000e+01
   1.5502380e+06   1.7000000e+01
   1.5502730e+06   1.8000000e+01
   1.5505550e+06   1.8000000e+01
   1.5505920e+06   2.0000000e+01
   1.5516700e+06   1.7000000e+01
   1.5523260e+06   1.7000000e+01
   1.5529710e+06   1.9000000e+01
   1.5532750e+06   1.7000000e+01
   1.5536410e+06   1.9000000e+01
   1.5537480e+06   1.7000000e+01
   1.5556900e+06   1.7000000e+01
   1.5564070e+06   1.7000000e+01
   1.5572780e+06   1.7000000e+01
   1.5581260e+06   1.7000000e+01
   1.5599690e+06   2.3000000e+01
   1.5629080e+06   1.7000000e+01
   1.5640610e+06   1.7000000e+01
   1.5641820e+06   1.7000000e+01
   1.5658480e+06   1.8000000e+01
   1.5660120e+06   1.7000000e+01
   1.5681440e+06   1.7000000e+01
   1.5719100e+06   1.7000000e+01
   1.6800060e+06   1.7000000e+01
   1.6801170e+06   1.7000000e+01
   1.6807690e+06   1.9000000e+01
   1.6819690e+06   1.7000000e+01
   1.6824740e+06   1.7000000e+01
   1.6826840e+06   1.8000000e+01
   1.6829830e+06   2.4000000e+01
   1.6830960e+06   1.8000000e+01
   1.6832570e+06   1.7000000e+01
   1.6833930e+06   2.1000000e+01
   1.6835260e+06   1.8000000e+01
   1.6836130e+06   1.9000000e+01
   1.6837580e+06   1.7000000e+01
   1.6838150e+06   1.8000000e+01
   1.6839160e+06   1.8000000e+01
   1.6840020e+06   2.0000000e+01
   1.6840580e+06   1.8000000e+01
   1.6844150e+06   2.0000000e+01
   1.6845120e+06   1.8000000e+01
   1.6845890e+06   1.9000000e+01
   1.6846260e+06   2.4000000e+01
   1.6849980e+06   1.8000000e+01
   1.6850880e+06   1.7000000e+01
   1.6852470e+06   2.0000000e+01
   1.6857180e+06   1.7000000e+01
   1.6859350e+06   2.1000000e+01
   1.6860410e+06   1.7000000e+01
   1.6861670e+06   1.8000000e+01
   1.6865310e+06   2.1000000e+01
   1.6867810e+06   1.7000000e+01
   1.6871990e+06   2.5000000e+01
   1.6881510e+06   1.9000000e+01
   1.6882140e+06   2.2000000e+01
   1.6893760e+06   1.7000000e+01
   1.6894360e+06   2.2000000e+01
   1.6896220e+06   1.9000000e+01
   1.6922200e+06   1.8000000e+01
   1.6925820e+06   2.0000000e+01
   1.6986130e+06   1.7000000e+01
   1.7708050e+06   1.7000000e+01
   1.8609660e+06   1.8000000e+01
   2.0682930e+06   1.7000000e+01
   2.0684450e+06   1.7000000e+01
   2.0685800e+06   1.9000000e+01
   2.0687790e+06   1.8000000e+01
   2.0688350e+06   1.7000000e+01
   2.0692620e+06   1.8000000e+01
   2.0694210e+06   1.7000000e+01
   2.0694850e+06   2.1000000e+01
   2.0695550e+06   1.9000000e+01
   2.0696190e+06   2.1000000e+01
   2.0697010e+06   1.8000000e+01
   2.0698470e+06   1.7000000e+01
   2.0699990e+06   2.2000000e+01
   2.0700760e+06   2.2000000e+01
   2.0701410e+06   1.7000000e+01
   2.0701830e+06   3.2000000e+01
   2.0702330e+06   1.8000000e+01
   2.0702670e+06   2.4000000e+01
   2.0703990e+06   1.8000000e+01
   2.0704520e+06   2.1000000e+01
   2.0704880e+06   1.8000000e+01
   2.0705910e+06   2.5000000e+01
   2.0707010e+06   2.2000000e+01
   2.0707590e+06   2.9000000e+01
   2.0708150e+06   2.2000000e+01
   2.0708920e+06   1.7000000e+01
   2.0709640e+06   1.7000000e+01
   2.0710200e+06   1.7000000e+01
   2.0711570e+06   1.8000000e+01
   2.0712730e+06   2.5000000e+01
   2.0713740e+06   1.7000000e+01
   2.0714430e+06   1.7000000e+01
   2.0715160e+06   2.2000000e+01
   2.0716990e+06   1.8000000e+01
   2.0717420e+06   1.7000000e+01
   2.0718730e+06   1.8000000e+01
   2.0719400e+06   1.7000000e+01
   2.0721150e+06   2.1000000e+01
   2.0721440e+06   2.5000000e+01
   2.0722790e+06   2.1000000e+01
   2.0724800e+06   1.8000000e+01
   2.0726500e+06   1.9000000e+01
   2.0727340e+06   2.0000000e+01
   2.0728150e+06   2.2000000e+01
   2.0731820e+06   2.4000000e+01
   2.0737720e+06   2.5000000e+01
   2.0740520e+06   1.7000000e+01
   2.0744300e+06   1.8000000e+01
   2.0744780e+06   1.9000000e+01
   2.0751530e+06   1.7000000e+01
   2.0752110e+06   2.7000000e+01
   2.0752420e+06   2.8000000e+01
   2.0758240e+06   2.1000000e+01
   2.0763390e+06   2.2000000e+01
   2.0763660e+06   2.2000000e+01
   2.0770880e+06   2.0000000e+01
   2.0778760e+06   2.2000000e+01
   2.0779190e+06   1.8000000e+01
   2.0793790e+06   1.7000000e+01
   2.0794260e+06   2.0000000e+01
   2.0795210e+06   1.7000000e+01
   2.0796120e+06   1.7000000e+01
   2.0800970e+06   1.8000000e+01
   2.0833080e+06   1.7000000e+01
   2.0835230e+06   1.7000000e+01
   2.0839590e+06   1.7000000e+01
   2.0846370e+06   1.7000000e+01
   2.0850150e+06   1.7000000e+01
   2.0859080e+06   1.7000000e+01
   2.0877450e+06   2.1000000e+01
   2.0911320e+06   1.9000000e+01
   2.0918160e+06   2.2000000e+01
   2.0919440e+06   1.8000000e+01
   2.0925580e+06   1.8000000e+01
   2.0930980e+06   1.8000000e+01
   2.0931610e+06   1.8000000e+01
   2.0932680e+06   1.7000000e+01
   2.0933890e+06   2.0000000e+01
   2.0942460e+06   1.9000000e+01
   2.0957890e+06   2.6000000e+01
   2.0987050e+06   1.9000000e+01
   2.0993300e+06   1.9000000e+01
   2.0997260e+06   1.8000000e+01
   2.1014770e+06   1.7000000e+01
   2.1033800e+06   2.0000000e+01
   2.3807190e+06   1.8000000e+01
   2.3812140e+06   1.9000000e+01
   2.3813100e+06   1.7000000e+01
   2.3829820e+06   1.9000000e+01
   2.3837060e+06   1.9000000e+01
   2.3837610e+06   3.1000000e+01
   2.3838350e+06   1.9000000e+01
   2.3838650e+06   2.0000000e+01
   2.3839700e+06   2.1000000e+01
   2.3840270e+06   1.7000000e+01
   2.3841080e+06   2.5000000e+01
   2.3843180e+06   1.7000000e+01
   2.3843950e+06   1.7000000e+01
   2.3844620e+06   2.5000000e+01
   2.3845020e+06   2.2000000e+01
   2.3846010e+06   1.9000000e+01
   2.3846770e+06   2.6000000e+01
   2.3847420e+06   1.7000000e+01
   2.3848230e+06   2.0000000e+01
   2.3848690e+06   1.9000000e+01
   2.3849500e+06   1.7000000e+01
   2.3850340e+06   2.7000000e+01
   2.3851790e+06   1.7000000e+01
   2.3852140e+06   2.3000000e+01
   2.3853100e+06   1.8000000e+01
   2.3853860e+06   2.2000000e+01
   2.3854730e+06   1.9000000e+01
   2.3856030e+06   1.8000000e+01
   2.3856340e+06   1.9000000e+01
   2.3858200e+06   1.9000000e+01
   2.3858980e+06   2.0000000e+01
   2.3859450e+06   1.8000000e+01
   2.3860110e+06   1.8000000e+01
   2.3860600e+06   2.0000000e+01
   2.3862380e+06   1.7000000e+01
   2.3863730e+06   1.9000000e+01
   2.3865460e+06   2.0000000e+01
   2.3866840e+06   2.1000000e+01
   2.3868730e+06   1.8000000e+01
   2.3872780e+06   1.9000000e+01
   2.3874980e+06   1.7000000e+01
   2.3880400e+06   1.8000000e+01
   2.3889710e+06   1.7000000e+01
   2.3892020e+06   1.7000000e+01
   2.3894190e+06   1.8000000e+01
   2.3898370e+06   1.7000000e+01
   2.3901840e+06   1.7000000e+01
   2.3907680e+06   1.9000000e+01
   2.3913430e+06   1.7000000e+01
   2.3917410e+06   2.1000000e+01
   2.3925720e+06   1.7000000e+01
   2.3936170e+06   1.8000000e+01
   2.3939420e+06   1.7000000e+01
   2.3949010e+06   2.0000000e+01
   2.3954150e+06   1.9000000e+01
   2.3959490e+06   1.7000000e+01
   2.3963730e+06   1.9000000e+01
   2.3972530e+06   1.9000000e+01
   2.3979020e+06   1.7000000e+01
   2.3990250e+06   1.7000000e+01
   2.4009630e+06   1.7000000e+01
   2.4061510e+06   1.8000000e+01
   2.5774690e+06   1.7000000e+01
   2.5776760e+06   1.8000000e+01
   2.5777860e+06   1.9000000e+01
   2.5780930e+06   1.7000000e+01
   2.5782340e+06   1.7000000e+01
   2.5799430e+06   1.7000000e+01
   2.5799680e+06   2.2000000e+01
   2.5805720e+06   1.9000000e+01
   2.5806480e+06   1.7000000e+01
   2.5808760e+06   2.0000000e+01
   2.5809470e+06   2.4000000e+01
   2.5810150e+06   1.7000000e+01
   2.5810810e+06   1.7000000e+01
   2.5811820e+06   1.7000000e+01
   2.5812240e+06   1.7000000e+01
   2.5813000e+06   2.3000000e+01
   2.5813690e+06   1.8000000e+01
   2.5815120e+06   1.8000000e+01
   2.5817290e+06   1.7000000e+01
   2.5818350e+06   2.1000000e+01
   2.5819190e+06   1.7000000e+01
   2.5819540e+06   1.7000000e+01
   2.5819870e+06   2.0000000e+01
   2.5821100e+06   1.7000000e+01
   2.5821590e+06   1.9000000e+01
   2.5822410e+06   1.7000000e+01
   2.5823020e+06   2.0000000e+01
   2.5824990e+06   2.0000000e+01
   2.5826150e+06   1.8000000e+01
   2.5827860e+06   1.9000000e+01
   2.5829030e+06   1.7000000e+01
   2.5830250e+06   1.7000000e+01
   2.5831870e+06   1.7000000e+01
   2.5833730e+06   2.2000000e+01
   2.5834490e+06   1.9000000e+01
   2.5839240e+06   1.8000000e+01
   2.5841120e+06   1.7000000e+01
   2.5843890e+06   1.9000000e+01
   2.5844700e+06   1.7000000e+01
   2.5845960e+06   1.8000000e+01
   2.5849730e+06   1.7000000e+01
   2.5852010e+06   1.7000000e+01
   2.5855080e+06   1.8000000e+01
   2.5859980e+06   2.0000000e+01
   2.5862610e+06   1.7000000e+01
   2.5867280e+06   2.0000000e+01
   2.5867680e+06   1.8000000e+01
   2.5868490e+06   1.7000000e+01
   2.5872900e+06   1.8000000e+01
   2.5881790e+06   1.8000000e+01
   2.5882490e+06   1.9000000e+01
   2.5885980e+06   1.7000000e+01
   2.5896220e+06   1.7000000e+01
   2.5899690e+06   2.0000000e+01
   2.5909260e+06   1.8000000e+01
   2.5915390e+06   1.7000000e+01
   2.5932700e+06   1.7000000e+01
   2.5933150e+06   1.7000000e+01
   2.5938250e+06   1.7000000e+01
   2.5943010e+06   1.8000000e+01
   2.5948090e+06   1.7000000e+01
   2.5966370e+06   1.8000000e+01
   2.5970050e+06   1.9000000e+01
   2.9405700e+06   1.8000000e+01
   2.9407700e+06   2.1000000e+01
   2.9408940e+06   1.7000000e+01
   2.9410510e+06   1.7000000e+01
   2.9410880e+06   2.1000000e+01
   2.9411520e+06   1.7000000e+01
   2.9413060e+06   2.0000000e+01
   2.9413480e+06   1.8000000e+01
   2.9413730e+06   2.5000000e+01
   2.9415240e+06   2.5000000e+01
   2.9416680e+06   1.7000000e+01
   2.9417530e+06   2.5000000e+01
   2.9417880e+06   2.6000000e+01
   2.9418550e+06   1.7000000e+01
   2.9419440e+06   2.2000000e+01
   2.9419880e+06   2.6000000e+01
   2.9420510e+06   1.8000000e+01
   2.9421230e+06   2.0000000e+01
   2.9421820e+06   1.9000000e+01
   2.9422120e+06   1.8000000e+01
   2.9424060e+06   1.8000000e+01
   2.9425170e+06   1.8000000e+01
   2.9425560e+06   1.8000000e+01
   2.9426460e+06   2.7000000e+01
   2.9427720e+06   1.8000000e+01
   2.9428690e+06   2.0000000e+01
   2.9429230e+06   2.0000000e+01
   2.9429950e+06   2.5000000e+01
   2.9430800e+06   1.7000000e+01
   2.9431510e+06   2.1000000e+01
   2.9432080e+06   3.8000000e+01
   2.9432440e+06   2.2000000e+01
   2.9434870e+06   1.8000000e+01
   2.9435360e+06   1.7000000e+01
   2.9436390e+06   2.3000000e+01
   2.9439550e+06   1.7000000e+01
   2.9440470e+06   1.8000000e+01
   2.9440730e+06   1.7000000e+01
   2.9442330e+06   1.9000000e+01
   2.9443150e+06   2.7000000e+01
   2.9443520e+06   2.0000000e+01
   2.9448370e+06   1.9000000e+01
   2.9449800e+06   2.1000000e+01
   2.9450920e+06   2.2000000e+01
   2.9452800e+06   1.8000000e+01
   2.9455040e+06   2.1000000e+01
   2.9459670e+06   1.8000000e+01
   2.9460890e+06   1.7000000e+01
   2.9462070e+06   1.8000000e+01
   2.9466180e+06   1.7000000e+01
   2.9471260e+06   1.9000000e+01
   2.9472460e+06   1.8000000e+01
   2.9473120e+06   1.7000000e+01
   2.9474640e+06   1.9000000e+01
   2.9475300e+06   1.7000000e+01
   2.9479530e+06   1.7000000e+01
   2.9495560e+06   2.0000000e+01
   2.9500340e+06   1.7000000e+01
   2.9508110e+06   1.7000000e+01
   2.9516160e+06   1.7000000e+01
   2.9519760e+06   1.7000000e+01
   2.9524230e+06   1.7000000e+01
   2.9526160e+06   1.8000000e+01
   2.9532010e+06   1.7000000e+01
   2.9534240e+06   1.7000000e+01
   2.9536070e+06   1.8000000e+01
   2.9544640e+06   1.8000000e+01
   2.9545660e+06   1.9000000e+01
   2.9553470e+06   1.8000000e+01
   2.9567940e+06   1.9000000e+01
   2.9568670e+06   1.8000000e+01
   2.9579150e+06   1.8000000e+01
   2.9587610e+06   1.7000000e+01
   2.9596020e+06   1.9000000e+01
   2.9603880e+06   1.8000000e+01
   2.9604260e+06   2.2000000e+01
   2.9605550e+06   1.9000000e+01
   2.9611040e+06   1.7000000e+01
   2.9614390e+06   1.7000000e+01
   2.9620930e+06   1.8000000e+01
   2.9630620e+06   1.7000000e+01
   2.9632820e+06   1.8000000e+01
   2.9639630e+06   1.8000000e+01
   2.9640960e+06   1.7000000e+01
   2.9647110e+06   1.9000000e+01
   2.9649170e+06   1.8000000e+01
   2.9658300e+06   1.7000000e+01
   2.9658900e+06   1.8000000e+01
   2.9668040e+06   1.8000000e+01
   2.9678130e+06   1.8000000e+01
   2.9683260e+06   1.8000000e+01
   2.9684670e+06   1.7000000e+01
   2.9684920e+06   2.0000000e+01
   2.9687060e+06   1.9000000e+01
   2.9697940e+06   1.7000000e+01
   2.9718340e+06   1.7000000e+01
   2.9741120e+06   1.7000000e+01
   3.0243880e+06   1.7000000e+01
   3.1636930e+06   2.0000000e+01
   3.1637400e+06   1.7000000e+01
   3.1642600e+06   1.9000000e+01
   3.1645040e+06   1.9000000e+01
   3.1656210e+06   2.1000000e+01
   3.1664480e+06   1.8000000e+01
   3.1667780e+06   2.2000000e+01
   3.1668210e+06   1.9000000e+01
   3.1671200e+06   1.9000000e+01
   3.1671880e+06   1.9000000e+01
   3.1672880e+06   1.7000000e+01
   3.1674050e+06   1.7000000e+01
   3.1674400e+06   2.2000000e+01
   3.1677070e+06   1.8000000e+01
   3.1678460e+06   3.1000000e+01
   3.1680520e+06   1.7000000e+01
   3.1682810e+06   2.6000000e+01
   3.1683410e+06   3.4000000e+01
   3.1683920e+06   2.8000000e+01
   3.1685600e+06   1.9000000e+01
   3.1686940e+06   1.7000000e+01
   3.1689000e+06   1.7000000e+01
   3.1689820e+06   1.7000000e+01
   3.1692000e+06   1.8000000e+01
   3.1692970e+06   2.6000000e+01
   3.1699790e+06   1.7000000e+01
   3.1700250e+06   1.9000000e+01
   3.1700820e+06   2.0000000e+01
   3.1701700e+06   2.0000000e+01
   3.1703920e+06   1.7000000e+01
   3.1706820e+06   1.8000000e+01
   3.1713540e+06   1.8000000e+01
   3.1714430e+06   1.7000000e+01
   3.1715250e+06   1.7000000e+01
   3.1716700e+06   1.8000000e+01
   3.1723620e+06   1.7000000e+01
   3.1726620e+06   1.7000000e+01
   3.1729060e+06   1.7000000e+01
   3.1738580e+06   1.9000000e+01
   3.1746840e+06   2.1000000e+01
   3.1750620e+06   2.2000000e+01
   3.1765570e+06   1.7000000e+01
   3.1770330e+06   1.8000000e+01
   3.1811910e+06   1.7000000e+01
   3.1841610e+06   1.7000000e+01
   3.2264370e+06   1.7000000e+01
   3.6614770e+06   1.7000000e+01
   3.6622980e+06   1.8000000e+01
   3.6624760e+06   1.8000000e+01
   3.6628770e+06   1.9000000e+01
   3.6632650e+06   2.0000000e+01
   3.6632980e+06   1.8000000e+01
   3.6635170e+06   1.7000000e+01
   3.6639410e+06   2.2000000e+01
   3.6639660e+06   2.2000000e+01
   3.6641370e+06   1.9000000e+01
   3.6642300e+06   1.7000000e+01
   3.6642800e+06   2.0000000e+01
   3.6643410e+06   1.9000000e+01
   3.6645230e+06   2.0000000e+01
   3.6647200e+06   2.1000000e+01
   3.6648770e+06   1.7000000e+01
   3.6649370e+06   2.6000000e+01
   3.6650240e+06   1.9000000e+01
   3.6651320e+06   1.7000000e+01
   3.6652370e+06   1.7000000e+01
   3.6653290e+06   2.1000000e+01
   3.6653960e+06   1.8000000e+01
   3.6654590e+06   2.4000000e+01
   3.6655200e+06   1.8000000e+01
   3.6655970e+06   2.3000000e+01
   3.6656830e+06   2.2000000e+01
   3.6657120e+06   1.9000000e+01
   3.6658030e+06   2.6000000e+01
   3.6658470e+06   2.9000000e+01
   3.6659060e+06   1.7000000e+01
   3.6660520e+06   1.8000000e+01
   3.6661130e+06   2.2000000e+01
   3.6662420e+06   1.7000000e+01
   3.6663320e+06   1.7000000e+01
   3.6664190e+06   1.8000000e+01
   3.6665160e+06   1.9000000e+01
   3.6665650e+06   1.7000000e+01
   3.6666680e+06   2.0000000e+01
   3.6667050e+06   1.7000000e+01
   3.6669890e+06   1.9000000e+01
   3.6670250e+06   2.3000000e+01
   3.6670780e+06   1.7000000e+01
   3.6672090e+06   2.9000000e+01
   3.6673340e+06   2.2000000e+01
   3.6674170e+06   2.2000000e+01
   3.6674840e+06   1.9000000e+01
   3.6676360e+06   2.0000000e+01
   3.6676680e+06   1.9000000e+01
   3.6684390e+06   1.8000000e+01
   3.6685270e+06   1.8000000e+01
   3.6685820e+06   2.0000000e+01
   3.6687840e+06   1.8000000e+01
   3.6691500e+06   1.7000000e+01
   3.6697820e+06   1.7000000e+01
   3.6699750e+06   1.7000000e+01
   3.6702930e+06   1.7000000e+01
   3.6703790e+06   1.7000000e+01
   3.6714240e+06   1.9000000e+01
   3.6726620e+06   1.7000000e+01
   3.6727930e+06   1.7000000e+01
   3.6733240e+06   1.8000000e+01
   3.6736490e+06   1.7000000e+01
   3.6744520e+06   1.8000000e+01
   3.6748500e+06   1.8000000e+01
   3.6761850e+06   1.7000000e+01
   3.6762450e+06   1.8000000e+01
   3.6763500e+06   1.7000000e+01
   3.6769740e+06   1.9000000e+01
   3.6786000e+06   1.9000000e+01
   3.6800860e+06   1.7000000e+01
   3.6823260e+06   1.7000000e+01
   3.6857060e+06   2.1000000e+01
   3.6860680e+06   1.7000000e+01
   3.6881940e+06   1.7000000e+01
   3.6882390e+06   2.0000000e+01
   3.6896980e+06   1.9000000e+01
   3.6908670e+06   1.7000000e+01
   3.6912490e+06   2.5000000e+01
   3.6918570e+06   2.1000000e+01
   3.6920460e+06   1.7000000e+01
   3.6921330e+06   2.0000000e+01
   3.6923190e+06   1.9000000e+01
   3.6924030e+06   1.9000000e+01
   3.6927670e+06   1.7000000e+01
   3.6934200e+06   1.7000000e+01
   3.6934560e+06   2.3000000e+01
   3.6936840e+06   1.8000000e+01
   3.6937170e+06   2.3000000e+01
   3.6941770e+06   1.8000000e+01
   3.6942660e+06   2.0000000e+01
   3.6944220e+06   2.1000000e+01
   3.6951290e+06   2.8000000e+01
   3.6955040e+06   2.2000000e+01
   3.6966240e+06   1.7000000e+01
   3.6966760e+06   1.8000000e+01
   3.6968220e+06   1.8000000e+01
   3.6991250e+06   1.7000000e+01
   3.6992650e+06   1.7000000e+01
   3.7015000e+06   1.8000000e+01
   3.7030690e+06   1.8000000e+01
   3.7044730e+06   1.8000000e+01
   3.8780650e+06   1.9000000e+01
   3.8783130e+06   1.7000000e+01
   3.8784300e+06   1.9000000e+01
   3.8790250e+06   1.9000000e+01
   3.8791220e+06   2.1000000e+01
   3.8795430e+06   1.7000000e+01
   3.8797290e+06   1.7000000e+01
   3.8799860e+06   1.9000000e+01
   3.8800610e+06   1.7000000e+01
   3.8801960e+06   1.7000000e+01
   3.8802560e+06   1.8000000e+01
   3.8804160e+06   2.3000000e+01
   3.8805340e+06   1.8000000e+01
   3.8805830e+06   2.3000000e+01
   3.8808280e+06   2.2000000e+01
   3.8808700e+06   2.8000000e+01
   3.8809170e+06   2.0000000e+01
   3.8810710e+06   1.9000000e+01
   3.8811270e+06   2.1000000e+01
   3.8812900e+06   1.9000000e+01
   3.8813490e+06   1.8000000e+01
   3.8815130e+06   1.7000000e+01
   3.8817470e+06   2.0000000e+01
   3.8818610e+06   2.2000000e+01
   3.8820550e+06   1.8000000e+01
   3.8821270e+06   1.9000000e+01
   3.8825720e+06   1.9000000e+01
   3.8826840e+06   1.8000000e+01
   3.8830850e+06   2.3000000e+01
   3.8833740e+06   1.8000000e+01
   3.8835800e+06   2.0000000e+01
   3.8841090e+06   3.4000000e+01
   3.8841380e+06   2.2000000e+01
   3.8841950e+06   1.7000000e+01
   3.8854350e+06   1.7000000e+01
   3.8858950e+06   1.8000000e+01
   3.8909690e+06   1.8000000e+01
   3.8910170e+06   1.9000000e+01
   3.8915370e+06   1.7000000e+01
   4.1805180e+06   2.0000000e+01
   4.1806610e+06   1.8000000e+01
   4.1810610e+06   2.5000000e+01
   4.1814750e+06   2.1000000e+01
   4.1817110e+06   1.8000000e+01
   4.1818810e+06   2.1000000e+01
   4.1819810e+06   1.9000000e+01
   4.1820700e+06   2.1000000e+01
   4.1821450e+06   1.7000000e+01
   4.1822210e+06   2.0000000e+01
   4.1823360e+06   2.0000000e+01
   4.1825700e+06   1.8000000e+01
   4.1826360e+06   2.3000000e+01
   4.1826610e+06   2.1000000e+01
   4.1827300e+06   2.1000000e+01
   4.1829460e+06   2.0000000e+01
   4.1829820e+06   2.2000000e+01
   4.1831010e+06   1.7000000e+01
   4.1832370e+06   2.4000000e+01
   4.1832790e+06   2.4000000e+01
   4.1833270e+06   1.7000000e+01
   4.1834310e+06   2.3000000e+01
   4.1834800e+06   2.6000000e+01
   4.1835140e+06   2.5000000e+01
   4.1835890e+06   2.0000000e+01
   4.1836890e+06   2.4000000e+01
   4.1837420e+06   2.2000000e+01
   4.1838240e+06   1.9000000e+01
   4.1838640e+06   1.7000000e+01
   4.1839100e+06   1.8000000e+01
   4.1839770e+06   2.3000000e+01
   4.1840370e+06   1.8000000e+01
   4.1842280e+06   1.7000000e+01
   4.1844280e+06   1.8000000e+01
   4.1847060e+06   1.7000000e+01
   4.1847310e+06   2.2000000e+01
   4.1848110e+06   1.8000000e+01
   4.1848570e+06   1.8000000e+01
   4.1848840e+06   1.9000000e+01
   4.1850580e+06   1.7000000e+01
   4.1851400e+06   1.8000000e+01
   4.1853270e+06   2.0000000e+01
   4.1854460e+06   1.7000000e+01
   4.1858620e+06   1.7000000e+01
   4.1859480e+06   1.8000000e+01
   4.1860450e+06   1.7000000e+01
   4.1861770e+06   2.0000000e+01
   4.1862020e+06   1.8000000e+01
   4.1865130e+06   1.9000000e+01
   4.1870870e+06   1.7000000e+01
   4.1872160e+06   1.7000000e+01
   4.1874460e+06   2.0000000e+01
   4.1877800e+06   1.7000000e+01
   4.1883770e+06   1.8000000e+01
   4.1888900e+06   1.7000000e+01
   4.1895940e+06   2.0000000e+01
   4.1897190e+06   2.0000000e+01
   4.1904060e+06   1.7000000e+01
   4.1905620e+06   1.7000000e+01
   4.1906380e+06   1.8000000e+01
   4.1907900e+06   2.1000000e+01
   4.1923180e+06   1.8000000e+01
   4.1923690e+06   1.7000000e+01
   4.1937250e+06   1.8000000e+01
   4.1941780e+06   2.0000000e+01
   4.1954300e+06   1.8000000e+01
   4.1961920e+06   1.8000000e+01
   4.1990560e+06   1.7000000e+01
   4.1999750e+06   1.9000000e+01
   4.2031760e+06   1.7000000e+01
   4.2039950e+06   1.7000000e+01
   4.2058550e+06   1.7000000e+01
   4.2063460e+06   1.8000000e+01
   4.2082550e+06   1.8000000e+01
   4.2089260e+06   1.7000000e+01
   4.2090780e+06   1.7000000e+01
   4.2095070e+06   1.9000000e+01
   4.2107850e+06   1.7000000e+01
   4.2121440e+06   1.9000000e+01
   4.4564970e+06   1.7000000e+01
   4.4566840e+06   1.8000000e+01
   4.4568700e+06   1.8000000e+01
   4.4571640e+06   1.9000000e+01
   4.4582300e+06   1.8000000e+01
   4.4587550e+06   1.8000000e+01
   4.4588140e+06   1.7000000e+01
   4.4591490e+06   2.8000000e+01
   4.4591850e+06   1.7000000e+01
   4.4592940e+06   1.8000000e+01
   4.4593600e+06   2.4000000e+01
   4.4594450e+06   1.7000000e+01
   4.4595260e+06   1.9000000e+01
   4.4595980e+06   1.7000000e+01
   4.4598010e+06   1.8000000e+01
   4.4598720e+06   1.8000000e+01
   4.4599410e+06   2.9000000e+01
   4.4602610e+06   2.0000000e+01
   4.4602950e+06   2.0000000e+01
   4.4603870e+06   1.8000000e+01
   4.4604750e+06   2.6000000e+01
   4.4605510e+06   2.0000000e+01
   4.4606010e+06   2.2000000e+01
   4.4607910e+06   1.7000000e+01
   4.4609340e+06   1.7000000e+01
   4.4612970e+06   1.7000000e+01
   4.4614370e+06   1.8000000e+01
   4.4615160e+06   3.5000000e+01
   4.4618320e+06   1.7000000e+01
   4.4622990e+06   1.8000000e+01
   4.4625100e+06   1.8000000e+01
   4.4626600e+06   1.7000000e+01
   4.4634640e+06   1.9000000e+01
   4.4635460e+06   2.3000000e+01
   4.4643070e+06   1.7000000e+01
   4.4646860e+06   1.8000000e+01
   4.4656360e+06   1.7000000e+01
   4.4658120e+06   1.8000000e+01
   4.4658420e+06   2.0000000e+01
   4.4659100e+06   1.7000000e+01
   4.4669330e+06   1.7000000e+01
   4.4671510e+06   2.1000000e+01
   4.4674430e+06   1.7000000e+01
   4.4675520e+06   1.7000000e+01
   4.4690590e+06   2.0000000e+01
   4.4711160e+06   1.8000000e+01
   4.4714880e+06   1.7000000e+01
   4.4735940e+06   1.7000000e+01
   4.4736740e+06   1.7000000e+01
   4.4759250e+06   1.8000000e+01
   4.9715510e+06   1.7000000e+01
   4.9716590e+06   1.8000000e+01
   4.9718520e+06   1.8000000e+01
   4.9720170e+06   1.7000000e+01
   4.9720960e+06   1.7000000e+01
   4.9721580e+06   1.7000000e+01
   4.9722730e+06   1.7000000e+01
   4.9724880e+06   1.8000000e+01
   4.9725250e+06   1.8000000e+01
   4.9725940e+06   2.1000000e+01
   4.9727180e+06   2.0000000e+01
   4.9727910e+06   1.7000000e+01
   4.9728780e+06   1.8000000e+01
   4.9729530e+06   2.2000000e+01
   4.9729990e+06   1.8000000e+01
   4.9730620e+06   3.2000000e+01
   4.9731080e+06   2.5000000e+01
   4.9731590e+06   2.9000000e+01
   4.9732350e+06   3.1000000e+01
   4.9733110e+06   1.7000000e+01
   4.9733670e+06   1.8000000e+01
   4.9734670e+06   2.0000000e+01
   4.9735450e+06   1.8000000e+01
   4.9736280e+06   2.3000000e+01
   4.9736760e+06   2.5000000e+01
   4.9737080e+06   1.8000000e+01
   4.9738170e+06   2.3000000e+01
   4.9738830e+06   1.7000000e+01
   4.9739690e+06   2.1000000e+01
   4.9740240e+06   1.7000000e+01
   4.9741350e+06   1.7000000e+01
   4.9743440e+06   1.7000000e+01
   4.9744020e+06   1.8000000e+01
   4.9744840e+06   1.7000000e+01
   4.9745430e+06   2.1000000e+01
   4.9746240e+06   1.8000000e+01
   4.9749370e+06   2.0000000e+01
   4.9749780e+06   1.7000000e+01
   4.9750410e+06   1.9000000e+01
   4.9752960e+06   1.7000000e+01
   4.9756150e+06   1.9000000e+01
   4.9759440e+06   1.8000000e+01
   4.9762940e+06   1.9000000e+01
   4.9763890e+06   2.2000000e+01
   4.9765600e+06   1.7000000e+01
   4.9771080e+06   1.8000000e+01
   4.9775770e+06   1.7000000e+01
   4.9776090e+06   1.7000000e+01
   4.9777490e+06   1.8000000e+01
   4.9784920e+06   1.7000000e+01
   4.9799040e+06   1.7000000e+01
   4.9806980e+06   1.9000000e+01
   4.9810610e+06   1.7000000e+01
   4.9817950e+06   1.7000000e+01
   4.9826410e+06   1.7000000e+01
   4.9829470e+06   1.7000000e+01
   4.9842040e+06   2.2000000e+01
   4.9853650e+06   1.7000000e+01
   4.9855010e+06   1.8000000e+01
   4.9857790e+06   2.0000000e+01
   4.9861810e+06   1.7000000e+01
   4.9868650e+06   1.7000000e+01
   4.9869280e+06   1.9000000e+01
   4.9873890e+06   1.7000000e+01
   4.9879380e+06   1.9000000e+01
   4.9882330e+06   1.9000000e+01
   4.9893460e+06   1.7000000e+01
   4.9894910e+06   2.1000000e+01
   4.9895320e+06   2.0000000e+01
   4.9903350e+06   1.8000000e+01
   4.9904140e+06   2.2000000e+01
   4.9930680e+06   2.0000000e+01
   4.9937900e+06   1.7000000e+01
   4.9941010e+06   1.7000000e+01
   4.9947560e+06   1.8000000e+01
   4.9951410e+06   1.8000000e+01
   4.9958330e+06   1.7000000e+01
   4.9969010e+06   1.7000000e+01
   4.9975440e+06   1.7000000e+01
   5.0019490e+06   1.7000000e+01
   5.0312530e+06   1.7000000e+01
   5.4242920e+06   1.7000000e+01
   5.4244450e+06   1.7000000e+01
   5.4246340e+06   1.9000000e+01
   5.4253140e+06   2.1000000e+01
   5.4254430e+06   1.9000000e+01
   5.4255840e+06   1.7000000e+01
   5.4257160e+06   2.6000000e+01
   5.4258720e+06   1.8000000e+01
   5.4259900e+06   2.0000000e+01
   5.4260390e+06   2.3000000e+01
   5.4260770e+06   1.9000000e+01
   5.4261550e+06   3.5000000e+01
   5.4262230e+06   3.5000000e+01
   5.4262920e+06   2.0000000e+01
   5.4263360e+06   2.1000000e+01
   5.4264040e+06   1.7000000e+01
   5.4265210e+06   1.7000000e+01
   5.4266040e+06   2.2000000e+01
   5.4267100e+06   2.5000000e+01
   5.4267910e+06   2.2000000e+01
   5.4268800e+06   2.0000000e+01
   5.4270810e+06   2.1000000e+01
   5.4271180e+06   1.7000000e+01
   5.4272300e+06   1.9000000e+01
   5.4275520e+06   1.7000000e+01
   5.4277100e+06   1.7000000e+01
   5.4277580e+06   1.9000000e+01
   5.4280360e+06   1.9000000e+01
   5.4280960e+06   1.8000000e+01
   5.4282410e+06   2.3000000e+01
   5.4283080e+06   2.2000000e+01
   5.4284380e+06   1.7000000e+01
   5.4285690e+06   1.7000000e+01
   5.4286370e+06   2.1000000e+01
   5.4288280e+06   1.8000000e+01
   5.4289820e+06   1.8000000e+01
   5.4293560e+06   1.9000000e+01
   5.4294170e+06   2.0000000e+01
   5.4299400e+06   1.7000000e+01
   5.4300250e+06   2.5000000e+01
   5.4302480e+06   1.7000000e+01
   5.4312430e+06   1.8000000e+01
   5.4314520e+06   2.0000000e+01
   5.4321790e+06   1.7000000e+01
   5.4333250e+06   1.8000000e+01
   5.4337920e+06   1.7000000e+01
   5.4344870e+06   1.7000000e+01
   5.4348950e+06   1.7000000e+01
   5.4356710e+06   1.8000000e+01
   5.4367060e+06   1.9000000e+01
   5.4370460e+06   1.7000000e+01
   5.4371210e+06   2.3000000e+01
   5.4376450e+06   2.2000000e+01
   5.4378100e+06   1.7000000e+01
   5.4378380e+06   1.9000000e+01
   5.4381300e+06   1.9000000e+01
   5.4389220e+06   2.3000000e+01
   5.4399270e+06   1.7000000e+01
   5.4400660e+06   2.0000000e+01
   5.4401770e+06   1.7000000e+01
   5.4404640e+06   1.8000000e+01
   5.4405490e+06   2.1000000e+01
   5.4409940e+06   1.7000000e+01
   5.4411760e+06   1.8000000e+01
   5.4427640e+06   1.7000000e+01
   5.4428590e+06   2.1000000e+01
   5.4433580e+06   1.8000000e+01
   5.4445570e+06   1.7000000e+01
   5.4447980e+06   1.8000000e+01
   5.4450170e+06   1.7000000e+01
   5.4457700e+06   1.7000000e+01
   5.4458640e+06   1.8000000e+01
   5.4461290e+06   1.7000000e+01
   5.4462430e+06   1.9000000e+01
   5.4465940e+06   1.7000000e+01
   5.4467550e+06   2.1000000e+01
   5.4477410e+06   2.0000000e+01
   5.4500960e+06   2.2000000e+01
   5.4507740e+06   1.8000000e+01
   5.4523030e+06   1.9000000e+01
   5.4529390e+06   1.7000000e+01
   5.4539410e+06   1.7000000e+01
   5.5990250e+06   1.8000000e+01
   5.6004320e+06   1.7000000e+01
   5.6028300e+06   2.5000000e+01
   5.6033550e+06   1.7000000e+01
   5.6034380e+06   2.2000000e+01
   5.6035040e+06   1.9000000e+01
   5.6036810e+06   1.8000000e+01
   5.6041070e+06   2.6000000e+01
   5.6042190e+06   1.8000000e+01
   5.6044780e+06   2.2000000e+01
   5.6046470e+06   2.0000000e+01
   5.6046860e+06   1.9000000e+01
   5.6047760e+06   1.7000000e+01
   5.6050160e+06   1.9000000e+01
   5.6050680e+06   1.8000000e+01
   5.6051110e+06   1.8000000e+01
   5.6052010e+06   2.0000000e+01
   5.6052300e+06   1.7000000e+01
   5.6054630e+06   1.9000000e+01
   5.6055500e+06   2.1000000e+01
   5.6055850e+06   2.2000000e+01
   5.6058130e+06   1.7000000e+01
   5.6058510e+06   2.4000000e+01
   5.6060020e+06   2.0000000e+01
   5.6063580e+06   1.8000000e+01
   5.6064400e+06   1.8000000e+01
   5.6066160e+06   2.0000000e+01
   5.6066570e+06   1.7000000e+01
   5.6068150e+06   2.0000000e+01
   5.6069520e+06   1.7000000e+01
   5.6073290e+06   1.8000000e+01
   5.6074490e+06   2.1000000e+01
   5.6082480e+06   1.7000000e+01
   5.6094200e+06   1.7000000e+01
   5.6095030e+06   2.0000000e+01
   5.6102180e+06   1.8000000e+01
   5.6126610e+06   1.8000000e+01
   5.6131610e+06   1.9000000e+01
   5.6141960e+06   2.0000000e+01
   5.6148240e+06   1.8000000e+01
   5.6148490e+06   1.9000000e+01
   5.6156170e+06   1.8000000e+01
   5.6160850e+06   1.7000000e+01
   5.6162560e+06   2.0000000e+01
   6.2140730e+06   1.7000000e+01
   6.2142120e+06   2.0000000e+01
   6.2143800e+06   1.7000000e+01
   6.2149600e+06   2.0000000e+01
   6.2152070e+06   2.3000000e+01
   6.2153690e+06   2.2000000e+01
   6.2154190e+06   1.8000000e+01
   6.2155210e+06   1.9000000e+01
   6.2157120e+06   1.8000000e+01
   6.2157680e+06   2.0000000e+01
   6.2158510e+06   2.7000000e+01
   6.2159330e+06   2.0000000e+01
   6.2159690e+06   3.4000000e+01
   6.2160210e+06   2.6000000e+01
   6.2161610e+06   2.2000000e+01
   6.2162020e+06   3.2000000e+01
   6.2162630e+06   1.9000000e+01
   6.2163380e+06   1.8000000e+01
   6.2164510e+06   2.0000000e+01
   6.2165860e+06   2.2000000e+01
   6.2166720e+06   2.2000000e+01
   6.2167590e+06   1.9000000e+01
   6.2168070e+06   2.3000000e+01
   6.2170490e+06   2.1000000e+01
   6.2170930e+06   2.2000000e+01
   6.2171630e+06   2.1000000e+01
   6.2172930e+06   1.7000000e+01
   6.2173350e+06   2.2000000e+01
   6.2174360e+06   1.7000000e+01
   6.2175180e+06   2.1000000e+01
   6.2175770e+06   1.8000000e+01
   6.2176080e+06   2.8000000e+01
   6.2179050e+06   2.0000000e+01
   6.2179660e+06   2.1000000e+01
   6.2181450e+06   1.9000000e+01
   6.2183690e+06   1.8000000e+01
   6.2193160e+06   2.0000000e+01
   6.2193660e+06   1.7000000e+01
   6.2196590e+06   2.1000000e+01
   6.2198060e+06   2.1000000e+01
   6.2201960e+06   1.9000000e+01
   6.2204650e+06   1.7000000e+01
   6.2205330e+06   2.0000000e+01
   6.2208850e+06   2.3000000e+01
   6.2211400e+06   1.8000000e+01
   6.2215330e+06   1.8000000e+01
   6.2220990e+06   1.8000000e+01
   6.2222800e+06   1.9000000e+01
   6.2224160e+06   1.7000000e+01
   6.2230030e+06   1.7000000e+01
   6.2230910e+06   1.8000000e+01
   6.2262320e+06   1.8000000e+01
   6.2269150e+06   1.7000000e+01
   6.2273550e+06   2.0000000e+01
   6.2277330e+06   1.7000000e+01
   6.2277970e+06   2.3000000e+01
   6.2280950e+06   1.7000000e+01
   6.2284540e+06   1.7000000e+01
   6.2288400e+06   1.7000000e+01
   6.2290860e+06   2.1000000e+01
   6.2300300e+06   1.7000000e+01
   6.2306460e+06   1.9000000e+01
   6.2320020e+06   2.0000000e+01
   6.2326950e+06   1.7000000e+01
   6.2341010e+06   1.7000000e+01
   6.2353040e+06   1.9000000e+01
   6.2374900e+06   1.8000000e+01
   6.2375470e+06   2.0000000e+01
   6.2380800e+06   2.1000000e+01
   6.6663780e+06   1.7000000e+01
   6.6665240e+06   2.3000000e+01
   6.6665520e+06   2.0000000e+01
   6.6666100e+06   2.1000000e+01
   6.6667200e+06   2.3000000e+01
   6.6667570e+06   2.8000000e+01
   6.6667960e+06   2.1000000e+01
   6.6669950e+06   1.9000000e+01
   6.6670390e+06   1.7000000e+01
   6.6671560e+06   1.8000000e+01
   6.6672550e+06   2.0000000e+01
   6.6673130e+06   2.4000000e+01
   6.6674060e+06   1.8000000e+01
   6.6675270e+06   1.8000000e+01
   6.6676080e+06   2.2000000e+01
   6.6677100e+06   1.8000000e+01
   6.6677680e+06   2.0000000e+01
   6.6678210e+06   1.7000000e+01
   6.6679560e+06   1.8000000e+01
   6.6680080e+06   2.1000000e+01
   6.6680660e+06   2.2000000e+01
   6.6681040e+06   1.7000000e+01
   6.6682240e+06   2.2000000e+01
   6.6682700e+06   2.7000000e+01
   6.6683950e+06   2.3000000e+01
   6.6684410e+06   1.8000000e+01
   6.6685220e+06   1.7000000e+01
   6.6685490e+06   1.8000000e+01
   6.6686020e+06   2.3000000e+01
   6.6686600e+06   2.4000000e+01
   6.6688550e+06   2.0000000e+01
   6.6688880e+06   1.8000000e+01
   6.6690390e+06   1.7000000e+01
   6.6690760e+06   1.7000000e+01
   6.6692030e+06   1.7000000e+01
   6.6692850e+06   1.8000000e+01
   6.6693630e+06   1.9000000e+01
   6.6694630e+06   2.0000000e+01
   6.6697020e+06   1.7000000e+01
   6.6697990e+06   1.7000000e+01
   6.6698470e+06   1.7000000e+01
   6.6700970e+06   1.8000000e+01
   6.6701380e+06   2.0000000e+01
   6.6704340e+06   1.8000000e+01
   6.6706140e+06   1.8000000e+01
   6.6706540e+06   1.8000000e+01
   6.6709830e+06   1.8000000e+01
   6.6712450e+06   1.7000000e+01
   6.6716370e+06   2.1000000e+01
   6.6717080e+06   2.1000000e+01
   6.6721770e+06   1.8000000e+01
   6.6728240e+06   1.9000000e+01
   6.6730360e+06   1.7000000e+01
   6.6735000e+06   1.8000000e+01
   6.6738400e+06   1.8000000e+01
   6.6738670e+06   2.3000000e+01
   6.6750240e+06   1.8000000e+01
   6.6753480e+06   1.7000000e+01
   6.6757500e+06   1.7000000e+01
   6.6761080e+06   1.7000000e+01
   6.6762670e+06   1.7000000e+01
   6.6765530e+06   1.7000000e+01
   6.6775350e+06   1.7000000e+01
   6.6793520e+06   2.0000000e+01
   6.6796090e+06   1.8000000e+01
   6.6801220e+06   2.1000000e+01
   6.6802830e+06   1.8000000e+01
   6.6807170e+06   1.7000000e+01
   6.6807460e+06   2.3000000e+01
   6.6809390e+06   1.7000000e+01
   6.6839980e+06   1.7000000e+01
   6.6855140e+06   1.8000000e+01
   6.6887680e+06   1.9000000e+01
   7.2748510e+06   1.8000000e+01
   7.2753720e+06   1.7000000e+01
   7.3361360e+06   1.8000000e+01
   7.3386020e+06   1.7000000e+01
   7.3600690e+06   2.1000000e+01
   7.3602460e+06   2.2000000e+01
   7.3604510e+06   1.8000000e+01
   7.3605580e+06   1.7000000e+01
   7.3606640e+06   1.9000000e+01
   7.3606890e+06   1.7000000e+01
   7.3608490e+06   2.6000000e+01
   7.3608940e+06   1.7000000e+01
   7.3609450e+06   2.5000000e+01
   7.3609700e+06   1.7000000e+01
   7.3610220e+06   2.2000000e+01
   7.3611040e+06   2.4000000e+01
   7.3612690e+06   2.8000000e+01
   7.3614850e+06   1.7000000e+01
   7.3615480e+06   1.7000000e+01
   7.3616790e+06   1.8000000e+01
   7.3617040e+06   2.3000000e+01
   7.3617660e+06   1.7000000e+01
   7.3618700e+06   1.9000000e+01
   7.3618990e+06   2.8000000e+01
   7.3619590e+06   2.1000000e+01
   7.3619860e+06   1.9000000e+01
   7.3620690e+06   3.0000000e+01
   7.3621430e+06   1.9000000e+01
   7.3622370e+06   1.7000000e+01
   7.3622680e+06   2.0000000e+01
   7.3624840e+06   1.9000000e+01
   7.3627170e+06   1.9000000e+01
   7.3627820e+06   2.4000000e+01
   7.3628500e+06   1.7000000e+01
   7.3631880e+06   1.9000000e+01
   7.3634200e+06   2.1000000e+01
   7.3636180e+06   1.7000000e+01
   7.3636950e+06   1.7000000e+01
   7.3637660e+06   1.7000000e+01
   7.3638420e+06   1.8000000e+01
   7.3640390e+06   2.1000000e+01
   7.3642510e+06   2.2000000e+01
   7.3643240e+06   1.9000000e+01
   7.3644870e+06   1.8000000e+01
   7.3646800e+06   1.7000000e+01
   7.3651790e+06   1.7000000e+01
   7.3653810e+06   2.2000000e+01
   7.3660210e+06   2.2000000e+01
   7.3668040e+06   2.1000000e+01
   7.3676770e+06   1.8000000e+01
   7.3681040e+06   2.2000000e+01
   7.3683060e+06   2.3000000e+01
   7.3686310e+06   1.7000000e+01
   7.3687150e+06   1.8000000e+01
   7.3707120e+06   1.7000000e+01
   7.3720270e+06   1.7000000e+01
   7.3730570e+06   1.7000000e+01
   7.3735240e+06   1.9000000e+01
   7.3739780e+06   1.7000000e+01
   7.3740810e+06   1.7000000e+01
   7.3741990e+06   2.4000000e+01
   7.3744030e+06   1.7000000e+01
   7.3747060e+06   2.0000000e+01
   7.3747700e+06   1.9000000e+01
   7.3756900e+06   1.9000000e+01
   7.3769860e+06   1.9000000e+01
   7.3778770e+06   1.7000000e+01
   7.3780960e+06   2.0000000e+01
   7.3783410e+06   1.7000000e+01
   7.3791870e+06   2.3000000e+01
   7.3792560e+06   1.8000000e+01
   7.3797640e+06   2.1000000e+01
   7.3805150e+06   1.9000000e+01
   7.3819180e+06   1.8000000e+01
   7.3844020e+06   1.8000000e+01
   7.3849900e+06   1.7000000e+01
   7.3865470e+06   1.8000000e+01
   7.3877540e+06   1.7000000e+01
