   7.5000000e+06   0.0000000e+00
   1.0389400e+05   1.8000000e+01
   1.0578400e+05   1.7000000e+01
   1.0617300e+05   2.2000000e+01
   1.0627700e+05   1.7000000e+01
   1.0640600e+05   1.7000000e+01
   1.0646600e+05   2.0000000e+01
   1.0665300e+05   1.8000000e+01
   1.0676200e+05   1.9000000e+01
   1.0690100e+05   2.3000000e+01
   1.0697300e+05   1.7000000e+01
   1.0705400e+05   1.8000000e+01
   1.0714600e+05   1.8000000e+01
   1.0729800e+05   1.9000000e+01
   1.0736100e+05   1.9000000e+01
   1.0745000e+05   2.1000000e+01
   1.0748200e+05   2.0000000e+01
   1.0757100e+05   1.7000000e+01
   1.0768800e+05   2.0000000e+01
   1.0774800e+05   1.9000000e+01
   1.0792500e+05   2.3000000e+01
   1.0796400e+05   1.9000000e+01
   1.0816200e+05   1.7000000e+01
   1.0834300e+05   1.7000000e+01
   1.0848200e+05   1.9000000e+01
   1.0853400e+05   2.3000000e+01
   1.0861400e+05   1.8000000e+01
   1.0865700e+05   1.8000000e+01
   1.0873600e+05   1.9000000e+01
   1.0880900e+05   1.7000000e+01
   1.0888200e+05   2.4000000e+01
   1.0896000e+05   1.7000000e+01
   1.0905000e+05   1.7000000e+01
   1.0937800e+05   1.9000000e+01
   1.0942100e+05   1.8000000e+01
   1.0957800e+05   1.8000000e+01
   1.0970200e+05   2.4000000e+01
   1.0995200e+05   1.7000000e+01
   1.1003100e+05   1.8000000e+01
   1.1061200e+05   1.8000000e+01
   1.1073300e+05   1.7000000e+01
   1.1081200e+05   2.0000000e+01
   1.1086400e+05   2.0000000e+01
   1.1156200e+05   1.8000000e+01
   1.1166800e+05   3.6000000e+01
   1.1171600e+05   1.9000000e+01
   1.1210000e+05   1.7000000e+01
   1.1216000e+05   1.8000000e+01
   1.1286900e+05   1.7000000e+01
   1.1306400e+05   1.7000000e+01
   1.1415100e+05   1.9000000e+01
   1.1418100e+05   2.1000000e+01
   1.1499800e+05   1.7000000e+01
   1.1929700e+05   2.1000000e+01
   1.2193300e+05   1.8000000e+01
   1.2364500e+05   2.0000000e+01
   1.2427600e+05   2.3000000e+01
   1.2435100e+05   2.2000000e+01
   1.2914600e+05   1.7000000e+01
   1.3059300e+05   1.9000000e+01
   2.9931500e+05   1.8000000e+01
   2.9950500e+05   1.7000000e+01
   2.9953300e+05   1.9000000e+01
   2.9967000e+05   2.0000000e+01
   2.9971200e+05   2.1000000e+01
   2.9980700e+05   2.1000000e+01
   2.9985200e+05   1.7000000e+01
   2.9998900e+05   1.9000000e+01
   3.0002200e+05   3.3000000e+01
   3.0008600e+05   2.8000000e+01
   3.0024900e+05   1.8000000e+01
   3.0033400e+05   2.3000000e+01
   3.0042100e+05   1.7000000e+01
   3.0049800e+05   2.0000000e+01
   3.0061900e+05   1.7000000e+01
   3.0071800e+05   2.1000000e+01
   3.0078600e+05   2.5000000e+01
   3.0085900e+05   3.0000000e+01
   3.0089300e+05   2.6000000e+01
   3.0095100e+05   1.9000000e+01
   3.0104700e+05   1.9000000e+01
   3.0113100e+05   2.8000000e+01
   3.0119000e+05   2.8000000e+01
   3.0131600e+05   1.8000000e+01
   3.0142500e+05   1.7000000e+01
   3.0154600e+05   2.0000000e+01
   3.0158600e+05   2.8000000e+01
   3.0168300e+05   1.8000000e+01
   3.0176200e+05   1.8000000e+01
   3.0179500e+05   1.8000000e+01
   3.0186700e+05   2.4000000e+01
   3.0191400e+05   1.7000000e+01
   3.0248400e+05   1.9000000e+01
   3.0256700e+05   1.9000000e+01
   3.0297600e+05   2.0000000e+01
   3.0310400e+05   2.1000000e+01
   3.0333100e+05   1.9000000e+01
   3.0339100e+05   1.7000000e+01
   3.0366200e+05   1.9000000e+01
   3.0375900e+05   1.7000000e+01
   3.0417200e+05   1.7000000e+01
   3.0477600e+05   1.7000000e+01
   3.0553900e+05   1.9000000e+01
   3.0559400e+05   1.7000000e+01
   3.0599100e+05   1.7000000e+01
   3.0673600e+05   1.7000000e+01
   3.0873800e+05   2.1000000e+01
   3.0924600e+05   1.9000000e+01
   3.0989900e+05   1.7000000e+01
   3.1410200e+05   1.8000000e+01
   3.1452200e+05   1.7000000e+01
   3.1573400e+05   1.9000000e+01
   3.1607600e+05   1.8000000e+01
   3.1737200e+05   1.7000000e+01
   5.4959100e+05   1.9000000e+01
   5.5082500e+05   1.7000000e+01
   6.2183300e+05   1.9000000e+01
   6.2267500e+05   1.8000000e+01
   6.2424400e+05   2.0000000e+01
   6.2433400e+05   2.0000000e+01
   6.2465300e+05   1.7000000e+01
   6.2474800e+05   2.3000000e+01
   6.2477500e+05   1.8000000e+01
   6.2483000e+05   1.7000000e+01
   6.2499200e+05   1.7000000e+01
   6.2507000e+05   1.8000000e+01
   6.2510100e+05   1.9000000e+01
   6.2517600e+05   4.0000000e+01
   6.2520600e+05   1.7000000e+01
   6.2533900e+05   2.2000000e+01
   6.2540900e+05   4.0000000e+01
   6.2546100e+05   1.7000000e+01
   6.2557400e+05   2.5000000e+01
   6.2559900e+05   2.6000000e+01
   6.2565400e+05   1.9000000e+01
   6.2570200e+05   1.8000000e+01
   6.2584800e+05   2.5000000e+01
   6.2588400e+05   1.8000000e+01
   6.2592700e+05   1.8000000e+01
   6.2601900e+05   2.4000000e+01
   6.2611700e+05   1.8000000e+01
   6.2623400e+05   1.7000000e+01
   6.2632900e+05   2.7000000e+01
   6.2636500e+05   3.4000000e+01
   6.2639800e+05   2.1000000e+01
   6.2650700e+05   1.9000000e+01
   6.2654500e+05   1.7000000e+01
   6.2662500e+05   1.9000000e+01
   6.2673500e+05   2.7000000e+01
   6.2687800e+05   1.8000000e+01
   6.2709800e+05   1.8000000e+01
   6.2716700e+05   1.8000000e+01
   6.2727700e+05   2.3000000e+01
   6.2752800e+05   2.0000000e+01
   6.2762200e+05   1.7000000e+01
   6.2798600e+05   2.6000000e+01
   6.2816800e+05   1.8000000e+01
   6.2830300e+05   2.0000000e+01
   6.2863800e+05   2.2000000e+01
   6.2915900e+05   1.7000000e+01
   6.2920700e+05   1.8000000e+01
   6.2928900e+05   1.7000000e+01
   6.2965900e+05   1.7000000e+01
   6.2973000e+05   1.9000000e+01
   6.3037700e+05   1.9000000e+01
   6.3158500e+05   1.7000000e+01
   6.3206800e+05   1.8000000e+01
   6.3375000e+05   1.8000000e+01
   6.3438000e+05   1.8000000e+01
   6.3465400e+05   1.9000000e+01
   6.3865800e+05   1.9000000e+01
   6.4238800e+05   2.0000000e+01
   6.4440500e+05   1.9000000e+01
   6.4465600e+05   1.8000000e+01
   8.7711800e+05   1.7000000e+01
   8.7758500e+05   1.7000000e+01
   8.7790800e+05   1.9000000e+01
   8.7828500e+05   2.0000000e+01
   8.7899800e+05   1.9000000e+01
   8.7924800e+05   2.5000000e+01
   8.7931200e+05   2.0000000e+01
   8.7938100e+05   2.6000000e+01
   8.7945500e+05   2.2000000e+01
   8.7948000e+05   1.8000000e+01
   8.7952700e+05   2.4000000e+01
   8.7964300e+05   2.0000000e+01
   8.7967000e+05   1.8000000e+01
   8.7983400e+05   1.8000000e+01
   8.7990100e+05   2.2000000e+01
   8.7995800e+05   2.1000000e+01
   8.8002900e+05   2.1000000e+01
   8.8011000e+05   2.0000000e+01
   8.8016900e+05   2.5000000e+01
   8.8024000e+05   2.3000000e+01
   8.8032200e+05   2.2000000e+01
   8.8037300e+05   2.1000000e+01
   8.8047000e+05   1.8000000e+01
   8.8062400e+05   1.8000000e+01
   8.8067100e+05   2.3000000e+01
   8.8069800e+05   1.9000000e+01
   8.8077800e+05   2.0000000e+01
   8.8082800e+05   1.9000000e+01
   8.8106700e+05   1.8000000e+01
   8.8112100e+05   1.8000000e+01
   8.8134000e+05   1.9000000e+01
   8.8175400e+05   2.2000000e+01
   8.8180200e+05   1.8000000e+01
   8.8188300e+05   1.7000000e+01
   8.8197200e+05   1.8000000e+01
   8.8231800e+05   1.9000000e+01
   8.8237500e+05   2.2000000e+01
   8.8241000e+05   1.8000000e+01
   8.8294100e+05   1.7000000e+01
   8.8306700e+05   1.8000000e+01
   8.8359600e+05   1.9000000e+01
   8.8363500e+05   1.8000000e+01
   8.8390800e+05   1.8000000e+01
   8.8404900e+05   1.9000000e+01
   8.8475500e+05   1.7000000e+01
   8.8487300e+05   1.9000000e+01
   8.8491200e+05   2.0000000e+01
   8.8728500e+05   2.1000000e+01
   8.8783500e+05   2.4000000e+01
   8.8962700e+05   1.8000000e+01
   8.9332700e+05   1.9000000e+01
   8.9574500e+05   1.9000000e+01
   8.9746700e+05   1.7000000e+01
   1.0047360e+06   1.7000000e+01
   1.1815830e+06   1.8000000e+01
   1.1818460e+06   1.7000000e+01
   1.1821990e+06   1.8000000e+01
   1.1825380e+06   1.9000000e+01
   1.1825850e+06   2.2000000e+01
   1.1826810e+06   1.9000000e+01
   1.1827080e+06   2.0000000e+01
   1.1828150e+06   1.8000000e+01
   1.1829280e+06   2.2000000e+01
   1.1830770e+06   2.5000000e+01
   1.1832220e+06   1.8000000e+01
   1.1832470e+06   3.4000000e+01
   1.1833260e+06   2.4000000e+01
   1.1834400e+06   2.0000000e+01
   1.1835190e+06   1.7000000e+01
   1.1835680e+06   1.9000000e+01
   1.1836610e+06   1.9000000e+01
   1.1836900e+06   2.4000000e+01
   1.1837990e+06   1.8000000e+01
   1.1838750e+06   2.2000000e+01
   1.1839130e+06   2.3000000e+01
   1.1839700e+06   2.5000000e+01
   1.1840500e+06   1.8000000e+01
   1.1842280e+06   1.8000000e+01
   1.1842880e+06   1.7000000e+01
   1.1843690e+06   1.7000000e+01
   1.1844130e+06   2.1000000e+01
   1.1844870e+06   1.7000000e+01
   1.1847000e+06   1.8000000e+01
   1.1848520e+06   1.8000000e+01
   1.1849280e+06   1.8000000e+01
   1.1850020e+06   1.7000000e+01
   1.1851010e+06   1.7000000e+01
   1.1854130e+06   1.7000000e+01
   1.1855220e+06   2.0000000e+01
   1.1857100e+06   2.2000000e+01
   1.1857420e+06   1.8000000e+01
   1.1858130e+06   1.8000000e+01
   1.1860350e+06   1.8000000e+01
   1.1862190e+06   1.8000000e+01
   1.1865540e+06   2.0000000e+01
   1.1866930e+06   1.7000000e+01
   1.1874730e+06   2.1000000e+01
   1.1880170e+06   1.8000000e+01
   1.1883430e+06   1.7000000e+01
   1.1888880e+06   1.9000000e+01
   1.1903420e+06   2.0000000e+01
   1.1909180e+06   1.8000000e+01
   1.1910140e+06   1.8000000e+01
   1.1930720e+06   2.4000000e+01
   1.1955050e+06   1.7000000e+01
   1.1962830e+06   1.7000000e+01
   1.1988590e+06   1.7000000e+01
   1.2003950e+06   1.7000000e+01
   1.2008510e+06   1.8000000e+01
   1.2012250e+06   1.8000000e+01
   1.2021170e+06   1.9000000e+01
   1.2022080e+06   1.9000000e+01
   1.2023560e+06   2.5000000e+01
   1.2028170e+06   1.7000000e+01
   1.2028790e+06   1.7000000e+01
   1.2031660e+06   1.8000000e+01
   1.2033950e+06   1.7000000e+01
   1.2071710e+06   1.7000000e+01
   1.2072510e+06   1.7000000e+01
   1.2075120e+06   1.7000000e+01
   1.2075920e+06   1.7000000e+01
   1.2094310e+06   1.8000000e+01
   1.2124050e+06   1.7000000e+01
   1.2127100e+06   1.8000000e+01
   1.2136360e+06   1.7000000e+01
   1.2304790e+06   1.8000000e+01
   1.2401120e+06   1.8000000e+01
   1.5400920e+06   1.9000000e+01
   1.5402600e+06   1.7000000e+01
   1.5403860e+06   2.1000000e+01
   1.5406800e+06   1.9000000e+01
   1.5409950e+06   1.7000000e+01
   1.5411750e+06   1.7000000e+01
   1.5414550e+06   1.7000000e+01
   1.5418420e+06   2.3000000e+01
   1.5419520e+06   1.7000000e+01
   1.5420200e+06   2.0000000e+01
   1.5420870e+06   1.7000000e+01
   1.5421710e+06   1.7000000e+01
   1.5423260e+06   1.7000000e+01
   1.5423630e+06   2.1000000e+01
   1.5424740e+06   1.7000000e+01
   1.5426020e+06   2.8000000e+01
   1.5426320e+06   3.5000000e+01
   1.5427480e+06   2.4000000e+01
   1.5427980e+06   1.7000000e+01
   1.5428670e+06   2.1000000e+01
   1.5429570e+06   2.2000000e+01
   1.5430150e+06   1.8000000e+01
   1.5430820e+06   4.4000000e+01
   1.5432170e+06   1.8000000e+01
   1.5432860e+06   2.6000000e+01
   1.5433520e+06   1.7000000e+01
   1.5434150e+06   1.7000000e+01
   1.5434680e+06   1.8000000e+01
   1.5435080e+06   2.0000000e+01
   1.5436150e+06   1.7000000e+01
   1.5438560e+06   1.7000000e+01
   1.5439290e+06   1.7000000e+01
   1.5441960e+06   2.2000000e+01
   1.5443240e+06   1.9000000e+01
   1.5443750e+06   2.2000000e+01
   1.5446790e+06   2.2000000e+01
   1.5447200e+06   1.9000000e+01
   1.5448240e+06   1.7000000e+01
   1.5449250e+06   1.7000000e+01
   1.5451610e+06   1.9000000e+01
   1.5452570e+06   1.7000000e+01
   1.5458160e+06   2.2000000e+01
   1.5461590e+06   1.7000000e+01
   1.5463540e+06   1.9000000e+01
   1.5466300e+06   1.7000000e+01
   1.5469450e+06   1.7000000e+01
   1.5474390e+06   1.9000000e+01
   1.5482010e+06   1.7000000e+01
   1.5483140e+06   1.9000000e+01
   1.5502400e+06   2.0000000e+01
   1.5523600e+06   1.7000000e+01
   1.5530920e+06   1.7000000e+01
   1.5532720e+06   1.7000000e+01
   1.5536400e+06   1.7000000e+01
   1.5536730e+06   1.9000000e+01
   1.5558610e+06   1.7000000e+01
   1.5559620e+06   1.8000000e+01
   1.5572760e+06   1.7000000e+01
   1.5597810e+06   1.7000000e+01
   1.5640590e+06   1.7000000e+01
   1.5641330e+06   1.7000000e+01
   1.5658500e+06   1.8000000e+01
   1.5660080e+06   2.0000000e+01
   1.6796210e+06   1.9000000e+01
   1.6800030e+06   1.8000000e+01
   1.6801160e+06   1.7000000e+01
   1.6807700e+06   1.8000000e+01
   1.6819650e+06   1.9000000e+01
   1.6826870e+06   2.8000000e+01
   1.6827770e+06   1.7000000e+01
   1.6829840e+06   2.1000000e+01
   1.6830140e+06   2.1000000e+01
   1.6830980e+06   1.8000000e+01
   1.6832110e+06   1.9000000e+01
   1.6832520e+06   2.0000000e+01
   1.6833900e+06   1.9000000e+01
   1.6835030e+06   1.7000000e+01
   1.6835310e+06   2.4000000e+01
   1.6836170e+06   2.0000000e+01
   1.6837800e+06   2.4000000e+01
   1.6838100e+06   2.3000000e+01
   1.6839970e+06   2.4000000e+01
   1.6842700e+06   1.9000000e+01
   1.6843640e+06   1.9000000e+01
   1.6845610e+06   1.7000000e+01
   1.6846280e+06   2.0000000e+01
   1.6846580e+06   2.1000000e+01
   1.6850020e+06   2.1000000e+01
   1.6852420e+06   1.7000000e+01
   1.6859360e+06   2.1000000e+01
   1.6860480e+06   1.7000000e+01
   1.6860850e+06   2.3000000e+01
   1.6861550e+06   1.7000000e+01
   1.6865290e+06   2.2000000e+01
   1.6871990e+06   2.0000000e+01
   1.6882200e+06   2.0000000e+01
   1.6894340e+06   1.7000000e+01
   1.6896240e+06   1.9000000e+01
   1.6899390e+06   1.8000000e+01
   1.6925840e+06   1.7000000e+01
   1.6955790e+06   1.7000000e+01
   1.8609640e+06   1.7000000e+01
   2.0682920e+06   1.7000000e+01
   2.0684470e+06   1.7000000e+01
   2.0685810e+06   2.4000000e+01
   2.0687820e+06   2.0000000e+01
   2.0692600e+06   2.0000000e+01
   2.0693970e+06   1.7000000e+01
   2.0694860e+06   1.7000000e+01
   2.0695500e+06   2.1000000e+01
   2.0696170e+06   1.7000000e+01
   2.0698550e+06   2.2000000e+01
   2.0699090e+06   1.9000000e+01
   2.0700000e+06   1.9000000e+01
   2.0700780e+06   1.7000000e+01
   2.0701500e+06   1.8000000e+01
   2.0701800e+06   2.4000000e+01
   2.0702650e+06   2.0000000e+01
   2.0703220e+06   2.2000000e+01
   2.0703690e+06   2.3000000e+01
   2.0704550e+06   2.2000000e+01
   2.0705740e+06   2.2000000e+01
   2.0707040e+06   2.6000000e+01
   2.0708260e+06   1.8000000e+01
   2.0709010e+06   2.2000000e+01
   2.0709660e+06   2.1000000e+01
   2.0711670e+06   1.7000000e+01
   2.0712770e+06   1.8000000e+01
   2.0714040e+06   1.8000000e+01
   2.0714710e+06   1.7000000e+01
   2.0715210e+06   1.9000000e+01
   2.0716270e+06   1.8000000e+01
   2.0716890e+06   2.0000000e+01
   2.0718620e+06   2.0000000e+01
   2.0721120e+06   1.7000000e+01
   2.0722330e+06   1.7000000e+01
   2.0724790e+06   1.8000000e+01
   2.0725090e+06   2.1000000e+01
   2.0726470e+06   1.9000000e+01
   2.0726840e+06   2.3000000e+01
   2.0728120e+06   2.0000000e+01
   2.0731800e+06   2.0000000e+01
   2.0734420e+06   1.9000000e+01
   2.0737700e+06   2.3000000e+01
   2.0740590e+06   2.2000000e+01
   2.0744260e+06   1.7000000e+01
   2.0744660e+06   1.8000000e+01
   2.0746010e+06   1.8000000e+01
   2.0751570e+06   1.8000000e+01
   2.0752320e+06   2.8000000e+01
   2.0758210e+06   1.7000000e+01
   2.0763350e+06   1.7000000e+01
   2.0773960e+06   1.7000000e+01
   2.0778730e+06   2.0000000e+01
   2.0793820e+06   1.7000000e+01
   2.0794300e+06   1.7000000e+01
   2.0800670e+06   1.9000000e+01
   2.0839570e+06   1.7000000e+01
   2.0846860e+06   1.9000000e+01
   2.0850170e+06   1.9000000e+01
   2.0877430e+06   2.0000000e+01
   2.0888970e+06   1.9000000e+01
   2.0911300e+06   2.0000000e+01
   2.0918130e+06   1.7000000e+01
   2.0919470e+06   1.7000000e+01
   2.0923650e+06   1.7000000e+01
   2.0925260e+06   1.7000000e+01
   2.0934160e+06   1.9000000e+01
   2.0946760e+06   1.9000000e+01
   2.0950050e+06   1.7000000e+01
   2.0957910e+06   2.3000000e+01
   2.0986070e+06   1.8000000e+01
   2.0993590e+06   1.9000000e+01
   2.1001020e+06   1.8000000e+01
   2.1025420e+06   1.7000000e+01
   2.3807210e+06   2.1000000e+01
   2.3812110e+06   1.8000000e+01
   2.3827940e+06   1.7000000e+01
   2.3829790e+06   1.9000000e+01
   2.3834730e+06   1.7000000e+01
   2.3837040e+06   2.0000000e+01
   2.3837570e+06   2.7000000e+01
   2.3838260e+06   1.8000000e+01
   2.3838670e+06   2.2000000e+01
   2.3839680e+06   1.9000000e+01
   2.3840230e+06   1.8000000e+01
   2.3841010e+06   2.3000000e+01
   2.3841470e+06   2.2000000e+01
   2.3843140e+06   2.0000000e+01
   2.3844590e+06   1.9000000e+01
   2.3845000e+06   2.3000000e+01
   2.3846070e+06   2.2000000e+01
   2.3846800e+06   2.4000000e+01
   2.3847610e+06   2.0000000e+01
   2.3848220e+06   1.9000000e+01
   2.3849970e+06   2.7000000e+01
   2.3850360e+06   2.0000000e+01
   2.3851440e+06   1.7000000e+01
   2.3852030e+06   3.0000000e+01
   2.3853140e+06   1.7000000e+01
   2.3853670e+06   1.7000000e+01
   2.3854710e+06   2.3000000e+01
   2.3856080e+06   1.7000000e+01
   2.3858200e+06   1.8000000e+01
   2.3859040e+06   2.5000000e+01
   2.3859930e+06   1.9000000e+01
   2.3862360e+06   1.7000000e+01
   2.3863140e+06   1.7000000e+01
   2.3863730e+06   1.7000000e+01
   2.3865490e+06   1.7000000e+01
   2.3868790e+06   1.9000000e+01
   2.3872730e+06   1.7000000e+01
   2.3874940e+06   1.9000000e+01
   2.3880370e+06   1.8000000e+01
   2.3889730e+06   1.8000000e+01
   2.3893320e+06   1.8000000e+01
   2.3898390e+06   1.7000000e+01
   2.3913000e+06   1.8000000e+01
   2.3918510e+06   1.8000000e+01
   2.3931750e+06   1.7000000e+01
   2.3939460e+06   1.8000000e+01
   2.3949390e+06   1.7000000e+01
   2.3954160e+06   2.1000000e+01
   2.3963820e+06   1.7000000e+01
   2.3984270e+06   1.7000000e+01
   2.3990270e+06   1.8000000e+01
   2.3990600e+06   1.7000000e+01
   2.5774680e+06   1.9000000e+01
   2.5777010e+06   1.9000000e+01
   2.5777880e+06   1.7000000e+01
   2.5780960e+06   2.0000000e+01
   2.5799430e+06   1.9000000e+01
   2.5802960e+06   1.8000000e+01
   2.5803840e+06   1.9000000e+01
   2.5804490e+06   1.7000000e+01
   2.5805400e+06   1.8000000e+01
   2.5806110e+06   1.8000000e+01
   2.5806730e+06   1.8000000e+01
   2.5807410e+06   2.0000000e+01
   2.5808760e+06   2.0000000e+01
   2.5809450e+06   2.2000000e+01
   2.5810160e+06   2.2000000e+01
   2.5811330e+06   1.8000000e+01
   2.5812260e+06   1.7000000e+01
   2.5812680e+06   2.6000000e+01
   2.5813600e+06   2.1000000e+01
   2.5814870e+06   1.7000000e+01
   2.5815330e+06   1.8000000e+01
   2.5818280e+06   1.7000000e+01
   2.5818790e+06   2.1000000e+01
   2.5819280e+06   2.6000000e+01
   2.5821570e+06   1.9000000e+01
   2.5822480e+06   2.1000000e+01
   2.5823030e+06   1.8000000e+01
   2.5825500e+06   1.8000000e+01
   2.5826260e+06   1.7000000e+01
   2.5827010e+06   1.9000000e+01
   2.5827780e+06   2.4000000e+01
   2.5828040e+06   2.3000000e+01
   2.5833530e+06   1.8000000e+01
   2.5833910e+06   1.8000000e+01
   2.5838930e+06   1.9000000e+01
   2.5840110e+06   1.7000000e+01
   2.5843870e+06   1.8000000e+01
   2.5846010e+06   1.8000000e+01
   2.5849690e+06   1.7000000e+01
   2.5854690e+06   1.7000000e+01
   2.5855180e+06   1.7000000e+01
   2.5860020e+06   1.8000000e+01
   2.5867310e+06   1.7000000e+01
   2.5867710e+06   1.8000000e+01
   2.5868530e+06   1.8000000e+01
   2.5872920e+06   1.9000000e+01
   2.5882470e+06   1.8000000e+01
   2.5911910e+06   1.9000000e+01
   2.5927610e+06   1.7000000e+01
   2.5933160e+06   1.7000000e+01
   2.5943330e+06   1.7000000e+01
   2.5970090e+06   1.9000000e+01
   2.9405360e+06   2.1000000e+01
   2.9406390e+06   1.9000000e+01
   2.9407710e+06   2.6000000e+01
   2.9408960e+06   2.0000000e+01
   2.9410660e+06   2.4000000e+01
   2.9413090e+06   2.5000000e+01
   2.9413510e+06   1.7000000e+01
   2.9413930e+06   2.2000000e+01
   2.9415250e+06   1.9000000e+01
   2.9415900e+06   1.8000000e+01
   2.9416660e+06   2.0000000e+01
   2.9417550e+06   2.3000000e+01
   2.9417930e+06   3.1000000e+01
   2.9418570e+06   2.0000000e+01
   2.9418840e+06   1.8000000e+01
   2.9419310e+06   1.7000000e+01
   2.9419820e+06   2.2000000e+01
   2.9420290e+06   2.0000000e+01
   2.9422160e+06   2.0000000e+01
   2.9422610e+06   1.7000000e+01
   2.9423560e+06   1.9000000e+01
   2.9424190e+06   2.5000000e+01
   2.9424500e+06   1.8000000e+01
   2.9425240e+06   2.4000000e+01
   2.9425650e+06   1.7000000e+01
   2.9426520e+06   1.9000000e+01
   2.9427710e+06   2.1000000e+01
   2.9428670e+06   2.1000000e+01
   2.9429180e+06   2.0000000e+01
   2.9429930e+06   1.8000000e+01
   2.9430760e+06   1.7000000e+01
   2.9431140e+06   1.8000000e+01
   2.9432090e+06   2.7000000e+01
   2.9432420e+06   2.3000000e+01
   2.9434500e+06   1.8000000e+01
   2.9436400e+06   2.2000000e+01
   2.9436970e+06   1.9000000e+01
   2.9440490e+06   1.8000000e+01
   2.9441960e+06   2.1000000e+01
   2.9442630e+06   2.0000000e+01
   2.9443480e+06   1.8000000e+01
   2.9448400e+06   1.9000000e+01
   2.9450300e+06   2.0000000e+01
   2.9451000e+06   1.8000000e+01
   2.9452850e+06   1.9000000e+01
   2.9454720e+06   1.8000000e+01
   2.9455060e+06   2.0000000e+01
   2.9460480e+06   1.9000000e+01
   2.9462090e+06   2.0000000e+01
   2.9466200e+06   1.9000000e+01
   2.9468700e+06   1.8000000e+01
   2.9471240e+06   1.7000000e+01
   2.9479500e+06   1.7000000e+01
   2.9491270e+06   1.7000000e+01
   2.9492860e+06   1.9000000e+01
   2.9495570e+06   1.7000000e+01
   2.9519750e+06   1.7000000e+01
   2.9527240e+06   1.7000000e+01
   2.9531990e+06   1.7000000e+01
   2.9535720e+06   1.8000000e+01
   2.9568630e+06   1.8000000e+01
   2.9596080e+06   1.8000000e+01
   2.9600720e+06   1.8000000e+01
   2.9603600e+06   1.8000000e+01
   2.9604240e+06   2.5000000e+01
   2.9630800e+06   2.4000000e+01
   2.9632850e+06   1.9000000e+01
   2.9639240e+06   1.7000000e+01
   2.9639670e+06   1.8000000e+01
   2.9640880e+06   1.7000000e+01
   2.9649150e+06   1.8000000e+01
   2.9657530e+06   1.7000000e+01
   2.9658700e+06   1.7000000e+01
   2.9675380e+06   1.9000000e+01
   2.9683220e+06   1.7000000e+01
   2.9684620e+06   1.7000000e+01
   2.9686150e+06   1.7000000e+01
   2.9687110e+06   1.7000000e+01
   2.9716230e+06   1.7000000e+01
   2.9721260e+06   1.9000000e+01
   3.1636940e+06   1.8000000e+01
   3.1642250e+06   1.8000000e+01
   3.1664450e+06   1.7000000e+01
   3.1667750e+06   2.1000000e+01
   3.1669600e+06   1.7000000e+01
   3.1669960e+06   1.7000000e+01
   3.1671880e+06   1.9000000e+01
   3.1672790e+06   1.8000000e+01
   3.1673610e+06   1.7000000e+01
   3.1674040e+06   2.6000000e+01
   3.1674380e+06   1.9000000e+01
   3.1676190e+06   1.7000000e+01
   3.1677860e+06   1.7000000e+01
   3.1678480e+06   2.4000000e+01
   3.1680640e+06   1.9000000e+01
   3.1682840e+06   2.8000000e+01
   3.1683510e+06   3.2000000e+01
   3.1683960e+06   2.6000000e+01
   3.1685640e+06   2.2000000e+01
   3.1686980e+06   2.2000000e+01
   3.1688030e+06   2.1000000e+01
   3.1689050e+06   1.7000000e+01
   3.1692020e+06   2.1000000e+01
   3.1692460e+06   1.8000000e+01
   3.1692980e+06   1.7000000e+01
   3.1699770e+06   2.1000000e+01
   3.1700180e+06   2.1000000e+01
   3.1701270e+06   1.7000000e+01
   3.1703600e+06   1.7000000e+01
   3.1715430e+06   2.0000000e+01
   3.1717650e+06   1.8000000e+01
   3.1725130e+06   1.9000000e+01
   3.1726570e+06   1.9000000e+01
   3.1746860e+06   2.1000000e+01
   3.1748490e+06   1.7000000e+01
   3.1750660e+06   1.7000000e+01
   3.1770790e+06   1.7000000e+01
   3.1803110e+06   1.9000000e+01
   3.6614590e+06   1.7000000e+01
   3.6622970e+06   1.7000000e+01
   3.6628780e+06   1.7000000e+01
   3.6632440e+06   1.7000000e+01
   3.6633030e+06   1.7000000e+01
   3.6633400e+06   1.7000000e+01
   3.6633910e+06   1.8000000e+01
   3.6634400e+06   1.8000000e+01
   3.6636370e+06   1.9000000e+01
   3.6639240e+06   2.1000000e+01
   3.6639670e+06   2.1000000e+01
   3.6640700e+06   1.7000000e+01
   3.6641160e+06   1.9000000e+01
   3.6642340e+06   1.7000000e+01
   3.6642800e+06   2.1000000e+01
   3.6643370e+06   1.8000000e+01
   3.6644780e+06   1.8000000e+01
   3.6645460e+06   2.0000000e+01
   3.6647160e+06   1.7000000e+01
   3.6648350e+06   2.1000000e+01
   3.6649380e+06   2.9000000e+01
   3.6651410e+06   2.0000000e+01
   3.6651660e+06   1.9000000e+01
   3.6652520e+06   1.7000000e+01
   3.6653330e+06   1.7000000e+01
   3.6654460e+06   2.1000000e+01
   3.6655260e+06   2.1000000e+01
   3.6656030e+06   2.4000000e+01
   3.6656360e+06   2.1000000e+01
   3.6657090e+06   1.9000000e+01
   3.6657530e+06   1.8000000e+01
   3.6658460e+06   2.1000000e+01
   3.6661140e+06   1.7000000e+01
   3.6662460e+06   1.9000000e+01
   3.6663120e+06   1.8000000e+01
   3.6664240e+06   2.0000000e+01
   3.6666720e+06   2.2000000e+01
   3.6670270e+06   1.7000000e+01
   3.6672050e+06   2.6000000e+01
   3.6672680e+06   2.0000000e+01
   3.6672970e+06   1.8000000e+01
   3.6674230e+06   1.8000000e+01
   3.6676090e+06   1.7000000e+01
   3.6676700e+06   1.8000000e+01
   3.6679640e+06   1.7000000e+01
   3.6681440e+06   2.3000000e+01
   3.6682000e+06   1.7000000e+01
   3.6684330e+06   1.7000000e+01
   3.6685800e+06   1.9000000e+01
   3.6691480e+06   1.7000000e+01
   3.6692510e+06   1.7000000e+01
   3.6695940e+06   1.7000000e+01
   3.6697570e+06   1.7000000e+01
   3.6701260e+06   2.3000000e+01
   3.6726590e+06   1.8000000e+01
   3.6731980e+06   1.9000000e+01
   3.6733240e+06   2.1000000e+01
   3.6736040e+06   1.9000000e+01
   3.6763520e+06   1.9000000e+01
   3.6772540e+06   1.7000000e+01
   3.6800670e+06   1.8000000e+01
   3.6823240e+06   2.0000000e+01
   3.6857050e+06   1.7000000e+01
   3.6860660e+06   2.2000000e+01
   3.6881930e+06   1.9000000e+01
   3.6897010e+06   1.7000000e+01
   3.6897490e+06   1.7000000e+01
   3.6908650e+06   2.5000000e+01
   3.6912520e+06   2.2000000e+01
   3.6913000e+06   1.7000000e+01
   3.6918260e+06   2.0000000e+01
   3.6921370e+06   1.7000000e+01
   3.6927010e+06   1.9000000e+01
   3.6934190e+06   2.5000000e+01
   3.6934490e+06   2.1000000e+01
   3.6935940e+06   1.7000000e+01
   3.6937170e+06   1.7000000e+01
   3.6937590e+06   1.9000000e+01
   3.6944170e+06   1.7000000e+01
   3.6946040e+06   1.7000000e+01
   3.6951290e+06   2.7000000e+01
   3.6955000e+06   2.3000000e+01
   3.6959500e+06   1.8000000e+01
   3.6966380e+06   1.8000000e+01
   3.6966720e+06   1.7000000e+01
   3.6968190e+06   1.7000000e+01
   3.6970270e+06   2.1000000e+01
   3.8780690e+06   2.5000000e+01
   3.8783110e+06   1.7000000e+01
   3.8784320e+06   1.8000000e+01
   3.8787720e+06   1.9000000e+01
   3.8790280e+06   1.8000000e+01
   3.8791640e+06   2.6000000e+01
   3.8795380e+06   1.7000000e+01
   3.8797220e+06   2.1000000e+01
   3.8799860e+06   2.9000000e+01
   3.8800670e+06   2.2000000e+01
   3.8801310e+06   2.3000000e+01
   3.8802190e+06   2.2000000e+01
   3.8802790e+06   2.5000000e+01
   3.8804050e+06   1.9000000e+01
   3.8804990e+06   1.8000000e+01
   3.8805530e+06   3.3000000e+01
   3.8806580e+06   1.8000000e+01
   3.8808230e+06   2.5000000e+01
   3.8808740e+06   2.1000000e+01
   3.8809280e+06   2.1000000e+01
   3.8809820e+06   2.3000000e+01
   3.8811280e+06   2.0000000e+01
   3.8812930e+06   2.0000000e+01
   3.8813430e+06   1.7000000e+01
   3.8814560e+06   1.8000000e+01
   3.8815460e+06   1.9000000e+01
   3.8818600e+06   2.1000000e+01
   3.8821240e+06   1.8000000e+01
   3.8825730e+06   1.7000000e+01
   3.8830460e+06   1.8000000e+01
   3.8832100e+06   1.8000000e+01
   3.8833320e+06   1.7000000e+01
   3.8841080e+06   2.4000000e+01
   3.8858920e+06   1.9000000e+01
   3.8888690e+06   2.0000000e+01
   3.8910050e+06   1.7000000e+01
   4.1805170e+06   1.8000000e+01
   4.1806550e+06   1.8000000e+01
   4.1810220e+06   1.8000000e+01
   4.1810580e+06   2.0000000e+01
   4.1814740e+06   1.8000000e+01
   4.1818800e+06   1.9000000e+01
   4.1819400e+06   1.7000000e+01
   4.1820090e+06   2.9000000e+01
   4.1820710e+06   2.7000000e+01
   4.1822210e+06   1.8000000e+01
   4.1822830e+06   1.8000000e+01
   4.1823520e+06   2.3000000e+01
   4.1825760e+06   1.7000000e+01
   4.1826390e+06   2.3000000e+01
   4.1827280e+06   2.4000000e+01
   4.1827800e+06   1.7000000e+01
   4.1828700e+06   1.8000000e+01
   4.1829280e+06   1.9000000e+01
   4.1829800e+06   2.4000000e+01
   4.1830580e+06   1.7000000e+01
   4.1831230e+06   1.8000000e+01
   4.1832340e+06   2.3000000e+01
   4.1832820e+06   2.3000000e+01
   4.1834300e+06   2.3000000e+01
   4.1835120e+06   2.5000000e+01
   4.1836050e+06   2.5000000e+01
   4.1837390e+06   2.3000000e+01
   4.1838260e+06   2.5000000e+01
   4.1839800e+06   1.9000000e+01
   4.1840450e+06   2.1000000e+01
   4.1842260e+06   2.0000000e+01
   4.1845230e+06   1.8000000e+01
   4.1847300e+06   2.6000000e+01
   4.1848170e+06   1.7000000e+01
   4.1848520e+06   2.1000000e+01
   4.1853330e+06   2.0000000e+01
   4.1853740e+06   2.2000000e+01
   4.1854430e+06   1.7000000e+01
   4.1859670e+06   2.1000000e+01
   4.1861600e+06   1.8000000e+01
   4.1861880e+06   1.9000000e+01
   4.1865190e+06   1.9000000e+01
   4.1866100e+06   1.7000000e+01
   4.1871180e+06   2.0000000e+01
   4.1871430e+06   1.7000000e+01
   4.1873800e+06   1.7000000e+01
   4.1874530e+06   2.8000000e+01
   4.1875230e+06   1.7000000e+01
   4.1883750e+06   1.7000000e+01
   4.1887720e+06   1.7000000e+01
   4.1888910e+06   2.0000000e+01
   4.1897190e+06   1.7000000e+01
   4.1905670e+06   1.7000000e+01
   4.1923120e+06   1.7000000e+01
   4.1931470e+06   2.0000000e+01
   4.1945970e+06   1.7000000e+01
   4.1962500e+06   1.9000000e+01
   4.1982320e+06   1.9000000e+01
   4.2032920e+06   1.8000000e+01
   4.2039970e+06   1.8000000e+01
   4.2062610e+06   1.7000000e+01
   4.2089330e+06   1.7000000e+01
   4.2090830e+06   1.8000000e+01
   4.4564950e+06   1.9000000e+01
   4.4568700e+06   1.8000000e+01
   4.4571720e+06   1.7000000e+01
   4.4582270e+06   1.9000000e+01
   4.4587510e+06   2.0000000e+01
   4.4588120e+06   1.7000000e+01
   4.4590940e+06   1.7000000e+01
   4.4591510e+06   2.1000000e+01
   4.4591870e+06   1.8000000e+01
   4.4592960e+06   1.8000000e+01
   4.4593580e+06   2.2000000e+01
   4.4593830e+06   1.9000000e+01
   4.4595270e+06   2.0000000e+01
   4.4596020e+06   2.1000000e+01
   4.4597870e+06   1.7000000e+01
   4.4598210e+06   2.1000000e+01
   4.4598740e+06   1.9000000e+01
   4.4599580e+06   2.4000000e+01
   4.4601220e+06   2.5000000e+01
   4.4602810e+06   2.2000000e+01
   4.4603130e+06   2.2000000e+01
   4.4603610e+06   1.9000000e+01
   4.4604720e+06   2.3000000e+01
   4.4605250e+06   2.0000000e+01
   4.4606030e+06   1.9000000e+01
   4.4607880e+06   1.8000000e+01
   4.4608730e+06   1.7000000e+01
   4.4611780e+06   1.7000000e+01
   4.4613150e+06   2.0000000e+01
   4.4614600e+06   1.8000000e+01
   4.4615170e+06   1.8000000e+01
   4.4622630e+06   1.7000000e+01
   4.4623360e+06   1.7000000e+01
   4.4626610e+06   1.8000000e+01
   4.4634760e+06   1.7000000e+01
   4.4635250e+06   2.2000000e+01
   4.4643110e+06   2.0000000e+01
   4.4656440e+06   2.5000000e+01
   4.4658590e+06   1.7000000e+01
   4.4659040e+06   1.8000000e+01
   4.4669300e+06   1.7000000e+01
   4.4671550e+06   1.8000000e+01
   4.4672150e+06   1.7000000e+01
   4.4685090e+06   1.9000000e+01
   4.4690370e+06   1.7000000e+01
   4.4711380e+06   2.3000000e+01
   4.4726160e+06   1.7000000e+01
   4.4747280e+06   1.7000000e+01
   4.9711950e+06   2.1000000e+01
   4.9715490e+06   1.9000000e+01
   4.9716550e+06   1.7000000e+01
   4.9718550e+06   1.8000000e+01
   4.9720150e+06   2.1000000e+01
   4.9720940e+06   2.2000000e+01
   4.9721560e+06   2.1000000e+01
   4.9722060e+06   1.9000000e+01
   4.9723080e+06   1.7000000e+01
   4.9724900e+06   2.4000000e+01
   4.9725270e+06   2.1000000e+01
   4.9725770e+06   1.9000000e+01
   4.9727200e+06   2.1000000e+01
   4.9727600e+06   1.9000000e+01
   4.9728800e+06   1.7000000e+01
   4.9729050e+06   2.1000000e+01
   4.9729980e+06   1.7000000e+01
   4.9730380e+06   1.9000000e+01
   4.9731110e+06   1.7000000e+01
   4.9731380e+06   2.3000000e+01
   4.9732410e+06   2.4000000e+01
   4.9733140e+06   1.9000000e+01
   4.9733700e+06   2.7000000e+01
   4.9734730e+06   2.6000000e+01
   4.9735580e+06   1.7000000e+01
   4.9736280e+06   1.9000000e+01
   4.9736870e+06   1.7000000e+01
   4.9737720e+06   1.8000000e+01
   4.9738570e+06   2.2000000e+01
   4.9739300e+06   1.7000000e+01
   4.9739960e+06   2.5000000e+01
   4.9741350e+06   1.8000000e+01
   4.9741810e+06   1.7000000e+01
   4.9743410e+06   1.9000000e+01
   4.9745170e+06   1.8000000e+01
   4.9745450e+06   1.7000000e+01
   4.9746290e+06   2.2000000e+01
   4.9747970e+06   1.9000000e+01
   4.9750380e+06   1.8000000e+01
   4.9752920e+06   1.8000000e+01
   4.9753470e+06   1.8000000e+01
   4.9754700e+06   1.7000000e+01
   4.9755900e+06   1.9000000e+01
   4.9756170e+06   2.0000000e+01
   4.9757210e+06   1.9000000e+01
   4.9760690e+06   1.7000000e+01
   4.9763870e+06   2.2000000e+01
   4.9771380e+06   1.7000000e+01
   4.9777420e+06   2.0000000e+01
   4.9799640e+06   1.9000000e+01
   4.9806970e+06   1.7000000e+01
   4.9808190e+06   1.7000000e+01
   4.9813340e+06   1.7000000e+01
   4.9820310e+06   1.7000000e+01
   4.9853620e+06   2.3000000e+01
   4.9861760e+06   1.8000000e+01
   4.9870240e+06   1.7000000e+01
   4.9879360e+06   2.0000000e+01
   4.9880490e+06   1.8000000e+01
   4.9882390e+06   1.8000000e+01
   4.9889210e+06   1.7000000e+01
   4.9894950e+06   1.7000000e+01
   4.9903550e+06   1.8000000e+01
   4.9904410e+06   2.9000000e+01
   4.9908320e+06   1.7000000e+01
   4.9945480e+06   1.7000000e+01
   4.9947550e+06   1.7000000e+01
   4.9951090e+06   1.7000000e+01
   4.9973500e+06   2.1000000e+01
   5.4242920e+06   1.8000000e+01
   5.4244450e+06   1.8000000e+01
   5.4246320e+06   1.7000000e+01
   5.4248790e+06   1.7000000e+01
   5.4251040e+06   1.9000000e+01
   5.4251690e+06   1.7000000e+01
   5.4253160e+06   1.9000000e+01
   5.4254310e+06   2.6000000e+01
   5.4255900e+06   1.7000000e+01
   5.4256480e+06   2.1000000e+01
   5.4257170e+06   2.4000000e+01
   5.4259170e+06   1.7000000e+01
   5.4259860e+06   2.5000000e+01
   5.4260400e+06   2.5000000e+01
   5.4260940e+06   1.7000000e+01
   5.4261530e+06   4.1000000e+01
   5.4262240e+06   3.4000000e+01
   5.4263350e+06   2.2000000e+01
   5.4264020e+06   2.3000000e+01
   5.4264450e+06   1.7000000e+01
   5.4265220e+06   2.0000000e+01
   5.4265580e+06   2.1000000e+01
   5.4266840e+06   1.8000000e+01
   5.4267120e+06   2.8000000e+01
   5.4268690e+06   1.9000000e+01
   5.4270770e+06   1.8000000e+01
   5.4271150e+06   1.9000000e+01
   5.4274050e+06   1.8000000e+01
   5.4277560e+06   2.3000000e+01
   5.4282400e+06   2.0000000e+01
   5.4283070e+06   2.0000000e+01
   5.4288260e+06   1.9000000e+01
   5.4289530e+06   2.0000000e+01
   5.4289970e+06   1.8000000e+01
   5.4292520e+06   2.1000000e+01
   5.4294200e+06   1.7000000e+01
   5.4300230e+06   1.8000000e+01
   5.4302500e+06   1.7000000e+01
   5.4313020e+06   2.0000000e+01
   5.4313400e+06   1.7000000e+01
   5.4314770e+06   1.9000000e+01
   5.4344800e+06   1.7000000e+01
   5.4349120e+06   2.0000000e+01
   5.4362140e+06   1.8000000e+01
   5.4371180e+06   1.9000000e+01
   5.4375930e+06   1.9000000e+01
   5.4376510e+06   2.5000000e+01
   5.4376940e+06   1.9000000e+01
   5.4377830e+06   1.7000000e+01
   5.4389230e+06   1.7000000e+01
   5.4390650e+06   1.7000000e+01
   5.4405110e+06   2.3000000e+01
   5.4411980e+06   2.3000000e+01
   5.4421070e+06   1.7000000e+01
   5.4427660e+06   1.9000000e+01
   5.4430850e+06   1.8000000e+01
   5.4431720e+06   1.9000000e+01
   5.4433950e+06   1.8000000e+01
   5.4448000e+06   1.7000000e+01
   5.4450120e+06   1.7000000e+01
   5.4457720e+06   1.9000000e+01
   5.4467540e+06   2.0000000e+01
   5.4467870e+06   1.8000000e+01
   5.4482170e+06   1.9000000e+01
   5.4482540e+06   1.7000000e+01
   5.4500990e+06   1.8000000e+01
   5.4522990e+06   1.9000000e+01
   5.6009430e+06   1.7000000e+01
   5.6021220e+06   1.7000000e+01
   5.6022380e+06   1.7000000e+01
   5.6027760e+06   1.7000000e+01
   5.6028270e+06   2.2000000e+01
   5.6034380e+06   2.0000000e+01
   5.6035130e+06   1.9000000e+01
   5.6036800e+06   1.8000000e+01
   5.6038950e+06   2.1000000e+01
   5.6040630e+06   2.1000000e+01
   5.6041010e+06   2.2000000e+01
   5.6044820e+06   3.1000000e+01
   5.6046440e+06   2.0000000e+01
   5.6046890e+06   2.1000000e+01
   5.6047480e+06   1.8000000e+01
   5.6047780e+06   1.7000000e+01
   5.6050180e+06   1.7000000e+01
   5.6050770e+06   1.7000000e+01
   5.6051920e+06   2.1000000e+01
   5.6052220e+06   1.7000000e+01
   5.6054610e+06   2.1000000e+01
   5.6055370e+06   1.9000000e+01
   5.6057460e+06   1.7000000e+01
   5.6058130e+06   2.4000000e+01
   5.6058920e+06   2.3000000e+01
   5.6066190e+06   2.0000000e+01
   5.6068160e+06   1.9000000e+01
   5.6073350e+06   1.9000000e+01
   5.6074240e+06   1.8000000e+01
   5.6074700e+06   1.7000000e+01
   5.6078520e+06   1.9000000e+01
   5.6083380e+06   1.7000000e+01
   5.6094170e+06   1.9000000e+01
   5.6103170e+06   1.8000000e+01
   5.6110750e+06   1.7000000e+01
   5.6131460e+06   2.0000000e+01
   5.6162520e+06   2.0000000e+01
   6.2142160e+06   2.0000000e+01
   6.2143800e+06   1.8000000e+01
   6.2146100e+06   1.7000000e+01
   6.2149600e+06   1.9000000e+01
   6.2152060e+06   1.8000000e+01
   6.2152750e+06   1.7000000e+01
   6.2153670e+06   1.9000000e+01
   6.2155250e+06   1.7000000e+01
   6.2157100e+06   2.3000000e+01
   6.2157440e+06   1.9000000e+01
   6.2158200e+06   1.9000000e+01
   6.2158500e+06   1.9000000e+01
   6.2159620e+06   2.2000000e+01
   6.2160250e+06   2.6000000e+01
   6.2162000e+06   1.7000000e+01
   6.2162590e+06   2.1000000e+01
   6.2163330e+06   1.9000000e+01
   6.2163690e+06   1.7000000e+01
   6.2165840e+06   1.9000000e+01
   6.2166720e+06   2.4000000e+01
   6.2167460e+06   2.2000000e+01
   6.2167710e+06   1.9000000e+01
   6.2168490e+06   3.1000000e+01
   6.2170550e+06   2.2000000e+01
   6.2170940e+06   1.8000000e+01
   6.2173000e+06   1.9000000e+01
   6.2174460e+06   2.1000000e+01
   6.2175190e+06   1.9000000e+01
   6.2175750e+06   1.9000000e+01
   6.2176110e+06   2.1000000e+01
   6.2178980e+06   1.7000000e+01
   6.2179690e+06   2.2000000e+01
   6.2181620e+06   1.8000000e+01
   6.2182090e+06   1.8000000e+01
   6.2183400e+06   1.8000000e+01
   6.2183730e+06   1.7000000e+01
   6.2193180e+06   1.7000000e+01
   6.2194310e+06   1.8000000e+01
   6.2195260e+06   1.7000000e+01
   6.2198030e+06   1.8000000e+01
   6.2201940e+06   1.9000000e+01
   6.2202230e+06   2.3000000e+01
   6.2204700e+06   1.7000000e+01
   6.2211430e+06   1.8000000e+01
   6.2211720e+06   1.8000000e+01
   6.2214900e+06   1.7000000e+01
   6.2220990e+06   1.7000000e+01
   6.2230920e+06   1.7000000e+01
   6.2236800e+06   1.7000000e+01
   6.2252660e+06   1.7000000e+01
   6.2268260e+06   1.8000000e+01
   6.2273550e+06   1.7000000e+01
   6.2277940e+06   1.7000000e+01
   6.2280930e+06   2.2000000e+01
   6.2284570e+06   1.9000000e+01
   6.2284860e+06   1.7000000e+01
   6.2290820e+06   1.7000000e+01
   6.2326800e+06   1.8000000e+01
   6.2327550e+06   1.8000000e+01
   6.2374590e+06   1.8000000e+01
   6.2375120e+06   2.0000000e+01
   6.2380280e+06   1.7000000e+01
   6.2381020e+06   2.3000000e+01
   6.3850440e+06   1.7000000e+01
   6.5069600e+06   1.7000000e+01
   6.6657140e+06   1.7000000e+01
   6.6664320e+06   1.8000000e+01
   6.6665380e+06   2.9000000e+01
   6.6666070e+06   1.9000000e+01
   6.6667210e+06   1.9000000e+01
   6.6667520e+06   2.9000000e+01
   6.6668340e+06   2.5000000e+01
   6.6669380e+06   1.9000000e+01
   6.6669920e+06   1.8000000e+01
   6.6671610e+06   1.8000000e+01
   6.6671940e+06   2.3000000e+01
   6.6672530e+06   1.8000000e+01
   6.6673110e+06   2.1000000e+01
   6.6673900e+06   1.7000000e+01
   6.6675260e+06   1.7000000e+01
   6.6676090e+06   2.5000000e+01
   6.6677090e+06   1.7000000e+01
   6.6677840e+06   1.7000000e+01
   6.6679500e+06   2.3000000e+01
   6.6680430e+06   1.8000000e+01
   6.6682200e+06   1.8000000e+01
   6.6682710e+06   1.8000000e+01
   6.6683610e+06   1.7000000e+01
   6.6684000e+06   2.7000000e+01
   6.6684640e+06   2.4000000e+01
   6.6685220e+06   1.7000000e+01
   6.6686010e+06   2.4000000e+01
   6.6686620e+06   1.7000000e+01
   6.6688420e+06   1.7000000e+01
   6.6688860e+06   2.0000000e+01
   6.6690380e+06   1.9000000e+01
   6.6690710e+06   2.0000000e+01
   6.6693710e+06   2.4000000e+01
   6.6694240e+06   1.9000000e+01
   6.6697000e+06   1.8000000e+01
   6.6698020e+06   2.1000000e+01
   6.6698410e+06   2.0000000e+01
   6.6700530e+06   1.7000000e+01
   6.6701180e+06   2.2000000e+01
   6.6703630e+06   1.9000000e+01
   6.6706550e+06   2.1000000e+01
   6.6712430e+06   1.9000000e+01
   6.6717060e+06   1.9000000e+01
   6.6720580e+06   1.7000000e+01
   6.6723330e+06   1.7000000e+01
   6.6729110e+06   1.7000000e+01
   6.6734980e+06   1.7000000e+01
   6.6750250e+06   1.8000000e+01
   6.6750630e+06   1.8000000e+01
   6.6765550e+06   1.7000000e+01
   6.6774500e+06   1.8000000e+01
   6.6778940e+06   1.7000000e+01
   6.6782750e+06   1.7000000e+01
   6.6793860e+06   1.7000000e+01
   6.6801210e+06   1.9000000e+01
   6.6807460e+06   2.3000000e+01
   6.6854870e+06   1.8000000e+01
   6.6887650e+06   1.8000000e+01
   6.6892030e+06   1.8000000e+01
   6.6984550e+06   1.7000000e+01
   6.8616870e+06   1.8000000e+01
   7.2738940e+06   1.8000000e+01
   7.2753700e+06   1.7000000e+01
   7.3386050e+06   1.7000000e+01
   7.3600710e+06   1.7000000e+01
   7.3602150e+06   1.8000000e+01
   7.3604480e+06   1.8000000e+01
   7.3605590e+06   1.9000000e+01
   7.3606380e+06   1.9000000e+01
   7.3606850e+06   2.6000000e+01
   7.3608490e+06   2.3000000e+01
   7.3609150e+06   1.9000000e+01
   7.3609460e+06   2.3000000e+01
   7.3610250e+06   1.9000000e+01
   7.3611130e+06   1.7000000e+01
   7.3612640e+06   2.1000000e+01
   7.3613620e+06   1.7000000e+01
   7.3614880e+06   1.9000000e+01
   7.3615450e+06   1.8000000e+01
   7.3616820e+06   1.8000000e+01
   7.3617090e+06   1.8000000e+01
   7.3617640e+06   1.8000000e+01
   7.3618730e+06   2.3000000e+01
   7.3619520e+06   2.0000000e+01
   7.3620700e+06   1.9000000e+01
   7.3621370e+06   2.1000000e+01
   7.3622320e+06   2.2000000e+01
   7.3622670e+06   2.0000000e+01
   7.3623160e+06   1.8000000e+01
   7.3623700e+06   1.8000000e+01
   7.3627210e+06   1.7000000e+01
   7.3627810e+06   1.8000000e+01
   7.3628540e+06   1.8000000e+01
   7.3630000e+06   1.8000000e+01
   7.3630910e+06   1.8000000e+01
   7.3631790e+06   2.0000000e+01
   7.3634220e+06   2.2000000e+01
   7.3636130e+06   1.7000000e+01
   7.3636780e+06   1.9000000e+01
   7.3637640e+06   1.7000000e+01
   7.3638980e+06   1.7000000e+01
   7.3640000e+06   1.7000000e+01
   7.3642520e+06   1.8000000e+01
   7.3643030e+06   1.7000000e+01
   7.3644990e+06   2.0000000e+01
   7.3645900e+06   2.0000000e+01
   7.3646510e+06   1.7000000e+01
   7.3651740e+06   1.7000000e+01
   7.3652920e+06   1.7000000e+01
   7.3653800e+06   1.8000000e+01
   7.3657360e+06   1.8000000e+01
   7.3668010e+06   1.9000000e+01
   7.3671260e+06   1.7000000e+01
   7.3681070e+06   1.7000000e+01
   7.3683080e+06   1.7000000e+01
   7.3686890e+06   1.8000000e+01
   7.3735240e+06   2.7000000e+01
   7.3741290e+06   2.0000000e+01
   7.3741590e+06   2.2000000e+01
   7.3747070e+06   2.0000000e+01
   7.3747680e+06   1.8000000e+01
   7.3749230e+06   1.9000000e+01
   7.3756870e+06   1.8000000e+01
   7.3760310e+06   1.8000000e+01
   7.3769870e+06   1.8000000e+01
   7.3778790e+06   1.9000000e+01
   7.3779850e+06   1.7000000e+01
   7.3791530e+06   1.7000000e+01
   7.3797720e+06   2.8000000e+01
   7.3817030e+06   1.9000000e+01
   7.3818890e+06   1.8000000e+01
   7.3843990e+06   1.7000000e+01
   7.3865220e+06   1.7000000e+01
   7.3877380e+06   1.7000000e+01
   7.4371520e+06   1.7000000e+01
