   7.5000000e+06   0.0000000e+00
   1.0389500e+05   1.8000000e+01
   1.0614700e+05   1.9000000e+01
   1.0622200e+05   2.3000000e+01
   1.0630200e+05   2.9000000e+01
   1.0634800e+05   1.7000000e+01
   1.0646400e+05   1.8000000e+01
   1.0662000e+05   2.1000000e+01
   1.0664900e+05   1.7000000e+01
   1.0673300e+05   2.0000000e+01
   1.0681900e+05   2.0000000e+01
   1.0690200e+05   1.8000000e+01
   1.0696200e+05   1.8000000e+01
   1.0709200e+05   1.8000000e+01
   1.0729800e+05   2.4000000e+01
   1.0736000e+05   1.7000000e+01
   1.0738900e+05   2.4000000e+01
   1.0747400e+05   2.4000000e+01
   1.0753200e+05   3.0000000e+01
   1.0755700e+05   1.9000000e+01
   1.0764400e+05   2.0000000e+01
   1.0773400e+05   1.9000000e+01
   1.0792200e+05   2.0000000e+01
   1.0796500e+05   3.3000000e+01
   1.0808600e+05   1.9000000e+01
   1.0818800e+05   1.8000000e+01
   1.0827400e+05   1.7000000e+01
   1.0834400e+05   1.8000000e+01
   1.0849000e+05   1.7000000e+01
   1.0855300e+05   2.3000000e+01
   1.0860800e+05   4.0000000e+01
   1.0863400e+05   1.9000000e+01
   1.0874100e+05   1.7000000e+01
   1.0882800e+05   2.0000000e+01
   1.0891100e+05   2.6000000e+01
   1.0894000e+05   2.0000000e+01
   1.0903900e+05   2.0000000e+01
   1.0918400e+05   1.9000000e+01
   1.0937200e+05   2.4000000e+01
   1.0940900e+05   2.0000000e+01
   1.0947100e+05   1.7000000e+01
   1.0962000e+05   2.2000000e+01
   1.0969600e+05   2.9000000e+01
   1.0973600e+05   2.6000000e+01
   1.0995100e+05   1.9000000e+01
   1.1008000e+05   1.8000000e+01
   1.1014800e+05   2.7000000e+01
   1.1026100e+05   1.8000000e+01
   1.1039500e+05   1.7000000e+01
   1.1048200e+05   1.7000000e+01
   1.1060900e+05   1.7000000e+01
   1.1068300e+05   1.7000000e+01
   1.1085900e+05   2.2000000e+01
   1.1101900e+05   2.4000000e+01
   1.1118800e+05   1.7000000e+01
   1.1151400e+05   2.1000000e+01
   1.1156600e+05   1.8000000e+01
   1.1165100e+05   1.7000000e+01
   1.1167800e+05   3.2000000e+01
   1.1198400e+05   1.7000000e+01
   1.1213200e+05   1.7000000e+01
   1.1215700e+05   2.1000000e+01
   1.1257900e+05   1.7000000e+01
   1.1300000e+05   2.4000000e+01
   1.1303000e+05   2.0000000e+01
   1.1309500e+05   2.0000000e+01
   1.1320300e+05   1.7000000e+01
   1.1371200e+05   1.8000000e+01
   1.1414800e+05   2.8000000e+01
   1.1418800e+05   2.3000000e+01
   1.1473000e+05   1.9000000e+01
   1.1480700e+05   1.8000000e+01
   1.1554500e+05   1.8000000e+01
   1.1595800e+05   1.8000000e+01
   1.1607600e+05   1.9000000e+01
   1.1929600e+05   1.8000000e+01
   1.2021900e+05   1.8000000e+01
   1.2193200e+05   1.7000000e+01
   1.2364200e+05   1.9000000e+01
   1.2427800e+05   2.0000000e+01
   1.2434000e+05   1.7000000e+01
   1.2907300e+05   1.8000000e+01
   1.3059600e+05   1.8000000e+01
   1.3416900e+05   1.7000000e+01
   2.9931300e+05   2.2000000e+01
   2.9937700e+05   1.9000000e+01
   2.9946800e+05   2.6000000e+01
   2.9950100e+05   2.2000000e+01
   2.9957300e+05   2.0000000e+01
   2.9970200e+05   2.8000000e+01
   2.9979700e+05   1.9000000e+01
   2.9984700e+05   1.7000000e+01
   2.9988800e+05   2.3000000e+01
   2.9996400e+05   1.9000000e+01
   2.9999600e+05   3.1000000e+01
   3.0007000e+05   1.9000000e+01
   3.0028300e+05   2.2000000e+01
   3.0033400e+05   2.6000000e+01
   3.0036500e+05   1.8000000e+01
   3.0045400e+05   2.1000000e+01
   3.0051200e+05   3.2000000e+01
   3.0060900e+05   1.9000000e+01
   3.0071900e+05   1.8000000e+01
   3.0081300e+05   4.4000000e+01
   3.0090000e+05   4.6000000e+01
   3.0095100e+05   1.8000000e+01
   3.0108700e+05   1.7000000e+01
   3.0113300e+05   1.7000000e+01
   3.0119900e+05   2.4000000e+01
   3.0125500e+05   2.1000000e+01
   3.0143000e+05   1.8000000e+01
   3.0155100e+05   1.7000000e+01
   3.0158600e+05   1.8000000e+01
   3.0179000e+05   2.6000000e+01
   3.0186900e+05   2.2000000e+01
   3.0199200e+05   1.7000000e+01
   3.0202000e+05   1.8000000e+01
   3.0212600e+05   1.9000000e+01
   3.0222000e+05   1.7000000e+01
   3.0226900e+05   1.7000000e+01
   3.0229500e+05   2.2000000e+01
   3.0247900e+05   2.4000000e+01
   3.0276200e+05   2.0000000e+01
   3.0297400e+05   2.0000000e+01
   3.0305100e+05   1.7000000e+01
   3.0313200e+05   2.1000000e+01
   3.0342400e+05   1.7000000e+01
   3.0355600e+05   1.9000000e+01
   3.0361300e+05   1.8000000e+01
   3.0379800e+05   1.9000000e+01
   3.0421900e+05   1.8000000e+01
   3.0428300e+05   1.8000000e+01
   3.0433500e+05   2.2000000e+01
   3.0478100e+05   1.7000000e+01
   3.0488500e+05   2.4000000e+01
   3.0493100e+05   2.0000000e+01
   3.0506100e+05   1.9000000e+01
   3.0554300e+05   1.7000000e+01
   3.0569100e+05   2.0000000e+01
   3.0579000e+05   1.8000000e+01
   3.0599000e+05   2.0000000e+01
   3.0608600e+05   1.7000000e+01
   3.0614700e+05   2.3000000e+01
   3.0617300e+05   1.8000000e+01
   3.0645700e+05   1.8000000e+01
   3.0676000e+05   1.7000000e+01
   3.0924500e+05   2.1000000e+01
   3.0981300e+05   1.9000000e+01
   3.0985100e+05   1.8000000e+01
   3.0993500e+05   1.9000000e+01
   3.0998100e+05   2.1000000e+01
   3.1146500e+05   1.7000000e+01
   3.1408600e+05   2.0000000e+01
   3.1434300e+05   1.8000000e+01
   3.1573400e+05   1.8000000e+01
   3.1814500e+05   1.7000000e+01
   4.5157900e+05   1.7000000e+01
   5.4636600e+05   1.7000000e+01
   6.2181500e+05   1.7000000e+01
   6.2268100e+05   1.8000000e+01
   6.2433300e+05   1.8000000e+01
   6.2474600e+05   2.4000000e+01
   6.2482600e+05   2.6000000e+01
   6.2485300e+05   2.6000000e+01
   6.2498100e+05   2.2000000e+01
   6.2501900e+05   2.0000000e+01
   6.2512300e+05   1.8000000e+01
   6.2517500e+05   4.2000000e+01
   6.2520600e+05   2.8000000e+01
   6.2531900e+05   2.6000000e+01
   6.2538400e+05   2.7000000e+01
   6.2548100e+05   3.1000000e+01
   6.2551300e+05   1.7000000e+01
   6.2560100e+05   2.7000000e+01
   6.2564200e+05   2.2000000e+01
   6.2574400e+05   1.9000000e+01
   6.2579700e+05   2.2000000e+01
   6.2585000e+05   2.0000000e+01
   6.2594400e+05   2.2000000e+01
   6.2602400e+05   3.3000000e+01
   6.2606900e+05   2.3000000e+01
   6.2619800e+05   2.2000000e+01
   6.2622400e+05   2.4000000e+01
   6.2630900e+05   1.8000000e+01
   6.2636600e+05   2.5000000e+01
   6.2643400e+05   2.2000000e+01
   6.2651100e+05   2.6000000e+01
   6.2657600e+05   1.9000000e+01
   6.2662200e+05   2.3000000e+01
   6.2669000e+05   1.7000000e+01
   6.2673900e+05   2.5000000e+01
   6.2676700e+05   2.2000000e+01
   6.2688200e+05   1.9000000e+01
   6.2709600e+05   1.9000000e+01
   6.2717200e+05   2.0000000e+01
   6.2721200e+05   2.2000000e+01
   6.2727000e+05   1.8000000e+01
   6.2732400e+05   2.0000000e+01
   6.2750600e+05   1.7000000e+01
   6.2759500e+05   2.1000000e+01
   6.2792000e+05   1.9000000e+01
   6.2798200e+05   2.7000000e+01
   6.2817000e+05   1.7000000e+01
   6.2831100e+05   1.7000000e+01
   6.2839700e+05   2.2000000e+01
   6.2846200e+05   1.8000000e+01
   6.2863400e+05   2.1000000e+01
   6.2875700e+05   1.7000000e+01
   6.2900500e+05   1.9000000e+01
   6.2915700e+05   1.7000000e+01
   6.2962700e+05   1.9000000e+01
   6.2965700e+05   3.6000000e+01
   6.2972200e+05   1.7000000e+01
   6.2978500e+05   1.7000000e+01
   6.3011000e+05   1.9000000e+01
   6.3013500e+05   2.7000000e+01
   6.3027700e+05   2.0000000e+01
   6.3040600e+05   1.8000000e+01
   6.3094700e+05   2.1000000e+01
   6.3158800e+05   1.8000000e+01
   6.3165100e+05   3.1000000e+01
   6.3173300e+05   1.8000000e+01
   6.3209800e+05   1.8000000e+01
   6.3212500e+05   2.0000000e+01
   6.3257400e+05   2.2000000e+01
   6.3439400e+05   1.9000000e+01
   6.3465500e+05   2.1000000e+01
   6.3757400e+05   2.6000000e+01
   6.3865500e+05   2.0000000e+01
   6.4142500e+05   1.7000000e+01
   6.4238900e+05   2.0000000e+01
   6.4319400e+05   1.8000000e+01
   6.4461500e+05   1.8000000e+01
   8.6729900e+05   1.7000000e+01
   8.7711900e+05   1.8000000e+01
   8.7758700e+05   2.1000000e+01
   8.7790700e+05   1.8000000e+01
   8.7828400e+05   1.9000000e+01
   8.7864600e+05   2.2000000e+01
   8.7872500e+05   1.7000000e+01
   8.7875500e+05   2.0000000e+01
   8.7882300e+05   2.7000000e+01
   8.7899700e+05   1.7000000e+01
   8.7904300e+05   1.7000000e+01
   8.7910600e+05   2.1000000e+01
   8.7920000e+05   1.8000000e+01
   8.7926300e+05   3.4000000e+01
   8.7932200e+05   2.6000000e+01
   8.7936100e+05   1.9000000e+01
   8.7946000e+05   2.0000000e+01
   8.7954400e+05   2.9000000e+01
   8.7962500e+05   1.9000000e+01
   8.7971500e+05   1.7000000e+01
   8.7983800e+05   1.7000000e+01
   8.7989800e+05   2.3000000e+01
   8.8005300e+05   1.9000000e+01
   8.8011400e+05   2.6000000e+01
   8.8016200e+05   2.1000000e+01
   8.8024000e+05   2.5000000e+01
   8.8029500e+05   2.0000000e+01
   8.8036800e+05   2.5000000e+01
   8.8048200e+05   2.2000000e+01
   8.8056000e+05   1.8000000e+01
   8.8062500e+05   2.4000000e+01
   8.8077600e+05   1.8000000e+01
   8.8082900e+05   2.2000000e+01
   8.8094600e+05   1.9000000e+01
   8.8099100e+05   2.1000000e+01
   8.8107400e+05   2.2000000e+01
   8.8114900e+05   2.0000000e+01
   8.8120300e+05   2.0000000e+01
   8.8128200e+05   1.8000000e+01
   8.8134200e+05   2.0000000e+01
   8.8140000e+05   2.5000000e+01
   8.8161800e+05   1.8000000e+01
   8.8173700e+05   1.7000000e+01
   8.8190900e+05   2.6000000e+01
   8.8197000e+05   1.7000000e+01
   8.8228200e+05   2.0000000e+01
   8.8232200e+05   2.0000000e+01
   8.8238000e+05   1.7000000e+01
   8.8269400e+05   2.2000000e+01
   8.8274600e+05   2.0000000e+01
   8.8281100e+05   1.7000000e+01
   8.8288500e+05   2.0000000e+01
   8.8316200e+05   1.8000000e+01
   8.8320600e+05   2.3000000e+01
   8.8359700e+05   2.0000000e+01
   8.8367100e+05   2.8000000e+01
   8.8379300e+05   1.8000000e+01
   8.8393300e+05   1.8000000e+01
   8.8404700e+05   1.7000000e+01
   8.8426900e+05   1.8000000e+01
   8.8436000e+05   1.7000000e+01
   8.8441400e+05   1.9000000e+01
   8.8476800e+05   2.2000000e+01
   8.8487500e+05   1.9000000e+01
   8.8491300e+05   1.7000000e+01
   8.8502900e+05   1.9000000e+01
   8.8507100e+05   1.9000000e+01
   8.8511100e+05   1.7000000e+01
   8.8519500e+05   1.7000000e+01
   8.8570500e+05   1.7000000e+01
   8.8727600e+05   1.8000000e+01
   8.8783200e+05   1.9000000e+01
   8.8789900e+05   1.7000000e+01
   8.8830200e+05   1.7000000e+01
   8.8835300e+05   2.7000000e+01
   8.9333600e+05   2.4000000e+01
   8.9372400e+05   2.3000000e+01
   8.9409000e+05   1.9000000e+01
   8.9414600e+05   1.7000000e+01
   8.9608800e+05   1.7000000e+01
   9.0016500e+05   1.7000000e+01
   1.1818470e+06   1.7000000e+01
   1.1819310e+06   1.8000000e+01
   1.1821970e+06   1.8000000e+01
   1.1822240e+06   1.9000000e+01
   1.1825360e+06   2.2000000e+01
   1.1825940e+06   1.8000000e+01
   1.1826670e+06   2.4000000e+01
   1.1827620e+06   2.9000000e+01
   1.1828140e+06   2.6000000e+01
   1.1829670e+06   2.3000000e+01
   1.1830720e+06   2.0000000e+01
   1.1832210e+06   2.2000000e+01
   1.1832480e+06   3.5000000e+01
   1.1833480e+06   2.7000000e+01
   1.1834060e+06   1.7000000e+01
   1.1834480e+06   3.4000000e+01
   1.1834980e+06   1.8000000e+01
   1.1836630e+06   1.7000000e+01
   1.1836930e+06   2.6000000e+01
   1.1837940e+06   1.7000000e+01
   1.1838730e+06   4.7000000e+01
   1.1839180e+06   2.2000000e+01
   1.1839720e+06   2.2000000e+01
   1.1840480e+06   1.8000000e+01
   1.1840800e+06   1.7000000e+01
   1.1841850e+06   1.9000000e+01
   1.1842330e+06   1.8000000e+01
   1.1842920e+06   2.1000000e+01
   1.1843660e+06   2.1000000e+01
   1.1844130e+06   3.5000000e+01
   1.1844940e+06   2.2000000e+01
   1.1845940e+06   2.4000000e+01
   1.1846220e+06   1.7000000e+01
   1.1847190e+06   2.2000000e+01
   1.1847910e+06   1.9000000e+01
   1.1848570e+06   1.7000000e+01
   1.1849310e+06   2.4000000e+01
   1.1850050e+06   1.8000000e+01
   1.1851010e+06   2.1000000e+01
   1.1851810e+06   2.0000000e+01
   1.1852590e+06   2.0000000e+01
   1.1854260e+06   1.8000000e+01
   1.1854580e+06   2.0000000e+01
   1.1855150e+06   3.2000000e+01
   1.1856130e+06   1.8000000e+01
   1.1856710e+06   1.7000000e+01
   1.1857370e+06   2.3000000e+01
   1.1857740e+06   1.8000000e+01
   1.1860370e+06   1.7000000e+01
   1.1861220e+06   2.0000000e+01
   1.1861540e+06   2.2000000e+01
   1.1862210e+06   1.8000000e+01
   1.1864670e+06   2.0000000e+01
   1.1865120e+06   2.1000000e+01
   1.1865770e+06   1.8000000e+01
   1.1866300e+06   1.7000000e+01
   1.1870600e+06   1.7000000e+01
   1.1871410e+06   1.9000000e+01
   1.1872930e+06   1.7000000e+01
   1.1874710e+06   1.9000000e+01
   1.1875810e+06   1.8000000e+01
   1.1888670e+06   1.8000000e+01
   1.1889190e+06   2.3000000e+01
   1.1891700e+06   1.8000000e+01
   1.1892860e+06   1.7000000e+01
   1.1893700e+06   1.9000000e+01
   1.1899600e+06   1.7000000e+01
   1.1900230e+06   2.0000000e+01
   1.1903410e+06   1.8000000e+01
   1.1904270e+06   1.9000000e+01
   1.1906940e+06   1.7000000e+01
   1.1909240e+06   1.9000000e+01
   1.1914990e+06   1.8000000e+01
   1.1925470e+06   1.7000000e+01
   1.1926320e+06   2.0000000e+01
   1.1930700e+06   1.7000000e+01
   1.1935710e+06   1.9000000e+01
   1.1943750e+06   1.9000000e+01
   1.1949920e+06   1.8000000e+01
   1.1962850e+06   1.7000000e+01
   1.1965030e+06   1.8000000e+01
   1.1965680e+06   2.2000000e+01
   1.1990690e+06   1.8000000e+01
   1.1996760e+06   1.7000000e+01
   1.2005870e+06   1.8000000e+01
   1.2021190e+06   2.2000000e+01
   1.2022400e+06   1.8000000e+01
   1.2023610e+06   2.0000000e+01
   1.2025270e+06   1.7000000e+01
   1.2026750e+06   1.7000000e+01
   1.2028200e+06   1.8000000e+01
   1.2028780e+06   2.0000000e+01
   1.2029160e+06   2.0000000e+01
   1.2033030e+06   2.3000000e+01
   1.2033670e+06   2.2000000e+01
   1.2033960e+06   1.8000000e+01
   1.2034990e+06   1.7000000e+01
   1.2042180e+06   1.9000000e+01
   1.2043630e+06   1.8000000e+01
   1.2044150e+06   1.8000000e+01
   1.2058590e+06   1.8000000e+01
   1.2058850e+06   1.8000000e+01
   1.2065640e+06   1.9000000e+01
   1.2067050e+06   1.8000000e+01
   1.2068910e+06   1.8000000e+01
   1.2071710e+06   1.7000000e+01
   1.2073020e+06   1.9000000e+01
   1.2075170e+06   1.8000000e+01
   1.2079210e+06   1.7000000e+01
   1.2081040e+06   1.8000000e+01
   1.2081410e+06   1.7000000e+01
   1.2094260e+06   1.8000000e+01
   1.2095030e+06   2.2000000e+01
   1.2096840e+06   2.4000000e+01
   1.2098860e+06   2.0000000e+01
   1.2109160e+06   1.7000000e+01
   1.2123350e+06   2.1000000e+01
   1.2124090e+06   2.3000000e+01
   1.2134220e+06   2.0000000e+01
   1.2136340e+06   1.9000000e+01
   1.2158680e+06   1.8000000e+01
   1.2173150e+06   1.8000000e+01
   1.2361220e+06   1.7000000e+01
   1.5400940e+06   1.8000000e+01
   1.5403870e+06   1.7000000e+01
   1.5406820e+06   1.9000000e+01
   1.5411770e+06   1.7000000e+01
   1.5414550e+06   1.8000000e+01
   1.5417030e+06   1.7000000e+01
   1.5417580e+06   2.6000000e+01
   1.5418270e+06   2.5000000e+01
   1.5419160e+06   1.9000000e+01
   1.5419730e+06   1.7000000e+01
   1.5420230e+06   1.7000000e+01
   1.5422820e+06   2.3000000e+01
   1.5423340e+06   1.9000000e+01
   1.5423810e+06   2.0000000e+01
   1.5425650e+06   1.7000000e+01
   1.5426060e+06   1.8000000e+01
   1.5426350e+06   3.6000000e+01
   1.5427220e+06   1.9000000e+01
   1.5427920e+06   2.3000000e+01
   1.5428870e+06   2.1000000e+01
   1.5429560e+06   2.6000000e+01
   1.5430540e+06   3.8000000e+01
   1.5430860e+06   2.6000000e+01
   1.5431750e+06   1.7000000e+01
   1.5432040e+06   1.7000000e+01
   1.5432660e+06   2.0000000e+01
   1.5432960e+06   1.9000000e+01
   1.5433600e+06   1.9000000e+01
   1.5433900e+06   1.9000000e+01
   1.5434660e+06   2.1000000e+01
   1.5435380e+06   1.8000000e+01
   1.5435840e+06   1.9000000e+01
   1.5436220e+06   2.5000000e+01
   1.5436700e+06   1.7000000e+01
   1.5438320e+06   1.7000000e+01
   1.5439130e+06   3.3000000e+01
   1.5440530e+06   2.1000000e+01
   1.5440920e+06   1.8000000e+01
   1.5442000e+06   2.3000000e+01
   1.5443290e+06   2.2000000e+01
   1.5443690e+06   1.7000000e+01
   1.5444800e+06   2.0000000e+01
   1.5447480e+06   1.7000000e+01
   1.5448050e+06   2.4000000e+01
   1.5448300e+06   2.5000000e+01
   1.5449210e+06   2.1000000e+01
   1.5451570e+06   1.8000000e+01
   1.5452130e+06   1.7000000e+01
   1.5453910e+06   2.7000000e+01
   1.5454430e+06   1.8000000e+01
   1.5455390e+06   2.5000000e+01
   1.5455870e+06   1.8000000e+01
   1.5457440e+06   1.7000000e+01
   1.5458150e+06   1.8000000e+01
   1.5458440e+06   2.4000000e+01
   1.5461610e+06   1.7000000e+01
   1.5463750e+06   1.9000000e+01
   1.5464470e+06   1.9000000e+01
   1.5466300e+06   2.0000000e+01
   1.5466790e+06   1.7000000e+01
   1.5474500e+06   1.7000000e+01
   1.5483090e+06   2.2000000e+01
   1.5483710e+06   2.0000000e+01
   1.5484760e+06   1.7000000e+01
   1.5495790e+06   1.8000000e+01
   1.5499180e+06   1.7000000e+01
   1.5500880e+06   1.7000000e+01
   1.5501740e+06   2.3000000e+01
   1.5502400e+06   1.8000000e+01
   1.5506700e+06   2.1000000e+01
   1.5508770e+06   1.7000000e+01
   1.5512910e+06   1.9000000e+01
   1.5517100e+06   1.8000000e+01
   1.5523580e+06   1.7000000e+01
   1.5525780e+06   1.7000000e+01
   1.5532350e+06   1.7000000e+01
   1.5532750e+06   1.7000000e+01
   1.5536380e+06   2.4000000e+01
   1.5537100e+06   1.9000000e+01
   1.5540760e+06   1.9000000e+01
   1.5541870e+06   2.0000000e+01
   1.5553020e+06   1.8000000e+01
   1.5553380e+06   1.7000000e+01
   1.5553860e+06   1.8000000e+01
   1.5559870e+06   1.7000000e+01
   1.5574110e+06   1.7000000e+01
   1.5575320e+06   1.7000000e+01
   1.5575780e+06   1.9000000e+01
   1.5577250e+06   2.1000000e+01
   1.5579890e+06   1.9000000e+01
   1.5580170e+06   1.8000000e+01
   1.5589370e+06   1.8000000e+01
   1.5593940e+06   1.7000000e+01
   1.5598190e+06   1.9000000e+01
   1.5600840e+06   1.7000000e+01
   1.5601140e+06   1.7000000e+01
   1.5602260e+06   2.0000000e+01
   1.5607690e+06   1.9000000e+01
   1.5608630e+06   1.8000000e+01
   1.5609220e+06   1.8000000e+01
   1.5614490e+06   2.2000000e+01
   1.5616460e+06   1.9000000e+01
   1.5618250e+06   1.8000000e+01
   1.5623880e+06   1.8000000e+01
   1.5626060e+06   2.0000000e+01
   1.5638450e+06   1.7000000e+01
   1.5640600e+06   1.9000000e+01
   1.5641690e+06   2.1000000e+01
   1.5642010e+06   2.1000000e+01
   1.5644430e+06   1.7000000e+01
   1.5646980e+06   1.9000000e+01
   1.5647410e+06   1.8000000e+01
   1.5648970e+06   2.2000000e+01
   1.5660840e+06   1.9000000e+01
   1.5661310e+06   2.1000000e+01
   1.5689530e+06   1.7000000e+01
   1.5722840e+06   1.8000000e+01
   1.5724650e+06   1.7000000e+01
   1.6800060e+06   1.8000000e+01
   1.6801160e+06   1.9000000e+01
   1.6807690e+06   1.9000000e+01
   1.6819060e+06   1.8000000e+01
   1.6819660e+06   2.2000000e+01
   1.6825870e+06   1.7000000e+01
   1.6826850e+06   2.8000000e+01
   1.6828060e+06   1.7000000e+01
   1.6829510e+06   1.9000000e+01
   1.6830950e+06   1.8000000e+01
   1.6832550e+06   2.0000000e+01
   1.6833790e+06   1.7000000e+01
   1.6835260e+06   2.0000000e+01
   1.6836130e+06   2.1000000e+01
   1.6836490e+06   2.2000000e+01
   1.6837230e+06   2.5000000e+01
   1.6837840e+06   4.7000000e+01
   1.6838150e+06   2.2000000e+01
   1.6838740e+06   1.7000000e+01
   1.6839990e+06   2.3000000e+01
   1.6840350e+06   1.7000000e+01
   1.6841210e+06   2.6000000e+01
   1.6841680e+06   1.8000000e+01
   1.6842400e+06   1.7000000e+01
   1.6843600e+06   1.8000000e+01
   1.6845180e+06   2.3000000e+01
   1.6845840e+06   2.5000000e+01
   1.6846260e+06   2.0000000e+01
   1.6848190e+06   2.1000000e+01
   1.6849960e+06   2.0000000e+01
   1.6850670e+06   1.8000000e+01
   1.6851040e+06   1.8000000e+01
   1.6851370e+06   2.1000000e+01
   1.6852480e+06   2.2000000e+01
   1.6853090e+06   1.7000000e+01
   1.6854330e+06   1.9000000e+01
   1.6855840e+06   1.8000000e+01
   1.6856800e+06   1.7000000e+01
   1.6859350e+06   2.6000000e+01
   1.6860100e+06   2.3000000e+01
   1.6861190e+06   1.7000000e+01
   1.6865310e+06   2.0000000e+01
   1.6865760e+06   2.4000000e+01
   1.6866370e+06   2.3000000e+01
   1.6867110e+06   1.9000000e+01
   1.6867880e+06   1.7000000e+01
   1.6870860e+06   2.0000000e+01
   1.6871970e+06   2.1000000e+01
   1.6872240e+06   1.9000000e+01
   1.6875640e+06   1.8000000e+01
   1.6880400e+06   2.3000000e+01
   1.6885650e+06   1.8000000e+01
   1.6893710e+06   1.7000000e+01
   1.6894360e+06   2.1000000e+01
   1.6894960e+06   1.7000000e+01
   1.6898460e+06   2.2000000e+01
   1.6902680e+06   2.0000000e+01
   1.6913800e+06   1.8000000e+01
   1.6924350e+06   1.8000000e+01
   1.6925840e+06   2.0000000e+01
   1.6931450e+06   1.7000000e+01
   1.6939730e+06   1.7000000e+01
   1.6940460e+06   2.0000000e+01
   1.6949430e+06   1.7000000e+01
   1.6955740e+06   1.7000000e+01
   1.6963720e+06   1.9000000e+01
   1.6979920e+06   1.7000000e+01
   1.6994390e+06   1.7000000e+01
   1.8609640e+06   1.8000000e+01
   2.0683470e+06   1.8000000e+01
   2.0684450e+06   1.7000000e+01
   2.0685800e+06   2.0000000e+01
   2.0687910e+06   2.0000000e+01
   2.0688330e+06   1.7000000e+01
   2.0692620e+06   1.9000000e+01
   2.0693500e+06   3.1000000e+01
   2.0694010e+06   2.0000000e+01
   2.0694440e+06   2.2000000e+01
   2.0695030e+06   2.0000000e+01
   2.0695500e+06   1.7000000e+01
   2.0696200e+06   1.7000000e+01
   2.0696950e+06   2.5000000e+01
   2.0697990e+06   2.3000000e+01
   2.0698640e+06   2.3000000e+01
   2.0699970e+06   2.0000000e+01
   2.0700760e+06   2.2000000e+01
   2.0701710e+06   3.5000000e+01
   2.0702670e+06   1.9000000e+01
   2.0703260e+06   2.1000000e+01
   2.0703690e+06   2.6000000e+01
   2.0704480e+06   1.7000000e+01
   2.0705410e+06   1.7000000e+01
   2.0706370e+06   1.7000000e+01
   2.0707070e+06   3.3000000e+01
   2.0707970e+06   1.8000000e+01
   2.0708320e+06   1.7000000e+01
   2.0709000e+06   2.4000000e+01
   2.0709640e+06   1.8000000e+01
   2.0710180e+06   1.9000000e+01
   2.0711640e+06   2.6000000e+01
   2.0712610e+06   2.4000000e+01
   2.0713750e+06   1.8000000e+01
   2.0714070e+06   2.5000000e+01
   2.0715160e+06   2.1000000e+01
   2.0716750e+06   1.8000000e+01
   2.0717160e+06   1.9000000e+01
   2.0717970e+06   1.7000000e+01
   2.0720270e+06   2.6000000e+01
   2.0721140e+06   1.7000000e+01
   2.0722350e+06   1.8000000e+01
   2.0722800e+06   1.8000000e+01
   2.0724810e+06   2.1000000e+01
   2.0725510e+06   2.3000000e+01
   2.0725820e+06   2.6000000e+01
   2.0726790e+06   1.8000000e+01
   2.0727340e+06   1.8000000e+01
   2.0728140e+06   2.4000000e+01
   2.0729260e+06   1.7000000e+01
   2.0731860e+06   1.8000000e+01
   2.0732300e+06   1.9000000e+01
   2.0732570e+06   1.8000000e+01
   2.0734110e+06   1.9000000e+01
   2.0734880e+06   2.0000000e+01
   2.0737710e+06   3.3000000e+01
   2.0738960e+06   1.7000000e+01
   2.0739650e+06   1.7000000e+01
   2.0740300e+06   1.7000000e+01
   2.0744300e+06   1.7000000e+01
   2.0744780e+06   1.8000000e+01
   2.0746020e+06   1.7000000e+01
   2.0747920e+06   2.2000000e+01
   2.0751500e+06   1.7000000e+01
   2.0752140e+06   3.4000000e+01
   2.0752430e+06   3.1000000e+01
   2.0756460e+06   1.7000000e+01
   2.0758250e+06   1.7000000e+01
   2.0759850e+06   1.7000000e+01
   2.0762960e+06   1.8000000e+01
   2.0763650e+06   1.7000000e+01
   2.0764420e+06   1.7000000e+01
   2.0765710e+06   1.8000000e+01
   2.0768980e+06   1.7000000e+01
   2.0772060e+06   1.8000000e+01
   2.0773660e+06   1.7000000e+01
   2.0778540e+06   2.3000000e+01
   2.0779190e+06   2.7000000e+01
   2.0783090e+06   1.7000000e+01
   2.0787820e+06   1.8000000e+01
   2.0793780e+06   1.8000000e+01
   2.0794260e+06   2.0000000e+01
   2.0794590e+06   2.7000000e+01
   2.0795300e+06   1.8000000e+01
   2.0796130e+06   1.7000000e+01
   2.0800890e+06   2.1000000e+01
   2.0803240e+06   1.7000000e+01
   2.0804810e+06   1.7000000e+01
   2.0810370e+06   1.8000000e+01
   2.0812510e+06   1.8000000e+01
   2.0815700e+06   1.7000000e+01
   2.0824770e+06   2.2000000e+01
   2.0829050e+06   1.7000000e+01
   2.0832290e+06   1.7000000e+01
   2.0834790e+06   1.7000000e+01
   2.0839590e+06   2.1000000e+01
   2.0843410e+06   1.8000000e+01
   2.0844170e+06   1.7000000e+01
   2.0844710e+06   1.7000000e+01
   2.0850140e+06   1.8000000e+01
   2.0859240e+06   1.9000000e+01
   2.0866320e+06   1.9000000e+01
   2.0877450e+06   2.1000000e+01
   2.0878250e+06   2.0000000e+01
   2.0883310e+06   2.2000000e+01
   2.0899110e+06   1.9000000e+01
   2.0900590e+06   1.7000000e+01
   2.0908470e+06   1.9000000e+01
   2.0911320e+06   1.7000000e+01
   2.0911740e+06   1.9000000e+01
   2.0913930e+06   2.0000000e+01
   2.0915020e+06   1.7000000e+01
   2.0915590e+06   2.0000000e+01
   2.0916320e+06   1.8000000e+01
   2.0918110e+06   1.9000000e+01
   2.0918740e+06   1.7000000e+01
   2.0919440e+06   2.0000000e+01
   2.0922040e+06   1.7000000e+01
   2.0923540e+06   1.8000000e+01
   2.0925580e+06   1.8000000e+01
   2.0928380e+06   1.7000000e+01
   2.0930990e+06   2.1000000e+01
   2.0931660e+06   2.4000000e+01
   2.0932710e+06   2.0000000e+01
   2.0933100e+06   1.8000000e+01
   2.0933920e+06   1.7000000e+01
   2.0936670e+06   3.0000000e+01
   2.0941910e+06   2.0000000e+01
   2.0944440e+06   1.9000000e+01
   2.0948790e+06   2.1000000e+01
   2.0949830e+06   1.7000000e+01
   2.0950530e+06   1.8000000e+01
   2.0951110e+06   2.3000000e+01
   2.0955380e+06   1.8000000e+01
   2.0955930e+06   1.9000000e+01
   2.0957890e+06   2.7000000e+01
   2.0965620e+06   1.9000000e+01
   2.0967840e+06   1.8000000e+01
   2.0970800e+06   2.0000000e+01
   2.0971050e+06   2.1000000e+01
   2.0977410e+06   2.0000000e+01
   2.0981940e+06   1.7000000e+01
   2.0984220e+06   1.8000000e+01
   2.0984470e+06   1.7000000e+01
   2.0986540e+06   1.8000000e+01
   2.0992540e+06   1.9000000e+01
   2.0993170e+06   2.3000000e+01
   2.0993830e+06   1.7000000e+01
   2.0997070e+06   2.0000000e+01
   2.1007520e+06   2.1000000e+01
   2.1008160e+06   2.0000000e+01
   2.1027920e+06   1.9000000e+01
   2.3807200e+06   1.9000000e+01
   2.3809760e+06   1.7000000e+01
   2.3812140e+06   1.9000000e+01
   2.3813050e+06   1.8000000e+01
   2.3829820e+06   2.1000000e+01
   2.3831570e+06   2.0000000e+01
   2.3834880e+06   1.7000000e+01
   2.3835250e+06   1.7000000e+01
   2.3837050e+06   2.9000000e+01
   2.3837610e+06   2.4000000e+01
   2.3838310e+06   1.7000000e+01
   2.3838990e+06   1.8000000e+01
   2.3839710e+06   1.7000000e+01
   2.3840270e+06   1.9000000e+01
   2.3840890e+06   2.0000000e+01
   2.3841440e+06   2.6000000e+01
   2.3842090e+06   3.2000000e+01
   2.3843170e+06   1.8000000e+01
   2.3843960e+06   1.8000000e+01
   2.3844630e+06   2.6000000e+01
   2.3845030e+06   2.3000000e+01
   2.3845420e+06   2.4000000e+01
   2.3846010e+06   2.0000000e+01
   2.3846760e+06   2.7000000e+01
   2.3848240e+06   3.2000000e+01
   2.3848950e+06   1.8000000e+01
   2.3849970e+06   2.8000000e+01
   2.3850350e+06   3.0000000e+01
   2.3850990e+06   1.8000000e+01
   2.3851460e+06   1.7000000e+01
   2.3852060e+06   2.9000000e+01
   2.3853110e+06   1.9000000e+01
   2.3854040e+06   2.6000000e+01
   2.3854870e+06   2.2000000e+01
   2.3855450e+06   1.8000000e+01
   2.3856320e+06   3.1000000e+01
   2.3856930e+06   1.7000000e+01
   2.3859270e+06   3.0000000e+01
   2.3859530e+06   1.8000000e+01
   2.3860310e+06   1.7000000e+01
   2.3860790e+06   2.8000000e+01
   2.3861530e+06   2.1000000e+01
   2.3862290e+06   1.7000000e+01
   2.3863360e+06   1.8000000e+01
   2.3863770e+06   1.9000000e+01
   2.3865160e+06   2.2000000e+01
   2.3865860e+06   2.4000000e+01
   2.3866880e+06   1.8000000e+01
   2.3868740e+06   2.3000000e+01
   2.3872660e+06   1.7000000e+01
   2.3872970e+06   2.1000000e+01
   2.3876260e+06   1.9000000e+01
   2.3877020e+06   1.9000000e+01
   2.3879370e+06   1.8000000e+01
   2.3880390e+06   1.7000000e+01
   2.3880820e+06   1.7000000e+01
   2.3881380e+06   1.8000000e+01
   2.3882500e+06   1.9000000e+01
   2.3886020e+06   2.2000000e+01
   2.3889710e+06   2.4000000e+01
   2.3892560e+06   1.7000000e+01
   2.3894200e+06   1.7000000e+01
   2.3894690e+06   1.7000000e+01
   2.3898930e+06   1.7000000e+01
   2.3901840e+06   1.7000000e+01
   2.3907300e+06   1.7000000e+01
   2.3909130e+06   2.2000000e+01
   2.3912940e+06   1.7000000e+01
   2.3915360e+06   2.0000000e+01
   2.3917520e+06   1.8000000e+01
   2.3920980e+06   2.1000000e+01
   2.3927680e+06   2.0000000e+01
   2.3931270e+06   1.9000000e+01
   2.3937520e+06   1.7000000e+01
   2.3939900e+06   1.7000000e+01
   2.3945840e+06   2.2000000e+01
   2.3949030e+06   1.7000000e+01
   2.3953310e+06   1.8000000e+01
   2.3954440e+06   1.7000000e+01
   2.3961210e+06   1.7000000e+01
   2.3963760e+06   1.9000000e+01
   2.3969860e+06   1.7000000e+01
   2.3980380e+06   1.9000000e+01
   2.3984500e+06   2.0000000e+01
   2.3986970e+06   1.7000000e+01
   2.3990240e+06   1.7000000e+01
   2.3991100e+06   1.7000000e+01
   2.3996950e+06   1.9000000e+01
   2.4020590e+06   2.2000000e+01
   2.4028900e+06   1.9000000e+01
   2.4037580e+06   2.4000000e+01
   2.4064930e+06   2.0000000e+01
   2.5774690e+06   1.8000000e+01
   2.5777090e+06   2.2000000e+01
   2.5777900e+06   1.9000000e+01
   2.5780940e+06   2.0000000e+01
   2.5799650e+06   2.2000000e+01
   2.5802960e+06   1.9000000e+01
   2.5803810e+06   1.9000000e+01
   2.5804530e+06   1.7000000e+01
   2.5805380e+06   1.9000000e+01
   2.5806820e+06   1.7000000e+01
   2.5807280e+06   1.7000000e+01
   2.5808760e+06   1.9000000e+01
   2.5809430e+06   2.2000000e+01
   2.5810220e+06   1.7000000e+01
   2.5810810e+06   1.7000000e+01
   2.5811310e+06   1.7000000e+01
   2.5812040e+06   1.9000000e+01
   2.5812650e+06   2.0000000e+01
   2.5813650e+06   2.7000000e+01
   2.5814560e+06   2.1000000e+01
   2.5815120e+06   1.9000000e+01
   2.5816040e+06   1.8000000e+01
   2.5817250e+06   1.9000000e+01
   2.5817950e+06   2.2000000e+01
   2.5818360e+06   2.1000000e+01
   2.5819220e+06   2.0000000e+01
   2.5819540e+06   2.4000000e+01
   2.5820040e+06   2.5000000e+01
   2.5820590e+06   1.9000000e+01
   2.5821030e+06   2.6000000e+01
   2.5821560e+06   2.0000000e+01
   2.5822510e+06   2.0000000e+01
   2.5825080e+06   1.7000000e+01
   2.5825950e+06   2.2000000e+01
   2.5826220e+06   2.2000000e+01
   2.5827540e+06   1.8000000e+01
   2.5827900e+06   1.9000000e+01
   2.5828560e+06   2.1000000e+01
   2.5828970e+06   2.0000000e+01
   2.5829720e+06   1.7000000e+01
   2.5830250e+06   1.7000000e+01
   2.5831150e+06   1.7000000e+01
   2.5833440e+06   2.8000000e+01
   2.5833720e+06   3.0000000e+01
   2.5834430e+06   1.7000000e+01
   2.5837880e+06   1.8000000e+01
   2.5838710e+06   1.7000000e+01
   2.5840150e+06   1.9000000e+01
   2.5840620e+06   1.8000000e+01
   2.5842370e+06   1.8000000e+01
   2.5843900e+06   2.2000000e+01
   2.5844510e+06   2.5000000e+01
   2.5845360e+06   3.0000000e+01
   2.5845620e+06   1.8000000e+01
   2.5849410e+06   1.7000000e+01
   2.5850340e+06   2.0000000e+01
   2.5852610e+06   2.1000000e+01
   2.5854630e+06   2.0000000e+01
   2.5856540e+06   1.7000000e+01
   2.5857620e+06   1.7000000e+01
   2.5858630e+06   1.7000000e+01
   2.5859990e+06   2.0000000e+01
   2.5862700e+06   1.8000000e+01
   2.5867290e+06   2.4000000e+01
   2.5867690e+06   2.3000000e+01
   2.5868510e+06   1.9000000e+01
   2.5872570e+06   2.1000000e+01
   2.5872930e+06   3.5000000e+01
   2.5881990e+06   2.0000000e+01
   2.5882320e+06   1.8000000e+01
   2.5884010e+06   2.3000000e+01
   2.5884340e+06   1.7000000e+01
   2.5885100e+06   1.9000000e+01
   2.5893930e+06   1.7000000e+01
   2.5899690e+06   1.9000000e+01
   2.5904420e+06   1.8000000e+01
   2.5915580e+06   1.9000000e+01
   2.5922520e+06   1.7000000e+01
   2.5934850e+06   1.8000000e+01
   2.5941250e+06   1.7000000e+01
   2.5941890e+06   2.1000000e+01
   2.5962200e+06   1.9000000e+01
   2.5965640e+06   1.7000000e+01
   2.5977000e+06   1.9000000e+01
   2.5981980e+06   1.8000000e+01
   2.5987320e+06   1.9000000e+01
   2.5989170e+06   1.7000000e+01
   2.5989560e+06   1.8000000e+01
   2.5991710e+06   1.9000000e+01
   2.5992330e+06   1.9000000e+01
   2.5997150e+06   2.1000000e+01
   2.5998940e+06   2.0000000e+01
   2.6000730e+06   1.8000000e+01
   2.6007430e+06   1.9000000e+01
   2.6007690e+06   1.7000000e+01
   2.6012960e+06   1.9000000e+01
   2.6013980e+06   1.9000000e+01
   2.6018340e+06   1.8000000e+01
   2.6023160e+06   2.1000000e+01
   2.6023470e+06   2.4000000e+01
   2.6027890e+06   2.0000000e+01
   2.6028700e+06   2.3000000e+01
   2.6033500e+06   2.1000000e+01
   2.6041400e+06   2.4000000e+01
   2.6043510e+06   1.7000000e+01
   2.6060440e+06   1.8000000e+01
   2.9358830e+06   1.9000000e+01
   2.9362490e+06   1.9000000e+01
   2.9389130e+06   1.9000000e+01
   2.9397230e+06   2.1000000e+01
   2.9398690e+06   1.8000000e+01
   2.9399060e+06   1.7000000e+01
   2.9400650e+06   2.0000000e+01
   2.9402590e+06   1.8000000e+01
   2.9403640e+06   2.9000000e+01
   2.9404010e+06   1.8000000e+01
   2.9405070e+06   1.8000000e+01
   2.9405710e+06   1.8000000e+01
   2.9406710e+06   2.4000000e+01
   2.9407450e+06   2.3000000e+01
   2.9408060e+06   2.1000000e+01
   2.9408530e+06   1.7000000e+01
   2.9410660e+06   2.1000000e+01
   2.9411190e+06   1.8000000e+01
   2.9411520e+06   2.0000000e+01
   2.9412070e+06   2.4000000e+01
   2.9413070e+06   3.5000000e+01
   2.9413500e+06   2.0000000e+01
   2.9414260e+06   3.6000000e+01
   2.9414670e+06   2.0000000e+01
   2.9415130e+06   1.7000000e+01
   2.9416650e+06   2.0000000e+01
   2.9417330e+06   3.0000000e+01
   2.9417950e+06   4.5000000e+01
   2.9418330e+06   3.1000000e+01
   2.9419790e+06   1.9000000e+01
   2.9420080e+06   1.7000000e+01
   2.9420930e+06   1.8000000e+01
   2.9421370e+06   1.7000000e+01
   2.9422120e+06   2.4000000e+01
   2.9422800e+06   2.1000000e+01
   2.9423580e+06   1.8000000e+01
   2.9424160e+06   2.7000000e+01
   2.9425220e+06   2.0000000e+01
   2.9425560e+06   2.0000000e+01
   2.9426590e+06   3.0000000e+01
   2.9427370e+06   2.0000000e+01
   2.9428690e+06   1.7000000e+01
   2.9429230e+06   2.1000000e+01
   2.9429960e+06   2.7000000e+01
   2.9430600e+06   1.9000000e+01
   2.9431130e+06   2.5000000e+01
   2.9431840e+06   2.4000000e+01
   2.9432120e+06   4.2000000e+01
   2.9433200e+06   1.7000000e+01
   2.9434540e+06   1.9000000e+01
   2.9435400e+06   1.7000000e+01
   2.9436070e+06   1.7000000e+01
   2.9436380e+06   1.7000000e+01
   2.9437000e+06   1.7000000e+01
   2.9440550e+06   2.4000000e+01
   2.9441390e+06   1.7000000e+01
   2.9441920e+06   1.7000000e+01
   2.9442540e+06   2.0000000e+01
   2.9443340e+06   2.9000000e+01
   2.9444240e+06   1.7000000e+01
   2.9444550e+06   1.7000000e+01
   2.9448070e+06   1.8000000e+01
   2.9448850e+06   2.5000000e+01
   2.9449780e+06   1.7000000e+01
   2.9450970e+06   1.8000000e+01
   2.9452810e+06   1.8000000e+01
   2.9455070e+06   2.1000000e+01
   2.9455670e+06   2.0000000e+01
   2.9459680e+06   2.5000000e+01
   2.9461000e+06   2.2000000e+01
   2.9462110e+06   2.5000000e+01
   2.9462460e+06   1.7000000e+01
   2.9466880e+06   2.4000000e+01
   2.9471260e+06   1.7000000e+01
   2.9472500e+06   1.8000000e+01
   2.9475040e+06   1.7000000e+01
   2.9475290e+06   1.7000000e+01
   2.9476880e+06   1.7000000e+01
   2.9478520e+06   2.5000000e+01
   2.9479520e+06   1.8000000e+01
   2.9480630e+06   1.7000000e+01
   2.9481470e+06   2.1000000e+01
   2.9482210e+06   1.7000000e+01
   2.9482580e+06   1.8000000e+01
   2.9488680e+06   1.8000000e+01
   2.9492030e+06   2.4000000e+01
   2.9495580e+06   1.9000000e+01
   2.9496990e+06   1.9000000e+01
   2.9499620e+06   1.9000000e+01
   2.9512300e+06   1.8000000e+01
   2.9518240e+06   1.7000000e+01
   2.9519760e+06   1.9000000e+01
   2.9524110e+06   1.7000000e+01
   2.9524660e+06   1.7000000e+01
   2.9527240e+06   1.8000000e+01
   2.9531620e+06   2.0000000e+01
   2.9532570e+06   1.7000000e+01
   2.9536070e+06   1.7000000e+01
   2.9551300e+06   1.9000000e+01
   2.9553110e+06   1.8000000e+01
   2.9558460e+06   1.7000000e+01
   2.9568050e+06   2.4000000e+01
   2.9568660e+06   2.5000000e+01
   2.9574210e+06   1.7000000e+01
   2.9576070e+06   1.9000000e+01
   2.9583930e+06   1.7000000e+01
   2.9589090e+06   1.7000000e+01
   2.9596040e+06   1.9000000e+01
   2.9599010e+06   1.9000000e+01
   2.9600700e+06   1.7000000e+01
   2.9603880e+06   1.9000000e+01
   2.9604250e+06   2.0000000e+01
   2.9607760e+06   2.4000000e+01
   2.9609190e+06   1.7000000e+01
   2.9612460e+06   2.0000000e+01
   2.9614390e+06   2.0000000e+01
   2.9615470e+06   1.8000000e+01
   2.9617180e+06   1.7000000e+01
   2.9617840e+06   2.5000000e+01
   2.9618380e+06   1.7000000e+01
   2.9618750e+06   1.8000000e+01
   2.9621180e+06   1.8000000e+01
   2.9622160e+06   1.7000000e+01
   2.9628150e+06   1.8000000e+01
   2.9630800e+06   2.4000000e+01
   2.9631600e+06   1.9000000e+01
   2.9632770e+06   2.3000000e+01
   2.9637230e+06   1.7000000e+01
   2.9639220e+06   1.7000000e+01
   2.9639730e+06   2.1000000e+01
   2.9640900e+06   2.5000000e+01
   2.9641340e+06   1.8000000e+01
   2.9647250e+06   1.9000000e+01
   2.9648110e+06   2.5000000e+01
   2.9648640e+06   1.8000000e+01
   2.9658820e+06   1.7000000e+01
   2.9659550e+06   2.2000000e+01
   2.9659960e+06   2.1000000e+01
   2.9667240e+06   1.9000000e+01
   2.9671830e+06   1.8000000e+01
   2.9675460e+06   2.0000000e+01
   2.9682520e+06   1.7000000e+01
   2.9684800e+06   1.9000000e+01
   2.9685960e+06   2.1000000e+01
   2.9686260e+06   1.9000000e+01
   2.9687090e+06   1.7000000e+01
   2.9691300e+06   2.1000000e+01
   2.9692060e+06   2.1000000e+01
   2.9692820e+06   2.1000000e+01
   2.9711750e+06   1.7000000e+01
   2.9713610e+06   1.7000000e+01
   2.9721260e+06   1.8000000e+01
   2.9731340e+06   1.7000000e+01
   2.9780400e+06   2.1000000e+01
   3.0261900e+06   1.8000000e+01
   3.0337980e+06   1.7000000e+01
   3.0440290e+06   1.7000000e+01
   3.1636930e+06   2.1000000e+01
   3.1639220e+06   1.8000000e+01
   3.1642230e+06   1.7000000e+01
   3.1645030e+06   1.7000000e+01
   3.1656200e+06   2.1000000e+01
   3.1664470e+06   2.1000000e+01
   3.1667770e+06   1.7000000e+01
   3.1671180e+06   1.8000000e+01
   3.1671910e+06   2.1000000e+01
   3.1672730e+06   1.7000000e+01
   3.1674060e+06   2.3000000e+01
   3.1674400e+06   1.9000000e+01
   3.1677140e+06   1.7000000e+01
   3.1677470e+06   1.7000000e+01
   3.1678460e+06   2.4000000e+01
   3.1679610e+06   2.1000000e+01
   3.1680200e+06   1.7000000e+01
   3.1682500e+06   1.7000000e+01
   3.1682820e+06   4.7000000e+01
   3.1683890e+06   6.4000000e+01
   3.1684740e+06   1.8000000e+01
   3.1685600e+06   1.9000000e+01
   3.1686510e+06   1.7000000e+01
   3.1687390e+06   3.0000000e+01
   3.1687990e+06   2.1000000e+01
   3.1689030e+06   2.0000000e+01
   3.1690320e+06   2.0000000e+01
   3.1691750e+06   1.7000000e+01
   3.1692090e+06   1.7000000e+01
   3.1692920e+06   3.4000000e+01
   3.1693260e+06   2.4000000e+01
   3.1694170e+06   2.4000000e+01
   3.1695800e+06   2.3000000e+01
   3.1697580e+06   1.8000000e+01
   3.1698500e+06   2.3000000e+01
   3.1699260e+06   1.7000000e+01
   3.1700170e+06   2.7000000e+01
   3.1700760e+06   1.7000000e+01
   3.1701740e+06   1.9000000e+01
   3.1702990e+06   1.8000000e+01
   3.1705500e+06   1.8000000e+01
   3.1706350e+06   1.9000000e+01
   3.1706740e+06   1.9000000e+01
   3.1707810e+06   1.8000000e+01
   3.1713450e+06   1.9000000e+01
   3.1714180e+06   1.8000000e+01
   3.1715250e+06   1.7000000e+01
   3.1716110e+06   1.9000000e+01
   3.1718140e+06   1.7000000e+01
   3.1719750e+06   1.9000000e+01
   3.1720150e+06   2.0000000e+01
   3.1723930e+06   1.8000000e+01
   3.1724500e+06   1.9000000e+01
   3.1725110e+06   2.1000000e+01
   3.1726600e+06   1.9000000e+01
   3.1727100e+06   1.7000000e+01
   3.1729090e+06   1.7000000e+01
   3.1732430e+06   1.8000000e+01
   3.1735210e+06   1.9000000e+01
   3.1741670e+06   1.7000000e+01
   3.1746840e+06   2.3000000e+01
   3.1751080e+06   2.3000000e+01
   3.1756340e+06   1.8000000e+01
   3.1764470e+06   2.1000000e+01
   3.1766510e+06   1.7000000e+01
   3.1770400e+06   1.7000000e+01
   3.1791800e+06   1.8000000e+01
   3.1803000e+06   1.9000000e+01
   3.1814450e+06   1.8000000e+01
   3.1822250e+06   1.7000000e+01
   3.6605880e+06   1.9000000e+01
   3.6614770e+06   1.7000000e+01
   3.6623330e+06   1.8000000e+01
   3.6628770e+06   1.8000000e+01
   3.6632040e+06   1.8000000e+01
   3.6632650e+06   1.7000000e+01
   3.6633760e+06   1.9000000e+01
   3.6638110e+06   1.8000000e+01
   3.6639200e+06   2.0000000e+01
   3.6639650e+06   2.0000000e+01
   3.6640790e+06   1.7000000e+01
   3.6641520e+06   3.5000000e+01
   3.6642370e+06   2.8000000e+01
   3.6643150e+06   2.7000000e+01
   3.6645180e+06   2.5000000e+01
   3.6646240e+06   1.8000000e+01
   3.6647200e+06   2.1000000e+01
   3.6647780e+06   2.5000000e+01
   3.6648390e+06   1.9000000e+01
   3.6648870e+06   1.8000000e+01
   3.6649370e+06   3.7000000e+01
   3.6650630e+06   1.9000000e+01
   3.6651340e+06   1.7000000e+01
   3.6651650e+06   1.7000000e+01
   3.6652350e+06   1.7000000e+01
   3.6652980e+06   2.0000000e+01
   3.6653310e+06   3.4000000e+01
   3.6654360e+06   1.7000000e+01
   3.6654930e+06   2.6000000e+01
   3.6655970e+06   2.9000000e+01
   3.6656330e+06   2.2000000e+01
   3.6657120e+06   1.9000000e+01
   3.6658040e+06   2.6000000e+01
   3.6658450e+06   2.3000000e+01
   3.6660410e+06   1.7000000e+01
   3.6661120e+06   2.3000000e+01
   3.6661400e+06   2.1000000e+01
   3.6661980e+06   1.7000000e+01
   3.6662910e+06   1.8000000e+01
   3.6663960e+06   2.2000000e+01
   3.6664730e+06   2.0000000e+01
   3.6665160e+06   1.7000000e+01
   3.6666220e+06   1.7000000e+01
   3.6666470e+06   2.9000000e+01
   3.6667030e+06   2.5000000e+01
   3.6669980e+06   1.9000000e+01
   3.6670290e+06   3.5000000e+01
   3.6670860e+06   1.8000000e+01
   3.6672000e+06   2.4000000e+01
   3.6672280e+06   1.8000000e+01
   3.6672940e+06   2.5000000e+01
   3.6673220e+06   1.7000000e+01
   3.6674160e+06   2.2000000e+01
   3.6674840e+06   2.0000000e+01
   3.6676270e+06   1.7000000e+01
   3.6676730e+06   2.1000000e+01
   3.6677080e+06   2.4000000e+01
   3.6679370e+06   1.9000000e+01
   3.6681200e+06   2.2000000e+01
   3.6684790e+06   2.0000000e+01
   3.6685080e+06   3.0000000e+01
   3.6685640e+06   2.2000000e+01
   3.6689210e+06   1.9000000e+01
   3.6689720e+06   1.8000000e+01
   3.6691350e+06   1.7000000e+01
   3.6695950e+06   1.7000000e+01
   3.6699170e+06   1.7000000e+01
   3.6700840e+06   1.8000000e+01
   3.6702990e+06   1.7000000e+01
   3.6703480e+06   2.1000000e+01
   3.6706450e+06   1.7000000e+01
   3.6707560e+06   1.8000000e+01
   3.6711850e+06   1.7000000e+01
   3.6716400e+06   1.9000000e+01
   3.6728000e+06   2.1000000e+01
   3.6730160e+06   2.2000000e+01
   3.6731460e+06   1.7000000e+01
   3.6732310e+06   1.7000000e+01
   3.6733310e+06   2.7000000e+01
   3.6736540e+06   1.8000000e+01
   3.6737950e+06   2.0000000e+01
   3.6746620e+06   1.7000000e+01
   3.6749730e+06   1.7000000e+01
   3.6752380e+06   1.7000000e+01
   3.6759510e+06   1.7000000e+01
   3.6763460e+06   1.8000000e+01
   3.6778470e+06   1.9000000e+01
   3.6791080e+06   1.7000000e+01
   3.6800680e+06   2.1000000e+01
   3.6812760e+06   1.8000000e+01
   3.6822720e+06   1.7000000e+01
   3.6833660e+06   1.9000000e+01
   3.6845840e+06   2.0000000e+01
   3.6857020e+06   1.7000000e+01
   3.6860650e+06   1.7000000e+01
   3.6863520e+06   1.9000000e+01
   3.6874120e+06   1.8000000e+01
   3.6874870e+06   1.7000000e+01
   3.6876280e+06   2.4000000e+01
   3.6877060e+06   1.8000000e+01
   3.6878720e+06   1.9000000e+01
   3.6881940e+06   1.7000000e+01
   3.6882330e+06   1.8000000e+01
   3.6887050e+06   2.1000000e+01
   3.6888510e+06   1.7000000e+01
   3.6888770e+06   1.7000000e+01
   3.6889770e+06   1.9000000e+01
   3.6890450e+06   1.8000000e+01
   3.6894240e+06   1.8000000e+01
   3.6895020e+06   1.7000000e+01
   3.6896050e+06   1.8000000e+01
   3.6896990e+06   1.7000000e+01
   3.6897350e+06   1.7000000e+01
   3.6898090e+06   2.3000000e+01
   3.6899620e+06   2.4000000e+01
   3.6901650e+06   1.7000000e+01
   3.6901920e+06   1.8000000e+01
   3.6904510e+06   1.8000000e+01
   3.6904870e+06   2.5000000e+01
   3.6905640e+06   1.7000000e+01
   3.6907680e+06   2.1000000e+01
   3.6908700e+06   2.4000000e+01
   3.6912470e+06   2.0000000e+01
   3.6914210e+06   1.8000000e+01
   3.6914800e+06   2.0000000e+01
   3.6916610e+06   1.8000000e+01
   3.6918120e+06   1.7000000e+01
   3.6918610e+06   2.2000000e+01
   3.6921320e+06   1.9000000e+01
   3.6922950e+06   1.8000000e+01
   3.6923280e+06   2.4000000e+01
   3.6923990e+06   1.8000000e+01
   3.6924950e+06   1.7000000e+01
   3.6926670e+06   1.7000000e+01
   3.6928650e+06   2.2000000e+01
   3.6929550e+06   1.9000000e+01
   3.6932660e+06   2.1000000e+01
   3.6933350e+06   1.7000000e+01
   3.6934180e+06   1.9000000e+01
   3.6934590e+06   1.9000000e+01
   3.6935880e+06   1.7000000e+01
   3.6936830e+06   1.7000000e+01
   3.6937600e+06   2.5000000e+01
   3.6940040e+06   1.8000000e+01
   3.6941570e+06   1.8000000e+01
   3.6942670e+06   1.7000000e+01
   3.6944460e+06   2.0000000e+01
   3.6947300e+06   1.8000000e+01
   3.6951320e+06   2.4000000e+01
   3.6952040e+06   2.2000000e+01
   3.6952820e+06   1.7000000e+01
   3.6953780e+06   1.9000000e+01
   3.6954750e+06   2.1000000e+01
   3.6955050e+06   1.7000000e+01
   3.6955750e+06   1.8000000e+01
   3.6956760e+06   1.8000000e+01
   3.6959380e+06   1.7000000e+01
   3.6966150e+06   2.6000000e+01
   3.6967970e+06   1.8000000e+01
   3.6970240e+06   1.9000000e+01
   3.6981100e+06   1.8000000e+01
   3.6992650e+06   1.7000000e+01
   3.6998780e+06   1.8000000e+01
   3.7016800e+06   2.1000000e+01
   3.7027730e+06   1.7000000e+01
   3.7031360e+06   1.7000000e+01
   3.7047260e+06   1.8000000e+01
   3.7047900e+06   2.1000000e+01
   3.7054800e+06   1.7000000e+01
   3.8780660e+06   2.2000000e+01
   3.8783070e+06   1.7000000e+01
   3.8784320e+06   1.7000000e+01
   3.8787750e+06   1.9000000e+01
   3.8789590e+06   1.7000000e+01
   3.8790250e+06   2.5000000e+01
   3.8795400e+06   1.7000000e+01
   3.8796970e+06   1.9000000e+01
   3.8797370e+06   2.3000000e+01
   3.8798980e+06   2.6000000e+01
   3.8799460e+06   1.9000000e+01
   3.8800710e+06   1.7000000e+01
   3.8801350e+06   2.1000000e+01
   3.8802600e+06   2.3000000e+01
   3.8803000e+06   2.3000000e+01
   3.8803570e+06   2.1000000e+01
   3.8804160e+06   2.2000000e+01
   3.8805490e+06   2.7000000e+01
   3.8806070e+06   2.9000000e+01
   3.8806520e+06   1.8000000e+01
   3.8807510e+06   2.3000000e+01
   3.8808310e+06   2.4000000e+01
   3.8808710e+06   2.8000000e+01
   3.8809530e+06   2.6000000e+01
   3.8811260e+06   2.0000000e+01
   3.8812780e+06   2.1000000e+01
   3.8814060e+06   2.3000000e+01
   3.8815230e+06   1.7000000e+01
   3.8815970e+06   2.0000000e+01
   3.8817480e+06   1.7000000e+01
   3.8818620e+06   2.9000000e+01
   3.8819630e+06   1.7000000e+01
   3.8820530e+06   1.7000000e+01
   3.8821240e+06   1.7000000e+01
   3.8822230e+06   2.3000000e+01
   3.8825750e+06   2.1000000e+01
   3.8826420e+06   2.1000000e+01
   3.8829680e+06   1.8000000e+01
   3.8830540e+06   1.8000000e+01
   3.8831030e+06   1.8000000e+01
   3.8831890e+06   1.7000000e+01
   3.8833430e+06   2.2000000e+01
   3.8839260e+06   1.8000000e+01
   3.8840570e+06   1.8000000e+01
   3.8841110e+06   1.8000000e+01
   3.8842590e+06   1.9000000e+01
   3.8846320e+06   1.7000000e+01
   3.8851580e+06   2.0000000e+01
   3.8858910e+06   1.8000000e+01
   3.8859750e+06   1.9000000e+01
   3.8868170e+06   2.0000000e+01
   3.8869070e+06   1.7000000e+01
   3.8871410e+06   1.8000000e+01
   3.8872500e+06   1.7000000e+01
   3.8876110e+06   1.8000000e+01
   3.8878950e+06   1.7000000e+01
   3.8888590e+06   1.7000000e+01
   3.8910470e+06   2.0000000e+01
   3.8915440e+06   2.0000000e+01
   3.8930970e+06   1.9000000e+01
   3.8931650e+06   1.7000000e+01
   4.1805170e+06   1.8000000e+01
   4.1810240e+06   1.8000000e+01
   4.1810610e+06   2.2000000e+01
   4.1814750e+06   2.0000000e+01
   4.1818820e+06   2.1000000e+01
   4.1819350e+06   1.9000000e+01
   4.1820030e+06   2.5000000e+01
   4.1820750e+06   2.9000000e+01
   4.1821870e+06   2.1000000e+01
   4.1822200e+06   1.7000000e+01
   4.1823530e+06   3.0000000e+01
   4.1824340e+06   1.8000000e+01
   4.1825420e+06   1.7000000e+01
   4.1826350e+06   2.2000000e+01
   4.1827170e+06   3.6000000e+01
   4.1828250e+06   1.8000000e+01
   4.1828700e+06   2.5000000e+01
   4.1829630e+06   2.7000000e+01
   4.1829880e+06   2.0000000e+01
   4.1831420e+06   2.0000000e+01
   4.1832360e+06   1.9000000e+01
   4.1832730e+06   1.9000000e+01
   4.1834260e+06   2.4000000e+01
   4.1835160e+06   1.9000000e+01
   4.1835410e+06   1.7000000e+01
   4.1836130e+06   2.7000000e+01
   4.1836930e+06   2.1000000e+01
   4.1837410e+06   1.8000000e+01
   4.1838290e+06   1.9000000e+01
   4.1839720e+06   2.3000000e+01
   4.1840100e+06   1.8000000e+01
   4.1840720e+06   1.7000000e+01
   4.1841960e+06   2.4000000e+01
   4.1842280e+06   3.0000000e+01
   4.1843180e+06   1.7000000e+01
   4.1844060e+06   1.9000000e+01
   4.1844370e+06   3.0000000e+01
   4.1845240e+06   2.2000000e+01
   4.1847050e+06   1.8000000e+01
   4.1848140e+06   2.4000000e+01
   4.1848600e+06   2.3000000e+01
   4.1848990e+06   2.2000000e+01
   4.1851550e+06   1.9000000e+01
   4.1852810e+06   2.1000000e+01
   4.1853280e+06   1.9000000e+01
   4.1854090e+06   2.0000000e+01
   4.1855000e+06   1.8000000e+01
   4.1856490e+06   1.8000000e+01
   4.1857360e+06   2.0000000e+01
   4.1858510e+06   1.7000000e+01
   4.1859410e+06   1.8000000e+01
   4.1860060e+06   1.7000000e+01
   4.1861750e+06   2.0000000e+01
   4.1862660e+06   1.7000000e+01
   4.1864750e+06   1.7000000e+01
   4.1865130e+06   1.7000000e+01
   4.1866580e+06   1.8000000e+01
   4.1867580e+06   1.7000000e+01
   4.1869690e+06   1.7000000e+01
   4.1871130e+06   2.0000000e+01
   4.1871750e+06   2.1000000e+01
   4.1873140e+06   1.8000000e+01
   4.1874490e+06   2.9000000e+01
   4.1879060e+06   1.9000000e+01
   4.1883760e+06   2.6000000e+01
   4.1884360e+06   1.8000000e+01
   4.1885890e+06   2.0000000e+01
   4.1887300e+06   2.1000000e+01
   4.1887850e+06   2.0000000e+01
   4.1889000e+06   1.7000000e+01
   4.1891970e+06   2.0000000e+01
   4.1897220e+06   2.3000000e+01
   4.1907490e+06   1.8000000e+01
   4.1907900e+06   1.7000000e+01
   4.1913700e+06   1.8000000e+01
   4.1919950e+06   1.7000000e+01
   4.1923180e+06   1.9000000e+01
   4.1937290e+06   1.7000000e+01
   4.1942170e+06   1.7000000e+01
   4.1949430e+06   1.8000000e+01
   4.1950980e+06   2.0000000e+01
   4.1951810e+06   1.8000000e+01
   4.1956970e+06   2.0000000e+01
   4.1962530e+06   1.7000000e+01
   4.1966320e+06   2.1000000e+01
   4.1975510e+06   2.2000000e+01
   4.1982330e+06   2.1000000e+01
   4.1999740e+06   1.8000000e+01
   4.2000610e+06   2.0000000e+01
   4.2008740e+06   1.7000000e+01
   4.2011080e+06   2.4000000e+01
   4.2011410e+06   1.7000000e+01
   4.2015090e+06   2.7000000e+01
   4.2016040e+06   1.7000000e+01
   4.2017240e+06   1.8000000e+01
   4.2019530e+06   1.8000000e+01
   4.2022000e+06   1.8000000e+01
   4.2025080e+06   2.1000000e+01
   4.2027410e+06   2.6000000e+01
   4.2027720e+06   2.0000000e+01
   4.2032180e+06   1.8000000e+01
   4.2033010e+06   1.7000000e+01
   4.2039120e+06   2.0000000e+01
   4.2041200e+06   2.5000000e+01
   4.2057060e+06   1.9000000e+01
   4.2059650e+06   2.0000000e+01
   4.2063680e+06   2.1000000e+01
   4.2066030e+06   1.9000000e+01
   4.2066570e+06   2.2000000e+01
   4.2090190e+06   1.7000000e+01
   4.2090870e+06   1.9000000e+01
   4.2121580e+06   1.8000000e+01
   4.2138900e+06   1.7000000e+01
   4.3718540e+06   1.7000000e+01
   4.4564960e+06   1.9000000e+01
   4.4568690e+06   1.9000000e+01
   4.4588030e+06   1.9000000e+01
   4.4590960e+06   1.7000000e+01
   4.4591500e+06   2.2000000e+01
   4.4592360e+06   2.5000000e+01
   4.4592800e+06   1.7000000e+01
   4.4593540e+06   2.1000000e+01
   4.4594820e+06   1.7000000e+01
   4.4595340e+06   2.8000000e+01
   4.4595980e+06   2.0000000e+01
   4.4596700e+06   2.6000000e+01
   4.4597810e+06   1.7000000e+01
   4.4598460e+06   1.7000000e+01
   4.4598710e+06   1.8000000e+01
   4.4599400e+06   2.1000000e+01
   4.4601450e+06   2.0000000e+01
   4.4602150e+06   2.2000000e+01
   4.4602870e+06   2.5000000e+01
   4.4603570e+06   2.2000000e+01
   4.4603860e+06   2.2000000e+01
   4.4604820e+06   2.5000000e+01
   4.4605070e+06   2.5000000e+01
   4.4606000e+06   2.1000000e+01
   4.4609230e+06   1.7000000e+01
   4.4610090e+06   1.7000000e+01
   4.4614280e+06   3.1000000e+01
   4.4614550e+06   2.6000000e+01
   4.4615190e+06   1.9000000e+01
   4.4616600e+06   1.7000000e+01
   4.4617670e+06   2.0000000e+01
   4.4618210e+06   1.7000000e+01
   4.4621410e+06   1.9000000e+01
   4.4623140e+06   1.7000000e+01
   4.4623420e+06   1.8000000e+01
   4.4626380e+06   2.0000000e+01
   4.4630330e+06   2.0000000e+01
   4.4630640e+06   2.0000000e+01
   4.4631570e+06   1.7000000e+01
   4.4633280e+06   1.7000000e+01
   4.4634360e+06   2.0000000e+01
   4.4635200e+06   2.2000000e+01
   4.4635490e+06   1.8000000e+01
   4.4641900e+06   1.9000000e+01
   4.4643070e+06   1.7000000e+01
   4.4644400e+06   1.7000000e+01
   4.4646850e+06   2.0000000e+01
   4.4652070e+06   2.0000000e+01
   4.4656430e+06   2.4000000e+01
   4.4657040e+06   3.4000000e+01
   4.4658510e+06   2.2000000e+01
   4.4661590e+06   1.9000000e+01
   4.4666090e+06   1.7000000e+01
   4.4669330e+06   1.7000000e+01
   4.4669850e+06   2.1000000e+01
   4.4671620e+06   1.7000000e+01
   4.4677860e+06   1.7000000e+01
   4.4678640e+06   1.8000000e+01
   4.4684880e+06   1.9000000e+01
   4.4686240e+06   1.7000000e+01
   4.4687760e+06   1.7000000e+01
   4.4689550e+06   1.9000000e+01
   4.4690330e+06   1.7000000e+01
   4.4693840e+06   1.7000000e+01
   4.4694590e+06   2.0000000e+01
   4.4701530e+06   1.7000000e+01
   4.4708340e+06   1.8000000e+01
   4.4711190e+06   2.0000000e+01
   4.4717630e+06   1.7000000e+01
   4.4718400e+06   1.8000000e+01
   4.4733050e+06   2.1000000e+01
   4.4736280e+06   1.7000000e+01
   4.4749450e+06   1.7000000e+01
   4.4766700e+06   1.7000000e+01
   4.4792200e+06   2.1000000e+01
   4.9711950e+06   2.0000000e+01
   4.9715510e+06   1.7000000e+01
   4.9716530e+06   1.7000000e+01
   4.9718520e+06   1.8000000e+01
   4.9719250e+06   1.7000000e+01
   4.9719970e+06   2.5000000e+01
   4.9720610e+06   1.8000000e+01
   4.9721580e+06   2.6000000e+01
   4.9722130e+06   1.7000000e+01
   4.9723100e+06   1.8000000e+01
   4.9724090e+06   2.0000000e+01
   4.9724880e+06   1.7000000e+01
   4.9725310e+06   2.0000000e+01
   4.9726070e+06   2.4000000e+01
   4.9727300e+06   2.1000000e+01
   4.9727600e+06   2.2000000e+01
   4.9729030e+06   2.9000000e+01
   4.9729530e+06   1.8000000e+01
   4.9730060e+06   1.8000000e+01
   4.9730410e+06   2.9000000e+01
   4.9731080e+06   3.0000000e+01
   4.9731390e+06   3.5000000e+01
   4.9731660e+06   1.9000000e+01
   4.9732360e+06   3.2000000e+01
   4.9732960e+06   2.0000000e+01
   4.9733680e+06   2.0000000e+01
   4.9733990e+06   2.6000000e+01
   4.9734730e+06   1.9000000e+01
   4.9735570e+06   1.8000000e+01
   4.9736770e+06   2.1000000e+01
   4.9737100e+06   1.8000000e+01
   4.9738410e+06   1.8000000e+01
   4.9739200e+06   2.0000000e+01
   4.9739620e+06   2.1000000e+01
   4.9740810e+06   1.7000000e+01
   4.9742550e+06   1.8000000e+01
   4.9743370e+06   1.7000000e+01
   4.9745150e+06   1.7000000e+01
   4.9745420e+06   2.1000000e+01
   4.9746040e+06   2.6000000e+01
   4.9747620e+06   2.4000000e+01
   4.9749180e+06   2.9000000e+01
   4.9750350e+06   1.8000000e+01
   4.9751350e+06   2.1000000e+01
   4.9752970e+06   1.7000000e+01
   4.9754640e+06   2.0000000e+01
   4.9755440e+06   1.9000000e+01
   4.9756200e+06   1.9000000e+01
   4.9757610e+06   2.1000000e+01
   4.9759010e+06   1.8000000e+01
   4.9761720e+06   1.8000000e+01
   4.9763270e+06   1.7000000e+01
   4.9763880e+06   2.4000000e+01
   4.9768300e+06   1.8000000e+01
   4.9769960e+06   1.7000000e+01
   4.9772570e+06   1.8000000e+01
   4.9774540e+06   2.3000000e+01
   4.9777440e+06   2.4000000e+01
   4.9778200e+06   2.3000000e+01
   4.9782740e+06   1.9000000e+01
   4.9786280e+06   1.8000000e+01
   4.9794450e+06   1.7000000e+01
   4.9799480e+06   2.0000000e+01
   4.9805740e+06   1.9000000e+01
   4.9806580e+06   2.0000000e+01
   4.9810350e+06   1.7000000e+01
   4.9811110e+06   2.1000000e+01
   4.9823810e+06   2.0000000e+01
   4.9840340e+06   2.0000000e+01
   4.9846900e+06   1.7000000e+01
   4.9853600e+06   2.3000000e+01
   4.9861740e+06   2.0000000e+01
   4.9863220e+06   1.8000000e+01
   4.9870210e+06   1.7000000e+01
   4.9872280e+06   2.2000000e+01
   4.9873900e+06   1.7000000e+01
   4.9879380e+06   1.8000000e+01
   4.9880040e+06   1.9000000e+01
   4.9881130e+06   2.1000000e+01
   4.9883330e+06   2.2000000e+01
   4.9884120e+06   2.2000000e+01
   4.9885420e+06   2.7000000e+01
   4.9886030e+06   1.7000000e+01
   4.9888020e+06   1.8000000e+01
   4.9888340e+06   1.8000000e+01
   4.9889150e+06   2.0000000e+01
   4.9898210e+06   2.1000000e+01
   4.9903620e+06   1.7000000e+01
   4.9904350e+06   2.4000000e+01
   4.9911630e+06   1.8000000e+01
   4.9919290e+06   1.7000000e+01
   4.9926700e+06   1.9000000e+01
   4.9938100e+06   2.1000000e+01
   4.9947530e+06   1.9000000e+01
   4.9951530e+06   1.9000000e+01
   4.9958480e+06   1.7000000e+01
   4.9986310e+06   1.7000000e+01
   5.0005980e+06   1.9000000e+01
   5.0018980e+06   1.9000000e+01
   5.4244450e+06   2.1000000e+01
   5.4246340e+06   2.2000000e+01
   5.4251010e+06   1.7000000e+01
   5.4251490e+06   1.9000000e+01
   5.4252440e+06   2.4000000e+01
   5.4253080e+06   2.3000000e+01
   5.4253520e+06   2.7000000e+01
   5.4254290e+06   2.8000000e+01
   5.4254990e+06   2.4000000e+01
   5.4255260e+06   1.7000000e+01
   5.4255850e+06   1.8000000e+01
   5.4256590e+06   2.4000000e+01
   5.4257160e+06   2.8000000e+01
   5.4257470e+06   1.7000000e+01
   5.4258170e+06   2.1000000e+01
   5.4259050e+06   1.7000000e+01
   5.4259900e+06   1.9000000e+01
   5.4260350e+06   2.6000000e+01
   5.4260760e+06   1.7000000e+01
   5.4261510e+06   4.8000000e+01
   5.4262260e+06   4.7000000e+01
   5.4262520e+06   1.9000000e+01
   5.4263330e+06   1.9000000e+01
   5.4264030e+06   1.8000000e+01
   5.4265600e+06   1.8000000e+01
   5.4266160e+06   2.3000000e+01
   5.4267110e+06   3.5000000e+01
   5.4267860e+06   2.7000000e+01
   5.4268640e+06   1.8000000e+01
   5.4269340e+06   2.0000000e+01
   5.4270840e+06   2.4000000e+01
   5.4271180e+06   1.9000000e+01
   5.4272430e+06   1.9000000e+01
   5.4274480e+06   2.1000000e+01
   5.4274750e+06   1.9000000e+01
   5.4276320e+06   1.9000000e+01
   5.4277590e+06   2.3000000e+01
   5.4278600e+06   2.5000000e+01
   5.4279690e+06   1.9000000e+01
   5.4280730e+06   1.7000000e+01
   5.4282220e+06   2.1000000e+01
   5.4282490e+06   2.3000000e+01
   5.4283280e+06   2.0000000e+01
   5.4284970e+06   1.9000000e+01
   5.4285700e+06   2.7000000e+01
   5.4286190e+06   1.8000000e+01
   5.4288230e+06   1.7000000e+01
   5.4289860e+06   2.0000000e+01
   5.4290450e+06   1.7000000e+01
   5.4291200e+06   2.5000000e+01
   5.4294170e+06   2.1000000e+01
   5.4295240e+06   1.9000000e+01
   5.4295910e+06   1.7000000e+01
   5.4299080e+06   1.8000000e+01
   5.4300260e+06   1.8000000e+01
   5.4303650e+06   1.8000000e+01
   5.4308030e+06   2.2000000e+01
   5.4308820e+06   1.8000000e+01
   5.4313960e+06   2.4000000e+01
   5.4314250e+06   1.7000000e+01
   5.4314770e+06   2.2000000e+01
   5.4320280e+06   1.7000000e+01
   5.4327370e+06   2.0000000e+01
   5.4336500e+06   1.7000000e+01
   5.4348950e+06   2.0000000e+01
   5.4350100e+06   1.8000000e+01
   5.4354260e+06   1.8000000e+01
   5.4366490e+06   2.1000000e+01
   5.4371230e+06   1.8000000e+01
   5.4376470e+06   1.9000000e+01
   5.4376920e+06   1.8000000e+01
   5.4377810e+06   1.8000000e+01
   5.4380950e+06   2.1000000e+01
   5.4382740e+06   2.1000000e+01
   5.4384550e+06   2.0000000e+01
   5.4385000e+06   1.7000000e+01
   5.4387060e+06   2.1000000e+01
   5.4388610e+06   1.8000000e+01
   5.4389210e+06   2.3000000e+01
   5.4389490e+06   2.0000000e+01
   5.4393300e+06   1.9000000e+01
   5.4397350e+06   1.7000000e+01
   5.4400450e+06   1.7000000e+01
   5.4401740e+06   1.7000000e+01
   5.4404460e+06   1.8000000e+01
   5.4405130e+06   2.7000000e+01
   5.4405740e+06   1.8000000e+01
   5.4409680e+06   2.0000000e+01
   5.4411920e+06   1.9000000e+01
   5.4415550e+06   1.7000000e+01
   5.4422530e+06   2.2000000e+01
   5.4427640e+06   1.8000000e+01
   5.4429270e+06   2.4000000e+01
   5.4430040e+06   2.0000000e+01
   5.4430820e+06   2.3000000e+01
   5.4431530e+06   1.8000000e+01
   5.4447980e+06   1.9000000e+01
   5.4450080e+06   1.7000000e+01
   5.4451650e+06   2.0000000e+01
   5.4457710e+06   2.0000000e+01
   5.4458410e+06   1.9000000e+01
   5.4459180e+06   2.5000000e+01
   5.4462300e+06   1.8000000e+01
   5.4463760e+06   2.1000000e+01
   5.4467540e+06   1.9000000e+01
   5.4469680e+06   2.1000000e+01
   5.4469960e+06   2.4000000e+01
   5.4471870e+06   1.7000000e+01
   5.4477150e+06   1.7000000e+01
   5.4482140e+06   1.7000000e+01
   5.4482550e+06   1.7000000e+01
   5.4495800e+06   1.7000000e+01
   5.4505690e+06   1.8000000e+01
   5.4513320e+06   1.7000000e+01
   5.4523030e+06   1.7000000e+01
   5.4557270e+06   1.9000000e+01
   5.4587770e+06   1.8000000e+01
   5.4639790e+06   1.9000000e+01
   5.5959310e+06   1.9000000e+01
   5.5960830e+06   1.7000000e+01
   5.5963090e+06   1.9000000e+01
   5.5965220e+06   1.7000000e+01
   5.5967500e+06   2.0000000e+01
   5.5969580e+06   1.8000000e+01
   5.5972680e+06   1.7000000e+01
   5.5974580e+06   1.7000000e+01
   5.6004280e+06   1.7000000e+01
   5.6021570e+06   1.8000000e+01
   5.6022320e+06   2.0000000e+01
   5.6027720e+06   1.7000000e+01
   5.6028280e+06   2.1000000e+01
   5.6033530e+06   1.7000000e+01
   5.6034390e+06   2.0000000e+01
   5.6035040e+06   2.1000000e+01
   5.6035560e+06   2.0000000e+01
   5.6036810e+06   2.1000000e+01
   5.6041070e+06   2.3000000e+01
   5.6042190e+06   1.7000000e+01
   5.6043800e+06   1.7000000e+01
   5.6044800e+06   3.3000000e+01
   5.6045550e+06   2.2000000e+01
   5.6046410e+06   2.4000000e+01
   5.6047190e+06   1.8000000e+01
   5.6049700e+06   2.4000000e+01
   5.6050160e+06   3.0000000e+01
   5.6050720e+06   2.0000000e+01
   5.6051340e+06   1.8000000e+01
   5.6052020e+06   2.8000000e+01
   5.6052570e+06   1.9000000e+01
   5.6054570e+06   2.2000000e+01
   5.6055470e+06   2.4000000e+01
   5.6057470e+06   2.5000000e+01
   5.6058100e+06   2.0000000e+01
   5.6058440e+06   2.1000000e+01
   5.6059750e+06   1.7000000e+01
   5.6061750e+06   1.7000000e+01
   5.6063290e+06   1.7000000e+01
   5.6063550e+06   2.5000000e+01
   5.6064210e+06   2.0000000e+01
   5.6065740e+06   1.9000000e+01
   5.6066260e+06   1.8000000e+01
   5.6067290e+06   3.4000000e+01
   5.6068050e+06   2.0000000e+01
   5.6071520e+06   1.9000000e+01
   5.6073320e+06   1.8000000e+01
   5.6074210e+06   2.0000000e+01
   5.6078380e+06   1.9000000e+01
   5.6079390e+06   1.7000000e+01
   5.6082060e+06   1.8000000e+01
   5.6083180e+06   1.7000000e+01
   5.6091040e+06   1.7000000e+01
   5.6094200e+06   2.1000000e+01
   5.6094950e+06   1.9000000e+01
   5.6095360e+06   1.7000000e+01
   5.6099970e+06   1.8000000e+01
   5.6100290e+06   2.0000000e+01
   5.6101690e+06   1.7000000e+01
   5.6107100e+06   1.7000000e+01
   5.6114410e+06   2.0000000e+01
   5.6116630e+06   1.7000000e+01
   5.6123490e+06   1.9000000e+01
   5.6126770e+06   1.7000000e+01
   5.6131680e+06   1.8000000e+01
   5.6132690e+06   1.7000000e+01
   5.6152780e+06   1.8000000e+01
   5.6162560e+06   1.7000000e+01
   5.6178620e+06   1.9000000e+01
   5.6198300e+06   1.7000000e+01
   5.6198670e+06   1.8000000e+01
   5.6203610e+06   1.7000000e+01
   5.6205570e+06   2.1000000e+01
   5.6208540e+06   2.2000000e+01
   5.6216220e+06   2.0000000e+01
   5.6216910e+06   1.7000000e+01
   5.6223310e+06   1.9000000e+01
   5.6224570e+06   1.9000000e+01
   5.6224840e+06   1.7000000e+01
   5.6227470e+06   2.3000000e+01
   5.6530560e+06   2.0000000e+01
   5.6537680e+06   1.9000000e+01
   5.6538960e+06   2.1000000e+01
   5.6542020e+06   1.8000000e+01
   5.6543970e+06   2.1000000e+01
   5.6547910e+06   2.1000000e+01
   5.6550620e+06   1.8000000e+01
   5.6551560e+06   1.8000000e+01
   5.6552980e+06   2.2000000e+01
   6.0964740e+06   1.7000000e+01
   6.0977330e+06   1.7000000e+01
   6.2140740e+06   1.7000000e+01
   6.2142190e+06   1.9000000e+01
   6.2143810e+06   1.9000000e+01
   6.2148470e+06   1.9000000e+01
   6.2148900e+06   2.1000000e+01
   6.2149590e+06   3.5000000e+01
   6.2150990e+06   2.1000000e+01
   6.2152360e+06   2.3000000e+01
   6.2153410e+06   2.6000000e+01
   6.2153710e+06   2.0000000e+01
   6.2154630e+06   1.8000000e+01
   6.2155400e+06   1.8000000e+01
   6.2157360e+06   2.3000000e+01
   6.2157660e+06   2.9000000e+01
   6.2158320e+06   2.4000000e+01
   6.2159690e+06   2.8000000e+01
   6.2160270e+06   2.4000000e+01
   6.2160850e+06   1.8000000e+01
   6.2161790e+06   1.8000000e+01
   6.2162610e+06   2.0000000e+01
   6.2163300e+06   2.7000000e+01
   6.2163710e+06   2.4000000e+01
   6.2164310e+06   2.1000000e+01
   6.2164780e+06   1.9000000e+01
   6.2166030e+06   3.4000000e+01
   6.2166760e+06   3.0000000e+01
   6.2167490e+06   1.9000000e+01
   6.2167740e+06   2.0000000e+01
   6.2168490e+06   1.9000000e+01
   6.2169240e+06   1.9000000e+01
   6.2169610e+06   2.3000000e+01
   6.2170930e+06   2.8000000e+01
   6.2171600e+06   2.1000000e+01
   6.2172150e+06   2.2000000e+01
   6.2173050e+06   2.6000000e+01
   6.2174210e+06   3.7000000e+01
   6.2174510e+06   2.1000000e+01
   6.2175170e+06   1.7000000e+01
   6.2175800e+06   2.0000000e+01
   6.2176080e+06   2.3000000e+01
   6.2177940e+06   2.2000000e+01
   6.2178560e+06   2.3000000e+01
   6.2179430e+06   2.0000000e+01
   6.2179730e+06   2.0000000e+01
   6.2180590e+06   2.1000000e+01
   6.2181460e+06   2.3000000e+01
   6.2182060e+06   2.7000000e+01
   6.2183690e+06   2.8000000e+01
   6.2184930e+06   1.8000000e+01
   6.2186160e+06   1.7000000e+01
   6.2187020e+06   1.7000000e+01
   6.2187920e+06   2.1000000e+01
   6.2188690e+06   2.0000000e+01
   6.2188950e+06   1.9000000e+01
   6.2194230e+06   1.8000000e+01
   6.2194910e+06   1.7000000e+01
   6.2195280e+06   2.0000000e+01
   6.2198590e+06   2.8000000e+01
   6.2198850e+06   1.7000000e+01
   6.2201830e+06   2.7000000e+01
   6.2204060e+06   2.2000000e+01
   6.2204650e+06   1.7000000e+01
   6.2205460e+06   1.9000000e+01
   6.2208520e+06   1.7000000e+01
   6.2211680e+06   2.1000000e+01
   6.2212050e+06   2.1000000e+01
   6.2217710e+06   1.7000000e+01
   6.2220970e+06   1.9000000e+01
   6.2221580e+06   3.0000000e+01
   6.2222280e+06   2.0000000e+01
   6.2224360e+06   1.7000000e+01
   6.2230920e+06   1.8000000e+01
   6.2231570e+06   2.3000000e+01
   6.2231860e+06   2.2000000e+01
   6.2236850e+06   1.8000000e+01
   6.2241580e+06   2.0000000e+01
   6.2247230e+06   2.1000000e+01
   6.2258450e+06   1.7000000e+01
   6.2268300e+06   1.7000000e+01
   6.2273540e+06   1.7000000e+01
   6.2276130e+06   2.1000000e+01
   6.2277950e+06   1.8000000e+01
   6.2280910e+06   1.7000000e+01
   6.2283270e+06   1.8000000e+01
   6.2284550e+06   1.9000000e+01
   6.2285510e+06   1.8000000e+01
   6.2289680e+06   1.7000000e+01
   6.2290470e+06   2.0000000e+01
   6.2291040e+06   2.5000000e+01
   6.2291610e+06   1.8000000e+01
   6.2297170e+06   1.7000000e+01
   6.2305390e+06   1.9000000e+01
   6.2306910e+06   1.7000000e+01
   6.2323120e+06   1.7000000e+01
   6.2326310e+06   1.7000000e+01
   6.2327000e+06   2.2000000e+01
   6.2327510e+06   2.0000000e+01
   6.2344980e+06   1.9000000e+01
   6.2347160e+06   2.2000000e+01
   6.2349190e+06   1.7000000e+01
   6.2353110e+06   1.9000000e+01
   6.2366540e+06   1.7000000e+01
   6.2368720e+06   2.1000000e+01
   6.2371210e+06   2.3000000e+01
   6.2373860e+06   2.4000000e+01
   6.2374790e+06   1.9000000e+01
   6.2375080e+06   2.4000000e+01
   6.2380810e+06   1.7000000e+01
   6.2393140e+06   1.7000000e+01
   6.2405360e+06   1.7000000e+01
   6.6617760e+06   1.7000000e+01
   6.6648470e+06   1.7000000e+01
   6.6649640e+06   1.7000000e+01
   6.6651040e+06   2.0000000e+01
   6.6653420e+06   2.0000000e+01
   6.6653700e+06   2.0000000e+01
   6.6654750e+06   2.2000000e+01
   6.6662440e+06   1.7000000e+01
   6.6664110e+06   2.2000000e+01
   6.6664360e+06   1.7000000e+01
   6.6664990e+06   2.1000000e+01
   6.6665400e+06   2.2000000e+01
   6.6666100e+06   2.1000000e+01
   6.6667190e+06   1.9000000e+01
   6.6667750e+06   2.9000000e+01
   6.6668350e+06   2.5000000e+01
   6.6669410e+06   1.8000000e+01
   6.6669950e+06   1.9000000e+01
   6.6671570e+06   1.7000000e+01
   6.6672550e+06   2.0000000e+01
   6.6673140e+06   2.6000000e+01
   6.6674050e+06   1.9000000e+01
   6.6674890e+06   1.7000000e+01
   6.6675290e+06   2.1000000e+01
   6.6676110e+06   2.4000000e+01
   6.6677200e+06   3.3000000e+01
   6.6677860e+06   1.7000000e+01
   6.6678210e+06   1.8000000e+01
   6.6680210e+06   1.8000000e+01
   6.6680650e+06   2.7000000e+01
   6.6681550e+06   1.7000000e+01
   6.6682220e+06   1.8000000e+01
   6.6682500e+06   2.2000000e+01
   6.6682850e+06   1.9000000e+01
   6.6683760e+06   2.6000000e+01
   6.6684520e+06   2.4000000e+01
   6.6685210e+06   2.2000000e+01
   6.6686280e+06   2.5000000e+01
   6.6686960e+06   2.5000000e+01
   6.6687370e+06   1.8000000e+01
   6.6688590e+06   2.0000000e+01
   6.6689640e+06   1.7000000e+01
   6.6690400e+06   1.9000000e+01
   6.6690760e+06   2.0000000e+01
   6.6691460e+06   1.7000000e+01
   6.6693710e+06   2.2000000e+01
   6.6694650e+06   2.0000000e+01
   6.6696460e+06   1.9000000e+01
   6.6696960e+06   1.8000000e+01
   6.6697600e+06   1.7000000e+01
   6.6698010e+06   2.1000000e+01
   6.6698440e+06   2.3000000e+01
   6.6699420e+06   1.9000000e+01
   6.6700620e+06   2.2000000e+01
   6.6700960e+06   3.7000000e+01
   6.6701380e+06   1.8000000e+01
   6.6704330e+06   1.8000000e+01
   6.6705080e+06   1.7000000e+01
   6.6706540e+06   2.6000000e+01
   6.6706810e+06   1.8000000e+01
   6.6708020e+06   2.1000000e+01
   6.6709330e+06   1.7000000e+01
   6.6711790e+06   2.1000000e+01
   6.6712650e+06   1.9000000e+01
   6.6714070e+06   1.9000000e+01
   6.6716370e+06   1.9000000e+01
   6.6716830e+06   1.8000000e+01
   6.6720430e+06   1.7000000e+01
   6.6721600e+06   1.8000000e+01
   6.6722080e+06   1.9000000e+01
   6.6726840e+06   1.7000000e+01
   6.6727680e+06   1.7000000e+01
   6.6729130e+06   1.9000000e+01
   6.6731420e+06   1.9000000e+01
   6.6733050e+06   1.8000000e+01
   6.6734960e+06   1.8000000e+01
   6.6740350e+06   1.8000000e+01
   6.6746700e+06   1.8000000e+01
   6.6750300e+06   1.8000000e+01
   6.6755440e+06   1.8000000e+01
   6.6761120e+06   1.7000000e+01
   6.6762710e+06   2.1000000e+01
   6.6765540e+06   1.9000000e+01
   6.6770570e+06   1.9000000e+01
   6.6775710e+06   1.9000000e+01
   6.6781860e+06   2.1000000e+01
   6.6793760e+06   1.9000000e+01
   6.6801230e+06   2.1000000e+01
   6.6802410e+06   1.7000000e+01
   6.6807470e+06   3.1000000e+01
   6.6807990e+06   1.7000000e+01
   6.6816860e+06   1.7000000e+01
   6.6833920e+06   1.7000000e+01
   6.6887630e+06   1.9000000e+01
   6.6892050e+06   1.7000000e+01
   6.8616910e+06   1.7000000e+01
   7.2729550e+06   1.7000000e+01
   7.2753720e+06   1.7000000e+01
   7.3386080e+06   1.7000000e+01
   7.3600690e+06   2.2000000e+01
   7.3601310e+06   2.4000000e+01
   7.3602120e+06   2.1000000e+01
   7.3603060e+06   2.5000000e+01
   7.3604500e+06   1.9000000e+01
   7.3605290e+06   1.8000000e+01
   7.3606650e+06   2.2000000e+01
   7.3606960e+06   2.2000000e+01
   7.3607670e+06   1.7000000e+01
   7.3608500e+06   2.9000000e+01
   7.3608940e+06   1.7000000e+01
   7.3609460e+06   2.1000000e+01
   7.3610120e+06   2.0000000e+01
   7.3610890e+06   2.2000000e+01
   7.3611140e+06   2.6000000e+01
   7.3612230e+06   2.0000000e+01
   7.3612860e+06   2.6000000e+01
   7.3614870e+06   1.7000000e+01
   7.3615470e+06   2.7000000e+01
   7.3615900e+06   1.8000000e+01
   7.3616260e+06   2.0000000e+01
   7.3617070e+06   3.3000000e+01
   7.3617650e+06   1.7000000e+01
   7.3618350e+06   1.7000000e+01
   7.3619260e+06   2.4000000e+01
   7.3619860e+06   2.0000000e+01
   7.3620690e+06   2.2000000e+01
   7.3621410e+06   2.3000000e+01
   7.3622170e+06   2.1000000e+01
   7.3622730e+06   2.8000000e+01
   7.3623540e+06   1.8000000e+01
   7.3623940e+06   1.7000000e+01
   7.3624970e+06   1.8000000e+01
   7.3627190e+06   1.8000000e+01
   7.3627610e+06   2.5000000e+01
   7.3627860e+06   3.3000000e+01
   7.3628510e+06   2.5000000e+01
   7.3629880e+06   1.7000000e+01
   7.3630330e+06   2.3000000e+01
   7.3631140e+06   1.7000000e+01
   7.3631540e+06   2.5000000e+01
   7.3633580e+06   2.0000000e+01
   7.3634210e+06   2.0000000e+01
   7.3636390e+06   2.3000000e+01
   7.3637540e+06   1.7000000e+01
   7.3638500e+06   2.0000000e+01
   7.3639080e+06   1.7000000e+01
   7.3640010e+06   2.4000000e+01
   7.3640430e+06   2.3000000e+01
   7.3642440e+06   2.8000000e+01
   7.3644870e+06   1.9000000e+01
   7.3645930e+06   1.9000000e+01
   7.3646810e+06   1.7000000e+01
   7.3647160e+06   1.7000000e+01
   7.3648350e+06   1.8000000e+01
   7.3651010e+06   1.8000000e+01
   7.3651750e+06   2.9000000e+01
   7.3652060e+06   1.9000000e+01
   7.3653420e+06   1.8000000e+01
   7.3653830e+06   1.7000000e+01
   7.3655030e+06   2.2000000e+01
   7.3657380e+06   1.9000000e+01
   7.3658280e+06   2.3000000e+01
   7.3658850e+06   1.8000000e+01
   7.3659760e+06   1.7000000e+01
   7.3662740e+06   1.7000000e+01
   7.3667940e+06   1.7000000e+01
   7.3671460e+06   2.1000000e+01
   7.3674410e+06   1.7000000e+01
   7.3677100e+06   2.1000000e+01
   7.3681040e+06   1.7000000e+01
   7.3682780e+06   1.9000000e+01
   7.3683110e+06   1.8000000e+01
   7.3686360e+06   1.7000000e+01
   7.3695850e+06   1.9000000e+01
   7.3705180e+06   1.7000000e+01
   7.3712900e+06   2.3000000e+01
   7.3731810e+06   2.2000000e+01
   7.3735240e+06   2.4000000e+01
   7.3740130e+06   1.8000000e+01
   7.3740710e+06   1.7000000e+01
   7.3741610e+06   2.1000000e+01
   7.3742430e+06   2.0000000e+01
   7.3744190e+06   2.4000000e+01
   7.3746200e+06   1.9000000e+01
   7.3746690e+06   1.7000000e+01
   7.3748150e+06   1.7000000e+01
   7.3751920e+06   1.8000000e+01
   7.3756900e+06   2.1000000e+01
   7.3757530e+06   1.9000000e+01
   7.3759780e+06   2.0000000e+01
   7.3762300e+06   1.9000000e+01
   7.3763250e+06   1.7000000e+01
   7.3765640e+06   1.8000000e+01
   7.3769340e+06   2.2000000e+01
   7.3769860e+06   1.7000000e+01
   7.3770790e+06   1.8000000e+01
   7.3775080e+06   2.0000000e+01
   7.3777180e+06   2.3000000e+01
   7.3778780e+06   1.9000000e+01
   7.3779510e+06   2.3000000e+01
   7.3782270e+06   1.9000000e+01
   7.3791570e+06   1.9000000e+01
   7.3795760e+06   2.0000000e+01
   7.3796580e+06   1.7000000e+01
   7.3797690e+06   2.4000000e+01
   7.3800010e+06   1.8000000e+01
   7.3805940e+06   2.2000000e+01
   7.3807010e+06   1.8000000e+01
   7.3816320e+06   2.1000000e+01
   7.3816750e+06   2.0000000e+01
   7.3844020e+06   1.7000000e+01
   7.3848910e+06   1.8000000e+01
   7.3865490e+06   1.8000000e+01
   7.3877050e+06   1.8000000e+01
   7.3903890e+06   2.0000000e+01
   7.4002490e+06   1.8000000e+01
