   7.5000000e+06   0.0000000e+00
   1.0389600e+05   1.8000000e+01
   1.0449400e+05   1.7000000e+01
   1.0617100e+05   1.9000000e+01
   1.0627900e+05   2.1000000e+01
   1.0645900e+05   1.9000000e+01
   1.0662000e+05   1.7000000e+01
   1.0675900e+05   1.7000000e+01
   1.0681900e+05   2.1000000e+01
   1.0685800e+05   1.8000000e+01
   1.0707800e+05   1.7000000e+01
   1.0729700e+05   2.3000000e+01
   1.0739400e+05   1.7000000e+01
   1.0744600e+05   1.7000000e+01
   1.0747300e+05   2.2000000e+01
   1.0768400e+05   2.1000000e+01
   1.0774400e+05   1.7000000e+01
   1.0792400e+05   2.2000000e+01
   1.0796800e+05   3.1000000e+01
   1.0807900e+05   1.7000000e+01
   1.0816900e+05   1.7000000e+01
   1.0835200e+05   2.0000000e+01
   1.0852500e+05   1.8000000e+01
   1.0855900e+05   1.7000000e+01
   1.0884600e+05   1.7000000e+01
   1.0888000e+05   1.9000000e+01
   1.0900400e+05   1.7000000e+01
   1.0905200e+05   1.9000000e+01
   1.0922000e+05   1.9000000e+01
   1.0937400e+05   2.1000000e+01
   1.0941900e+05   1.8000000e+01
   1.0969600e+05   1.9000000e+01
   1.0995300e+05   1.8000000e+01
   1.1005000e+05   1.8000000e+01
   1.1008900e+05   1.9000000e+01
   1.1014400e+05   1.8000000e+01
   1.1085900e+05   2.3000000e+01
   1.1156700e+05   1.7000000e+01
   1.1161400e+05   1.8000000e+01
   1.1167100e+05   3.6000000e+01
   1.1209900e+05   1.9000000e+01
   1.1215700e+05   2.2000000e+01
   1.1316100e+05   1.7000000e+01
   1.1320300e+05   1.7000000e+01
   1.1412900e+05   1.7000000e+01
   1.1418300e+05   2.0000000e+01
   1.1422500e+05   1.9000000e+01
   1.1689400e+05   1.7000000e+01
   1.2193000e+05   1.7000000e+01
   1.2364200e+05   1.7000000e+01
   1.2427700e+05   1.7000000e+01
   1.2434900e+05   1.7000000e+01
   1.2481400e+05   1.7000000e+01
   1.3059200e+05   2.0000000e+01
   2.2980400e+05   1.7000000e+01
   2.9931300e+05   1.9000000e+01
   2.9950200e+05   1.9000000e+01
   2.9964500e+05   1.8000000e+01
   2.9980600e+05   2.0000000e+01
   2.9985000e+05   1.7000000e+01
   2.9999200e+05   1.7000000e+01
   3.0002400e+05   2.4000000e+01
   3.0009000e+05   1.7000000e+01
   3.0028300e+05   2.0000000e+01
   3.0033600e+05   2.4000000e+01
   3.0039800e+05   1.8000000e+01
   3.0043000e+05   1.8000000e+01
   3.0050000e+05   1.9000000e+01
   3.0061700e+05   1.9000000e+01
   3.0073700e+05   2.1000000e+01
   3.0077700e+05   2.9000000e+01
   3.0085000e+05   3.2000000e+01
   3.0089800e+05   2.9000000e+01
   3.0094600e+05   1.7000000e+01
   3.0099400e+05   1.9000000e+01
   3.0109900e+05   2.2000000e+01
   3.0114300e+05   2.3000000e+01
   3.0118900e+05   1.9000000e+01
   3.0143200e+05   1.8000000e+01
   3.0158400e+05   2.7000000e+01
   3.0168500e+05   1.7000000e+01
   3.0178600e+05   2.0000000e+01
   3.0186300e+05   1.9000000e+01
   3.0229400e+05   1.9000000e+01
   3.0247000e+05   1.7000000e+01
   3.0276200e+05   1.9000000e+01
   3.0293300e+05   1.8000000e+01
   3.0298000e+05   2.0000000e+01
   3.0310600e+05   2.1000000e+01
   3.0333700e+05   1.8000000e+01
   3.0358600e+05   2.0000000e+01
   3.0362800e+05   1.9000000e+01
   3.0376100e+05   1.9000000e+01
   3.0480200e+05   1.7000000e+01
   3.0532100e+05   1.7000000e+01
   3.0555000e+05   2.3000000e+01
   3.0599000e+05   1.7000000e+01
   3.0614000e+05   1.7000000e+01
   3.0673800e+05   1.8000000e+01
   3.0869500e+05   1.7000000e+01
   3.0924800e+05   1.7000000e+01
   3.1150000e+05   1.7000000e+01
   3.1408600e+05   2.1000000e+01
   3.1573500e+05   1.8000000e+01
   3.1607300e+05   1.7000000e+01
   3.1737500e+05   1.7000000e+01
   3.1835900e+05   1.7000000e+01
   5.4439700e+05   1.7000000e+01
   5.4636400e+05   1.7000000e+01
   5.4959000e+05   1.8000000e+01
   5.5082600e+05   1.9000000e+01
   6.2427200e+05   2.0000000e+01
   6.2433400e+05   1.8000000e+01
   6.2474800e+05   1.9000000e+01
   6.2486700e+05   1.9000000e+01
   6.2499600e+05   1.7000000e+01
   6.2517300e+05   2.8000000e+01
   6.2520100e+05   2.0000000e+01
   6.2537800e+05   1.9000000e+01
   6.2540700e+05   2.8000000e+01
   6.2548100e+05   2.0000000e+01
   6.2553700e+05   2.1000000e+01
   6.2560200e+05   2.5000000e+01
   6.2574500e+05   2.2000000e+01
   6.2585000e+05   1.8000000e+01
   6.2593700e+05   2.3000000e+01
   6.2601600e+05   2.0000000e+01
   6.2623000e+05   1.8000000e+01
   6.2630900e+05   1.7000000e+01
   6.2636700e+05   3.3000000e+01
   6.2639900e+05   2.6000000e+01
   6.2650400e+05   2.0000000e+01
   6.2661700e+05   1.7000000e+01
   6.2674000e+05   2.0000000e+01
   6.2688400e+05   1.9000000e+01
   6.2698000e+05   1.8000000e+01
   6.2700700e+05   1.9000000e+01
   6.2709900e+05   1.7000000e+01
   6.2727100e+05   2.0000000e+01
   6.2742800e+05   1.7000000e+01
   6.2753000e+05   1.8000000e+01
   6.2763600e+05   1.7000000e+01
   6.2796300e+05   1.7000000e+01
   6.2816200e+05   2.0000000e+01
   6.2863900e+05   2.3000000e+01
   6.2866400e+05   1.7000000e+01
   6.2916200e+05   1.8000000e+01
   6.2919600e+05   2.0000000e+01
   6.2929100e+05   1.7000000e+01
   6.2965700e+05   1.7000000e+01
   6.2973600e+05   1.9000000e+01
   6.3033200e+05   2.1000000e+01
   6.3036800e+05   2.1000000e+01
   6.3160500e+05   1.8000000e+01
   6.3186000e+05   2.2000000e+01
   6.3206200e+05   1.7000000e+01
   6.3211700e+05   1.7000000e+01
   6.3434800e+05   1.7000000e+01
   6.3465400e+05   2.1000000e+01
   6.3865500e+05   1.9000000e+01
   6.4238900e+05   1.9000000e+01
   6.4272800e+05   1.7000000e+01
   6.4319300e+05   1.7000000e+01
   6.4461600e+05   1.7000000e+01
   7.4366700e+05   1.9000000e+01
   8.6730000e+05   1.9000000e+01
   8.7711700e+05   1.7000000e+01
   8.7758900e+05   1.9000000e+01
   8.7790700e+05   2.0000000e+01
   8.7828700e+05   1.8000000e+01
   8.7839400e+05   1.7000000e+01
   8.7882300e+05   1.8000000e+01
   8.7899200e+05   1.8000000e+01
   8.7901700e+05   1.8000000e+01
   8.7924600e+05   2.4000000e+01
   8.7932200e+05   2.0000000e+01
   8.7936300e+05   1.9000000e+01
   8.7954100e+05   2.3000000e+01
   8.7964700e+05   1.9000000e+01
   8.7973800e+05   1.7000000e+01
   8.7983800e+05   1.9000000e+01
   8.7989800e+05   1.7000000e+01
   8.7996100e+05   1.7000000e+01
   8.8002700e+05   1.7000000e+01
   8.8011400e+05   1.7000000e+01
   8.8016800e+05   1.9000000e+01
   8.8025100e+05   2.0000000e+01
   8.8032700e+05   2.0000000e+01
   8.8037400e+05   2.2000000e+01
   8.8040200e+05   1.7000000e+01
   8.8048200e+05   2.2000000e+01
   8.8062000e+05   2.1000000e+01
   8.8067300e+05   2.4000000e+01
   8.8070200e+05   1.8000000e+01
   8.8078200e+05   1.8000000e+01
   8.8082300e+05   1.9000000e+01
   8.8103900e+05   1.9000000e+01
   8.8111400e+05   2.2000000e+01
   8.8114900e+05   2.3000000e+01
   8.8134100e+05   2.0000000e+01
   8.8150400e+05   2.1000000e+01
   8.8176100e+05   1.8000000e+01
   8.8196300e+05   1.7000000e+01
   8.8232100e+05   1.9000000e+01
   8.8238000e+05   1.8000000e+01
   8.8243600e+05   1.9000000e+01
   8.8255400e+05   1.7000000e+01
   8.8359400e+05   2.0000000e+01
   8.8363300e+05   1.9000000e+01
   8.8378900e+05   1.8000000e+01
   8.8393300e+05   1.7000000e+01
   8.8400200e+05   1.7000000e+01
   8.8405000e+05   2.3000000e+01
   8.8479400e+05   2.1000000e+01
   8.8487500e+05   1.9000000e+01
   8.8606000e+05   1.7000000e+01
   8.8727800e+05   2.0000000e+01
   8.8783300e+05   1.7000000e+01
   8.8960700e+05   1.7000000e+01
   8.9294400e+05   1.7000000e+01
   8.9333600e+05   2.1000000e+01
   8.9419400e+05   1.7000000e+01
   1.1818470e+06   2.0000000e+01
   1.1822000e+06   1.9000000e+01
   1.1825360e+06   1.9000000e+01
   1.1825830e+06   1.9000000e+01
   1.1827060e+06   1.8000000e+01
   1.1828180e+06   1.8000000e+01
   1.1829880e+06   2.1000000e+01
   1.1830740e+06   1.9000000e+01
   1.1832200e+06   2.0000000e+01
   1.1832480e+06   3.3000000e+01
   1.1833330e+06   1.9000000e+01
   1.1834060e+06   1.8000000e+01
   1.1834470e+06   3.2000000e+01
   1.1835050e+06   1.7000000e+01
   1.1836630e+06   2.2000000e+01
   1.1837030e+06   1.8000000e+01
   1.1838520e+06   2.2000000e+01
   1.1839090e+06   3.6000000e+01
   1.1840360e+06   1.8000000e+01
   1.1840720e+06   2.5000000e+01
   1.1842740e+06   2.0000000e+01
   1.1843640e+06   1.8000000e+01
   1.1844090e+06   2.5000000e+01
   1.1844940e+06   2.2000000e+01
   1.1846020e+06   1.7000000e+01
   1.1846930e+06   1.8000000e+01
   1.1848510e+06   1.7000000e+01
   1.1849290e+06   2.3000000e+01
   1.1850050e+06   1.8000000e+01
   1.1851080e+06   1.8000000e+01
   1.1853200e+06   1.8000000e+01
   1.1855140e+06   1.8000000e+01
   1.1857370e+06   1.8000000e+01
   1.1858200e+06   1.8000000e+01
   1.1860380e+06   1.9000000e+01
   1.1862060e+06   1.9000000e+01
   1.1863710e+06   1.7000000e+01
   1.1866880e+06   1.7000000e+01
   1.1873350e+06   1.8000000e+01
   1.1873990e+06   2.0000000e+01
   1.1874710e+06   1.9000000e+01
   1.1888670e+06   1.8000000e+01
   1.1890270e+06   1.8000000e+01
   1.1900220e+06   1.7000000e+01
   1.1903410e+06   1.8000000e+01
   1.1909230e+06   1.9000000e+01
   1.1930680e+06   1.8000000e+01
   1.1949910e+06   1.8000000e+01
   1.1962890e+06   1.8000000e+01
   1.2004420e+06   1.7000000e+01
   1.2021180e+06   2.2000000e+01
   1.2022110e+06   2.0000000e+01
   1.2023540e+06   1.7000000e+01
   1.2028200e+06   1.7000000e+01
   1.2028790e+06   1.8000000e+01
   1.2031630e+06   1.7000000e+01
   1.2033980e+06   1.9000000e+01
   1.2065660e+06   1.7000000e+01
   1.2072930e+06   1.8000000e+01
   1.2085270e+06   1.7000000e+01
   1.2094250e+06   1.8000000e+01
   1.2095290e+06   1.7000000e+01
   1.2098860e+06   1.8000000e+01
   1.2134700e+06   1.9000000e+01
   1.2136280e+06   1.8000000e+01
   1.2361230e+06   1.7000000e+01
   1.5400920e+06   1.9000000e+01
   1.5402620e+06   1.8000000e+01
   1.5403850e+06   1.9000000e+01
   1.5406820e+06   1.7000000e+01
   1.5411760e+06   1.9000000e+01
   1.5414570e+06   1.8000000e+01
   1.5417580e+06   1.9000000e+01
   1.5418450e+06   2.4000000e+01
   1.5419720e+06   2.0000000e+01
   1.5419990e+06   2.2000000e+01
   1.5422300e+06   1.8000000e+01
   1.5423270e+06   1.9000000e+01
   1.5426020e+06   2.7000000e+01
   1.5426330e+06   3.2000000e+01
   1.5427460e+06   2.2000000e+01
   1.5427920e+06   1.7000000e+01
   1.5428610e+06   1.8000000e+01
   1.5429570e+06   2.3000000e+01
   1.5430550e+06   4.1000000e+01
   1.5431200e+06   2.1000000e+01
   1.5432690e+06   2.2000000e+01
   1.5434000e+06   2.0000000e+01
   1.5434660e+06   1.8000000e+01
   1.5435330e+06   1.7000000e+01
   1.5436170e+06   1.8000000e+01
   1.5439110e+06   1.8000000e+01
   1.5440520e+06   1.8000000e+01
   1.5441730e+06   2.1000000e+01
   1.5443300e+06   2.0000000e+01
   1.5443790e+06   1.9000000e+01
   1.5444670e+06   1.7000000e+01
   1.5446730e+06   2.0000000e+01
   1.5447680e+06   1.8000000e+01
   1.5448270e+06   1.7000000e+01
   1.5449260e+06   1.9000000e+01
   1.5451570e+06   1.7000000e+01
   1.5453030e+06   1.8000000e+01
   1.5453610e+06   1.7000000e+01
   1.5458130e+06   1.8000000e+01
   1.5458430e+06   1.9000000e+01
   1.5461420e+06   1.8000000e+01
   1.5462590e+06   2.1000000e+01
   1.5469320e+06   1.7000000e+01
   1.5474400e+06   1.8000000e+01
   1.5483130e+06   1.8000000e+01
   1.5483850e+06   1.7000000e+01
   1.5502370e+06   2.2000000e+01
   1.5505570e+06   1.8000000e+01
   1.5523570e+06   1.7000000e+01
   1.5532750e+06   1.8000000e+01
   1.5534890e+06   1.7000000e+01
   1.5536390e+06   1.8000000e+01
   1.5564130e+06   2.0000000e+01
   1.5572750e+06   1.7000000e+01
   1.5612980e+06   1.7000000e+01
   1.5640600e+06   1.7000000e+01
   1.5641300e+06   1.9000000e+01
   1.5660150e+06   1.7000000e+01
   1.6796180e+06   1.7000000e+01
   1.6800070e+06   1.8000000e+01
   1.6801170e+06   2.1000000e+01
   1.6807690e+06   1.9000000e+01
   1.6819640e+06   1.8000000e+01
   1.6826890e+06   2.5000000e+01
   1.6827870e+06   1.7000000e+01
   1.6829470e+06   1.9000000e+01
   1.6830990e+06   2.1000000e+01
   1.6832090e+06   1.9000000e+01
   1.6832540e+06   2.0000000e+01
   1.6833930e+06   1.8000000e+01
   1.6835010e+06   1.8000000e+01
   1.6835260e+06   2.7000000e+01
   1.6836130e+06   1.7000000e+01
   1.6837830e+06   3.2000000e+01
   1.6838140e+06   2.2000000e+01
   1.6839920e+06   1.9000000e+01
   1.6840350e+06   1.9000000e+01
   1.6845120e+06   1.7000000e+01
   1.6845740e+06   1.7000000e+01
   1.6846330e+06   2.2000000e+01
   1.6849980e+06   1.7000000e+01
   1.6852450e+06   1.8000000e+01
   1.6854640e+06   1.7000000e+01
   1.6859360e+06   2.0000000e+01
   1.6861630e+06   2.0000000e+01
   1.6865310e+06   1.7000000e+01
   1.6869510e+06   1.7000000e+01
   1.6880110e+06   1.8000000e+01
   1.6881480e+06   1.7000000e+01
   1.6881740e+06   2.2000000e+01
   1.6894360e+06   1.8000000e+01
   1.6896210e+06   1.8000000e+01
   1.6925790e+06   1.8000000e+01
   1.6929200e+06   1.7000000e+01
   1.8609660e+06   1.7000000e+01
   2.0682940e+06   1.9000000e+01
   2.0684440e+06   1.8000000e+01
   2.0685790e+06   1.7000000e+01
   2.0687800e+06   1.8000000e+01
   2.0692620e+06   1.9000000e+01
   2.0695480e+06   1.7000000e+01
   2.0696200e+06   1.7000000e+01
   2.0696950e+06   2.1000000e+01
   2.0698560e+06   2.3000000e+01
   2.0699200e+06   1.7000000e+01
   2.0699960e+06   2.1000000e+01
   2.0700760e+06   2.4000000e+01
   2.0701420e+06   1.8000000e+01
   2.0701830e+06   2.5000000e+01
   2.0702670e+06   2.2000000e+01
   2.0703070e+06   2.0000000e+01
   2.0703680e+06   1.8000000e+01
   2.0704480e+06   1.8000000e+01
   2.0705710e+06   1.9000000e+01
   2.0706210e+06   1.7000000e+01
   2.0707080e+06   3.3000000e+01
   2.0707330e+06   2.0000000e+01
   2.0708070e+06   1.7000000e+01
   2.0708720e+06   2.1000000e+01
   2.0709630e+06   1.7000000e+01
   2.0711620e+06   1.8000000e+01
   2.0712610e+06   2.0000000e+01
   2.0714450e+06   2.0000000e+01
   2.0715160e+06   2.0000000e+01
   2.0715910e+06   1.8000000e+01
   2.0716330e+06   1.8000000e+01
   2.0718430e+06   1.8000000e+01
   2.0719190e+06   1.7000000e+01
   2.0720440e+06   1.7000000e+01
   2.0721150e+06   1.7000000e+01
   2.0722800e+06   1.8000000e+01
   2.0724810e+06   1.7000000e+01
   2.0726440e+06   1.7000000e+01
   2.0726880e+06   1.9000000e+01
   2.0728190e+06   2.2000000e+01
   2.0731720e+06   1.7000000e+01
   2.0734120e+06   1.9000000e+01
   2.0737700e+06   2.5000000e+01
   2.0738200e+06   1.7000000e+01
   2.0740600e+06   2.0000000e+01
   2.0744270e+06   2.5000000e+01
   2.0744750e+06   1.9000000e+01
   2.0746020e+06   1.7000000e+01
   2.0751540e+06   1.8000000e+01
   2.0752140e+06   1.9000000e+01
   2.0752420e+06   2.7000000e+01
   2.0758250e+06   1.9000000e+01
   2.0763020e+06   1.7000000e+01
   2.0778760e+06   1.7000000e+01
   2.0779190e+06   1.9000000e+01
   2.0793790e+06   1.9000000e+01
   2.0794260e+06   1.7000000e+01
   2.0806850e+06   1.7000000e+01
   2.0839600e+06   2.2000000e+01
   2.0850150e+06   1.7000000e+01
   2.0877500e+06   1.8000000e+01
   2.0911320e+06   1.8000000e+01
   2.0918100e+06   1.9000000e+01
   2.0933910e+06   1.9000000e+01
   2.0949210e+06   1.7000000e+01
   2.0957940e+06   2.6000000e+01
   2.3807200e+06   1.7000000e+01
   2.3812140e+06   1.8000000e+01
   2.3813050e+06   1.7000000e+01
   2.3827960e+06   1.8000000e+01
   2.3829810e+06   2.0000000e+01
   2.3837050e+06   1.7000000e+01
   2.3837610e+06   3.0000000e+01
   2.3838310e+06   2.2000000e+01
   2.3838630e+06   1.7000000e+01
   2.3840250e+06   2.3000000e+01
   2.3841080e+06   2.6000000e+01
   2.3843110e+06   2.1000000e+01
   2.3844490e+06   1.7000000e+01
   2.3845240e+06   2.0000000e+01
   2.3846020e+06   2.2000000e+01
   2.3846770e+06   2.7000000e+01
   2.3847170e+06   1.7000000e+01
   2.3848240e+06   2.0000000e+01
   2.3848710e+06   1.7000000e+01
   2.3849270e+06   1.7000000e+01
   2.3849960e+06   2.8000000e+01
   2.3850390e+06   2.0000000e+01
   2.3851940e+06   2.3000000e+01
   2.3853120e+06   1.8000000e+01
   2.3854730e+06   1.9000000e+01
   2.3855970e+06   1.7000000e+01
   2.3856300e+06   1.8000000e+01
   2.3859350e+06   2.4000000e+01
   2.3859790e+06   2.1000000e+01
   2.3862380e+06   1.8000000e+01
   2.3863730e+06   1.9000000e+01
   2.3865460e+06   1.7000000e+01
   2.3868530e+06   1.8000000e+01
   2.3868800e+06   2.3000000e+01
   2.3872760e+06   2.0000000e+01
   2.3880400e+06   1.8000000e+01
   2.3889710e+06   1.8000000e+01
   2.3892330e+06   1.7000000e+01
   2.3892950e+06   1.7000000e+01
   2.3898420e+06   1.8000000e+01
   2.3913300e+06   1.7000000e+01
   2.3917470e+06   1.8000000e+01
   2.3949040e+06   1.8000000e+01
   2.3954140e+06   1.8000000e+01
   2.3963800e+06   2.1000000e+01
   2.3990240e+06   1.7000000e+01
   2.5776720e+06   1.8000000e+01
   2.5777900e+06   1.9000000e+01
   2.5780940e+06   1.8000000e+01
   2.5782680e+06   1.7000000e+01
   2.5788290e+06   1.9000000e+01
   2.5799430e+06   2.0000000e+01
   2.5801300e+06   1.7000000e+01
   2.5804520e+06   1.7000000e+01
   2.5805450e+06   1.7000000e+01
   2.5806830e+06   1.8000000e+01
   2.5807660e+06   1.8000000e+01
   2.5808780e+06   2.0000000e+01
   2.5809470e+06   2.2000000e+01
   2.5810210e+06   1.8000000e+01
   2.5810770e+06   2.0000000e+01
   2.5811310e+06   2.1000000e+01
   2.5811790e+06   1.8000000e+01
   2.5812240e+06   1.9000000e+01
   2.5812710e+06   1.8000000e+01
   2.5813690e+06   2.3000000e+01
   2.5814920e+06   2.1000000e+01
   2.5817300e+06   1.7000000e+01
   2.5818310e+06   2.1000000e+01
   2.5819200e+06   1.8000000e+01
   2.5819540e+06   2.2000000e+01
   2.5821590e+06   2.5000000e+01
   2.5822490e+06   1.9000000e+01
   2.5823090e+06   1.8000000e+01
   2.5825070e+06   1.7000000e+01
   2.5825770e+06   1.7000000e+01
   2.5826190e+06   1.8000000e+01
   2.5827540e+06   2.1000000e+01
   2.5827990e+06   1.8000000e+01
   2.5830240e+06   1.8000000e+01
   2.5833730e+06   1.7000000e+01
   2.5839310e+06   1.9000000e+01
   2.5840060e+06   1.9000000e+01
   2.5843890e+06   1.8000000e+01
   2.5845980e+06   1.7000000e+01
   2.5860610e+06   1.7000000e+01
   2.5867280e+06   1.7000000e+01
   2.5867550e+06   1.9000000e+01
   2.5872640e+06   1.7000000e+01
   2.5873320e+06   2.3000000e+01
   2.5881770e+06   1.7000000e+01
   2.5916630e+06   1.7000000e+01
   2.5917460e+06   1.7000000e+01
   2.5933220e+06   1.7000000e+01
   2.5936770e+06   1.7000000e+01
   2.5954500e+06   1.7000000e+01
   2.5970130e+06   1.7000000e+01
   2.8613170e+06   1.7000000e+01
   2.8997360e+06   1.7000000e+01
   2.9405070e+06   1.8000000e+01
   2.9406990e+06   1.8000000e+01
   2.9407740e+06   1.8000000e+01
   2.9408980e+06   1.9000000e+01
   2.9410520e+06   2.0000000e+01
   2.9410870e+06   2.0000000e+01
   2.9411520e+06   2.0000000e+01
   2.9412250e+06   2.0000000e+01
   2.9413070e+06   2.3000000e+01
   2.9413500e+06   2.1000000e+01
   2.9414170e+06   2.5000000e+01
   2.9415230e+06   2.2000000e+01
   2.9416680e+06   1.7000000e+01
   2.9417390e+06   2.2000000e+01
   2.9417910e+06   2.8000000e+01
   2.9418550e+06   1.9000000e+01
   2.9419420e+06   1.9000000e+01
   2.9419840e+06   2.7000000e+01
   2.9420250e+06   1.8000000e+01
   2.9421800e+06   1.8000000e+01
   2.9423580e+06   1.7000000e+01
   2.9424140e+06   2.2000000e+01
   2.9425230e+06   2.0000000e+01
   2.9425560e+06   2.0000000e+01
   2.9426480e+06   2.2000000e+01
   2.9427780e+06   1.8000000e+01
   2.9428080e+06   1.8000000e+01
   2.9428820e+06   2.0000000e+01
   2.9429220e+06   2.0000000e+01
   2.9429960e+06   2.6000000e+01
   2.9430790e+06   1.8000000e+01
   2.9431130e+06   1.9000000e+01
   2.9432090e+06   3.0000000e+01
   2.9432430e+06   1.9000000e+01
   2.9433740e+06   1.8000000e+01
   2.9434520e+06   2.0000000e+01
   2.9436400e+06   2.1000000e+01
   2.9440470e+06   1.7000000e+01
   2.9442240e+06   2.3000000e+01
   2.9442690e+06   2.5000000e+01
   2.9443160e+06   1.9000000e+01
   2.9448360e+06   2.0000000e+01
   2.9449750e+06   1.7000000e+01
   2.9450980e+06   1.8000000e+01
   2.9452810e+06   2.1000000e+01
   2.9454700e+06   2.0000000e+01
   2.9455040e+06   1.8000000e+01
   2.9459670e+06   1.7000000e+01
   2.9460450e+06   1.8000000e+01
   2.9462110e+06   2.0000000e+01
   2.9462520e+06   1.7000000e+01
   2.9466650e+06   1.9000000e+01
   2.9471250e+06   1.8000000e+01
   2.9472500e+06   1.7000000e+01
   2.9474650e+06   1.7000000e+01
   2.9495560e+06   2.1000000e+01
   2.9504760e+06   1.8000000e+01
   2.9518020e+06   1.8000000e+01
   2.9519760e+06   1.9000000e+01
   2.9522920e+06   1.7000000e+01
   2.9531980e+06   1.7000000e+01
   2.9532580e+06   1.8000000e+01
   2.9568660e+06   1.8000000e+01
   2.9596030e+06   1.7000000e+01
   2.9600730e+06   1.7000000e+01
   2.9603880e+06   1.8000000e+01
   2.9604450e+06   2.1000000e+01
   2.9605380e+06   1.7000000e+01
   2.9609390e+06   1.9000000e+01
   2.9614370e+06   1.7000000e+01
   2.9618370e+06   1.7000000e+01
   2.9630810e+06   2.2000000e+01
   2.9632750e+06   1.8000000e+01
   2.9639700e+06   2.0000000e+01
   2.9641350e+06   1.7000000e+01
   2.9647220e+06   1.7000000e+01
   2.9658400e+06   1.8000000e+01
   2.9675730e+06   1.8000000e+01
   2.9683220e+06   1.7000000e+01
   2.9684660e+06   1.8000000e+01
   2.9687090e+06   1.9000000e+01
   2.9741490e+06   1.7000000e+01
   3.1636930e+06   1.7000000e+01
   3.1642230e+06   1.8000000e+01
   3.1656210e+06   1.8000000e+01
   3.1664490e+06   1.7000000e+01
   3.1667730e+06   1.8000000e+01
   3.1669570e+06   1.7000000e+01
   3.1670400e+06   1.8000000e+01
   3.1671190e+06   1.8000000e+01
   3.1672030e+06   1.8000000e+01
   3.1672810e+06   1.7000000e+01
   3.1674010e+06   1.9000000e+01
   3.1674400e+06   1.8000000e+01
   3.1678450e+06   2.1000000e+01
   3.1679640e+06   1.8000000e+01
   3.1680660e+06   1.7000000e+01
   3.1682840e+06   2.8000000e+01
   3.1683500e+06   3.5000000e+01
   3.1683920e+06   2.6000000e+01
   3.1685610e+06   1.7000000e+01
   3.1686920e+06   1.7000000e+01
   3.1688920e+06   1.8000000e+01
   3.1691770e+06   1.7000000e+01
   3.1692100e+06   2.1000000e+01
   3.1692960e+06   2.2000000e+01
   3.1699740e+06   1.8000000e+01
   3.1700170e+06   2.4000000e+01
   3.1701240e+06   1.9000000e+01
   3.1704120e+06   2.1000000e+01
   3.1709350e+06   1.7000000e+01
   3.1713520e+06   1.8000000e+01
   3.1714550e+06   1.9000000e+01
   3.1715240e+06   1.8000000e+01
   3.1716620e+06   2.0000000e+01
   3.1723650e+06   1.8000000e+01
   3.1726590e+06   1.7000000e+01
   3.1729770e+06   1.7000000e+01
   3.1746840e+06   2.7000000e+01
   3.1750730e+06   1.7000000e+01
   3.1763260e+06   1.7000000e+01
   3.1770350e+06   1.7000000e+01
   3.1801770e+06   1.7000000e+01
   3.1803150e+06   1.8000000e+01
   3.6614570e+06   1.7000000e+01
   3.6628800e+06   2.0000000e+01
   3.6632640e+06   1.7000000e+01
   3.6633380e+06   1.8000000e+01
   3.6639400e+06   2.4000000e+01
   3.6640560e+06   2.0000000e+01
   3.6641390e+06   2.1000000e+01
   3.6642320e+06   1.8000000e+01
   3.6642810e+06   2.7000000e+01
   3.6645130e+06   1.9000000e+01
   3.6645420e+06   1.8000000e+01
   3.6647200e+06   1.7000000e+01
   3.6648770e+06   2.3000000e+01
   3.6649370e+06   2.6000000e+01
   3.6651320e+06   2.5000000e+01
   3.6653310e+06   2.1000000e+01
   3.6653670e+06   1.7000000e+01
   3.6654550e+06   2.4000000e+01
   3.6655240e+06   2.0000000e+01
   3.6656010e+06   2.1000000e+01
   3.6656400e+06   2.1000000e+01
   3.6656840e+06   1.8000000e+01
   3.6658440e+06   2.4000000e+01
   3.6659020e+06   1.7000000e+01
   3.6661180e+06   1.8000000e+01
   3.6662410e+06   1.9000000e+01
   3.6663090e+06   1.8000000e+01
   3.6664230e+06   2.0000000e+01
   3.6665160e+06   1.8000000e+01
   3.6666990e+06   2.4000000e+01
   3.6670950e+06   1.7000000e+01
   3.6671980e+06   1.9000000e+01
   3.6672270e+06   2.1000000e+01
   3.6672900e+06   1.7000000e+01
   3.6673460e+06   1.7000000e+01
   3.6674190e+06   1.9000000e+01
   3.6676330e+06   1.9000000e+01
   3.6681240e+06   1.8000000e+01
   3.6685370e+06   1.7000000e+01
   3.6685780e+06   2.1000000e+01
   3.6691500e+06   1.7000000e+01
   3.6697270e+06   1.7000000e+01
   3.6705600e+06   1.7000000e+01
   3.6714100e+06   1.7000000e+01
   3.6731970e+06   1.7000000e+01
   3.6733260e+06   2.1000000e+01
   3.6736060e+06   1.7000000e+01
   3.6748260e+06   2.0000000e+01
   3.6763540e+06   1.9000000e+01
   3.6800660e+06   1.8000000e+01
   3.6823280e+06   1.9000000e+01
   3.6857030e+06   1.7000000e+01
   3.6860610e+06   2.4000000e+01
   3.6881950e+06   1.9000000e+01
   3.6887650e+06   1.7000000e+01
   3.6896980e+06   1.7000000e+01
   3.6908300e+06   1.9000000e+01
   3.6908700e+06   2.3000000e+01
   3.6910730e+06   1.8000000e+01
   3.6912500e+06   2.2000000e+01
   3.6916550e+06   1.7000000e+01
   3.6918530e+06   1.9000000e+01
   3.6921330e+06   1.8000000e+01
   3.6923190e+06   1.7000000e+01
   3.6923970e+06   1.9000000e+01
   3.6926630e+06   1.8000000e+01
   3.6934160e+06   1.9000000e+01
   3.6934590e+06   2.1000000e+01
   3.6935990e+06   1.8000000e+01
   3.6937600e+06   2.1000000e+01
   3.6944220e+06   1.9000000e+01
   3.6951310e+06   2.2000000e+01
   3.6954410e+06   1.7000000e+01
   3.6955050e+06   2.6000000e+01
   3.6959480e+06   2.1000000e+01
   3.6966190e+06   1.7000000e+01
   3.6968050e+06   1.7000000e+01
   3.6970250e+06   1.7000000e+01
   3.6992730e+06   1.7000000e+01
   3.7005330e+06   1.7000000e+01
   3.7046750e+06   1.7000000e+01
   3.8780670e+06   2.1000000e+01
   3.8783140e+06   1.8000000e+01
   3.8784300e+06   1.7000000e+01
   3.8787750e+06   1.7000000e+01
   3.8790260e+06   2.1000000e+01
   3.8791260e+06   1.9000000e+01
   3.8797250e+06   1.7000000e+01
   3.8799590e+06   1.7000000e+01
   3.8800650e+06   1.8000000e+01
   3.8801360e+06   1.9000000e+01
   3.8802200e+06   1.8000000e+01
   3.8802810e+06   3.2000000e+01
   3.8804150e+06   1.7000000e+01
   3.8805420e+06   1.7000000e+01
   3.8805780e+06   1.7000000e+01
   3.8806600e+06   1.8000000e+01
   3.8808230e+06   2.4000000e+01
   3.8808690e+06   2.0000000e+01
   3.8809220e+06   2.2000000e+01
   3.8811280e+06   1.9000000e+01
   3.8812900e+06   1.9000000e+01
   3.8813510e+06   1.7000000e+01
   3.8814260e+06   1.8000000e+01
   3.8815130e+06   1.7000000e+01
   3.8815940e+06   1.7000000e+01
   3.8817480e+06   1.8000000e+01
   3.8818620e+06   1.9000000e+01
   3.8820920e+06   2.0000000e+01
   3.8825750e+06   1.8000000e+01
   3.8827140e+06   1.7000000e+01
   3.8829250e+06   1.7000000e+01
   3.8830320e+06   1.7000000e+01
   3.8830850e+06   1.7000000e+01
   3.8833370e+06   1.7000000e+01
   3.8835820e+06   1.9000000e+01
   3.8841080e+06   2.5000000e+01
   3.8841880e+06   1.7000000e+01
   3.8854400e+06   1.8000000e+01
   3.8858960e+06   1.9000000e+01
   3.8878950e+06   1.7000000e+01
   3.8892200e+06   1.7000000e+01
   3.8893710e+06   1.7000000e+01
   3.8910080e+06   1.8000000e+01
   3.8915390e+06   1.8000000e+01
   3.9097040e+06   1.8000000e+01
   4.1806570e+06   1.7000000e+01
   4.1810260e+06   1.7000000e+01
   4.1810610e+06   2.1000000e+01
   4.1814740e+06   1.9000000e+01
   4.1818830e+06   2.1000000e+01
   4.1819360e+06   1.8000000e+01
   4.1819810e+06   2.0000000e+01
   4.1820740e+06   3.0000000e+01
   4.1822200e+06   1.7000000e+01
   4.1822810e+06   2.1000000e+01
   4.1823540e+06   2.2000000e+01
   4.1825700e+06   2.0000000e+01
   4.1826360e+06   2.5000000e+01
   4.1826610e+06   2.3000000e+01
   4.1827290e+06   2.0000000e+01
   4.1828690e+06   1.7000000e+01
   4.1829310e+06   1.7000000e+01
   4.1829840e+06   2.3000000e+01
   4.1830940e+06   1.7000000e+01
   4.1832400e+06   2.3000000e+01
   4.1832850e+06   1.7000000e+01
   4.1834310e+06   2.3000000e+01
   4.1835160e+06   2.5000000e+01
   4.1835480e+06   1.7000000e+01
   4.1836120e+06   1.7000000e+01
   4.1836860e+06   1.8000000e+01
   4.1837420e+06   1.7000000e+01
   4.1838260e+06   2.1000000e+01
   4.1839790e+06   1.9000000e+01
   4.1840270e+06   1.7000000e+01
   4.1842280e+06   1.8000000e+01
   4.1847050e+06   1.7000000e+01
   4.1847320e+06   2.4000000e+01
   4.1848140e+06   2.1000000e+01
   4.1848570e+06   2.1000000e+01
   4.1848860e+06   2.0000000e+01
   4.1853270e+06   1.9000000e+01
   4.1853790e+06   1.7000000e+01
   4.1854490e+06   1.7000000e+01
   4.1859300e+06   1.8000000e+01
   4.1859700e+06   1.7000000e+01
   4.1861780e+06   1.7000000e+01
   4.1865430e+06   1.9000000e+01
   4.1866900e+06   1.7000000e+01
   4.1870870e+06   1.7000000e+01
   4.1873990e+06   1.7000000e+01
   4.1874510e+06   2.0000000e+01
   4.1883760e+06   1.9000000e+01
   4.1887840e+06   1.7000000e+01
   4.1888950e+06   2.1000000e+01
   4.1897190e+06   1.7000000e+01
   4.1905620e+06   2.0000000e+01
   4.1906690e+06   1.8000000e+01
   4.1907890e+06   1.8000000e+01
   4.1923200e+06   2.2000000e+01
   4.1923850e+06   1.7000000e+01
   4.1937290e+06   2.0000000e+01
   4.1962510e+06   1.9000000e+01
   4.1982330e+06   1.8000000e+01
   4.2000020e+06   1.9000000e+01
   4.2040670e+06   1.8000000e+01
   4.2090820e+06   2.3000000e+01
   4.4564970e+06   2.0000000e+01
   4.4566630e+06   1.7000000e+01
   4.4568700e+06   2.2000000e+01
   4.4572010e+06   1.7000000e+01
   4.4588150e+06   1.9000000e+01
   4.4590960e+06   1.8000000e+01
   4.4591490e+06   3.0000000e+01
   4.4592400e+06   1.8000000e+01
   4.4593040e+06   2.5000000e+01
   4.4593580e+06   2.2000000e+01
   4.4595300e+06   2.0000000e+01
   4.4595980e+06   2.1000000e+01
   4.4597840e+06   1.7000000e+01
   4.4598310e+06   1.7000000e+01
   4.4599400e+06   2.0000000e+01
   4.4601200e+06   1.7000000e+01
   4.4602540e+06   1.8000000e+01
   4.4602950e+06   1.7000000e+01
   4.4603870e+06   1.8000000e+01
   4.4605050e+06   2.3000000e+01
   4.4605500e+06   2.6000000e+01
   4.4606010e+06   1.7000000e+01
   4.4607900e+06   1.8000000e+01
   4.4608250e+06   1.7000000e+01
   4.4609360e+06   1.8000000e+01
   4.4609730e+06   1.7000000e+01
   4.4610830e+06   1.8000000e+01
   4.4614110e+06   2.1000000e+01
   4.4615160e+06   2.9000000e+01
   4.4616600e+06   1.7000000e+01
   4.4625080e+06   1.7000000e+01
   4.4626560e+06   1.7000000e+01
   4.4634210e+06   1.7000000e+01
   4.4635240e+06   2.3000000e+01
   4.4647040e+06   1.8000000e+01
   4.4656430e+06   2.1000000e+01
   4.4658520e+06   1.9000000e+01
   4.4671920e+06   1.8000000e+01
   4.4674050e+06   1.7000000e+01
   4.4684880e+06   1.8000000e+01
   4.4690280e+06   1.8000000e+01
   4.4693570e+06   1.8000000e+01
   4.4711150e+06   1.9000000e+01
   4.4717490e+06   1.7000000e+01
   4.4726140e+06   1.7000000e+01
   4.9711980e+06   2.0000000e+01
   4.9715500e+06   1.7000000e+01
   4.9716590e+06   2.0000000e+01
   4.9718550e+06   2.1000000e+01
   4.9720880e+06   2.0000000e+01
   4.9721580e+06   1.9000000e+01
   4.9722000e+06   1.8000000e+01
   4.9723730e+06   1.9000000e+01
   4.9724880e+06   2.8000000e+01
   4.9725250e+06   2.5000000e+01
   4.9726710e+06   1.9000000e+01
   4.9727170e+06   2.1000000e+01
   4.9728780e+06   1.7000000e+01
   4.9729200e+06   1.8000000e+01
   4.9729990e+06   1.8000000e+01
   4.9730420e+06   1.9000000e+01
   4.9730900e+06   2.1000000e+01
   4.9731390e+06   2.7000000e+01
   4.9732270e+06   2.3000000e+01
   4.9734060e+06   1.9000000e+01
   4.9734780e+06   2.3000000e+01
   4.9735870e+06   2.6000000e+01
   4.9736280e+06   1.8000000e+01
   4.9736830e+06   3.4000000e+01
   4.9737700e+06   2.2000000e+01
   4.9738200e+06   1.9000000e+01
   4.9738860e+06   1.7000000e+01
   4.9739930e+06   1.9000000e+01
   4.9741330e+06   1.8000000e+01
   4.9741850e+06   1.9000000e+01
   4.9742250e+06   1.7000000e+01
   4.9744020e+06   1.7000000e+01
   4.9745440e+06   1.9000000e+01
   4.9746240e+06   2.0000000e+01
   4.9749090e+06   1.9000000e+01
   4.9750360e+06   1.9000000e+01
   4.9751270e+06   1.9000000e+01
   4.9752950e+06   1.8000000e+01
   4.9754160e+06   1.8000000e+01
   4.9755900e+06   1.9000000e+01
   4.9756230e+06   1.8000000e+01
   4.9759520e+06   2.0000000e+01
   4.9760790e+06   1.7000000e+01
   4.9763880e+06   1.7000000e+01
   4.9764280e+06   1.8000000e+01
   4.9765130e+06   1.7000000e+01
   4.9770670e+06   1.7000000e+01
   4.9771370e+06   1.9000000e+01
   4.9773980e+06   1.7000000e+01
   4.9774230e+06   1.7000000e+01
   4.9777440e+06   1.7000000e+01
   4.9784920e+06   1.8000000e+01
   4.9807160e+06   2.0000000e+01
   4.9810670e+06   1.7000000e+01
   4.9813320e+06   1.7000000e+01
   4.9853650e+06   2.2000000e+01
   4.9861810e+06   1.9000000e+01
   4.9868660e+06   2.1000000e+01
   4.9873940e+06   1.7000000e+01
   4.9879380e+06   2.2000000e+01
   4.9882330e+06   2.0000000e+01
   4.9888950e+06   1.7000000e+01
   4.9889330e+06   1.7000000e+01
   4.9904130e+06   1.7000000e+01
   4.9908390e+06   1.7000000e+01
   4.9947890e+06   1.7000000e+01
   4.9951000e+06   1.7000000e+01
   4.9958930e+06   1.7000000e+01
   5.0545880e+06   1.7000000e+01
   5.4244450e+06   2.1000000e+01
   5.4246340e+06   2.0000000e+01
   5.4249110e+06   1.8000000e+01
   5.4251010e+06   2.2000000e+01
   5.4251730e+06   2.0000000e+01
   5.4253060e+06   2.2000000e+01
   5.4254280e+06   2.3000000e+01
   5.4255820e+06   1.7000000e+01
   5.4256430e+06   1.7000000e+01
   5.4257160e+06   2.1000000e+01
   5.4259890e+06   2.4000000e+01
   5.4260360e+06   2.1000000e+01
   5.4260740e+06   1.9000000e+01
   5.4261510e+06   3.8000000e+01
   5.4262270e+06   4.1000000e+01
   5.4264060e+06   1.7000000e+01
   5.4265200e+06   2.1000000e+01
   5.4265700e+06   1.8000000e+01
   5.4266800e+06   2.0000000e+01
   5.4267110e+06   2.6000000e+01
   5.4267940e+06   2.2000000e+01
   5.4268660e+06   1.8000000e+01
   5.4269060e+06   1.9000000e+01
   5.4270810e+06   2.4000000e+01
   5.4273970e+06   1.9000000e+01
   5.4277580e+06   1.7000000e+01
   5.4282420e+06   1.9000000e+01
   5.4283080e+06   1.7000000e+01
   5.4284360e+06   1.9000000e+01
   5.4288280e+06   2.2000000e+01
   5.4289500e+06   1.7000000e+01
   5.4292560e+06   1.7000000e+01
   5.4294240e+06   2.0000000e+01
   5.4300250e+06   1.9000000e+01
   5.4313150e+06   2.1000000e+01
   5.4314520e+06   1.9000000e+01
   5.4314790e+06   1.7000000e+01
   5.4349150e+06   1.8000000e+01
   5.4350100e+06   1.8000000e+01
   5.4371210e+06   1.9000000e+01
   5.4373080e+06   1.9000000e+01
   5.4375890e+06   1.7000000e+01
   5.4376470e+06   2.4000000e+01
   5.4377780e+06   1.8000000e+01
   5.4381320e+06   1.7000000e+01
   5.4389210e+06   1.8000000e+01
   5.4389920e+06   1.8000000e+01
   5.4391030e+06   1.8000000e+01
   5.4400660e+06   1.9000000e+01
   5.4401770e+06   1.8000000e+01
   5.4405120e+06   1.7000000e+01
   5.4405740e+06   1.7000000e+01
   5.4411780e+06   2.1000000e+01
   5.4433580e+06   1.7000000e+01
   5.4447990e+06   1.7000000e+01
   5.4450170e+06   1.9000000e+01
   5.4452330e+06   1.7000000e+01
   5.4457760e+06   1.8000000e+01
   5.4467510e+06   1.7000000e+01
   5.4469800e+06   1.7000000e+01
   5.4482490e+06   1.9000000e+01
   5.4501040e+06   1.7000000e+01
   5.4505680e+06   2.0000000e+01
   5.4523000e+06   1.7000000e+01
   5.4974040e+06   1.7000000e+01
   5.6004320e+06   1.7000000e+01
   5.6011490e+06   1.9000000e+01
   5.6027730e+06   1.8000000e+01
   5.6028300e+06   2.4000000e+01
   5.6034390e+06   1.7000000e+01
   5.6035040e+06   1.8000000e+01
   5.6036800e+06   2.0000000e+01
   5.6038930e+06   1.8000000e+01
   5.6040620e+06   1.7000000e+01
   5.6040980e+06   2.3000000e+01
   5.6043850e+06   1.8000000e+01
   5.6044800e+06   2.9000000e+01
   5.6045930e+06   2.0000000e+01
   5.6046400e+06   2.2000000e+01
   5.6046940e+06   1.9000000e+01
   5.6047320e+06   2.0000000e+01
   5.6049900e+06   1.8000000e+01
   5.6050690e+06   2.3000000e+01
   5.6051330e+06   1.7000000e+01
   5.6052240e+06   2.4000000e+01
   5.6054650e+06   2.0000000e+01
   5.6055470e+06   1.8000000e+01
   5.6055890e+06   2.0000000e+01
   5.6058120e+06   2.6000000e+01
   5.6058520e+06   2.4000000e+01
   5.6064400e+06   1.7000000e+01
   5.6066190e+06   2.0000000e+01
   5.6066450e+06   1.8000000e+01
   5.6068130e+06   1.9000000e+01
   5.6074280e+06   2.1000000e+01
   5.6075180e+06   2.1000000e+01
   5.6075860e+06   1.8000000e+01
   5.6081690e+06   1.7000000e+01
   5.6094200e+06   2.2000000e+01
   5.6095030e+06   1.7000000e+01
   5.6131690e+06   2.1000000e+01
   5.6162500e+06   2.3000000e+01
   6.2140760e+06   1.8000000e+01
   6.2142150e+06   2.4000000e+01
   6.2143820e+06   1.9000000e+01
   6.2152050e+06   1.8000000e+01
   6.2152360e+06   1.9000000e+01
   6.2153050e+06   1.9000000e+01
   6.2153730e+06   2.3000000e+01
   6.2154190e+06   1.9000000e+01
   6.2155420e+06   2.3000000e+01
   6.2157290e+06   1.9000000e+01
   6.2157670e+06   2.3000000e+01
   6.2158470e+06   2.1000000e+01
   6.2158770e+06   1.8000000e+01
   6.2159690e+06   3.3000000e+01
   6.2160270e+06   2.3000000e+01
   6.2162010e+06   2.0000000e+01
   6.2162620e+06   2.5000000e+01
   6.2163390e+06   2.2000000e+01
   6.2163730e+06   1.7000000e+01
   6.2164790e+06   1.8000000e+01
   6.2165860e+06   2.4000000e+01
   6.2166770e+06   2.8000000e+01
   6.2167380e+06   2.0000000e+01
   6.2168060e+06   2.3000000e+01
   6.2170520e+06   2.1000000e+01
   6.2170930e+06   2.0000000e+01
   6.2172990e+06   2.0000000e+01
   6.2174330e+06   1.9000000e+01
   6.2175200e+06   1.7000000e+01
   6.2176060e+06   3.5000000e+01
   6.2178560e+06   1.7000000e+01
   6.2179000e+06   1.8000000e+01
   6.2179730e+06   2.1000000e+01
   6.2181420e+06   2.1000000e+01
   6.2183700e+06   2.1000000e+01
   6.2187050e+06   1.7000000e+01
   6.2187910e+06   2.0000000e+01
   6.2189100e+06   1.7000000e+01
   6.2193170e+06   1.7000000e+01
   6.2195280e+06   1.7000000e+01
   6.2198050e+06   1.7000000e+01
   6.2202260e+06   2.0000000e+01
   6.2205370e+06   1.7000000e+01
   6.2208850e+06   1.9000000e+01
   6.2211420e+06   1.9000000e+01
   6.2211750e+06   1.9000000e+01
   6.2220990e+06   1.9000000e+01
   6.2224420e+06   1.7000000e+01
   6.2225640e+06   1.8000000e+01
   6.2230910e+06   1.9000000e+01
   6.2237190e+06   1.8000000e+01
   6.2268300e+06   1.7000000e+01
   6.2273550e+06   2.1000000e+01
   6.2277960e+06   1.7000000e+01
   6.2280920e+06   1.7000000e+01
   6.2284550e+06   2.0000000e+01
   6.2290850e+06   1.7000000e+01
   6.2322830e+06   1.8000000e+01
   6.2326770e+06   1.9000000e+01
   6.2374580e+06   1.9000000e+01
   6.2375150e+06   2.0000000e+01
   6.2380800e+06   1.7000000e+01
   6.4869250e+06   1.7000000e+01
   6.6664240e+06   1.8000000e+01
   6.6665400e+06   2.4000000e+01
   6.6666100e+06   2.7000000e+01
   6.6667180e+06   1.7000000e+01
   6.6667560e+06   2.4000000e+01
   6.6668350e+06   2.2000000e+01
   6.6668660e+06   1.7000000e+01
   6.6669090e+06   1.9000000e+01
   6.6669950e+06   1.9000000e+01
   6.6670400e+06   1.7000000e+01
   6.6671550e+06   1.8000000e+01
   6.6672100e+06   1.7000000e+01
   6.6672550e+06   1.7000000e+01
   6.6673140e+06   2.5000000e+01
   6.6675060e+06   1.8000000e+01
   6.6676100e+06   1.9000000e+01
   6.6677660e+06   1.9000000e+01
   6.6679580e+06   1.8000000e+01
   6.6680080e+06   1.7000000e+01
   6.6680660e+06   2.4000000e+01
   6.6682220e+06   2.1000000e+01
   6.6682720e+06   2.2000000e+01
   6.6683250e+06   1.9000000e+01
   6.6683950e+06   2.1000000e+01
   6.6684570e+06   1.9000000e+01
   6.6685200e+06   1.9000000e+01
   6.6686000e+06   2.3000000e+01
   6.6686590e+06   2.1000000e+01
   6.6688700e+06   1.9000000e+01
   6.6690390e+06   1.8000000e+01
   6.6690760e+06   1.7000000e+01
   6.6692020e+06   1.7000000e+01
   6.6692890e+06   1.7000000e+01
   6.6693710e+06   2.7000000e+01
   6.6694300e+06   1.7000000e+01
   6.6694960e+06   2.0000000e+01
   6.6696960e+06   1.9000000e+01
   6.6698010e+06   2.0000000e+01
   6.6698480e+06   2.1000000e+01
   6.6701150e+06   1.7000000e+01
   6.6701480e+06   1.7000000e+01
   6.6704430e+06   1.8000000e+01
   6.6705980e+06   1.7000000e+01
   6.6706540e+06   1.9000000e+01
   6.6708130e+06   1.7000000e+01
   6.6709810e+06   1.9000000e+01
   6.6712670e+06   1.7000000e+01
   6.6716370e+06   2.0000000e+01
   6.6717090e+06   2.1000000e+01
   6.6718140e+06   1.7000000e+01
   6.6720850e+06   1.8000000e+01
   6.6728250e+06   1.9000000e+01
   6.6729130e+06   1.9000000e+01
   6.6750240e+06   2.2000000e+01
   6.6765550e+06   1.8000000e+01
   6.6782250e+06   1.9000000e+01
   6.6793710e+06   1.7000000e+01
   6.6801240e+06   1.7000000e+01
   6.6807480e+06   2.3000000e+01
   6.6887670e+06   1.8000000e+01
   7.2738950e+06   1.9000000e+01
   7.3386030e+06   1.8000000e+01
   7.3600690e+06   1.9000000e+01
   7.3602450e+06   2.2000000e+01
   7.3604510e+06   1.9000000e+01
   7.3606280e+06   1.7000000e+01
   7.3608130e+06   1.8000000e+01
   7.3608500e+06   2.5000000e+01
   7.3608940e+06   2.4000000e+01
   7.3609450e+06   2.6000000e+01
   7.3610140e+06   2.0000000e+01
   7.3610750e+06   1.9000000e+01
   7.3611120e+06   1.8000000e+01
   7.3612640e+06   2.4000000e+01
   7.3614870e+06   1.8000000e+01
   7.3616800e+06   1.8000000e+01
   7.3617050e+06   3.0000000e+01
   7.3617660e+06   1.9000000e+01
   7.3618710e+06   1.7000000e+01
   7.3619110e+06   2.0000000e+01
   7.3619850e+06   2.2000000e+01
   7.3620700e+06   2.5000000e+01
   7.3621420e+06   2.3000000e+01
   7.3622260e+06   1.9000000e+01
   7.3622690e+06   1.7000000e+01
   7.3627220e+06   2.1000000e+01
   7.3627780e+06   2.5000000e+01
   7.3628510e+06   2.0000000e+01
   7.3630360e+06   1.9000000e+01
   7.3634200e+06   2.2000000e+01
   7.3636170e+06   1.7000000e+01
   7.3637660e+06   1.9000000e+01
   7.3638430e+06   1.8000000e+01
   7.3639180e+06   1.7000000e+01
   7.3639950e+06   1.8000000e+01
   7.3642450e+06   1.7000000e+01
   7.3643230e+06   1.7000000e+01
   7.3643620e+06   2.0000000e+01
   7.3648230e+06   2.1000000e+01
   7.3651830e+06   1.7000000e+01
   7.3653830e+06   1.7000000e+01
   7.3657360e+06   1.8000000e+01
   7.3668040e+06   1.8000000e+01
   7.3671350e+06   1.7000000e+01
   7.3676500e+06   1.8000000e+01
   7.3681030e+06   1.8000000e+01
   7.3683050e+06   1.7000000e+01
   7.3687130e+06   1.7000000e+01
   7.3706990e+06   1.7000000e+01
   7.3720280e+06   1.7000000e+01
   7.3735260e+06   2.3000000e+01
   7.3741500e+06   1.8000000e+01
   7.3742080e+06   1.7000000e+01
   7.3747090e+06   2.3000000e+01
   7.3747700e+06   1.8000000e+01
   7.3749200e+06   1.8000000e+01
   7.3756890e+06   1.7000000e+01
   7.3769810e+06   1.7000000e+01
   7.3778780e+06   1.9000000e+01
   7.3780080e+06   1.8000000e+01
   7.3790890e+06   1.7000000e+01
   7.3791870e+06   2.4000000e+01
   7.3792500e+06   1.7000000e+01
   7.3797700e+06   2.1000000e+01
   7.3818930e+06   1.8000000e+01
   7.3844030e+06   1.8000000e+01
   7.3865230e+06   1.7000000e+01
   7.3929160e+06   1.9000000e+01
