   7.5000000e+06   0.0000000e+00
   1.0389700e+05   1.6000000e+01
   1.0447400e+05   1.6000000e+01
   1.0530300e+05   1.6000000e+01
   1.0576300e+05   1.6000000e+01
   1.0598400e+05   1.6000000e+01
   1.0617200e+05   2.6000000e+01
   1.0627700e+05   1.8000000e+01
   1.0633900e+05   1.6000000e+01
   1.0646100e+05   2.0000000e+01
   1.0661800e+05   1.8000000e+01
   1.0665300e+05   1.6000000e+01
   1.0673900e+05   1.7000000e+01
   1.0681700e+05   2.3000000e+01
   1.0690100e+05   2.9000000e+01
   1.0694500e+05   1.8000000e+01
   1.0709500e+05   1.7000000e+01
   1.0714600e+05   1.9000000e+01
   1.0719600e+05   1.6000000e+01
   1.0729800e+05   2.8000000e+01
   1.0738800e+05   2.4000000e+01
   1.0744100e+05   2.3000000e+01
   1.0747500e+05   3.7000000e+01
   1.0753600e+05   1.6000000e+01
   1.0758900e+05   1.6000000e+01
   1.0768500e+05   2.4000000e+01
   1.0771400e+05   1.7000000e+01
   1.0774700e+05   2.3000000e+01
   1.0782700e+05   2.2000000e+01
   1.0789200e+05   1.7000000e+01
   1.0792900e+05   2.4000000e+01
   1.0796400e+05   3.2000000e+01
   1.0802000e+05   1.8000000e+01
   1.0805700e+05   1.6000000e+01
   1.0816100e+05   2.6000000e+01
   1.0820700e+05   2.0000000e+01
   1.0833700e+05   1.6000000e+01
   1.0842800e+05   1.6000000e+01
   1.0853100e+05   2.8000000e+01
   1.0860700e+05   3.2000000e+01
   1.0867800e+05   1.9000000e+01
   1.0873500e+05   1.8000000e+01
   1.0880900e+05   2.4000000e+01
   1.0884600e+05   3.0000000e+01
   1.0895900e+05   1.8000000e+01
   1.0904900e+05   1.9000000e+01
   1.0915700e+05   2.1000000e+01
   1.0920500e+05   1.7000000e+01
   1.0928500e+05   1.6000000e+01
   1.0937500e+05   1.8000000e+01
   1.0941300e+05   1.8000000e+01
   1.0947300e+05   1.9000000e+01
   1.0955700e+05   1.8000000e+01
   1.0969700e+05   2.4000000e+01
   1.0973800e+05   1.8000000e+01
   1.0994800e+05   1.9000000e+01
   1.1003700e+05   2.1000000e+01
   1.1008500e+05   2.2000000e+01
   1.1014200e+05   1.8000000e+01
   1.1028500e+05   1.6000000e+01
   1.1036500e+05   1.9000000e+01
   1.1061200e+05   1.8000000e+01
   1.1074900e+05   1.6000000e+01
   1.1081900e+05   1.7000000e+01
   1.1086000e+05   1.8000000e+01
   1.1091800e+05   2.1000000e+01
   1.1100000e+05   1.6000000e+01
   1.1116700e+05   1.7000000e+01
   1.1157600e+05   1.6000000e+01
   1.1164300e+05   3.5000000e+01
   1.1167600e+05   3.2000000e+01
   1.1176900e+05   1.6000000e+01
   1.1210100e+05   1.9000000e+01
   1.1214200e+05   1.6000000e+01
   1.1264600e+05   1.6000000e+01
   1.1286500e+05   1.7000000e+01
   1.1289500e+05   1.6000000e+01
   1.1369300e+05   1.7000000e+01
   1.1414800e+05   2.3000000e+01
   1.1418100e+05   2.6000000e+01
   1.1607400e+05   1.6000000e+01
   1.1849200e+05   1.6000000e+01
   1.1929700e+05   2.3000000e+01
   1.2087800e+05   1.6000000e+01
   1.2193100e+05   2.3000000e+01
   1.2356300e+05   1.6000000e+01
   1.2364400e+05   2.5000000e+01
   1.2427800e+05   2.0000000e+01
   1.2434400e+05   1.9000000e+01
   1.2858500e+05   1.7000000e+01
   1.2907700e+05   1.9000000e+01
   1.3059300e+05   2.4000000e+01
   2.9931000e+05   1.9000000e+01
   2.9950400e+05   2.0000000e+01
   2.9953300e+05   2.1000000e+01
   2.9966500e+05   1.8000000e+01
   2.9971200e+05   1.8000000e+01
   2.9980800e+05   2.1000000e+01
   2.9987300e+05   1.7000000e+01
   2.9993200e+05   1.7000000e+01
   2.9999000e+05   2.4000000e+01
   3.0002200e+05   3.7000000e+01
   3.0008600e+05   2.3000000e+01
   3.0024700e+05   2.0000000e+01
   3.0028100e+05   1.9000000e+01
   3.0033600e+05   2.8000000e+01
   3.0042100e+05   2.5000000e+01
   3.0050000e+05   2.2000000e+01
   3.0054400e+05   1.9000000e+01
   3.0062000e+05   1.8000000e+01
   3.0071700e+05   2.0000000e+01
   3.0078300e+05   3.4000000e+01
   3.0085700e+05   4.0000000e+01
   3.0090200e+05   3.3000000e+01
   3.0095000e+05   2.3000000e+01
   3.0108800e+05   1.9000000e+01
   3.0113600e+05   2.5000000e+01
   3.0119100e+05   2.2000000e+01
   3.0124700e+05   1.6000000e+01
   3.0134700e+05   2.0000000e+01
   3.0142800e+05   1.9000000e+01
   3.0154400e+05   1.7000000e+01
   3.0158600e+05   2.8000000e+01
   3.0162300e+05   1.6000000e+01
   3.0168400e+05   2.2000000e+01
   3.0175800e+05   1.6000000e+01
   3.0179600e+05   1.9000000e+01
   3.0184600e+05   2.4000000e+01
   3.0191400e+05   1.9000000e+01
   3.0211600e+05   2.0000000e+01
   3.0228900e+05   1.6000000e+01
   3.0237200e+05   1.6000000e+01
   3.0245900e+05   1.7000000e+01
   3.0249300e+05   1.7000000e+01
   3.0256800e+05   2.4000000e+01
   3.0276200e+05   1.6000000e+01
   3.0297600e+05   2.2000000e+01
   3.0301800e+05   2.0000000e+01
   3.0310800e+05   2.0000000e+01
   3.0333100e+05   2.3000000e+01
   3.0339100e+05   2.1000000e+01
   3.0346800e+05   1.6000000e+01
   3.0360400e+05   1.8000000e+01
   3.0365800e+05   2.0000000e+01
   3.0375900e+05   1.8000000e+01
   3.0378800e+05   1.7000000e+01
   3.0399300e+05   1.6000000e+01
   3.0417800e+05   1.6000000e+01
   3.0478000e+05   2.0000000e+01
   3.0552700e+05   1.6000000e+01
   3.0558300e+05   1.8000000e+01
   3.0598900e+05   1.6000000e+01
   3.0632900e+05   2.0000000e+01
   3.0635900e+05   1.9000000e+01
   3.0813500e+05   1.7000000e+01
   3.0868900e+05   1.7000000e+01
   3.0924400e+05   1.8000000e+01
   3.0988800e+05   1.9000000e+01
   3.1210800e+05   1.7000000e+01
   3.1234400e+05   1.6000000e+01
   3.1379400e+05   1.6000000e+01
   3.1408400e+05   1.8000000e+01
   3.1573400e+05   2.3000000e+01
   3.1606900e+05   1.6000000e+01
   3.1621400e+05   1.6000000e+01
   3.1662100e+05   1.7000000e+01
   3.1737900e+05   1.6000000e+01
   3.1835600e+05   1.6000000e+01
   5.4439800e+05   1.8000000e+01
   5.4547000e+05   1.7000000e+01
   5.4958800e+05   1.6000000e+01
   5.5082800e+05   1.6000000e+01
   6.2183300e+05   1.9000000e+01
   6.2267500e+05   2.1000000e+01
   6.2399800e+05   1.6000000e+01
   6.2407600e+05   2.0000000e+01
   6.2424100e+05   2.0000000e+01
   6.2428100e+05   2.1000000e+01
   6.2433300e+05   3.1000000e+01
   6.2438300e+05   1.7000000e+01
   6.2474800e+05   2.2000000e+01
   6.2481900e+05   1.9000000e+01
   6.2486800e+05   1.7000000e+01
   6.2499100e+05   1.6000000e+01
   6.2510100e+05   1.7000000e+01
   6.2517600e+05   3.4000000e+01
   6.2520700e+05   1.6000000e+01
   6.2528600e+05   1.6000000e+01
   6.2533900e+05   1.6000000e+01
   6.2540700e+05   5.0000000e+01
   6.2544800e+05   1.8000000e+01
   6.2547300e+05   1.9000000e+01
   6.2553900e+05   1.7000000e+01
   6.2560100e+05   3.8000000e+01
   6.2564600e+05   2.6000000e+01
   6.2569300e+05   1.8000000e+01
   6.2574600e+05   1.9000000e+01
   6.2580600e+05   1.6000000e+01
   6.2584800e+05   2.3000000e+01
   6.2587900e+05   2.4000000e+01
   6.2592900e+05   2.6000000e+01
   6.2600100e+05   1.8000000e+01
   6.2605100e+05   2.5000000e+01
   6.2608000e+05   1.9000000e+01
   6.2611900e+05   1.9000000e+01
   6.2630700e+05   2.3000000e+01
   6.2638700e+05   4.3000000e+01
   6.2643700e+05   1.9000000e+01
   6.2650900e+05   2.8000000e+01
   6.2654500e+05   1.8000000e+01
   6.2661900e+05   1.7000000e+01
   6.2673000e+05   1.8000000e+01
   6.2676200e+05   2.0000000e+01
   6.2681600e+05   2.0000000e+01
   6.2690500e+05   2.7000000e+01
   6.2697100e+05   1.6000000e+01
   6.2700300e+05   2.3000000e+01
   6.2705800e+05   1.6000000e+01
   6.2709900e+05   2.1000000e+01
   6.2717600e+05   1.7000000e+01
   6.2723000e+05   2.1000000e+01
   6.2727400e+05   2.4000000e+01
   6.2735900e+05   1.9000000e+01
   6.2742400e+05   1.6000000e+01
   6.2752800e+05   2.2000000e+01
   6.2763300e+05   2.0000000e+01
   6.2777400e+05   1.6000000e+01
   6.2795500e+05   1.6000000e+01
   6.2798700e+05   2.5000000e+01
   6.2813200e+05   1.7000000e+01
   6.2830800e+05   2.2000000e+01
   6.2863500e+05   2.6000000e+01
   6.2915700e+05   2.2000000e+01
   6.2928700e+05   2.2000000e+01
   6.2937300e+05   1.6000000e+01
   6.2966000e+05   2.0000000e+01
   6.2973000e+05   2.3000000e+01
   6.2995800e+05   1.6000000e+01
   6.3012100e+05   1.6000000e+01
   6.3028200e+05   1.6000000e+01
   6.3036700e+05   1.9000000e+01
   6.3069400e+05   1.7000000e+01
   6.3158600e+05   1.8000000e+01
   6.3206900e+05   1.7000000e+01
   6.3217300e+05   1.7000000e+01
   6.3235400e+05   1.6000000e+01
   6.3434700e+05   1.6000000e+01
   6.3439900e+05   1.8000000e+01
   6.3465100e+05   1.6000000e+01
   6.3490700e+05   1.6000000e+01
   6.3754300e+05   1.6000000e+01
   6.3865500e+05   1.9000000e+01
   6.4003100e+05   1.6000000e+01
   6.4238700e+05   1.9000000e+01
   6.4273200e+05   1.6000000e+01
   6.4319100e+05   1.6000000e+01
   6.4440900e+05   1.6000000e+01
   6.4461800e+05   1.6000000e+01
   6.7344700e+05   1.6000000e+01
   8.7436300e+05   1.6000000e+01
   8.7553200e+05   1.6000000e+01
   8.7711800e+05   2.0000000e+01
   8.7758700e+05   2.0000000e+01
   8.7790600e+05   2.1000000e+01
   8.7795600e+05   1.8000000e+01
   8.7828500e+05   2.2000000e+01
   8.7843900e+05   1.9000000e+01
   8.7873600e+05   1.9000000e+01
   8.7883800e+05   1.7000000e+01
   8.7896000e+05   1.6000000e+01
   8.7902200e+05   2.2000000e+01
   8.7912800e+05   1.9000000e+01
   8.7924700e+05   3.0000000e+01
   8.7928300e+05   1.9000000e+01
   8.7933900e+05   2.0000000e+01
   8.7937400e+05   1.8000000e+01
   8.7946200e+05   2.1000000e+01
   8.7952600e+05   1.6000000e+01
   8.7960200e+05   1.7000000e+01
   8.7964800e+05   3.4000000e+01
   8.7981300e+05   1.7000000e+01
   8.7984200e+05   2.3000000e+01
   8.7990100e+05   1.8000000e+01
   8.7995800e+05   2.1000000e+01
   8.8002400e+05   1.8000000e+01
   8.8011000e+05   2.1000000e+01
   8.8016400e+05   2.8000000e+01
   8.8024200e+05   2.5000000e+01
   8.8032200e+05   2.4000000e+01
   8.8037000e+05   1.9000000e+01
   8.8041800e+05   1.8000000e+01
   8.8048000e+05   2.0000000e+01
   8.8062400e+05   2.4000000e+01
   8.8069800e+05   2.8000000e+01
   8.8077800e+05   2.5000000e+01
   8.8082700e+05   2.2000000e+01
   8.8087300e+05   1.8000000e+01
   8.8094500e+05   1.8000000e+01
   8.8103800e+05   2.1000000e+01
   8.8107100e+05   4.0000000e+01
   8.8115100e+05   2.3000000e+01
   8.8127600e+05   2.0000000e+01
   8.8133700e+05   2.1000000e+01
   8.8145600e+05   1.9000000e+01
   8.8157000e+05   1.7000000e+01
   8.8162400e+05   1.7000000e+01
   8.8175500e+05   2.6000000e+01
   8.8180200e+05   1.9000000e+01
   8.8188400e+05   1.9000000e+01
   8.8196700e+05   1.6000000e+01
   8.8231300e+05   1.6000000e+01
   8.8237500e+05   2.3000000e+01
   8.8243700e+05   2.0000000e+01
   8.8254000e+05   1.6000000e+01
   8.8260600e+05   1.6000000e+01
   8.8292600e+05   1.7000000e+01
   8.8306800e+05   1.9000000e+01
   8.8359600e+05   2.0000000e+01
   8.8362700e+05   2.5000000e+01
   8.8388300e+05   1.8000000e+01
   8.8400500e+05   1.6000000e+01
   8.8405100e+05   3.0000000e+01
   8.8409600e+05   1.6000000e+01
   8.8451600e+05   1.6000000e+01
   8.8476900e+05   1.8000000e+01
   8.8487300e+05   1.9000000e+01
   8.8491700e+05   1.7000000e+01
   8.8520400e+05   1.6000000e+01
   8.8550000e+05   1.8000000e+01
   8.8598700e+05   1.6000000e+01
   8.8685400e+05   1.6000000e+01
   8.8728100e+05   2.9000000e+01
   8.8767900e+05   1.6000000e+01
   8.8783300e+05   2.5000000e+01
   8.8905900e+05   1.6000000e+01
   8.8914300e+05   1.7000000e+01
   8.8960300e+05   1.6000000e+01
   8.9294200e+05   2.1000000e+01
   8.9333800e+05   2.2000000e+01
   8.9402500e+05   1.7000000e+01
   8.9415300e+05   1.7000000e+01
   8.9744100e+05   1.6000000e+01
   1.1808680e+06   1.7000000e+01
   1.1815470e+06   1.7000000e+01
   1.1816070e+06   1.7000000e+01
   1.1818450e+06   2.4000000e+01
   1.1818880e+06   1.6000000e+01
   1.1819300e+06   1.6000000e+01
   1.1821990e+06   2.4000000e+01
   1.1824730e+06   1.9000000e+01
   1.1825370e+06   2.7000000e+01
   1.1825860e+06   3.2000000e+01
   1.1826840e+06   2.2000000e+01
   1.1827470e+06   2.0000000e+01
   1.1828150e+06   2.4000000e+01
   1.1828460e+06   1.6000000e+01
   1.1829680e+06   2.7000000e+01
   1.1830460e+06   1.9000000e+01
   1.1830750e+06   2.9000000e+01
   1.1832220e+06   2.6000000e+01
   1.1832470e+06   5.4000000e+01
   1.1833310e+06   2.6000000e+01
   1.1834030e+06   1.6000000e+01
   1.1834470e+06   3.3000000e+01
   1.1835010e+06   1.7000000e+01
   1.1835630e+06   2.0000000e+01
   1.1836350e+06   1.6000000e+01
   1.1836910e+06   3.2000000e+01
   1.1837210e+06   1.8000000e+01
   1.1837970e+06   1.8000000e+01
   1.1838720e+06   3.6000000e+01
   1.1839140e+06   2.3000000e+01
   1.1839640e+06   2.1000000e+01
   1.1840440e+06   1.9000000e+01
   1.1840730e+06   3.7000000e+01
   1.1841280e+06   1.9000000e+01
   1.1841770e+06   2.1000000e+01
   1.1842290e+06   1.7000000e+01
   1.1842780e+06   1.9000000e+01
   1.1843690e+06   2.2000000e+01
   1.1844260e+06   2.1000000e+01
   1.1845980e+06   2.1000000e+01
   1.1847070e+06   1.7000000e+01
   1.1848520e+06   1.6000000e+01
   1.1849280e+06   2.3000000e+01
   1.1850010e+06   1.6000000e+01
   1.1850610e+06   1.8000000e+01
   1.1851240e+06   1.8000000e+01
   1.1853170e+06   1.6000000e+01
   1.1854240e+06   1.6000000e+01
   1.1855180e+06   2.3000000e+01
   1.1855450e+06   1.8000000e+01
   1.1857160e+06   1.9000000e+01
   1.1857420e+06   2.0000000e+01
   1.1858120e+06   1.7000000e+01
   1.1858850e+06   1.6000000e+01
   1.1860350e+06   1.6000000e+01
   1.1862010e+06   2.0000000e+01
   1.1862750e+06   2.1000000e+01
   1.1863670e+06   1.9000000e+01
   1.1864410e+06   1.8000000e+01
   1.1865530e+06   2.1000000e+01
   1.1866890e+06   1.9000000e+01
   1.1872960e+06   1.6000000e+01
   1.1873890e+06   1.7000000e+01
   1.1874700e+06   1.6000000e+01
   1.1875810e+06   1.6000000e+01
   1.1888880e+06   2.2000000e+01
   1.1889560e+06   1.8000000e+01
   1.1890270e+06   1.6000000e+01
   1.1895590e+06   1.7000000e+01
   1.1896650e+06   1.6000000e+01
   1.1899630e+06   1.6000000e+01
   1.1903420e+06   2.0000000e+01
   1.1904200e+06   1.7000000e+01
   1.1909190e+06   2.3000000e+01
   1.1930700e+06   2.3000000e+01
   1.1950000e+06   1.6000000e+01
   1.1955050e+06   1.7000000e+01
   1.1962860e+06   2.2000000e+01
   1.1973970e+06   1.6000000e+01
   1.1996790e+06   1.7000000e+01
   1.2008490e+06   1.7000000e+01
   1.2021170e+06   2.1000000e+01
   1.2022060e+06   1.9000000e+01
   1.2023550e+06   2.5000000e+01
   1.2028190e+06   1.7000000e+01
   1.2028770e+06   1.8000000e+01
   1.2031650e+06   1.6000000e+01
   1.2035820e+06   1.6000000e+01
   1.2046550e+06   1.6000000e+01
   1.2056490e+06   1.6000000e+01
   1.2071710e+06   2.3000000e+01
   1.2075180e+06   1.8000000e+01
   1.2088160e+06   1.9000000e+01
   1.2094240e+06   1.6000000e+01
   1.2098790e+06   1.6000000e+01
   1.2124050e+06   1.6000000e+01
   1.2134730e+06   2.0000000e+01
   1.2136310e+06   2.3000000e+01
   1.2141580e+06   2.1000000e+01
   1.2322740e+06   1.6000000e+01
   1.2400850e+06   1.7000000e+01
   1.5400920e+06   2.1000000e+01
   1.5402590e+06   1.6000000e+01
   1.5403860e+06   2.0000000e+01
   1.5404160e+06   1.6000000e+01
   1.5407050e+06   2.1000000e+01
   1.5409080e+06   1.7000000e+01
   1.5409870e+06   2.4000000e+01
   1.5411750e+06   2.2000000e+01
   1.5414550e+06   2.0000000e+01
   1.5415180e+06   1.6000000e+01
   1.5415960e+06   1.6000000e+01
   1.5417560e+06   1.7000000e+01
   1.5418430e+06   2.7000000e+01
   1.5419230e+06   1.7000000e+01
   1.5419520e+06   2.3000000e+01
   1.5420270e+06   2.4000000e+01
   1.5421300e+06   1.9000000e+01
   1.5422280e+06   1.7000000e+01
   1.5422740e+06   1.6000000e+01
   1.5423260e+06   1.9000000e+01
   1.5423630e+06   1.7000000e+01
   1.5424060e+06   2.0000000e+01
   1.5425060e+06   2.3000000e+01
   1.5426040e+06   2.8000000e+01
   1.5426310e+06   3.6000000e+01
   1.5427200e+06   1.6000000e+01
   1.5427950e+06   3.6000000e+01
   1.5428600e+06   2.3000000e+01
   1.5429190e+06   3.1000000e+01
   1.5430150e+06   2.0000000e+01
   1.5430820e+06   4.8000000e+01
   1.5431180e+06   2.0000000e+01
   1.5432180e+06   1.8000000e+01
   1.5432850e+06   2.8000000e+01
   1.5433630e+06   1.6000000e+01
   1.5434160e+06   2.0000000e+01
   1.5434680e+06   3.1000000e+01
   1.5435430e+06   3.0000000e+01
   1.5436190e+06   2.2000000e+01
   1.5438560e+06   2.4000000e+01
   1.5439300e+06   1.8000000e+01
   1.5440590e+06   1.6000000e+01
   1.5441700e+06   1.7000000e+01
   1.5441960e+06   1.7000000e+01
   1.5443210e+06   2.1000000e+01
   1.5443600e+06   1.9000000e+01
   1.5445790e+06   1.6000000e+01
   1.5446430e+06   1.9000000e+01
   1.5446760e+06   1.7000000e+01
   1.5447190e+06   2.1000000e+01
   1.5448250e+06   1.6000000e+01
   1.5449230e+06   2.2000000e+01
   1.5451050e+06   1.8000000e+01
   1.5451620e+06   2.0000000e+01
   1.5452290e+06   1.7000000e+01
   1.5453330e+06   1.7000000e+01
   1.5454120e+06   1.7000000e+01
   1.5455910e+06   1.6000000e+01
   1.5458140e+06   2.5000000e+01
   1.5458470e+06   2.0000000e+01
   1.5461380e+06   1.7000000e+01
   1.5461640e+06   1.9000000e+01
   1.5463390e+06   1.6000000e+01
   1.5463980e+06   1.8000000e+01
   1.5466270e+06   2.0000000e+01
   1.5469490e+06   1.8000000e+01
   1.5474420e+06   2.1000000e+01
   1.5478010e+06   1.6000000e+01
   1.5482020e+06   1.8000000e+01
   1.5483090e+06   1.8000000e+01
   1.5483870e+06   1.6000000e+01
   1.5499150e+06   1.8000000e+01
   1.5502390e+06   1.9000000e+01
   1.5502790e+06   2.0000000e+01
   1.5523600e+06   2.4000000e+01
   1.5523920e+06   1.6000000e+01
   1.5529780e+06   1.9000000e+01
   1.5532730e+06   1.8000000e+01
   1.5536390e+06   2.0000000e+01
   1.5536730e+06   1.6000000e+01
   1.5560090e+06   1.6000000e+01
   1.5572720e+06   1.6000000e+01
   1.5597780e+06   1.6000000e+01
   1.5640600e+06   2.2000000e+01
   1.5641320e+06   1.6000000e+01
   1.5646680e+06   1.6000000e+01
   1.5655570e+06   1.7000000e+01
   1.5658500e+06   1.9000000e+01
   1.5660080e+06   2.2000000e+01
   1.5661030e+06   1.6000000e+01
   1.5664770e+06   1.7000000e+01
   1.6796210e+06   1.7000000e+01
   1.6796670e+06   1.9000000e+01
   1.6800040e+06   2.3000000e+01
   1.6801160e+06   1.7000000e+01
   1.6807680e+06   1.7000000e+01
   1.6817570e+06   1.9000000e+01
   1.6819030e+06   1.6000000e+01
   1.6819670e+06   2.6000000e+01
   1.6824750e+06   1.8000000e+01
   1.6826380e+06   1.8000000e+01
   1.6826870e+06   3.7000000e+01
   1.6828710e+06   1.7000000e+01
   1.6829380e+06   1.6000000e+01
   1.6829950e+06   1.9000000e+01
   1.6830210e+06   1.8000000e+01
   1.6830970e+06   1.6000000e+01
   1.6831390e+06   1.7000000e+01
   1.6832110e+06   1.9000000e+01
   1.6832500e+06   2.0000000e+01
   1.6833400e+06   1.6000000e+01
   1.6833900e+06   2.6000000e+01
   1.6834480e+06   1.8000000e+01
   1.6835250e+06   2.1000000e+01
   1.6836140e+06   2.1000000e+01
   1.6837720e+06   1.7000000e+01
   1.6838100e+06   3.2000000e+01
   1.6839720e+06   1.6000000e+01
   1.6840000e+06   2.2000000e+01
   1.6840670e+06   1.8000000e+01
   1.6841630e+06   1.7000000e+01
   1.6842460e+06   1.6000000e+01
   1.6843640e+06   2.0000000e+01
   1.6844120e+06   1.6000000e+01
   1.6844840e+06   1.6000000e+01
   1.6845270e+06   1.8000000e+01
   1.6845750e+06   1.9000000e+01
   1.6846300e+06   2.9000000e+01
   1.6849970e+06   2.2000000e+01
   1.6850590e+06   1.7000000e+01
   1.6851780e+06   1.6000000e+01
   1.6852510e+06   2.0000000e+01
   1.6854570e+06   1.6000000e+01
   1.6859330e+06   2.3000000e+01
   1.6860190e+06   1.7000000e+01
   1.6861220e+06   2.6000000e+01
   1.6865270e+06   1.8000000e+01
   1.6865730e+06   1.7000000e+01
   1.6867850e+06   1.6000000e+01
   1.6871920e+06   1.7000000e+01
   1.6880050e+06   1.7000000e+01
   1.6893730e+06   1.7000000e+01
   1.6894340e+06   3.3000000e+01
   1.6896190e+06   1.6000000e+01
   1.6898780e+06   1.7000000e+01
   1.6900800e+06   1.8000000e+01
   1.6925830e+06   1.6000000e+01
   1.6942700e+06   1.8000000e+01
   1.6955800e+06   1.7000000e+01
   1.6979840e+06   1.6000000e+01
   1.8609650e+06   1.8000000e+01
   1.8610030e+06   1.6000000e+01
   2.0682920e+06   2.2000000e+01
   2.0684420e+06   2.0000000e+01
   2.0685790e+06   2.4000000e+01
   2.0686620e+06   1.8000000e+01
   2.0687850e+06   2.0000000e+01
   2.0688330e+06   2.3000000e+01
   2.0692600e+06   2.9000000e+01
   2.0693970e+06   1.7000000e+01
   2.0694860e+06   1.9000000e+01
   2.0695500e+06   2.9000000e+01
   2.0695830e+06   1.7000000e+01
   2.0696920e+06   1.7000000e+01
   2.0697950e+06   1.8000000e+01
   2.0698590e+06   3.6000000e+01
   2.0699060e+06   1.7000000e+01
   2.0699670e+06   1.9000000e+01
   2.0699960e+06   3.1000000e+01
   2.0700780e+06   2.5000000e+01
   2.0701480e+06   1.8000000e+01
   2.0701740e+06   3.4000000e+01
   2.0702300e+06   1.9000000e+01
   2.0702650e+06   3.1000000e+01
   2.0703220e+06   1.8000000e+01
   2.0704020e+06   2.5000000e+01
   2.0704500e+06   2.9000000e+01
   2.0704910e+06   1.8000000e+01
   2.0705650e+06   1.9000000e+01
   2.0705960e+06   2.1000000e+01
   2.0707030e+06   3.1000000e+01
   2.0707310e+06   2.3000000e+01
   2.0708850e+06   1.7000000e+01
   2.0709660e+06   2.1000000e+01
   2.0710140e+06   1.6000000e+01
   2.0711670e+06   1.6000000e+01
   2.0712630e+06   1.8000000e+01
   2.0713710e+06   1.6000000e+01
   2.0714710e+06   1.9000000e+01
   2.0715340e+06   2.0000000e+01
   2.0716280e+06   2.2000000e+01
   2.0716880e+06   2.0000000e+01
   2.0718020e+06   2.2000000e+01
   2.0718650e+06   1.9000000e+01
   2.0719410e+06   1.6000000e+01
   2.0720510e+06   2.0000000e+01
   2.0721160e+06   1.8000000e+01
   2.0721510e+06   1.6000000e+01
   2.0721980e+06   1.7000000e+01
   2.0722330e+06   2.5000000e+01
   2.0722850e+06   1.9000000e+01
   2.0724590e+06   1.6000000e+01
   2.0724950e+06   1.6000000e+01
   2.0726780e+06   2.6000000e+01
   2.0728110e+06   1.9000000e+01
   2.0731830e+06   2.0000000e+01
   2.0734130e+06   1.6000000e+01
   2.0734520e+06   1.6000000e+01
   2.0737670e+06   1.9000000e+01
   2.0738040e+06   2.1000000e+01
   2.0740350e+06   2.8000000e+01
   2.0744260e+06   2.4000000e+01
   2.0744840e+06   1.7000000e+01
   2.0745900e+06   1.6000000e+01
   2.0746400e+06   1.7000000e+01
   2.0752100e+06   2.4000000e+01
   2.0752370e+06   3.0000000e+01
   2.0758210e+06   1.9000000e+01
   2.0762960e+06   1.9000000e+01
   2.0765700e+06   1.7000000e+01
   2.0778730e+06   2.6000000e+01
   2.0779170e+06   1.8000000e+01
   2.0794020e+06   2.0000000e+01
   2.0794960e+06   1.6000000e+01
   2.0800620e+06   1.6000000e+01
   2.0801640e+06   1.6000000e+01
   2.0817120e+06   1.6000000e+01
   2.0829350e+06   1.7000000e+01
   2.0839580e+06   2.1000000e+01
   2.0844910e+06   1.7000000e+01
   2.0846860e+06   1.6000000e+01
   2.0850130e+06   2.1000000e+01
   2.0863480e+06   1.6000000e+01
   2.0877440e+06   1.9000000e+01
   2.0888580e+06   1.9000000e+01
   2.0907360e+06   1.7000000e+01
   2.0911340e+06   1.7000000e+01
   2.0912940e+06   1.9000000e+01
   2.0918130e+06   1.7000000e+01
   2.0919470e+06   1.8000000e+01
   2.0920050e+06   1.6000000e+01
   2.0923580e+06   1.7000000e+01
   2.0925260e+06   1.7000000e+01
   2.0925920e+06   1.6000000e+01
   2.0930230e+06   1.6000000e+01
   2.0932730e+06   1.7000000e+01
   2.0933910e+06   1.6000000e+01
   2.0937290e+06   1.9000000e+01
   2.0949490e+06   1.6000000e+01
   2.0949830e+06   1.9000000e+01
   2.0950840e+06   1.9000000e+01
   2.0957910e+06   2.8000000e+01
   2.0981990e+06   1.6000000e+01
   2.0986040e+06   1.7000000e+01
   2.0993240e+06   1.6000000e+01
   2.0996820e+06   1.7000000e+01
   2.1001030e+06   1.6000000e+01
   2.1008570e+06   1.6000000e+01
   2.3807190e+06   1.6000000e+01
   2.3812110e+06   2.4000000e+01
   2.3813080e+06   1.8000000e+01
   2.3816960e+06   1.7000000e+01
   2.3823060e+06   1.7000000e+01
   2.3827930e+06   1.7000000e+01
   2.3829830e+06   2.1000000e+01
   2.3832290e+06   1.8000000e+01
   2.3833860e+06   1.6000000e+01
   2.3834850e+06   1.6000000e+01
   2.3837040e+06   2.0000000e+01
   2.3837580e+06   3.7000000e+01
   2.3838340e+06   3.0000000e+01
   2.3838660e+06   2.3000000e+01
   2.3839160e+06   1.6000000e+01
   2.3839750e+06   3.1000000e+01
   2.3840230e+06   2.8000000e+01
   2.3841060e+06   3.2000000e+01
   2.3841470e+06   1.7000000e+01
   2.3843140e+06   2.0000000e+01
   2.3844500e+06   2.1000000e+01
   2.3845000e+06   2.7000000e+01
   2.3845250e+06   2.0000000e+01
   2.3846020e+06   3.0000000e+01
   2.3846800e+06   4.2000000e+01
   2.3847370e+06   2.1000000e+01
   2.3847890e+06   2.3000000e+01
   2.3848870e+06   1.8000000e+01
   2.3849580e+06   1.8000000e+01
   2.3850000e+06   3.8000000e+01
   2.3850370e+06   2.5000000e+01
   2.3851800e+06   2.1000000e+01
   2.3852130e+06   3.5000000e+01
   2.3852980e+06   1.8000000e+01
   2.3853660e+06   1.9000000e+01
   2.3854700e+06   3.3000000e+01
   2.3855610e+06   1.7000000e+01
   2.3856840e+06   1.7000000e+01
   2.3858190e+06   2.2000000e+01
   2.3859340e+06   3.1000000e+01
   2.3859930e+06   1.8000000e+01
   2.3862410e+06   1.7000000e+01
   2.3863140e+06   1.6000000e+01
   2.3863760e+06   1.8000000e+01
   2.3865440e+06   1.7000000e+01
   2.3868480e+06   1.7000000e+01
   2.3868790e+06   3.6000000e+01
   2.3872740e+06   1.7000000e+01
   2.3875080e+06   2.2000000e+01
   2.3877000e+06   1.7000000e+01
   2.3880380e+06   2.0000000e+01
   2.3881750e+06   1.6000000e+01
   2.3884110e+06   1.6000000e+01
   2.3889680e+06   2.3000000e+01
   2.3890850e+06   1.7000000e+01
   2.3894270e+06   1.6000000e+01
   2.3898390e+06   1.9000000e+01
   2.3909310e+06   1.7000000e+01
   2.3927940e+06   1.7000000e+01
   2.3948960e+06   1.7000000e+01
   2.3954160e+06   2.9000000e+01
   2.3963810e+06   1.6000000e+01
   2.3984060e+06   1.7000000e+01
   2.5774680e+06   2.1000000e+01
   2.5776740e+06   2.0000000e+01
   2.5777880e+06   2.1000000e+01
   2.5779540e+06   1.6000000e+01
   2.5780960e+06   2.3000000e+01
   2.5782660e+06   2.0000000e+01
   2.5783800e+06   1.6000000e+01
   2.5788140e+06   1.8000000e+01
   2.5793620e+06   1.7000000e+01
   2.5794710e+06   1.7000000e+01
   2.5799440e+06   1.7000000e+01
   2.5803000e+06   1.8000000e+01
   2.5803790e+06   1.8000000e+01
   2.5804540e+06   1.9000000e+01
   2.5805400e+06   1.6000000e+01
   2.5805700e+06   1.7000000e+01
   2.5806690e+06   2.3000000e+01
   2.5807290e+06   1.7000000e+01
   2.5808320e+06   2.0000000e+01
   2.5808750e+06   3.0000000e+01
   2.5809450e+06   2.7000000e+01
   2.5810170e+06   2.3000000e+01
   2.5810780e+06   1.8000000e+01
   2.5811330e+06   1.8000000e+01
   2.5812230e+06   2.0000000e+01
   2.5812670e+06   2.1000000e+01
   2.5813550e+06   2.5000000e+01
   2.5815090e+06   2.6000000e+01
   2.5816160e+06   1.6000000e+01
   2.5817190e+06   1.8000000e+01
   2.5817680e+06   1.6000000e+01
   2.5818290e+06   2.4000000e+01
   2.5819150e+06   2.5000000e+01
   2.5819550e+06   2.6000000e+01
   2.5820190e+06   1.6000000e+01
   2.5820500e+06   1.7000000e+01
   2.5821540e+06   1.8000000e+01
   2.5822450e+06   1.9000000e+01
   2.5823020e+06   1.7000000e+01
   2.5825030e+06   1.6000000e+01
   2.5825540e+06   1.6000000e+01
   2.5826260e+06   2.2000000e+01
   2.5827530e+06   1.7000000e+01
   2.5827840e+06   2.5000000e+01
   2.5830270e+06   1.7000000e+01
   2.5831850e+06   1.7000000e+01
   2.5833710e+06   2.3000000e+01
   2.5834350e+06   1.6000000e+01
   2.5835530e+06   1.9000000e+01
   2.5838900e+06   1.6000000e+01
   2.5840100e+06   1.8000000e+01
   2.5841090e+06   1.9000000e+01
   2.5843870e+06   1.7000000e+01
   2.5846010e+06   1.8000000e+01
   2.5849690e+06   1.8000000e+01
   2.5850440e+06   1.8000000e+01
   2.5853730e+06   1.7000000e+01
   2.5859970e+06   1.7000000e+01
   2.5866200e+06   1.7000000e+01
   2.5867300e+06   2.2000000e+01
   2.5868530e+06   1.7000000e+01
   2.5872920e+06   2.2000000e+01
   2.5873280e+06   2.0000000e+01
   2.5882520e+06   1.6000000e+01
   2.5899670e+06   1.7000000e+01
   2.5901440e+06   1.6000000e+01
   2.5902290e+06   1.6000000e+01
   2.5927570e+06   1.8000000e+01
   2.5943040e+06   1.7000000e+01
   2.5954170e+06   1.6000000e+01
   2.5965660e+06   1.7000000e+01
   2.5970090e+06   1.6000000e+01
   2.5975520e+06   1.6000000e+01
   2.6116400e+06   1.6000000e+01
   2.9405080e+06   2.0000000e+01
   2.9405360e+06   1.7000000e+01
   2.9406970e+06   1.9000000e+01
   2.9407700e+06   2.9000000e+01
   2.9408970e+06   2.0000000e+01
   2.9410650e+06   3.2000000e+01
   2.9411020e+06   1.6000000e+01
   2.9412300e+06   2.0000000e+01
   2.9412840e+06   1.8000000e+01
   2.9413090e+06   3.3000000e+01
   2.9413920e+06   3.0000000e+01
   2.9414190e+06   1.7000000e+01
   2.9415010e+06   1.6000000e+01
   2.9415950e+06   2.4000000e+01
   2.9416660e+06   1.7000000e+01
   2.9417510e+06   3.0000000e+01
   2.9417920e+06   3.4000000e+01
   2.9418570e+06   2.0000000e+01
   2.9418840e+06   1.7000000e+01
   2.9419330e+06   2.2000000e+01
   2.9419880e+06   2.8000000e+01
   2.9420280e+06   1.7000000e+01
   2.9421910e+06   1.9000000e+01
   2.9422330e+06   2.6000000e+01
   2.9422850e+06   1.7000000e+01
   2.9423550e+06   1.6000000e+01
   2.9424180e+06   4.3000000e+01
   2.9424840e+06   1.9000000e+01
   2.9425270e+06   2.4000000e+01
   2.9425820e+06   2.0000000e+01
   2.9426530e+06   2.6000000e+01
   2.9427700e+06   2.1000000e+01
   2.9428070e+06   1.6000000e+01
   2.9428770e+06   2.4000000e+01
   2.9429210e+06   2.7000000e+01
   2.9429930e+06   2.3000000e+01
   2.9430760e+06   1.7000000e+01
   2.9431140e+06   2.2000000e+01
   2.9432080e+06   3.2000000e+01
   2.9432410e+06   2.9000000e+01
   2.9433130e+06   1.6000000e+01
   2.9433780e+06   1.6000000e+01
   2.9434440e+06   1.8000000e+01
   2.9435240e+06   1.6000000e+01
   2.9435670e+06   1.6000000e+01
   2.9436400e+06   2.8000000e+01
   2.9436940e+06   2.0000000e+01
   2.9440470e+06   1.6000000e+01
   2.9441930e+06   1.9000000e+01
   2.9442370e+06   2.0000000e+01
   2.9443180e+06   1.8000000e+01
   2.9448400e+06   2.0000000e+01
   2.9450230e+06   1.8000000e+01
   2.9450950e+06   1.6000000e+01
   2.9451590e+06   1.8000000e+01
   2.9452840e+06   1.6000000e+01
   2.9454730e+06   2.3000000e+01
   2.9455120e+06   1.7000000e+01
   2.9459410e+06   1.7000000e+01
   2.9460920e+06   1.9000000e+01
   2.9462090e+06   2.8000000e+01
   2.9462370e+06   1.7000000e+01
   2.9466200e+06   1.7000000e+01
   2.9468590e+06   1.6000000e+01
   2.9469450e+06   1.7000000e+01
   2.9471260e+06   2.1000000e+01
   2.9471890e+06   1.8000000e+01
   2.9475020e+06   1.7000000e+01
   2.9475800e+06   1.8000000e+01
   2.9491900e+06   1.6000000e+01
   2.9495550e+06   1.9000000e+01
   2.9500600e+06   1.7000000e+01
   2.9519750e+06   1.8000000e+01
   2.9527290e+06   1.7000000e+01
   2.9531990e+06   2.1000000e+01
   2.9532590e+06   1.9000000e+01
   2.9535720e+06   1.6000000e+01
   2.9545220e+06   1.7000000e+01
   2.9568650e+06   2.1000000e+01
   2.9579550e+06   1.6000000e+01
   2.9589060e+06   1.7000000e+01
   2.9596000e+06   1.8000000e+01
   2.9600700e+06   1.9000000e+01
   2.9600970e+06   1.7000000e+01
   2.9603360e+06   1.6000000e+01
   2.9603860e+06   1.7000000e+01
   2.9604240e+06   2.9000000e+01
   2.9604490e+06   1.6000000e+01
   2.9612070e+06   1.6000000e+01
   2.9614410e+06   1.6000000e+01
   2.9615720e+06   1.6000000e+01
   2.9617810e+06   1.8000000e+01
   2.9623130e+06   1.6000000e+01
   2.9624350e+06   1.6000000e+01
   2.9630810e+06   2.3000000e+01
   2.9632790e+06   1.9000000e+01
   2.9639670e+06   1.9000000e+01
   2.9640930e+06   2.0000000e+01
   2.9647230e+06   2.0000000e+01
   2.9649200e+06   1.6000000e+01
   2.9650830e+06   1.9000000e+01
   2.9657530e+06   2.0000000e+01
   2.9658680e+06   1.9000000e+01
   2.9661110e+06   1.7000000e+01
   2.9675390e+06   1.8000000e+01
   2.9683600e+06   1.9000000e+01
   2.9684650e+06   2.0000000e+01
   2.9686130e+06   2.2000000e+01
   2.9686790e+06   1.6000000e+01
   2.9687080e+06   1.7000000e+01
   2.9694890e+06   1.6000000e+01
   2.9716190e+06   1.6000000e+01
   2.9721270e+06   1.9000000e+01
   3.1636940e+06   2.0000000e+01
   3.1637410e+06   1.6000000e+01
   3.1639240e+06   1.8000000e+01
   3.1641820e+06   1.6000000e+01
   3.1642250e+06   2.7000000e+01
   3.1645360e+06   1.9000000e+01
   3.1656180e+06   2.4000000e+01
   3.1663500e+06   1.6000000e+01
   3.1664470e+06   2.0000000e+01
   3.1667750e+06   2.0000000e+01
   3.1668210e+06   1.6000000e+01
   3.1669580e+06   1.6000000e+01
   3.1669970e+06   1.7000000e+01
   3.1671170e+06   1.6000000e+01
   3.1671860e+06   2.0000000e+01
   3.1672790e+06   1.8000000e+01
   3.1674010e+06   2.0000000e+01
   3.1674370e+06   1.7000000e+01
   3.1675660e+06   1.9000000e+01
   3.1677110e+06   1.7000000e+01
   3.1677930e+06   1.9000000e+01
   3.1678480e+06   2.5000000e+01
   3.1679390e+06   1.7000000e+01
   3.1680580e+06   1.7000000e+01
   3.1682830e+06   3.4000000e+01
   3.1683510e+06   3.5000000e+01
   3.1683910e+06   2.9000000e+01
   3.1685640e+06   1.9000000e+01
   3.1686690e+06   2.1000000e+01
   3.1686990e+06   2.2000000e+01
   3.1687660e+06   1.6000000e+01
   3.1688020e+06   1.8000000e+01
   3.1689050e+06   2.4000000e+01
   3.1689850e+06   2.7000000e+01
   3.1690380e+06   1.7000000e+01
   3.1691750e+06   1.8000000e+01
   3.1692070e+06   2.5000000e+01
   3.1692460e+06   2.3000000e+01
   3.1692990e+06   1.6000000e+01
   3.1693900e+06   1.7000000e+01
   3.1697410e+06   1.6000000e+01
   3.1699740e+06   1.9000000e+01
   3.1700180e+06   1.9000000e+01
   3.1701270e+06   1.7000000e+01
   3.1703610e+06   1.8000000e+01
   3.1704180e+06   1.7000000e+01
   3.1708080e+06   1.7000000e+01
   3.1709420e+06   1.6000000e+01
   3.1713530e+06   1.6000000e+01
   3.1715260e+06   2.0000000e+01
   3.1716680e+06   1.7000000e+01
   3.1716960e+06   1.6000000e+01
   3.1717620e+06   1.6000000e+01
   3.1723680e+06   1.6000000e+01
   3.1724610e+06   1.7000000e+01
   3.1726580e+06   2.0000000e+01
   3.1731270e+06   1.6000000e+01
   3.1739730e+06   1.7000000e+01
   3.1746570e+06   1.6000000e+01
   3.1746860e+06   2.2000000e+01
   3.1750680e+06   2.1000000e+01
   3.1750980e+06   1.6000000e+01
   3.1769070e+06   1.6000000e+01
   3.1770380e+06   1.7000000e+01
   3.1803100e+06   1.6000000e+01
   3.6587080e+06   1.6000000e+01
   3.6614590e+06   1.9000000e+01
   3.6616300e+06   1.7000000e+01
   3.6621110e+06   1.6000000e+01
   3.6622190e+06   1.6000000e+01
   3.6622980e+06   1.9000000e+01
   3.6624710e+06   1.6000000e+01
   3.6628330e+06   1.6000000e+01
   3.6628770e+06   2.9000000e+01
   3.6632670e+06   1.7000000e+01
   3.6632940e+06   2.1000000e+01
   3.6633820e+06   1.7000000e+01
   3.6634400e+06   2.0000000e+01
   3.6636090e+06   1.8000000e+01
   3.6637170e+06   1.6000000e+01
   3.6639200e+06   1.8000000e+01
   3.6639460e+06   2.2000000e+01
   3.6640590e+06   1.6000000e+01
   3.6641360e+06   2.7000000e+01
   3.6642350e+06   2.0000000e+01
   3.6642800e+06   2.9000000e+01
   3.6643370e+06   1.8000000e+01
   3.6644810e+06   1.6000000e+01
   3.6645210e+06   2.1000000e+01
   3.6645470e+06   2.4000000e+01
   3.6646170e+06   1.6000000e+01
   3.6647150e+06   2.3000000e+01
   3.6648370e+06   1.7000000e+01
   3.6649100e+06   2.3000000e+01
   3.6649420e+06   3.8000000e+01
   3.6649750e+06   1.7000000e+01
   3.6650290e+06   1.9000000e+01
   3.6651330e+06   2.2000000e+01
   3.6651890e+06   2.1000000e+01
   3.6652550e+06   1.8000000e+01
   3.6653280e+06   2.1000000e+01
   3.6653700e+06   2.2000000e+01
   3.6654550e+06   2.6000000e+01
   3.6655220e+06   2.2000000e+01
   3.6655990e+06   2.3000000e+01
   3.6656350e+06   1.9000000e+01
   3.6657270e+06   2.5000000e+01
   3.6657530e+06   2.3000000e+01
   3.6658450e+06   2.5000000e+01
   3.6658980e+06   1.6000000e+01
   3.6659250e+06   1.9000000e+01
   3.6660170e+06   1.6000000e+01
   3.6660440e+06   1.8000000e+01
   3.6661160e+06   2.6000000e+01
   3.6661490e+06   1.7000000e+01
   3.6662450e+06   2.1000000e+01
   3.6663120e+06   1.6000000e+01
   3.6663380e+06   1.8000000e+01
   3.6664250e+06   2.3000000e+01
   3.6664850e+06   1.6000000e+01
   3.6666200e+06   1.8000000e+01
   3.6666700e+06   3.0000000e+01
   3.6667010e+06   1.9000000e+01
   3.6668120e+06   1.8000000e+01
   3.6670810e+06   1.9000000e+01
   3.6671980e+06   2.8000000e+01
   3.6672590e+06   2.4000000e+01
   3.6672960e+06   2.4000000e+01
   3.6674100e+06   1.6000000e+01
   3.6674590e+06   1.8000000e+01
   3.6675280e+06   1.7000000e+01
   3.6676300e+06   1.9000000e+01
   3.6676710e+06   2.3000000e+01
   3.6677350e+06   1.6000000e+01
   3.6681230e+06   1.9000000e+01
   3.6684360e+06   1.7000000e+01
   3.6685780e+06   2.3000000e+01
   3.6691480e+06   1.8000000e+01
   3.6692570e+06   1.6000000e+01
   3.6695750e+06   1.6000000e+01
   3.6696040e+06   1.8000000e+01
   3.6696880e+06   1.6000000e+01
   3.6697560e+06   1.6000000e+01
   3.6699140e+06   1.6000000e+01
   3.6701250e+06   1.6000000e+01
   3.6703320e+06   1.7000000e+01
   3.6713730e+06   1.6000000e+01
   3.6726590e+06   1.6000000e+01
   3.6731990e+06   2.1000000e+01
   3.6732830e+06   1.7000000e+01
   3.6734800e+06   1.7000000e+01
   3.6735990e+06   1.6000000e+01
   3.6748310e+06   1.6000000e+01
   3.6751240e+06   1.6000000e+01
   3.6756050e+06   1.6000000e+01
   3.6762570e+06   1.6000000e+01
   3.6763520e+06   1.7000000e+01
   3.6772540e+06   1.6000000e+01
   3.6788860e+06   1.6000000e+01
   3.6793650e+06   1.8000000e+01
   3.6800670e+06   2.1000000e+01
   3.6807520e+06   1.7000000e+01
   3.6823250e+06   1.9000000e+01
   3.6857040e+06   2.0000000e+01
   3.6860640e+06   1.8000000e+01
   3.6860920e+06   1.6000000e+01
   3.6865280e+06   1.7000000e+01
   3.6881930e+06   2.7000000e+01
   3.6882360e+06   1.9000000e+01
   3.6885920e+06   1.7000000e+01
   3.6897000e+06   1.9000000e+01
   3.6897500e+06   1.7000000e+01
   3.6908300e+06   2.0000000e+01
   3.6908650e+06   2.6000000e+01
   3.6909680e+06   1.8000000e+01
   3.6912470e+06   2.4000000e+01
   3.6918290e+06   1.6000000e+01
   3.6919570e+06   1.9000000e+01
   3.6921350e+06   2.3000000e+01
   3.6921870e+06   2.0000000e+01
   3.6922820e+06   1.6000000e+01
   3.6925750e+06   1.8000000e+01
   3.6926620e+06   1.6000000e+01
   3.6927950e+06   1.8000000e+01
   3.6930960e+06   1.6000000e+01
   3.6931600e+06   1.7000000e+01
   3.6934130e+06   2.1000000e+01
   3.6934520e+06   2.2000000e+01
   3.6935830e+06   1.6000000e+01
   3.6936600e+06   1.7000000e+01
   3.6937550e+06   3.1000000e+01
   3.6938310e+06   1.6000000e+01
   3.6939950e+06   1.7000000e+01
   3.6946040e+06   1.7000000e+01
   3.6951290e+06   2.2000000e+01
   3.6951910e+06   1.7000000e+01
   3.6952970e+06   1.7000000e+01
   3.6953770e+06   1.8000000e+01
   3.6954750e+06   1.7000000e+01
   3.6955150e+06   1.8000000e+01
   3.6959450e+06   1.6000000e+01
   3.6966220e+06   2.6000000e+01
   3.6970270e+06   2.7000000e+01
   3.6970750e+06   1.7000000e+01
   3.6992620e+06   1.6000000e+01
   3.7005350e+06   1.6000000e+01
   3.7047220e+06   1.6000000e+01
   3.8780680e+06   2.2000000e+01
   3.8783110e+06   1.9000000e+01
   3.8784320e+06   2.4000000e+01
   3.8787690e+06   2.0000000e+01
   3.8788910e+06   1.6000000e+01
   3.8790270e+06   2.4000000e+01
   3.8790690e+06   1.6000000e+01
   3.8791230e+06   1.9000000e+01
   3.8795410e+06   1.6000000e+01
   3.8797220e+06   1.9000000e+01
   3.8799860e+06   2.9000000e+01
   3.8800630e+06   2.4000000e+01
   3.8801400e+06   2.5000000e+01
   3.8802200e+06   2.4000000e+01
   3.8802530e+06   2.0000000e+01
   3.8802780e+06   2.1000000e+01
   3.8804050e+06   1.8000000e+01
   3.8804970e+06   1.7000000e+01
   3.8805490e+06   3.6000000e+01
   3.8805800e+06   1.7000000e+01
   3.8806540e+06   2.0000000e+01
   3.8806900e+06   2.3000000e+01
   3.8807800e+06   1.7000000e+01
   3.8808270e+06   3.2000000e+01
   3.8808740e+06   2.6000000e+01
   3.8809320e+06   2.0000000e+01
   3.8809860e+06   1.9000000e+01
   3.8810760e+06   1.9000000e+01
   3.8811290e+06   1.7000000e+01
   3.8812680e+06   2.2000000e+01
   3.8812930e+06   2.8000000e+01
   3.8813490e+06   1.9000000e+01
   3.8814880e+06   1.6000000e+01
   3.8815890e+06   1.9000000e+01
   3.8817420e+06   1.7000000e+01
   3.8818590e+06   2.2000000e+01
   3.8820070e+06   1.6000000e+01
   3.8821220e+06   1.8000000e+01
   3.8825730e+06   1.8000000e+01
   3.8830510e+06   2.2000000e+01
   3.8831270e+06   1.6000000e+01
   3.8832630e+06   1.7000000e+01
   3.8833230e+06   1.8000000e+01
   3.8835820e+06   2.3000000e+01
   3.8841040e+06   2.1000000e+01
   3.8842380e+06   1.7000000e+01
   3.8858950e+06   1.9000000e+01
   3.8871300e+06   1.6000000e+01
   3.8910540e+06   1.7000000e+01
   4.1805170e+06   1.7000000e+01
   4.1805630e+06   1.6000000e+01
   4.1806600e+06   1.6000000e+01
   4.1810200e+06   2.0000000e+01
   4.1810640e+06   2.6000000e+01
   4.1813950e+06   1.9000000e+01
   4.1814760e+06   2.5000000e+01
   4.1817430e+06   1.6000000e+01
   4.1818830e+06   2.6000000e+01
   4.1819820e+06   2.5000000e+01
   4.1820080e+06   1.6000000e+01
   4.1820720e+06   2.6000000e+01
   4.1822210e+06   2.1000000e+01
   4.1822830e+06   1.6000000e+01
   4.1823550e+06   3.5000000e+01
   4.1823840e+06   1.8000000e+01
   4.1825670e+06   1.6000000e+01
   4.1826340e+06   2.5000000e+01
   4.1826590e+06   2.6000000e+01
   4.1827290e+06   3.0000000e+01
   4.1828710e+06   1.9000000e+01
   4.1829280e+06   1.9000000e+01
   4.1829810e+06   3.0000000e+01
   4.1830370e+06   1.8000000e+01
   4.1830980e+06   2.3000000e+01
   4.1831560e+06   1.8000000e+01
   4.1832390e+06   3.1000000e+01
   4.1832660e+06   2.0000000e+01
   4.1834300e+06   2.3000000e+01
   4.1834950e+06   1.7000000e+01
   4.1835530e+06   1.9000000e+01
   4.1836050e+06   3.0000000e+01
   4.1836910e+06   1.7000000e+01
   4.1837390e+06   1.8000000e+01
   4.1838250e+06   2.3000000e+01
   4.1838790e+06   2.3000000e+01
   4.1839370e+06   1.6000000e+01
   4.1840070e+06   2.5000000e+01
   4.1840450e+06   2.2000000e+01
   4.1842270e+06   2.8000000e+01
   4.1844070e+06   1.6000000e+01
   4.1844500e+06   1.8000000e+01
   4.1845000e+06   1.9000000e+01
   4.1847300e+06   3.0000000e+01
   4.1847630e+06   2.2000000e+01
   4.1848170e+06   3.1000000e+01
   4.1848770e+06   2.6000000e+01
   4.1849060e+06   1.8000000e+01
   4.1850240e+06   1.7000000e+01
   4.1850560e+06   2.0000000e+01
   4.1853250e+06   1.7000000e+01
   4.1853760e+06   2.7000000e+01
   4.1854440e+06   1.9000000e+01
   4.1859670e+06   1.7000000e+01
   4.1861790e+06   2.0000000e+01
   4.1865170e+06   1.8000000e+01
   4.1870850e+06   1.7000000e+01
   4.1871370e+06   1.6000000e+01
   4.1873790e+06   1.6000000e+01
   4.1874530e+06   2.6000000e+01
   4.1883750e+06   1.6000000e+01
   4.1884300e+06   1.6000000e+01
   4.1887690e+06   1.7000000e+01
   4.1888870e+06   1.8000000e+01
   4.1897190e+06   2.4000000e+01
   4.1897500e+06   1.6000000e+01
   4.1904040e+06   2.0000000e+01
   4.1905670e+06   1.6000000e+01
   4.1907910e+06   1.6000000e+01
   4.1923150e+06   1.6000000e+01
   4.1929160e+06   1.7000000e+01
   4.1931780e+06   1.6000000e+01
   4.1945590e+06   1.8000000e+01
   4.1949450e+06   1.7000000e+01
   4.1962520e+06   2.2000000e+01
   4.1982320e+06   1.8000000e+01
   4.1984580e+06   1.7000000e+01
   4.1999700e+06   1.6000000e+01
   4.2013220e+06   1.6000000e+01
   4.2032910e+06   1.9000000e+01
   4.2062600e+06   1.8000000e+01
   4.2090810e+06   1.6000000e+01
   4.4564950e+06   1.9000000e+01
   4.4566610e+06   1.7000000e+01
   4.4568690e+06   1.9000000e+01
   4.4568980e+06   1.7000000e+01
   4.4569910e+06   1.8000000e+01
   4.4571690e+06   1.7000000e+01
   4.4575330e+06   1.6000000e+01
   4.4582270e+06   2.1000000e+01
   4.4585230e+06   1.6000000e+01
   4.4585550e+06   1.7000000e+01
   4.4587520e+06   1.7000000e+01
   4.4588160e+06   1.9000000e+01
   4.4590660e+06   1.7000000e+01
   4.4590940e+06   2.0000000e+01
   4.4591480e+06   2.6000000e+01
   4.4591830e+06   2.4000000e+01
   4.4593010e+06   2.2000000e+01
   4.4593590e+06   3.3000000e+01
   4.4594480e+06   1.9000000e+01
   4.4594770e+06   2.3000000e+01
   4.4595680e+06   3.6000000e+01
   4.4595990e+06   3.5000000e+01
   4.4596720e+06   1.7000000e+01
   4.4597060e+06   1.7000000e+01
   4.4597910e+06   1.9000000e+01
   4.4598700e+06   2.4000000e+01
   4.4599390e+06   2.1000000e+01
   4.4599680e+06   2.2000000e+01
   4.4600260e+06   1.6000000e+01
   4.4601230e+06   1.8000000e+01
   4.4601940e+06   1.6000000e+01
   4.4602810e+06   2.5000000e+01
   4.4603550e+06   2.3000000e+01
   4.4604930e+06   2.8000000e+01
   4.4605470e+06   2.7000000e+01
   4.4606010e+06   2.3000000e+01
   4.4608210e+06   2.0000000e+01
   4.4608730e+06   1.8000000e+01
   4.4609640e+06   1.8000000e+01
   4.4610590e+06   1.6000000e+01
   4.4611780e+06   1.9000000e+01
   4.4612930e+06   2.0000000e+01
   4.4614170e+06   1.8000000e+01
   4.4614670e+06   1.9000000e+01
   4.4615430e+06   1.6000000e+01
   4.4616670e+06   1.7000000e+01
   4.4618190e+06   1.8000000e+01
   4.4620080e+06   2.0000000e+01
   4.4623000e+06   2.5000000e+01
   4.4625410e+06   1.6000000e+01
   4.4626570e+06   1.9000000e+01
   4.4629120e+06   1.7000000e+01
   4.4634740e+06   1.6000000e+01
   4.4635210e+06   1.6000000e+01
   4.4643110e+06   2.5000000e+01
   4.4656440e+06   3.1000000e+01
   4.4658580e+06   1.7000000e+01
   4.4659030e+06   1.6000000e+01
   4.4669300e+06   1.7000000e+01
   4.4671530e+06   1.6000000e+01
   4.4684860e+06   2.0000000e+01
   4.4690370e+06   2.6000000e+01
   4.4690850e+06   1.7000000e+01
   4.4711170e+06   1.8000000e+01
   4.4726000e+06   1.6000000e+01
   4.4741710e+06   1.6000000e+01
   4.5437660e+06   1.6000000e+01
   4.9711950e+06   1.8000000e+01
   4.9712980e+06   2.1000000e+01
   4.9715500e+06   2.2000000e+01
   4.9716570e+06   1.9000000e+01
   4.9718530e+06   2.5000000e+01
   4.9718960e+06   1.6000000e+01
   4.9720120e+06   1.6000000e+01
   4.9720530e+06   1.6000000e+01
   4.9720990e+06   2.4000000e+01
   4.9721560e+06   1.8000000e+01
   4.9722010e+06   2.0000000e+01
   4.9722780e+06   1.7000000e+01
   4.9723720e+06   1.8000000e+01
   4.9724900e+06   2.9000000e+01
   4.9725260e+06   3.8000000e+01
   4.9726720e+06   1.7000000e+01
   4.9727570e+06   2.6000000e+01
   4.9728280e+06   1.8000000e+01
   4.9728790e+06   2.1000000e+01
   4.9729050e+06   2.5000000e+01
   4.9729730e+06   1.8000000e+01
   4.9729980e+06   1.8000000e+01
   4.9730650e+06   3.3000000e+01
   4.9731360e+06   1.6000000e+01
   4.9731630e+06   2.2000000e+01
   4.9732420e+06   1.9000000e+01
   4.9733090e+06   2.5000000e+01
   4.9733690e+06   2.8000000e+01
   4.9734040e+06   1.7000000e+01
   4.9734760e+06   3.0000000e+01
   4.9735630e+06   1.6000000e+01
   4.9735880e+06   1.8000000e+01
   4.9736880e+06   1.9000000e+01
   4.9737720e+06   2.2000000e+01
   4.9738310e+06   2.1000000e+01
   4.9739300e+06   2.0000000e+01
   4.9739980e+06   2.9000000e+01
   4.9741390e+06   1.7000000e+01
   4.9741890e+06   1.7000000e+01
   4.9745130e+06   2.0000000e+01
   4.9745460e+06   1.9000000e+01
   4.9746270e+06   2.0000000e+01
   4.9746910e+06   1.6000000e+01
   4.9747690e+06   2.7000000e+01
   4.9749340e+06   1.6000000e+01
   4.9750340e+06   2.2000000e+01
   4.9750710e+06   1.6000000e+01
   4.9751770e+06   1.8000000e+01
   4.9752930e+06   2.1000000e+01
   4.9754760e+06   1.8000000e+01
   4.9755820e+06   1.8000000e+01
   4.9756180e+06   2.2000000e+01
   4.9758950e+06   1.6000000e+01
   4.9760750e+06   1.8000000e+01
   4.9763900e+06   2.1000000e+01
   4.9765060e+06   1.9000000e+01
   4.9766320e+06   1.6000000e+01
   4.9769060e+06   1.6000000e+01
   4.9770710e+06   1.6000000e+01
   4.9771380e+06   1.6000000e+01
   4.9774260e+06   1.6000000e+01
   4.9777430e+06   1.9000000e+01
   4.9783100e+06   1.6000000e+01
   4.9799630e+06   1.7000000e+01
   4.9806970e+06   1.9000000e+01
   4.9813060e+06   1.8000000e+01
   4.9814310e+06   1.6000000e+01
   4.9839380e+06   1.6000000e+01
   4.9841670e+06   1.7000000e+01
   4.9853640e+06   2.5000000e+01
   4.9857550e+06   1.8000000e+01
   4.9868720e+06   1.8000000e+01
   4.9870250e+06   1.9000000e+01
   4.9873920e+06   1.6000000e+01
   4.9879360e+06   2.2000000e+01
   4.9879630e+06   1.6000000e+01
   4.9880720e+06   2.2000000e+01
   4.9889000e+06   1.9000000e+01
   4.9893490e+06   1.6000000e+01
   4.9895000e+06   1.6000000e+01
   4.9904130e+06   1.9000000e+01
   4.9904410e+06   2.1000000e+01
   4.9908320e+06   1.6000000e+01
   4.9919310e+06   1.6000000e+01
   4.9938290e+06   1.6000000e+01
   4.9947550e+06   1.8000000e+01
   5.4242920e+06   1.7000000e+01
   5.4243410e+06   1.6000000e+01
   5.4244450e+06   1.8000000e+01
   5.4246320e+06   2.6000000e+01
   5.4248770e+06   1.7000000e+01
   5.4251000e+06   2.1000000e+01
   5.4251410e+06   1.9000000e+01
   5.4252290e+06   1.6000000e+01
   5.4253090e+06   1.8000000e+01
   5.4254300e+06   3.1000000e+01
   5.4256480e+06   1.9000000e+01
   5.4257140e+06   3.2000000e+01
   5.4257520e+06   1.7000000e+01
   5.4258080e+06   1.7000000e+01
   5.4259150e+06   1.9000000e+01
   5.4259850e+06   1.9000000e+01
   5.4260130e+06   2.6000000e+01
   5.4260790e+06   2.2000000e+01
   5.4261490e+06   4.0000000e+01
   5.4262240e+06   4.5000000e+01
   5.4262810e+06   1.7000000e+01
   5.4263340e+06   1.6000000e+01
   5.4264020e+06   2.0000000e+01
   5.4264330e+06   2.1000000e+01
   5.4265220e+06   3.2000000e+01
   5.4265790e+06   2.3000000e+01
   5.4266830e+06   2.0000000e+01
   5.4267130e+06   3.7000000e+01
   5.4267520e+06   2.3000000e+01
   5.4268170e+06   1.7000000e+01
   5.4268690e+06   2.5000000e+01
   5.4269360e+06   1.8000000e+01
   5.4270770e+06   2.3000000e+01
   5.4271150e+06   2.5000000e+01
   5.4272630e+06   1.6000000e+01
   5.4273160e+06   1.8000000e+01
   5.4273440e+06   1.6000000e+01
   5.4274170e+06   1.7000000e+01
   5.4275580e+06   1.6000000e+01
   5.4276980e+06   1.8000000e+01
   5.4277560e+06   2.8000000e+01
   5.4278150e+06   1.6000000e+01
   5.4281050e+06   1.7000000e+01
   5.4282450e+06   2.5000000e+01
   5.4283030e+06   2.6000000e+01
   5.4283340e+06   1.6000000e+01
   5.4284070e+06   1.7000000e+01
   5.4284370e+06   2.1000000e+01
   5.4285670e+06   1.7000000e+01
   5.4288290e+06   2.1000000e+01
   5.4288600e+06   2.2000000e+01
   5.4289800e+06   2.2000000e+01
   5.4291780e+06   1.7000000e+01
   5.4292520e+06   1.8000000e+01
   5.4294190e+06   2.3000000e+01
   5.4300190e+06   2.0000000e+01
   5.4301230e+06   1.6000000e+01
   5.4309070e+06   1.8000000e+01
   5.4310300e+06   1.6000000e+01
   5.4312460e+06   1.8000000e+01
   5.4313060e+06   1.7000000e+01
   5.4314500e+06   2.3000000e+01
   5.4332420e+06   1.6000000e+01
   5.4348900e+06   1.7000000e+01
   5.4371220e+06   1.7000000e+01
   5.4373050e+06   1.8000000e+01
   5.4376480e+06   2.7000000e+01
   5.4376960e+06   2.1000000e+01
   5.4377800e+06   1.9000000e+01
   5.4389230e+06   2.0000000e+01
   5.4390550e+06   1.6000000e+01
   5.4400640e+06   1.8000000e+01
   5.4401720e+06   1.8000000e+01
   5.4405110e+06   2.2000000e+01
   5.4405680e+06   1.6000000e+01
   5.4406540e+06   1.8000000e+01
   5.4411560e+06   1.6000000e+01
   5.4411810e+06   2.7000000e+01
   5.4419730e+06   1.6000000e+01
   5.4427010e+06   1.8000000e+01
   5.4427670e+06   2.2000000e+01
   5.4431390e+06   1.8000000e+01
   5.4447970e+06   1.7000000e+01
   5.4448300e+06   1.7000000e+01
   5.4450400e+06   1.8000000e+01
   5.4452740e+06   1.7000000e+01
   5.4457690e+06   1.7000000e+01
   5.4462140e+06   1.6000000e+01
   5.4467520e+06   2.0000000e+01
   5.4467870e+06   1.7000000e+01
   5.4469430e+06   1.6000000e+01
   5.4472480e+06   1.9000000e+01
   5.4481890e+06   2.0000000e+01
   5.4482230e+06   2.0000000e+01
   5.4505620e+06   1.8000000e+01
   5.4518100e+06   1.8000000e+01
   5.4522990e+06   1.9000000e+01
   5.6011520e+06   1.7000000e+01
   5.6020810e+06   1.6000000e+01
   5.6021580e+06   2.0000000e+01
   5.6022370e+06   1.6000000e+01
   5.6027760e+06   1.7000000e+01
   5.6028280e+06   2.9000000e+01
   5.6029760e+06   1.6000000e+01
   5.6034060e+06   1.7000000e+01
   5.6034390e+06   3.6000000e+01
   5.6035090e+06   2.0000000e+01
   5.6036800e+06   2.6000000e+01
   5.6037490e+06   1.7000000e+01
   5.6038920e+06   1.6000000e+01
   5.6039380e+06   1.6000000e+01
   5.6039830e+06   1.6000000e+01
   5.6040230e+06   2.0000000e+01
   5.6041040e+06   3.5000000e+01
   5.6042080e+06   1.8000000e+01
   5.6043820e+06   1.7000000e+01
   5.6044840e+06   4.0000000e+01
   5.6045780e+06   1.8000000e+01
   5.6046430e+06   1.9000000e+01
   5.6046750e+06   1.9000000e+01
   5.6047300e+06   1.8000000e+01
   5.6047720e+06   2.0000000e+01
   5.6048220e+06   1.9000000e+01
   5.6049770e+06   1.7000000e+01
   5.6050180e+06   2.3000000e+01
   5.6050770e+06   2.0000000e+01
   5.6051300e+06   2.1000000e+01
   5.6051930e+06   2.1000000e+01
   5.6052230e+06   2.3000000e+01
   5.6054610e+06   2.2000000e+01
   5.6055530e+06   2.1000000e+01
   5.6058110e+06   3.1000000e+01
   5.6058550e+06   2.3000000e+01
   5.6059090e+06   1.6000000e+01
   5.6059960e+06   1.7000000e+01
   5.6063810e+06   1.6000000e+01
   5.6066010e+06   2.1000000e+01
   5.6068140e+06   2.0000000e+01
   5.6071170e+06   1.6000000e+01
   5.6073400e+06   1.7000000e+01
   5.6074240e+06   2.4000000e+01
   5.6074500e+06   1.8000000e+01
   5.6075560e+06   1.6000000e+01
   5.6078480e+06   2.0000000e+01
   5.6079240e+06   1.6000000e+01
   5.6081500e+06   1.8000000e+01
   5.6082690e+06   1.6000000e+01
   5.6085630e+06   1.6000000e+01
   5.6094180e+06   2.4000000e+01
   5.6094510e+06   1.7000000e+01
   5.6095470e+06   1.7000000e+01
   5.6109120e+06   1.7000000e+01
   5.6131660e+06   2.3000000e+01
   5.6148120e+06   1.7000000e+01
   5.6162510e+06   1.9000000e+01
   5.8688580e+06   1.6000000e+01
   6.1305210e+06   1.6000000e+01
   6.2140740e+06   1.7000000e+01
   6.2142140e+06   2.4000000e+01
   6.2143800e+06   1.9000000e+01
   6.2145320e+06   1.6000000e+01
   6.2146090e+06   1.6000000e+01
   6.2147400e+06   1.6000000e+01
   6.2148440e+06   1.7000000e+01
   6.2148810e+06   2.0000000e+01
   6.2149570e+06   2.2000000e+01
   6.2152060e+06   1.6000000e+01
   6.2152400e+06   1.8000000e+01
   6.2153040e+06   2.2000000e+01
   6.2153710e+06   2.1000000e+01
   6.2154770e+06   1.9000000e+01
   6.2155240e+06   2.7000000e+01
   6.2156060e+06   1.6000000e+01
   6.2157240e+06   2.0000000e+01
   6.2157670e+06   2.3000000e+01
   6.2158430e+06   2.0000000e+01
   6.2159100e+06   2.0000000e+01
   6.2159670e+06   3.3000000e+01
   6.2160250e+06   3.8000000e+01
   6.2160610e+06   1.8000000e+01
   6.2161820e+06   1.6000000e+01
   6.2162590e+06   3.0000000e+01
   6.2163350e+06   3.2000000e+01
   6.2165830e+06   2.5000000e+01
   6.2166120e+06   2.0000000e+01
   6.2166830e+06   2.8000000e+01
   6.2167580e+06   3.0000000e+01
   6.2167960e+06   2.3000000e+01
   6.2168540e+06   2.6000000e+01
   6.2170510e+06   2.4000000e+01
   6.2170990e+06   1.8000000e+01
   6.2173010e+06   2.4000000e+01
   6.2173320e+06   1.7000000e+01
   6.2174420e+06   2.0000000e+01
   6.2175190e+06   2.0000000e+01
   6.2175750e+06   1.8000000e+01
   6.2176100e+06   2.9000000e+01
   6.2177720e+06   1.6000000e+01
   6.2178550e+06   1.7000000e+01
   6.2178920e+06   1.9000000e+01
   6.2179680e+06   2.3000000e+01
   6.2180790e+06   1.6000000e+01
   6.2181440e+06   1.9000000e+01
   6.2182970e+06   1.9000000e+01
   6.2183370e+06   2.2000000e+01
   6.2184050e+06   1.9000000e+01
   6.2187860e+06   1.6000000e+01
   6.2193170e+06   1.8000000e+01
   6.2194300e+06   2.1000000e+01
   6.2197960e+06   1.6000000e+01
   6.2201940e+06   1.9000000e+01
   6.2202240e+06   2.5000000e+01
   6.2208890e+06   1.7000000e+01
   6.2211410e+06   1.7000000e+01
   6.2211670e+06   2.1000000e+01
   6.2220990e+06   2.2000000e+01
   6.2230890e+06   1.7000000e+01
   6.2231250e+06   1.6000000e+01
   6.2273540e+06   2.2000000e+01
   6.2277890e+06   1.6000000e+01
   6.2280930e+06   1.8000000e+01
   6.2282350e+06   1.8000000e+01
   6.2283220e+06   1.7000000e+01
   6.2284570e+06   1.8000000e+01
   6.2290810e+06   2.3000000e+01
   6.2322800e+06   1.8000000e+01
   6.2325360e+06   1.7000000e+01
   6.2326790e+06   2.6000000e+01
   6.2327610e+06   2.1000000e+01
   6.2374590e+06   2.1000000e+01
   6.2375170e+06   2.0000000e+01
   6.2380240e+06   1.6000000e+01
   6.2380790e+06   2.5000000e+01
   6.2381100e+06   1.7000000e+01
   6.5311200e+06   1.6000000e+01
   6.6172900e+06   1.6000000e+01
   6.6657110e+06   1.6000000e+01
   6.6663790e+06   1.6000000e+01
   6.6664330e+06   2.0000000e+01
   6.6665210e+06   2.0000000e+01
   6.6665510e+06   2.2000000e+01
   6.6666070e+06   2.1000000e+01
   6.6666650e+06   2.0000000e+01
   6.6667510e+06   2.3000000e+01
   6.6668330e+06   3.1000000e+01
   6.6668680e+06   1.6000000e+01
   6.6669130e+06   1.7000000e+01
   6.6669920e+06   1.6000000e+01
   6.6670390e+06   1.7000000e+01
   6.6671600e+06   1.6000000e+01
   6.6671980e+06   1.7000000e+01
   6.6672540e+06   2.2000000e+01
   6.6673160e+06   3.1000000e+01
   6.6673990e+06   2.0000000e+01
   6.6675030e+06   1.8000000e+01
   6.6675890e+06   1.7000000e+01
   6.6677080e+06   2.7000000e+01
   6.6677690e+06   2.5000000e+01
   6.6678030e+06   2.2000000e+01
   6.6679500e+06   2.0000000e+01
   6.6680000e+06   1.6000000e+01
   6.6680420e+06   2.0000000e+01
   6.6680860e+06   2.8000000e+01
   6.6681520e+06   1.7000000e+01
   6.6682270e+06   2.0000000e+01
   6.6682710e+06   2.9000000e+01
   6.6683170e+06   2.2000000e+01
   6.6684000e+06   3.1000000e+01
   6.6684600e+06   2.1000000e+01
   6.6685230e+06   2.6000000e+01
   6.6686040e+06   2.8000000e+01
   6.6686630e+06   2.3000000e+01
   6.6687100e+06   1.8000000e+01
   6.6688440e+06   1.9000000e+01
   6.6688900e+06   2.0000000e+01
   6.6689970e+06   1.6000000e+01
   6.6690410e+06   2.7000000e+01
   6.6690740e+06   2.1000000e+01
   6.6691230e+06   1.6000000e+01
   6.6692070e+06   1.6000000e+01
   6.6692830e+06   1.8000000e+01
   6.6693710e+06   2.9000000e+01
   6.6694300e+06   1.6000000e+01
   6.6695310e+06   1.8000000e+01
   6.6696560e+06   1.6000000e+01
   6.6697000e+06   2.3000000e+01
   6.6698040e+06   2.0000000e+01
   6.6698370e+06   1.9000000e+01
   6.6701150e+06   2.2000000e+01
   6.6701400e+06   2.3000000e+01
   6.6703670e+06   1.8000000e+01
   6.6705570e+06   1.6000000e+01
   6.6706570e+06   2.4000000e+01
   6.6707620e+06   1.6000000e+01
   6.6708530e+06   1.6000000e+01
   6.6712680e+06   2.0000000e+01
   6.6713880e+06   1.7000000e+01
   6.6716310e+06   2.0000000e+01
   6.6717060e+06   2.1000000e+01
   6.6717630e+06   1.6000000e+01
   6.6720870e+06   1.8000000e+01
   6.6722170e+06   1.6000000e+01
   6.6723550e+06   1.6000000e+01
   6.6729110e+06   1.7000000e+01
   6.6735070e+06   1.6000000e+01
   6.6750250e+06   2.0000000e+01
   6.6761370e+06   1.6000000e+01
   6.6765550e+06   2.2000000e+01
   6.6793560e+06   1.7000000e+01
   6.6801180e+06   1.7000000e+01
   6.6807460e+06   3.2000000e+01
   6.6854870e+06   1.6000000e+01
   6.6887100e+06   1.6000000e+01
   6.6887650e+06   2.7000000e+01
   6.6892010e+06   1.7000000e+01
   6.8616850e+06   1.6000000e+01
   7.2729590e+06   1.6000000e+01
   7.2738950e+06   1.6000000e+01
   7.2753700e+06   1.7000000e+01
   7.3386050e+06   1.7000000e+01
   7.3600710e+06   2.3000000e+01
   7.3602170e+06   1.6000000e+01
   7.3602480e+06   1.6000000e+01
   7.3603310e+06   1.8000000e+01
   7.3604480e+06   2.0000000e+01
   7.3605570e+06   1.8000000e+01
   7.3606370e+06   1.6000000e+01
   7.3606910e+06   3.1000000e+01
   7.3608480e+06   2.6000000e+01
   7.3608740e+06   1.7000000e+01
   7.3609470e+06   2.0000000e+01
   7.3609720e+06   1.7000000e+01
   7.3610200e+06   1.9000000e+01
   7.3610600e+06   1.6000000e+01
   7.3611140e+06   2.1000000e+01
   7.3611840e+06   2.2000000e+01
   7.3612650e+06   2.7000000e+01
   7.3613630e+06   1.6000000e+01
   7.3614160e+06   2.0000000e+01
   7.3615490e+06   1.6000000e+01
   7.3615970e+06   1.7000000e+01
   7.3616820e+06   2.2000000e+01
   7.3617100e+06   2.6000000e+01
   7.3617640e+06   3.0000000e+01
   7.3617900e+06   1.6000000e+01
   7.3618910e+06   2.5000000e+01
   7.3619530e+06   3.1000000e+01
   7.3620740e+06   2.7000000e+01
   7.3621400e+06   2.4000000e+01
   7.3622200e+06   1.6000000e+01
   7.3623020e+06   1.9000000e+01
   7.3623760e+06   2.0000000e+01
   7.3625830e+06   1.6000000e+01
   7.3626760e+06   1.6000000e+01
   7.3627260e+06   2.3000000e+01
   7.3627840e+06   2.4000000e+01
   7.3628540e+06   1.7000000e+01
   7.3629830e+06   2.0000000e+01
   7.3630150e+06   1.9000000e+01
   7.3630910e+06   1.6000000e+01
   7.3631520e+06   1.9000000e+01
   7.3631860e+06   1.9000000e+01
   7.3632640e+06   1.7000000e+01
   7.3634190e+06   2.2000000e+01
   7.3636150e+06   2.0000000e+01
   7.3637230e+06   2.3000000e+01
   7.3637640e+06   2.5000000e+01
   7.3638460e+06   1.6000000e+01
   7.3639020e+06   1.8000000e+01
   7.3640000e+06   1.6000000e+01
   7.3641670e+06   1.6000000e+01
   7.3642500e+06   2.1000000e+01
   7.3642910e+06   1.9000000e+01
   7.3643590e+06   1.7000000e+01
   7.3645980e+06   1.6000000e+01
   7.3646510e+06   2.2000000e+01
   7.3647210e+06   1.7000000e+01
   7.3651650e+06   1.6000000e+01
   7.3652960e+06   1.6000000e+01
   7.3653800e+06   1.9000000e+01
   7.3657360e+06   2.1000000e+01
   7.3668010e+06   1.8000000e+01
   7.3668380e+06   1.8000000e+01
   7.3671580e+06   1.6000000e+01
   7.3674460e+06   1.7000000e+01
   7.3681080e+06   2.3000000e+01
   7.3683020e+06   1.6000000e+01
   7.3687150e+06   2.4000000e+01
   7.3734870e+06   1.6000000e+01
   7.3735250e+06   2.8000000e+01
   7.3741290e+06   2.0000000e+01
   7.3741630e+06   2.9000000e+01
   7.3742110e+06   1.9000000e+01
   7.3747060e+06   2.4000000e+01
   7.3747690e+06   2.0000000e+01
   7.3749180e+06   1.8000000e+01
   7.3756870e+06   2.6000000e+01
   7.3769890e+06   1.6000000e+01
   7.3778800e+06   2.1000000e+01
   7.3779860e+06   2.0000000e+01
   7.3790830e+06   1.7000000e+01
   7.3791510e+06   1.9000000e+01
   7.3797520e+06   2.1000000e+01
   7.3798290e+06   2.4000000e+01
   7.3816690e+06   1.8000000e+01
   7.3818870e+06   1.7000000e+01
   7.3844030e+06   2.1000000e+01
   7.3847630e+06   1.7000000e+01
   7.3851590e+06   1.7000000e+01
   7.3865210e+06   1.7000000e+01
   7.3877350e+06   1.7000000e+01
   7.3929200e+06   1.7000000e+01
   7.3954210e+06   2.0000000e+01
