   7.5250000e+06   0.0000000e+00
   2.1146000e+04   2.4000000e+01
   2.1232000e+04   2.2000000e+01
   2.3183000e+04   2.1000000e+01
   3.8535000e+04   2.1000000e+01
   1.6503100e+05   2.6000000e+01
   1.6586200e+05   2.1000000e+01
   1.6630100e+05   2.1000000e+01
   1.6698800e+05   2.1000000e+01
   1.6704900e+05   2.2000000e+01
   1.6771100e+05   2.1000000e+01
   1.7707200e+05   2.5000000e+01
   1.7817600e+05   2.1000000e+01
   2.7858500e+05   2.1000000e+01
   2.9156000e+05   2.1000000e+01
   2.9244000e+05   2.3000000e+01
   4.1218400e+05   2.1000000e+01
   4.1234000e+05   2.4000000e+01
   4.1400500e+05   2.1000000e+01
   4.1488200e+05   2.1000000e+01
   4.1514100e+05   2.3000000e+01
   4.1554500e+05   2.5000000e+01
   5.7174000e+05   2.2000000e+01
   5.7181700e+05   2.1000000e+01
   5.7190000e+05   2.2000000e+01
   5.7242200e+05   2.2000000e+01
   5.7301000e+05   2.1000000e+01
   5.7942600e+05   2.6000000e+01
   5.8015300e+05   2.3000000e+01
   5.8101700e+05   2.2000000e+01
   5.8226900e+05   2.1000000e+01
   5.8275000e+05   2.2000000e+01
   7.6561700e+05   2.4000000e+01
   7.6576000e+05   2.4000000e+01
   7.6593500e+05   2.1000000e+01
   7.7679900e+05   2.3000000e+01
   7.7720800e+05   2.5000000e+01
   7.7766500e+05   2.3000000e+01
   9.2432500e+05   2.1000000e+01
   9.2522700e+05   2.5000000e+01
   9.2590900e+05   2.2000000e+01
   9.2901900e+05   2.1000000e+01
   9.6888600e+05   2.2000000e+01
   9.9742000e+05   2.3000000e+01
   1.0415200e+06   2.2000000e+01
   1.0442790e+06   2.2000000e+01
   1.0888990e+06   2.3000000e+01
   1.1490220e+06   2.2000000e+01
   1.1502500e+06   2.3000000e+01
   1.1559570e+06   2.2000000e+01
   1.1560540e+06   2.2000000e+01
   1.1562270e+06   2.4000000e+01
   1.1569480e+06   2.1000000e+01
   1.1577940e+06   2.4000000e+01
   1.1581310e+06   2.1000000e+01
   1.1583900e+06   2.1000000e+01
   1.3132620e+06   2.6000000e+01
   1.3133260e+06   2.3000000e+01
   1.3134620e+06   2.4000000e+01
   1.3135070e+06   2.2000000e+01
   1.3141130e+06   2.2000000e+01
   1.3141480e+06   2.5000000e+01
   1.3152980e+06   2.3000000e+01
   1.3160580e+06   2.1000000e+01
   1.4394430e+06   2.1000000e+01
   1.4410990e+06   2.1000000e+01
   1.4563520e+06   2.1000000e+01
   1.5762870e+06   2.1000000e+01
   1.5765200e+06   2.2000000e+01
   1.5766240e+06   2.1000000e+01
   1.5767270e+06   2.8000000e+01
   1.5773210e+06   2.2000000e+01
   1.7385510e+06   2.2000000e+01
   1.7388850e+06   2.6000000e+01
   1.7391830e+06   2.2000000e+01
   1.7392180e+06   2.2000000e+01
   1.7396520e+06   2.6000000e+01
   1.7398710e+06   2.6000000e+01
   1.7399010e+06   2.7000000e+01
   1.7405500e+06   2.1000000e+01
   1.7561380e+06   2.5000000e+01
   1.8893590e+06   2.1000000e+01
   1.8912560e+06   2.1000000e+01
   1.8929470e+06   2.1000000e+01
   1.8933830e+06   2.4000000e+01
   1.8937100e+06   2.6000000e+01
   2.0291680e+06   2.4000000e+01
   2.0784900e+06   2.1000000e+01
   2.0791230e+06   2.1000000e+01
   2.0803190e+06   2.1000000e+01
   2.2340230e+06   2.2000000e+01
   2.2347420e+06   2.2000000e+01
   2.2371850e+06   2.1000000e+01
   2.3675600e+06   2.4000000e+01
   2.3676740e+06   2.2000000e+01
   2.3678020e+06   2.1000000e+01
   2.3681510e+06   2.1000000e+01
   2.3684420e+06   2.1000000e+01
   2.3685320e+06   2.2000000e+01
   2.3702080e+06   2.1000000e+01
   2.3719220e+06   2.2000000e+01
   2.3722140e+06   2.3000000e+01
   2.3734060e+06   2.1000000e+01
   2.3757250e+06   2.1000000e+01
   2.3759690e+06   2.1000000e+01
   2.3763430e+06   2.4000000e+01
   2.3818590e+06   2.1000000e+01
   2.3827460e+06   2.1000000e+01
   2.3830670e+06   2.1000000e+01
   2.3851000e+06   2.2000000e+01
   2.4697080e+06   2.1000000e+01
   2.5328270e+06   2.6000000e+01
   2.5331230e+06   2.7000000e+01
   2.5332920e+06   2.4000000e+01
   2.5334750e+06   2.1000000e+01
   2.5340110e+06   2.2000000e+01
   2.5352680e+06   2.1000000e+01
   2.5526730e+06   2.2000000e+01
   2.5580700e+06   2.1000000e+01
   2.6302340e+06   2.1000000e+01
   2.7268170e+06   2.2000000e+01
   2.7271460e+06   2.1000000e+01
   2.7272190e+06   2.2000000e+01
   2.7274290e+06   2.2000000e+01
   2.7279840e+06   2.2000000e+01
   2.8999950e+06   2.4000000e+01
   2.9000930e+06   2.1000000e+01
   2.9006440e+06   2.3000000e+01
   2.9007200e+06   2.2000000e+01
   2.9008220e+06   2.2000000e+01
   2.9014280e+06   2.1000000e+01
   2.9014790e+06   2.1000000e+01
   2.9016910e+06   2.3000000e+01
   2.9021600e+06   2.1000000e+01
   2.9022230e+06   2.2000000e+01
   2.9023270e+06   2.6000000e+01
   2.9023700e+06   2.5000000e+01
   2.9030160e+06   2.2000000e+01
   2.9472520e+06   2.1000000e+01
   2.9502960e+06   2.2000000e+01
   3.0147140e+06   2.6000000e+01
   3.0155950e+06   2.2000000e+01
   3.0163690e+06   2.1000000e+01
   3.0170980e+06   2.4000000e+01
   3.0185600e+06   2.7000000e+01
   3.0196930e+06   2.3000000e+01
   3.1347510e+06   2.3000000e+01
   3.1385490e+06   2.3000000e+01
   3.1396340e+06   2.1000000e+01
   3.1404880e+06   2.2000000e+01
   3.2042520e+06   2.2000000e+01
   3.2054800e+06   2.1000000e+01
   3.2057010e+06   2.1000000e+01
   3.2059530e+06   2.1000000e+01
   3.2064310e+06   2.1000000e+01
   3.2278060e+06   2.1000000e+01
   3.3518830e+06   2.1000000e+01
   3.3519220e+06   2.1000000e+01
   3.3531030e+06   2.5000000e+01
   3.3617800e+06   2.1000000e+01
   3.3795050e+06   2.1000000e+01
   3.3795300e+06   2.1000000e+01
   3.3847530e+06   2.3000000e+01
   3.3868990e+06   2.2000000e+01
   3.3869320e+06   2.2000000e+01
   3.3888800e+06   2.2000000e+01
   3.3889450e+06   2.1000000e+01
   3.3922600e+06   2.3000000e+01
   3.3923030e+06   2.1000000e+01
   3.3926050e+06   2.1000000e+01
   3.3927350e+06   2.5000000e+01
   3.3928040e+06   2.1000000e+01
   3.3928320e+06   2.3000000e+01
   3.3936050e+06   2.2000000e+01
   3.3945830e+06   2.4000000e+01
   3.3948760e+06   2.2000000e+01
   3.5628490e+06   2.2000000e+01
   3.5637210e+06   2.1000000e+01
   3.5641690e+06   2.5000000e+01
   3.5686770e+06   2.2000000e+01
   3.5888560e+06   2.1000000e+01
   3.6052920e+06   2.2000000e+01
   3.6083750e+06   2.3000000e+01
   3.6145010e+06   2.1000000e+01
   3.6206050e+06   2.4000000e+01
   3.6846500e+06   2.1000000e+01
   3.6861470e+06   2.7000000e+01
   3.6863720e+06   2.6000000e+01
   3.6872890e+06   2.2000000e+01
   3.8978960e+06   2.1000000e+01
   3.9004430e+06   2.1000000e+01
   3.9008100e+06   2.6000000e+01
   3.9025820e+06   2.1000000e+01
   4.0647590e+06   2.1000000e+01
   4.0651410e+06   2.2000000e+01
   4.0652540e+06   2.8000000e+01
   4.0656310e+06   2.2000000e+01
   4.0657140e+06   2.2000000e+01
   4.0663080e+06   2.1000000e+01
   4.0663750e+06   2.1000000e+01
   4.2691950e+06   2.5000000e+01
   4.2706800e+06   2.3000000e+01
   4.4040920e+06   2.9000000e+01
   4.4056410e+06   2.1000000e+01
   4.4281480e+06   2.1000000e+01
   4.4285460e+06   2.3000000e+01
   4.4286960e+06   2.5000000e+01
   4.4288490e+06   2.4000000e+01
   4.4300360e+06   2.6000000e+01
   4.4300780e+06   2.1000000e+01
   4.4310560e+06   2.1000000e+01
   4.6039840e+06   2.1000000e+01
   4.6160200e+06   2.1000000e+01
   4.6181050e+06   2.3000000e+01
   4.7772230e+06   2.1000000e+01
   4.7846770e+06   2.6000000e+01
   4.7874940e+06   2.4000000e+01
   4.7952700e+06   2.1000000e+01
   4.7958340e+06   2.2000000e+01
   4.7958660e+06   2.4000000e+01
   4.7964480e+06   2.2000000e+01
   4.7976190e+06   2.1000000e+01
   4.7984360e+06   2.1000000e+01
   4.7985200e+06   2.1000000e+01
   4.9737050e+06   2.1000000e+01
   5.0187340e+06   2.4000000e+01
   5.0187590e+06   2.2000000e+01
   5.0189320e+06   2.1000000e+01
   5.0194880e+06   2.2000000e+01
   5.0224280e+06   2.1000000e+01
   5.0305150e+06   2.1000000e+01
   5.0571300e+06   2.1000000e+01
   5.1670620e+06   2.1000000e+01
   5.1718380e+06   2.2000000e+01
   5.1728280e+06   2.1000000e+01
   5.1729580e+06   2.1000000e+01
   5.1730530e+06   2.2000000e+01
   5.1732640e+06   2.2000000e+01
   5.1743210e+06   2.3000000e+01
   5.1823410e+06   2.2000000e+01
   5.2942870e+06   2.1000000e+01
   5.2952030e+06   2.2000000e+01
   5.4237060e+06   2.3000000e+01
   5.4246700e+06   2.2000000e+01
   5.4248150e+06   2.2000000e+01
   5.4252220e+06   2.1000000e+01
   5.4252950e+06   2.2000000e+01
   5.4260510e+06   2.4000000e+01
   5.4343610e+06   2.1000000e+01
   5.4351940e+06   2.3000000e+01
   5.4357110e+06   2.1000000e+01
   5.4359810e+06   2.2000000e+01
   5.6132880e+06   2.4000000e+01
   5.6133160e+06   2.3000000e+01
   5.6140610e+06   2.3000000e+01
   5.7009530e+06   2.2000000e+01
   5.7023070e+06   2.2000000e+01
   5.7042810e+06   2.1000000e+01
   5.7063670e+06   2.1000000e+01
   5.7066240e+06   2.5000000e+01
   5.7067250e+06   3.0000000e+01
   5.7068820e+06   2.3000000e+01
   5.7087260e+06   2.1000000e+01
   5.8779680e+06   2.2000000e+01
   5.8800120e+06   2.6000000e+01
   5.8806110e+06   2.1000000e+01
   5.8809970e+06   2.4000000e+01
   5.8810710e+06   2.4000000e+01
   5.8811030e+06   2.1000000e+01
   5.9829320e+06   2.1000000e+01
   5.9853010e+06   2.4000000e+01
   5.9854740e+06   2.2000000e+01
   5.9858510e+06   2.2000000e+01
   5.9867120e+06   2.3000000e+01
   5.9876300e+06   2.5000000e+01
   5.9880150e+06   2.1000000e+01
   5.9880810e+06   2.3000000e+01
   5.9881640e+06   2.4000000e+01
   5.9887720e+06   2.1000000e+01
   5.9897950e+06   2.6000000e+01
   5.9899580e+06   2.1000000e+01
   5.9918660e+06   2.1000000e+01
   5.9940650e+06   2.2000000e+01
   5.9988150e+06   2.1000000e+01
   6.2418760e+06   2.1000000e+01
   6.2446440e+06   2.1000000e+01
   6.2460260e+06   2.4000000e+01
   6.2468120e+06   2.2000000e+01
   6.2875960e+06   2.1000000e+01
   6.3401200e+06   2.1000000e+01
   6.3416200e+06   2.4000000e+01
   6.3459990e+06   2.3000000e+01
   6.3470830e+06   2.2000000e+01
   6.3520390e+06   2.2000000e+01
   6.5481120e+06   2.1000000e+01
   6.6155400e+06   2.3000000e+01
   6.6156720e+06   2.1000000e+01
   6.6167000e+06   2.6000000e+01
   6.6182360e+06   2.1000000e+01
   6.6235780e+06   2.1000000e+01
   6.8544890e+06   2.8000000e+01
   6.8547680e+06   2.1000000e+01
   6.8553390e+06   2.2000000e+01
   6.9347240e+06   2.4000000e+01
   6.9532770e+06   2.1000000e+01
   6.9534700e+06   2.2000000e+01
   6.9537070e+06   2.2000000e+01
   6.9542670e+06   2.1000000e+01
   6.9554160e+06   2.2000000e+01
   7.1008260e+06   2.1000000e+01
   7.1841710e+06   2.3000000e+01
   7.2207380e+06   3.0000000e+01
   7.2215010e+06   2.1000000e+01
   7.2216890e+06   3.2000000e+01
   7.2218140e+06   2.2000000e+01
   7.2223420e+06   2.2000000e+01
   7.2237420e+06   2.1000000e+01
   7.3490590e+06   2.2000000e+01
   7.3491220e+06   2.6000000e+01
   7.3492090e+06   2.3000000e+01
   7.3528130e+06   2.1000000e+01
   7.3541610e+06   2.1000000e+01
   7.3551060e+06   2.2000000e+01
   7.4904480e+06   2.1000000e+01
   7.4905450e+06   2.3000000e+01
   7.4917020e+06   2.1000000e+01
   7.4958680e+06   2.2000000e+01
