   7.5250000e+06   0.0000000e+00
   2.1145000e+04   2.2000000e+01
   2.1232000e+04   2.4000000e+01
   2.1624000e+04   2.2000000e+01
   2.4602000e+04   2.4000000e+01
   1.6503100e+05   2.5000000e+01
   1.6586200e+05   2.8000000e+01
   1.6627700e+05   2.3000000e+01
   1.6688700e+05   2.4000000e+01
   1.6704800e+05   2.1000000e+01
   1.6709200e+05   2.1000000e+01
   1.6744500e+05   2.8000000e+01
   1.6859600e+05   2.6000000e+01
   1.7155900e+05   2.6000000e+01
   2.7460200e+05   2.3000000e+01
   2.9216800e+05   2.2000000e+01
   2.9244100e+05   2.4000000e+01
   4.1399100e+05   2.1000000e+01
   4.1514100e+05   2.6000000e+01
   4.1554400e+05   2.6000000e+01
   4.1679600e+05   2.1000000e+01
   4.2816300e+05   2.1000000e+01
   4.2833200e+05   2.1000000e+01
   4.3014300e+05   2.1000000e+01
   4.3038100e+05   2.1000000e+01
   5.0360400e+05   2.2000000e+01
   5.0375300e+05   2.2000000e+01
   5.7152100e+05   2.2000000e+01
   5.7169700e+05   2.3000000e+01
   5.7174000e+05   2.3000000e+01
   5.7181600e+05   2.2000000e+01
   5.7190100e+05   2.3000000e+01
   5.7241800e+05   2.1000000e+01
   5.7248100e+05   2.2000000e+01
   5.7301000e+05   2.1000000e+01
   5.7942400e+05   2.1000000e+01
   5.8088400e+05   2.1000000e+01
   5.8101500e+05   2.1000000e+01
   5.8140000e+05   2.3000000e+01
   5.8226900e+05   3.0000000e+01
   5.8253800e+05   2.1000000e+01
   5.8553700e+05   2.1000000e+01
   5.8615500e+05   2.1000000e+01
   7.6563500e+05   2.3000000e+01
   7.6573800e+05   2.2000000e+01
   7.6586200e+05   2.3000000e+01
   7.6851300e+05   2.3000000e+01
   7.7718200e+05   2.6000000e+01
   7.7766700e+05   2.2000000e+01
   7.7775700e+05   2.2000000e+01
   7.7825700e+05   2.6000000e+01
   9.2216000e+05   2.2000000e+01
   9.2291500e+05   2.1000000e+01
   9.2500000e+05   2.1000000e+01
   9.2517600e+05   2.2000000e+01
   9.2531000e+05   2.5000000e+01
   9.2582600e+05   2.1000000e+01
   9.2642800e+05   2.1000000e+01
   9.2786400e+05   2.1000000e+01
   9.2815100e+05   2.1000000e+01
   9.2901900e+05   2.1000000e+01
   9.6888700e+05   2.1000000e+01
   9.9677600e+05   2.2000000e+01
   9.9842400e+05   2.2000000e+01
   1.0442780e+06   2.1000000e+01
   1.0889100e+06   2.7000000e+01
   1.1490000e+06   2.1000000e+01
   1.1562280e+06   2.2000000e+01
   1.1578120e+06   2.3000000e+01
   1.1578430e+06   2.1000000e+01
   1.1583910e+06   2.5000000e+01
   1.1590180e+06   2.3000000e+01
   1.1591570e+06   2.3000000e+01
   1.1605240e+06   2.3000000e+01
   1.2944650e+06   2.1000000e+01
   1.3132630e+06   2.6000000e+01
   1.3133260e+06   2.5000000e+01
   1.3134620e+06   2.3000000e+01
   1.3135220e+06   2.3000000e+01
   1.3139060e+06   2.1000000e+01
   1.3141100e+06   2.1000000e+01
   1.3141480e+06   2.8000000e+01
   1.3142370e+06   2.2000000e+01
   1.3151100e+06   2.1000000e+01
   1.3152970e+06   2.1000000e+01
   1.3154960e+06   2.1000000e+01
   1.4422790e+06   2.2000000e+01
   1.5401350e+06   2.2000000e+01
   1.5765200e+06   2.6000000e+01
   1.5767220e+06   2.2000000e+01
   1.5774520e+06   2.1000000e+01
   1.5789980e+06   2.2000000e+01
   1.7373350e+06   2.1000000e+01
   1.7387740e+06   2.3000000e+01
   1.7388850e+06   2.5000000e+01
   1.7392120e+06   2.4000000e+01
   1.7393640e+06   2.2000000e+01
   1.7396560e+06   2.9000000e+01
   1.7398690e+06   2.6000000e+01
   1.7399530e+06   2.1000000e+01
   1.7411860e+06   2.1000000e+01
   1.7416050e+06   2.1000000e+01
   1.7539190e+06   2.2000000e+01
   1.7544760e+06   2.1000000e+01
   1.7561380e+06   2.4000000e+01
   1.8593660e+06   2.1000000e+01
   1.8893590e+06   2.2000000e+01
   1.8906210e+06   2.2000000e+01
   1.8912510e+06   2.5000000e+01
   1.8928500e+06   2.4000000e+01
   1.8929730e+06   2.5000000e+01
   1.8934180e+06   2.6000000e+01
   1.8937060e+06   2.3000000e+01
   1.8937540e+06   2.4000000e+01
   1.8959220e+06   2.5000000e+01
   1.8986920e+06   2.2000000e+01
   1.9338220e+06   2.1000000e+01
   2.0291460e+06   2.3000000e+01
   2.0783850e+06   2.2000000e+01
   2.0788640e+06   2.1000000e+01
   2.0793020e+06   2.1000000e+01
   2.0799890e+06   2.3000000e+01
   2.0803790e+06   2.2000000e+01
   2.0809340e+06   2.3000000e+01
   2.2340220e+06   2.1000000e+01
   2.2372130e+06   2.2000000e+01
   2.3675650e+06   2.5000000e+01
   2.3676730e+06   2.1000000e+01
   2.3681330e+06   2.1000000e+01
   2.3683730e+06   2.1000000e+01
   2.3689960e+06   2.1000000e+01
   2.3701120e+06   2.1000000e+01
   2.3722140e+06   2.3000000e+01
   2.3739130e+06   2.1000000e+01
   2.3757230e+06   2.3000000e+01
   2.3763120e+06   2.1000000e+01
   2.3818440e+06   2.1000000e+01
   2.3821180e+06   2.2000000e+01
   2.3824930e+06   2.1000000e+01
   2.3829860e+06   2.2000000e+01
   2.3833550e+06   2.1000000e+01
   2.5315030e+06   2.2000000e+01
   2.5327060e+06   2.1000000e+01
   2.5328260e+06   2.4000000e+01
   2.5329790e+06   2.2000000e+01
   2.5331470e+06   2.5000000e+01
   2.5333230e+06   2.7000000e+01
   2.5334750e+06   2.1000000e+01
   2.5352740e+06   2.2000000e+01
   2.5488080e+06   2.3000000e+01
   2.5509030e+06   2.2000000e+01
   2.7267310e+06   2.1000000e+01
   2.7268270e+06   2.4000000e+01
   2.7274280e+06   2.3000000e+01
   2.7730220e+06   2.1000000e+01
   2.8999910e+06   2.2000000e+01
   2.9000930e+06   2.1000000e+01
   2.9006630e+06   2.3000000e+01
   2.9007250e+06   2.1000000e+01
   2.9018830e+06   2.1000000e+01
   2.9021560e+06   2.4000000e+01
   2.9022870e+06   2.1000000e+01
   2.9025360e+06   2.1000000e+01
   2.9030160e+06   2.2000000e+01
   3.0035880e+06   2.1000000e+01
   3.0146920e+06   2.1000000e+01
   3.0155950e+06   2.3000000e+01
   3.0158250e+06   2.1000000e+01
   3.0163030e+06   2.3000000e+01
   3.0176570e+06   2.1000000e+01
   3.0196920e+06   2.7000000e+01
   3.0210200e+06   2.2000000e+01
   3.1384990e+06   2.2000000e+01
   3.1385490e+06   2.3000000e+01
   3.1393730e+06   2.1000000e+01
   3.1396050e+06   2.1000000e+01
   3.1400440e+06   2.4000000e+01
   3.1406950e+06   2.1000000e+01
   3.2042520e+06   2.3000000e+01
   3.2044040e+06   2.3000000e+01
   3.2056800e+06   2.6000000e+01
   3.2263670e+06   2.1000000e+01
   3.3531260e+06   2.3000000e+01
   3.3536500e+06   2.4000000e+01
   3.3552510e+06   2.2000000e+01
   3.3579160e+06   2.2000000e+01
   3.3617790e+06   2.3000000e+01
   3.3641360e+06   2.2000000e+01
   3.3642940e+06   2.2000000e+01
   3.3795300e+06   2.3000000e+01
   3.3847530e+06   2.1000000e+01
   3.3868900e+06   2.1000000e+01
   3.3869360e+06   2.4000000e+01
   3.3923030e+06   2.1000000e+01
   3.3928030e+06   2.4000000e+01
   3.3928330e+06   2.3000000e+01
   3.3938090e+06   2.3000000e+01
   3.3938410e+06   2.1000000e+01
   3.3941700e+06   2.6000000e+01
   3.3955030e+06   2.5000000e+01
   3.5628490e+06   2.1000000e+01
   3.5640060e+06   2.3000000e+01
   3.5641760e+06   2.1000000e+01
   3.5646660e+06   2.2000000e+01
   3.5648430e+06   2.3000000e+01
   3.5651820e+06   2.1000000e+01
   3.5658780e+06   2.2000000e+01
   3.5685170e+06   2.1000000e+01
   3.5685950e+06   2.2000000e+01
   3.5686760e+06   2.2000000e+01
   3.5691990e+06   2.1000000e+01
   3.5704420e+06   2.1000000e+01
   3.5888800e+06   2.7000000e+01
   3.6052920e+06   2.2000000e+01
   3.6072830e+06   2.1000000e+01
   3.6351400e+06   2.2000000e+01
   3.6724020e+06   2.1000000e+01
   3.6842230e+06   2.2000000e+01
   3.6861370e+06   2.3000000e+01
   3.6863720e+06   2.7000000e+01
   3.6873020e+06   2.1000000e+01
   3.6879940e+06   2.1000000e+01
   3.6885830e+06   2.1000000e+01
   3.6889140e+06   2.1000000e+01
   3.7678260e+06   2.1000000e+01
   3.7685850e+06   2.2000000e+01
   3.7688380e+06   2.1000000e+01
   3.7700440e+06   2.1000000e+01
   3.7724460e+06   2.4000000e+01
   3.7730640e+06   2.1000000e+01
   3.9006220e+06   2.5000000e+01
   3.9008060e+06   2.2000000e+01
   3.9026030e+06   2.3000000e+01
   3.9027760e+06   2.3000000e+01
   4.0639680e+06   2.1000000e+01
   4.0647600e+06   2.1000000e+01
   4.0648820e+06   2.1000000e+01
   4.0651640e+06   2.3000000e+01
   4.0656300e+06   2.6000000e+01
   4.0657140e+06   2.2000000e+01
   4.0683100e+06   2.1000000e+01
   4.2354600e+06   2.1000000e+01
   4.2691950e+06   2.1000000e+01
   4.2706770e+06   2.3000000e+01
   4.2727230e+06   2.2000000e+01
   4.2818210e+06   2.4000000e+01
   4.2823570e+06   2.7000000e+01
   4.2828450e+06   2.5000000e+01
   4.2862910e+06   2.1000000e+01
   4.4040910e+06   2.1000000e+01
   4.4042580e+06   2.2000000e+01
   4.4049680e+06   2.1000000e+01
   4.4051290e+06   2.3000000e+01
   4.4066920e+06   2.5000000e+01
   4.4080570e+06   2.3000000e+01
   4.4285400e+06   2.1000000e+01
   4.4287430e+06   2.2000000e+01
   4.4288370e+06   2.2000000e+01
   4.4288890e+06   2.3000000e+01
   4.4289530e+06   2.3000000e+01
   4.4290510e+06   2.1000000e+01
   4.4296520e+06   2.1000000e+01
   4.4296920e+06   2.4000000e+01
   4.4300360e+06   2.1000000e+01
   4.4304190e+06   2.1000000e+01
   4.4307170e+06   2.2000000e+01
   4.4310560e+06   2.5000000e+01
   4.6169180e+06   2.1000000e+01
   4.6195170e+06   2.6000000e+01
   4.6781140e+06   2.4000000e+01
   4.7811550e+06   2.6000000e+01
   4.7820240e+06   2.2000000e+01
   4.7846560e+06   2.5000000e+01
   4.7860250e+06   2.1000000e+01
   4.7874950e+06   2.4000000e+01
   4.7958340e+06   2.5000000e+01
   4.7958650e+06   2.7000000e+01
   4.7963070e+06   2.3000000e+01
   4.7975990e+06   2.1000000e+01
   4.7977530e+06   2.3000000e+01
   4.7983400e+06   2.1000000e+01
   4.7985210e+06   2.5000000e+01
   4.7991270e+06   2.1000000e+01
   4.7991730e+06   2.1000000e+01
   4.7992900e+06   2.3000000e+01
   4.7993360e+06   2.2000000e+01
   4.8582750e+06   2.1000000e+01
   5.0175660e+06   2.1000000e+01
   5.0187540e+06   2.9000000e+01
   5.0189440e+06   2.1000000e+01
   5.0192720e+06   2.2000000e+01
   5.0193160e+06   2.4000000e+01
   5.0195490e+06   2.3000000e+01
   5.0305050e+06   2.2000000e+01
   5.0307070e+06   2.2000000e+01
   5.0311090e+06   2.8000000e+01
   5.0316790e+06   2.1000000e+01
   5.0332390e+06   2.1000000e+01
   5.0333590e+06   2.3000000e+01
   5.1670590e+06   2.2000000e+01
   5.1727610e+06   2.1000000e+01
   5.1728250e+06   2.3000000e+01
   5.1729230e+06   2.1000000e+01
   5.1729580e+06   2.2000000e+01
   5.1730530e+06   2.3000000e+01
   5.1732630e+06   2.1000000e+01
   5.1743210e+06   2.1000000e+01
   5.1747500e+06   2.2000000e+01
   5.1794190e+06   2.1000000e+01
   5.1823410e+06   2.1000000e+01
   5.1823860e+06   2.1000000e+01
   5.1825930e+06   2.1000000e+01
   5.1927300e+06   2.4000000e+01
   5.1953560e+06   2.1000000e+01
   5.2951890e+06   2.5000000e+01
   5.4237070e+06   2.1000000e+01
   5.4248160e+06   2.2000000e+01
   5.4266910e+06   2.1000000e+01
   5.4343780e+06   2.1000000e+01
   5.4359760e+06   2.8000000e+01
   5.4368220e+06   2.1000000e+01
   5.6132880e+06   3.5000000e+01
   5.6133130e+06   2.1000000e+01
   5.6137900e+06   2.1000000e+01
   5.6155140e+06   2.4000000e+01
   5.6158620e+06   2.3000000e+01
   5.7009520e+06   2.2000000e+01
   5.7022710e+06   2.1000000e+01
   5.7024820e+06   2.3000000e+01
   5.7031260e+06   2.1000000e+01
   5.7032410e+06   2.2000000e+01
   5.7039970e+06   2.1000000e+01
   5.7047710e+06   2.2000000e+01
   5.7053440e+06   2.2000000e+01
   5.7063700e+06   2.1000000e+01
   5.7067120e+06   3.5000000e+01
   5.7067400e+06   2.4000000e+01
   5.7069080e+06   2.4000000e+01
   5.8779590e+06   2.2000000e+01
   5.8787730e+06   2.1000000e+01
   5.8799920e+06   2.5000000e+01
   5.8809960e+06   2.3000000e+01
   5.8811030e+06   2.2000000e+01
   5.8855590e+06   2.1000000e+01
   5.9853010e+06   2.6000000e+01
   5.9854530e+06   2.2000000e+01
   5.9855030e+06   2.1000000e+01
   5.9858510e+06   2.6000000e+01
   5.9861720e+06   2.1000000e+01
   5.9869160e+06   2.1000000e+01
   5.9879510e+06   2.1000000e+01
   5.9881400e+06   2.1000000e+01
   5.9890270e+06   2.1000000e+01
   5.9898130e+06   2.5000000e+01
   5.9899550e+06   2.2000000e+01
   5.9905000e+06   2.1000000e+01
   5.9953860e+06   2.1000000e+01
   6.0793990e+06   2.2000000e+01
   6.1322300e+06   2.1000000e+01
   6.2448190e+06   2.4000000e+01
   6.2456500e+06   2.4000000e+01
   6.2457330e+06   2.3000000e+01
   6.2459270e+06   2.2000000e+01
   6.2466520e+06   2.1000000e+01
   6.2472580e+06   2.5000000e+01
   6.3401200e+06   2.2000000e+01
   6.3446490e+06   2.1000000e+01
   6.3447800e+06   2.3000000e+01
   6.3448250e+06   2.3000000e+01
   6.3452590e+06   2.2000000e+01
   6.3455000e+06   2.1000000e+01
   6.3469500e+06   2.1000000e+01
   6.3470830e+06   2.1000000e+01
   6.3509620e+06   2.1000000e+01
   6.3517740e+06   2.1000000e+01
   6.6155400e+06   2.4000000e+01
   6.6156720e+06   2.1000000e+01
   6.6161550e+06   2.2000000e+01
   6.6162570e+06   2.7000000e+01
   6.6166990e+06   2.2000000e+01
   6.6233940e+06   2.1000000e+01
   6.6235720e+06   2.1000000e+01
   6.6240110e+06   2.2000000e+01
   6.6266650e+06   2.1000000e+01
   6.8544890e+06   2.4000000e+01
   6.8547690e+06   2.4000000e+01
   6.8553390e+06   2.1000000e+01
   6.8586950e+06   2.2000000e+01
   6.9347230e+06   2.1000000e+01
   6.9532620e+06   2.2000000e+01
   6.9540960e+06   2.3000000e+01
   6.9542910e+06   2.1000000e+01
   6.9553940e+06   2.3000000e+01
   6.9572040e+06   2.2000000e+01
   7.1008520e+06   2.2000000e+01
   7.1039630e+06   2.2000000e+01
   7.2207380e+06   2.4000000e+01
   7.2209320e+06   2.2000000e+01
   7.2215010e+06   2.1000000e+01
   7.2216690e+06   2.2000000e+01
   7.2217010e+06   2.1000000e+01
   7.2218100e+06   2.1000000e+01
   7.2223430e+06   2.2000000e+01
   7.2249130e+06   2.2000000e+01
   7.2589990e+06   2.1000000e+01
   7.3483970e+06   2.1000000e+01
   7.3491270e+06   2.2000000e+01
   7.3513330e+06   2.1000000e+01
   7.3514900e+06   2.1000000e+01
   7.3521310e+06   2.8000000e+01
   7.3528650e+06   2.5000000e+01
   7.3538450e+06   2.1000000e+01
   7.3540910e+06   2.3000000e+01
   7.3541650e+06   2.4000000e+01
   7.4898200e+06   2.5000000e+01
   7.4904630e+06   2.2000000e+01
   7.4908800e+06   2.1000000e+01
   7.4960890e+06   2.4000000e+01
