   7.5250000e+06   0.0000000e+00
   2.0740000e+04   2.2000000e+01
   2.0807000e+04   2.1000000e+01
   2.1144000e+04   2.5000000e+01
   2.1232000e+04   2.4000000e+01
   2.2514000e+04   2.1000000e+01
   2.3052000e+04   2.2000000e+01
   1.6503200e+05   2.2000000e+01
   1.6547300e+05   2.1000000e+01
   1.6586200e+05   2.4000000e+01
   1.6704900e+05   2.6000000e+01
   1.6709200e+05   2.1000000e+01
   1.6773900e+05   2.2000000e+01
   2.7559400e+05   2.1000000e+01
   2.9244100e+05   2.3000000e+01
   3.3373000e+05   2.1000000e+01
   4.1218400e+05   2.5000000e+01
   4.1233900e+05   2.1000000e+01
   4.1254700e+05   2.1000000e+01
   4.1367300e+05   2.4000000e+01
   4.1374000e+05   2.1000000e+01
   4.1402300e+05   2.2000000e+01
   4.1424100e+05   2.1000000e+01
   4.1450300e+05   2.1000000e+01
   4.1514100e+05   2.5000000e+01
   4.1554500e+05   2.2000000e+01
   4.1613900e+05   2.3000000e+01
   4.1636000e+05   2.1000000e+01
   4.1855600e+05   2.1000000e+01
   4.2154900e+05   2.3000000e+01
   4.2846300e+05   2.1000000e+01
   4.2875400e+05   2.1000000e+01
   5.7100300e+05   2.2000000e+01
   5.7152500e+05   2.2000000e+01
   5.7170000e+05   2.2000000e+01
   5.7189800e+05   2.1000000e+01
   5.7194300e+05   2.2000000e+01
   5.7242100e+05   2.5000000e+01
   5.7266100e+05   2.1000000e+01
   5.7942600e+05   2.1000000e+01
   5.8016500e+05   2.1000000e+01
   5.8101700e+05   2.3000000e+01
   5.8138100e+05   2.3000000e+01
   5.8226900e+05   2.3000000e+01
   5.8255600e+05   2.2000000e+01
   5.8272700e+05   2.3000000e+01
   5.8551800e+05   2.1000000e+01
   7.4085600e+05   2.1000000e+01
   7.6540300e+05   2.2000000e+01
   7.6561600e+05   2.3000000e+01
   7.6573900e+05   2.1000000e+01
   7.6586200e+05   2.1000000e+01
   7.6593500e+05   2.1000000e+01
   7.7679900e+05   2.2000000e+01
   7.7718300e+05   2.3000000e+01
   7.7765800e+05   2.1000000e+01
   9.2216000e+05   2.1000000e+01
   9.2289500e+05   2.1000000e+01
   9.2428200e+05   2.2000000e+01
   9.2458100e+05   2.1000000e+01
   9.2544500e+05   2.2000000e+01
   9.2904200e+05   2.7000000e+01
   9.9488100e+05   2.4000000e+01
   9.9520200e+05   2.1000000e+01
   9.9660400e+05   2.9000000e+01
   9.9756900e+05   2.8000000e+01
   9.9792000e+05   2.3000000e+01
   9.9858500e+05   2.1000000e+01
   9.9923900e+05   2.1000000e+01
   9.9933100e+05   2.9000000e+01
   9.9935700e+05   2.3000000e+01
   1.0000630e+06   2.5000000e+01
   1.0003350e+06   2.2000000e+01
   1.0011180e+06   2.1000000e+01
   1.0011680e+06   2.9000000e+01
   1.0023470e+06   2.4000000e+01
   1.0415210e+06   2.5000000e+01
   1.0442770e+06   2.2000000e+01
   1.0888980e+06   2.6000000e+01
   1.1490000e+06   2.1000000e+01
   1.1560530e+06   2.1000000e+01
   1.1562270e+06   2.7000000e+01
   1.1564080e+06   2.2000000e+01
   1.1578130e+06   2.5000000e+01
   1.1578410e+06   2.4000000e+01
   1.1583330e+06   2.2000000e+01
   1.1583900e+06   2.2000000e+01
   1.3131200e+06   2.1000000e+01
   1.3132640e+06   2.1000000e+01
   1.3133420e+06   2.6000000e+01
   1.3134620e+06   2.1000000e+01
   1.3139250e+06   2.2000000e+01
   1.3141260e+06   2.7000000e+01
   1.3142140e+06   2.3000000e+01
   1.3147330e+06   2.3000000e+01
   1.3152980e+06   2.2000000e+01
   1.3184430e+06   2.2000000e+01
   1.4394430e+06   2.2000000e+01
   1.4410990e+06   2.1000000e+01
   1.4422790e+06   2.5000000e+01
   1.4567200e+06   2.1000000e+01
   1.4602870e+06   3.1000000e+01
   1.4606740e+06   2.5000000e+01
   1.5765190e+06   2.1000000e+01
   1.5766500e+06   2.1000000e+01
   1.5767220e+06   2.4000000e+01
   1.5773830e+06   2.1000000e+01
   1.5794320e+06   2.2000000e+01
   1.5797950e+06   2.2000000e+01
   1.5799830e+06   2.2000000e+01
   1.5809870e+06   2.2000000e+01
   1.5821700e+06   2.6000000e+01
   1.7387580e+06   2.2000000e+01
   1.7388840e+06   2.1000000e+01
   1.7391830e+06   2.1000000e+01
   1.7392130e+06   2.2000000e+01
   1.7392900e+06   2.3000000e+01
   1.7396510e+06   2.3000000e+01
   1.7398710e+06   2.6000000e+01
   1.7398990e+06   2.1000000e+01
   1.7404410e+06   2.1000000e+01
   1.7416090e+06   2.3000000e+01
   1.7440820e+06   3.1000000e+01
   1.7475590e+06   2.2000000e+01
   1.7526630e+06   2.2000000e+01
   1.7533270e+06   2.1000000e+01
   1.7561380e+06   2.3000000e+01
   1.7569400e+06   2.5000000e+01
   1.8912500e+06   2.1000000e+01
   1.8912900e+06   2.1000000e+01
   1.8927300e+06   2.5000000e+01
   1.8929510e+06   2.5000000e+01
   1.8934180e+06   2.6000000e+01
   1.8937050e+06   2.6000000e+01
   1.8938840e+06   2.2000000e+01
   1.8953030e+06   2.1000000e+01
   1.8978870e+06   2.1000000e+01
   1.9039780e+06   2.3000000e+01
   2.0291450e+06   2.2000000e+01
   2.0784260e+06   2.2000000e+01
   2.0789520e+06   2.1000000e+01
   2.0792400e+06   2.1000000e+01
   2.0803950e+06   2.2000000e+01
   2.2347420e+06   2.2000000e+01
   2.2366880e+06   2.1000000e+01
   2.2371910e+06   2.1000000e+01
   2.2415930e+06   2.7000000e+01
   2.3675590e+06   2.2000000e+01
   2.3676690e+06   2.7000000e+01
   2.3680720e+06   2.1000000e+01
   2.3681320e+06   2.2000000e+01
   2.3686170e+06   2.1000000e+01
   2.3690160e+06   2.3000000e+01
   2.3691340e+06   2.2000000e+01
   2.3694470e+06   2.1000000e+01
   2.3705630e+06   2.2000000e+01
   2.3711340e+06   2.2000000e+01
   2.3746910e+06   2.1000000e+01
   2.3753390e+06   2.2000000e+01
   2.3759690e+06   2.2000000e+01
   2.3763120e+06   2.5000000e+01
   2.3830660e+06   2.1000000e+01
   2.3834820e+06   2.2000000e+01
   2.3850960e+06   2.1000000e+01
   2.5222320e+06   2.1000000e+01
   2.5325790e+06   2.1000000e+01
   2.5328250e+06   2.3000000e+01
   2.5329790e+06   2.1000000e+01
   2.5331270e+06   2.8000000e+01
   2.5332920e+06   2.3000000e+01
   2.5334380e+06   2.1000000e+01
   2.5352610e+06   2.6000000e+01
   2.5360380e+06   2.6000000e+01
   2.5373640e+06   2.1000000e+01
   2.5390210e+06   2.5000000e+01
   2.5431330e+06   2.1000000e+01
   2.5441270e+06   2.9000000e+01
   2.5451960e+06   2.1000000e+01
   2.5462110e+06   2.1000000e+01
   2.5526750e+06   2.2000000e+01
   2.5528060e+06   3.4000000e+01
   2.5528370e+06   2.1000000e+01
   2.5533220e+06   2.8000000e+01
   2.5539410e+06   2.3000000e+01
   2.5544820e+06   2.2000000e+01
   2.5547680e+06   2.2000000e+01
   2.5554350e+06   2.8000000e+01
   2.5572990e+06   2.1000000e+01
   2.5581630e+06   2.6000000e+01
   2.5596970e+06   2.6000000e+01
   2.5604880e+06   2.1000000e+01
   2.7268300e+06   2.2000000e+01
   2.7274560e+06   2.2000000e+01
   2.7275340e+06   2.2000000e+01
   2.7281020e+06   2.2000000e+01
   2.7287200e+06   2.2000000e+01
   2.7288060e+06   2.2000000e+01
   2.7289870e+06   2.1000000e+01
   2.7292550e+06   2.2000000e+01
   2.7301760e+06   3.0000000e+01
   2.8999850e+06   2.1000000e+01
   2.9000930e+06   2.5000000e+01
   2.9004850e+06   2.3000000e+01
   2.9006440e+06   2.1000000e+01
   2.9006690e+06   2.7000000e+01
   2.9017520e+06   2.1000000e+01
   2.9017930e+06   2.6000000e+01
   2.9019540e+06   2.1000000e+01
   2.9020500e+06   2.1000000e+01
   2.9021560e+06   2.2000000e+01
   2.9022610e+06   2.1000000e+01
   2.9024050e+06   2.2000000e+01
   2.9030410e+06   2.3000000e+01
   2.9035410e+06   2.3000000e+01
   2.9472290e+06   2.1000000e+01
   3.0042680e+06   2.3000000e+01
   3.0142800e+06   2.2000000e+01
   3.0147150e+06   2.9000000e+01
   3.0157200e+06   2.2000000e+01
   3.0164330e+06   2.2000000e+01
   3.0171150e+06   2.1000000e+01
   3.0177830e+06   2.1000000e+01
   3.0178750e+06   2.2000000e+01
   3.0185520e+06   2.2000000e+01
   3.0186270e+06   2.9000000e+01
   3.0196930e+06   2.4000000e+01
   3.1391470e+06   2.1000000e+01
   3.1396100e+06   2.1000000e+01
   3.1400570e+06   2.6000000e+01
   3.1407700e+06   2.1000000e+01
   3.2042510e+06   2.1000000e+01
   3.2044030e+06   2.1000000e+01
   3.2057020e+06   2.5000000e+01
   3.2075850e+06   2.4000000e+01
   3.2097720e+06   2.6000000e+01
   3.2118210e+06   2.1000000e+01
   3.2155170e+06   2.4000000e+01
   3.2190130e+06   2.8000000e+01
   3.2277950e+06   2.2000000e+01
   3.2291300e+06   2.4000000e+01
   3.3532130e+06   2.1000000e+01
   3.3541660e+06   2.2000000e+01
   3.3558080e+06   2.9000000e+01
   3.3566550e+06   2.1000000e+01
   3.3579160e+06   2.1000000e+01
   3.3632850e+06   2.5000000e+01
   3.3638200e+06   2.6000000e+01
   3.3641570e+06   2.1000000e+01
   3.3645000e+06   2.4000000e+01
   3.3676660e+06   2.3000000e+01
   3.3795050e+06   2.3000000e+01
   3.3807740e+06   2.1000000e+01
   3.3847530e+06   2.3000000e+01
   3.3869360e+06   2.9000000e+01
   3.3880620e+06   2.1000000e+01
   3.3889440e+06   2.3000000e+01
   3.3922600e+06   2.1000000e+01
   3.3928040e+06   2.7000000e+01
   3.3928330e+06   2.3000000e+01
   3.3938400e+06   2.1000000e+01
   3.3946340e+06   2.4000000e+01
   3.3955030e+06   2.2000000e+01
   3.5628540e+06   2.5000000e+01
   3.5635630e+06   2.1000000e+01
   3.5637200e+06   2.3000000e+01
   3.5641060e+06   2.1000000e+01
   3.5641690e+06   2.2000000e+01
   3.5685410e+06   2.1000000e+01
   3.5687010e+06   2.2000000e+01
   3.5690210e+06   2.5000000e+01
   3.6083740e+06   2.1000000e+01
   3.6206230e+06   2.1000000e+01
   3.6272560e+06   2.3000000e+01
   3.6842220e+06   2.3000000e+01
   3.6846200e+06   2.3000000e+01
   3.6852310e+06   2.1000000e+01
   3.6856040e+06   2.3000000e+01
   3.6861470e+06   2.7000000e+01
   3.6863720e+06   2.2000000e+01
   3.7678260e+06   2.4000000e+01
   3.7687070e+06   2.2000000e+01
   3.7696120e+06   2.1000000e+01
   3.7699370e+06   2.1000000e+01
   3.8381640e+06   2.3000000e+01
   3.8978960e+06   2.1000000e+01
   3.9008000e+06   2.2000000e+01
   3.9013840e+06   2.2000000e+01
   3.9025820e+06   2.5000000e+01
   3.9227180e+06   2.1000000e+01
   3.9551650e+06   2.1000000e+01
   4.0651790e+06   2.4000000e+01
   4.0652530e+06   2.1000000e+01
   4.0654450e+06   2.4000000e+01
   4.0656210e+06   2.2000000e+01
   4.0657220e+06   2.6000000e+01
   4.2691940e+06   2.3000000e+01
   4.2699690e+06   2.5000000e+01
   4.2706800e+06   2.1000000e+01
   4.4040920e+06   2.4000000e+01
   4.4049690e+06   2.1000000e+01
   4.4066890e+06   2.1000000e+01
   4.4080420e+06   2.4000000e+01
   4.4261720e+06   2.1000000e+01
   4.4280190e+06   2.2000000e+01
   4.4282190e+06   2.1000000e+01
   4.4288240e+06   2.6000000e+01
   4.4290260e+06   2.1000000e+01
   4.4295180e+06   2.1000000e+01
   4.4300600e+06   2.4000000e+01
   4.4301240e+06   2.1000000e+01
   4.4301920e+06   2.1000000e+01
   4.4304190e+06   2.3000000e+01
   4.4316240e+06   2.1000000e+01
   4.6161600e+06   2.3000000e+01
   4.6169390e+06   2.1000000e+01
   4.6176200e+06   2.1000000e+01
   4.6207310e+06   2.3000000e+01
   4.7821790e+06   2.1000000e+01
   4.7846770e+06   2.2000000e+01
   4.7874960e+06   2.1000000e+01
   4.7958340e+06   2.1000000e+01
   4.7958660e+06   2.7000000e+01
   4.7962760e+06   2.1000000e+01
   4.7976250e+06   2.2000000e+01
   4.7982980e+06   2.3000000e+01
   4.7984410e+06   2.6000000e+01
   4.7985130e+06   2.3000000e+01
   4.7986640e+06   2.1000000e+01
   4.7990730e+06   2.1000000e+01
   4.7991740e+06   2.2000000e+01
   4.7993580e+06   2.3000000e+01
   4.9155500e+06   3.2000000e+01
   4.9178050e+06   2.5000000e+01
   4.9184150e+06   2.2000000e+01
   4.9194820e+06   2.1000000e+01
   4.9202390e+06   2.1000000e+01
   4.9216400e+06   2.2000000e+01
   4.9737050e+06   2.1000000e+01
   5.0177500e+06   2.1000000e+01
   5.0183380e+06   2.3000000e+01
   5.0187310e+06   2.3000000e+01
   5.0189440e+06   2.1000000e+01
   5.0192410e+06   2.1000000e+01
   5.0193150e+06   2.3000000e+01
   5.0194920e+06   2.3000000e+01
   5.0202430e+06   2.4000000e+01
   5.0203470e+06   2.5000000e+01
   5.0208560e+06   2.2000000e+01
   5.0209730e+06   2.3000000e+01
   5.0230300e+06   2.1000000e+01
   5.0235580e+06   2.1000000e+01
   5.0301180e+06   2.2000000e+01
   5.0303030e+06   2.2000000e+01
   5.0304150e+06   2.1000000e+01
   5.0305080e+06   2.4000000e+01
   5.0311160e+06   2.1000000e+01
   5.1670620e+06   2.1000000e+01
   5.1727670e+06   2.2000000e+01
   5.1728270e+06   2.2000000e+01
   5.1729560e+06   2.1000000e+01
   5.1730530e+06   2.2000000e+01
   5.1732630e+06   2.3000000e+01
   5.1739260e+06   2.1000000e+01
   5.1776680e+06   2.8000000e+01
   5.1793660e+06   2.3000000e+01
   5.1823650e+06   2.4000000e+01
   5.1915250e+06   2.2000000e+01
   5.2942520e+06   2.2000000e+01
   5.2952020e+06   2.2000000e+01
   5.4247460e+06   2.1000000e+01
   5.4252220e+06   2.3000000e+01
   5.4259050e+06   2.2000000e+01
   5.4260200e+06   2.1000000e+01
   5.4276110e+06   2.3000000e+01
   5.4343820e+06   2.5000000e+01
   5.4359820e+06   2.3000000e+01
   5.4365350e+06   2.1000000e+01
   5.4371330e+06   2.4000000e+01
   5.4378040e+06   2.1000000e+01
   5.6120420e+06   2.1000000e+01
   5.6133020e+06   3.2000000e+01
   5.6137620e+06   2.1000000e+01
   5.6140860e+06   2.2000000e+01
   5.6145600e+06   2.4000000e+01
   5.7023590e+06   2.1000000e+01
   5.7024820e+06   2.2000000e+01
   5.7033450e+06   2.2000000e+01
   5.7039750e+06   2.2000000e+01
   5.7053440e+06   2.3000000e+01
   5.7066230e+06   2.2000000e+01
   5.7067030e+06   2.1000000e+01
   5.7068810e+06   2.1000000e+01
   5.7076290e+06   2.1000000e+01
   5.7087270e+06   2.1000000e+01
   5.8779670e+06   2.5000000e+01
   5.8785010e+06   2.5000000e+01
   5.8799930e+06   2.3000000e+01
   5.8800910e+06   2.4000000e+01
   5.9841560e+06   2.2000000e+01
   5.9853010e+06   2.4000000e+01
   5.9854530e+06   2.3000000e+01
   5.9855020e+06   2.4000000e+01
   5.9858280e+06   2.4000000e+01
   5.9861710e+06   2.1000000e+01
   5.9866690e+06   2.1000000e+01
   5.9869140e+06   2.2000000e+01
   5.9870410e+06   2.1000000e+01
   5.9870720e+06   2.2000000e+01
   5.9880880e+06   2.8000000e+01
   5.9881640e+06   2.9000000e+01
   5.9887030e+06   2.2000000e+01
   5.9890150e+06   2.5000000e+01
   5.9898160e+06   2.4000000e+01
   5.9940630e+06   2.3000000e+01
   5.9954240e+06   2.2000000e+01
   6.2418950e+06   2.4000000e+01
   6.2438380e+06   2.6000000e+01
   6.2450440e+06   2.5000000e+01
   6.2454210e+06   2.2000000e+01
   6.2457340e+06   2.2000000e+01
   6.2460250e+06   2.3000000e+01
   6.2464060e+06   2.1000000e+01
   6.3025930e+06   2.1000000e+01
   6.3401200e+06   2.1000000e+01
   6.3416390e+06   2.6000000e+01
   6.3446570e+06   3.1000000e+01
   6.3447030e+06   2.1000000e+01
   6.3448220e+06   2.1000000e+01
   6.3452840e+06   2.1000000e+01
   6.3459780e+06   2.2000000e+01
   6.6155390e+06   2.1000000e+01
   6.6156970e+06   2.1000000e+01
   6.6162570e+06   2.1000000e+01
   6.6166960e+06   2.1000000e+01
   6.6242540e+06   2.2000000e+01
   6.7093490e+06   2.2000000e+01
   6.7451830e+06   2.1000000e+01
   6.8535610e+06   2.1000000e+01
   6.8537920e+06   2.1000000e+01
   6.8544890e+06   2.5000000e+01
   6.8547770e+06   2.1000000e+01
   6.8550020e+06   2.1000000e+01
   6.9347210e+06   2.4000000e+01
   6.9532620e+06   2.4000000e+01
   6.9534710e+06   2.3000000e+01
   6.9544500e+06   2.5000000e+01
   6.9548280e+06   2.1000000e+01
   6.9549040e+06   2.3000000e+01
   6.9554160e+06   2.2000000e+01
   6.9555930e+06   2.1000000e+01
   6.9572300e+06   2.6000000e+01
   6.9660020e+06   2.5000000e+01
   7.1008520e+06   2.2000000e+01
   7.1345800e+06   2.1000000e+01
   7.2207300e+06   2.1000000e+01
   7.2207570e+06   2.2000000e+01
   7.2209290e+06   2.1000000e+01
   7.2215010e+06   2.2000000e+01
   7.2216900e+06   2.9000000e+01
   7.2218140e+06   2.2000000e+01
   7.2220210e+06   2.1000000e+01
   7.2223590e+06   2.2000000e+01
   7.2238100e+06   2.2000000e+01
   7.3484000e+06   2.1000000e+01
   7.3491030e+06   2.1000000e+01
   7.3492390e+06   2.1000000e+01
   7.3496750e+06   2.1000000e+01
   7.3501680e+06   2.1000000e+01
   7.3512030e+06   2.1000000e+01
   7.3521230e+06   2.3000000e+01
   7.3528130e+06   2.1000000e+01
   7.3529410e+06   2.1000000e+01
   7.3541610e+06   2.2000000e+01
   7.3551060e+06   2.1000000e+01
   7.4894160e+06   2.1000000e+01
   7.4904650e+06   2.2000000e+01
   7.4944630e+06   2.1000000e+01
   7.4951890e+06   2.5000000e+01
   7.4952350e+06   2.2000000e+01
   7.4958560e+06   2.2000000e+01
   7.4960890e+06   2.1000000e+01
   7.4965870e+06   2.3000000e+01
   7.4981520e+06   2.5000000e+01
