   7.5250000e+06   0.0000000e+00
   2.1000000e+04   2.6000000e+01
   2.1126000e+04   2.2000000e+01
   2.1232000e+04   2.1000000e+01
   2.1623000e+04   2.1000000e+01
   2.1760000e+04   2.2000000e+01
   2.3227000e+04   2.2000000e+01
   2.3305000e+04   2.2000000e+01
   2.3770000e+04   2.3000000e+01
   2.4531000e+04   2.1000000e+01
   3.8535000e+04   2.2000000e+01
   1.1203300e+05   2.1000000e+01
   1.6441000e+05   2.1000000e+01
   1.6502700e+05   2.3000000e+01
   1.6548500e+05   2.1000000e+01
   1.6586300e+05   3.1000000e+01
   1.6590900e+05   2.5000000e+01
   1.6630100e+05   2.2000000e+01
   1.6634200e+05   2.1000000e+01
   1.6688600e+05   2.1000000e+01
   1.6698700e+05   2.9000000e+01
   1.6704500e+05   2.5000000e+01
   1.6718400e+05   3.0000000e+01
   1.6754300e+05   2.5000000e+01
   1.6771100e+05   2.2000000e+01
   1.6804200e+05   3.2000000e+01
   1.6862600e+05   2.7000000e+01
   1.7148600e+05   2.1000000e+01
   1.7179900e+05   2.1000000e+01
   1.7285300e+05   2.4000000e+01
   1.7409300e+05   2.4000000e+01
   1.7532100e+05   2.7000000e+01
   1.7603200e+05   2.7000000e+01
   1.7676300e+05   2.2000000e+01
   1.7683100e+05   2.2000000e+01
   1.7703900e+05   2.1000000e+01
   1.7732900e+05   2.5000000e+01
   1.7751800e+05   2.2000000e+01
   1.7797700e+05   2.4000000e+01
   1.7817500e+05   2.2000000e+01
   1.7828300e+05   2.3000000e+01
   1.7867800e+05   2.2000000e+01
   1.7934500e+05   2.1000000e+01
   1.8112900e+05   2.4000000e+01
   1.8182900e+05   2.5000000e+01
   1.8356900e+05   2.4000000e+01
   1.8586300e+05   2.7000000e+01
   1.8720300e+05   2.1000000e+01
   1.8939100e+05   2.2000000e+01
   1.9042500e+05   2.1000000e+01
   1.9185800e+05   2.1000000e+01
   1.9239300e+05   2.1000000e+01
   1.9290400e+05   2.5000000e+01
   1.9383100e+05   2.2000000e+01
   1.9521900e+05   2.3000000e+01
   1.9633500e+05   2.1000000e+01
   1.9766200e+05   2.8000000e+01
   1.9915700e+05   2.2000000e+01
   2.0082200e+05   2.2000000e+01
   2.7461600e+05   2.2000000e+01
   2.7517800e+05   2.2000000e+01
   2.7559400e+05   2.1000000e+01
   2.7576700e+05   2.1000000e+01
   2.7858600e+05   2.2000000e+01
   2.7914700e+05   2.2000000e+01
   2.9025400e+05   3.3000000e+01
   2.9084600e+05   3.1000000e+01
   2.9113200e+05   2.6000000e+01
   2.9115700e+05   2.4000000e+01
   2.9137500e+05   2.1000000e+01
   2.9142200e+05   2.1000000e+01
   2.9155700e+05   2.4000000e+01
   2.9216800e+05   2.1000000e+01
   2.9242000e+05   2.1000000e+01
   2.9248100e+05   2.2000000e+01
   3.5489900e+05   2.5000000e+01
   4.1192600e+05   2.3000000e+01
   4.1218400e+05   2.3000000e+01
   4.1233600e+05   2.4000000e+01
   4.1261000e+05   2.2000000e+01
   4.1297600e+05   2.1000000e+01
   4.1350400e+05   2.3000000e+01
   4.1364900e+05   2.1000000e+01
   4.1377200e+05   2.2000000e+01
   4.1394500e+05   2.6000000e+01
   4.1399100e+05   2.5000000e+01
   4.1404600e+05   2.3000000e+01
   4.1446500e+05   2.2000000e+01
   4.1457600e+05   2.1000000e+01
   4.1478900e+05   2.3000000e+01
   4.1488100e+05   2.1000000e+01
   4.1514100e+05   2.2000000e+01
   4.1554200e+05   2.6000000e+01
   4.1636100e+05   2.1000000e+01
   4.1665800e+05   2.5000000e+01
   4.2706200e+05   3.1000000e+01
   4.2753800e+05   2.3000000e+01
   4.2757400e+05   3.5000000e+01
   4.2799100e+05   2.6000000e+01
   4.2803000e+05   2.1000000e+01
   4.2815500e+05   2.2000000e+01
   4.2853500e+05   2.6000000e+01
   4.2856300e+05   2.4000000e+01
   4.2885000e+05   2.1000000e+01
   4.3050200e+05   2.3000000e+01
   4.3151000e+05   2.5000000e+01
   4.3154000e+05   2.1000000e+01
   4.3260400e+05   2.2000000e+01
   5.6723100e+05   2.3000000e+01
   5.6768100e+05   2.2000000e+01
   5.7099900e+05   2.2000000e+01
   5.7152600e+05   2.5000000e+01
   5.7169700e+05   2.4000000e+01
   5.7172700e+05   2.3000000e+01
   5.7175400e+05   3.1000000e+01
   5.7181700e+05   2.8000000e+01
   5.7189500e+05   2.6000000e+01
   5.7194300e+05   2.1000000e+01
   5.7242200e+05   2.2000000e+01
   5.7362800e+05   2.8000000e+01
   5.7753300e+05   2.1000000e+01
   5.7756800e+05   2.1000000e+01
   5.7841000e+05   2.4000000e+01
   5.7864400e+05   2.3000000e+01
   5.7884500e+05   2.4000000e+01
   5.7939800e+05   2.4000000e+01
   5.7942600e+05   2.3000000e+01
   5.8016500e+05   2.1000000e+01
   5.8088400e+05   2.1000000e+01
   5.8101700e+05   2.4000000e+01
   5.8138200e+05   2.4000000e+01
   5.8144700e+05   2.1000000e+01
   5.8161900e+05   2.2000000e+01
   5.8226900e+05   2.4000000e+01
   5.8253700e+05   2.1000000e+01
   5.8453700e+05   2.2000000e+01
   5.8470700e+05   2.2000000e+01
   5.8615500e+05   2.5000000e+01
   6.8602000e+05   2.1000000e+01
   7.0914200e+05   2.2000000e+01
   7.5999400e+05   2.4000000e+01
   7.6517900e+05   2.3000000e+01
   7.6561700e+05   2.2000000e+01
   7.6576000e+05   2.8000000e+01
   7.6586300e+05   2.3000000e+01
   7.6593500e+05   2.6000000e+01
   7.6644700e+05   2.2000000e+01
   7.6804100e+05   2.2000000e+01
   7.6827600e+05   2.1000000e+01
   7.6853000e+05   2.1000000e+01
   7.7474800e+05   3.0000000e+01
   7.7506800e+05   2.2000000e+01
   7.7576600e+05   2.9000000e+01
   7.7641200e+05   2.8000000e+01
   7.7679900e+05   2.2000000e+01
   7.7694400e+05   2.6000000e+01
   7.7697700e+05   2.1000000e+01
   7.7718300e+05   2.1000000e+01
   7.7735300e+05   2.1000000e+01
   7.7768600e+05   2.5000000e+01
   7.7821400e+05   2.1000000e+01
   7.7888600e+05   2.1000000e+01
   9.2230200e+05   2.6000000e+01
   9.2264800e+05   2.2000000e+01
   9.2289500e+05   2.6000000e+01
   9.2313200e+05   2.1000000e+01
   9.2353000e+05   2.9000000e+01
   9.2371500e+05   3.0000000e+01
   9.2391900e+05   2.4000000e+01
   9.2403500e+05   2.4000000e+01
   9.2432500e+05   2.7000000e+01
   9.2447000e+05   2.2000000e+01
   9.2461000e+05   2.5000000e+01
   9.2489700e+05   2.1000000e+01
   9.2492600e+05   2.4000000e+01
   9.2518100e+05   2.1000000e+01
   9.2522700e+05   2.3000000e+01
   9.2537500e+05   2.4000000e+01
   9.2560000e+05   2.4000000e+01
   9.2711500e+05   2.1000000e+01
   9.2741100e+05   3.0000000e+01
   9.2901900e+05   2.3000000e+01
   9.2959300e+05   2.2000000e+01
   9.3069300e+05   2.1000000e+01
   9.3135200e+05   2.5000000e+01
   9.3237600e+05   2.4000000e+01
   9.3302900e+05   2.2000000e+01
   9.3384700e+05   2.1000000e+01
   9.3521600e+05   2.2000000e+01
   9.3585600e+05   2.1000000e+01
   9.3643000e+05   2.2000000e+01
   9.3776700e+05   2.5000000e+01
   9.3887000e+05   2.2000000e+01
   9.3907600e+05   2.8000000e+01
   9.4012200e+05   2.1000000e+01
   9.4217500e+05   2.6000000e+01
   9.4327700e+05   2.2000000e+01
   9.4418100e+05   2.1000000e+01
   9.4492400e+05   2.3000000e+01
   9.4571600e+05   2.2000000e+01
   9.4708700e+05   2.2000000e+01
   9.4860300e+05   2.4000000e+01
   9.5275800e+05   2.4000000e+01
   9.6888500e+05   2.1000000e+01
   9.9488300e+05   2.3000000e+01
   9.9677700e+05   2.1000000e+01
   9.9808200e+05   2.1000000e+01
   9.9842400e+05   2.3000000e+01
   9.9915200e+05   2.2000000e+01
   9.9941900e+05   2.5000000e+01
   9.9964000e+05   2.1000000e+01
   1.0011180e+06   2.2000000e+01
   1.0415210e+06   2.1000000e+01
   1.0436030e+06   2.3000000e+01
   1.0442800e+06   2.5000000e+01
   1.0888980e+06   2.6000000e+01
   1.0890640e+06   2.1000000e+01
   1.1286930e+06   2.1000000e+01
   1.1490000e+06   2.2000000e+01
   1.1502270e+06   2.2000000e+01
   1.1562270e+06   2.5000000e+01
   1.1567880e+06   2.2000000e+01
   1.1570820e+06   2.1000000e+01
   1.1575470e+06   2.2000000e+01
   1.1578120e+06   2.5000000e+01
   1.1578410e+06   2.4000000e+01
   1.1582000e+06   2.1000000e+01
   1.1583710e+06   2.6000000e+01
   1.1584050e+06   2.1000000e+01
   1.1593620e+06   2.2000000e+01
   1.1607460e+06   2.8000000e+01
   1.3130870e+06   2.2000000e+01
   1.3131560e+06   2.3000000e+01
   1.3131950e+06   2.2000000e+01
   1.3132630e+06   2.4000000e+01
   1.3133270e+06   2.6000000e+01
   1.3134630e+06   2.1000000e+01
   1.3136750e+06   2.2000000e+01
   1.3139250e+06   2.7000000e+01
   1.3140450e+06   2.1000000e+01
   1.3141130e+06   2.3000000e+01
   1.3141470e+06   2.9000000e+01
   1.3143270e+06   2.1000000e+01
   1.3146900e+06   2.2000000e+01
   1.3152980e+06   2.3000000e+01
   1.3159460e+06   2.2000000e+01
   1.3161930e+06   2.7000000e+01
   1.3179440e+06   2.6000000e+01
   1.3212770e+06   2.1000000e+01
   1.4394470e+06   2.6000000e+01
   1.4410830e+06   2.4000000e+01
   1.4421630e+06   2.2000000e+01
   1.4422790e+06   2.6000000e+01
   1.4563520e+06   2.1000000e+01
   1.4567190e+06   2.1000000e+01
   1.4574280e+06   2.3000000e+01
   1.4579650e+06   2.1000000e+01
   1.4608120e+06   2.1000000e+01
   1.5397640e+06   2.2000000e+01
   1.5763910e+06   2.4000000e+01
   1.5765170e+06   2.7000000e+01
   1.5766860e+06   2.8000000e+01
   1.5767500e+06   2.8000000e+01
   1.5774530e+06   2.2000000e+01
   1.5799620e+06   2.2000000e+01
   1.5800180e+06   2.3000000e+01
   1.5822360e+06   2.2000000e+01
   1.7289240e+06   2.1000000e+01
   1.7380680e+06   2.3000000e+01
   1.7382790e+06   2.1000000e+01
   1.7385770e+06   2.6000000e+01
   1.7386490e+06   2.2000000e+01
   1.7387750e+06   2.3000000e+01
   1.7388670e+06   2.4000000e+01
   1.7392100e+06   2.7000000e+01
   1.7396550e+06   3.2000000e+01
   1.7398700e+06   2.5000000e+01
   1.7398990e+06   2.5000000e+01
   1.7528600e+06   2.1000000e+01
   1.7536660e+06   2.3000000e+01
   1.7537950e+06   2.3000000e+01
   1.7551970e+06   2.2000000e+01
   1.7561380e+06   2.8000000e+01
   1.7562370e+06   2.1000000e+01
   1.7564730e+06   2.1000000e+01
   1.8564140e+06   2.2000000e+01
   1.8885480e+06   2.1000000e+01
   1.8893590e+06   2.4000000e+01
   1.8906150e+06   2.2000000e+01
   1.8906580e+06   2.2000000e+01
   1.8910850e+06   3.3000000e+01
   1.8912510e+06   2.4000000e+01
   1.8912880e+06   2.3000000e+01
   1.8914270e+06   2.4000000e+01
   1.8918360e+06   2.4000000e+01
   1.8919510e+06   2.3000000e+01
   1.8923340e+06   2.1000000e+01
   1.8925260e+06   2.2000000e+01
   1.8925530e+06   2.1000000e+01
   1.8927100e+06   2.5000000e+01
   1.8928100e+06   2.1000000e+01
   1.8933800e+06   2.3000000e+01
   1.8934180e+06   2.1000000e+01
   1.8935370e+06   2.1000000e+01
   1.8936090e+06   2.3000000e+01
   1.8936800e+06   2.3000000e+01
   1.8937170e+06   2.4000000e+01
   1.8943500e+06   2.1000000e+01
   1.8945810e+06   2.1000000e+01
   1.8950740e+06   2.2000000e+01
   1.8971800e+06   2.9000000e+01
   1.8978870e+06   2.1000000e+01
   1.8982590e+06   2.3000000e+01
   1.8997690e+06   2.4000000e+01
   1.8999750e+06   2.1000000e+01
   1.9007510e+06   2.4000000e+01
   1.9024710e+06   2.2000000e+01
   1.9031240e+06   2.1000000e+01
   1.9036650e+06   2.7000000e+01
   1.9039600e+06   2.2000000e+01
   1.9044350e+06   2.1000000e+01
   1.9055110e+06   2.6000000e+01
   1.9064900e+06   2.1000000e+01
   1.9078750e+06   2.7000000e+01
   1.9095930e+06   2.2000000e+01
   1.9110590e+06   2.3000000e+01
   1.9123430e+06   2.1000000e+01
   1.9146650e+06   2.2000000e+01
   1.9158720e+06   2.9000000e+01
   1.9194740e+06   2.4000000e+01
   1.9212890e+06   3.1000000e+01
   2.0227880e+06   2.1000000e+01
   2.0243760e+06   2.5000000e+01
   2.0291450e+06   2.3000000e+01
   2.0590610e+06   2.6000000e+01
   2.0773530e+06   2.2000000e+01
   2.0775660e+06   2.2000000e+01
   2.0778450e+06   2.1000000e+01
   2.0782060e+06   2.1000000e+01
   2.0783840e+06   2.1000000e+01
   2.0785170e+06   2.6000000e+01
   2.0787080e+06   2.2000000e+01
   2.0789220e+06   2.3000000e+01
   2.0791250e+06   2.2000000e+01
   2.0791960e+06   2.2000000e+01
   2.0792410e+06   2.6000000e+01
   2.0792940e+06   2.1000000e+01
   2.0797480e+06   3.0000000e+01
   2.0799710e+06   2.9000000e+01
   2.0803730e+06   2.2000000e+01
   2.0804160e+06   3.3000000e+01
   2.0810410e+06   2.1000000e+01
   2.2322420e+06   2.3000000e+01
   2.2343900e+06   2.1000000e+01
   2.2344240e+06   2.1000000e+01
   2.2347390e+06   3.0000000e+01
   2.2349800e+06   2.2000000e+01
   2.2371870e+06   2.2000000e+01
   2.2989770e+06   2.1000000e+01
   2.3675230e+06   2.2000000e+01
   2.3675600e+06   2.2000000e+01
   2.3676720e+06   2.2000000e+01
   2.3678390e+06   2.1000000e+01
   2.3679850e+06   2.4000000e+01
   2.3681370e+06   2.2000000e+01
   2.3687210e+06   2.1000000e+01
   2.3690230e+06   2.8000000e+01
   2.3694270e+06   2.2000000e+01
   2.3694630e+06   2.2000000e+01
   2.3700630e+06   2.2000000e+01
   2.3700940e+06   2.4000000e+01
   2.3701600e+06   2.1000000e+01
   2.3702080e+06   2.1000000e+01
   2.3718660e+06   2.1000000e+01
   2.3722140e+06   2.4000000e+01
   2.3734330e+06   2.1000000e+01
   2.3742350e+06   2.2000000e+01
   2.3747090e+06   2.1000000e+01
   2.3753380e+06   2.5000000e+01
   2.3755400e+06   2.2000000e+01
   2.3757240e+06   2.3000000e+01
   2.3763110e+06   2.5000000e+01
   2.3763430e+06   2.1000000e+01
   2.3812560e+06   3.5000000e+01
   2.3814700e+06   2.7000000e+01
   2.3815310e+06   2.6000000e+01
   2.3817800e+06   2.2000000e+01
   2.3818320e+06   3.4000000e+01
   2.3818570e+06   2.1000000e+01
   2.3823740e+06   2.8000000e+01
   2.3825610e+06   2.3000000e+01
   2.3830660e+06   2.2000000e+01
   2.3836890e+06   2.2000000e+01
   2.3842150e+06   2.6000000e+01
   2.3867440e+06   2.1000000e+01
   2.3886970e+06   2.7000000e+01
   2.4026920e+06   2.1000000e+01
   2.5048000e+06   2.2000000e+01
   2.5325480e+06   2.2000000e+01
   2.5326040e+06   3.5000000e+01
   2.5328260e+06   2.7000000e+01
   2.5329610e+06   2.6000000e+01
   2.5330750e+06   2.1000000e+01
   2.5331470e+06   3.5000000e+01
   2.5332920e+06   2.1000000e+01
   2.5334760e+06   2.4000000e+01
   2.5352710e+06   2.7000000e+01
   2.5363090e+06   2.1000000e+01
   2.5379570e+06   2.1000000e+01
   2.5463030e+06   2.7000000e+01
   2.5487910e+06   2.3000000e+01
   2.5526730e+06   2.3000000e+01
   2.5527420e+06   2.1000000e+01
   2.5580700e+06   2.2000000e+01
   2.7264100e+06   2.1000000e+01
   2.7265220e+06   2.5000000e+01
   2.7267490e+06   2.5000000e+01
   2.7274280e+06   2.1000000e+01
   2.7275340e+06   2.3000000e+01
   2.7282840e+06   2.2000000e+01
   2.7287420e+06   2.2000000e+01
   2.7288220e+06   2.2000000e+01
   2.7720560e+06   2.1000000e+01
   2.7730220e+06   2.1000000e+01
   2.8989960e+06   3.0000000e+01
   2.8992640e+06   2.3000000e+01
   2.8997650e+06   2.2000000e+01
   2.8999940e+06   2.2000000e+01
   2.9000930e+06   2.3000000e+01
   2.9003340e+06   2.2000000e+01
   2.9006630e+06   2.8000000e+01
   2.9007200e+06   2.1000000e+01
   2.9008230e+06   3.1000000e+01
   2.9008580e+06   2.2000000e+01
   2.9017930e+06   2.3000000e+01
   2.9019550e+06   2.1000000e+01
   2.9020570e+06   2.1000000e+01
   2.9021080e+06   3.0000000e+01
   2.9021560e+06   2.3000000e+01
   2.9022230e+06   2.1000000e+01
   2.9023270e+06   2.4000000e+01
   2.9023650e+06   2.1000000e+01
   2.9026120e+06   2.2000000e+01
   2.9030410e+06   2.3000000e+01
   2.9036670e+06   2.1000000e+01
   2.9038350e+06   2.2000000e+01
   2.9049580e+06   2.2000000e+01
   2.9472520e+06   2.4000000e+01
   2.9502960e+06   2.1000000e+01
   3.0145420e+06   2.7000000e+01
   3.0145730e+06   2.5000000e+01
   3.0147120e+06   2.6000000e+01
   3.0153140e+06   2.5000000e+01
   3.0155970e+06   2.2000000e+01
   3.0158260e+06   2.2000000e+01
   3.0167370e+06   2.1000000e+01
   3.0171150e+06   2.1000000e+01
   3.0173320e+06   2.4000000e+01
   3.0174400e+06   2.3000000e+01
   3.0174650e+06   2.3000000e+01
   3.0175100e+06   2.1000000e+01
   3.0176580e+06   2.4000000e+01
   3.0180950e+06   2.2000000e+01
   3.0182450e+06   2.1000000e+01
   3.0182920e+06   2.2000000e+01
   3.0183330e+06   2.4000000e+01
   3.0184830e+06   2.1000000e+01
   3.0185580e+06   2.2000000e+01
   3.0192780e+06   2.3000000e+01
   3.0196920e+06   2.6000000e+01
   3.0210470e+06   2.3000000e+01
   3.1168110e+06   2.1000000e+01
   3.1372680e+06   2.3000000e+01
   3.1380970e+06   3.1000000e+01
   3.1382820e+06   2.4000000e+01
   3.1384990e+06   2.1000000e+01
   3.1385490e+06   2.6000000e+01
   3.1386280e+06   2.2000000e+01
   3.1390250e+06   3.2000000e+01
   3.1391470e+06   2.4000000e+01
   3.1394370e+06   2.8000000e+01
   3.1396050e+06   2.1000000e+01
   3.1399120e+06   2.2000000e+01
   3.1400000e+06   2.3000000e+01
   3.1400570e+06   2.1000000e+01
   3.1402780e+06   2.2000000e+01
   3.1407460e+06   2.2000000e+01
   3.1409190e+06   2.3000000e+01
   3.1410380e+06   2.1000000e+01
   3.1423990e+06   2.1000000e+01
   3.1452710e+06   2.4000000e+01
   3.1487540e+06   2.1000000e+01
   3.2014020e+06   2.2000000e+01
   3.2024610e+06   2.1000000e+01
   3.2030360e+06   2.2000000e+01
   3.2038200e+06   2.4000000e+01
   3.2042510e+06   2.2000000e+01
   3.2043470e+06   2.1000000e+01
   3.2044040e+06   2.4000000e+01
   3.2044580e+06   2.2000000e+01
   3.2053030e+06   2.2000000e+01
   3.2054820e+06   2.1000000e+01
   3.2055560e+06   2.1000000e+01
   3.2057010e+06   2.6000000e+01
   3.2060240e+06   2.3000000e+01
   3.2081100e+06   2.5000000e+01
   3.2223590e+06   2.6000000e+01
   3.2237560e+06   2.8000000e+01
   3.2253470e+06   2.2000000e+01
   3.3516130e+06   2.1000000e+01
   3.3519220e+06   2.4000000e+01
   3.3519690e+06   2.8000000e+01
   3.3523860e+06   2.1000000e+01
   3.3531030e+06   2.8000000e+01
   3.3531310e+06   2.1000000e+01
   3.3532120e+06   2.2000000e+01
   3.3533200e+06   2.2000000e+01
   3.3541020e+06   2.5000000e+01
   3.3542300e+06   2.1000000e+01
   3.3552750e+06   2.1000000e+01
   3.3582420e+06   2.2000000e+01
   3.3617830e+06   2.1000000e+01
   3.3637820e+06   2.1000000e+01
   3.3638490e+06   2.1000000e+01
   3.3641360e+06   2.1000000e+01
   3.3645830e+06   2.3000000e+01
   3.3655370e+06   2.2000000e+01
   3.3737760e+06   2.1000000e+01
   3.3773800e+06   2.1000000e+01
   3.3795050e+06   2.5000000e+01
   3.3807750e+06   2.2000000e+01
   3.3835630e+06   2.1000000e+01
   3.3847540e+06   2.5000000e+01
   3.3869360e+06   2.2000000e+01
   3.3915420e+06   2.2000000e+01
   3.3919200e+06   2.6000000e+01
   3.3922240e+06   2.1000000e+01
   3.3923030e+06   2.3000000e+01
   3.3923340e+06   2.6000000e+01
   3.3926250e+06   2.5000000e+01
   3.3927010e+06   2.3000000e+01
   3.3927350e+06   2.3000000e+01
   3.3928040e+06   2.3000000e+01
   3.3928330e+06   2.5000000e+01
   3.3936080e+06   2.7000000e+01
   3.3938100e+06   2.3000000e+01
   3.3938400e+06   2.5000000e+01
   3.3939470e+06   2.1000000e+01
   3.3945830e+06   2.4000000e+01
   3.3946340e+06   2.7000000e+01
   3.3949400e+06   2.1000000e+01
   3.3952150e+06   2.1000000e+01
   3.3955030e+06   2.3000000e+01
   3.3960290e+06   2.7000000e+01
   3.3978610e+06   2.1000000e+01
   3.3986680e+06   2.1000000e+01
   3.5627320e+06   2.2000000e+01
   3.5628490e+06   2.6000000e+01
   3.5634420e+06   2.6000000e+01
   3.5634980e+06   2.9000000e+01
   3.5635600e+06   2.1000000e+01
   3.5641480e+06   2.1000000e+01
   3.5646240e+06   2.2000000e+01
   3.5646510e+06   2.1000000e+01
   3.5661830e+06   2.1000000e+01
   3.5681350e+06   2.3000000e+01
   3.5682380e+06   2.3000000e+01
   3.5685470e+06   2.2000000e+01
   3.5685910e+06   2.2000000e+01
   3.5687010e+06   2.3000000e+01
   3.5688140e+06   2.5000000e+01
   3.5688590e+06   2.3000000e+01
   3.5691710e+06   2.1000000e+01
   3.5693500e+06   2.5000000e+01
   3.5698070e+06   2.1000000e+01
   3.5704210e+06   2.7000000e+01
   3.5777920e+06   2.2000000e+01
   3.5888560e+06   2.1000000e+01
   3.6052920e+06   2.3000000e+01
   3.6072830e+06   2.1000000e+01
   3.6075030e+06   2.3000000e+01
   3.6083740e+06   2.3000000e+01
   3.6139200e+06   2.1000000e+01
   3.6201230e+06   2.2000000e+01
   3.6243630e+06   2.1000000e+01
   3.6431130e+06   2.1000000e+01
   3.6724010e+06   2.6000000e+01
   3.6842110e+06   2.1000000e+01
   3.6844160e+06   2.2000000e+01
   3.6846190e+06   2.4000000e+01
   3.6852250e+06   2.3000000e+01
   3.6853340e+06   2.1000000e+01
   3.6858130e+06   2.8000000e+01
   3.6861510e+06   2.4000000e+01
   3.6862390e+06   2.1000000e+01
   3.6863510e+06   2.2000000e+01
   3.6863780e+06   2.1000000e+01
   3.6868420e+06   2.8000000e+01
   3.6873020e+06   2.2000000e+01
   3.6888790e+06   2.3000000e+01
   3.6890990e+06   2.1000000e+01
   3.7678260e+06   2.1000000e+01
   3.7686180e+06   2.4000000e+01
   3.7688370e+06   2.1000000e+01
   3.7690560e+06   2.4000000e+01
   3.7695390e+06   2.1000000e+01
   3.7696160e+06   2.3000000e+01
   3.7696870e+06   2.3000000e+01
   3.7699420e+06   2.2000000e+01
   3.7707810e+06   2.3000000e+01
   3.7708720e+06   2.5000000e+01
   3.7721520e+06   2.5000000e+01
   3.7727270e+06   2.6000000e+01
   3.7732620e+06   2.1000000e+01
   3.8381450e+06   2.2000000e+01
   3.8997230e+06   2.1000000e+01
   3.9001490e+06   2.1000000e+01
   3.9002690e+06   3.1000000e+01
   3.9004210e+06   2.1000000e+01
   3.9005150e+06   3.4000000e+01
   3.9008050e+06   2.6000000e+01
   3.9010420e+06   2.2000000e+01
   3.9013830e+06   2.2000000e+01
   3.9014750e+06   2.2000000e+01
   3.9015280e+06   2.1000000e+01
   3.9016180e+06   2.6000000e+01
   3.9022340e+06   2.9000000e+01
   3.9022610e+06   2.8000000e+01
   3.9025500e+06   2.3000000e+01
   3.9025990e+06   2.7000000e+01
   3.9027230e+06   2.1000000e+01
   3.9028490e+06   2.2000000e+01
   3.9032840e+06   2.2000000e+01
   3.9037750e+06   2.1000000e+01
   3.9052200e+06   2.1000000e+01
   3.9065640e+06   2.3000000e+01
   3.9086150e+06   2.6000000e+01
   4.0639680e+06   2.8000000e+01
   4.0647710e+06   3.3000000e+01
   4.0648050e+06   2.2000000e+01
   4.0649250e+06   2.2000000e+01
   4.0651620e+06   2.3000000e+01
   4.0651890e+06   2.1000000e+01
   4.0652540e+06   2.2000000e+01
   4.0656310e+06   2.2000000e+01
   4.0657140e+06   2.2000000e+01
   4.0662720e+06   2.4000000e+01
   4.0663080e+06   2.1000000e+01
   4.0663430e+06   4.0000000e+01
   4.0663740e+06   3.2000000e+01
   4.0664000e+06   2.4000000e+01
   4.0664620e+06   2.3000000e+01
   4.0667190e+06   2.1000000e+01
   4.0677370e+06   2.4000000e+01
   4.0677920e+06   2.1000000e+01
   4.1758520e+06   2.1000000e+01
   4.2354600e+06   2.1000000e+01
   4.2699980e+06   2.1000000e+01
   4.2702660e+06   2.1000000e+01
   4.2704460e+06   2.1000000e+01
   4.2704740e+06   2.3000000e+01
   4.2705760e+06   2.1000000e+01
   4.2706790e+06   2.2000000e+01
   4.2709860e+06   2.2000000e+01
   4.2730980e+06   2.1000000e+01
   4.2736130e+06   2.3000000e+01
   4.2802110e+06   2.8000000e+01
   4.2806030e+06   2.5000000e+01
   4.2810000e+06   2.8000000e+01
   4.2813500e+06   2.4000000e+01
   4.2815480e+06   2.2000000e+01
   4.2817580e+06   2.5000000e+01
   4.2821860e+06   2.1000000e+01
   4.2824830e+06   2.3000000e+01
   4.2828820e+06   2.2000000e+01
   4.2846060e+06   2.1000000e+01
   4.2847010e+06   2.5000000e+01
   4.2847310e+06   2.4000000e+01
   4.2848050e+06   2.4000000e+01
   4.2859180e+06   2.9000000e+01
   4.2862140e+06   2.2000000e+01
   4.2879510e+06   2.6000000e+01
   4.2879810e+06   2.1000000e+01
   4.2891020e+06   2.9000000e+01
   4.2917010e+06   2.3000000e+01
   4.2923600e+06   2.3000000e+01
   4.2935480e+06   2.1000000e+01
   4.2944500e+06   2.2000000e+01
   4.2955730e+06   2.5000000e+01
   4.2964350e+06   2.7000000e+01
   4.2975230e+06   2.3000000e+01
   4.2984320e+06   2.2000000e+01
   4.3003040e+06   2.3000000e+01
   4.3016110e+06   2.3000000e+01
   4.3039660e+06   2.2000000e+01
   4.4040920e+06   2.4000000e+01
   4.4047720e+06   3.0000000e+01
   4.4050560e+06   2.1000000e+01
   4.4052820e+06   2.1000000e+01
   4.4057920e+06   2.1000000e+01
   4.4066880e+06   2.6000000e+01
   4.4080420e+06   2.7000000e+01
   4.4220870e+06   2.1000000e+01
   4.4239390e+06   2.1000000e+01
   4.4246840e+06   2.1000000e+01
   4.4284950e+06   2.1000000e+01
   4.4285400e+06   2.3000000e+01
   4.4287160e+06   2.2000000e+01
   4.4290510e+06   2.3000000e+01
   4.4300360e+06   2.5000000e+01
   4.4300890e+06   2.2000000e+01
   4.4301610e+06   2.1000000e+01
   4.4308870e+06   2.1000000e+01
   4.4310560e+06   2.5000000e+01
   4.5959370e+06   2.3000000e+01
   4.6159970e+06   2.1000000e+01
   4.6161360e+06   2.3000000e+01
   4.6169320e+06   2.5000000e+01
   4.6195110e+06   2.1000000e+01
   4.6196050e+06   2.4000000e+01
   4.6206650e+06   3.1000000e+01
   4.6207290e+06   2.5000000e+01
   4.6209570e+06   2.2000000e+01
   4.6210620e+06   2.1000000e+01
   4.6219170e+06   2.1000000e+01
   4.6219740e+06   2.5000000e+01
   4.6224780e+06   2.5000000e+01
   4.6238090e+06   2.3000000e+01
   4.6262910e+06   2.1000000e+01
   4.6264200e+06   2.5000000e+01
   4.6270280e+06   2.2000000e+01
   4.7768580e+06   2.2000000e+01
   4.7807730e+06   2.2000000e+01
   4.7811110e+06   2.2000000e+01
   4.7811800e+06   2.1000000e+01
   4.7812350e+06   2.7000000e+01
   4.7815330e+06   2.4000000e+01
   4.7818790e+06   2.4000000e+01
   4.7820110e+06   2.1000000e+01
   4.7828750e+06   2.2000000e+01
   4.7846770e+06   2.5000000e+01
   4.7859320e+06   2.2000000e+01
   4.7874940e+06   2.1000000e+01
   4.7898670e+06   2.4000000e+01
   4.7949790e+06   2.1000000e+01
   4.7957820e+06   2.1000000e+01
   4.7958340e+06   2.1000000e+01
   4.7958660e+06   2.2000000e+01
   4.7958990e+06   3.0000000e+01
   4.7959730e+06   2.5000000e+01
   4.7962700e+06   2.5000000e+01
   4.7963120e+06   2.1000000e+01
   4.7964480e+06   2.3000000e+01
   4.7967760e+06   2.2000000e+01
   4.7969110e+06   2.4000000e+01
   4.7976180e+06   2.4000000e+01
   4.7980330e+06   2.1000000e+01
   4.7981110e+06   2.9000000e+01
   4.7981680e+06   2.2000000e+01
   4.7984630e+06   2.6000000e+01
   4.7985500e+06   2.8000000e+01
   4.7986640e+06   2.2000000e+01
   4.7991740e+06   2.3000000e+01
   4.7993590e+06   2.2000000e+01
   4.7996640e+06   2.1000000e+01
   4.7999740e+06   2.4000000e+01
   4.7999990e+06   2.2000000e+01
   4.9736700e+06   2.1000000e+01
   5.0174630e+06   2.1000000e+01
   5.0184540e+06   2.4000000e+01
   5.0187310e+06   2.1000000e+01
   5.0187590e+06   2.2000000e+01
   5.0192410e+06   2.1000000e+01
   5.0192730e+06   2.4000000e+01
   5.0193160e+06   2.8000000e+01
   5.0193790e+06   2.1000000e+01
   5.0194830e+06   2.2000000e+01
   5.0221200e+06   2.2000000e+01
   5.0290220e+06   2.8000000e+01
   5.0290580e+06   2.1000000e+01
   5.0293560e+06   3.1000000e+01
   5.0295790e+06   2.2000000e+01
   5.0296100e+06   2.1000000e+01
   5.0304630e+06   3.3000000e+01
   5.0305190e+06   2.1000000e+01
   5.0317080e+06   2.6000000e+01
   5.0317440e+06   2.1000000e+01
   5.0318540e+06   2.4000000e+01
   5.0325760e+06   2.1000000e+01
   5.0330450e+06   2.1000000e+01
   5.0352550e+06   3.2000000e+01
   5.0354070e+06   2.1000000e+01
   5.0364790e+06   2.4000000e+01
   5.0379060e+06   2.1000000e+01
   5.0393840e+06   2.3000000e+01
   5.0406970e+06   2.3000000e+01
   5.0420140e+06   2.4000000e+01
   5.0432600e+06   2.5000000e+01
   5.0441420e+06   2.2000000e+01
   5.0457790e+06   2.1000000e+01
   5.0461030e+06   2.1000000e+01
   5.0477790e+06   2.4000000e+01
   5.0488770e+06   2.3000000e+01
   5.0531010e+06   2.2000000e+01
   5.1670590e+06   2.1000000e+01
   5.1676630e+06   2.1000000e+01
   5.1706170e+06   2.2000000e+01
   5.1715940e+06   2.1000000e+01
   5.1717670e+06   2.3000000e+01
   5.1727610e+06   2.1000000e+01
   5.1728250e+06   2.6000000e+01
   5.1729580e+06   2.5000000e+01
   5.1732260e+06   2.7000000e+01
   5.1739270e+06   2.3000000e+01
   5.1784300e+06   2.4000000e+01
   5.1785140e+06   2.2000000e+01
   5.1796580e+06   2.1000000e+01
   5.1814650e+06   2.4000000e+01
   5.1823650e+06   2.7000000e+01
   5.1834580e+06   2.2000000e+01
   5.1843000e+06   2.2000000e+01
   5.1900910e+06   3.2000000e+01
   5.1908850e+06   2.6000000e+01
   5.1912590e+06   2.5000000e+01
   5.1917540e+06   2.4000000e+01
   5.1924940e+06   2.3000000e+01
   5.1926510e+06   2.6000000e+01
   5.1930390e+06   2.1000000e+01
   5.1953590e+06   2.3000000e+01
   5.1955190e+06   2.5000000e+01
   5.1966620e+06   2.6000000e+01
   5.1982010e+06   2.1000000e+01
   5.2949680e+06   2.3000000e+01
   5.2951330e+06   2.3000000e+01
   5.2951630e+06   3.4000000e+01
   5.2952040e+06   2.2000000e+01
   5.2952460e+06   2.1000000e+01
   5.2953010e+06   2.1000000e+01
   5.2954020e+06   2.2000000e+01
   5.4244070e+06   2.1000000e+01
   5.4248150e+06   2.3000000e+01
   5.4251020e+06   2.5000000e+01
   5.4252250e+06   2.3000000e+01
   5.4252960e+06   2.1000000e+01
   5.4253950e+06   2.1000000e+01
   5.4259300e+06   2.1000000e+01
   5.4282090e+06   2.2000000e+01
   5.4329140e+06   2.2000000e+01
   5.4342570e+06   3.1000000e+01
   5.4343830e+06   2.1000000e+01
   5.4345280e+06   2.4000000e+01
   5.4350270e+06   2.2000000e+01
   5.4352570e+06   2.5000000e+01
   5.4353400e+06   2.2000000e+01
   5.4356990e+06   2.1000000e+01
   5.4358580e+06   2.2000000e+01
   5.4359760e+06   2.3000000e+01
   5.4360290e+06   2.3000000e+01
   5.4361140e+06   2.6000000e+01
   5.4365580e+06   2.3000000e+01
   5.4375880e+06   2.3000000e+01
   5.4393340e+06   3.1000000e+01
   5.4409270e+06   2.2000000e+01
   5.4420970e+06   2.3000000e+01
   5.4433770e+06   2.2000000e+01
   5.4443350e+06   2.3000000e+01
   5.4449160e+06   2.2000000e+01
   5.4458990e+06   2.6000000e+01
   5.4472740e+06   2.6000000e+01
   5.4483380e+06   2.2000000e+01
   5.4520510e+06   2.7000000e+01
   5.4547940e+06   2.3000000e+01
   5.6126330e+06   2.3000000e+01
   5.6131560e+06   2.6000000e+01
   5.6132830e+06   2.4000000e+01
   5.6133130e+06   2.1000000e+01
   5.6134870e+06   2.3000000e+01
   5.6135370e+06   2.2000000e+01
   5.6140620e+06   2.1000000e+01
   5.6145590e+06   2.2000000e+01
   5.6420050e+06   2.2000000e+01
   5.7009530e+06   2.1000000e+01
   5.7013180e+06   2.1000000e+01
   5.7019360e+06   2.5000000e+01
   5.7022710e+06   2.2000000e+01
   5.7023150e+06   2.1000000e+01
   5.7023580e+06   2.5000000e+01
   5.7024820e+06   2.3000000e+01
   5.7030950e+06   2.7000000e+01
   5.7032130e+06   2.3000000e+01
   5.7033450e+06   2.3000000e+01
   5.7035420e+06   2.1000000e+01
   5.7039980e+06   2.2000000e+01
   5.7047720e+06   2.2000000e+01
   5.7053220e+06   2.2000000e+01
   5.7053630e+06   2.1000000e+01
   5.7063350e+06   2.1000000e+01
   5.7064860e+06   2.1000000e+01
   5.7066120e+06   2.2000000e+01
   5.7067120e+06   2.6000000e+01
   5.7067410e+06   2.6000000e+01
   5.7068820e+06   2.3000000e+01
   5.7087260e+06   2.5000000e+01
   5.7093620e+06   2.2000000e+01
   5.8396030e+06   2.1000000e+01
   5.8779590e+06   2.1000000e+01
   5.8785000e+06   2.1000000e+01
   5.8785350e+06   2.7000000e+01
   5.8793060e+06   2.5000000e+01
   5.8793750e+06   2.1000000e+01
   5.8799920e+06   2.6000000e+01
   5.8800920e+06   2.2000000e+01
   5.8804860e+06   2.1000000e+01
   5.8806110e+06   2.5000000e+01
   5.8807550e+06   2.1000000e+01
   5.8811030e+06   2.1000000e+01
   5.8827470e+06   2.1000000e+01
   5.8832260e+06   2.6000000e+01
   5.8855600e+06   2.1000000e+01
   5.9808340e+06   2.4000000e+01
   5.9841560e+06   2.1000000e+01
   5.9846720e+06   2.1000000e+01
   5.9853010e+06   2.4000000e+01
   5.9854750e+06   2.7000000e+01
   5.9858510e+06   2.4000000e+01
   5.9861680e+06   2.4000000e+01
   5.9862790e+06   2.1000000e+01
   5.9869140e+06   2.2000000e+01
   5.9870640e+06   2.1000000e+01
   5.9872940e+06   2.1000000e+01
   5.9876280e+06   2.4000000e+01
   5.9877160e+06   2.2000000e+01
   5.9879510e+06   2.1000000e+01
   5.9881390e+06   2.4000000e+01
   5.9887030e+06   2.1000000e+01
   5.9888060e+06   2.2000000e+01
   5.9889160e+06   2.1000000e+01
   5.9890280e+06   2.1000000e+01
   5.9891610e+06   2.2000000e+01
   5.9897960e+06   3.3000000e+01
   5.9899560e+06   2.1000000e+01
   5.9905230e+06   2.2000000e+01
   5.9928900e+06   2.1000000e+01
   5.9933460e+06   3.0000000e+01
   5.9940640e+06   2.4000000e+01
   5.9942870e+06   2.1000000e+01
   5.9949290e+06   2.1000000e+01
   5.9953820e+06   2.3000000e+01
   5.9956670e+06   2.3000000e+01
   6.0794000e+06   2.4000000e+01
   6.1572530e+06   2.1000000e+01
   6.2418760e+06   2.1000000e+01
   6.2426600e+06   2.8000000e+01
   6.2429820e+06   2.2000000e+01
   6.2430760e+06   2.1000000e+01
   6.2438030e+06   2.1000000e+01
   6.2444350e+06   2.1000000e+01
   6.2446130e+06   2.1000000e+01
   6.2449040e+06   2.9000000e+01
   6.2449480e+06   2.2000000e+01
   6.2457700e+06   2.2000000e+01
   6.2463070e+06   2.1000000e+01
   6.2468390e+06   2.1000000e+01
   6.2473150e+06   3.3000000e+01
   6.3025740e+06   2.1000000e+01
   6.3401050e+06   2.1000000e+01
   6.3416200e+06   2.4000000e+01
   6.3439620e+06   2.1000000e+01
   6.3441060e+06   2.3000000e+01
   6.3444070e+06   2.8000000e+01
   6.3444330e+06   2.1000000e+01
   6.3445980e+06   2.2000000e+01
   6.3446290e+06   2.9000000e+01
   6.3447250e+06   2.3000000e+01
   6.3448400e+06   2.6000000e+01
   6.3450070e+06   2.9000000e+01
   6.3450690e+06   2.2000000e+01
   6.3452840e+06   2.2000000e+01
   6.3454060e+06   2.2000000e+01
   6.3454870e+06   2.2000000e+01
   6.3456750e+06   2.3000000e+01
   6.3459780e+06   2.4000000e+01
   6.3461700e+06   2.1000000e+01
   6.3465910e+06   2.6000000e+01
   6.3469490e+06   2.3000000e+01
   6.3470820e+06   2.2000000e+01
   6.3494040e+06   2.8000000e+01
   6.3508420e+06   2.6000000e+01
   6.3512310e+06   2.1000000e+01
   6.3515470e+06   2.1000000e+01
   6.3517740e+06   2.1000000e+01
   6.3518510e+06   3.0000000e+01
   6.3527880e+06   2.2000000e+01
   6.3541470e+06   3.5000000e+01
   6.3542710e+06   2.3000000e+01
   6.3556360e+06   2.2000000e+01
   6.3564400e+06   2.1000000e+01
   6.3575050e+06   2.3000000e+01
   6.3584490e+06   2.4000000e+01
   6.3600890e+06   2.5000000e+01
   6.3611770e+06   2.3000000e+01
   6.3622590e+06   2.9000000e+01
   6.3635390e+06   2.5000000e+01
   6.3644550e+06   2.2000000e+01
   6.3663890e+06   2.3000000e+01
   6.3679870e+06   2.8000000e+01
   6.3693210e+06   2.2000000e+01
   6.3707580e+06   2.2000000e+01
   6.4099400e+06   2.1000000e+01
   6.4818090e+06   2.1000000e+01
   6.5481120e+06   2.3000000e+01
   6.6152570e+06   2.2000000e+01
   6.6152880e+06   2.1000000e+01
   6.6155400e+06   2.3000000e+01
   6.6158300e+06   2.1000000e+01
   6.6158790e+06   2.7000000e+01
   6.6161330e+06   2.2000000e+01
   6.6162560e+06   2.2000000e+01
   6.6166930e+06   2.3000000e+01
   6.6210620e+06   2.9000000e+01
   6.6214270e+06   2.2000000e+01
   6.6217780e+06   2.4000000e+01
   6.6227410e+06   2.1000000e+01
   6.6228780e+06   3.9000000e+01
   6.6229160e+06   2.2000000e+01
   6.6235050e+06   2.4000000e+01
   6.6237470e+06   2.1000000e+01
   6.6239240e+06   2.2000000e+01
   6.6269550e+06   2.1000000e+01
   6.8523990e+06   2.2000000e+01
   6.8529580e+06   2.9000000e+01
   6.8536570e+06   2.7000000e+01
   6.8540720e+06   2.4000000e+01
   6.8541340e+06   2.3000000e+01
   6.8544890e+06   2.4000000e+01
   6.8547660e+06   2.1000000e+01
   6.8548580e+06   2.1000000e+01
   6.8550650e+06   2.5000000e+01
   6.8553390e+06   2.1000000e+01
   6.9347230e+06   2.4000000e+01
   6.9530760e+06   2.3000000e+01
   6.9531340e+06   2.2000000e+01
   6.9532620e+06   2.9000000e+01
   6.9534700e+06   2.2000000e+01
   6.9537230e+06   2.3000000e+01
   6.9540800e+06   2.2000000e+01
   6.9541300e+06   2.2000000e+01
   6.9542010e+06   2.6000000e+01
   6.9547250e+06   2.2000000e+01
   6.9554160e+06   2.8000000e+01
   6.9561260e+06   2.2000000e+01
   6.9573710e+06   2.3000000e+01
   6.9630000e+06   3.1000000e+01
   6.9634300e+06   2.7000000e+01
   6.9634780e+06   2.1000000e+01
   6.9637530e+06   2.3000000e+01
   6.9637870e+06   2.1000000e+01
   6.9640540e+06   2.2000000e+01
   6.9641900e+06   2.1000000e+01
   6.9643950e+06   2.1000000e+01
   6.9648830e+06   2.1000000e+01
   6.9653960e+06   2.7000000e+01
   6.9655880e+06   2.1000000e+01
   6.9656160e+06   2.1000000e+01
   6.9656640e+06   2.1000000e+01
   6.9658270e+06   2.2000000e+01
   6.9660050e+06   2.2000000e+01
   6.9662350e+06   2.7000000e+01
   6.9676260e+06   2.5000000e+01
   6.9723540e+06   2.5000000e+01
   7.0958520e+06   2.3000000e+01
   7.0983130e+06   2.2000000e+01
   7.1008480e+06   2.3000000e+01
   7.1028730e+06   2.2000000e+01
   7.1039440e+06   2.4000000e+01
   7.2207300e+06   2.2000000e+01
   7.2209290e+06   2.2000000e+01
   7.2209920e+06   2.4000000e+01
   7.2214100e+06   2.3000000e+01
   7.2214470e+06   2.1000000e+01
   7.2215010e+06   2.6000000e+01
   7.2216700e+06   2.1000000e+01
   7.2223430e+06   2.1000000e+01
   7.2235880e+06   2.2000000e+01
   7.2237410e+06   2.3000000e+01
   7.2237890e+06   3.5000000e+01
   7.2239310e+06   2.3000000e+01
   7.2242140e+06   2.9000000e+01
   7.2242510e+06   2.3000000e+01
   7.2581630e+06   2.1000000e+01
   7.3483970e+06   2.2000000e+01
   7.3485280e+06   2.5000000e+01
   7.3491220e+06   2.7000000e+01
   7.3492100e+06   2.3000000e+01
   7.3493690e+06   2.1000000e+01
   7.3497890e+06   2.2000000e+01
   7.3504670e+06   2.1000000e+01
   7.3505520e+06   2.1000000e+01
   7.3512320e+06   3.5000000e+01
   7.3516380e+06   2.4000000e+01
   7.3521310e+06   2.2000000e+01
   7.3522160e+06   2.4000000e+01
   7.3522750e+06   2.9000000e+01
   7.3527330e+06   2.3000000e+01
   7.3527910e+06   2.5000000e+01
   7.3528710e+06   2.1000000e+01
   7.3531330e+06   2.4000000e+01
   7.3540910e+06   2.1000000e+01
   7.3541650e+06   2.6000000e+01
   7.3551060e+06   2.8000000e+01
   7.3562360e+06   2.1000000e+01
   7.3568030e+06   2.7000000e+01
   7.3575810e+06   2.5000000e+01
   7.3589270e+06   2.3000000e+01
   7.3590900e+06   2.3000000e+01
   7.3598900e+06   2.5000000e+01
   7.3604050e+06   2.3000000e+01
   7.3612070e+06   2.5000000e+01
   7.3617370e+06   2.3000000e+01
   7.3627420e+06   2.5000000e+01
   7.3634770e+06   2.2000000e+01
   7.3642030e+06   2.8000000e+01
   7.3657620e+06   2.6000000e+01
   7.3665500e+06   2.4000000e+01
   7.3668610e+06   2.1000000e+01
   7.3676890e+06   2.7000000e+01
   7.3690340e+06   2.2000000e+01
   7.3709290e+06   2.4000000e+01
   7.3725240e+06   2.3000000e+01
   7.3741260e+06   2.2000000e+01
   7.4894000e+06   2.3000000e+01
   7.4898210e+06   2.1000000e+01
   7.4902550e+06   2.1000000e+01
   7.4904630e+06   2.5000000e+01
   7.4905150e+06   2.7000000e+01
   7.4933970e+06   2.1000000e+01
   7.4951610e+06   2.8000000e+01
   7.4958680e+06   2.3000000e+01
   7.4960890e+06   2.2000000e+01
   7.4961170e+06   2.2000000e+01
   7.4963170e+06   2.3000000e+01
