   7.5250000e+06   0.0000000e+00
   6.6820000e+03   2.2000000e+01
   1.0735000e+04   2.1000000e+01
   2.0680000e+04   2.3000000e+01
   2.1723000e+04   2.1000000e+01
   2.3050000e+04   2.4000000e+01
   6.4511000e+04   2.2000000e+01
   1.4012600e+05   2.1000000e+01
   1.6440800e+05   2.3000000e+01
   1.6500400e+05   2.1000000e+01
   1.6502900e+05   2.2000000e+01
   1.6542500e+05   2.7000000e+01
   1.6577700e+05   2.1000000e+01
   1.6586600e+05   2.9000000e+01
   1.6704700e+05   2.4000000e+01
   1.6711800e+05   2.1000000e+01
   1.6853500e+05   2.4000000e+01
   1.7012100e+05   2.3000000e+01
   1.9240300e+05   2.2000000e+01
   1.9614600e+05   2.1000000e+01
   2.1076600e+05   2.1000000e+01
   2.7545100e+05   2.3000000e+01
   2.7969600e+05   2.1000000e+01
   2.8807600e+05   2.2000000e+01
   2.9178900e+05   2.1000000e+01
   2.9245100e+05   2.7000000e+01
   2.9254200e+05   2.3000000e+01
   2.9264600e+05   2.2000000e+01
   3.2909900e+05   2.1000000e+01
   4.1218800e+05   2.5000000e+01
   4.1264400e+05   2.4000000e+01
   4.1297900e+05   2.1000000e+01
   4.1342300e+05   2.3000000e+01
   4.1354700e+05   2.1000000e+01
   4.1385700e+05   2.2000000e+01
   4.1430800e+05   2.1000000e+01
   4.1478700e+05   2.1000000e+01
   4.1513800e+05   2.2000000e+01
   4.1518700e+05   2.1000000e+01
   4.1554300e+05   2.2000000e+01
   4.2258000e+05   2.1000000e+01
   4.2753500e+05   2.2000000e+01
   5.0303500e+05   2.3000000e+01
   5.6722800e+05   2.4000000e+01
   5.7189600e+05   3.2000000e+01
   5.7242000e+05   2.7000000e+01
   5.7841500e+05   2.2000000e+01
   5.7862200e+05   2.1000000e+01
   5.7938300e+05   2.4000000e+01
   5.8101400e+05   2.6000000e+01
   5.8137800e+05   2.2000000e+01
   5.8227200e+05   2.2000000e+01
   5.8255900e+05   2.5000000e+01
   5.8473400e+05   2.4000000e+01
   5.8618300e+05   2.1000000e+01
   5.9802500e+05   2.1000000e+01
   6.0287100e+05   2.1000000e+01
   7.6522700e+05   2.4000000e+01
   7.6554800e+05   2.2000000e+01
   7.6564300e+05   2.2000000e+01
   7.6574200e+05   2.5000000e+01
   7.6593300e+05   2.2000000e+01
   7.6597000e+05   2.2000000e+01
   7.7718600e+05   2.1000000e+01
   7.7914700e+05   2.2000000e+01
   8.3069800e+05   2.3000000e+01
   8.4990300e+05   2.5000000e+01
   8.6736900e+05   2.3000000e+01
   8.7042500e+05   2.1000000e+01
   8.8350600e+05   2.2000000e+01
   9.1927300e+05   2.1000000e+01
   9.2288800e+05   2.1000000e+01
   9.2517900e+05   2.2000000e+01
   9.2547000e+05   2.1000000e+01
   9.2589400e+05   2.3000000e+01
   9.2682100e+05   2.3000000e+01
   9.2902200e+05   2.2000000e+01
   9.3436000e+05   2.3000000e+01
   9.4531200e+05   2.1000000e+01
   9.5267000e+05   2.3000000e+01
   9.6775900e+05   2.4000000e+01
   9.7252100e+05   2.1000000e+01
   9.9794600e+05   2.2000000e+01
   9.9839800e+05   2.2000000e+01
   9.9943800e+05   2.1000000e+01
   1.0035850e+06   2.3000000e+01
   1.0044570e+06   2.3000000e+01
   1.0415050e+06   2.4000000e+01
   1.0423790e+06   2.2000000e+01
   1.0436050e+06   2.2000000e+01
   1.0442850e+06   2.6000000e+01
   1.0888960e+06   2.1000000e+01
   1.1566610e+06   2.1000000e+01
   1.1570680e+06   2.3000000e+01
   1.1575290e+06   2.2000000e+01
   1.1578360e+06   2.1000000e+01
   1.1583730e+06   2.4000000e+01
   1.1584000e+06   2.1000000e+01
   1.2660030e+06   2.1000000e+01
   1.3130900e+06   2.5000000e+01
   1.3131390e+06   2.2000000e+01
   1.3132650e+06   2.2000000e+01
   1.3133450e+06   2.6000000e+01
   1.3134640e+06   2.7000000e+01
   1.3139100e+06   2.1000000e+01
   1.3141280e+06   2.1000000e+01
   1.3153030e+06   2.2000000e+01
   1.4394490e+06   2.1000000e+01
   1.4409630e+06   2.1000000e+01
   1.4411030e+06   2.5000000e+01
   1.4420660e+06   2.1000000e+01
   1.4421590e+06   2.3000000e+01
   1.4422730e+06   2.1000000e+01
   1.4495700e+06   2.4000000e+01
   1.4563960e+06   2.1000000e+01
   1.4564490e+06   2.3000000e+01
   1.4567160e+06   2.1000000e+01
   1.4571380e+06   2.4000000e+01
   1.4575320e+06   2.1000000e+01
   1.4618190e+06   2.1000000e+01
   1.4778020e+06   2.1000000e+01
   1.5191890e+06   2.1000000e+01
   1.5396360e+06   2.1000000e+01
   1.5397460e+06   2.1000000e+01
   1.5750350e+06   2.1000000e+01
   1.5765820e+06   2.1000000e+01
   1.5766270e+06   2.3000000e+01
   1.5766820e+06   2.2000000e+01
   1.5767240e+06   2.2000000e+01
   1.5775130e+06   2.2000000e+01
   1.6500400e+06   2.2000000e+01
   1.7261490e+06   2.2000000e+01
   1.7379460e+06   2.1000000e+01
   1.7382760e+06   2.1000000e+01
   1.7388510e+06   2.4000000e+01
   1.7392080e+06   2.3000000e+01
   1.7396520e+06   2.6000000e+01
   1.7398720e+06   2.1000000e+01
   1.7399470e+06   2.7000000e+01
   1.7421190e+06   2.1000000e+01
   1.7493980e+06   2.6000000e+01
   1.7537880e+06   2.2000000e+01
   1.7561810e+06   2.2000000e+01
   1.7576850e+06   2.6000000e+01
   1.7789020e+06   2.1000000e+01
   1.8133510e+06   2.3000000e+01
   1.8600270e+06   2.2000000e+01
   1.8893390e+06   2.2000000e+01
   1.8906180e+06   2.1000000e+01
   1.8912590e+06   2.7000000e+01
   1.8927420e+06   3.1000000e+01
   1.8928180e+06   2.1000000e+01
   1.8933840e+06   2.1000000e+01
   1.8934230e+06   2.2000000e+01
   1.8936820e+06   2.7000000e+01
   1.8958870e+06   2.2000000e+01
   1.9159210e+06   2.3000000e+01
   1.9306890e+06   2.1000000e+01
   2.0061000e+06   2.1000000e+01
   2.0244050e+06   2.1000000e+01
   2.0583640e+06   2.2000000e+01
   2.0771010e+06   2.5000000e+01
   2.0783180e+06   2.2000000e+01
   2.0787100e+06   2.6000000e+01
   2.0791910e+06   2.2000000e+01
   2.0792960e+06   2.5000000e+01
   2.0803770e+06   2.4000000e+01
   2.0916070e+06   2.1000000e+01
   2.2347370e+06   2.5000000e+01
   2.2349650e+06   2.6000000e+01
   2.2362560e+06   2.1000000e+01
   2.2372150e+06   2.3000000e+01
   2.2403380e+06   2.1000000e+01
   2.2422720e+06   2.3000000e+01
   2.2438230e+06   2.2000000e+01
   2.2492630e+06   2.3000000e+01
   2.2709480e+06   2.7000000e+01
   2.2975060e+06   2.3000000e+01
   2.2989530e+06   2.1000000e+01
   2.3446310e+06   2.1000000e+01
   2.3674990e+06   2.1000000e+01
   2.3675600e+06   2.4000000e+01
   2.3676700e+06   2.1000000e+01
   2.3682620e+06   2.1000000e+01
   2.3687150e+06   2.1000000e+01
   2.3694280e+06   2.1000000e+01
   2.3701620e+06   2.1000000e+01
   2.3705580e+06   2.1000000e+01
   2.3706190e+06   2.2000000e+01
   2.3722200e+06   2.2000000e+01
   2.3753350e+06   2.1000000e+01
   2.3759760e+06   2.1000000e+01
   2.3763040e+06   2.3000000e+01
   2.3763540e+06   2.2000000e+01
   2.3834510e+06   2.1000000e+01
   2.3841340e+06   2.5000000e+01
   2.3842500e+06   2.1000000e+01
   2.4145040e+06   2.2000000e+01
   2.4145320e+06   2.1000000e+01
   2.4265310e+06   2.2000000e+01
   2.4705850e+06   2.1000000e+01
   2.5035310e+06   2.2000000e+01
   2.5047770e+06   2.3000000e+01
   2.5283130e+06   2.2000000e+01
   2.5314800e+06   2.1000000e+01
   2.5325500e+06   2.4000000e+01
   2.5328240e+06   2.3000000e+01
   2.5331510e+06   2.4000000e+01
   2.5334410e+06   2.3000000e+01
   2.5345580e+06   2.4000000e+01
   2.5371590e+06   2.2000000e+01
   2.5393710e+06   2.4000000e+01
   2.5478000e+06   2.1000000e+01
   2.5497170e+06   2.1000000e+01
   2.5509010e+06   2.1000000e+01
   2.5526710e+06   2.3000000e+01
   2.5547900e+06   2.1000000e+01
   2.5556830e+06   2.1000000e+01
   2.5743020e+06   2.1000000e+01
   2.5810270e+06   2.2000000e+01
   2.6982340e+06   2.1000000e+01
   2.7203480e+06   2.1000000e+01
   2.7267560e+06   2.1000000e+01
   2.7275110e+06   2.1000000e+01
   2.7295220e+06   2.1000000e+01
   2.8725080e+06   2.2000000e+01
   2.8990810e+06   2.1000000e+01
   2.8997180e+06   2.3000000e+01
   2.8999930e+06   2.3000000e+01
   2.9000870e+06   2.4000000e+01
   2.9006650e+06   2.8000000e+01
   2.9016210e+06   2.1000000e+01
   2.9017230e+06   2.1000000e+01
   2.9017680e+06   2.2000000e+01
   2.9021630e+06   2.2000000e+01
   2.9022360e+06   2.2000000e+01
   2.9023220e+06   2.8000000e+01
   2.9030180e+06   2.3000000e+01
   2.9036330e+06   2.1000000e+01
   2.9044350e+06   2.1000000e+01
   2.9272220e+06   2.1000000e+01
   2.9472320e+06   2.4000000e+01
   2.9502880e+06   2.1000000e+01
   2.9512710e+06   2.1000000e+01
   2.9575100e+06   2.2000000e+01
   3.0103840e+06   2.1000000e+01
   3.0146960e+06   2.1000000e+01
   3.0149300e+06   2.2000000e+01
   3.0151520e+06   2.1000000e+01
   3.0157190e+06   2.5000000e+01
   3.0185530e+06   2.1000000e+01
   3.0186000e+06   2.2000000e+01
   3.0210220e+06   2.2000000e+01
   3.1199070e+06   2.4000000e+01
   3.1361930e+06   2.1000000e+01
   3.1397930e+06   2.1000000e+01
   3.1400590e+06   2.1000000e+01
   3.1401350e+06   2.2000000e+01
   3.1409230e+06   2.1000000e+01
   3.1940340e+06   2.3000000e+01
   3.2004680e+06   2.1000000e+01
   3.2028320e+06   2.1000000e+01
   3.2031850e+06   2.3000000e+01
   3.2042540e+06   2.1000000e+01
   3.2043210e+06   2.1000000e+01
   3.2044060e+06   2.4000000e+01
   3.2051390e+06   2.3000000e+01
   3.2055590e+06   2.1000000e+01
   3.2056950e+06   2.6000000e+01
   3.2069120e+06   2.1000000e+01
   3.2114740e+06   2.1000000e+01
   3.2185980e+06   2.1000000e+01
   3.2223620e+06   2.1000000e+01
   3.2243990e+06   2.1000000e+01
   3.3346010e+06   2.4000000e+01
   3.3493460e+06   2.1000000e+01
   3.3523890e+06   2.4000000e+01
   3.3531370e+06   2.1000000e+01
   3.3533470e+06   2.2000000e+01
   3.3536180e+06   2.2000000e+01
   3.3547910e+06   2.1000000e+01
   3.3598450e+06   2.1000000e+01
   3.3618020e+06   2.3000000e+01
   3.3641380e+06   2.1000000e+01
   3.3681930e+06   2.3000000e+01
   3.3702610e+06   2.3000000e+01
   3.3737630e+06   2.1000000e+01
   3.3802960e+06   2.5000000e+01
   3.3847550e+06   2.4000000e+01
   3.3921500e+06   2.1000000e+01
   3.3926020e+06   2.1000000e+01
   3.3927400e+06   2.2000000e+01
   3.3928070e+06   2.5000000e+01
   3.3936060e+06   2.6000000e+01
   3.3938360e+06   2.3000000e+01
   3.3945850e+06   2.2000000e+01
   3.3946420e+06   2.3000000e+01
   3.3955350e+06   2.4000000e+01
   3.4034670e+06   2.1000000e+01
   3.4034960e+06   2.1000000e+01
   3.4244590e+06   2.2000000e+01
   3.5044470e+06   2.2000000e+01
   3.5183440e+06   2.2000000e+01
   3.5627240e+06   2.1000000e+01
   3.5628460e+06   2.1000000e+01
   3.5634130e+06   2.1000000e+01
   3.5634970e+06   2.5000000e+01
   3.5636950e+06   2.1000000e+01
   3.5641130e+06   2.1000000e+01
   3.5641420e+06   2.7000000e+01
   3.5682400e+06   2.2000000e+01
   3.5733210e+06   2.2000000e+01
   3.6052940e+06   2.2000000e+01
   3.6072840e+06   2.2000000e+01
   3.6131710e+06   2.3000000e+01
   3.6157720e+06   2.6000000e+01
   3.6243650e+06   2.2000000e+01
   3.6272600e+06   2.1000000e+01
   3.6435290e+06   2.1000000e+01
   3.6567560e+06   2.3000000e+01
   3.6600570e+06   2.1000000e+01
   3.6853610e+06   2.2000000e+01
   3.6862560e+06   2.1000000e+01
   3.6863700e+06   2.5000000e+01
   3.6873350e+06   2.4000000e+01
   3.6874510e+06   2.3000000e+01
   3.6879180e+06   2.6000000e+01
   3.6891230e+06   2.1000000e+01
   3.7017910e+06   2.2000000e+01
   3.7199830e+06   2.1000000e+01
   3.7226670e+06   2.1000000e+01
   3.7485780e+06   2.3000000e+01
   3.7678290e+06   2.1000000e+01
   3.7691750e+06   2.2000000e+01
   3.7695430e+06   2.2000000e+01
   3.7696150e+06   2.5000000e+01
   3.7696850e+06   2.5000000e+01
   3.7700710e+06   2.4000000e+01
   3.7753220e+06   2.1000000e+01
   3.9004190e+06   2.1000000e+01
   3.9008080e+06   2.3000000e+01
   3.9013100e+06   2.1000000e+01
   3.9013610e+06   2.3000000e+01
   3.9025440e+06   2.1000000e+01
   3.9026010e+06   2.2000000e+01
   3.9027610e+06   2.1000000e+01
   3.9227180e+06   2.1000000e+01
   3.9285800e+06   2.1000000e+01
   3.9333210e+06   2.3000000e+01
   3.9415290e+06   2.1000000e+01
   3.9479560e+06   2.1000000e+01
   3.9573510e+06   2.1000000e+01
   3.9613860e+06   2.3000000e+01
   3.9718210e+06   2.1000000e+01
   3.9841900e+06   2.2000000e+01
   4.0634650e+06   2.4000000e+01
   4.0642930e+06   2.1000000e+01
   4.0647810e+06   2.5000000e+01
   4.0650740e+06   2.1000000e+01
   4.0651860e+06   2.7000000e+01
   4.0652510e+06   2.1000000e+01
   4.0656180e+06   2.2000000e+01
   4.0657160e+06   2.1000000e+01
   4.0663970e+06   2.2000000e+01
   4.2705740e+06   2.2000000e+01
   4.2711310e+06   2.2000000e+01
   4.2713360e+06   2.1000000e+01
   4.2723560e+06   2.3000000e+01
   4.2729870e+06   2.1000000e+01
   4.2740600e+06   2.1000000e+01
   4.2772370e+06   2.3000000e+01
   4.2819750e+06   2.1000000e+01
   4.2822650e+06   2.5000000e+01
   4.2823530e+06   2.2000000e+01
   4.2825930e+06   2.4000000e+01
   4.2847290e+06   2.2000000e+01
   4.3018770e+06   2.1000000e+01
   4.3049000e+06   2.1000000e+01
   4.3343810e+06   2.1000000e+01
   4.3943400e+06   2.1000000e+01
   4.4053170e+06   2.2000000e+01
   4.4080410e+06   2.3000000e+01
   4.4278090e+06   2.2000000e+01
   4.4285490e+06   2.3000000e+01
   4.4288350e+06   2.4000000e+01
   4.4300330e+06   2.1000000e+01
   4.4301060e+06   2.3000000e+01
   4.4546180e+06   2.1000000e+01
   4.4669970e+06   2.5000000e+01
   4.4710500e+06   2.3000000e+01
   4.4877300e+06   2.1000000e+01
   4.4944530e+06   2.3000000e+01
   4.5045400e+06   2.1000000e+01
   4.5108870e+06   2.2000000e+01
   4.5238790e+06   2.2000000e+01
   4.5987670e+06   2.2000000e+01
   4.6159920e+06   2.5000000e+01
   4.6169420e+06   2.2000000e+01
   4.6235850e+06   2.2000000e+01
   4.6453270e+06   2.1000000e+01
   4.6771240e+06   2.2000000e+01
   4.6781240e+06   2.2000000e+01
   4.7204520e+06   2.7000000e+01
   4.7811140e+06   2.2000000e+01
   4.7815390e+06   2.6000000e+01
   4.7819440e+06   2.1000000e+01
   4.7820120e+06   2.3000000e+01
   4.7846800e+06   2.1000000e+01
   4.7874970e+06   2.4000000e+01
   4.7958370e+06   2.4000000e+01
   4.7958670e+06   2.2000000e+01
   4.7962730e+06   2.4000000e+01
   4.7963140e+06   2.6000000e+01
   4.7964440e+06   2.1000000e+01
   4.7976320e+06   2.2000000e+01
   4.7979110e+06   2.2000000e+01
   4.7981630e+06   2.1000000e+01
   4.7984390e+06   2.4000000e+01
   4.7985080e+06   2.8000000e+01
   4.7985560e+06   2.4000000e+01
   4.7993700e+06   2.2000000e+01
   4.7997910e+06   2.2000000e+01
   4.7999950e+06   2.1000000e+01
   4.9157950e+06   2.2000000e+01
   4.9254190e+06   2.1000000e+01
   5.0187390e+06   2.7000000e+01
   5.0189640e+06   2.1000000e+01
   5.0192700e+06   2.2000000e+01
   5.0194890e+06   2.8000000e+01
   5.0221170e+06   2.2000000e+01
   5.0304970e+06   2.5000000e+01
   5.0305240e+06   2.1000000e+01
   5.0309660e+06   2.2000000e+01
   5.0313370e+06   2.4000000e+01
   5.0315890e+06   2.3000000e+01
   5.0357260e+06   2.2000000e+01
   5.0471180e+06   2.2000000e+01
   5.0537810e+06   2.5000000e+01
   5.0610240e+06   2.5000000e+01
   5.0700240e+06   2.1000000e+01
   5.0758830e+06   2.2000000e+01
   5.0771540e+06   2.1000000e+01
   5.0920680e+06   2.1000000e+01
   5.1666460e+06   2.2000000e+01
   5.1670600e+06   2.1000000e+01
   5.1718680e+06   2.4000000e+01
   5.1725550e+06   2.1000000e+01
   5.1727710e+06   2.1000000e+01
   5.1729600e+06   2.2000000e+01
   5.1732340e+06   2.1000000e+01
   5.1818030e+06   2.3000000e+01
   5.1820990e+06   2.3000000e+01
   5.1823340e+06   2.5000000e+01
   5.2034310e+06   2.2000000e+01
   5.2405570e+06   2.2000000e+01
   5.2491810e+06   2.1000000e+01
   5.2946170e+06   2.1000000e+01
   5.2948190e+06   2.3000000e+01
   5.2951360e+06   2.4000000e+01
   5.2951660e+06   3.0000000e+01
   5.2952070e+06   2.1000000e+01
   5.4248220e+06   2.2000000e+01
   5.4250780e+06   2.2000000e+01
   5.4251360e+06   2.3000000e+01
   5.4252060e+06   2.3000000e+01
   5.4252980e+06   2.4000000e+01
   5.4259020e+06   2.1000000e+01
   5.4260480e+06   2.1000000e+01
   5.4343840e+06   2.3000000e+01
   5.4351620e+06   2.5000000e+01
   5.4357290e+06   2.1000000e+01
   5.4359790e+06   2.6000000e+01
   5.4360190e+06   2.4000000e+01
   5.4365610e+06   2.2000000e+01
   5.4497280e+06   2.3000000e+01
   5.4588520e+06   2.1000000e+01
   5.5986280e+06   2.2000000e+01
   5.6126290e+06   2.3000000e+01
   5.6133060e+06   3.6000000e+01
   5.6135230e+06   2.2000000e+01
   5.6140560e+06   2.2000000e+01
   5.7024860e+06   2.1000000e+01
   5.7040650e+06   2.1000000e+01
   5.7049930e+06   2.2000000e+01
   5.7067100e+06   2.9000000e+01
   5.7067380e+06   2.1000000e+01
   5.7069100e+06   2.1000000e+01
   5.8506250e+06   2.2000000e+01
   5.8686110e+06   2.1000000e+01
   5.8785060e+06   2.2000000e+01
   5.8789250e+06   2.1000000e+01
   5.8793020e+06   2.1000000e+01
   5.8799910e+06   2.6000000e+01
   5.8806140e+06   2.1000000e+01
   5.9773590e+06   2.1000000e+01
   5.9852730e+06   2.2000000e+01
   5.9854570e+06   2.1000000e+01
   5.9855050e+06   2.2000000e+01
   5.9858430e+06   2.1000000e+01
   5.9862480e+06   2.1000000e+01
   5.9880430e+06   2.3000000e+01
   5.9881450e+06   2.2000000e+01
   5.9884570e+06   2.2000000e+01
   5.9888180e+06   2.3000000e+01
   5.9897980e+06   2.5000000e+01
   5.9973420e+06   2.2000000e+01
   6.0794210e+06   2.3000000e+01
   6.1541760e+06   2.1000000e+01
   6.1902930e+06   2.1000000e+01
   6.2203400e+06   2.2000000e+01
   6.2420730e+06   2.1000000e+01
   6.2428530e+06   2.2000000e+01
   6.2429840e+06   2.6000000e+01
   6.2444280e+06   2.1000000e+01
   6.2446270e+06   2.2000000e+01
   6.2464020e+06   2.1000000e+01
   6.2479280e+06   2.4000000e+01
   6.2875740e+06   2.2000000e+01
   6.3029720e+06   2.2000000e+01
   6.3416410e+06   2.2000000e+01
   6.3446500e+06   2.3000000e+01
   6.3449730e+06   2.2000000e+01
   6.3454910e+06   2.2000000e+01
   6.3459740e+06   2.3000000e+01
   6.3479730e+06   2.2000000e+01
   6.3488900e+06   2.1000000e+01
   6.3511380e+06   2.1000000e+01
   6.3655020e+06   2.1000000e+01
   6.3831890e+06   2.4000000e+01
   6.3851970e+06   2.1000000e+01
   6.3899140e+06   2.9000000e+01
   6.3945360e+06   2.2000000e+01
   6.4338720e+06   2.1000000e+01
   6.5481100e+06   2.3000000e+01
   6.6155360e+06   2.4000000e+01
   6.6159670e+06   2.4000000e+01
   6.6181570e+06   2.2000000e+01
   6.6237350e+06   2.3000000e+01
   6.6545520e+06   2.1000000e+01
   6.7146880e+06   2.1000000e+01
   6.8538830e+06   2.1000000e+01
   6.8544720e+06   2.1000000e+01
   6.8547630e+06   2.1000000e+01
   6.8630220e+06   2.3000000e+01
   6.8654510e+06   2.1000000e+01
   6.8668500e+06   2.3000000e+01
   6.8728580e+06   2.1000000e+01
   6.9001540e+06   2.1000000e+01
   6.9347220e+06   2.8000000e+01
   6.9401310e+06   2.3000000e+01
   6.9533160e+06   2.2000000e+01
   6.9533600e+06   2.1000000e+01
   6.9536410e+06   2.1000000e+01
   6.9540780e+06   2.7000000e+01
   6.9541280e+06   2.6000000e+01
   6.9542170e+06   2.1000000e+01
   6.9547170e+06   2.2000000e+01
   6.9680340e+06   2.3000000e+01
   7.0958770e+06   2.1000000e+01
   7.0959180e+06   2.2000000e+01
   7.1008420e+06   2.1000000e+01
   7.1014140e+06   2.3000000e+01
   7.1019130e+06   2.2000000e+01
   7.1021490e+06   2.2000000e+01
   7.1028980e+06   2.1000000e+01
   7.1039690e+06   2.1000000e+01
   7.1424010e+06   2.1000000e+01
   7.1630140e+06   2.1000000e+01
   7.2207360e+06   2.2000000e+01
   7.2207610e+06   2.4000000e+01
   7.2214990e+06   2.4000000e+01
   7.2216890e+06   2.5000000e+01
   7.2217440e+06   2.1000000e+01
   7.2223450e+06   2.1000000e+01
   7.2581650e+06   2.4000000e+01
   7.2584080e+06   2.1000000e+01
   7.3491010e+06   2.4000000e+01
   7.3492140e+06   2.2000000e+01
   7.3504630e+06   2.2000000e+01
   7.3521290e+06   2.3000000e+01
   7.3531030e+06   2.1000000e+01
   7.3541630e+06   2.8000000e+01
   7.3829050e+06   2.3000000e+01
   7.4461650e+06   2.3000000e+01
   7.4902400e+06   2.1000000e+01
   7.4904660e+06   2.6000000e+01
   7.4905360e+06   2.1000000e+01
   7.4922230e+06   2.3000000e+01
   7.4935130e+06   2.5000000e+01
   7.4954220e+06   2.2000000e+01
   7.4961140e+06   2.5000000e+01
   7.5065390e+06   2.3000000e+01
