   7.5250000e+06   0.0000000e+00
   1.9984000e+04   2.3000000e+01
   2.0826000e+04   2.1000000e+01
   2.1621000e+04   2.1000000e+01
   2.2648000e+04   2.6000000e+01
   2.2786000e+04   2.2000000e+01
   2.3050000e+04   2.3000000e+01
   1.6440800e+05   2.1000000e+01
   1.6502600e+05   2.9000000e+01
   1.6584600e+05   2.9000000e+01
   1.6705200e+05   2.5000000e+01
   1.6710200e+05   2.2000000e+01
   1.6770900e+05   2.2000000e+01
   1.6853500e+05   2.1000000e+01
   1.9241800e+05   2.3000000e+01
   2.7545100e+05   2.1000000e+01
   2.8807600e+05   2.2000000e+01
   2.9242200e+05   2.4000000e+01
   2.9245700e+05   2.1000000e+01
   2.9264700e+05   2.4000000e+01
   4.1220400e+05   2.5000000e+01
   4.1233700e+05   2.4000000e+01
   4.1237700e+05   2.1000000e+01
   4.1261200e+05   2.3000000e+01
   4.1327400e+05   2.5000000e+01
   4.1342300e+05   2.4000000e+01
   4.1399400e+05   2.1000000e+01
   4.1478700e+05   2.1000000e+01
   4.1504200e+05   2.3000000e+01
   4.1513800e+05   2.3000000e+01
   4.1553800e+05   2.4000000e+01
   4.1988800e+05   2.1000000e+01
   4.2452400e+05   2.2000000e+01
   4.2749600e+05   2.4000000e+01
   4.2799400e+05   2.1000000e+01
   4.2893300e+05   2.2000000e+01
   5.7100000e+05   2.1000000e+01
   5.7169900e+05   2.1000000e+01
   5.7181300e+05   2.1000000e+01
   5.7224800e+05   2.1000000e+01
   5.7242000e+05   2.1000000e+01
   5.7843500e+05   2.2000000e+01
   5.7940400e+05   2.6000000e+01
   5.8101400e+05   2.9000000e+01
   5.8229600e+05   2.2000000e+01
   5.8237200e+05   2.2000000e+01
   5.8254200e+05   2.2000000e+01
   5.8473400e+05   2.1000000e+01
   5.8644500e+05   2.2000000e+01
   7.6520200e+05   2.2000000e+01
   7.6561100e+05   2.3000000e+01
   7.6573400e+05   2.5000000e+01
   7.6593600e+05   2.4000000e+01
   7.7718600e+05   2.2000000e+01
   7.7812600e+05   2.1000000e+01
   9.2288800e+05   2.4000000e+01
   9.2518300e+05   2.4000000e+01
   9.2544700e+05   2.1000000e+01
   9.2589400e+05   2.3000000e+01
   9.2902100e+05   2.3000000e+01
   9.9791800e+05   2.1000000e+01
   9.9839800e+05   2.3000000e+01
   9.9845000e+05   2.2000000e+01
   9.9975800e+05   2.1000000e+01
   9.9989700e+05   2.1000000e+01
   1.0415050e+06   2.6000000e+01
   1.0423800e+06   2.5000000e+01
   1.0442820e+06   2.5000000e+01
   1.0888960e+06   2.2000000e+01
   1.1559530e+06   2.1000000e+01
   1.1583950e+06   2.4000000e+01
   1.1593580e+06   2.1000000e+01
   1.1598430e+06   2.1000000e+01
   1.3130890e+06   2.2000000e+01
   1.3132600e+06   2.1000000e+01
   1.3133440e+06   2.3000000e+01
   1.3134650e+06   2.1000000e+01
   1.3139270e+06   2.2000000e+01
   1.3141430e+06   4.0000000e+01
   1.3148860e+06   2.1000000e+01
   1.3152700e+06   2.2000000e+01
   1.3199140e+06   2.1000000e+01
   1.4390950e+06   2.1000000e+01
   1.4394460e+06   2.1000000e+01
   1.4411030e+06   2.6000000e+01
   1.4419560e+06   2.2000000e+01
   1.4421560e+06   2.1000000e+01
   1.4422750e+06   2.2000000e+01
   1.4564400e+06   2.1000000e+01
   1.4567230e+06   2.1000000e+01
   1.4571370e+06   2.2000000e+01
   1.5750350e+06   2.1000000e+01
   1.5765810e+06   2.2000000e+01
   1.5766820e+06   2.4000000e+01
   1.5767240e+06   2.5000000e+01
   1.5772610e+06   2.1000000e+01
   1.7382980e+06   2.2000000e+01
   1.7387940e+06   2.3000000e+01
   1.7388510e+06   2.1000000e+01
   1.7388810e+06   2.3000000e+01
   1.7392080e+06   2.4000000e+01
   1.7393500e+06   2.2000000e+01
   1.7396530e+06   2.5000000e+01
   1.7398720e+06   2.2000000e+01
   1.7399190e+06   2.4000000e+01
   1.7411890e+06   2.1000000e+01
   1.7415820e+06   2.1000000e+01
   1.7421190e+06   2.2000000e+01
   1.7561180e+06   2.4000000e+01
   1.8912550e+06   2.4000000e+01
   1.8927080e+06   2.3000000e+01
   1.8927410e+06   2.5000000e+01
   1.8933840e+06   2.6000000e+01
   1.8936770e+06   2.3000000e+01
   2.0227900e+06   2.2000000e+01
   2.0604990e+06   2.1000000e+01
   2.0783190e+06   2.4000000e+01
   2.0787110e+06   2.7000000e+01
   2.0787440e+06   2.1000000e+01
   2.0791910e+06   2.1000000e+01
   2.0792960e+06   2.6000000e+01
   2.0803770e+06   2.3000000e+01
   2.0804510e+06   2.1000000e+01
   2.0808170e+06   2.2000000e+01
   2.2322190e+06   2.2000000e+01
   2.2347360e+06   2.5000000e+01
   2.2348000e+06   2.1000000e+01
   2.2349700e+06   2.7000000e+01
   2.2357350e+06   2.2000000e+01
   2.2362940e+06   2.1000000e+01
   2.2989500e+06   2.1000000e+01
   2.3675590e+06   2.4000000e+01
   2.3676700e+06   2.3000000e+01
   2.3683570e+06   2.2000000e+01
   2.3689930e+06   2.1000000e+01
   2.3701630e+06   2.5000000e+01
   2.3705360e+06   2.1000000e+01
   2.3722200e+06   2.3000000e+01
   2.3753340e+06   2.1000000e+01
   2.3757270e+06   2.1000000e+01
   2.3759760e+06   2.2000000e+01
   2.3762430e+06   2.1000000e+01
   2.3763140e+06   2.1000000e+01
   2.3763540e+06   2.4000000e+01
   2.4697080e+06   2.1000000e+01
   2.5047790e+06   2.1000000e+01
   2.5314640e+06   2.1000000e+01
   2.5315050e+06   2.1000000e+01
   2.5325290e+06   2.9000000e+01
   2.5328250e+06   2.2000000e+01
   2.5330730e+06   2.2000000e+01
   2.5331510e+06   2.2000000e+01
   2.5334440e+06   2.2000000e+01
   2.5345580e+06   2.7000000e+01
   2.5345870e+06   2.2000000e+01
   2.5371350e+06   2.3000000e+01
   2.5497160e+06   2.3000000e+01
   2.5526680e+06   2.2000000e+01
   2.5580950e+06   2.2000000e+01
   2.7275110e+06   2.2000000e+01
   2.8999980e+06   2.4000000e+01
   2.9000950e+06   2.4000000e+01
   2.9006650e+06   2.5000000e+01
   2.9007220e+06   2.3000000e+01
   2.9016210e+06   2.1000000e+01
   2.9017300e+06   2.1000000e+01
   2.9017670e+06   2.1000000e+01
   2.9021630e+06   2.5000000e+01
   2.9022380e+06   2.1000000e+01
   2.9023210e+06   2.3000000e+01
   2.9030480e+06   2.1000000e+01
   2.9125220e+06   2.2000000e+01
   2.9472310e+06   2.1000000e+01
   2.9512710e+06   2.1000000e+01
   3.0146900e+06   3.6000000e+01
   3.0151460e+06   2.2000000e+01
   3.0157190e+06   2.1000000e+01
   3.0158480e+06   2.1000000e+01
   3.0162860e+06   2.2000000e+01
   3.0167600e+06   2.1000000e+01
   3.0185990e+06   2.3000000e+01
   3.0210270e+06   2.1000000e+01
   3.1401360e+06   2.6000000e+01
   3.1402760e+06   2.3000000e+01
   3.1409230e+06   2.2000000e+01
   3.2013990e+06   2.1000000e+01
   3.2042530e+06   2.2000000e+01
   3.2043430e+06   2.4000000e+01
   3.2044060e+06   2.3000000e+01
   3.2045710e+06   2.3000000e+01
   3.2055590e+06   2.4000000e+01
   3.2056980e+06   2.9000000e+01
   3.2130850e+06   2.1000000e+01
   3.2185980e+06   2.7000000e+01
   3.2213620e+06   2.1000000e+01
   3.2230030e+06   2.1000000e+01
   3.2237810e+06   2.3000000e+01
   3.3519180e+06   2.1000000e+01
   3.3523890e+06   2.6000000e+01
   3.3531050e+06   2.1000000e+01
   3.3533180e+06   2.1000000e+01
   3.3628410e+06   2.1000000e+01
   3.3681930e+06   2.1000000e+01
   3.3737830e+06   2.2000000e+01
   3.3751150e+06   2.2000000e+01
   3.3847540e+06   2.6000000e+01
   3.3908320e+06   2.2000000e+01
   3.3921510e+06   2.1000000e+01
   3.3923010e+06   2.7000000e+01
   3.3926020e+06   2.3000000e+01
   3.3927310e+06   2.1000000e+01
   3.3928050e+06   2.7000000e+01
   3.3930490e+06   2.2000000e+01
   3.3936100e+06   3.1000000e+01
   3.3938370e+06   2.5000000e+01
   3.3955350e+06   2.2000000e+01
   3.3984880e+06   2.2000000e+01
   3.5625080e+06   2.1000000e+01
   3.5627290e+06   2.3000000e+01
   3.5628460e+06   2.2000000e+01
   3.5634970e+06   2.3000000e+01
   3.5641150e+06   2.3000000e+01
   3.5641510e+06   2.2000000e+01
   3.5643130e+06   2.2000000e+01
   3.5682330e+06   2.4000000e+01
   3.5702400e+06   2.1000000e+01
   3.5888750e+06   2.1000000e+01
   3.6052890e+06   2.2000000e+01
   3.6072840e+06   2.2000000e+01
   3.6075040e+06   2.2000000e+01
   3.6075410e+06   2.2000000e+01
   3.6243650e+06   2.4000000e+01
   3.6272600e+06   2.4000000e+01
   3.6328650e+06   2.1000000e+01
   3.6567560e+06   2.1000000e+01
   3.6847550e+06   2.4000000e+01
   3.6852220e+06   2.1000000e+01
   3.6853320e+06   2.1000000e+01
   3.6860460e+06   2.1000000e+01
   3.6862560e+06   2.2000000e+01
   3.6873380e+06   2.5000000e+01
   3.6874550e+06   2.3000000e+01
   3.7678410e+06   2.5000000e+01
   3.7680560e+06   2.1000000e+01
   3.7695430e+06   2.2000000e+01
   3.7696150e+06   2.2000000e+01
   3.7699390e+06   2.2000000e+01
   3.7700710e+06   2.8000000e+01
   3.7705970e+06   2.3000000e+01
   3.7724530e+06   2.1000000e+01
   3.9003570e+06   2.1000000e+01
   3.9004180e+06   2.1000000e+01
   3.9008080e+06   2.3000000e+01
   3.9008430e+06   2.2000000e+01
   3.9013610e+06   2.3000000e+01
   3.9022970e+06   2.2000000e+01
   3.9025440e+06   2.5000000e+01
   3.9026010e+06   2.5000000e+01
   3.9227170e+06   2.1000000e+01
   4.0634650e+06   2.5000000e+01
   4.0642680e+06   2.1000000e+01
   4.0647640e+06   2.8000000e+01
   4.0648290e+06   2.4000000e+01
   4.0650750e+06   2.2000000e+01
   4.0651810e+06   2.4000000e+01
   4.0652510e+06   2.4000000e+01
   4.0655540e+06   2.2000000e+01
   4.0656140e+06   2.2000000e+01
   4.0657150e+06   2.4000000e+01
   4.0663810e+06   2.6000000e+01
   4.0827100e+06   2.4000000e+01
   4.2362870e+06   2.2000000e+01
   4.2705640e+06   2.2000000e+01
   4.2816360e+06   2.5000000e+01
   4.2820470e+06   2.1000000e+01
   4.2825940e+06   2.2000000e+01
   4.4050480e+06   2.1000000e+01
   4.4052930e+06   2.2000000e+01
   4.4060170e+06   2.1000000e+01
   4.4080520e+06   2.3000000e+01
   4.4288350e+06   2.6000000e+01
   4.4288960e+06   2.1000000e+01
   4.4300320e+06   2.6000000e+01
   4.4301060e+06   2.5000000e+01
   4.4310600e+06   2.2000000e+01
   4.6159920e+06   2.4000000e+01
   4.6204720e+06   2.1000000e+01
   4.6414400e+06   2.1000000e+01
   4.7811140e+06   2.5000000e+01
   4.7814890e+06   2.1000000e+01
   4.7815380e+06   2.1000000e+01
   4.7820120e+06   2.4000000e+01
   4.7824980e+06   2.2000000e+01
   4.7846540e+06   2.5000000e+01
   4.7895710e+06   2.2000000e+01
   4.7955310e+06   2.1000000e+01
   4.7958370e+06   2.5000000e+01
   4.7963130e+06   2.1000000e+01
   4.7964350e+06   2.1000000e+01
   4.7976220e+06   2.1000000e+01
   4.7981630e+06   2.6000000e+01
   4.7984170e+06   2.3000000e+01
   4.7984500e+06   2.1000000e+01
   4.7985080e+06   3.0000000e+01
   4.7999710e+06   2.1000000e+01
   5.0187350e+06   2.1000000e+01
   5.0187610e+06   2.7000000e+01
   5.0194690e+06   2.5000000e+01
   5.0221230e+06   2.3000000e+01
   5.0230990e+06   2.1000000e+01
   5.0304170e+06   2.1000000e+01
   5.0304960e+06   2.1000000e+01
   5.0315890e+06   2.1000000e+01
   5.1670600e+06   2.2000000e+01
   5.1718670e+06   2.4000000e+01
   5.1725550e+06   2.2000000e+01
   5.1727710e+06   2.4000000e+01
   5.1729870e+06   2.4000000e+01
   5.1749510e+06   2.1000000e+01
   5.1753810e+06   2.1000000e+01
   5.1818040e+06   2.1000000e+01
   5.1823620e+06   2.2000000e+01
   5.2942290e+06   2.1000000e+01
   5.2946170e+06   2.3000000e+01
   5.2947730e+06   2.1000000e+01
   5.2948190e+06   2.3000000e+01
   5.2948740e+06   2.1000000e+01
   5.2951310e+06   2.1000000e+01
   5.2951660e+06   2.1000000e+01
   5.2952140e+06   2.5000000e+01
   5.2953790e+06   2.1000000e+01
   5.4248210e+06   2.1000000e+01
   5.4251110e+06   2.3000000e+01
   5.4251370e+06   2.1000000e+01
   5.4252970e+06   2.5000000e+01
   5.4259010e+06   2.2000000e+01
   5.4343850e+06   2.4000000e+01
   5.4351620e+06   2.1000000e+01
   5.4358280e+06   2.1000000e+01
   5.4359800e+06   2.2000000e+01
   5.4365600e+06   2.1000000e+01
   5.4372020e+06   2.1000000e+01
   5.4385070e+06   2.3000000e+01
   5.5986280e+06   2.2000000e+01
   5.6126280e+06   2.1000000e+01
   5.6132890e+06   2.3000000e+01
   5.6140550e+06   2.2000000e+01
   5.7024670e+06   2.1000000e+01
   5.7025040e+06   2.1000000e+01
   5.7033460e+06   2.1000000e+01
   5.7034900e+06   2.3000000e+01
   5.7040650e+06   2.1000000e+01
   5.7067080e+06   2.4000000e+01
   5.7067370e+06   2.5000000e+01
   5.8779890e+06   2.1000000e+01
   5.8792810e+06   2.1000000e+01
   5.8799910e+06   2.5000000e+01
   5.8806140e+06   2.1000000e+01
   5.8829700e+06   2.1000000e+01
   5.8855640e+06   2.1000000e+01
   5.9852720e+06   2.2000000e+01
   5.9854550e+06   2.5000000e+01
   5.9858430e+06   2.2000000e+01
   5.9866620e+06   2.2000000e+01
   5.9867050e+06   2.2000000e+01
   5.9881450e+06   2.2000000e+01
   5.9884570e+06   2.2000000e+01
   5.9888010e+06   2.1000000e+01
   5.9898000e+06   2.2000000e+01
   5.9940670e+06   2.1000000e+01
   5.9942840e+06   2.1000000e+01
   6.0794200e+06   2.4000000e+01
   6.1322080e+06   2.3000000e+01
   6.1540750e+06   2.1000000e+01
   6.1545560e+06   2.1000000e+01
   6.2203410e+06   2.1000000e+01
   6.2429830e+06   2.3000000e+01
   6.2446450e+06   2.3000000e+01
   6.2449000e+06   2.1000000e+01
   6.2466570e+06   2.1000000e+01
   6.3416410e+06   2.3000000e+01
   6.3446520e+06   2.2000000e+01
   6.3449720e+06   2.2000000e+01
   6.3452380e+06   2.1000000e+01
   6.3459680e+06   2.1000000e+01
   6.3473100e+06   2.1000000e+01
   6.3560800e+06   2.2000000e+01
   6.5481100e+06   2.3000000e+01
   6.6076370e+06   2.1000000e+01
   6.6155360e+06   2.2000000e+01
   6.6159650e+06   2.5000000e+01
   6.6166790e+06   2.2000000e+01
   6.6230550e+06   2.1000000e+01
   6.7358870e+06   2.2000000e+01
   6.8544720e+06   2.4000000e+01
   6.8547710e+06   2.3000000e+01
   6.8553440e+06   2.4000000e+01
   6.9347030e+06   2.1000000e+01
   6.9352260e+06   2.1000000e+01
   6.9532800e+06   2.2000000e+01
   6.9533600e+06   2.1000000e+01
   6.9540780e+06   2.6000000e+01
   6.9541280e+06   3.0000000e+01
   6.9547150e+06   2.1000000e+01
   6.9662250e+06   2.2000000e+01
   7.0958540e+06   2.1000000e+01
   7.0983150e+06   2.3000000e+01
   7.0992790e+06   2.1000000e+01
   7.1021750e+06   2.5000000e+01
   7.1039470e+06   2.1000000e+01
   7.1650710e+06   2.1000000e+01
   7.2207350e+06   2.9000000e+01
   7.2215150e+06   2.8000000e+01
   7.2216890e+06   2.9000000e+01
   7.2220190e+06   2.2000000e+01
   7.2226780e+06   2.2000000e+01
   7.2581640e+06   2.2000000e+01
   7.3483980e+06   2.1000000e+01
   7.3488980e+06   2.1000000e+01
   7.3490140e+06   2.1000000e+01
   7.3491200e+06   2.7000000e+01
   7.3492110e+06   2.2000000e+01
   7.3504630e+06   2.1000000e+01
   7.3521290e+06   2.2000000e+01
   7.3538100e+06   2.2000000e+01
   7.3541630e+06   3.0000000e+01
   7.4902540e+06   2.1000000e+01
   7.4904510e+06   2.3000000e+01
   7.4905120e+06   2.1000000e+01
   7.4905720e+06   2.3000000e+01
   7.4908150e+06   2.1000000e+01
   7.4922230e+06   2.4000000e+01
   7.4943640e+06   2.1000000e+01
   7.4956460e+06   2.2000000e+01
   7.4960920e+06   2.5000000e+01
   7.4973950e+06   2.1000000e+01
   7.5065390e+06   2.3000000e+01
