   7.5250000e+06   0.0000000e+00
   2.0679000e+04   2.1000000e+01
   2.1995000e+04   2.1000000e+01
   2.2786000e+04   2.1000000e+01
   2.3050000e+04   2.3000000e+01
   2.3452000e+04   2.2000000e+01
   1.6440800e+05   2.4000000e+01
   1.6502600e+05   2.3000000e+01
   1.6583900e+05   2.3000000e+01
   1.6705200e+05   2.2000000e+01
   1.7704100e+05   2.1000000e+01
   1.9241800e+05   2.1000000e+01
   2.7510600e+05   2.2000000e+01
   2.7823500e+05   2.2000000e+01
   2.9242200e+05   2.4000000e+01
   2.9245800e+05   2.1000000e+01
   2.9262700e+05   2.3000000e+01
   4.1231800e+05   2.4000000e+01
   4.1237700e+05   2.1000000e+01
   4.1329900e+05   2.3000000e+01
   4.1340500e+05   2.1000000e+01
   4.1433300e+05   2.3000000e+01
   4.1478700e+05   2.2000000e+01
   4.1513900e+05   2.3000000e+01
   4.3037000e+05   2.2000000e+01
   5.0360000e+05   2.1000000e+01
   5.7169900e+05   2.3000000e+01
   5.7243800e+05   2.2000000e+01
   5.7862500e+05   2.1000000e+01
   5.7901800e+05   2.2000000e+01
   5.7940500e+05   2.2000000e+01
   5.8101400e+05   2.1000000e+01
   5.8227100e+05   2.1000000e+01
   7.0623400e+05   2.3000000e+01
   7.6461000e+05   2.3000000e+01
   7.6560900e+05   2.1000000e+01
   7.6575800e+05   2.5000000e+01
   7.6593700e+05   2.2000000e+01
   9.2291200e+05   2.4000000e+01
   9.3356500e+05   2.3000000e+01
   9.9734500e+05   2.1000000e+01
   9.9944600e+05   2.1000000e+01
   1.0415290e+06   2.1000000e+01
   1.0423800e+06   2.2000000e+01
   1.1562250e+06   2.1000000e+01
   1.1578380e+06   2.2000000e+01
   1.3130890e+06   2.1000000e+01
   1.3132650e+06   2.1000000e+01
   1.3134660e+06   2.4000000e+01
   1.3141430e+06   3.9000000e+01
   1.4547340e+06   2.1000000e+01
   1.4571600e+06   2.2000000e+01
   1.5750350e+06   2.1000000e+01
   1.5766820e+06   2.2000000e+01
   1.5767240e+06   2.1000000e+01
   1.5845090e+06   2.1000000e+01
   1.7388510e+06   2.6000000e+01
   1.7388810e+06   2.6000000e+01
   1.7392170e+06   2.2000000e+01
   1.7396520e+06   2.2000000e+01
   1.7398730e+06   2.5000000e+01
   1.7399480e+06   2.1000000e+01
   1.7561410e+06   2.1000000e+01
   1.8885510e+06   2.1000000e+01
   1.8893390e+06   2.1000000e+01
   1.8912540e+06   2.1000000e+01
   1.8927080e+06   2.2000000e+01
   1.8933820e+06   2.1000000e+01
   1.8936810e+06   2.1000000e+01
   2.0771010e+06   2.3000000e+01
   2.0783410e+06   2.1000000e+01
   2.0786820e+06   2.3000000e+01
   2.0803100e+06   2.3000000e+01
   2.0803920e+06   2.6000000e+01
   2.2347400e+06   2.5000000e+01
   2.2349660e+06   2.1000000e+01
   2.2370660e+06   2.1000000e+01
   2.3659510e+06   2.1000000e+01
   2.3675620e+06   2.1000000e+01
   2.3676710e+06   2.1000000e+01
   2.3683570e+06   2.1000000e+01
   2.3685320e+06   2.3000000e+01
   2.3687180e+06   2.2000000e+01
   2.3701630e+06   2.1000000e+01
   2.3702760e+06   2.4000000e+01
   2.3705580e+06   2.2000000e+01
   2.3763350e+06   2.1000000e+01
   2.3823270e+06   2.2000000e+01
   2.5047770e+06   2.4000000e+01
   2.5314640e+06   2.5000000e+01
   2.5325460e+06   2.1000000e+01
   2.5328250e+06   2.1000000e+01
   2.5331590e+06   2.1000000e+01
   2.5334550e+06   2.1000000e+01
   2.5497170e+06   2.2000000e+01
   2.7267340e+06   2.1000000e+01
   2.8997460e+06   2.2000000e+01
   2.8997710e+06   2.1000000e+01
   2.8999830e+06   2.1000000e+01
   2.9000960e+06   2.2000000e+01
   2.9006650e+06   2.4000000e+01
   2.9007220e+06   2.3000000e+01
   2.9008560e+06   2.2000000e+01
   2.9008970e+06   2.2000000e+01
   2.9017970e+06   2.5000000e+01
   2.9019520e+06   2.1000000e+01
   2.9021640e+06   2.2000000e+01
   2.9022360e+06   2.1000000e+01
   2.9036530e+06   2.1000000e+01
   2.9472350e+06   2.1000000e+01
   2.9502920e+06   2.2000000e+01
   2.9512710e+06   2.4000000e+01
   3.0146900e+06   2.8000000e+01
   3.0157180e+06   2.2000000e+01
   3.0184480e+06   2.3000000e+01
   3.0186000e+06   2.1000000e+01
   3.1349470e+06   2.2000000e+01
   3.1392060e+06   2.1000000e+01
   3.1402770e+06   2.1000000e+01
   3.2043510e+06   2.6000000e+01
   3.2044230e+06   2.2000000e+01
   3.2056950e+06   2.5000000e+01
   3.3519180e+06   2.2000000e+01
   3.3523870e+06   2.1000000e+01
   3.3531050e+06   2.2000000e+01
   3.3533470e+06   2.1000000e+01
   3.3536180e+06   2.2000000e+01
   3.3617810e+06   2.1000000e+01
   3.3822410e+06   2.2000000e+01
   3.3847550e+06   2.1000000e+01
   3.3928060e+06   2.7000000e+01
   3.3936100e+06   2.6000000e+01
   3.3955010e+06   2.2000000e+01
   3.5628470e+06   2.1000000e+01
   3.5635550e+06   2.4000000e+01
   3.5636950e+06   2.2000000e+01
   3.5641780e+06   2.3000000e+01
   3.5682400e+06   2.1000000e+01
   3.5689810e+06   2.1000000e+01
   3.6847540e+06   2.2000000e+01
   3.6853440e+06   2.2000000e+01
   3.6859080e+06   2.1000000e+01
   3.6879120e+06   2.3000000e+01
   3.7678240e+06   2.1000000e+01
   3.7695430e+06   2.3000000e+01
   3.7696150e+06   2.2000000e+01
   3.7706190e+06   2.1000000e+01
   3.9026050e+06   2.3000000e+01
   4.0634870e+06   2.2000000e+01
   4.0647570e+06   2.3000000e+01
   4.0651830e+06   2.2000000e+01
   4.0652510e+06   2.4000000e+01
   4.0656140e+06   2.3000000e+01
   4.0657120e+06   2.3000000e+01
   4.2366850e+06   2.1000000e+01
   4.2700030e+06   2.1000000e+01
   4.2705720e+06   2.2000000e+01
   4.2736810e+06   2.2000000e+01
   4.2816220e+06   2.3000000e+01
   4.4288350e+06   2.1000000e+01
   4.4289750e+06   2.3000000e+01
   4.4294400e+06   2.1000000e+01
   4.4300320e+06   2.9000000e+01
   4.6169420e+06   2.1000000e+01
   4.6195340e+06   2.1000000e+01
   4.7810920e+06   2.2000000e+01
   4.7820130e+06   2.2000000e+01
   4.7846580e+06   2.1000000e+01
   4.7860220e+06   2.1000000e+01
   4.7958370e+06   2.2000000e+01
   4.7958690e+06   2.1000000e+01
   4.7962730e+06   2.1000000e+01
   4.7964430e+06   2.2000000e+01
   4.7976210e+06   2.1000000e+01
   4.7984450e+06   2.1000000e+01
   4.7985080e+06   2.5000000e+01
   4.7985560e+06   2.1000000e+01
   5.0187560e+06   3.1000000e+01
   5.0192690e+06   2.1000000e+01
   5.0305220e+06   2.2000000e+01
   5.0315860e+06   2.2000000e+01
   5.1666460e+06   2.1000000e+01
   5.1718670e+06   2.2000000e+01
   5.1725560e+06   2.1000000e+01
   5.1727710e+06   2.3000000e+01
   5.1729600e+06   2.1000000e+01
   5.2951310e+06   2.1000000e+01
   5.2952000e+06   2.1000000e+01
   5.2954490e+06   2.1000000e+01
   5.4246260e+06   2.2000000e+01
   5.4251060e+06   2.1000000e+01
   5.4252980e+06   2.2000000e+01
   5.4343840e+06   2.4000000e+01
   5.4365340e+06   2.2000000e+01
   5.5235750e+06   2.2000000e+01
   5.6133060e+06   2.9000000e+01
   5.7039630e+06   2.1000000e+01
   5.7042840e+06   2.5000000e+01
   5.7067100e+06   2.2000000e+01
   5.8779660e+06   2.2000000e+01
   5.8799900e+06   2.1000000e+01
   5.8806380e+06   2.2000000e+01
   5.8811060e+06   2.3000000e+01
   5.9852720e+06   2.1000000e+01
   5.9854730e+06   2.2000000e+01
   5.9858430e+06   2.6000000e+01
   5.9866660e+06   2.4000000e+01
   5.9881450e+06   2.3000000e+01
   5.9888010e+06   2.1000000e+01
   6.0793970e+06   2.1000000e+01
   6.2420870e+06   2.1000000e+01
   6.2449100e+06   2.1000000e+01
   6.2479300e+06   2.4000000e+01
   6.3416410e+06   2.3000000e+01
   6.3459740e+06   2.3000000e+01
   6.6155370e+06   2.1000000e+01
   6.7959440e+06   2.1000000e+01
   6.8545000e+06   2.2000000e+01
   6.8545700e+06   2.1000000e+01
   6.8547750e+06   2.1000000e+01
   6.9347020e+06   2.4000000e+01
   6.9533600e+06   2.1000000e+01
   6.9541270e+06   2.6000000e+01
   6.9680340e+06   2.2000000e+01
   7.2207360e+06   2.3000000e+01
   7.2207860e+06   2.3000000e+01
   7.2210050e+06   2.1000000e+01
   7.2214980e+06   2.3000000e+01
   7.2216920e+06   2.5000000e+01
   7.3484160e+06   2.2000000e+01
   7.3491010e+06   2.1000000e+01
   7.3492130e+06   2.7000000e+01
   7.3541630e+06   2.4000000e+01
   7.4900020e+06   2.5000000e+01
   7.4904670e+06   2.5000000e+01
   7.4905080e+06   2.1000000e+01
   7.4908310e+06   2.1000000e+01
   7.4919310e+06   2.1000000e+01
   7.4958640e+06   2.4000000e+01
   7.4960920e+06   2.2000000e+01
