   7.5250000e+06   0.0000000e+00
   3.7270000e+03   2.9000000e+01
   3.7940000e+03   2.1000000e+01
   2.1147000e+04   2.2000000e+01
   2.1235000e+04   2.3000000e+01
   2.1624000e+04   2.3000000e+01
   2.3054000e+04   2.3000000e+01
   2.3149000e+04   2.5000000e+01
   2.3210000e+04   2.4000000e+01
   2.3335000e+04   2.1000000e+01
   2.3550000e+04   2.1000000e+01
   2.4583000e+04   2.2000000e+01
   1.4038400e+05   2.1000000e+01
   1.6503100e+05   2.3000000e+01
   1.6586300e+05   2.4000000e+01
   1.6591000e+05   2.2000000e+01
   1.6628500e+05   2.2000000e+01
   1.6704900e+05   2.2000000e+01
   1.6712600e+05   2.2000000e+01
   1.6771800e+05   2.2000000e+01
   1.7739100e+05   2.1000000e+01
   1.7817600e+05   2.1000000e+01
   2.2353100e+05   2.1000000e+01
   2.7462100e+05   2.2000000e+01
   2.7545000e+05   2.1000000e+01
   2.9016700e+05   2.2000000e+01
   4.1218400e+05   2.1000000e+01
   4.1228900e+05   2.1000000e+01
   4.1233600e+05   2.3000000e+01
   4.1399100e+05   2.3000000e+01
   4.1467700e+05   2.3000000e+01
   4.1514200e+05   2.3000000e+01
   4.1554400e+05   2.2000000e+01
   4.1672100e+05   2.3000000e+01
   4.1749300e+05   3.0000000e+01
   4.1751900e+05   2.2000000e+01
   4.1929400e+05   3.4000000e+01
   4.2151900e+05   3.5000000e+01
   4.2342700e+05   3.2000000e+01
   4.2575500e+05   2.9000000e+01
   4.2756400e+05   2.1000000e+01
   4.3014200e+05   2.1000000e+01
   5.6724700e+05   2.1000000e+01
   5.7099900e+05   2.1000000e+01
   5.7126600e+05   2.1000000e+01
   5.7152200e+05   2.1000000e+01
   5.7170200e+05   2.3000000e+01
   5.7176000e+05   2.1000000e+01
   5.7181700e+05   2.4000000e+01
   5.7194400e+05   2.3000000e+01
   5.7242200e+05   2.2000000e+01
   5.7362100e+05   2.1000000e+01
   5.7553800e+05   3.5000000e+01
   5.7942600e+05   2.4000000e+01
   5.8101800e+05   2.2000000e+01
   5.8138200e+05   2.2000000e+01
   5.8226900e+05   2.6000000e+01
   5.8253800e+05   2.3000000e+01
   7.6561600e+05   2.2000000e+01
   7.6565200e+05   2.1000000e+01
   7.6573700e+05   2.2000000e+01
   7.6586300e+05   2.3000000e+01
   7.6593100e+05   2.1000000e+01
   7.6752700e+05   2.2000000e+01
   7.6761300e+05   2.1000000e+01
   7.6827600e+05   2.3000000e+01
   7.7645500e+05   2.1000000e+01
   7.7679900e+05   2.1000000e+01
   7.7718300e+05   2.2000000e+01
   7.7801500e+05   2.1000000e+01
   9.2216000e+05   2.2000000e+01
   9.2290900e+05   2.5000000e+01
   9.2465900e+05   2.1000000e+01
   9.2507300e+05   3.3000000e+01
   9.2510200e+05   3.0000000e+01
   9.2522700e+05   3.2000000e+01
   9.2590500e+05   2.2000000e+01
   9.2786400e+05   2.1000000e+01
   9.2901800e+05   2.5000000e+01
   9.6888600e+05   2.2000000e+01
   9.9634700e+05   2.4000000e+01
   9.9687900e+05   2.9000000e+01
   9.9691800e+05   2.8000000e+01
   9.9743400e+05   2.1000000e+01
   9.9755300e+05   2.1000000e+01
   9.9806000e+05   2.1000000e+01
   9.9847500e+05   2.2000000e+01
   9.9907100e+05   2.1000000e+01
   9.9962200e+05   2.1000000e+01
   9.9969400e+05   2.2000000e+01
   1.0001890e+06   2.5000000e+01
   1.0008720e+06   2.3000000e+01
   1.0415260e+06   2.1000000e+01
   1.0467610e+06   2.9000000e+01
   1.0467910e+06   2.1000000e+01
   1.0888980e+06   2.5000000e+01
   1.1490000e+06   2.1000000e+01
   1.1559570e+06   2.2000000e+01
   1.1562070e+06   2.2000000e+01
   1.1578100e+06   2.7000000e+01
   1.1578410e+06   2.1000000e+01
   1.1581320e+06   2.2000000e+01
   1.1583920e+06   2.3000000e+01
   1.3044210e+06   2.2000000e+01
   1.3133260e+06   2.8000000e+01
   1.3134620e+06   2.3000000e+01
   1.3135050e+06   2.3000000e+01
   1.3139220e+06   2.1000000e+01
   1.3140890e+06   2.2000000e+01
   1.3141260e+06   3.3000000e+01
   1.3143800e+06   3.2000000e+01
   1.3147240e+06   2.1000000e+01
   1.3152990e+06   2.6000000e+01
   1.3159490e+06   2.2000000e+01
   1.3163720e+06   2.1000000e+01
   1.3188320e+06   3.2000000e+01
   1.4421580e+06   2.1000000e+01
   1.4422790e+06   2.1000000e+01
   1.4595870e+06   2.2000000e+01
   1.4600570e+06   2.1000000e+01
   1.4604270e+06   2.1000000e+01
   1.4607910e+06   2.2000000e+01
   1.4617530e+06   2.2000000e+01
   1.4637160e+06   2.9000000e+01
   1.5401060e+06   2.2000000e+01
   1.5767270e+06   2.8000000e+01
   1.5774500e+06   2.2000000e+01
   1.5782880e+06   2.1000000e+01
   1.5797460e+06   2.1000000e+01
   1.5797950e+06   2.3000000e+01
   1.5875960e+06   2.9000000e+01
   1.7275880e+06   3.1000000e+01
   1.7387740e+06   2.4000000e+01
   1.7392140e+06   2.4000000e+01
   1.7396540e+06   3.3000000e+01
   1.7398670e+06   2.2000000e+01
   1.7404420e+06   2.1000000e+01
   1.7416110e+06   2.3000000e+01
   1.7525100e+06   2.3000000e+01
   1.7534180e+06   2.1000000e+01
   1.7537890e+06   2.5000000e+01
   1.7538410e+06   2.7000000e+01
   1.7538970e+06   2.1000000e+01
   1.7544170e+06   2.9000000e+01
   1.7544760e+06   2.3000000e+01
   1.7548700e+06   2.4000000e+01
   1.7556440e+06   2.4000000e+01
   1.7561380e+06   2.4000000e+01
   1.7567140e+06   2.4000000e+01
   1.8893590e+06   2.5000000e+01
   1.8905990e+06   2.1000000e+01
   1.8912560e+06   2.5000000e+01
   1.8915800e+06   2.1000000e+01
   1.8927370e+06   2.4000000e+01
   1.8928110e+06   2.1000000e+01
   1.8929690e+06   2.1000000e+01
   1.8932860e+06   2.1000000e+01
   1.8933830e+06   2.1000000e+01
   1.8937100e+06   2.8000000e+01
   1.8938280e+06   3.4000000e+01
   1.8938600e+06   2.1000000e+01
   1.9036870e+06   2.1000000e+01
   1.9081630e+06   2.1000000e+01
   1.9228470e+06   2.1000000e+01
   2.0291450e+06   2.4000000e+01
   2.0793930e+06   2.5000000e+01
   2.0806110e+06   2.1000000e+01
   2.0816110e+06   2.9000000e+01
   2.0816470e+06   2.7000000e+01
   2.0842510e+06   3.3000000e+01
   2.2347250e+06   2.4000000e+01
   2.2348590e+06   2.1000000e+01
   2.2362520e+06   2.1000000e+01
   2.2378020e+06   2.4000000e+01
   2.3675590e+06   2.2000000e+01
   2.3676730e+06   2.9000000e+01
   2.3690240e+06   2.1000000e+01
   2.3691310e+06   2.1000000e+01
   2.3701360e+06   2.1000000e+01
   2.3705390e+06   2.1000000e+01
   2.3722140e+06   2.3000000e+01
   2.3753390e+06   2.3000000e+01
   2.3757230e+06   2.2000000e+01
   2.3759980e+06   2.1000000e+01
   2.3763110e+06   2.2000000e+01
   2.3787490e+06   2.1000000e+01
   2.3815560e+06   2.1000000e+01
   2.3817800e+06   2.1000000e+01
   2.3818740e+06   2.1000000e+01
   2.3821560e+06   2.1000000e+01
   2.3829580e+06   3.0000000e+01
   2.3843600e+06   2.2000000e+01
   2.4968990e+06   2.1000000e+01
   2.5324490e+06   2.2000000e+01
   2.5325200e+06   2.1000000e+01
   2.5325800e+06   2.5000000e+01
   2.5331220e+06   2.2000000e+01
   2.5331540e+06   2.2000000e+01
   2.5332910e+06   2.3000000e+01
   2.5334740e+06   2.4000000e+01
   2.5356290e+06   2.5000000e+01
   2.5356770e+06   2.5000000e+01
   2.5365650e+06   2.6000000e+01
   2.5375400e+06   2.5000000e+01
   2.5460940e+06   2.6000000e+01
   2.5467300e+06   3.1000000e+01
   2.5487450e+06   2.1000000e+01
   2.5487870e+06   2.2000000e+01
   2.5497310e+06   2.8000000e+01
   2.5507080e+06   2.1000000e+01
   2.5515690e+06   2.1000000e+01
   2.5516730e+06   2.1000000e+01
   2.5525650e+06   2.2000000e+01
   2.5527410e+06   2.1000000e+01
   2.5545710e+06   2.1000000e+01
   2.5546140e+06   2.2000000e+01
   2.5547860e+06   2.3000000e+01
   2.5556320e+06   2.5000000e+01
   2.5556850e+06   2.3000000e+01
   2.7263140e+06   2.2000000e+01
   2.7268260e+06   2.4000000e+01
   2.7271460e+06   2.8000000e+01
   2.7274280e+06   2.1000000e+01
   2.7275350e+06   2.1000000e+01
   2.7277320e+06   2.4000000e+01
   2.7282430e+06   2.1000000e+01
   2.7285640e+06   2.3000000e+01
   2.7288890e+06   2.1000000e+01
   2.7294990e+06   2.2000000e+01
   2.7297690e+06   2.1000000e+01
   2.8986040e+06   2.1000000e+01
   2.8997160e+06   2.3000000e+01
   2.8999940e+06   2.2000000e+01
   2.9000930e+06   2.1000000e+01
   2.9001990e+06   2.1000000e+01
   2.9006440e+06   2.3000000e+01
   2.9007410e+06   2.4000000e+01
   2.9014070e+06   2.1000000e+01
   2.9014800e+06   2.2000000e+01
   2.9015430e+06   2.2000000e+01
   2.9016550e+06   2.5000000e+01
   2.9017630e+06   2.3000000e+01
   2.9018700e+06   3.6000000e+01
   2.9019000e+06   2.2000000e+01
   2.9021570e+06   2.7000000e+01
   2.9022110e+06   2.2000000e+01
   2.9023270e+06   2.3000000e+01
   2.9026400e+06   2.2000000e+01
   2.9030150e+06   2.1000000e+01
   2.9035010e+06   3.3000000e+01
   2.9035310e+06   2.5000000e+01
   2.9123950e+06   2.1000000e+01
   2.9472520e+06   2.1000000e+01
   3.0035820e+06   2.2000000e+01
   3.0140350e+06   2.3000000e+01
   3.0146010e+06   2.1000000e+01
   3.0147160e+06   3.2000000e+01
   3.0155940e+06   2.1000000e+01
   3.0156650e+06   2.3000000e+01
   3.0178250e+06   2.2000000e+01
   3.0185510e+06   2.4000000e+01
   3.0210440e+06   2.1000000e+01
   3.0226120e+06   3.4000000e+01
   3.1370120e+06   2.1000000e+01
   3.1376280e+06   2.1000000e+01
   3.1381950e+06   2.8000000e+01
   3.1385490e+06   2.4000000e+01
   3.1387750e+06   2.2000000e+01
   3.1390250e+06   2.4000000e+01
   3.1395650e+06   2.2000000e+01
   3.1400650e+06   2.2000000e+01
   3.1402980e+06   2.2000000e+01
   3.1405380e+06   3.3000000e+01
   3.1409210e+06   2.1000000e+01
   3.1410380e+06   2.1000000e+01
   3.2042480e+06   2.3000000e+01
   3.2056790e+06   2.4000000e+01
   3.2067890e+06   2.5000000e+01
   3.2163540e+06   2.1000000e+01
   3.2173080e+06   2.2000000e+01
   3.2173490e+06   2.1000000e+01
   3.2181620e+06   2.3000000e+01
   3.2187390e+06   4.2000000e+01
   3.2187790e+06   2.4000000e+01
   3.2192880e+06   2.3000000e+01
   3.2200530e+06   2.3000000e+01
   3.2206700e+06   2.2000000e+01
   3.2215580e+06   2.1000000e+01
   3.2237560e+06   2.2000000e+01
   3.2239810e+06   2.6000000e+01
   3.2240290e+06   2.1000000e+01
   3.2254020e+06   2.1000000e+01
   3.2254510e+06   2.2000000e+01
   3.3519230e+06   2.4000000e+01
   3.3519840e+06   2.2000000e+01
   3.3523700e+06   3.2000000e+01
   3.3523970e+06   2.6000000e+01
   3.3527070e+06   2.3000000e+01
   3.3531030e+06   2.3000000e+01
   3.3533440e+06   2.3000000e+01
   3.3559520e+06   2.8000000e+01
   3.3564740e+06   2.4000000e+01
   3.3617800e+06   2.1000000e+01
   3.3628580e+06   2.1000000e+01
   3.3641580e+06   2.2000000e+01
   3.3795050e+06   2.2000000e+01
   3.3847530e+06   2.3000000e+01
   3.3869360e+06   2.2000000e+01
   3.3922600e+06   2.1000000e+01
   3.3923300e+06   2.7000000e+01
   3.3927350e+06   2.2000000e+01
   3.3928040e+06   2.1000000e+01
   3.3928320e+06   2.7000000e+01
   3.3936080e+06   2.5000000e+01
   3.3938110e+06   2.2000000e+01
   3.3941700e+06   2.1000000e+01
   3.3955080e+06   2.2000000e+01
   3.5628540e+06   2.1000000e+01
   3.5630980e+06   2.1000000e+01
   3.5631330e+06   2.1000000e+01
   3.5634500e+06   3.0000000e+01
   3.5634830e+06   3.0000000e+01
   3.5635860e+06   2.9000000e+01
   3.5637210e+06   2.2000000e+01
   3.5641480e+06   2.3000000e+01
   3.5655660e+06   2.5000000e+01
   3.5659520e+06   2.2000000e+01
   3.5667290e+06   2.3000000e+01
   3.5686770e+06   2.8000000e+01
   3.5688540e+06   2.1000000e+01
   3.5888570e+06   2.2000000e+01
   3.6072820e+06   2.1000000e+01
   3.6083730e+06   2.1000000e+01
   3.6272560e+06   2.3000000e+01
   3.6724020e+06   2.1000000e+01
   3.6846190e+06   2.1000000e+01
   3.6853600e+06   2.1000000e+01
   3.6858900e+06   2.1000000e+01
   3.6861360e+06   2.5000000e+01
   3.6863550e+06   2.2000000e+01
   3.6914340e+06   2.8000000e+01
   3.6914640e+06   2.1000000e+01
   3.6922860e+06   2.6000000e+01
   3.7678270e+06   2.4000000e+01
   3.7685850e+06   2.1000000e+01
   3.7688370e+06   2.4000000e+01
   3.7696120e+06   2.1000000e+01
   3.7696640e+06   2.2000000e+01
   3.7699430e+06   2.1000000e+01
   3.7700440e+06   2.1000000e+01
   3.7718010e+06   2.3000000e+01
   3.8996300e+06   2.1000000e+01
   3.9008100e+06   2.7000000e+01
   3.9010920e+06   2.3000000e+01
   3.9011390e+06   3.7000000e+01
   3.9024050e+06   2.4000000e+01
   3.9025990e+06   2.6000000e+01
   3.9026810e+06   2.1000000e+01
   3.9970340e+06   2.1000000e+01
   4.0647840e+06   2.5000000e+01
   4.0648670e+06   2.4000000e+01
   4.0649250e+06   2.1000000e+01
   4.0651120e+06   2.2000000e+01
   4.0651640e+06   2.3000000e+01
   4.0652530e+06   2.6000000e+01
   4.0656210e+06   2.1000000e+01
   4.0657430e+06   2.9000000e+01
   4.0671030e+06   2.3000000e+01
   4.0675950e+06   2.3000000e+01
   4.0676970e+06   2.7000000e+01
   4.0677260e+06   2.9000000e+01
   4.2354600e+06   2.1000000e+01
   4.2702660e+06   2.3000000e+01
   4.2705760e+06   2.2000000e+01
   4.2726830e+06   2.1000000e+01
   4.2758670e+06   3.4000000e+01
   4.2821200e+06   2.3000000e+01
   4.4040930e+06   2.3000000e+01
   4.4056430e+06   2.1000000e+01
   4.4070440e+06   3.2000000e+01
   4.4070810e+06   2.2000000e+01
   4.4080420e+06   2.2000000e+01
   4.4287250e+06   2.1000000e+01
   4.4288430e+06   2.1000000e+01
   4.4289320e+06   2.7000000e+01
   4.4289600e+06   2.1000000e+01
   4.4290510e+06   2.1000000e+01
   4.4300370e+06   2.2000000e+01
   4.4301510e+06   2.2000000e+01
   4.4301920e+06   2.3000000e+01
   4.4305780e+06   2.2000000e+01
   4.4314180e+06   2.3000000e+01
   4.5959370e+06   2.1000000e+01
   4.6159960e+06   2.1000000e+01
   4.6161600e+06   2.3000000e+01
   4.6240590e+06   2.6000000e+01
   4.7809280e+06   2.1000000e+01
   4.7815350e+06   2.1000000e+01
   4.7820110e+06   2.1000000e+01
   4.7823190e+06   2.2000000e+01
   4.7828740e+06   2.3000000e+01
   4.7845500e+06   3.1000000e+01
   4.7845840e+06   2.1000000e+01
   4.7846770e+06   2.2000000e+01
   4.7859320e+06   2.2000000e+01
   4.7860250e+06   2.3000000e+01
   4.7872330e+06   3.9000000e+01
   4.7872730e+06   2.2000000e+01
   4.7874940e+06   2.4000000e+01
   4.7913440e+06   3.1000000e+01
   4.7952430e+06   2.3000000e+01
   4.7957990e+06   2.3000000e+01
   4.7958340e+06   3.2000000e+01
   4.7958650e+06   2.1000000e+01
   4.7959730e+06   2.4000000e+01
   4.7964490e+06   2.2000000e+01
   4.7975150e+06   2.4000000e+01
   4.7976190e+06   2.6000000e+01
   4.7981300e+06   2.6000000e+01
   4.7984490e+06   2.2000000e+01
   4.7985020e+06   2.1000000e+01
   4.7985480e+06   2.1000000e+01
   4.7993370e+06   2.1000000e+01
   4.8005620e+06   2.1000000e+01
   4.8026300e+06   2.1000000e+01
   4.9159170e+06   2.1000000e+01
   4.9160360e+06   2.3000000e+01
   4.9212010e+06   3.4000000e+01
   4.9230020e+06   2.9000000e+01
   4.9737050e+06   2.1000000e+01
   5.0187340e+06   2.3000000e+01
   5.0187660e+06   2.1000000e+01
   5.0192730e+06   2.1000000e+01
   5.0193150e+06   2.1000000e+01
   5.0193820e+06   2.3000000e+01
   5.0194920e+06   2.2000000e+01
   5.0203460e+06   2.1000000e+01
   5.0204720e+06   3.1000000e+01
   5.0215490e+06   3.7000000e+01
   5.0221200e+06   2.2000000e+01
   5.0224310e+06   2.3000000e+01
   5.0231280e+06   2.9000000e+01
   5.0254170e+06   3.4000000e+01
   5.0274460e+06   3.4000000e+01
   5.0299460e+06   2.3000000e+01
   5.0305140e+06   2.5000000e+01
   5.0306100e+06   2.5000000e+01
   5.1670620e+06   2.2000000e+01
   5.1699910e+06   3.0000000e+01
   5.1700200e+06   2.5000000e+01
   5.1716710e+06   2.4000000e+01
   5.1725470e+06   2.1000000e+01
   5.1728280e+06   2.2000000e+01
   5.1729230e+06   2.1000000e+01
   5.1730530e+06   2.3000000e+01
   5.1732640e+06   2.3000000e+01
   5.1743200e+06   2.2000000e+01
   5.1785470e+06   2.1000000e+01
   5.1819080e+06   2.1000000e+01
   5.1823370e+06   2.1000000e+01
   5.1933380e+06   2.1000000e+01
   5.2949870e+06   2.3000000e+01
   5.2951330e+06   2.2000000e+01
   5.2951720e+06   2.2000000e+01
   5.2952090e+06   2.2000000e+01
   5.2968830e+06   2.2000000e+01
   5.4245280e+06   2.1000000e+01
   5.4247880e+06   2.1000000e+01
   5.4251030e+06   2.2000000e+01
   5.4251310e+06   2.1000000e+01
   5.4252210e+06   2.4000000e+01
   5.4314340e+06   3.4000000e+01
   5.4314610e+06   2.2000000e+01
   5.4343820e+06   2.1000000e+01
   5.4352570e+06   2.2000000e+01
   5.4357550e+06   2.2000000e+01
   5.4358180e+06   2.1000000e+01
   5.4358590e+06   2.4000000e+01
   5.4360250e+06   2.1000000e+01
   5.4365380e+06   2.6000000e+01
   5.4368220e+06   2.1000000e+01
   5.4379260e+06   2.2000000e+01
   5.4559730e+06   2.1000000e+01
   5.6132540e+06   2.2000000e+01
   5.6133020e+06   3.2000000e+01
   5.7008780e+06   2.2000000e+01
   5.7009120e+06   2.1000000e+01
   5.7009770e+06   2.1000000e+01
   5.7018840e+06   2.2000000e+01
   5.7021720e+06   2.2000000e+01
   5.7033440e+06   2.2000000e+01
   5.7042810e+06   2.3000000e+01
   5.7050200e+06   2.1000000e+01
   5.7053430e+06   2.5000000e+01
   5.7067090e+06   2.2000000e+01
   5.7067460e+06   2.1000000e+01
   5.7068820e+06   2.1000000e+01
   5.7087010e+06   2.3000000e+01
   5.8785000e+06   2.2000000e+01
   5.8797640e+06   2.1000000e+01
   5.8799930e+06   2.9000000e+01
   5.8800910e+06   2.2000000e+01
   5.8804100e+06   2.3000000e+01
   5.8804860e+06   2.1000000e+01
   5.8806110e+06   2.6000000e+01
   5.8813400e+06   2.2000000e+01
   5.8835610e+06   2.8000000e+01
   5.8864330e+06   2.9000000e+01
   5.8864780e+06   2.3000000e+01
   5.9842170e+06   2.3000000e+01
   5.9846200e+06   2.1000000e+01
   5.9853000e+06   2.1000000e+01
   5.9854850e+06   2.1000000e+01
   5.9858510e+06   2.5000000e+01
   5.9866610e+06   2.2000000e+01
   5.9867080e+06   2.1000000e+01
   5.9879190e+06   2.1000000e+01
   5.9879510e+06   2.1000000e+01
   5.9881630e+06   2.2000000e+01
   5.9887540e+06   2.1000000e+01
   5.9891080e+06   2.1000000e+01
   5.9897930e+06   2.7000000e+01
   5.9899590e+06   2.2000000e+01
   5.9940640e+06   2.8000000e+01
   5.9953560e+06   2.2000000e+01
   6.1322090e+06   2.1000000e+01
   6.2418760e+06   2.2000000e+01
   6.2438550e+06   2.2000000e+01
   6.2457870e+06   2.6000000e+01
   6.2458250e+06   4.0000000e+01
   6.2458500e+06   2.1000000e+01
   6.2473130e+06   3.0000000e+01
   6.2486380e+06   2.2000000e+01
   6.2486650e+06   2.6000000e+01
   6.2502100e+06   3.6000000e+01
   6.2502460e+06   2.7000000e+01
   6.3416390e+06   2.3000000e+01
   6.3446410e+06   2.4000000e+01
   6.3447030e+06   2.1000000e+01
   6.3450000e+06   2.1000000e+01
   6.3450940e+06   2.2000000e+01
   6.3456280e+06   2.7000000e+01
   6.3456550e+06   2.3000000e+01
   6.3528160e+06   2.3000000e+01
   6.4285470e+06   2.1000000e+01
   6.6151420e+06   2.3000000e+01
   6.6155400e+06   2.2000000e+01
   6.6156720e+06   2.1000000e+01
   6.6158310e+06   2.1000000e+01
   6.6159100e+06   2.1000000e+01
   6.6161550e+06   2.1000000e+01
   6.6166990e+06   2.4000000e+01
   6.6260630e+06   2.9000000e+01
   6.8544890e+06   3.1000000e+01
   6.8547770e+06   2.1000000e+01
   6.8553390e+06   2.1000000e+01
   6.8572160e+06   3.5000000e+01
   6.9347230e+06   2.1000000e+01
   6.9534700e+06   2.2000000e+01
   6.9537080e+06   2.1000000e+01
   6.9547900e+06   3.7000000e+01
   6.9548190e+06   3.1000000e+01
   6.9554160e+06   2.2000000e+01
   6.9561840e+06   3.1000000e+01
   6.9562140e+06   2.4000000e+01
   6.9584520e+06   3.1000000e+01
   6.9584790e+06   2.2000000e+01
   6.9605220e+06   3.0000000e+01
   6.9632960e+06   2.1000000e+01
   6.9643940e+06   2.1000000e+01
   6.9646320e+06   2.3000000e+01
   6.9648170e+06   2.2000000e+01
   6.9662470e+06   2.1000000e+01
   6.9700810e+06   2.1000000e+01
   7.1008480e+06   2.4000000e+01
   7.1021430e+06   2.1000000e+01
   7.2207310e+06   2.4000000e+01
   7.2207640e+06   2.4000000e+01
   7.2209510e+06   2.2000000e+01
   7.2216780e+06   2.5000000e+01
   7.2217100e+06   2.6000000e+01
   7.2223430e+06   2.1000000e+01
   7.2231100e+06   2.1000000e+01
   7.2258550e+06   3.2000000e+01
   7.2284960e+06   3.0000000e+01
   7.2285240e+06   2.3000000e+01
   7.3484010e+06   2.2000000e+01
   7.3490360e+06   2.1000000e+01
   7.3491220e+06   2.8000000e+01
   7.3517800e+06   2.2000000e+01
   7.3519100e+06   2.1000000e+01
   7.3521310e+06   2.5000000e+01
   7.3528360e+06   2.1000000e+01
   7.3540910e+06   2.1000000e+01
   7.3541590e+06   2.3000000e+01
   7.3548060e+06   2.1000000e+01
   7.4892530e+06   2.1000000e+01
   7.4899980e+06   2.3000000e+01
   7.4904700e+06   2.1000000e+01
   7.4905450e+06   2.7000000e+01
   7.4908800e+06   2.1000000e+01
   7.4939070e+06   3.6000000e+01
   7.4939350e+06   2.1000000e+01
   7.4945130e+06   2.1000000e+01
   7.4945610e+06   2.2000000e+01
   7.4949680e+06   2.6000000e+01
   7.4955010e+06   2.6000000e+01
   7.4955600e+06   2.1000000e+01
   7.4958440e+06   2.1000000e+01
   7.4960890e+06   2.2000000e+01
   7.4961170e+06   3.2000000e+01
   7.4970580e+06   2.2000000e+01
   7.4984380e+06   2.5000000e+01
