   7.5250000e+06   0.0000000e+00
   2.1300000e+02   2.2000000e+01
   2.0653000e+04   2.1000000e+01
   2.1234000e+04   2.2000000e+01
   2.1724000e+04   2.1000000e+01
   2.3050000e+04   2.6000000e+01
   1.6438500e+05   2.3000000e+01
   1.6502600e+05   3.2000000e+01
   1.6584600e+05   3.4000000e+01
   1.6587100e+05   2.4000000e+01
   1.6705200e+05   2.2000000e+01
   1.6712500e+05   2.1000000e+01
   1.6770900e+05   2.1000000e+01
   1.7847500e+05   2.2000000e+01
   1.9240300e+05   2.1000000e+01
   2.6817100e+05   2.1000000e+01
   2.7545100e+05   2.1000000e+01
   2.7576500e+05   2.2000000e+01
   2.7823400e+05   2.1000000e+01
   2.8807600e+05   2.4000000e+01
   2.9189300e+05   2.2000000e+01
   2.9242200e+05   2.3000000e+01
   2.9254100e+05   2.1000000e+01
   2.9262700e+05   2.2000000e+01
   4.1219000e+05   2.3000000e+01
   4.1233700e+05   2.1000000e+01
   4.1259900e+05   2.1000000e+01
   4.1311000e+05   2.1000000e+01
   4.1329900e+05   2.2000000e+01
   4.1361700e+05   2.1000000e+01
   4.1368600e+05   2.4000000e+01
   4.1399400e+05   2.1000000e+01
   4.1513800e+05   2.7000000e+01
   4.1554300e+05   2.1000000e+01
   4.2799400e+05   2.1000000e+01
   4.2850600e+05   2.2000000e+01
   5.7169900e+05   2.2000000e+01
   5.7189100e+05   2.1000000e+01
   5.7242300e+05   2.1000000e+01
   5.7862600e+05   2.1000000e+01
   5.7877900e+05   2.1000000e+01
   5.7938400e+05   2.4000000e+01
   5.7942900e+05   2.3000000e+01
   5.8090200e+05   2.2000000e+01
   5.8101400e+05   2.7000000e+01
   5.8227100e+05   2.1000000e+01
   5.8254200e+05   2.3000000e+01
   5.8473400e+05   2.1000000e+01
   5.8615800e+05   2.1000000e+01
   5.8646800e+05   2.3000000e+01
   7.6554700e+05   2.1000000e+01
   7.6561100e+05   2.2000000e+01
   7.6574300e+05   2.5000000e+01
   7.6593300e+05   2.3000000e+01
   7.7719100e+05   2.2000000e+01
   7.7808900e+05   2.2000000e+01
   7.8245200e+05   2.2000000e+01
   9.2288800e+05   2.5000000e+01
   9.2517900e+05   2.2000000e+01
   9.2547000e+05   2.3000000e+01
   9.2589400e+05   2.1000000e+01
   9.2633500e+05   2.1000000e+01
   9.2902200e+05   2.6000000e+01
   9.9677700e+05   2.1000000e+01
   9.9741700e+05   2.2000000e+01
   9.9794500e+05   2.1000000e+01
   9.9840200e+05   2.2000000e+01
   9.9924200e+05   2.1000000e+01
   9.9942200e+05   2.3000000e+01
   9.9989600e+05   2.2000000e+01
   1.0006550e+06   2.2000000e+01
   1.0415010e+06   2.2000000e+01
   1.0423780e+06   2.3000000e+01
   1.0436220e+06   2.1000000e+01
   1.0442850e+06   2.7000000e+01
   1.0888960e+06   2.1000000e+01
   1.1490040e+06   2.2000000e+01
   1.1575040e+06   2.1000000e+01
   1.1575290e+06   2.1000000e+01
   1.1578380e+06   2.1000000e+01
   1.1583960e+06   2.6000000e+01
   1.1598430e+06   2.2000000e+01
   1.2672660e+06   2.1000000e+01
   1.3130900e+06   2.1000000e+01
   1.3131160e+06   2.2000000e+01
   1.3132630e+06   2.2000000e+01
   1.3133450e+06   2.4000000e+01
   1.3134660e+06   2.7000000e+01
   1.3139100e+06   2.1000000e+01
   1.3141440e+06   4.1000000e+01
   1.3199390e+06   2.2000000e+01
   1.4394480e+06   2.4000000e+01
   1.4410800e+06   2.1000000e+01
   1.4422750e+06   2.2000000e+01
   1.4547550e+06   2.1000000e+01
   1.4564500e+06   2.3000000e+01
   1.4567160e+06   2.1000000e+01
   1.4594610e+06   2.1000000e+01
   1.5397460e+06   2.2000000e+01
   1.5750350e+06   2.1000000e+01
   1.5766520e+06   2.2000000e+01
   1.5767000e+06   2.3000000e+01
   1.7259290e+06   2.1000000e+01
   1.7382990e+06   2.3000000e+01
   1.7388510e+06   2.2000000e+01
   1.7388820e+06   2.2000000e+01
   1.7392080e+06   2.1000000e+01
   1.7396530e+06   2.7000000e+01
   1.7398730e+06   2.1000000e+01
   1.7399470e+06   2.5000000e+01
   1.7404350e+06   2.2000000e+01
   1.7421190e+06   2.1000000e+01
   1.7537720e+06   2.3000000e+01
   1.7561200e+06   2.1000000e+01
   1.8885520e+06   2.2000000e+01
   1.8893400e+06   2.2000000e+01
   1.8912570e+06   2.2000000e+01
   1.8927340e+06   2.4000000e+01
   1.8928440e+06   2.2000000e+01
   1.8929920e+06   2.1000000e+01
   1.8933840e+06   2.1000000e+01
   1.8934230e+06   2.3000000e+01
   1.8937030e+06   2.7000000e+01
   2.0227900e+06   2.1000000e+01
   2.0232650e+06   2.1000000e+01
   2.0280300e+06   2.1000000e+01
   2.0604970e+06   2.2000000e+01
   2.0771010e+06   2.1000000e+01
   2.0783360e+06   2.4000000e+01
   2.0787120e+06   3.2000000e+01
   2.0787650e+06   2.1000000e+01
   2.0792990e+06   2.7000000e+01
   2.0803100e+06   2.1000000e+01
   2.0803530e+06   2.3000000e+01
   2.0804020e+06   2.1000000e+01
   2.0808170e+06   2.1000000e+01
   2.2322440e+06   2.1000000e+01
   2.2344180e+06   2.1000000e+01
   2.2347370e+06   2.5000000e+01
   2.2349420e+06   2.1000000e+01
   2.2350100e+06   2.1000000e+01
   2.3675220e+06   2.2000000e+01
   2.3675610e+06   2.5000000e+01
   2.3676720e+06   2.1000000e+01
   2.3682420e+06   2.1000000e+01
   2.3687100e+06   2.2000000e+01
   2.3690020e+06   2.1000000e+01
   2.3701630e+06   2.2000000e+01
   2.3705590e+06   2.2000000e+01
   2.3705890e+06   2.2000000e+01
   2.3753350e+06   2.2000000e+01
   2.3757030e+06   2.1000000e+01
   2.3759970e+06   2.1000000e+01
   2.3763150e+06   2.4000000e+01
   2.3810460e+06   2.1000000e+01
   2.3818360e+06   2.3000000e+01
   2.3834840e+06   2.1000000e+01
   2.3842490e+06   2.3000000e+01
   2.3899880e+06   2.3000000e+01
   2.5035300e+06   2.2000000e+01
   2.5047780e+06   2.4000000e+01
   2.5314800e+06   2.1000000e+01
   2.5325460e+06   2.4000000e+01
   2.5328260e+06   2.4000000e+01
   2.5331240e+06   2.2000000e+01
   2.5331570e+06   2.5000000e+01
   2.5334450e+06   2.2000000e+01
   2.5345580e+06   2.5000000e+01
   2.5371570e+06   2.7000000e+01
   2.5497370e+06   2.7000000e+01
   2.5513360e+06   2.1000000e+01
   2.5526710e+06   2.2000000e+01
   2.7267340e+06   2.1000000e+01
   2.7275330e+06   2.2000000e+01
   2.8997260e+06   2.3000000e+01
   2.8999970e+06   2.3000000e+01
   2.9000870e+06   2.1000000e+01
   2.9006520e+06   2.7000000e+01
   2.9017600e+06   2.2000000e+01
   2.9021620e+06   2.3000000e+01
   2.9023220e+06   2.7000000e+01
   2.9030180e+06   2.2000000e+01
   2.9472330e+06   2.4000000e+01
   2.9502910e+06   2.3000000e+01
   2.9504740e+06   2.1000000e+01
   2.9511800e+06   2.2000000e+01
   2.9512710e+06   2.2000000e+01
   3.0146950e+06   3.1000000e+01
   3.0151470e+06   2.3000000e+01
   3.0153390e+06   2.2000000e+01
   3.0157190e+06   2.6000000e+01
   3.0162970e+06   2.1000000e+01
   3.0184440e+06   2.1000000e+01
   3.0185310e+06   2.2000000e+01
   3.0185640e+06   2.2000000e+01
   3.0186000e+06   2.1000000e+01
   3.0210230e+06   2.1000000e+01
   3.1361930e+06   2.1000000e+01
   3.1391750e+06   2.1000000e+01
   3.1396000e+06   2.1000000e+01
   3.1400630e+06   2.1000000e+01
   3.1401350e+06   2.2000000e+01
   3.1402770e+06   2.1000000e+01
   3.2014000e+06   2.2000000e+01
   3.2032370e+06   2.1000000e+01
   3.2037240e+06   2.1000000e+01
   3.2038880e+06   2.1000000e+01
   3.2042450e+06   2.5000000e+01
   3.2043440e+06   2.1000000e+01
   3.2044060e+06   2.1000000e+01
   3.2055590e+06   2.2000000e+01
   3.2056950e+06   2.7000000e+01
   3.2143880e+06   2.1000000e+01
   3.2186130e+06   2.4000000e+01
   3.2213620e+06   2.3000000e+01
   3.2223610e+06   2.2000000e+01
   3.2237810e+06   2.2000000e+01
   3.2243990e+06   2.1000000e+01
   3.3519180e+06   2.2000000e+01
   3.3523870e+06   2.2000000e+01
   3.3531350e+06   2.3000000e+01
   3.3533180e+06   2.1000000e+01
   3.3533480e+06   2.1000000e+01
   3.3536400e+06   2.1000000e+01
   3.3545940e+06   2.1000000e+01
   3.3547850e+06   2.3000000e+01
   3.3579110e+06   2.1000000e+01
   3.3617790e+06   2.1000000e+01
   3.3681930e+06   2.3000000e+01
   3.3737830e+06   2.5000000e+01
   3.3795240e+06   2.1000000e+01
   3.3802960e+06   2.3000000e+01
   3.3847550e+06   3.2000000e+01
   3.3869380e+06   2.1000000e+01
   3.3908490e+06   2.1000000e+01
   3.3926230e+06   2.4000000e+01
   3.3928240e+06   3.2000000e+01
   3.3930500e+06   2.3000000e+01
   3.3936060e+06   2.2000000e+01
   3.3943510e+06   2.1000000e+01
   3.3945880e+06   2.1000000e+01
   3.3955000e+06   2.3000000e+01
   3.3984880e+06   2.3000000e+01
   3.5625070e+06   2.5000000e+01
   3.5627060e+06   2.1000000e+01
   3.5628460e+06   2.3000000e+01
   3.5634990e+06   2.4000000e+01
   3.5641420e+06   2.1000000e+01
   3.5682570e+06   2.6000000e+01
   3.5705280e+06   2.1000000e+01
   3.5888750e+06   2.3000000e+01
   3.6072840e+06   2.2000000e+01
   3.6074990e+06   2.3000000e+01
   3.6243650e+06   2.6000000e+01
   3.6567570e+06   2.3000000e+01
   3.6847530e+06   2.2000000e+01
   3.6852280e+06   2.2000000e+01
   3.6853610e+06   2.2000000e+01
   3.6862570e+06   2.1000000e+01
   3.6863700e+06   2.4000000e+01
   3.6873380e+06   2.5000000e+01
   3.7678410e+06   2.5000000e+01
   3.7695430e+06   2.4000000e+01
   3.7696150e+06   2.1000000e+01
   3.7696690e+06   2.1000000e+01
   3.7700720e+06   2.1000000e+01
   3.9004400e+06   2.4000000e+01
   3.9008080e+06   2.1000000e+01
   3.9013610e+06   2.6000000e+01
   3.9025560e+06   2.5000000e+01
   3.9026070e+06   2.1000000e+01
   3.9227180e+06   2.1000000e+01
   4.0647810e+06   2.4000000e+01
   4.0648340e+06   2.2000000e+01
   4.0650750e+06   2.1000000e+01
   4.0651100e+06   2.3000000e+01
   4.0651650e+06   2.1000000e+01
   4.0651970e+06   2.4000000e+01
   4.0652510e+06   2.7000000e+01
   4.0656140e+06   2.1000000e+01
   4.0657150e+06   2.3000000e+01
   4.0663810e+06   2.4000000e+01
   4.0670890e+06   2.2000000e+01
   4.2701480e+06   2.1000000e+01
   4.2705920e+06   2.7000000e+01
   4.2707020e+06   2.3000000e+01
   4.2745640e+06   2.1000000e+01
   4.2820250e+06   2.1000000e+01
   4.4053200e+06   2.1000000e+01
   4.4060170e+06   2.2000000e+01
   4.4288390e+06   2.4000000e+01
   4.4289320e+06   2.1000000e+01
   4.4300330e+06   2.2000000e+01
   4.4300730e+06   2.3000000e+01
   4.4301120e+06   2.3000000e+01
   4.4305840e+06   2.1000000e+01
   4.4310600e+06   2.3000000e+01
   4.5987870e+06   2.2000000e+01
   4.6159910e+06   2.2000000e+01
   4.6169340e+06   2.1000000e+01
   4.6184100e+06   2.1000000e+01
   4.7768730e+06   2.1000000e+01
   4.7811140e+06   2.3000000e+01
   4.7815320e+06   2.2000000e+01
   4.7820120e+06   2.2000000e+01
   4.7846580e+06   2.2000000e+01
   4.7874980e+06   2.3000000e+01
   4.7958370e+06   2.2000000e+01
   4.7958720e+06   2.1000000e+01
   4.7963040e+06   2.7000000e+01
   4.7964440e+06   2.7000000e+01
   4.7981630e+06   2.2000000e+01
   4.7984390e+06   2.1000000e+01
   4.7985080e+06   2.9000000e+01
   4.7985560e+06   2.6000000e+01
   4.8000030e+06   2.3000000e+01
   5.0187390e+06   2.1000000e+01
   5.0189640e+06   2.2000000e+01
   5.0192900e+06   2.2000000e+01
   5.0194900e+06   2.6000000e+01
   5.0304610e+06   2.1000000e+01
   5.0305160e+06   2.7000000e+01
   5.0309660e+06   2.1000000e+01
   5.0315850e+06   2.1000000e+01
   5.1666740e+06   2.4000000e+01
   5.1670600e+06   2.1000000e+01
   5.1725550e+06   2.1000000e+01
   5.1727710e+06   2.5000000e+01
   5.1729560e+06   2.2000000e+01
   5.1818030e+06   2.6000000e+01
   5.1823690e+06   2.4000000e+01
   5.1915130e+06   2.1000000e+01
   5.1944990e+06   2.1000000e+01
   5.2942290e+06   2.2000000e+01
   5.2946190e+06   2.2000000e+01
   5.2948200e+06   2.4000000e+01
   5.2951310e+06   2.3000000e+01
   5.2951980e+06   2.5000000e+01
   5.2953790e+06   2.1000000e+01
   5.4245280e+06   2.3000000e+01
   5.4247690e+06   2.1000000e+01
   5.4248150e+06   2.2000000e+01
   5.4251110e+06   2.3000000e+01
   5.4252060e+06   2.2000000e+01
   5.4252980e+06   2.4000000e+01
   5.4258650e+06   2.1000000e+01
   5.4343840e+06   2.3000000e+01
   5.4351620e+06   2.3000000e+01
   5.4359790e+06   2.1000000e+01
   5.4365420e+06   2.1000000e+01
   5.4384910e+06   2.3000000e+01
   5.5986280e+06   2.1000000e+01
   5.6126280e+06   2.1000000e+01
   5.6132890e+06   2.3000000e+01
   5.6140560e+06   2.1000000e+01
   5.6145570e+06   2.2000000e+01
   5.7011950e+06   2.1000000e+01
   5.7021810e+06   2.1000000e+01
   5.7023800e+06   2.1000000e+01
   5.7025030e+06   2.6000000e+01
   5.7033250e+06   2.1000000e+01
   5.7035120e+06   2.2000000e+01
   5.7042840e+06   2.1000000e+01
   5.7060090e+06   2.1000000e+01
   5.7067100e+06   3.6000000e+01
   5.7067380e+06   2.5000000e+01
   5.7071430e+06   2.1000000e+01
   5.8785070e+06   2.3000000e+01
   5.8792860e+06   2.4000000e+01
   5.8793780e+06   2.3000000e+01
   5.8800130e+06   2.5000000e+01
   5.8806140e+06   2.2000000e+01
   5.8855630e+06   2.2000000e+01
   5.9852980e+06   2.5000000e+01
   5.9854560e+06   2.5000000e+01
   5.9855050e+06   2.1000000e+01
   5.9858430e+06   2.6000000e+01
   5.9867880e+06   2.1000000e+01
   5.9876540e+06   2.1000000e+01
   5.9880210e+06   2.3000000e+01
   5.9881450e+06   2.1000000e+01
   5.9888010e+06   2.2000000e+01
   5.9898130e+06   2.5000000e+01
   6.0794210e+06   2.3000000e+01
   6.1322090e+06   2.1000000e+01
   6.2203410e+06   2.2000000e+01
   6.2429830e+06   2.1000000e+01
   6.2441010e+06   2.2000000e+01
   6.2444300e+06   2.3000000e+01
   6.2446300e+06   2.1000000e+01
   6.2449100e+06   2.3000000e+01
   6.2466570e+06   2.4000000e+01
   6.2479530e+06   2.2000000e+01
   6.2875740e+06   2.3000000e+01
   6.3416230e+06   2.3000000e+01
   6.3439340e+06   2.2000000e+01
   6.3439740e+06   2.1000000e+01
   6.3446770e+06   2.4000000e+01
   6.3452380e+06   2.1000000e+01
   6.3459740e+06   2.2000000e+01
   6.3469250e+06   2.2000000e+01
   6.3470790e+06   2.2000000e+01
   6.3511380e+06   2.1000000e+01
   6.3929170e+06   2.1000000e+01
   6.4818050e+06   2.1000000e+01
   6.5017450e+06   2.1000000e+01
   6.5480880e+06   2.1000000e+01
   6.6152500e+06   2.3000000e+01
   6.6155370e+06   2.3000000e+01
   6.6156700e+06   2.2000000e+01
   6.6166770e+06   2.1000000e+01
   6.8531240e+06   2.2000000e+01
   6.8547640e+06   2.4000000e+01
   6.8553440e+06   2.6000000e+01
   6.8553770e+06   2.1000000e+01
   6.8570220e+06   2.1000000e+01
   6.9347220e+06   3.0000000e+01
   6.9523470e+06   2.2000000e+01
   6.9532800e+06   2.2000000e+01
   6.9533600e+06   2.1000000e+01
   6.9540780e+06   3.3000000e+01
   6.9541290e+06   2.4000000e+01
   6.9547210e+06   2.2000000e+01
   6.9646530e+06   2.1000000e+01
   6.9654920e+06   2.2000000e+01
   6.9668910e+06   2.2000000e+01
   6.9680320e+06   2.1000000e+01
   7.0958700e+06   2.3000000e+01
   7.0983150e+06   2.2000000e+01
   7.1008530e+06   2.2000000e+01
   7.1021490e+06   2.2000000e+01
   7.1039470e+06   2.2000000e+01
   7.1039770e+06   2.1000000e+01
   7.2207360e+06   2.2000000e+01
   7.2210070e+06   2.5000000e+01
   7.2215160e+06   2.8000000e+01
   7.2216670e+06   2.5000000e+01
   7.2216940e+06   2.2000000e+01
   7.2217430e+06   2.1000000e+01
   7.2227010e+06   2.2000000e+01
   7.2581640e+06   2.3000000e+01
   7.3484160e+06   2.3000000e+01
   7.3491010e+06   2.2000000e+01
   7.3492140e+06   2.7000000e+01
   7.3494960e+06   2.1000000e+01
   7.3521330e+06   2.3000000e+01
   7.3541630e+06   2.6000000e+01
   7.4490820e+06   2.1000000e+01
   7.4900000e+06   2.2000000e+01
   7.4902570e+06   2.7000000e+01
   7.4904510e+06   2.2000000e+01
   7.4905090e+06   2.1000000e+01
   7.4922230e+06   2.2000000e+01
   7.4953640e+06   2.4000000e+01
   7.4961150e+06   2.8000000e+01
