   7.5250000e+06   0.0000000e+00
   2.1144000e+04   2.2000000e+01
   2.1233000e+04   2.2000000e+01
   2.3051000e+04   2.2000000e+01
   2.3145000e+04   2.4000000e+01
   2.4580000e+04   2.2000000e+01
   1.6503100e+05   2.2000000e+01
   1.6543900e+05   2.1000000e+01
   1.6586700e+05   2.1000000e+01
   1.6704900e+05   2.2000000e+01
   1.7902300e+05   2.2000000e+01
   4.1233600e+05   2.2000000e+01
   4.1402700e+05   2.1000000e+01
   4.1446400e+05   2.1000000e+01
   4.1514100e+05   2.5000000e+01
   5.7152500e+05   2.2000000e+01
   5.7241800e+05   2.3000000e+01
   5.8088400e+05   2.2000000e+01
   5.8101600e+05   2.2000000e+01
   5.8138400e+05   2.2000000e+01
   5.8226900e+05   2.2000000e+01
   5.8256800e+05   2.1000000e+01
   5.8615500e+05   2.3000000e+01
   7.6555400e+05   2.2000000e+01
   7.6573900e+05   2.3000000e+01
   7.6586200e+05   2.1000000e+01
   7.6593000e+05   2.3000000e+01
   9.2291400e+05   2.1000000e+01
   9.2522700e+05   2.1000000e+01
   9.2901900e+05   2.2000000e+01
   9.9677800e+05   2.1000000e+01
   9.9842400e+05   2.1000000e+01
   1.0415220e+06   2.3000000e+01
   1.0888980e+06   2.1000000e+01
   1.1502500e+06   2.2000000e+01
   1.1560290e+06   2.3000000e+01
   1.1569470e+06   2.1000000e+01
   1.1578090e+06   2.1000000e+01
   1.1583710e+06   2.2000000e+01
   1.3132640e+06   2.4000000e+01
   1.3133420e+06   2.4000000e+01
   1.3134620e+06   2.1000000e+01
   1.3135290e+06   2.1000000e+01
   1.3140890e+06   2.1000000e+01
   1.3141250e+06   3.8000000e+01
   1.3152970e+06   2.3000000e+01
   1.5767490e+06   2.6000000e+01
   1.5773360e+06   2.2000000e+01
   1.7380050e+06   2.4000000e+01
   1.7387740e+06   2.2000000e+01
   1.7388850e+06   2.4000000e+01
   1.7392120e+06   2.4000000e+01
   1.7396530e+06   2.2000000e+01
   1.7398680e+06   2.1000000e+01
   1.7414110e+06   2.1000000e+01
   1.7538970e+06   2.4000000e+01
   1.8893590e+06   2.3000000e+01
   1.8912560e+06   2.1000000e+01
   1.8929480e+06   2.4000000e+01
   1.8933830e+06   2.1000000e+01
   1.8936160e+06   2.2000000e+01
   1.8936800e+06   2.2000000e+01
   2.0291460e+06   2.2000000e+01
   2.0784790e+06   2.1000000e+01
   2.0787080e+06   2.2000000e+01
   2.0804160e+06   2.2000000e+01
   2.0809910e+06   2.1000000e+01
   2.2371920e+06   2.2000000e+01
   2.3675600e+06   2.3000000e+01
   2.3676340e+06   2.2000000e+01
   2.3686430e+06   2.2000000e+01
   2.3689890e+06   2.2000000e+01
   2.3694630e+06   2.4000000e+01
   2.3705610e+06   2.1000000e+01
   2.3722130e+06   2.8000000e+01
   2.5325520e+06   2.1000000e+01
   2.5327040e+06   2.2000000e+01
   2.5328250e+06   2.3000000e+01
   2.5331470e+06   2.2000000e+01
   2.5352700e+06   2.1000000e+01
   2.7239540e+06   2.1000000e+01
   2.7271460e+06   2.1000000e+01
   2.7272190e+06   2.1000000e+01
   2.7275400e+06   2.5000000e+01
   2.9000930e+06   2.1000000e+01
   2.9006640e+06   2.5000000e+01
   2.9020740e+06   2.4000000e+01
   2.9021590e+06   2.5000000e+01
   2.9022330e+06   2.2000000e+01
   2.9023270e+06   2.3000000e+01
   2.9512730e+06   2.1000000e+01
   3.0147130e+06   2.7000000e+01
   3.0163020e+06   2.1000000e+01
   3.0167130e+06   2.6000000e+01
   3.0185600e+06   2.2000000e+01
   3.0185970e+06   2.1000000e+01
   3.0192250e+06   2.1000000e+01
   3.0196930e+06   2.2000000e+01
   3.1384990e+06   2.1000000e+01
   3.1391530e+06   2.5000000e+01
   3.1405100e+06   2.2000000e+01
   3.2014050e+06   2.2000000e+01
   3.2044040e+06   2.5000000e+01
   3.2044460e+06   2.3000000e+01
   3.2054810e+06   2.1000000e+01
   3.3519230e+06   2.7000000e+01
   3.3531260e+06   2.5000000e+01
   3.3617820e+06   2.1000000e+01
   3.3868920e+06   2.1000000e+01
   3.3869330e+06   2.1000000e+01
   3.3922600e+06   2.1000000e+01
   3.3923040e+06   2.2000000e+01
   3.3928040e+06   2.5000000e+01
   3.3928330e+06   2.5000000e+01
   3.3938330e+06   2.2000000e+01
   3.3949740e+06   2.1000000e+01
   3.3955040e+06   2.1000000e+01
   3.6724020e+06   2.1000000e+01
   3.6852320e+06   2.4000000e+01
   3.6861500e+06   2.1000000e+01
   3.6862620e+06   2.1000000e+01
   3.6863720e+06   2.2000000e+01
   3.6876140e+06   2.1000000e+01
   3.6879140e+06   2.3000000e+01
   3.7678450e+06   2.5000000e+01
   3.7699430e+06   2.4000000e+01
   3.8978950e+06   2.2000000e+01
   3.9008340e+06   2.2000000e+01
   3.9023540e+06   2.1000000e+01
   3.9025520e+06   2.3000000e+01
   3.9026030e+06   2.9000000e+01
   4.0634590e+06   2.1000000e+01
   4.0640480e+06   2.3000000e+01
   4.0647790e+06   2.1000000e+01
   4.0651130e+06   2.2000000e+01
   4.0651640e+06   2.3000000e+01
   4.0652540e+06   2.3000000e+01
   4.0657440e+06   2.5000000e+01
   4.0662620e+06   2.1000000e+01
   4.0663750e+06   2.4000000e+01
   4.2692360e+06   2.1000000e+01
   4.2699690e+06   2.4000000e+01
   4.2817520e+06   2.2000000e+01
   4.4040920e+06   2.1000000e+01
   4.4042580e+06   2.3000000e+01
   4.4051550e+06   2.1000000e+01
   4.4066880e+06   2.3000000e+01
   4.4080430e+06   2.3000000e+01
   4.4285400e+06   2.2000000e+01
   4.4288420e+06   2.2000000e+01
   4.4290550e+06   2.3000000e+01
   4.4301880e+06   2.6000000e+01
   4.7820110e+06   2.1000000e+01
   4.7829090e+06   2.2000000e+01
   4.7846560e+06   2.2000000e+01
   4.7874930e+06   2.1000000e+01
   4.7958570e+06   2.8000000e+01
   4.7976190e+06   2.2000000e+01
   4.7984120e+06   2.1000000e+01
   4.7985200e+06   2.3000000e+01
   4.9158400e+06   2.1000000e+01
   4.9737050e+06   2.4000000e+01
   5.0187580e+06   2.8000000e+01
   5.0203560e+06   2.1000000e+01
   5.0304150e+06   2.2000000e+01
   5.0305140e+06   2.4000000e+01
   5.1670570e+06   2.2000000e+01
   5.1730770e+06   2.5000000e+01
   5.1732640e+06   2.3000000e+01
   5.1739260e+06   2.1000000e+01
   5.1743210e+06   2.4000000e+01
   5.2942530e+06   2.3000000e+01
   5.2952000e+06   2.2000000e+01
   5.4237060e+06   2.1000000e+01
   5.4343830e+06   2.1000000e+01
   5.4359820e+06   2.5000000e+01
   5.4360290e+06   2.3000000e+01
   5.6133010e+06   2.9000000e+01
   5.6134300e+06   2.2000000e+01
   5.6140590e+06   2.1000000e+01
   5.7009530e+06   2.2000000e+01
   5.7031540e+06   2.1000000e+01
   5.7032130e+06   2.1000000e+01
   5.7038640e+06   2.1000000e+01
   5.7039220e+06   2.3000000e+01
   5.7039980e+06   2.1000000e+01
   5.7067120e+06   2.8000000e+01
   5.7067410e+06   2.5000000e+01
   5.8779590e+06   2.4000000e+01
   5.8787730e+06   2.1000000e+01
   5.8796990e+06   2.1000000e+01
   5.8799920e+06   2.9000000e+01
   5.9846460e+06   2.1000000e+01
   5.9853010e+06   2.2000000e+01
   5.9854510e+06   2.5000000e+01
   5.9858260e+06   2.2000000e+01
   5.9861700e+06   2.5000000e+01
   5.9867080e+06   2.4000000e+01
   5.9879490e+06   2.3000000e+01
   5.9881640e+06   2.5000000e+01
   5.9888050e+06   2.1000000e+01
   5.9890280e+06   2.2000000e+01
   5.9940640e+06   2.4000000e+01
   6.2421380e+06   2.2000000e+01
   6.2446420e+06   2.2000000e+01
   6.2448180e+06   2.1000000e+01
   6.2458950e+06   2.2000000e+01
   6.2464110e+06   2.1000000e+01
   6.3401060e+06   2.2000000e+01
   6.3416200e+06   2.2000000e+01
   6.3446700e+06   2.2000000e+01
   6.3447240e+06   2.1000000e+01
   6.3450030e+06   2.4000000e+01
   6.3452840e+06   2.1000000e+01
   6.3459770e+06   2.4000000e+01
   6.3469500e+06   2.3000000e+01
   6.6156720e+06   2.1000000e+01
   6.6161560e+06   2.1000000e+01
   6.6165700e+06   2.2000000e+01
   6.6167000e+06   2.1000000e+01
   6.8544890e+06   2.1000000e+01
   6.8547770e+06   2.2000000e+01
   6.9347240e+06   2.1000000e+01
   6.9532620e+06   2.3000000e+01
   6.9534300e+06   2.4000000e+01
   6.9534700e+06   2.2000000e+01
   6.9542890e+06   2.1000000e+01
   6.9554160e+06   2.4000000e+01
   6.9556710e+06   2.1000000e+01
   7.1008480e+06   2.5000000e+01
   7.2201110e+06   2.6000000e+01
   7.2207310e+06   2.3000000e+01
   7.2207570e+06   2.2000000e+01
   7.2209910e+06   2.1000000e+01
   7.2216900e+06   2.8000000e+01
   7.2218070e+06   2.1000000e+01
   7.3483430e+06   2.1000000e+01
   7.3491220e+06   2.3000000e+01
   7.3491520e+06   2.1000000e+01
   7.3492160e+06   2.3000000e+01
   7.3510810e+06   2.2000000e+01
   7.3537840e+06   2.1000000e+01
   7.3540910e+06   2.3000000e+01
   7.4904650e+06   2.1000000e+01
