   7.5000000e+06   0.0000000e+00
   3.3092000e+04   2.6000000e+01
   3.3397000e+04   3.1000000e+01
   3.3537000e+04   2.7000000e+01
   3.3590000e+04   2.7000000e+01
   3.3630000e+04   2.8000000e+01
   3.4222000e+04   2.7000000e+01
   3.4408000e+04   3.1000000e+01
   3.4478000e+04   2.8000000e+01
   3.4571000e+04   3.0000000e+01
   3.5016000e+04   3.0000000e+01
   3.5181000e+04   4.7000000e+01
   3.5470000e+04   2.8000000e+01
   3.5778000e+04   3.2000000e+01
   3.5868000e+04   2.6000000e+01
   3.5946000e+04   4.5000000e+01
   3.5988000e+04   2.6000000e+01
   3.6081000e+04   2.8000000e+01
   3.6228000e+04   2.8000000e+01
   3.6274000e+04   3.3000000e+01
   3.6343000e+04   3.0000000e+01
   3.6388000e+04   3.4000000e+01
   3.6523000e+04   3.5000000e+01
   3.6561000e+04   3.2000000e+01
   3.6613000e+04   2.7000000e+01
   3.6700000e+04   3.1000000e+01
   3.6776000e+04   3.1000000e+01
   3.7742000e+04   2.7000000e+01
   3.7805000e+04   2.6000000e+01
   3.7848000e+04   2.7000000e+01
   3.7998000e+04   2.6000000e+01
   3.9144000e+04   2.6000000e+01
   4.1058000e+04   3.3000000e+01
   4.1149000e+04   3.1000000e+01
   5.0081000e+04   2.6000000e+01
   7.7475000e+04   2.9000000e+01
   7.7685000e+04   3.5000000e+01
   7.9744000e+04   3.9000000e+01
   9.3700000e+04   2.9000000e+01
   1.0687900e+05   2.6000000e+01
   1.1938800e+05   2.7000000e+01
   1.2185500e+05   2.6000000e+01
   1.2207300e+05   3.4000000e+01
   1.2210900e+05   2.9000000e+01
   1.2249600e+05   3.1000000e+01
   1.2252100e+05   2.8000000e+01
   1.2374400e+05   2.6000000e+01
   1.2554900e+05   3.9000000e+01
   1.3576900e+05   2.7000000e+01
   1.4726800e+05   2.7000000e+01
   1.5221300e+05   2.6000000e+01
   1.6065400e+05   2.6000000e+01
   1.9689600e+05   3.4000000e+01
   2.1322600e+05   3.2000000e+01
   2.2218100e+05   3.2000000e+01
   2.3088600e+05   2.7000000e+01
   2.3441600e+05   2.6000000e+01
   2.3453700e+05   3.0000000e+01
   2.3552800e+05   3.6000000e+01
   2.3558100e+05   3.9000000e+01
   2.3590300e+05   2.7000000e+01
   2.3603500e+05   3.2000000e+01
   2.3613600e+05   2.9000000e+01
   2.3617300e+05   3.0000000e+01
   2.3690700e+05   2.7000000e+01
   2.3769200e+05   3.7000000e+01
   2.3771900e+05   4.6000000e+01
   2.3862200e+05   2.8000000e+01
   2.3891200e+05   3.2000000e+01
   2.3908300e+05   2.6000000e+01
   2.4008400e+05   3.0000000e+01
   2.4220300e+05   4.1000000e+01
   2.4346100e+05   3.0000000e+01
   2.4375200e+05   3.4000000e+01
   2.6193400e+05   3.2000000e+01
   2.6202800e+05   2.9000000e+01
   2.6553500e+05   2.8000000e+01
   2.8827600e+05   2.8000000e+01
   2.9123700e+05   3.6000000e+01
   3.0054500e+05   2.7000000e+01
   3.0183700e+05   2.8000000e+01
   3.0226400e+05   2.9000000e+01
   3.0794000e+05   2.9000000e+01
   3.1535800e+05   3.1000000e+01
   3.4081400e+05   2.7000000e+01
   3.5633500e+05   2.7000000e+01
   3.5948900e+05   3.5000000e+01
   3.7166900e+05   3.0000000e+01
   3.7182000e+05   3.0000000e+01
   3.7349100e+05   2.6000000e+01
   3.7352600e+05   3.1000000e+01
   3.7355500e+05   2.7000000e+01
   3.7358700e+05   3.5000000e+01
   3.7431400e+05   2.6000000e+01
   3.7434800e+05   2.9000000e+01
   3.7447100e+05   2.8000000e+01
   3.7472200e+05   4.0000000e+01
   3.7480100e+05   2.8000000e+01
   3.7485800e+05   2.9000000e+01
   3.7495700e+05   2.7000000e+01
   3.7502100e+05   2.6000000e+01
   3.7507200e+05   3.3000000e+01
   3.7513400e+05   4.4000000e+01
   3.7518200e+05   3.9000000e+01
   3.7533900e+05   3.5000000e+01
   3.7539500e+05   2.8000000e+01
   3.7547100e+05   2.8000000e+01
   3.7564200e+05   3.0000000e+01
   3.7568800e+05   7.4000000e+01
   3.7573200e+05   2.6000000e+01
   3.7582900e+05   2.6000000e+01
   3.7591000e+05   2.7000000e+01
   3.7604000e+05   2.8000000e+01
   3.7608200e+05   2.8000000e+01
   3.7611700e+05   4.6000000e+01
   3.7617500e+05   2.8000000e+01
   3.7622900e+05   3.1000000e+01
   3.7626200e+05   2.8000000e+01
   3.7633700e+05   4.3000000e+01
   3.7636900e+05   3.0000000e+01
   3.7640500e+05   2.7000000e+01
   3.7645300e+05   5.2000000e+01
   3.7649600e+05   3.1000000e+01
   3.7656700e+05   3.8000000e+01
   3.7661300e+05   2.8000000e+01
   3.7665700e+05   3.8000000e+01
   3.7674400e+05   5.2000000e+01
   3.7678100e+05   5.9000000e+01
   3.7681000e+05   3.3000000e+01
   3.7687300e+05   3.1000000e+01
   3.7693000e+05   3.4000000e+01
   3.7701300e+05   3.0000000e+01
   3.7707000e+05   4.0000000e+01
   3.7714300e+05   2.9000000e+01
   3.7726400e+05   3.2000000e+01
   3.7729400e+05   5.0000000e+01
   3.7736700e+05   3.8000000e+01
   3.7741900e+05   3.2000000e+01
   3.7745400e+05   4.7000000e+01
   3.7752900e+05   2.6000000e+01
   3.7757200e+05   3.1000000e+01
   3.7763600e+05   4.2000000e+01
   3.7768000e+05   3.7000000e+01
   3.7772100e+05   3.5000000e+01
   3.7789200e+05   3.9000000e+01
   3.7795100e+05   5.7000000e+01
   3.7799400e+05   3.7000000e+01
   3.7805300e+05   4.5000000e+01
   3.7808700e+05   2.6000000e+01
   3.7825300e+05   3.1000000e+01
   3.7835200e+05   2.8000000e+01
   3.7842500e+05   3.0000000e+01
   3.7856300e+05   2.9000000e+01
   3.7860100e+05   4.0000000e+01
   3.7865900e+05   2.9000000e+01
   3.7870400e+05   4.0000000e+01
   3.7875000e+05   2.7000000e+01
   3.7884500e+05   5.8000000e+01
   3.7892200e+05   3.0000000e+01
   3.7895500e+05   3.6000000e+01
   3.7898100e+05   3.7000000e+01
   3.7914000e+05   2.6000000e+01
   3.7927000e+05   3.3000000e+01
   3.7930100e+05   3.2000000e+01
   3.7946800e+05   4.1000000e+01
   3.7951800e+05   2.6000000e+01
   3.7955900e+05   3.5000000e+01
   3.7959900e+05   3.1000000e+01
   3.7964600e+05   3.8000000e+01
   3.7968700e+05   2.6000000e+01
   3.7979500e+05   2.7000000e+01
   3.8004100e+05   3.4000000e+01
   3.8022100e+05   2.6000000e+01
   3.8025900e+05   3.8000000e+01
   3.8029600e+05   3.2000000e+01
   3.8033600e+05   3.9000000e+01
   3.8040200e+05   2.7000000e+01
   3.8062600e+05   3.8000000e+01
   3.8070100e+05   4.0000000e+01
   3.8073800e+05   2.6000000e+01
   3.8079600e+05   2.8000000e+01
   3.8095300e+05   3.5000000e+01
   3.8098100e+05   3.0000000e+01
   3.8102700e+05   3.3000000e+01
   3.8108100e+05   2.6000000e+01
   3.8121400e+05   2.9000000e+01
   3.8140000e+05   2.7000000e+01
   3.8146500e+05   3.2000000e+01
   3.8167400e+05   3.6000000e+01
   3.8171600e+05   4.3000000e+01
   3.8179400e+05   2.8000000e+01
   3.8182200e+05   3.0000000e+01
   3.8214000e+05   3.6000000e+01
   3.8222900e+05   3.7000000e+01
   3.8241100e+05   2.9000000e+01
   3.8251500e+05   4.1000000e+01
   3.8254000e+05   4.2000000e+01
   3.8258100e+05   3.2000000e+01
   3.8278000e+05   2.6000000e+01
   3.8290800e+05   2.8000000e+01
   3.8297900e+05   3.4000000e+01
   3.8303600e+05   2.7000000e+01
   3.8322500e+05   2.8000000e+01
   3.8330800e+05   3.1000000e+01
   3.8336700e+05   3.2000000e+01
   3.8380700e+05   2.7000000e+01
   3.8405000e+05   3.4000000e+01
   3.8413400e+05   2.8000000e+01
   3.8416100e+05   3.4000000e+01
   3.8431600e+05   2.6000000e+01
   3.8448100e+05   3.8000000e+01
   3.8450700e+05   2.8000000e+01
   3.8461100e+05   3.6000000e+01
   3.8477600e+05   2.6000000e+01
   3.8480200e+05   3.2000000e+01
   3.8483200e+05   2.6000000e+01
   3.8492800e+05   2.7000000e+01
   3.8516800e+05   2.6000000e+01
   3.8531500e+05   3.0000000e+01
   3.8537300e+05   2.7000000e+01
   3.8543600e+05   2.9000000e+01
   3.8569200e+05   2.8000000e+01
   3.8572300e+05   3.4000000e+01
   3.8576200e+05   3.4000000e+01
   3.8579700e+05   3.0000000e+01
   3.8597600e+05   2.6000000e+01
   3.8610400e+05   2.7000000e+01
   3.8654200e+05   3.2000000e+01
   3.8659800e+05   3.8000000e+01
   3.8668500e+05   2.7000000e+01
   3.8676400e+05   3.2000000e+01
   3.8680600e+05   2.7000000e+01
   3.8693000e+05   2.8000000e+01
   3.8716100e+05   2.6000000e+01
   3.8752100e+05   2.7000000e+01
   3.8754600e+05   3.1000000e+01
   3.8760200e+05   2.9000000e+01
   3.8806200e+05   2.8000000e+01
   3.8810500e+05   3.0000000e+01
   3.8858100e+05   2.7000000e+01
   3.8866200e+05   2.8000000e+01
   3.8875300e+05   2.8000000e+01
   3.8900500e+05   3.3000000e+01
   3.8965000e+05   2.8000000e+01
   3.8969300e+05   3.0000000e+01
   3.8980800e+05   2.6000000e+01
   3.9018900e+05   2.7000000e+01
   3.9023600e+05   3.2000000e+01
   3.9028300e+05   2.6000000e+01
   3.9092100e+05   3.2000000e+01
   3.9143900e+05   2.6000000e+01
   3.9252800e+05   3.4000000e+01
   3.9380300e+05   2.7000000e+01
   3.9506000e+05   3.4000000e+01
   3.9604100e+05   3.4000000e+01
   3.9664600e+05   2.6000000e+01
   3.9739300e+05   3.0000000e+01
   3.9812700e+05   3.4000000e+01
   4.0042500e+05   3.3000000e+01
   4.0051200e+05   2.6000000e+01
   4.0055400e+05   2.9000000e+01
   4.0059200e+05   2.6000000e+01
   4.0127600e+05   2.8000000e+01
   4.0237000e+05   3.6000000e+01
   4.0571200e+05   2.7000000e+01
   4.0579400e+05   2.9000000e+01
   4.0678700e+05   3.1000000e+01
   4.0858000e+05   3.4000000e+01
   4.0866800e+05   2.7000000e+01
   4.1201400e+05   2.9000000e+01
   4.1335200e+05   2.7000000e+01
   4.1532800e+05   2.9000000e+01
   4.1538700e+05   2.6000000e+01
   4.1812700e+05   2.8000000e+01
   4.1925800e+05   2.7000000e+01
   4.1930800e+05   3.5000000e+01
   4.2181000e+05   2.7000000e+01
   4.2361800e+05   3.1000000e+01
   4.2365900e+05   3.1000000e+01
   4.2696300e+05   2.7000000e+01
   4.2833800e+05   2.6000000e+01
   4.2842600e+05   3.4000000e+01
   4.2848500e+05   2.7000000e+01
   4.2920300e+05   2.6000000e+01
   4.3010600e+05   2.9000000e+01
   4.3017600e+05   3.4000000e+01
   4.3257100e+05   3.3000000e+01
   4.3414400e+05   2.6000000e+01
   4.3759500e+05   2.6000000e+01
   4.3786300e+05   2.6000000e+01
   4.4014400e+05   2.8000000e+01
   4.4032500e+05   2.6000000e+01
   4.4140100e+05   2.7000000e+01
   4.4152900e+05   2.9000000e+01
   4.4156300e+05   3.2000000e+01
   4.4403900e+05   3.6000000e+01
   4.4416000e+05   3.1000000e+01
   4.4626300e+05   3.1000000e+01
   4.4853200e+05   2.7000000e+01
   4.5067000e+05   3.0000000e+01
   4.5216000e+05   2.8000000e+01
   4.5238800e+05   3.0000000e+01
   4.5283900e+05   3.0000000e+01
   4.5425600e+05   3.3000000e+01
   4.5609700e+05   3.0000000e+01
   4.5613700e+05   4.5000000e+01
   4.5878300e+05   2.7000000e+01
   4.6290600e+05   3.5000000e+01
   4.6882700e+05   3.5000000e+01
   4.7593300e+05   2.6000000e+01
   4.8318800e+05   2.6000000e+01
   4.9511700e+05   2.9000000e+01
   4.9730500e+05   3.0000000e+01
   5.0668700e+05   2.7000000e+01
   5.1162000e+05   2.7000000e+01
   5.7285500e+05   2.6000000e+01
   5.9874200e+05   2.6000000e+01
   6.3442900e+05   2.6000000e+01
   7.3130700e+05   2.7000000e+01
   7.3656900e+05   2.8000000e+01
   7.6429600e+05   3.0000000e+01
   7.8526200e+05   3.0000000e+01
   7.8554600e+05   2.7000000e+01
   7.8624500e+05   2.9000000e+01
   7.8660800e+05   2.6000000e+01
   7.8668100e+05   3.5000000e+01
   7.8700400e+05   2.6000000e+01
   7.8750500e+05   3.2000000e+01
   7.8782400e+05   2.7000000e+01
   7.8805300e+05   3.1000000e+01
   7.8813800e+05   4.5000000e+01
   7.8832600e+05   2.6000000e+01
   7.8852000e+05   3.0000000e+01
   7.8861400e+05   3.7000000e+01
   7.8864800e+05   2.7000000e+01
   7.8891600e+05   3.3000000e+01
   7.8898000e+05   2.6000000e+01
   7.8904400e+05   2.6000000e+01
   7.8908200e+05   3.5000000e+01
   7.8919700e+05   3.1000000e+01
   7.8957300e+05   3.1000000e+01
   7.8982300e+05   4.0000000e+01
   7.9030000e+05   3.2000000e+01
   7.9090000e+05   3.7000000e+01
   7.9989600e+05   2.6000000e+01
   8.1692000e+05   2.6000000e+01
   8.8408500e+05   3.3000000e+01
   8.8462200e+05   3.2000000e+01
   9.0107000e+05   2.6000000e+01
   9.0685200e+05   2.7000000e+01
   9.1702600e+05   2.6000000e+01
   9.4141200e+05   3.0000000e+01
   9.7416200e+05   2.7000000e+01
   1.0104160e+06   3.7000000e+01
   1.0106610e+06   2.7000000e+01
   1.0111250e+06   2.7000000e+01
   1.0133750e+06   2.6000000e+01
   1.0159850e+06   3.0000000e+01
   1.0183150e+06   3.6000000e+01
   1.0241940e+06   3.2000000e+01
   1.0410570e+06   3.8000000e+01
   1.0427860e+06   2.6000000e+01
   1.0428380e+06   3.6000000e+01
   1.0432530e+06   2.9000000e+01
   1.0433170e+06   2.6000000e+01
   1.0433850e+06   2.7000000e+01
   1.0445700e+06   3.1000000e+01
   1.0446480e+06   2.9000000e+01
   1.0449910e+06   2.9000000e+01
   1.0451790e+06   3.0000000e+01
   1.0452550e+06   3.4000000e+01
   1.0542220e+06   2.7000000e+01
   1.1185550e+06   3.2000000e+01
   1.1188810e+06   4.0000000e+01
   1.1195770e+06   2.7000000e+01
   1.1210060e+06   2.8000000e+01
   1.1234430e+06   2.6000000e+01
   1.1246210e+06   2.9000000e+01
   1.1246670e+06   2.6000000e+01
   1.1247090e+06   4.4000000e+01
   1.1247470e+06   2.7000000e+01
   1.1247950e+06   3.6000000e+01
   1.1248460e+06   3.0000000e+01
   1.1260380e+06   2.9000000e+01
   1.1267240e+06   3.6000000e+01
   1.1268470e+06   2.9000000e+01
   1.1268960e+06   3.8000000e+01
   1.1274730e+06   4.0000000e+01
   1.1276890e+06   3.0000000e+01
   1.1285180e+06   2.6000000e+01
   1.1286210e+06   2.7000000e+01
   1.1293200e+06   3.2000000e+01
   1.1295860e+06   4.4000000e+01
   1.1312860e+06   2.6000000e+01
   1.1384020e+06   3.0000000e+01
   1.2030920e+06   3.0000000e+01
   1.2047860e+06   3.2000000e+01
   1.2054440e+06   2.7000000e+01
   1.2126890e+06   3.3000000e+01
   1.2303500e+06   2.7000000e+01
   1.2519830e+06   2.8000000e+01
   1.2528570e+06   3.7000000e+01
   1.2538360e+06   3.3000000e+01
   1.2538650e+06   2.7000000e+01
   1.2719720e+06   2.7000000e+01
   1.2791610e+06   2.6000000e+01
   1.3073390e+06   2.7000000e+01
   1.3090640e+06   3.2000000e+01
   1.3103310e+06   2.6000000e+01
   1.3106190e+06   2.9000000e+01
   1.3128980e+06   3.2000000e+01
   1.3213700e+06   3.2000000e+01
   1.3288520e+06   2.8000000e+01
   1.3558950e+06   2.6000000e+01
   1.3739700e+06   2.8000000e+01
   1.4281700e+06   2.6000000e+01
   1.4282400e+06   3.0000000e+01
   1.4282650e+06   3.0000000e+01
   1.4283160e+06   3.5000000e+01
   1.4288390e+06   3.7000000e+01
   1.4294100e+06   2.7000000e+01
   1.4300450e+06   2.9000000e+01
   1.4300710e+06   2.6000000e+01
   1.4307030e+06   2.6000000e+01
   1.4357130e+06   2.9000000e+01
   1.4577150e+06   3.4000000e+01
   1.4648600e+06   2.7000000e+01
   1.5037340e+06   3.0000000e+01
   1.5055450e+06   3.5000000e+01
   1.5235610e+06   2.9000000e+01
   1.5494350e+06   3.1000000e+01
   1.5501230e+06   4.3000000e+01
   1.5502200e+06   2.7000000e+01
   1.5760850e+06   2.9000000e+01
   1.5770370e+06   2.7000000e+01
   1.5773990e+06   2.9000000e+01
   1.5822910e+06   2.6000000e+01
   1.5835700e+06   4.4000000e+01
   1.5843610e+06   3.2000000e+01
   1.5855630e+06   3.4000000e+01
   1.5858600e+06   2.6000000e+01
   1.5863430e+06   3.0000000e+01
   1.5918660e+06   2.7000000e+01
   1.5995580e+06   3.2000000e+01
   1.6029470e+06   2.6000000e+01
   1.6075160e+06   3.5000000e+01
   1.6078210e+06   3.5000000e+01
   1.6193970e+06   3.3000000e+01
   1.6316420e+06   3.6000000e+01
   1.6325290e+06   3.5000000e+01
   1.6342830e+06   3.7000000e+01
   1.6397130e+06   3.4000000e+01
   1.6402980e+06   2.6000000e+01
   1.6470400e+06   3.4000000e+01
   1.6488650e+06   2.8000000e+01
   1.6862160e+06   2.6000000e+01
   1.6865840e+06   3.1000000e+01
   1.6866310e+06   2.9000000e+01
   1.6868690e+06   2.8000000e+01
   1.6872850e+06   2.6000000e+01
   1.6876510e+06   2.6000000e+01
   1.6877350e+06   2.8000000e+01
   1.6878680e+06   2.7000000e+01
   1.6879180e+06   3.4000000e+01
   1.6882720e+06   3.1000000e+01
   1.6887780e+06   3.1000000e+01
   1.6888070e+06   2.6000000e+01
   1.6889720e+06   2.9000000e+01
   1.6892900e+06   3.3000000e+01
   1.6896520e+06   2.7000000e+01
   1.6910570e+06   3.0000000e+01
   1.6911200e+06   3.0000000e+01
   1.6911490e+06   2.6000000e+01
   1.6919070e+06   3.1000000e+01
   1.6946380e+06   3.1000000e+01
   1.6993320e+06   3.1000000e+01
   1.6994980e+06   2.6000000e+01
   1.6995760e+06   2.7000000e+01
   1.7076660e+06   3.2000000e+01
   1.7087090e+06   3.1000000e+01
   1.7369550e+06   3.6000000e+01
   1.7402460e+06   2.8000000e+01
   1.7421200e+06   2.9000000e+01
   1.7778570e+06   2.7000000e+01
   1.7779190e+06   2.9000000e+01
   1.7785480e+06   2.9000000e+01
   1.8106810e+06   2.6000000e+01
   1.8204370e+06   3.2000000e+01
   1.8207300e+06   3.2000000e+01
   1.8210590e+06   3.4000000e+01
   1.8452790e+06   3.4000000e+01
   1.8471300e+06   2.8000000e+01
   1.8556450e+06   2.7000000e+01
   1.8557760e+06   3.2000000e+01
   1.8910660e+06   3.3000000e+01
   1.8933680e+06   4.0000000e+01
   1.9059640e+06   5.2000000e+01
   1.9060820e+06   2.6000000e+01
   1.9071940e+06   2.6000000e+01
   1.9073450e+06   2.9000000e+01
   1.9076690e+06   2.7000000e+01
   1.9078040e+06   2.7000000e+01
   1.9089810e+06   2.7000000e+01
   1.9091360e+06   3.2000000e+01
   1.9092160e+06   2.6000000e+01
   1.9093410e+06   2.6000000e+01
   1.9099220e+06   4.9000000e+01
   1.9099560e+06   3.1000000e+01
   1.9100630e+06   2.7000000e+01
   1.9101450e+06   3.6000000e+01
   1.9103750e+06   3.6000000e+01
   1.9104310e+06   2.7000000e+01
   1.9104920e+06   2.8000000e+01
   1.9106930e+06   2.7000000e+01
   1.9107720e+06   3.9000000e+01
   1.9108530e+06   2.9000000e+01
   1.9108840e+06   4.1000000e+01
   1.9109650e+06   3.1000000e+01
   1.9110800e+06   2.8000000e+01
   1.9111200e+06   4.2000000e+01
   1.9111630e+06   2.7000000e+01
   1.9112110e+06   4.4000000e+01
   1.9112530e+06   3.0000000e+01
   1.9112900e+06   3.1000000e+01
   1.9113330e+06   3.1000000e+01
   1.9113910e+06   2.9000000e+01
   1.9114490e+06   4.1000000e+01
   1.9115080e+06   4.1000000e+01
   1.9115550e+06   3.5000000e+01
   1.9117500e+06   4.4000000e+01
   1.9118140e+06   4.0000000e+01
   1.9118580e+06   3.0000000e+01
   1.9119040e+06   2.6000000e+01
   1.9119750e+06   2.7000000e+01
   1.9120080e+06   4.9000000e+01
   1.9120390e+06   3.3000000e+01
   1.9121110e+06   4.0000000e+01
   1.9122000e+06   3.8000000e+01
   1.9122680e+06   5.0000000e+01
   1.9123220e+06   6.4000000e+01
   1.9123730e+06   6.3000000e+01
   1.9124120e+06   3.2000000e+01
   1.9124440e+06   3.4000000e+01
   1.9124810e+06   3.3000000e+01
   1.9125080e+06   3.0000000e+01
   1.9125560e+06   3.4000000e+01
   1.9126240e+06   2.7000000e+01
   1.9127940e+06   4.0000000e+01
   1.9128420e+06   5.0000000e+01
   1.9129330e+06   3.0000000e+01
   1.9130460e+06   2.9000000e+01
   1.9130830e+06   3.7000000e+01
   1.9131320e+06   3.7000000e+01
   1.9131670e+06   3.4000000e+01
   1.9132340e+06   2.8000000e+01
   1.9132950e+06   4.0000000e+01
   1.9133660e+06   2.7000000e+01
   1.9134290e+06   5.0000000e+01
   1.9134570e+06   2.7000000e+01
   1.9136510e+06   2.6000000e+01
   1.9136880e+06   3.9000000e+01
   1.9137240e+06   3.9000000e+01
   1.9139860e+06   4.4000000e+01
   1.9140340e+06   2.6000000e+01
   1.9140710e+06   3.8000000e+01
   1.9141370e+06   3.0000000e+01
   1.9142380e+06   3.2000000e+01
   1.9143940e+06   3.3000000e+01
   1.9144310e+06   3.1000000e+01
   1.9144680e+06   5.3000000e+01
   1.9145170e+06   5.3000000e+01
   1.9146870e+06   5.2000000e+01
   1.9147120e+06   4.2000000e+01
   1.9147930e+06   2.8000000e+01
   1.9148490e+06   2.6000000e+01
   1.9148970e+06   2.9000000e+01
   1.9149820e+06   2.6000000e+01
   1.9150850e+06   2.9000000e+01
   1.9151270e+06   3.2000000e+01
   1.9152530e+06   3.4000000e+01
   1.9152780e+06   3.2000000e+01
   1.9154140e+06   2.7000000e+01
   1.9155310e+06   2.8000000e+01
   1.9156770e+06   2.8000000e+01
   1.9157060e+06   3.6000000e+01
   1.9157350e+06   4.5000000e+01
   1.9158010e+06   2.8000000e+01
   1.9160780e+06   3.1000000e+01
   1.9161260e+06   2.7000000e+01
   1.9161640e+06   2.6000000e+01
   1.9162100e+06   2.7000000e+01
   1.9162570e+06   2.9000000e+01
   1.9164050e+06   3.2000000e+01
   1.9164540e+06   3.6000000e+01
   1.9165060e+06   2.9000000e+01
   1.9165420e+06   2.6000000e+01
   1.9165920e+06   2.6000000e+01
   1.9168610e+06   3.1000000e+01
   1.9171900e+06   2.8000000e+01
   1.9172660e+06   2.7000000e+01
   1.9173190e+06   2.6000000e+01
   1.9174000e+06   3.1000000e+01
   1.9175390e+06   3.3000000e+01
   1.9176510e+06   2.9000000e+01
   1.9178350e+06   2.6000000e+01
   1.9178710e+06   3.5000000e+01
   1.9179480e+06   2.7000000e+01
   1.9180040e+06   2.8000000e+01
   1.9182350e+06   2.6000000e+01
   1.9183120e+06   3.3000000e+01
   1.9183370e+06   2.7000000e+01
   1.9183830e+06   3.1000000e+01
   1.9184830e+06   2.9000000e+01
   1.9186660e+06   2.6000000e+01
   1.9188160e+06   2.6000000e+01
   1.9191080e+06   2.7000000e+01
   1.9191470e+06   2.7000000e+01
   1.9192390e+06   3.2000000e+01
   1.9195300e+06   3.1000000e+01
   1.9195980e+06   2.7000000e+01
   1.9202870e+06   3.7000000e+01
   1.9207260e+06   2.6000000e+01
   1.9208060e+06   2.6000000e+01
   1.9212210e+06   2.9000000e+01
   1.9212630e+06   2.6000000e+01
   1.9217670e+06   2.9000000e+01
   1.9217930e+06   2.8000000e+01
   1.9218400e+06   2.8000000e+01
   1.9222550e+06   2.9000000e+01
   1.9223940e+06   2.9000000e+01
   1.9225240e+06   2.6000000e+01
   1.9231370e+06   2.6000000e+01
   1.9237120e+06   3.4000000e+01
   1.9245090e+06   3.1000000e+01
   1.9248370e+06   2.9000000e+01
   1.9263000e+06   2.6000000e+01
   1.9267550e+06   2.9000000e+01
   1.9268490e+06   2.7000000e+01
   1.9274420e+06   2.8000000e+01
   1.9276280e+06   2.7000000e+01
   1.9283730e+06   2.9000000e+01
   1.9284110e+06   2.8000000e+01
   1.9291310e+06   3.7000000e+01
   1.9291740e+06   2.6000000e+01
   1.9306710e+06   2.7000000e+01
   1.9310950e+06   3.3000000e+01
   1.9320020e+06   2.7000000e+01
   1.9320410e+06   2.6000000e+01
   1.9336610e+06   3.4000000e+01
   1.9355510e+06   3.6000000e+01
   1.9414010e+06   2.6000000e+01
   1.9455420e+06   3.2000000e+01
   1.9456550e+06   3.0000000e+01
   1.9482380e+06   3.4000000e+01
   1.9508440e+06   2.7000000e+01
   1.9532500e+06   3.3000000e+01
   1.9569950e+06   2.8000000e+01
   1.9570760e+06   2.6000000e+01
   1.9622980e+06   2.6000000e+01
   1.9829020e+06   2.6000000e+01
   1.9880520e+06   3.2000000e+01
   1.9880860e+06   2.8000000e+01
   1.9901640e+06   2.9000000e+01
   1.9922600e+06   3.6000000e+01
   1.9922990e+06   2.8000000e+01
   2.0436380e+06   3.3000000e+01
   2.0568650e+06   2.8000000e+01
   2.0614070e+06   2.7000000e+01
   2.0924590e+06   2.6000000e+01
   2.1230640e+06   3.2000000e+01
   2.1231970e+06   2.8000000e+01
   2.1234820e+06   2.6000000e+01
   2.1235970e+06   3.1000000e+01
   2.1237090e+06   4.2000000e+01
   2.1237540e+06   2.7000000e+01
   2.1240470e+06   2.6000000e+01
   2.1241420e+06   3.5000000e+01
   2.1242780e+06   3.1000000e+01
   2.1244340e+06   2.8000000e+01
   2.1244600e+06   5.0000000e+01
   2.1246650e+06   3.2000000e+01
   2.1248840e+06   3.0000000e+01
   2.1249450e+06   2.6000000e+01
   2.1250110e+06   5.5000000e+01
   2.1250460e+06   2.8000000e+01
   2.1250960e+06   2.8000000e+01
   2.1254760e+06   2.8000000e+01
   2.1255490e+06   3.6000000e+01
   2.1255980e+06   2.8000000e+01
   2.1256360e+06   3.2000000e+01
   2.1262000e+06   3.8000000e+01
   2.1263300e+06   2.6000000e+01
   2.1263810e+06   3.1000000e+01
   2.1268270e+06   2.9000000e+01
   2.1270850e+06   3.5000000e+01
   2.1273010e+06   2.6000000e+01
   2.1277320e+06   4.0000000e+01
   2.1289870e+06   2.6000000e+01
   2.1290840e+06   2.6000000e+01
   2.1442230e+06   3.1000000e+01
   2.1498760e+06   2.9000000e+01
   2.1530340e+06   2.7000000e+01
   2.1654570e+06   2.8000000e+01
   2.1663390e+06   3.2000000e+01
   2.1666280e+06   2.7000000e+01
   2.1689260e+06   2.6000000e+01
   2.1695490e+06   2.8000000e+01
   2.1696920e+06   4.3000000e+01
   2.1697730e+06   3.4000000e+01
   2.1727790e+06   3.8000000e+01
   2.1729380e+06   2.6000000e+01
   2.1739230e+06   3.1000000e+01
   2.1740470e+06   2.7000000e+01
   2.1748480e+06   3.0000000e+01
   2.1755040e+06   2.6000000e+01
   2.1762140e+06   2.7000000e+01
   2.1770300e+06   2.9000000e+01
   2.1781450e+06   2.7000000e+01
   2.1865260e+06   2.6000000e+01
   2.2408640e+06   3.1000000e+01
   2.2412610e+06   2.9000000e+01
   2.2421600e+06   2.9000000e+01
   2.2439170e+06   2.8000000e+01
   2.2447360e+06   3.7000000e+01
   2.2463430e+06   2.7000000e+01
   2.2481660e+06   3.2000000e+01
   2.2515930e+06   2.8000000e+01
   2.2761240e+06   2.6000000e+01
   2.3204300e+06   2.6000000e+01
   2.3389130e+06   3.1000000e+01
   2.3466730e+06   3.0000000e+01
   2.3467950e+06   2.7000000e+01
   2.3475150e+06   3.6000000e+01
   2.3476840e+06   2.7000000e+01
   2.3481190e+06   3.4000000e+01
   2.3484650e+06   2.6000000e+01
   2.3486390e+06   2.7000000e+01
   2.3494640e+06   2.9000000e+01
   2.3503360e+06   2.8000000e+01
   2.3503670e+06   2.6000000e+01
   2.4049070e+06   2.7000000e+01
   2.4066630e+06   2.8000000e+01
   2.4099040e+06   2.6000000e+01
   2.4745680e+06   3.2000000e+01
   2.4746260e+06   2.9000000e+01
   2.4746850e+06   2.8000000e+01
   2.4753250e+06   3.8000000e+01
   2.4754090e+06   2.6000000e+01
   2.4754890e+06   2.6000000e+01
   2.4755170e+06   2.6000000e+01
   2.4757120e+06   3.7000000e+01
   2.4757750e+06   3.7000000e+01
   2.4758120e+06   3.2000000e+01
   2.4815060e+06   2.6000000e+01
   2.5306610e+06   2.7000000e+01
   2.5396470e+06   2.7000000e+01
   2.5399350e+06   2.6000000e+01
   2.5405610e+06   2.6000000e+01
   2.5408390e+06   2.8000000e+01
   2.5410310e+06   2.7000000e+01
   2.5410560e+06   3.0000000e+01
   2.5427850e+06   2.9000000e+01
   2.5435550e+06   3.9000000e+01
   2.5446990e+06   3.5000000e+01
   2.5457940e+06   3.5000000e+01
   2.5465030e+06   2.7000000e+01
   2.5468120e+06   2.9000000e+01
   2.5519480e+06   2.6000000e+01
   2.5800200e+06   2.6000000e+01
   2.5801500e+06   3.2000000e+01
   2.6072900e+06   3.5000000e+01
   2.6160250e+06   2.7000000e+01
   2.6208150e+06   2.8000000e+01
   2.6500490e+06   2.6000000e+01
   2.6863870e+06   2.6000000e+01
   2.6865740e+06   3.5000000e+01
   2.6867440e+06   3.1000000e+01
   2.6882800e+06   2.6000000e+01
   2.6892490e+06   3.1000000e+01
   2.6894910e+06   2.7000000e+01
   2.6900990e+06   2.9000000e+01
   2.6906690e+06   2.6000000e+01
   2.6936570e+06   2.6000000e+01
   2.6964190e+06   3.1000000e+01
   2.6991320e+06   3.2000000e+01
   2.7101340e+06   2.8000000e+01
   2.7120630e+06   3.3000000e+01
   2.7121650e+06   2.9000000e+01
   2.7125050e+06   4.1000000e+01
   2.7133850e+06   2.6000000e+01
   2.7135510e+06   2.6000000e+01
   2.7139820e+06   2.9000000e+01
   2.7144470e+06   3.6000000e+01
   2.7146970e+06   2.9000000e+01
   2.7152950e+06   2.7000000e+01
   2.7269780e+06   4.0000000e+01
   2.7615270e+06   3.5000000e+01
   2.7615650e+06   2.6000000e+01
   2.7616140e+06   3.9000000e+01
   2.7616600e+06   3.0000000e+01
   2.7649570e+06   3.0000000e+01
   2.7873280e+06   3.5000000e+01
   2.7905480e+06   2.6000000e+01
   2.7925860e+06   2.7000000e+01
   2.8057080e+06   2.6000000e+01
   2.8413390e+06   2.6000000e+01
   2.8551190e+06   2.8000000e+01
   2.8553780e+06   3.2000000e+01
   2.8565920e+06   2.7000000e+01
   2.8697260e+06   2.7000000e+01
   2.8921890e+06   2.6000000e+01
   2.9211580e+06   2.6000000e+01
   2.9333930e+06   2.6000000e+01
   2.9377100e+06   3.2000000e+01
   2.9377540e+06   2.9000000e+01
   2.9410520e+06   3.0000000e+01
   2.9420960e+06   2.8000000e+01
   2.9425210e+06   2.6000000e+01
   2.9432270e+06   2.6000000e+01
   2.9449120e+06   2.8000000e+01
   2.9456640e+06   2.8000000e+01
   2.9457130e+06   2.6000000e+01
   2.9457410e+06   2.8000000e+01
   2.9457920e+06   3.7000000e+01
   2.9458210e+06   2.9000000e+01
   2.9478240e+06   3.5000000e+01
   2.9498670e+06   3.7000000e+01
   2.9791220e+06   2.7000000e+01
   2.9791480e+06   3.0000000e+01
   2.9792050e+06   3.5000000e+01
   2.9798670e+06   2.9000000e+01
   2.9799190e+06   2.6000000e+01
   2.9805120e+06   4.5000000e+01
   2.9808100e+06   2.6000000e+01
   2.9809400e+06   3.0000000e+01
   2.9810110e+06   3.1000000e+01
   2.9810400e+06   2.6000000e+01
   2.9811410e+06   2.9000000e+01
   2.9813370e+06   4.4000000e+01
   2.9816900e+06   2.7000000e+01
   2.9819660e+06   3.8000000e+01
   2.9821720e+06   3.1000000e+01
   2.9822590e+06   2.6000000e+01
   2.9826980e+06   4.2000000e+01
   2.9827640e+06   3.4000000e+01
   2.9832610e+06   2.9000000e+01
   2.9844080e+06   2.6000000e+01
   2.9857210e+06   2.8000000e+01
   2.9969180e+06   3.5000000e+01
   3.0119660e+06   3.1000000e+01
   3.0218040e+06   3.0000000e+01
   3.0293140e+06   2.6000000e+01
   3.0343840e+06   2.6000000e+01
   3.0349430e+06   3.6000000e+01
   3.0354250e+06   2.9000000e+01
   3.0356230e+06   3.7000000e+01
   3.0357620e+06   2.6000000e+01
   3.0363640e+06   2.7000000e+01
   3.0370190e+06   2.7000000e+01
   3.0390130e+06   3.0000000e+01
   3.0444640e+06   3.0000000e+01
   3.0453990e+06   2.8000000e+01
   3.0638460e+06   3.8000000e+01
   3.0771710e+06   2.6000000e+01
   3.0781390e+06   2.6000000e+01
   3.0786660e+06   2.8000000e+01
   3.0787670e+06   2.8000000e+01
   3.0796690e+06   3.3000000e+01
   3.0797080e+06   2.6000000e+01
   3.0797690e+06   4.4000000e+01
   3.0797990e+06   3.0000000e+01
   3.0802340e+06   3.2000000e+01
   3.0803240e+06   3.2000000e+01
   3.0809720e+06   2.7000000e+01
   3.0810050e+06   2.9000000e+01
   3.0814740e+06   2.6000000e+01
   3.0817860e+06   2.6000000e+01
   3.0818340e+06   2.7000000e+01
   3.0819150e+06   2.6000000e+01
   3.0823450e+06   3.3000000e+01
   3.0823960e+06   2.6000000e+01
   3.0826060e+06   3.9000000e+01
   3.0826350e+06   3.6000000e+01
   3.0826870e+06   3.1000000e+01
   3.0827970e+06   2.6000000e+01
   3.0828840e+06   2.8000000e+01
   3.0829500e+06   2.6000000e+01
   3.0829940e+06   3.4000000e+01
   3.0830190e+06   3.2000000e+01
   3.0830580e+06   4.1000000e+01
   3.0831030e+06   2.7000000e+01
   3.0832680e+06   3.7000000e+01
   3.0836520e+06   3.1000000e+01
   3.0836830e+06   2.8000000e+01
   3.0837430e+06   4.3000000e+01
   3.0839300e+06   3.7000000e+01
   3.0840420e+06   2.7000000e+01
   3.0841250e+06   2.6000000e+01
   3.0842620e+06   4.1000000e+01
   3.0843130e+06   2.6000000e+01
   3.0843760e+06   3.0000000e+01
   3.0844100e+06   2.9000000e+01
   3.0844780e+06   3.5000000e+01
   3.0845070e+06   2.7000000e+01
   3.0845810e+06   2.6000000e+01
   3.0846060e+06   3.3000000e+01
   3.0847850e+06   3.0000000e+01
   3.0848110e+06   3.8000000e+01
   3.0848870e+06   2.9000000e+01
   3.0851110e+06   2.9000000e+01
   3.0851700e+06   2.7000000e+01
   3.0854220e+06   3.1000000e+01
   3.0859510e+06   3.5000000e+01
   3.0859860e+06   2.9000000e+01
   3.0860110e+06   2.8000000e+01
   3.0870330e+06   2.6000000e+01
   3.0886380e+06   5.6000000e+01
   3.0894050e+06   2.7000000e+01
   3.0902840e+06   2.6000000e+01
   3.0904630e+06   3.2000000e+01
   3.0929440e+06   2.9000000e+01
   3.0970840e+06   3.0000000e+01
   3.0995330e+06   3.3000000e+01
   3.1017050e+06   2.9000000e+01
   3.1116900e+06   3.5000000e+01
   3.1260580e+06   2.9000000e+01
   3.1274220e+06   2.9000000e+01
   3.1281160e+06   3.5000000e+01
   3.1300950e+06   3.1000000e+01
   3.1301380e+06   3.5000000e+01
   3.1301630e+06   3.3000000e+01
   3.1304770e+06   3.1000000e+01
   3.1305390e+06   2.6000000e+01
   3.1306980e+06   3.0000000e+01
   3.1307260e+06   2.7000000e+01
   3.1309300e+06   2.6000000e+01
   3.1312020e+06   3.6000000e+01
   3.1315750e+06   2.9000000e+01
   3.1316350e+06   3.2000000e+01
   3.1320730e+06   3.6000000e+01
   3.1341580e+06   3.1000000e+01
   3.1344190e+06   3.1000000e+01
   3.1353470e+06   2.9000000e+01
   3.1354610e+06   2.9000000e+01
   3.1364950e+06   3.2000000e+01
   3.1365600e+06   2.7000000e+01
   3.1365910e+06   2.7000000e+01
   3.1372100e+06   3.0000000e+01
   3.1373470e+06   2.7000000e+01
   3.1380370e+06   3.3000000e+01
   3.1381240e+06   2.6000000e+01
   3.1381720e+06   3.3000000e+01
   3.1393230e+06   2.8000000e+01
   3.1394980e+06   2.6000000e+01
   3.1402770e+06   3.7000000e+01
   3.1403920e+06   2.6000000e+01
   3.1423330e+06   2.6000000e+01
   3.1426260e+06   3.2000000e+01
   3.1426840e+06   3.3000000e+01
   3.1445410e+06   2.6000000e+01
   3.1448160e+06   2.8000000e+01
   3.1449460e+06   2.6000000e+01
   3.1879480e+06   2.6000000e+01
   3.2109450e+06   3.6000000e+01
   3.2153510e+06   2.8000000e+01
   3.2183230e+06   3.0000000e+01
   3.2294040e+06   4.1000000e+01
   3.2398080e+06   2.6000000e+01
   3.2966130e+06   3.2000000e+01
   3.3022640e+06   2.6000000e+01
   3.3049090e+06   2.6000000e+01
   3.3051020e+06   2.6000000e+01
   3.3052740e+06   3.2000000e+01
   3.3056130e+06   3.1000000e+01
   3.3058140e+06   2.8000000e+01
   3.3058960e+06   3.8000000e+01
   3.3066570e+06   3.3000000e+01
   3.3071180e+06   2.7000000e+01
   3.3075850e+06   2.8000000e+01
   3.3079820e+06   2.6000000e+01
   3.3080130e+06   3.4000000e+01
   3.3081270e+06   2.7000000e+01
   3.3104000e+06   2.9000000e+01
   3.3205930e+06   3.2000000e+01
   3.3634120e+06   3.4000000e+01
   3.3636470e+06   2.6000000e+01
   3.3856780e+06   3.0000000e+01
   3.4108630e+06   3.1000000e+01
   3.4241060e+06   3.7000000e+01
   3.4245550e+06   2.7000000e+01
   3.4251220e+06   3.1000000e+01
   3.4259840e+06   2.9000000e+01
   3.4262240e+06   3.0000000e+01
   3.4263040e+06   2.9000000e+01
   3.4272220e+06   3.0000000e+01
   3.4273820e+06   2.7000000e+01
   3.4275240e+06   3.1000000e+01
   3.4276620e+06   2.7000000e+01
   3.4281160e+06   2.6000000e+01
   3.4282940e+06   3.0000000e+01
   3.4283570e+06   2.6000000e+01
   3.4283950e+06   2.6000000e+01
   3.4284300e+06   3.4000000e+01
   3.4288470e+06   2.7000000e+01
   3.4289730e+06   3.1000000e+01
   3.4292950e+06   2.8000000e+01
   3.4298490e+06   2.9000000e+01
   3.4323240e+06   2.7000000e+01
   3.4411750e+06   3.1000000e+01
   3.4456220e+06   3.5000000e+01
   3.4489350e+06   3.0000000e+01
   3.4504350e+06   2.7000000e+01
   3.4533220e+06   3.3000000e+01
   3.4533750e+06   3.0000000e+01
   3.4538480e+06   2.8000000e+01
   3.4540610e+06   3.0000000e+01
   3.4551550e+06   2.8000000e+01
   3.4553910e+06   2.9000000e+01
   3.4560210e+06   2.8000000e+01
   3.4560600e+06   3.1000000e+01
   3.4669970e+06   3.7000000e+01
   3.4815070e+06   3.4000000e+01
   3.5243490e+06   3.8000000e+01
   3.5312610e+06   3.2000000e+01
   3.5322360e+06   3.2000000e+01
   3.5337540e+06   3.2000000e+01
   3.5343770e+06   3.1000000e+01
   3.5344440e+06   2.7000000e+01
   3.5354950e+06   3.0000000e+01
   3.5355260e+06   2.9000000e+01
   3.5358170e+06   2.8000000e+01
   3.5367690e+06   3.0000000e+01
   3.5377730e+06   3.2000000e+01
   3.5387140e+06   4.3000000e+01
   3.5391800e+06   3.1000000e+01
   3.5402120e+06   3.3000000e+01
   3.5403600e+06   3.1000000e+01
   3.5421240e+06   3.4000000e+01
   3.5592160e+06   3.4000000e+01
   3.5631620e+06   2.6000000e+01
   3.5682250e+06   3.4000000e+01
   3.5690170e+06   3.0000000e+01
   3.5690530e+06   2.8000000e+01
   3.5705290e+06   3.7000000e+01
   3.5707000e+06   3.3000000e+01
   3.5714770e+06   3.0000000e+01
   3.5715030e+06   2.9000000e+01
   3.5715470e+06   3.3000000e+01
   3.5719370e+06   3.2000000e+01
   3.5721600e+06   3.0000000e+01
   3.5722300e+06   3.2000000e+01
   3.5722690e+06   2.7000000e+01
   3.5723300e+06   4.3000000e+01
   3.5723630e+06   4.0000000e+01
   3.5724890e+06   3.4000000e+01
   3.5725310e+06   3.9000000e+01
   3.5725930e+06   2.7000000e+01
   3.5726550e+06   3.0000000e+01
   3.5726940e+06   2.7000000e+01
   3.5727810e+06   3.0000000e+01
   3.5728450e+06   2.9000000e+01
   3.5728970e+06   3.5000000e+01
   3.5730080e+06   3.6000000e+01
   3.5730760e+06   2.9000000e+01
   3.5731300e+06   3.6000000e+01
   3.5731760e+06   4.0000000e+01
   3.5732060e+06   3.4000000e+01
   3.5732440e+06   3.0000000e+01
   3.5732800e+06   4.2000000e+01
   3.5733260e+06   3.3000000e+01
   3.5733680e+06   3.4000000e+01
   3.5734830e+06   2.6000000e+01
   3.5735210e+06   2.6000000e+01
   3.5735800e+06   3.6000000e+01
   3.5736210e+06   3.2000000e+01
   3.5736760e+06   2.6000000e+01
   3.5737410e+06   2.6000000e+01
   3.5738570e+06   2.9000000e+01
   3.5738880e+06   2.7000000e+01
   3.5739320e+06   2.9000000e+01
   3.5740610e+06   2.7000000e+01
   3.5741200e+06   4.2000000e+01
   3.5742530e+06   3.7000000e+01
   3.5742780e+06   2.9000000e+01
   3.5743530e+06   3.9000000e+01
   3.5743970e+06   3.7000000e+01
   3.5744240e+06   3.9000000e+01
   3.5745010e+06   3.4000000e+01
   3.5745310e+06   3.7000000e+01
   3.5745890e+06   2.6000000e+01
   3.5747520e+06   3.0000000e+01
   3.5747880e+06   3.4000000e+01
   3.5748660e+06   2.9000000e+01
   3.5749050e+06   5.1000000e+01
   3.5749570e+06   2.6000000e+01
   3.5749840e+06   2.7000000e+01
   3.5751430e+06   4.1000000e+01
   3.5751730e+06   3.0000000e+01
   3.5752710e+06   2.7000000e+01
   3.5753040e+06   2.7000000e+01
   3.5753870e+06   3.0000000e+01
   3.5754280e+06   2.6000000e+01
   3.5755220e+06   2.8000000e+01
   3.5756200e+06   3.2000000e+01
   3.5756650e+06   2.6000000e+01
   3.5757200e+06   4.8000000e+01
   3.5758010e+06   3.1000000e+01
   3.5759220e+06   3.3000000e+01
   3.5760080e+06   2.6000000e+01
   3.5760530e+06   2.9000000e+01
   3.5760800e+06   2.7000000e+01
   3.5761410e+06   4.2000000e+01
   3.5761720e+06   5.3000000e+01
   3.5765190e+06   2.7000000e+01
   3.5765570e+06   4.4000000e+01
   3.5769690e+06   2.8000000e+01
   3.5770120e+06   3.2000000e+01
   3.5770610e+06   2.8000000e+01
   3.5771840e+06   2.9000000e+01
   3.5772980e+06   2.6000000e+01
   3.5774230e+06   3.9000000e+01
   3.5774920e+06   3.0000000e+01
   3.5777620e+06   2.7000000e+01
   3.5777950e+06   3.0000000e+01
   3.5780910e+06   4.3000000e+01
   3.5781350e+06   2.7000000e+01
   3.5781760e+06   2.8000000e+01
   3.5782170e+06   2.6000000e+01
   3.5782420e+06   3.0000000e+01
   3.5784610e+06   3.1000000e+01
   3.5785930e+06   2.9000000e+01
   3.5789260e+06   2.8000000e+01
   3.5789510e+06   3.1000000e+01
   3.5790570e+06   4.1000000e+01
   3.5793660e+06   2.7000000e+01
   3.5794160e+06   2.7000000e+01
   3.5795860e+06   4.0000000e+01
   3.5796970e+06   2.9000000e+01
   3.5798040e+06   3.9000000e+01
   3.5815640e+06   2.6000000e+01
   3.5816190e+06   3.8000000e+01
   3.5821140e+06   4.7000000e+01
   3.5825590e+06   3.3000000e+01
   3.5838830e+06   4.2000000e+01
   3.5858270e+06   3.0000000e+01
   3.5858840e+06   2.8000000e+01
   3.5888180e+06   3.5000000e+01
   3.5891350e+06   3.2000000e+01
   3.5893290e+06   2.6000000e+01
   3.5894820e+06   2.6000000e+01
   3.5900840e+06   2.6000000e+01
   3.5906680e+06   2.6000000e+01
   3.5919840e+06   2.8000000e+01
   3.5932540e+06   3.1000000e+01
   3.5933460e+06   2.7000000e+01
   3.5959190e+06   3.4000000e+01
   3.5959670e+06   2.8000000e+01
   3.6002300e+06   3.0000000e+01
   3.6025300e+06   3.5000000e+01
   3.6032250e+06   3.2000000e+01
   3.6050650e+06   2.7000000e+01
   3.6064410e+06   3.9000000e+01
   3.6076080e+06   3.4000000e+01
   3.6076550e+06   2.6000000e+01
   3.6077680e+06   2.6000000e+01
   3.6080630e+06   3.0000000e+01
   3.6085600e+06   2.6000000e+01
   3.6099420e+06   2.8000000e+01
   3.6125030e+06   3.0000000e+01
   3.6125680e+06   4.5000000e+01
   3.6136760e+06   3.1000000e+01
   3.6164580e+06   2.9000000e+01
   3.6176190e+06   3.6000000e+01
   3.6204810e+06   2.8000000e+01
   3.6242840e+06   3.7000000e+01
   3.6244350e+06   2.6000000e+01
   3.6264080e+06   2.7000000e+01
   3.6285010e+06   2.8000000e+01
   3.6316150e+06   2.7000000e+01
   3.6331750e+06   2.7000000e+01
   3.6333180e+06   2.8000000e+01
   3.6350310e+06   2.8000000e+01
   3.6373730e+06   2.8000000e+01
   3.7395050e+06   2.7000000e+01
   3.7539630e+06   2.7000000e+01
   3.7695010e+06   2.6000000e+01
   3.8257050e+06   2.7000000e+01
   3.8304070e+06   2.6000000e+01
   3.9065100e+06   3.4000000e+01
   3.9435400e+06   3.1000000e+01
   3.9445430e+06   2.8000000e+01
   4.0393450e+06   4.1000000e+01
   4.1024650e+06   3.3000000e+01
   4.1025400e+06   2.8000000e+01
   4.1032750e+06   3.1000000e+01
   4.1034890e+06   2.6000000e+01
   4.1036050e+06   4.4000000e+01
   4.1036360e+06   2.7000000e+01
   4.1039080e+06   3.0000000e+01
   4.1040050e+06   2.7000000e+01
   4.1043510e+06   3.2000000e+01
   4.1043790e+06   6.0000000e+01
   4.1044530e+06   2.7000000e+01
   4.1046230e+06   2.7000000e+01
   4.1047910e+06   2.8000000e+01
   4.1048510e+06   2.7000000e+01
   4.1049380e+06   4.2000000e+01
   4.1050550e+06   2.6000000e+01
   4.1051350e+06   3.5000000e+01
   4.1053680e+06   3.0000000e+01
   4.1055160e+06   4.1000000e+01
   4.1055730e+06   2.8000000e+01
   4.1056380e+06   4.2000000e+01
   4.1056790e+06   2.9000000e+01
   4.1057190e+06   2.7000000e+01
   4.1057500e+06   4.9000000e+01
   4.1058850e+06   3.0000000e+01
   4.1060320e+06   3.6000000e+01
   4.1061330e+06   3.0000000e+01
   4.1063370e+06   2.6000000e+01
   4.1065600e+06   2.8000000e+01
   4.1067420e+06   2.7000000e+01
   4.1069770e+06   2.9000000e+01
   4.1081860e+06   3.3000000e+01
   4.1084670e+06   3.9000000e+01
   4.1445130e+06   3.5000000e+01
   4.1477400e+06   3.4000000e+01
   4.1479470e+06   2.6000000e+01
   4.1553090e+06   3.3000000e+01
   4.1554670e+06   2.6000000e+01
   4.1697370e+06   3.3000000e+01
   4.1833920e+06   2.9000000e+01
   4.1844110e+06   3.2000000e+01
   4.1844940e+06   2.9000000e+01
   4.1845460e+06   4.6000000e+01
   4.1847840e+06   3.1000000e+01
   4.1853670e+06   2.9000000e+01
   4.1862410e+06   2.9000000e+01
   4.1903610e+06   3.5000000e+01
   4.1986470e+06   3.1000000e+01
   4.2154870e+06   3.3000000e+01
   4.2256460e+06   2.7000000e+01
   4.2256950e+06   2.9000000e+01
   4.2258010e+06   2.6000000e+01
   4.2258900e+06   2.6000000e+01
   4.2260250e+06   2.8000000e+01
   4.2262850e+06   2.9000000e+01
   4.2266500e+06   2.7000000e+01
   4.2269290e+06   2.7000000e+01
   4.2271070e+06   3.0000000e+01
   4.2280510e+06   3.8000000e+01
   4.2289800e+06   4.0000000e+01
   4.2291460e+06   2.6000000e+01
   4.2294090e+06   3.0000000e+01
   4.2295160e+06   2.8000000e+01
   4.2295450e+06   3.2000000e+01
   4.2296130e+06   3.1000000e+01
   4.2300910e+06   3.6000000e+01
   4.2302600e+06   2.7000000e+01
   4.2307960e+06   2.8000000e+01
   4.2309320e+06   3.4000000e+01
   4.2315420e+06   2.8000000e+01
   4.2320160e+06   3.4000000e+01
   4.2341110e+06   2.7000000e+01
   4.2396490e+06   2.7000000e+01
   4.2678630e+06   2.6000000e+01
   4.2745430e+06   2.9000000e+01
   4.2775330e+06   3.0000000e+01
   4.2779390e+06   3.2000000e+01
   4.2787320e+06   2.6000000e+01
   4.2803380e+06   3.5000000e+01
   4.3059730e+06   2.9000000e+01
   4.3065080e+06   2.6000000e+01
   4.3086730e+06   2.6000000e+01
   4.3110510e+06   2.6000000e+01
   4.3115520e+06   2.6000000e+01
   4.3210850e+06   3.2000000e+01
   4.3395840e+06   3.7000000e+01
   4.3415770e+06   3.8000000e+01
   4.3517010e+06   3.7000000e+01
   4.3535090e+06   3.2000000e+01
   4.3537150e+06   3.5000000e+01
   4.3542360e+06   2.8000000e+01
   4.3543500e+06   2.6000000e+01
   4.3548430e+06   3.1000000e+01
   4.3550440e+06   2.8000000e+01
   4.3557900e+06   3.5000000e+01
   4.3559910e+06   3.0000000e+01
   4.3561630e+06   2.9000000e+01
   4.3562270e+06   3.2000000e+01
   4.3562940e+06   2.9000000e+01
   4.3565370e+06   2.6000000e+01
   4.3575030e+06   3.8000000e+01
   4.3576170e+06   2.9000000e+01
   4.3576620e+06   2.7000000e+01
   4.3578530e+06   2.6000000e+01
   4.3579670e+06   3.4000000e+01
   4.3579960e+06   3.1000000e+01
   4.3582730e+06   2.6000000e+01
   4.3583840e+06   2.6000000e+01
   4.3585660e+06   3.1000000e+01
   4.3586120e+06   2.7000000e+01
   4.3586580e+06   2.9000000e+01
   4.3587240e+06   2.8000000e+01
   4.3587800e+06   3.4000000e+01
   4.3589840e+06   3.4000000e+01
   4.3590120e+06   2.7000000e+01
   4.3591600e+06   2.6000000e+01
   4.3596310e+06   2.6000000e+01
   4.3596760e+06   3.4000000e+01
   4.3597020e+06   2.7000000e+01
   4.3639290e+06   2.7000000e+01
   4.3657120e+06   2.9000000e+01
   4.3692890e+06   2.9000000e+01
   4.3725940e+06   2.8000000e+01
   4.3740590e+06   3.4000000e+01
   4.3905360e+06   3.1000000e+01
   4.4181070e+06   2.9000000e+01
   4.4228920e+06   2.8000000e+01
   4.4232430e+06   3.4000000e+01
   4.4233960e+06   3.9000000e+01
   4.4240950e+06   2.7000000e+01
   4.4246580e+06   2.7000000e+01
   4.4246860e+06   3.2000000e+01
   4.4252110e+06   2.9000000e+01
   4.4256260e+06   2.9000000e+01
   4.4258190e+06   3.0000000e+01
   4.4261090e+06   2.6000000e+01
   4.4269110e+06   3.7000000e+01
   4.4279110e+06   2.8000000e+01
   4.4339540e+06   2.7000000e+01
   4.4352120e+06   3.4000000e+01
   4.4395220e+06   2.7000000e+01
   4.4610140e+06   3.2000000e+01
   4.4674370e+06   3.0000000e+01
   4.4765610e+06   2.7000000e+01
   4.4791080e+06   2.8000000e+01
   4.4798540e+06   2.9000000e+01
   4.4857620e+06   2.6000000e+01
   4.5041920e+06   2.6000000e+01
   4.5049860e+06   3.2000000e+01
   4.5173500e+06   2.8000000e+01
   4.5370850e+06   2.8000000e+01
   4.5591630e+06   2.6000000e+01
   4.5599070e+06   3.1000000e+01
   4.5609240e+06   3.3000000e+01
   4.5632380e+06   2.7000000e+01
   4.5684930e+06   3.6000000e+01
   4.5758300e+06   2.6000000e+01
   4.5774320e+06   3.5000000e+01
   4.5779950e+06   3.4000000e+01
   4.5792200e+06   3.5000000e+01
   4.5796960e+06   2.8000000e+01
   4.5797520e+06   3.0000000e+01
   4.5801200e+06   2.7000000e+01
   4.5801490e+06   3.6000000e+01
   4.5803630e+06   3.5000000e+01
   4.5804120e+06   3.1000000e+01
   4.5807980e+06   2.8000000e+01
   4.5812800e+06   2.7000000e+01
   4.5818490e+06   3.2000000e+01
   4.5820000e+06   2.6000000e+01
   4.5833040e+06   2.8000000e+01
   4.5870660e+06   2.7000000e+01
   4.5955800e+06   3.1000000e+01
   4.6023230e+06   2.7000000e+01
   4.6097820e+06   2.6000000e+01
   4.6120540e+06   2.7000000e+01
   4.6347070e+06   2.6000000e+01
   4.6347690e+06   3.2000000e+01
   4.6690440e+06   2.8000000e+01
   4.6799940e+06   3.1000000e+01
   4.6842740e+06   3.0000000e+01
   4.6850420e+06   2.6000000e+01
   4.6898140e+06   3.0000000e+01
   4.7112640e+06   2.6000000e+01
   4.7154370e+06   3.1000000e+01
   4.7160160e+06   3.2000000e+01
   4.7170240e+06   3.3000000e+01
   4.7177280e+06   2.7000000e+01
   4.7182940e+06   3.6000000e+01
   4.7187370e+06   3.6000000e+01
   4.7196140e+06   2.6000000e+01
   4.7213690e+06   3.1000000e+01
   4.7263260e+06   2.6000000e+01
   4.7264290e+06   3.0000000e+01
   4.7386000e+06   3.4000000e+01
   4.7407470e+06   2.8000000e+01
   4.7407720e+06   3.3000000e+01
   4.7475750e+06   2.7000000e+01
   4.7558550e+06   3.1000000e+01
   4.7588730e+06   3.0000000e+01
   4.7671310e+06   3.0000000e+01
   4.7825560e+06   3.2000000e+01
   4.7829140e+06   2.7000000e+01
   4.7834280e+06   3.2000000e+01
   4.8090260e+06   2.7000000e+01
   4.8184770e+06   3.3000000e+01
   4.8195240e+06   2.8000000e+01
   4.8203960e+06   2.9000000e+01
   4.8205060e+06   2.6000000e+01
   4.8205870e+06   3.8000000e+01
   4.8208980e+06   2.7000000e+01
   4.8211650e+06   2.9000000e+01
   4.8216590e+06   2.8000000e+01
   4.8217610e+06   3.4000000e+01
   4.8258020e+06   2.6000000e+01
   4.8271680e+06   2.7000000e+01
   4.8296300e+06   3.6000000e+01
   4.8402320e+06   3.1000000e+01
   4.8409960e+06   2.6000000e+01
   4.8482300e+06   2.7000000e+01
   4.8489770e+06   3.6000000e+01
   4.8503740e+06   3.5000000e+01
   4.8517750e+06   2.7000000e+01
   4.8972760e+06   3.4000000e+01
   4.9002440e+06   3.2000000e+01
   4.9043200e+06   2.9000000e+01
   4.9144070e+06   2.6000000e+01
   4.9146300e+06   2.6000000e+01
   4.9420300e+06   3.2000000e+01
   4.9514550e+06   2.6000000e+01
   4.9529020e+06   2.8000000e+01
   4.9704500e+06   3.4000000e+01
   4.9708220e+06   2.6000000e+01
   4.9715610e+06   3.4000000e+01
   4.9726200e+06   2.6000000e+01
   4.9742880e+06   2.9000000e+01
   4.9979650e+06   3.2000000e+01
   5.0096590e+06   2.7000000e+01
   5.0114260e+06   3.0000000e+01
   5.0137130e+06   3.8000000e+01
   5.0144900e+06   3.4000000e+01
   5.0145550e+06   2.6000000e+01
   5.0148320e+06   3.2000000e+01
   5.0149160e+06   2.7000000e+01
   5.0150720e+06   3.8000000e+01
   5.0151290e+06   2.6000000e+01
   5.0154400e+06   2.9000000e+01
   5.0157130e+06   2.8000000e+01
   5.0158600e+06   2.9000000e+01
   5.0160000e+06   2.6000000e+01
   5.0160860e+06   3.7000000e+01
   5.0166770e+06   2.7000000e+01
   5.0168840e+06   3.2000000e+01
   5.0169150e+06   4.4000000e+01
   5.0170530e+06   2.7000000e+01
   5.0171720e+06   3.0000000e+01
   5.0172250e+06   4.5000000e+01
   5.0172580e+06   3.9000000e+01
   5.0173010e+06   4.6000000e+01
   5.0173280e+06   3.7000000e+01
   5.0174040e+06   3.2000000e+01
   5.0174590e+06   3.4000000e+01
   5.0175260e+06   3.0000000e+01
   5.0176020e+06   3.2000000e+01
   5.0176440e+06   3.4000000e+01
   5.0177840e+06   2.6000000e+01
   5.0178350e+06   2.6000000e+01
   5.0178940e+06   2.7000000e+01
   5.0179660e+06   3.2000000e+01
   5.0180680e+06   2.8000000e+01
   5.0181190e+06   2.7000000e+01
   5.0182200e+06   3.2000000e+01
   5.0182930e+06   2.8000000e+01
   5.0183660e+06   2.6000000e+01
   5.0184140e+06   3.1000000e+01
   5.0184660e+06   3.4000000e+01
   5.0185470e+06   3.0000000e+01
   5.0186010e+06   2.7000000e+01
   5.0186620e+06   3.5000000e+01
   5.0187850e+06   4.0000000e+01
   5.0189160e+06   3.2000000e+01
   5.0189500e+06   4.0000000e+01
   5.0191260e+06   3.4000000e+01
   5.0192150e+06   7.0000000e+01
   5.0193350e+06   2.6000000e+01
   5.0193830e+06   2.8000000e+01
   5.0194380e+06   3.0000000e+01
   5.0194720e+06   3.5000000e+01
   5.0195420e+06   3.0000000e+01
   5.0195850e+06   2.7000000e+01
   5.0196720e+06   2.9000000e+01
   5.0196990e+06   3.1000000e+01
   5.0197350e+06   3.7000000e+01
   5.0200480e+06   2.7000000e+01
   5.0201060e+06   4.5000000e+01
   5.0201520e+06   2.7000000e+01
   5.0202720e+06   3.3000000e+01
   5.0205400e+06   3.5000000e+01
   5.0206150e+06   2.8000000e+01
   5.0206470e+06   2.8000000e+01
   5.0207470e+06   2.8000000e+01
   5.0210930e+06   2.9000000e+01
   5.0211270e+06   3.2000000e+01
   5.0213440e+06   2.6000000e+01
   5.0214330e+06   2.8000000e+01
   5.0215150e+06   3.9000000e+01
   5.0217260e+06   2.8000000e+01
   5.0218020e+06   2.9000000e+01
   5.0220050e+06   2.8000000e+01
   5.0224600e+06   3.1000000e+01
   5.0227370e+06   3.7000000e+01
   5.0228840e+06   3.5000000e+01
   5.0233970e+06   2.6000000e+01
   5.0241530e+06   2.6000000e+01
   5.0242250e+06   2.7000000e+01
   5.0245710e+06   2.7000000e+01
   5.0279000e+06   2.9000000e+01
   5.0285090e+06   3.6000000e+01
   5.0299760e+06   3.1000000e+01
   5.0367090e+06   4.4000000e+01
   5.0393230e+06   2.6000000e+01
   5.0417230e+06   3.2000000e+01
   5.0462680e+06   2.9000000e+01
   5.0510920e+06   2.6000000e+01
   5.0647680e+06   2.7000000e+01
   5.0650060e+06   3.9000000e+01
   5.0664360e+06   3.8000000e+01
   5.0665720e+06   3.2000000e+01
   5.0666370e+06   2.7000000e+01
   5.0674930e+06   2.8000000e+01
   5.0676360e+06   2.8000000e+01
   5.0683990e+06   2.8000000e+01
   5.0691760e+06   3.7000000e+01
   5.0728170e+06   2.7000000e+01
   5.0818230e+06   2.7000000e+01
   5.1097870e+06   2.8000000e+01
   5.1176590e+06   2.7000000e+01
   5.1502030e+06   2.6000000e+01
   5.1553300e+06   2.7000000e+01
   5.1554740e+06   2.8000000e+01
   5.1560060e+06   2.9000000e+01
   5.1560480e+06   2.8000000e+01
   5.1564730e+06   3.1000000e+01
   5.1565180e+06   2.9000000e+01
   5.1565710e+06   3.8000000e+01
   5.1573380e+06   2.7000000e+01
   5.1583680e+06   3.1000000e+01
   5.1584320e+06   2.8000000e+01
   5.1593850e+06   2.8000000e+01
   5.1597930e+06   3.2000000e+01
   5.1598550e+06   4.1000000e+01
   5.1599150e+06   2.6000000e+01
   5.1609460e+06   3.1000000e+01
   5.1629450e+06   2.7000000e+01
   5.1662430e+06   2.7000000e+01
   5.1695420e+06   3.1000000e+01
   5.1790950e+06   2.6000000e+01
   5.1880650e+06   2.7000000e+01
   5.1886350e+06   2.7000000e+01
   5.1929250e+06   3.1000000e+01
   5.2324100e+06   2.7000000e+01
   5.2366400e+06   2.6000000e+01
   5.2471070e+06   2.8000000e+01
   5.2483400e+06   3.0000000e+01
   5.2544260e+06   2.9000000e+01
   5.2565230e+06   3.3000000e+01
   5.2568810e+06   2.9000000e+01
   5.2569070e+06   2.8000000e+01
   5.2570140e+06   2.7000000e+01
   5.2571470e+06   3.2000000e+01
   5.2573930e+06   3.5000000e+01
   5.2583480e+06   2.9000000e+01
   5.2586650e+06   2.7000000e+01
   5.2598480e+06   3.3000000e+01
   5.2611250e+06   3.2000000e+01
   5.2613140e+06   3.6000000e+01
   5.2614020e+06   3.5000000e+01
   5.2614560e+06   3.1000000e+01
   5.2615820e+06   2.8000000e+01
   5.2623840e+06   2.9000000e+01
   5.2768980e+06   2.6000000e+01
   5.2864130e+06   2.6000000e+01
   5.2970830e+06   2.7000000e+01
   5.2972300e+06   2.8000000e+01
   5.2972930e+06   3.3000000e+01
   5.2973380e+06   4.3000000e+01
   5.2974090e+06   3.0000000e+01
   5.2978400e+06   3.0000000e+01
   5.2981320e+06   3.5000000e+01
   5.2982380e+06   2.8000000e+01
   5.3019800e+06   2.6000000e+01
   5.3073580e+06   2.9000000e+01
   5.3137210e+06   2.7000000e+01
   5.3245710e+06   2.6000000e+01
   5.3323240e+06   2.9000000e+01
   5.3330840e+06   2.8000000e+01
   5.3485090e+06   2.6000000e+01
   5.3486780e+06   2.6000000e+01
   5.3489080e+06   2.7000000e+01
   5.3525960e+06   3.3000000e+01
   5.3542490e+06   3.3000000e+01
   5.3561240e+06   2.6000000e+01
   5.3586290e+06   2.9000000e+01
   5.4276320e+06   2.7000000e+01
   5.4319880e+06   3.3000000e+01
   5.4408350e+06   3.2000000e+01
   5.4411770e+06   2.9000000e+01
   5.4413440e+06   2.8000000e+01
   5.4419390e+06   2.7000000e+01
   5.4426020e+06   2.8000000e+01
   5.4446450e+06   3.7000000e+01
   5.4454000e+06   2.6000000e+01
   5.4458950e+06   3.2000000e+01
   5.4471330e+06   2.7000000e+01
   5.4482020e+06   2.8000000e+01
   5.4494000e+06   2.8000000e+01
   5.4633410e+06   3.2000000e+01
   5.4749210e+06   3.3000000e+01
   5.4749630e+06   2.7000000e+01
   5.4750150e+06   3.4000000e+01
   5.4752080e+06   2.7000000e+01
   5.4755420e+06   2.9000000e+01
   5.4757270e+06   2.6000000e+01
   5.4757900e+06   2.6000000e+01
   5.4759280e+06   2.6000000e+01
   5.4760360e+06   3.9000000e+01
   5.4767820e+06   2.9000000e+01
   5.4768300e+06   2.6000000e+01
   5.4768730e+06   3.2000000e+01
   5.4771390e+06   2.7000000e+01
   5.4771840e+06   2.6000000e+01
   5.4772620e+06   2.7000000e+01
   5.4773200e+06   2.8000000e+01
   5.4777270e+06   3.6000000e+01
   5.4777630e+06   3.6000000e+01
   5.4778980e+06   2.7000000e+01
   5.4780500e+06   2.7000000e+01
   5.4782890e+06   2.6000000e+01
   5.4790760e+06   2.6000000e+01
   5.4791100e+06   2.8000000e+01
   5.4797200e+06   2.6000000e+01
   5.4886760e+06   2.7000000e+01
   5.4978050e+06   2.9000000e+01
   5.5088500e+06   2.7000000e+01
   5.5213110e+06   2.9000000e+01
   5.5252280e+06   2.9000000e+01
   5.5280740e+06   2.8000000e+01
   5.5459600e+06   2.7000000e+01
   5.5462590e+06   2.7000000e+01
   5.5468910e+06   2.6000000e+01
   5.5476800e+06   2.9000000e+01
   5.5485020e+06   2.7000000e+01
   5.5548750e+06   2.6000000e+01
   5.5593040e+06   3.0000000e+01
   5.5625780e+06   3.0000000e+01
   5.5644860e+06   3.1000000e+01
   5.5656230e+06   3.2000000e+01
   5.5662160e+06   3.3000000e+01
   5.5688960e+06   2.7000000e+01
   5.5847990e+06   3.1000000e+01
   5.5866600e+06   2.7000000e+01
   5.6005180e+06   3.9000000e+01
   5.6007080e+06   3.0000000e+01
   5.6021480e+06   3.5000000e+01
   5.6038430e+06   2.7000000e+01
   5.6160280e+06   2.8000000e+01
   5.6161490e+06   2.6000000e+01
   5.6165850e+06   2.6000000e+01
   5.6167640e+06   3.3000000e+01
   5.6174650e+06   3.3000000e+01
   5.6176040e+06   2.6000000e+01
   5.6179720e+06   2.9000000e+01
   5.6180130e+06   3.1000000e+01
   5.6181910e+06   4.1000000e+01
   5.6184670e+06   2.7000000e+01
   5.6190430e+06   2.7000000e+01
   5.6190820e+06   2.8000000e+01
   5.6191540e+06   2.8000000e+01
   5.6192400e+06   3.3000000e+01
   5.6192750e+06   3.3000000e+01
   5.6202870e+06   2.6000000e+01
   5.6258870e+06   3.0000000e+01
   5.6481680e+06   3.4000000e+01
   5.6489530e+06   3.1000000e+01
   5.6607070e+06   2.7000000e+01
   5.6608550e+06   2.9000000e+01
   5.6625980e+06   2.6000000e+01
   5.6771870e+06   3.0000000e+01
   5.6792980e+06   3.4000000e+01
   5.6945320e+06   2.7000000e+01
   5.6947450e+06   2.6000000e+01
   5.6972360e+06   3.1000000e+01
   5.7003910e+06   2.9000000e+01
   5.7011120e+06   2.9000000e+01
   5.7048570e+06   3.3000000e+01
   5.7048910e+06   2.8000000e+01
   5.7060350e+06   2.8000000e+01
   5.7064810e+06   3.4000000e+01
   5.7065350e+06   4.2000000e+01
   5.7065750e+06   3.6000000e+01
   5.7069840e+06   2.6000000e+01
   5.7071530e+06   2.9000000e+01
   5.7072660e+06   3.0000000e+01
   5.7073150e+06   2.7000000e+01
   5.7073960e+06   3.5000000e+01
   5.7077150e+06   3.3000000e+01
   5.7077440e+06   2.9000000e+01
   5.7078440e+06   3.0000000e+01
   5.7079140e+06   2.6000000e+01
   5.7080240e+06   4.0000000e+01
   5.7081030e+06   2.7000000e+01
   5.7081430e+06   4.5000000e+01
   5.7082730e+06   2.7000000e+01
   5.7083880e+06   3.9000000e+01
   5.7084580e+06   2.7000000e+01
   5.7085030e+06   2.8000000e+01
   5.7085740e+06   3.4000000e+01
   5.7086450e+06   4.0000000e+01
   5.7087130e+06   4.4000000e+01
   5.7087550e+06   3.1000000e+01
   5.7088030e+06   4.5000000e+01
   5.7088350e+06   3.6000000e+01
   5.7088670e+06   3.2000000e+01
   5.7089000e+06   2.6000000e+01
   5.7089370e+06   3.1000000e+01
   5.7090060e+06   2.8000000e+01
   5.7090950e+06   3.5000000e+01
   5.7091510e+06   4.2000000e+01
   5.7092930e+06   2.6000000e+01
   5.7093480e+06   2.6000000e+01
   5.7093910e+06   3.4000000e+01
   5.7094180e+06   3.3000000e+01
   5.7095720e+06   2.7000000e+01
   5.7096380e+06   3.3000000e+01
   5.7096790e+06   5.3000000e+01
   5.7097170e+06   4.7000000e+01
   5.7097830e+06   4.3000000e+01
   5.7098340e+06   2.8000000e+01
   5.7099070e+06   2.6000000e+01
   5.7099500e+06   3.8000000e+01
   5.7099860e+06   3.3000000e+01
   5.7100170e+06   2.7000000e+01
   5.7100670e+06   3.8000000e+01
   5.7101120e+06   3.0000000e+01
   5.7101530e+06   3.2000000e+01
   5.7102360e+06   3.7000000e+01
   5.7102900e+06   3.0000000e+01
   5.7103460e+06   3.5000000e+01
   5.7104650e+06   2.9000000e+01
   5.7104910e+06   2.8000000e+01
   5.7105230e+06   2.6000000e+01
   5.7105880e+06   4.2000000e+01
   5.7106250e+06   3.1000000e+01
   5.7106510e+06   4.3000000e+01
   5.7106910e+06   2.9000000e+01
   5.7107990e+06   2.6000000e+01
   5.7108840e+06   2.6000000e+01
   5.7109390e+06   3.9000000e+01
   5.7109870e+06   2.9000000e+01
   5.7111050e+06   2.7000000e+01
   5.7111610e+06   2.6000000e+01
   5.7113320e+06   3.4000000e+01
   5.7114340e+06   2.8000000e+01
   5.7114830e+06   3.6000000e+01
   5.7115280e+06   2.6000000e+01
   5.7116060e+06   3.5000000e+01
   5.7116560e+06   2.6000000e+01
   5.7116970e+06   4.3000000e+01
   5.7117500e+06   2.9000000e+01
   5.7118940e+06   3.7000000e+01
   5.7119950e+06   2.7000000e+01
   5.7122120e+06   2.7000000e+01
   5.7122610e+06   4.2000000e+01
   5.7122930e+06   3.7000000e+01
   5.7123410e+06   2.9000000e+01
   5.7123740e+06   3.1000000e+01
   5.7124850e+06   3.1000000e+01
   5.7125380e+06   3.6000000e+01
   5.7125710e+06   4.2000000e+01
   5.7126030e+06   3.0000000e+01
   5.7128200e+06   2.7000000e+01
   5.7129350e+06   2.8000000e+01
   5.7129620e+06   3.0000000e+01
   5.7130030e+06   2.6000000e+01
   5.7132450e+06   2.6000000e+01
   5.7136490e+06   2.9000000e+01
   5.7137760e+06   2.8000000e+01
   5.7138090e+06   2.6000000e+01
   5.7138380e+06   2.6000000e+01
   5.7138740e+06   2.9000000e+01
   5.7140680e+06   2.6000000e+01
   5.7140940e+06   2.9000000e+01
   5.7143910e+06   3.4000000e+01
   5.7145500e+06   2.8000000e+01
   5.7149100e+06   2.6000000e+01
   5.7150430e+06   2.9000000e+01
   5.7153020e+06   2.9000000e+01
   5.7154380e+06   3.2000000e+01
   5.7155570e+06   3.1000000e+01
   5.7157120e+06   2.6000000e+01
   5.7157630e+06   3.6000000e+01
   5.7158330e+06   3.2000000e+01
   5.7161830e+06   2.8000000e+01
   5.7162250e+06   2.7000000e+01
   5.7162840e+06   2.6000000e+01
   5.7165680e+06   2.8000000e+01
   5.7166080e+06   4.7000000e+01
   5.7166340e+06   2.9000000e+01
   5.7167120e+06   2.9000000e+01
   5.7174090e+06   3.4000000e+01
   5.7174930e+06   3.2000000e+01
   5.7175580e+06   2.7000000e+01
   5.7178670e+06   2.7000000e+01
   5.7182470e+06   2.8000000e+01
   5.7187220e+06   3.4000000e+01
   5.7190490e+06   2.7000000e+01
   5.7192680e+06   2.9000000e+01
   5.7197970e+06   2.6000000e+01
   5.7198600e+06   2.7000000e+01
   5.7202310e+06   2.8000000e+01
   5.7203510e+06   4.3000000e+01
   5.7210030e+06   2.6000000e+01
   5.7217670e+06   2.6000000e+01
   5.7221140e+06   2.7000000e+01
   5.7223050e+06   2.6000000e+01
   5.7233500e+06   3.0000000e+01
   5.7234560e+06   2.6000000e+01
   5.7252950e+06   2.9000000e+01
   5.7253670e+06   2.9000000e+01
   5.7267880e+06   2.8000000e+01
   5.7268390e+06   3.5000000e+01
   5.7268900e+06   2.7000000e+01
   5.7292230e+06   2.9000000e+01
   5.7292630e+06   2.7000000e+01
   5.7327770e+06   3.0000000e+01
   5.7328150e+06   3.9000000e+01
   5.7367610e+06   2.7000000e+01
   5.7368140e+06   2.6000000e+01
   5.7368660e+06   3.2000000e+01
   5.7403830e+06   2.7000000e+01
   5.7425920e+06   3.2000000e+01
   5.7426270e+06   3.5000000e+01
   5.7428130e+06   3.1000000e+01
   5.7441940e+06   3.4000000e+01
   5.7465290e+06   2.8000000e+01
   5.7508320e+06   3.4000000e+01
   5.7510780e+06   2.7000000e+01
   5.7518620e+06   2.9000000e+01
   5.7545600e+06   2.7000000e+01
   5.7546530e+06   2.8000000e+01
   5.7602560e+06   2.6000000e+01
   5.7625960e+06   3.0000000e+01
   5.7626370e+06   2.7000000e+01
   5.7626950e+06   2.8000000e+01
   5.7627270e+06   3.2000000e+01
   5.7636050e+06   2.9000000e+01
   5.7664240e+06   2.6000000e+01
   5.7687880e+06   2.8000000e+01
   5.7688880e+06   2.9000000e+01
   5.7704810e+06   3.1000000e+01
   5.7727000e+06   2.8000000e+01
   5.7770310e+06   2.8000000e+01
   5.7807120e+06   2.7000000e+01
   5.7808430e+06   2.6000000e+01
   5.8481930e+06   2.6000000e+01
   5.8947080e+06   2.7000000e+01
   5.9072350e+06   2.9000000e+01
   5.9238340e+06   2.6000000e+01
   5.9251100e+06   2.9000000e+01
   6.0563860e+06   2.6000000e+01
   6.0663500e+06   3.1000000e+01
   6.0954560e+06   3.6000000e+01
   6.0954890e+06   2.8000000e+01
   6.0979980e+06   2.8000000e+01
   6.0980830e+06   3.5000000e+01
   6.1086630e+06   2.6000000e+01
   6.1170090e+06   2.7000000e+01
   6.1249560e+06   2.9000000e+01
   6.1260520e+06   2.7000000e+01
   6.1281270e+06   3.1000000e+01
   6.1530190e+06   2.8000000e+01
   6.1638550e+06   3.4000000e+01
   6.1650800e+06   2.8000000e+01
   6.1680050e+06   3.2000000e+01
   6.1691870e+06   3.6000000e+01
   6.1779630e+06   2.7000000e+01
   6.2044640e+06   3.4000000e+01
   6.2059010e+06   3.3000000e+01
   6.2316990e+06   2.8000000e+01
   6.2328180e+06   2.6000000e+01
   6.2630120e+06   3.0000000e+01
   6.2633680e+06   3.0000000e+01
   6.2799630e+06   2.7000000e+01
   6.3007850e+06   3.1000000e+01
   6.3116530e+06   2.6000000e+01
   6.3216760e+06   2.8000000e+01
   6.3246930e+06   2.8000000e+01
   6.3291930e+06   3.3000000e+01
   6.3312500e+06   2.6000000e+01
   6.3320350e+06   3.2000000e+01
   6.3337520e+06   3.5000000e+01
   6.3359430e+06   2.6000000e+01
   6.4191760e+06   2.9000000e+01
   6.4199680e+06   2.6000000e+01
   6.4200170e+06   2.6000000e+01
   6.4200990e+06   2.6000000e+01
   6.4206040e+06   3.3000000e+01
   6.4209410e+06   2.7000000e+01
   6.4209900e+06   2.6000000e+01
   6.4210800e+06   2.9000000e+01
   6.4211090e+06   3.5000000e+01
   6.4211370e+06   4.2000000e+01
   6.4211620e+06   3.5000000e+01
   6.4212880e+06   3.1000000e+01
   6.4213520e+06   2.6000000e+01
   6.4214650e+06   2.8000000e+01
   6.4215340e+06   2.8000000e+01
   6.4217780e+06   4.3000000e+01
   6.4218440e+06   4.2000000e+01
   6.4218900e+06   3.2000000e+01
   6.4219400e+06   3.1000000e+01
   6.4219660e+06   4.3000000e+01
   6.4220480e+06   2.7000000e+01
   6.4221030e+06   3.0000000e+01
   6.4221320e+06   3.7000000e+01
   6.4222100e+06   3.9000000e+01
   6.4222610e+06   2.9000000e+01
   6.4222920e+06   3.6000000e+01
   6.4223700e+06   2.7000000e+01
   6.4224720e+06   3.4000000e+01
   6.4225240e+06   3.6000000e+01
   6.4225730e+06   3.1000000e+01
   6.4226550e+06   3.9000000e+01
   6.4227170e+06   7.3000000e+01
   6.4227590e+06   3.2000000e+01
   6.4228180e+06   3.6000000e+01
   6.4228450e+06   3.7000000e+01
   6.4228750e+06   3.0000000e+01
   6.4229350e+06   2.6000000e+01
   6.4230190e+06   2.8000000e+01
   6.4230820e+06   4.4000000e+01
   6.4231300e+06   5.1000000e+01
   6.4231610e+06   3.1000000e+01
   6.4232180e+06   2.8000000e+01
   6.4233410e+06   3.1000000e+01
   6.4233720e+06   2.9000000e+01
   6.4234460e+06   2.6000000e+01
   6.4234980e+06   4.5000000e+01
   6.4235490e+06   4.1000000e+01
   6.4236040e+06   3.0000000e+01
   6.4237150e+06   2.8000000e+01
   6.4238250e+06   3.8000000e+01
   6.4238620e+06   2.7000000e+01
   6.4241060e+06   2.7000000e+01
   6.4242490e+06   2.8000000e+01
   6.4242980e+06   2.6000000e+01
   6.4243700e+06   2.9000000e+01
   6.4244640e+06   3.1000000e+01
   6.4246070e+06   3.0000000e+01
   6.4248410e+06   2.8000000e+01
   6.4248750e+06   2.8000000e+01
   6.4249150e+06   2.9000000e+01
   6.4252520e+06   3.4000000e+01
   6.4252900e+06   3.8000000e+01
   6.4262270e+06   2.7000000e+01
   6.4298630e+06   3.6000000e+01
   6.4316470e+06   2.9000000e+01
   6.4459260e+06   3.4000000e+01
   6.4473830e+06   2.7000000e+01
   6.4516270e+06   3.3000000e+01
   6.4586590e+06   3.0000000e+01
   6.4649430e+06   2.7000000e+01
   6.4913650e+06   3.0000000e+01
   6.4952030e+06   4.1000000e+01
   6.4967350e+06   2.7000000e+01
   6.5085550e+06   3.7000000e+01
   6.5193520e+06   2.7000000e+01
   6.5347300e+06   2.7000000e+01
   6.5355240e+06   3.0000000e+01
   6.5357540e+06   2.7000000e+01
   6.5360630e+06   2.7000000e+01
   6.5362580e+06   3.1000000e+01
   6.5364850e+06   2.9000000e+01
   6.5370790e+06   4.4000000e+01
   6.5371950e+06   2.9000000e+01
   6.5376410e+06   2.6000000e+01
   6.5376870e+06   2.6000000e+01
   6.5377500e+06   2.6000000e+01
   6.5379070e+06   3.3000000e+01
   6.5381380e+06   2.6000000e+01
   6.5381650e+06   3.3000000e+01
   6.5383890e+06   2.6000000e+01
   6.5384340e+06   2.8000000e+01
   6.5384830e+06   2.7000000e+01
   6.5386000e+06   3.1000000e+01
   6.5386850e+06   3.8000000e+01
   6.5387860e+06   3.1000000e+01
   6.5395450e+06   2.9000000e+01
   6.5396820e+06   2.8000000e+01
   6.5397410e+06   2.9000000e+01
   6.5397780e+06   2.7000000e+01
   6.5414570e+06   3.0000000e+01
   6.5415510e+06   3.0000000e+01
   6.5430650e+06   2.6000000e+01
   6.5433890e+06   2.6000000e+01
   6.5434630e+06   3.1000000e+01
   6.5435150e+06   2.7000000e+01
   6.5440200e+06   2.7000000e+01
   6.5455960e+06   3.0000000e+01
   6.5489770e+06   3.2000000e+01
   6.5501140e+06   2.6000000e+01
   6.5514720e+06   2.6000000e+01
   6.5552260e+06   2.8000000e+01
   6.5592770e+06   3.3000000e+01
   6.5601030e+06   2.8000000e+01
   6.5652600e+06   3.0000000e+01
   6.5670030e+06   3.3000000e+01
   6.5671700e+06   2.9000000e+01
   6.5672120e+06   2.6000000e+01
   6.5672440e+06   3.1000000e+01
   6.5672970e+06   2.7000000e+01
   6.5679230e+06   2.9000000e+01
   6.5680730e+06   3.7000000e+01
   6.5684400e+06   3.4000000e+01
   6.5690520e+06   2.6000000e+01
   6.5693580e+06   2.8000000e+01
   6.5694230e+06   2.6000000e+01
   6.5695070e+06   2.9000000e+01
   6.5695360e+06   3.4000000e+01
   6.5695970e+06   2.7000000e+01
   6.5706030e+06   2.8000000e+01
   6.5723460e+06   2.9000000e+01
   6.5741570e+06   2.8000000e+01
   6.5764170e+06   3.3000000e+01
   6.5786770e+06   3.0000000e+01
   6.5841500e+06   3.3000000e+01
   6.5854140e+06   3.3000000e+01
   6.5860780e+06   2.8000000e+01
   6.5919990e+06   3.0000000e+01
   6.5936490e+06   2.7000000e+01
   6.5949470e+06   5.2000000e+01
   6.5950270e+06   3.4000000e+01
   6.5953870e+06   2.7000000e+01
   6.5955140e+06   3.0000000e+01
   6.5976420e+06   3.5000000e+01
   6.5977470e+06   2.6000000e+01
   6.5997900e+06   2.7000000e+01
   6.6068240e+06   2.8000000e+01
   6.6122220e+06   3.2000000e+01
   6.6139540e+06   4.0000000e+01
   6.6140520e+06   3.0000000e+01
   6.6220070e+06   3.5000000e+01
   6.6220730e+06   2.6000000e+01
   6.6223580e+06   2.6000000e+01
   6.6226040e+06   3.2000000e+01
   6.6226390e+06   3.5000000e+01
   6.6227040e+06   2.6000000e+01
   6.6227460e+06   3.5000000e+01
   6.6227940e+06   3.0000000e+01
   6.6232820e+06   3.3000000e+01
   6.6233880e+06   2.6000000e+01
   6.6237350e+06   2.9000000e+01
   6.6239380e+06   3.0000000e+01
   6.6242860e+06   3.7000000e+01
   6.6246460e+06   2.6000000e+01
   6.6250480e+06   3.2000000e+01
   6.6256460e+06   3.1000000e+01
   6.6269640e+06   2.9000000e+01
   6.6283850e+06   2.6000000e+01
   6.6306780e+06   2.7000000e+01
   6.6395150e+06   3.9000000e+01
   6.6434520e+06   3.3000000e+01
   6.6764540e+06   3.1000000e+01
   6.7160110e+06   3.3000000e+01
   6.7233050e+06   3.7000000e+01
   6.7450760e+06   2.6000000e+01
   6.8188800e+06   2.7000000e+01
   6.8312000e+06   3.4000000e+01
   6.8703950e+06   2.6000000e+01
   6.8740820e+06   2.9000000e+01
   6.8774400e+06   2.6000000e+01
   6.8827440e+06   2.9000000e+01
   6.9020910e+06   2.9000000e+01
   6.9046710e+06   2.6000000e+01
   6.9074630e+06   3.3000000e+01
   6.9232090e+06   3.0000000e+01
   6.9234850e+06   3.2000000e+01
   6.9235110e+06   2.9000000e+01
   6.9236420e+06   2.7000000e+01
   6.9273850e+06   2.6000000e+01
   6.9274970e+06   3.1000000e+01
   6.9278640e+06   2.9000000e+01
   6.9279140e+06   3.4000000e+01
   6.9281020e+06   2.8000000e+01
   6.9284330e+06   2.8000000e+01
   6.9285190e+06   2.8000000e+01
   6.9286580e+06   3.1000000e+01
   6.9287420e+06   3.9000000e+01
   6.9288090e+06   3.1000000e+01
   6.9289290e+06   3.4000000e+01
   6.9290050e+06   2.7000000e+01
   6.9291310e+06   2.9000000e+01
   6.9291850e+06   2.7000000e+01
   6.9293740e+06   2.7000000e+01
   6.9295120e+06   2.8000000e+01
   6.9297140e+06   2.9000000e+01
   6.9297720e+06   3.1000000e+01
   6.9299150e+06   2.8000000e+01
   6.9299870e+06   3.7000000e+01
   6.9300170e+06   2.6000000e+01
   6.9300900e+06   2.7000000e+01
   6.9301540e+06   3.4000000e+01
   6.9302810e+06   2.8000000e+01
   6.9304510e+06   3.7000000e+01
   6.9306490e+06   3.0000000e+01
   6.9307830e+06   2.7000000e+01
   6.9308240e+06   3.6000000e+01
   6.9309060e+06   2.6000000e+01
   6.9311920e+06   2.7000000e+01
   6.9313500e+06   2.9000000e+01
   6.9317430e+06   2.7000000e+01
   6.9321410e+06   2.7000000e+01
   6.9350870e+06   3.5000000e+01
   6.9368810e+06   3.2000000e+01
   6.9439360e+06   3.1000000e+01
   6.9479560e+06   2.7000000e+01
   6.9511130e+06   3.6000000e+01
   6.9527290e+06   2.7000000e+01
   6.9528080e+06   3.3000000e+01
   6.9529880e+06   2.7000000e+01
   6.9533960e+06   3.1000000e+01
   6.9534750e+06   2.8000000e+01
   6.9535150e+06   2.6000000e+01
   6.9536280e+06   2.7000000e+01
   6.9551060e+06   2.9000000e+01
   6.9577650e+06   2.6000000e+01
   6.9611940e+06   3.9000000e+01
   6.9643690e+06   2.7000000e+01
   6.9704660e+06   3.4000000e+01
   6.9726430e+06   2.8000000e+01
   6.9755220e+06   2.7000000e+01
   6.9798810e+06   2.6000000e+01
   6.9802420e+06   2.6000000e+01
   7.0101130e+06   3.0000000e+01
   7.0175450e+06   3.2000000e+01
   7.0260600e+06   2.7000000e+01
   7.0332390e+06   2.9000000e+01
   7.0337130e+06   2.7000000e+01
   7.0337750e+06   2.6000000e+01
   7.0338470e+06   2.8000000e+01
   7.0338760e+06   3.7000000e+01
   7.0341620e+06   2.8000000e+01
   7.0345220e+06   3.1000000e+01
   7.0351420e+06   2.6000000e+01
   7.0365720e+06   3.3000000e+01
   7.0386680e+06   2.6000000e+01
   7.0497550e+06   2.8000000e+01
   7.0715620e+06   2.6000000e+01
   7.0741150e+06   3.1000000e+01
   7.0768630e+06   2.7000000e+01
   7.0770230e+06   2.9000000e+01
   7.0952370e+06   2.6000000e+01
   7.1210380e+06   2.6000000e+01
   7.1241670e+06   2.6000000e+01
   7.1298740e+06   2.8000000e+01
   7.1302510e+06   2.7000000e+01
   7.1310030e+06   3.3000000e+01
   7.1312530e+06   3.5000000e+01
   7.1319230e+06   2.9000000e+01
   7.1320620e+06   3.0000000e+01
   7.1327990e+06   2.7000000e+01
   7.1328740e+06   2.8000000e+01
   7.1331210e+06   3.4000000e+01
   7.1334940e+06   2.7000000e+01
   7.1335950e+06   4.2000000e+01
   7.1337060e+06   2.6000000e+01
   7.1337460e+06   2.8000000e+01
   7.1345670e+06   2.7000000e+01
   7.1352440e+06   3.1000000e+01
   7.1354090e+06   3.1000000e+01
   7.1356360e+06   2.7000000e+01
   7.1374800e+06   3.0000000e+01
   7.1477090e+06   3.1000000e+01
   7.1549430e+06   2.6000000e+01
   7.1624960e+06   3.0000000e+01
   7.1737000e+06   2.9000000e+01
   7.1792210e+06   2.6000000e+01
   7.1809660e+06   3.1000000e+01
   7.1971160e+06   2.7000000e+01
   7.1978490e+06   2.8000000e+01
   7.2000120e+06   3.0000000e+01
   7.2006620e+06   3.1000000e+01
   7.2014490e+06   3.7000000e+01
   7.2017420e+06   3.2000000e+01
   7.2028100e+06   2.8000000e+01
   7.2039410e+06   2.9000000e+01
   7.2211050e+06   2.8000000e+01
   7.2232410e+06   3.1000000e+01
   7.2242170e+06   2.7000000e+01
   7.2254980e+06   2.7000000e+01
   7.2255240e+06   3.0000000e+01
   7.2259350e+06   5.2000000e+01
   7.2259940e+06   2.6000000e+01
   7.2268170e+06   3.2000000e+01
   7.2324040e+06   3.4000000e+01
   7.2343170e+06   2.9000000e+01
   7.2495780e+06   2.7000000e+01
   7.2581380e+06   3.2000000e+01
   7.2680240e+06   3.4000000e+01
   7.2786860e+06   2.7000000e+01
   7.2947110e+06   2.8000000e+01
   7.2948580e+06   2.6000000e+01
   7.2950900e+06   3.7000000e+01
   7.2952010e+06   2.7000000e+01
   7.2955990e+06   2.6000000e+01
   7.2971600e+06   2.9000000e+01
   7.2972120e+06   3.4000000e+01
   7.2980840e+06   3.1000000e+01
   7.2982820e+06   2.6000000e+01
   7.2983200e+06   4.2000000e+01
   7.2983530e+06   2.6000000e+01
   7.3002940e+06   2.6000000e+01
   7.3007930e+06   2.6000000e+01
   7.3013640e+06   2.8000000e+01
   7.3021250e+06   2.6000000e+01
   7.3027040e+06   3.1000000e+01
   7.3027450e+06   3.5000000e+01
   7.3027860e+06   2.8000000e+01
   7.3034240e+06   2.9000000e+01
   7.3049500e+06   2.6000000e+01
   7.3068720e+06   2.6000000e+01
   7.3096640e+06   3.2000000e+01
   7.3267760e+06   3.0000000e+01
   7.3352510e+06   2.6000000e+01
   7.3417330e+06   3.4000000e+01
   7.3486460e+06   3.0000000e+01
   7.3492180e+06   3.0000000e+01
   7.3508260e+06   3.5000000e+01
   7.3509350e+06   2.7000000e+01
   7.3510790e+06   2.6000000e+01
   7.3511350e+06   2.6000000e+01
   7.3513620e+06   2.8000000e+01
   7.3516160e+06   3.7000000e+01
   7.3516630e+06   3.7000000e+01
   7.3517120e+06   2.9000000e+01
   7.3517760e+06   2.7000000e+01
   7.3518730e+06   4.4000000e+01
   7.3519130e+06   3.4000000e+01
   7.3520140e+06   3.1000000e+01
   7.3520900e+06   3.1000000e+01
   7.3521580e+06   3.5000000e+01
   7.3522230e+06   2.6000000e+01
   7.3522820e+06   5.5000000e+01
   7.3523750e+06   2.9000000e+01
   7.3524180e+06   2.9000000e+01
   7.3524870e+06   3.1000000e+01
   7.3525690e+06   2.6000000e+01
   7.3526060e+06   3.0000000e+01
   7.3526540e+06   5.7000000e+01
   7.3526900e+06   4.1000000e+01
   7.3528650e+06   2.7000000e+01
   7.3529450e+06   4.8000000e+01
   7.3530150e+06   2.7000000e+01
   7.3531140e+06   3.0000000e+01
   7.3532040e+06   2.8000000e+01
   7.3532300e+06   3.3000000e+01
   7.3532560e+06   3.1000000e+01
   7.3532940e+06   3.1000000e+01
   7.3533210e+06   2.6000000e+01
   7.3533740e+06   2.6000000e+01
   7.3534190e+06   2.8000000e+01
   7.3534530e+06   4.4000000e+01
   7.3535140e+06   2.9000000e+01
   7.3535970e+06   3.0000000e+01
   7.3536530e+06   3.3000000e+01
   7.3537100e+06   2.7000000e+01
   7.3537610e+06   3.5000000e+01
   7.3538010e+06   3.9000000e+01
   7.3538670e+06   3.4000000e+01
   7.3539640e+06   3.1000000e+01
   7.3540550e+06   4.0000000e+01
   7.3540870e+06   4.6000000e+01
   7.3541870e+06   2.6000000e+01
   7.3542500e+06   2.6000000e+01
   7.3543480e+06   2.7000000e+01
   7.3543950e+06   2.6000000e+01
   7.3544380e+06   3.2000000e+01
   7.3544960e+06   2.7000000e+01
   7.3545350e+06   3.3000000e+01
   7.3545760e+06   2.6000000e+01
   7.3546390e+06   3.1000000e+01
   7.3546640e+06   3.5000000e+01
   7.3547010e+06   2.6000000e+01
   7.3548600e+06   3.6000000e+01
   7.3549260e+06   3.1000000e+01
   7.3551660e+06   3.4000000e+01
   7.3552190e+06   3.1000000e+01
   7.3555540e+06   4.4000000e+01
   7.3556490e+06   3.3000000e+01
   7.3556880e+06   2.8000000e+01
   7.3558460e+06   4.0000000e+01
   7.3558810e+06   3.5000000e+01
   7.3560060e+06   2.9000000e+01
   7.3560500e+06   4.8000000e+01
   7.3563720e+06   3.0000000e+01
   7.3564440e+06   3.2000000e+01
   7.3565110e+06   2.7000000e+01
   7.3565400e+06   2.8000000e+01
   7.3568260e+06   4.3000000e+01
   7.3571550e+06   3.9000000e+01
   7.3576280e+06   2.8000000e+01
   7.3578830e+06   2.9000000e+01
   7.3579460e+06   2.7000000e+01
   7.3583280e+06   2.6000000e+01
   7.3588110e+06   2.7000000e+01
   7.3593670e+06   3.3000000e+01
   7.3597410e+06   3.9000000e+01
   7.3597930e+06   3.0000000e+01
   7.3603530e+06   3.3000000e+01
   7.3610010e+06   3.2000000e+01
   7.3616460e+06   2.6000000e+01
   7.3622560e+06   3.2000000e+01
   7.3643850e+06   3.4000000e+01
   7.3650360e+06   2.7000000e+01
   7.3666970e+06   3.0000000e+01
   7.3718760e+06   2.6000000e+01
   7.3796340e+06   3.0000000e+01
   7.3865930e+06   3.3000000e+01
   7.3867700e+06   4.5000000e+01
   7.3868050e+06   2.6000000e+01
   7.3920450e+06   2.7000000e+01
   7.4030700e+06   3.3000000e+01
   7.4032570e+06   3.0000000e+01
   7.4412670e+06   2.6000000e+01
   7.4638880e+06   3.0000000e+01
   7.4641510e+06   2.8000000e+01
   7.4642660e+06   2.8000000e+01
   7.4650380e+06   2.6000000e+01
   7.4655650e+06   3.5000000e+01
   7.4656400e+06   2.6000000e+01
   7.4661120e+06   3.1000000e+01
   7.4664410e+06   3.1000000e+01
   7.4664720e+06   2.6000000e+01
   7.4665510e+06   2.6000000e+01
   7.4668630e+06   3.1000000e+01
   7.4672690e+06   2.8000000e+01
   7.4677980e+06   2.6000000e+01
   7.4683790e+06   3.4000000e+01
   7.4692480e+06   3.7000000e+01
