   7.5000000e+06   0.0000000e+00
   3.3068000e+04   1.6000000e+01
   3.3145000e+04   1.6000000e+01
   3.4024000e+04   1.8000000e+01
   3.4532000e+04   2.8000000e+01
   3.4859000e+04   1.6000000e+01
   3.5371000e+04   1.6000000e+01
   3.5537000e+04   2.1000000e+01
   3.5615000e+04   1.9000000e+01
   3.5788000e+04   1.7000000e+01
   3.6304000e+04   1.8000000e+01
   3.7725000e+04   1.6000000e+01
   3.9416000e+04   1.8000000e+01
   4.5317000e+04   1.7000000e+01
   5.2878000e+04   1.6000000e+01
   1.0244500e+05   1.6000000e+01
   1.2116200e+05   1.7000000e+01
   1.2144700e+05   1.6000000e+01
   1.2251900e+05   1.7000000e+01
   2.2448400e+05   1.7000000e+01
   2.2567200e+05   1.7000000e+01
   2.3581800e+05   1.9000000e+01
   2.3592800e+05   1.7000000e+01
   2.3599200e+05   1.8000000e+01
   2.3840600e+05   1.7000000e+01
   2.4059700e+05   1.6000000e+01
   2.4133500e+05   1.6000000e+01
   3.1146800e+05   1.6000000e+01
   3.5822700e+05   1.6000000e+01
   3.6716400e+05   1.6000000e+01
   3.7058300e+05   1.6000000e+01
   3.7361400e+05   1.7000000e+01
   3.7436900e+05   1.9000000e+01
   3.7482500e+05   1.6000000e+01
   3.7521600e+05   1.7000000e+01
   3.7537400e+05   1.6000000e+01
   3.7544100e+05   1.6000000e+01
   3.7568900e+05   1.7000000e+01
   3.7695900e+05   1.6000000e+01
   3.7707500e+05   1.9000000e+01
   3.7728200e+05   1.8000000e+01
   3.7733900e+05   2.0000000e+01
   3.7738800e+05   2.3000000e+01
   3.7751200e+05   1.8000000e+01
   3.7755700e+05   1.7000000e+01
   3.7758500e+05   1.6000000e+01
   3.7768400e+05   1.8000000e+01
   3.7771400e+05   1.6000000e+01
   3.7774700e+05   1.6000000e+01
   3.7793600e+05   1.6000000e+01
   3.7800000e+05   1.8000000e+01
   3.7813000e+05   1.8000000e+01
   3.7857200e+05   1.9000000e+01
   3.7864000e+05   1.6000000e+01
   3.7871800e+05   1.9000000e+01
   3.7883500e+05   1.6000000e+01
   3.7909900e+05   1.8000000e+01
   3.7914600e+05   1.6000000e+01
   3.7920800e+05   1.6000000e+01
   3.7964800e+05   1.8000000e+01
   3.8026300e+05   1.6000000e+01
   3.8177300e+05   1.6000000e+01
   3.8186700e+05   1.6000000e+01
   3.8221200e+05   1.6000000e+01
   3.8223700e+05   1.7000000e+01
   3.8341600e+05   1.8000000e+01
   3.8355500e+05   1.6000000e+01
   3.8376800e+05   1.7000000e+01
   3.8435600e+05   1.8000000e+01
   3.8461300e+05   1.7000000e+01
   3.8568700e+05   1.6000000e+01
   3.8810900e+05   1.6000000e+01
   3.8887900e+05   1.6000000e+01
   3.9362100e+05   1.6000000e+01
   3.9412800e+05   1.6000000e+01
   3.9700800e+05   1.6000000e+01
   3.9990100e+05   2.0000000e+01
   4.0236900e+05   1.6000000e+01
   4.0308100e+05   1.9000000e+01
   4.0420300e+05   1.8000000e+01
   4.0732500e+05   1.6000000e+01
   4.0840000e+05   1.7000000e+01
   4.1230300e+05   1.6000000e+01
   4.2705300e+05   1.7000000e+01
   4.2792800e+05   1.6000000e+01
   4.3600700e+05   1.6000000e+01
   4.3885700e+05   1.7000000e+01
   4.4432700e+05   1.6000000e+01
   4.4603800e+05   1.6000000e+01
   4.4641100e+05   1.7000000e+01
   4.4653800e+05   1.9000000e+01
   4.4677500e+05   1.6000000e+01
   4.4701700e+05   2.0000000e+01
   4.5225400e+05   1.6000000e+01
   4.5255200e+05   1.9000000e+01
   4.5258800e+05   1.6000000e+01
   4.5334400e+05   1.6000000e+01
   4.5380000e+05   1.8000000e+01
   4.5587500e+05   1.6000000e+01
   4.6288000e+05   1.7000000e+01
   4.7742800e+05   1.6000000e+01
   5.0419100e+05   1.7000000e+01
   5.5225700e+05   1.6000000e+01
   5.8924600e+05   1.8000000e+01
   7.3853800e+05   1.6000000e+01
   7.5703400e+05   1.6000000e+01
   7.7551600e+05   1.8000000e+01
   7.8268800e+05   1.6000000e+01
   7.8631700e+05   2.1000000e+01
   7.8635900e+05   1.6000000e+01
   7.8695300e+05   1.6000000e+01
   7.8727500e+05   1.6000000e+01
   7.8768800e+05   1.8000000e+01
   7.8776800e+05   1.6000000e+01
   7.8806700e+05   2.1000000e+01
   7.8813600e+05   1.7000000e+01
   7.8899700e+05   1.7000000e+01
   7.8907700e+05   1.6000000e+01
   7.8983200e+05   1.6000000e+01
   8.2002200e+05   1.6000000e+01
   8.4841500e+05   1.6000000e+01
   8.5177600e+05   1.6000000e+01
   8.8825200e+05   1.8000000e+01
   8.9744300e+05   1.7000000e+01
   8.9760900e+05   1.8000000e+01
   9.8471400e+05   1.7000000e+01
   9.9312900e+05   1.7000000e+01
   1.0221520e+06   1.6000000e+01
   1.0370790e+06   1.6000000e+01
   1.0448490e+06   1.6000000e+01
   1.0471980e+06   1.6000000e+01
   1.0478760e+06   1.7000000e+01
   1.0494720e+06   1.7000000e+01
   1.1090970e+06   1.6000000e+01
   1.1217600e+06   1.6000000e+01
   1.1228720e+06   1.6000000e+01
   1.1264290e+06   1.6000000e+01
   1.1264960e+06   1.8000000e+01
   1.1265360e+06   1.9000000e+01
   1.1267140e+06   1.7000000e+01
   1.1267710e+06   1.6000000e+01
   1.1268710e+06   2.0000000e+01
   1.1268990e+06   1.6000000e+01
   1.1272670e+06   1.7000000e+01
   1.1273250e+06   2.1000000e+01
   1.1275520e+06   1.9000000e+01
   1.1276170e+06   3.0000000e+01
   1.1277320e+06   1.6000000e+01
   1.1288020e+06   1.6000000e+01
   1.1298780e+06   1.6000000e+01
   1.1356520e+06   1.7000000e+01
   1.1534030e+06   1.6000000e+01
   1.2050810e+06   1.8000000e+01
   1.2511340e+06   1.6000000e+01
   1.2522630e+06   1.6000000e+01
   1.2982440e+06   1.6000000e+01
   1.3083420e+06   1.7000000e+01
   1.3091900e+06   1.7000000e+01
   1.3099070e+06   1.7000000e+01
   1.3105100e+06   2.2000000e+01
   1.3114110e+06   1.7000000e+01
   1.3122360e+06   1.7000000e+01
   1.3305040e+06   1.7000000e+01
   1.3552770e+06   1.7000000e+01
   1.3572770e+06   1.7000000e+01
   1.4300450e+06   2.6000000e+01
   1.4357190e+06   1.7000000e+01
   1.4865190e+06   1.6000000e+01
   1.5034780e+06   1.7000000e+01
   1.5036420e+06   2.6000000e+01
   1.5088300e+06   1.6000000e+01
   1.5637380e+06   1.8000000e+01
   1.5641960e+06   1.7000000e+01
   1.5643520e+06   2.7000000e+01
   1.5757990e+06   1.7000000e+01
   1.5767760e+06   1.6000000e+01
   1.5771700e+06   1.9000000e+01
   1.5772790e+06   1.7000000e+01
   1.5773110e+06   2.0000000e+01
   1.5773770e+06   1.6000000e+01
   1.5850290e+06   1.9000000e+01
   1.5867770e+06   1.8000000e+01
   1.5884430e+06   1.7000000e+01
   1.5921810e+06   1.8000000e+01
   1.6322900e+06   1.7000000e+01
   1.6325390e+06   1.7000000e+01
   1.6327340e+06   1.9000000e+01
   1.6340970e+06   1.7000000e+01
   1.6361870e+06   1.6000000e+01
   1.6459020e+06   1.6000000e+01
   1.6880740e+06   2.0000000e+01
   1.6892450e+06   1.7000000e+01
   1.6894980e+06   1.8000000e+01
   1.6895250e+06   1.7000000e+01
   1.6899550e+06   1.6000000e+01
   1.6903730e+06   1.6000000e+01
   1.6909420e+06   1.6000000e+01
   1.6918360e+06   1.7000000e+01
   1.6929960e+06   1.6000000e+01
   1.6935340e+06   1.8000000e+01
   1.6940000e+06   1.7000000e+01
   1.6996290e+06   1.6000000e+01
   1.7425180e+06   1.6000000e+01
   1.7616930e+06   1.6000000e+01
   1.7748930e+06   1.6000000e+01
   1.7750150e+06   1.6000000e+01
   1.7757430e+06   1.6000000e+01
   1.7779480e+06   1.8000000e+01
   1.7827640e+06   1.7000000e+01
   1.7878870e+06   1.6000000e+01
   1.8142520e+06   1.6000000e+01
   1.8394050e+06   1.7000000e+01
   1.8401140e+06   1.6000000e+01
   1.8472300e+06   1.7000000e+01
   1.8823490e+06   1.6000000e+01
   1.9056550e+06   3.2000000e+01
   1.9060870e+06   2.1000000e+01
   1.9066730e+06   1.7000000e+01
   1.9072200e+06   1.9000000e+01
   1.9077510e+06   1.9000000e+01
   1.9077950e+06   1.7000000e+01
   1.9080090e+06   2.0000000e+01
   1.9092340e+06   1.9000000e+01
   1.9099570e+06   1.9000000e+01
   1.9104790e+06   1.9000000e+01
   1.9106970e+06   1.7000000e+01
   1.9109650e+06   1.8000000e+01
   1.9111070e+06   1.7000000e+01
   1.9112890e+06   2.0000000e+01
   1.9113270e+06   1.8000000e+01
   1.9117020e+06   1.6000000e+01
   1.9117910e+06   2.0000000e+01
   1.9123220e+06   1.7000000e+01
   1.9123620e+06   1.7000000e+01
   1.9128140e+06   2.0000000e+01
   1.9132890e+06   1.6000000e+01
   1.9133200e+06   2.1000000e+01
   1.9138010e+06   1.6000000e+01
   1.9140510e+06   1.6000000e+01
   1.9145360e+06   2.0000000e+01
   1.9149060e+06   1.6000000e+01
   1.9151040e+06   1.7000000e+01
   1.9152380e+06   1.7000000e+01
   1.9152860e+06   1.6000000e+01
   1.9157220e+06   1.8000000e+01
   1.9159610e+06   1.7000000e+01
   1.9160700e+06   1.8000000e+01
   1.9169110e+06   1.6000000e+01
   1.9181750e+06   1.6000000e+01
   1.9184410e+06   1.6000000e+01
   1.9207470e+06   1.6000000e+01
   1.9215600e+06   1.8000000e+01
   1.9255410e+06   1.6000000e+01
   1.9258220e+06   1.8000000e+01
   1.9285260e+06   1.7000000e+01
   1.9347630e+06   1.7000000e+01
   1.9357640e+06   1.7000000e+01
   1.9388590e+06   1.6000000e+01
   1.9403380e+06   1.8000000e+01
   1.9434490e+06   2.0000000e+01
   1.9442500e+06   1.6000000e+01
   1.9717100e+06   1.8000000e+01
   1.9808450e+06   1.6000000e+01
   1.9847220e+06   1.7000000e+01
   1.9852300e+06   1.7000000e+01
   1.9852670e+06   1.8000000e+01
   1.9863080e+06   1.8000000e+01
   1.9872490e+06   1.6000000e+01
   1.9895300e+06   1.8000000e+01
   1.9914600e+06   1.7000000e+01
   1.9923190e+06   1.7000000e+01
   2.0771880e+06   1.7000000e+01
   2.0916830e+06   1.6000000e+01
   2.1221010e+06   1.9000000e+01
   2.1225510e+06   1.7000000e+01
   2.1229020e+06   1.6000000e+01
   2.1229290e+06   1.6000000e+01
   2.1232400e+06   1.6000000e+01
   2.1237520e+06   1.8000000e+01
   2.1241380e+06   1.9000000e+01
   2.1242080e+06   2.0000000e+01
   2.1243000e+06   1.8000000e+01
   2.1244850e+06   1.8000000e+01
   2.1245650e+06   1.7000000e+01
   2.1250350e+06   2.1000000e+01
   2.1252600e+06   1.6000000e+01
   2.1253870e+06   1.8000000e+01
   2.1254960e+06   2.0000000e+01
   2.1257580e+06   1.7000000e+01
   2.1269100e+06   1.7000000e+01
   2.1274920e+06   1.6000000e+01
   2.1275560e+06   2.0000000e+01
   2.1275870e+06   1.7000000e+01
   2.1277730e+06   1.8000000e+01
   2.1285890e+06   1.6000000e+01
   2.1294910e+06   1.7000000e+01
   2.1298380e+06   1.8000000e+01
   2.1314860e+06   1.9000000e+01
   2.1335430e+06   1.6000000e+01
   2.1377130e+06   1.7000000e+01
   2.1418980e+06   1.6000000e+01
   2.1503720e+06   1.9000000e+01
   2.1535340e+06   1.6000000e+01
   2.1539580e+06   1.6000000e+01
   2.1591710e+06   1.8000000e+01
   2.1623530e+06   1.6000000e+01
   2.1629670e+06   1.8000000e+01
   2.1634840e+06   1.6000000e+01
   2.1650820e+06   1.6000000e+01
   2.1651360e+06   1.9000000e+01
   2.1659740e+06   1.6000000e+01
   2.1684960e+06   1.6000000e+01
   2.1721500e+06   1.6000000e+01
   2.1767500e+06   1.6000000e+01
   2.1775880e+06   1.6000000e+01
   2.1816440e+06   1.7000000e+01
   2.1829280e+06   2.0000000e+01
   2.1903500e+06   2.4000000e+01
   2.1913080e+06   1.6000000e+01
   2.1926040e+06   2.0000000e+01
   2.1930370e+06   1.9000000e+01
   2.1942530e+06   1.6000000e+01
   2.1981600e+06   1.6000000e+01
   2.2062360e+06   1.8000000e+01
   2.2382930e+06   1.7000000e+01
   2.2408440e+06   1.7000000e+01
   2.3455890e+06   1.6000000e+01
   2.3470720e+06   1.6000000e+01
   2.3480820e+06   1.6000000e+01
   2.3501650e+06   1.6000000e+01
   2.3523220e+06   2.0000000e+01
   2.3766480e+06   1.6000000e+01
   2.4734810e+06   2.1000000e+01
   2.4753080e+06   1.7000000e+01
   2.4764820e+06   1.8000000e+01
   2.4765400e+06   1.6000000e+01
   2.5774660e+06   1.6000000e+01
   2.5783850e+06   1.6000000e+01
   2.5801740e+06   1.6000000e+01
   2.5809200e+06   1.7000000e+01
   2.5971090e+06   1.6000000e+01
   2.6076510e+06   1.6000000e+01
   2.6901130e+06   2.3000000e+01
   2.6942340e+06   1.7000000e+01
   2.7104640e+06   1.9000000e+01
   2.7113530e+06   1.6000000e+01
   2.7114120e+06   1.6000000e+01
   2.7117530e+06   1.6000000e+01
   2.7118240e+06   1.6000000e+01
   2.7119050e+06   2.2000000e+01
   2.7121980e+06   1.7000000e+01
   2.7134580e+06   1.7000000e+01
   2.7269480e+06   1.7000000e+01
   2.7383230e+06   1.7000000e+01
   2.7873960e+06   1.6000000e+01
   2.7907590e+06   2.2000000e+01
   2.9076370e+06   1.6000000e+01
   2.9280220e+06   1.6000000e+01
   2.9745580e+06   1.9000000e+01
   2.9799280e+06   1.8000000e+01
   2.9803980e+06   1.7000000e+01
   2.9807350e+06   1.6000000e+01
   2.9814110e+06   1.7000000e+01
   2.9822660e+06   2.2000000e+01
   2.9826840e+06   1.6000000e+01
   2.9827830e+06   1.7000000e+01
   2.9840040e+06   1.6000000e+01
   3.0256150e+06   1.6000000e+01
   3.0323580e+06   1.6000000e+01
   3.0412780e+06   1.6000000e+01
   3.0756030e+06   2.0000000e+01
   3.0760160e+06   1.7000000e+01
   3.0784410e+06   1.6000000e+01
   3.0787530e+06   1.6000000e+01
   3.0793930e+06   1.7000000e+01
   3.0794530e+06   1.7000000e+01
   3.0796590e+06   1.7000000e+01
   3.0797750e+06   1.8000000e+01
   3.0803650e+06   1.8000000e+01
   3.0804180e+06   1.7000000e+01
   3.0811090e+06   1.6000000e+01
   3.0816650e+06   1.6000000e+01
   3.0823480e+06   2.0000000e+01
   3.0825910e+06   1.6000000e+01
   3.0830620e+06   1.7000000e+01
   3.0855630e+06   1.6000000e+01
   3.0866320e+06   1.7000000e+01
   3.0883770e+06   1.9000000e+01
   3.0917200e+06   1.6000000e+01
   3.0918690e+06   1.6000000e+01
   3.0919530e+06   1.7000000e+01
   3.1017480e+06   1.7000000e+01
   3.1296870e+06   1.6000000e+01
   3.1298510e+06   1.7000000e+01
   3.1301540e+06   1.6000000e+01
   3.1302580e+06   1.6000000e+01
   3.1304510e+06   1.6000000e+01
   3.1306500e+06   1.7000000e+01
   3.1312920e+06   1.6000000e+01
   3.1314760e+06   1.8000000e+01
   3.1317390e+06   1.6000000e+01
   3.1357090e+06   1.6000000e+01
   3.1381740e+06   1.8000000e+01
   3.1391410e+06   1.9000000e+01
   3.1392200e+06   1.6000000e+01
   3.1397970e+06   1.6000000e+01
   3.1407410e+06   1.6000000e+01
   3.1444430e+06   1.9000000e+01
   3.2070420e+06   1.6000000e+01
   3.2436570e+06   1.6000000e+01
   3.2972290e+06   1.7000000e+01
   3.3037870e+06   2.4000000e+01
   3.3070880e+06   1.7000000e+01
   3.3076920e+06   1.7000000e+01
   3.3091970e+06   1.7000000e+01
   3.3480860e+06   1.7000000e+01
   3.3517290e+06   1.6000000e+01
   3.4050190e+06   1.7000000e+01
   3.4056870e+06   1.6000000e+01
   3.4271390e+06   2.0000000e+01
   3.4273550e+06   2.1000000e+01
   3.4279820e+06   1.8000000e+01
   3.4284290e+06   1.6000000e+01
   3.4285370e+06   1.9000000e+01
   3.4362380e+06   1.9000000e+01
   3.4385530e+06   1.6000000e+01
   3.4489160e+06   2.1000000e+01
   3.4502580e+06   1.6000000e+01
   3.4515470e+06   1.7000000e+01
   3.4519090e+06   1.8000000e+01
   3.4560460e+06   1.8000000e+01
   3.4637740e+06   1.6000000e+01
   3.4671940e+06   1.6000000e+01
   3.5096990e+06   1.6000000e+01
   3.5355840e+06   1.7000000e+01
   3.5363020e+06   1.6000000e+01
   3.5367690e+06   1.6000000e+01
   3.5370250e+06   1.7000000e+01
   3.5370780e+06   1.9000000e+01
   3.5375440e+06   1.8000000e+01
   3.5380280e+06   1.8000000e+01
   3.5383790e+06   2.1000000e+01
   3.5393990e+06   1.9000000e+01
   3.5407960e+06   1.6000000e+01
   3.5690760e+06   1.6000000e+01
   3.5722010e+06   1.7000000e+01
   3.5722780e+06   1.8000000e+01
   3.5729610e+06   1.6000000e+01
   3.5732820e+06   1.8000000e+01
   3.5738010e+06   1.6000000e+01
   3.5739780e+06   1.7000000e+01
   3.5740940e+06   1.6000000e+01
   3.5744750e+06   1.7000000e+01
   3.5756730e+06   1.6000000e+01
   3.5762100e+06   1.7000000e+01
   3.5765490e+06   2.1000000e+01
   3.5769570e+06   1.6000000e+01
   3.5788830e+06   1.8000000e+01
   3.5794060e+06   1.8000000e+01
   3.5811150e+06   1.6000000e+01
   3.5832820e+06   1.6000000e+01
   3.5838790e+06   1.6000000e+01
   3.5840870e+06   1.7000000e+01
   3.5857020e+06   1.7000000e+01
   3.5859800e+06   1.6000000e+01
   3.5868690e+06   1.8000000e+01
   3.5874730e+06   2.2000000e+01
   3.5886100e+06   1.7000000e+01
   3.5960060e+06   1.6000000e+01
   3.5960660e+06   1.9000000e+01
   3.6005430e+06   1.7000000e+01
   3.6017830e+06   1.7000000e+01
   3.6043650e+06   1.6000000e+01
   3.6052770e+06   2.0000000e+01
   3.6072560e+06   1.7000000e+01
   3.6077840e+06   1.7000000e+01
   3.6124600e+06   1.6000000e+01
   3.6163820e+06   1.7000000e+01
   3.6239800e+06   1.7000000e+01
   3.6285080e+06   2.0000000e+01
   3.6317440e+06   1.7000000e+01
   3.6351010e+06   1.6000000e+01
   3.6617720e+06   1.6000000e+01
   3.6678620e+06   1.6000000e+01
   3.6688320e+06   1.6000000e+01
   3.6714780e+06   1.6000000e+01
   3.7484140e+06   1.7000000e+01
   3.8804330e+06   1.8000000e+01
   3.8813470e+06   1.7000000e+01
   3.9310280e+06   1.7000000e+01
   4.0008290e+06   1.6000000e+01
   4.0020280e+06   1.7000000e+01
   4.0623970e+06   1.7000000e+01
   4.1027470e+06   2.1000000e+01
   4.1029530e+06   1.6000000e+01
   4.1032470e+06   1.9000000e+01
   4.1041230e+06   1.7000000e+01
   4.1042080e+06   1.9000000e+01
   4.1042400e+06   1.7000000e+01
   4.1052610e+06   1.7000000e+01
   4.1058610e+06   1.7000000e+01
   4.1062510e+06   1.6000000e+01
   4.1074730e+06   1.6000000e+01
   4.1510370e+06   1.6000000e+01
   4.1510660e+06   1.6000000e+01
   4.1591800e+06   1.6000000e+01
   4.1744230e+06   1.8000000e+01
   4.1847970e+06   1.6000000e+01
   4.1853820e+06   1.6000000e+01
   4.1893320e+06   2.1000000e+01
   4.2248820e+06   1.7000000e+01
   4.2249530e+06   1.6000000e+01
   4.2256270e+06   1.6000000e+01
   4.2268620e+06   1.6000000e+01
   4.2270730e+06   1.7000000e+01
   4.2273060e+06   1.8000000e+01
   4.2276040e+06   1.6000000e+01
   4.2276330e+06   1.7000000e+01
   4.2292450e+06   1.6000000e+01
   4.2295480e+06   1.6000000e+01
   4.2315020e+06   1.7000000e+01
   4.2315280e+06   1.7000000e+01
   4.2319060e+06   1.6000000e+01
   4.2320160e+06   1.6000000e+01
   4.2338840e+06   1.6000000e+01
   4.2397520e+06   1.6000000e+01
   4.2589860e+06   1.7000000e+01
   4.2945350e+06   1.7000000e+01
   4.3054550e+06   1.8000000e+01
   4.3055710e+06   1.8000000e+01
   4.3059470e+06   1.7000000e+01
   4.3059900e+06   1.6000000e+01
   4.3062060e+06   1.6000000e+01
   4.3063640e+06   1.9000000e+01
   4.3064830e+06   1.7000000e+01
   4.3111770e+06   1.7000000e+01
   4.3519840e+06   1.7000000e+01
   4.3532080e+06   1.8000000e+01
   4.3533800e+06   1.6000000e+01
   4.3539590e+06   1.9000000e+01
   4.3539890e+06   1.6000000e+01
   4.3546220e+06   2.2000000e+01
   4.3551350e+06   1.6000000e+01
   4.3555060e+06   1.7000000e+01
   4.3574330e+06   1.6000000e+01
   4.3578640e+06   2.2000000e+01
   4.3585550e+06   1.9000000e+01
   4.3596670e+06   1.6000000e+01
   4.3682300e+06   1.8000000e+01
   4.3705590e+06   1.6000000e+01
   4.3811750e+06   1.8000000e+01
   4.4000840e+06   1.6000000e+01
   4.4207370e+06   1.6000000e+01
   4.4223650e+06   1.6000000e+01
   4.4229030e+06   1.8000000e+01
   4.4230020e+06   1.7000000e+01
   4.4243530e+06   1.6000000e+01
   4.4251780e+06   1.7000000e+01
   4.4300690e+06   1.7000000e+01
   4.4412780e+06   1.6000000e+01
   4.4469230e+06   1.8000000e+01
   4.5591240e+06   1.6000000e+01
   4.5732460e+06   1.9000000e+01
   4.5796760e+06   2.0000000e+01
   4.5801140e+06   1.7000000e+01
   4.5810970e+06   1.6000000e+01
   4.5811550e+06   1.6000000e+01
   4.6122900e+06   1.9000000e+01
   4.6609920e+06   1.9000000e+01
   4.6850360e+06   2.0000000e+01
   4.6884840e+06   1.6000000e+01
   4.7224690e+06   1.8000000e+01
   4.7466580e+06   1.7000000e+01
   4.7554350e+06   1.9000000e+01
   4.8190300e+06   1.7000000e+01
   4.8202020e+06   1.6000000e+01
   4.8212560e+06   1.6000000e+01
   4.8227700e+06   1.6000000e+01
   4.8257980e+06   1.9000000e+01
   4.8353650e+06   1.6000000e+01
   4.8426590e+06   1.7000000e+01
   4.8559890e+06   1.7000000e+01
   4.8762250e+06   1.8000000e+01
   4.8776260e+06   1.6000000e+01
   4.8784230e+06   1.7000000e+01
   4.8785230e+06   1.6000000e+01
   4.9019430e+06   1.6000000e+01
   4.9469100e+06   1.6000000e+01
   4.9961750e+06   1.6000000e+01
   5.0029310e+06   1.6000000e+01
   5.0069920e+06   1.8000000e+01
   5.0086310e+06   1.7000000e+01
   5.0087150e+06   1.8000000e+01
   5.0093660e+06   1.6000000e+01
   5.0095850e+06   1.6000000e+01
   5.0106890e+06   1.6000000e+01
   5.0124230e+06   1.7000000e+01
   5.0126600e+06   1.9000000e+01
   5.0131800e+06   1.7000000e+01
   5.0142390e+06   1.6000000e+01
   5.0166000e+06   1.7000000e+01
   5.0166840e+06   1.8000000e+01
   5.0173230e+06   1.6000000e+01
   5.0179320e+06   2.1000000e+01
   5.0179700e+06   1.7000000e+01
   5.0180650e+06   1.6000000e+01
   5.0189850e+06   1.6000000e+01
   5.0191600e+06   1.7000000e+01
   5.0192630e+06   1.6000000e+01
   5.0195800e+06   1.6000000e+01
   5.0197140e+06   1.6000000e+01
   5.0199460e+06   1.7000000e+01
   5.0206040e+06   1.6000000e+01
   5.0245570e+06   1.7000000e+01
   5.0256600e+06   1.7000000e+01
   5.0371890e+06   1.6000000e+01
   5.0605120e+06   1.6000000e+01
   5.0642700e+06   2.1000000e+01
   5.0662260e+06   1.6000000e+01
   5.0676080e+06   1.6000000e+01
   5.0819270e+06   1.6000000e+01
   5.1296660e+06   2.4000000e+01
   5.1548720e+06   1.6000000e+01
   5.1552280e+06   1.9000000e+01
   5.1556430e+06   1.7000000e+01
   5.1560550e+06   1.8000000e+01
   5.1564460e+06   1.8000000e+01
   5.1568400e+06   1.8000000e+01
   5.1582230e+06   1.9000000e+01
   5.1583680e+06   1.6000000e+01
   5.1590100e+06   1.6000000e+01
   5.1607010e+06   2.3000000e+01
   5.1611800e+06   1.8000000e+01
   5.1622170e+06   1.6000000e+01
   5.1680340e+06   1.6000000e+01
   5.1791170e+06   1.9000000e+01
   5.1887960e+06   1.6000000e+01
   5.1944960e+06   1.6000000e+01
   5.2082870e+06   1.7000000e+01
   5.2194510e+06   1.6000000e+01
   5.2205120e+06   1.7000000e+01
   5.2483780e+06   1.6000000e+01
   5.2607280e+06   1.9000000e+01
   5.2657860e+06   2.1000000e+01
   5.2969110e+06   1.6000000e+01
   5.3001320e+06   1.6000000e+01
   5.3011530e+06   1.9000000e+01
   5.3012130e+06   1.9000000e+01
   5.3135520e+06   1.6000000e+01
   5.3146770e+06   1.9000000e+01
   5.3180690e+06   1.6000000e+01
   5.3942890e+06   1.8000000e+01
   5.3943200e+06   2.1000000e+01
   5.3951160e+06   2.0000000e+01
   5.4195780e+06   1.7000000e+01
   5.4404100e+06   1.6000000e+01
   5.4405310e+06   1.6000000e+01
   5.4750200e+06   1.9000000e+01
   5.4752310e+06   1.7000000e+01
   5.4754850e+06   1.6000000e+01
   5.4755560e+06   1.7000000e+01
   5.4758290e+06   1.6000000e+01
   5.4762120e+06   1.6000000e+01
   5.4769270e+06   1.8000000e+01
   5.4779060e+06   1.7000000e+01
   5.4779640e+06   1.6000000e+01
   5.4862120e+06   1.6000000e+01
   5.5471150e+06   1.7000000e+01
   5.5471450e+06   1.7000000e+01
   5.5478860e+06   1.7000000e+01
   5.5663390e+06   1.6000000e+01
   5.5680520e+06   1.6000000e+01
   5.5697940e+06   1.8000000e+01
   5.5704200e+06   1.9000000e+01
   5.6144750e+06   1.6000000e+01
   5.6185690e+06   1.7000000e+01
   5.6188200e+06   1.6000000e+01
   5.6192510e+06   1.9000000e+01
   5.6193120e+06   1.9000000e+01
   5.6199730e+06   1.6000000e+01
   5.6231710e+06   1.6000000e+01
   5.6449630e+06   1.7000000e+01
   5.6670200e+06   1.8000000e+01
   5.7064010e+06   1.6000000e+01
   5.7065840e+06   1.8000000e+01
   5.7066100e+06   1.7000000e+01
   5.7070420e+06   1.8000000e+01
   5.7073830e+06   1.6000000e+01
   5.7074080e+06   1.7000000e+01
   5.7074690e+06   1.8000000e+01
   5.7077030e+06   1.7000000e+01
   5.7077350e+06   1.9000000e+01
   5.7078970e+06   1.7000000e+01
   5.7082890e+06   1.6000000e+01
   5.7083420e+06   1.7000000e+01
   5.7083780e+06   1.7000000e+01
   5.7084910e+06   1.6000000e+01
   5.7087330e+06   1.9000000e+01
   5.7090290e+06   1.8000000e+01
   5.7091180e+06   1.9000000e+01
   5.7094250e+06   2.4000000e+01
   5.7095190e+06   1.6000000e+01
   5.7097430e+06   1.6000000e+01
   5.7098620e+06   1.7000000e+01
   5.7099310e+06   1.6000000e+01
   5.7100420e+06   1.8000000e+01
   5.7101500e+06   2.1000000e+01
   5.7101930e+06   1.7000000e+01
   5.7104600e+06   1.6000000e+01
   5.7115470e+06   1.6000000e+01
   5.7117170e+06   1.8000000e+01
   5.7117900e+06   2.1000000e+01
   5.7122980e+06   1.7000000e+01
   5.7127610e+06   1.6000000e+01
   5.7127920e+06   1.6000000e+01
   5.7132710e+06   1.7000000e+01
   5.7144300e+06   1.6000000e+01
   5.7149260e+06   1.7000000e+01
   5.7161750e+06   1.6000000e+01
   5.7173970e+06   2.0000000e+01
   5.7179180e+06   1.7000000e+01
   5.7184690e+06   1.7000000e+01
   5.7189150e+06   1.7000000e+01
   5.7216800e+06   1.8000000e+01
   5.7317610e+06   1.6000000e+01
   5.7324440e+06   1.6000000e+01
   5.7326550e+06   1.6000000e+01
   5.7342290e+06   1.6000000e+01
   5.7400240e+06   1.6000000e+01
   5.7402370e+06   1.6000000e+01
   5.7419760e+06   2.0000000e+01
   5.7426870e+06   1.6000000e+01
   5.7429470e+06   1.6000000e+01
   5.7430010e+06   2.5000000e+01
   5.7430500e+06   1.7000000e+01
   5.7454750e+06   1.6000000e+01
   5.7465790e+06   1.9000000e+01
   5.7491210e+06   2.0000000e+01
   5.7516740e+06   1.6000000e+01
   5.7747580e+06   1.6000000e+01
   5.7841190e+06   1.7000000e+01
   5.8016200e+06   1.8000000e+01
   5.8213120e+06   1.6000000e+01
   5.8503930e+06   1.7000000e+01
   5.8575250e+06   1.7000000e+01
   5.8664190e+06   1.6000000e+01
   5.8751980e+06   1.8000000e+01
   5.9312600e+06   1.6000000e+01
   5.9485410e+06   1.6000000e+01
   5.9708930e+06   1.6000000e+01
   5.9903170e+06   1.6000000e+01
   6.0029840e+06   1.6000000e+01
   6.0178620e+06   1.6000000e+01
   6.0215350e+06   1.7000000e+01
   6.0456280e+06   1.6000000e+01
   6.0495540e+06   1.6000000e+01
   6.0648090e+06   1.7000000e+01
   6.0881920e+06   1.6000000e+01
   6.1047480e+06   1.6000000e+01
   6.1248580e+06   1.6000000e+01
   6.1305200e+06   1.6000000e+01
   6.1315060e+06   1.7000000e+01
   6.1510300e+06   1.6000000e+01
   6.1516830e+06   1.6000000e+01
   6.1564450e+06   1.7000000e+01
   6.1664100e+06   1.9000000e+01
   6.1673950e+06   1.6000000e+01
   6.1675980e+06   1.6000000e+01
   6.1676590e+06   1.6000000e+01
   6.1684660e+06   1.6000000e+01
   6.1689560e+06   1.6000000e+01
   6.1697520e+06   1.6000000e+01
   6.1701450e+06   1.6000000e+01
   6.1710330e+06   1.6000000e+01
   6.2213760e+06   1.7000000e+01
   6.2595710e+06   1.7000000e+01
   6.2933500e+06   1.6000000e+01
   6.3289080e+06   1.8000000e+01
   6.3315400e+06   1.7000000e+01
   6.3327450e+06   1.6000000e+01
   6.3746040e+06   1.6000000e+01
   6.4207960e+06   1.6000000e+01
   6.4209710e+06   1.7000000e+01
   6.4210990e+06   1.6000000e+01
   6.4217970e+06   1.8000000e+01
   6.4218700e+06   1.9000000e+01
   6.4221290e+06   1.6000000e+01
   6.4221570e+06   1.6000000e+01
   6.4223730e+06   1.7000000e+01
   6.4226630e+06   1.6000000e+01
   6.4227150e+06   1.8000000e+01
   6.4230160e+06   1.6000000e+01
   6.4231340e+06   1.7000000e+01
   6.4235310e+06   1.6000000e+01
   6.4235900e+06   1.8000000e+01
   6.4238450e+06   1.7000000e+01
   6.4240370e+06   1.7000000e+01
   6.4244380e+06   1.6000000e+01
   6.4252900e+06   1.6000000e+01
   6.4630330e+06   1.6000000e+01
   6.4944400e+06   1.7000000e+01
   6.4991160e+06   1.8000000e+01
   6.5021960e+06   1.6000000e+01
   6.5259360e+06   1.8000000e+01
   6.5343200e+06   1.9000000e+01
   6.5348280e+06   1.9000000e+01
   6.5355520e+06   1.6000000e+01
   6.5356920e+06   1.6000000e+01
   6.5357360e+06   1.6000000e+01
   6.5359360e+06   1.7000000e+01
   6.5359920e+06   2.6000000e+01
   6.5360280e+06   1.6000000e+01
   6.5360740e+06   2.1000000e+01
   6.5361260e+06   1.6000000e+01
   6.5365380e+06   2.5000000e+01
   6.5365750e+06   1.9000000e+01
   6.5370080e+06   1.8000000e+01
   6.5370440e+06   1.7000000e+01
   6.5371970e+06   2.4000000e+01
   6.5382800e+06   1.6000000e+01
   6.5386110e+06   1.9000000e+01
   6.5386470e+06   1.8000000e+01
   6.5389570e+06   1.6000000e+01
   6.5394460e+06   1.6000000e+01
   6.5403490e+06   1.6000000e+01
   6.5408390e+06   1.6000000e+01
   6.5413990e+06   1.8000000e+01
   6.5426100e+06   1.8000000e+01
   6.5450510e+06   1.7000000e+01
   6.5459820e+06   1.8000000e+01
   6.5485080e+06   1.8000000e+01
   6.5499180e+06   1.7000000e+01
   6.5541010e+06   1.9000000e+01
   6.5559530e+06   1.6000000e+01
   6.5575460e+06   1.7000000e+01
   6.5578100e+06   1.6000000e+01
   6.5589560e+06   1.7000000e+01
   6.5666550e+06   1.7000000e+01
   6.5670670e+06   1.6000000e+01
   6.5676610e+06   1.8000000e+01
   6.5677600e+06   1.7000000e+01
   6.5680370e+06   1.6000000e+01
   6.5689150e+06   2.1000000e+01
   6.5698380e+06   1.7000000e+01
   6.5701360e+06   1.7000000e+01
   6.5705070e+06   1.8000000e+01
   6.5705510e+06   1.6000000e+01
   6.5707740e+06   2.2000000e+01
   6.5712660e+06   1.7000000e+01
   6.5720770e+06   1.9000000e+01
   6.5779600e+06   1.6000000e+01
   6.5804060e+06   1.6000000e+01
   6.5814670e+06   1.8000000e+01
   6.5826800e+06   2.0000000e+01
   6.5841790e+06   1.9000000e+01
   6.5852930e+06   1.6000000e+01
   6.5855010e+06   1.6000000e+01
   6.5878900e+06   2.0000000e+01
   6.5926800e+06   1.7000000e+01
   6.5935440e+06   1.7000000e+01
   6.5950210e+06   2.1000000e+01
   6.5950530e+06   1.9000000e+01
   6.5953610e+06   1.6000000e+01
   6.5978200e+06   1.9000000e+01
   6.6007420e+06   1.7000000e+01
   6.6017100e+06   1.6000000e+01
   6.6092870e+06   1.6000000e+01
   6.6109850e+06   1.6000000e+01
   6.6139580e+06   1.7000000e+01
   6.6182470e+06   1.6000000e+01
   6.6192090e+06   1.6000000e+01
   6.6224920e+06   1.9000000e+01
   6.6227130e+06   1.6000000e+01
   6.6229960e+06   1.7000000e+01
   6.6269510e+06   1.7000000e+01
   6.6273330e+06   1.6000000e+01
   6.6299540e+06   2.1000000e+01
   6.6342100e+06   1.6000000e+01
   6.6435680e+06   1.6000000e+01
   6.6516840e+06   2.0000000e+01
   6.6530510e+06   1.7000000e+01
   6.6881890e+06   1.6000000e+01
   6.7050070e+06   1.6000000e+01
   6.7225320e+06   1.8000000e+01
   6.7244440e+06   1.8000000e+01
   6.7247060e+06   1.8000000e+01
   6.7345300e+06   1.7000000e+01
   6.7380560e+06   1.6000000e+01
   6.7833500e+06   1.6000000e+01
   6.7980340e+06   1.6000000e+01
   6.8367850e+06   1.7000000e+01
   6.8559970e+06   1.8000000e+01
   6.8964730e+06   1.6000000e+01
   6.9274350e+06   1.6000000e+01
   6.9279620e+06   1.8000000e+01
   6.9284630e+06   1.6000000e+01
   6.9286650e+06   1.9000000e+01
   6.9290860e+06   2.1000000e+01
   6.9294310e+06   1.6000000e+01
   6.9294670e+06   1.6000000e+01
   6.9298820e+06   1.7000000e+01
   6.9302370e+06   2.0000000e+01
   6.9302870e+06   2.1000000e+01
   6.9313130e+06   1.6000000e+01
   6.9319280e+06   1.6000000e+01
   6.9381540e+06   1.8000000e+01
   6.9469510e+06   1.8000000e+01
   6.9527640e+06   2.1000000e+01
   6.9531080e+06   2.0000000e+01
   6.9539570e+06   1.6000000e+01
   6.9553320e+06   1.7000000e+01
   6.9950370e+06   1.6000000e+01
   7.0428520e+06   1.6000000e+01
   7.0588340e+06   1.6000000e+01
   7.0766750e+06   1.6000000e+01
   7.0867820e+06   1.6000000e+01
   7.1115050e+06   1.6000000e+01
   7.1302520e+06   1.6000000e+01
   7.1305780e+06   1.6000000e+01
   7.1308760e+06   1.6000000e+01
   7.1310050e+06   1.6000000e+01
   7.1324420e+06   1.8000000e+01
   7.1327930e+06   1.6000000e+01
   7.1343910e+06   1.7000000e+01
   7.1345070e+06   1.7000000e+01
   7.1351510e+06   1.9000000e+01
   7.1363840e+06   1.6000000e+01
   7.1548060e+06   1.7000000e+01
   7.1796420e+06   1.6000000e+01
   7.1890300e+06   1.6000000e+01
   7.1970800e+06   1.6000000e+01
   7.2086740e+06   1.7000000e+01
   7.2212500e+06   1.8000000e+01
   7.2224310e+06   1.8000000e+01
   7.3006950e+06   2.2000000e+01
   7.3017630e+06   1.9000000e+01
   7.3024260e+06   1.7000000e+01
   7.3028510e+06   1.7000000e+01
   7.3032740e+06   1.9000000e+01
   7.3033220e+06   1.8000000e+01
   7.3038430e+06   1.6000000e+01
   7.3058800e+06   1.6000000e+01
   7.3090580e+06   1.7000000e+01
   7.3190740e+06   1.6000000e+01
   7.3298490e+06   1.7000000e+01
   7.3425760e+06   1.6000000e+01
   7.3516490e+06   1.6000000e+01
   7.3518910e+06   1.6000000e+01
   7.3523480e+06   1.6000000e+01
   7.3525290e+06   1.6000000e+01
   7.3527110e+06   1.6000000e+01
   7.3529360e+06   1.7000000e+01
   7.3534560e+06   1.8000000e+01
   7.3544630e+06   1.6000000e+01
   7.3546100e+06   1.6000000e+01
   7.3549510e+06   1.6000000e+01
   7.3555930e+06   1.8000000e+01
   7.3561420e+06   1.6000000e+01
   7.3567530e+06   1.9000000e+01
   7.3568000e+06   2.0000000e+01
   7.3572290e+06   1.6000000e+01
   7.3589360e+06   2.1000000e+01
   7.3601900e+06   1.6000000e+01
   7.3603370e+06   1.8000000e+01
   7.3606400e+06   1.9000000e+01
   7.3622820e+06   1.6000000e+01
   7.3651360e+06   1.7000000e+01
   7.3869510e+06   1.8000000e+01
   7.3891960e+06   1.7000000e+01
   7.4093730e+06   1.6000000e+01
   7.4633590e+06   1.7000000e+01
   7.4639310e+06   1.7000000e+01
   7.4643840e+06   1.6000000e+01
   7.4645800e+06   1.7000000e+01
   7.4652560e+06   1.9000000e+01
   7.4653940e+06   1.6000000e+01
   7.4657300e+06   1.6000000e+01
   7.4658550e+06   1.6000000e+01
   7.4660040e+06   1.6000000e+01
   7.4664080e+06   1.6000000e+01
   7.4664570e+06   1.6000000e+01
   7.4674360e+06   2.0000000e+01
   7.4677520e+06   1.7000000e+01
   7.4987930e+06   1.7000000e+01
