   7.5000000e+06   0.0000000e+00
   4.2970000e+03   1.7000000e+01
   4.4910000e+03   1.6000000e+01
   1.3542000e+04   1.6000000e+01
   1.6579000e+04   1.8000000e+01
   2.2945000e+04   1.8000000e+01
   2.5697000e+04   1.7000000e+01
   3.3014000e+04   1.9000000e+01
   3.3663000e+04   1.6000000e+01
   3.4085000e+04   1.8000000e+01
   3.4344000e+04   1.6000000e+01
   3.4458000e+04   1.7000000e+01
   3.5545000e+04   2.0000000e+01
   3.6779000e+04   2.1000000e+01
   3.6817000e+04   1.6000000e+01
   4.1615000e+04   1.6000000e+01
   4.4721000e+04   1.6000000e+01
   4.5319000e+04   2.1000000e+01
   5.0672000e+04   1.9000000e+01
   5.3041000e+04   1.7000000e+01
   5.3700000e+04   1.7000000e+01
   5.6534000e+04   1.6000000e+01
   5.9643000e+04   1.7000000e+01
   6.2537000e+04   1.6000000e+01
   6.6114000e+04   1.8000000e+01
   6.9232000e+04   1.8000000e+01
   7.3048000e+04   1.6000000e+01
   7.6230000e+04   1.6000000e+01
   8.5705000e+04   1.7000000e+01
   9.7850000e+04   1.8000000e+01
   1.0158800e+05   1.6000000e+01
   1.0423400e+05   2.0000000e+01
   1.1049700e+05   1.7000000e+01
   1.1468700e+05   1.7000000e+01
   1.2095200e+05   1.6000000e+01
   1.2117100e+05   1.7000000e+01
   1.2143400e+05   1.9000000e+01
   1.2146900e+05   1.7000000e+01
   1.2176700e+05   1.6000000e+01
   1.2189100e+05   1.6000000e+01
   1.2218600e+05   1.9000000e+01
   1.2252000e+05   1.7000000e+01
   1.2412800e+05   1.6000000e+01
   1.3177100e+05   1.7000000e+01
   1.3584300e+05   1.6000000e+01
   1.4021400e+05   1.7000000e+01
   1.4371200e+05   1.7000000e+01
   1.4927000e+05   1.8000000e+01
   1.5230300e+05   1.6000000e+01
   1.5578000e+05   1.7000000e+01
   1.5987100e+05   1.6000000e+01
   1.6106800e+05   1.6000000e+01
   1.6256600e+05   1.6000000e+01
   1.7204400e+05   1.6000000e+01
   1.7916600e+05   1.8000000e+01
   1.8588800e+05   1.7000000e+01
   1.9344300e+05   1.8000000e+01
   1.9956100e+05   1.7000000e+01
   2.0639400e+05   1.7000000e+01
   2.0982700e+05   1.6000000e+01
   2.1643500e+05   1.6000000e+01
   2.2323900e+05   1.7000000e+01
   2.2446500e+05   2.0000000e+01
   2.2532500e+05   1.9000000e+01
   2.2595700e+05   1.6000000e+01
   2.2877600e+05   1.7000000e+01
   2.3119100e+05   1.6000000e+01
   2.3272400e+05   1.9000000e+01
   2.3544100e+05   1.6000000e+01
   2.3582500e+05   2.0000000e+01
   2.3615200e+05   1.6000000e+01
   2.3752700e+05   1.7000000e+01
   2.3794800e+05   1.6000000e+01
   2.3865600e+05   1.8000000e+01
   2.4131200e+05   1.6000000e+01
   2.4188800e+05   1.6000000e+01
   2.4233500e+05   1.8000000e+01
   2.4317700e+05   1.6000000e+01
   2.4773300e+05   1.8000000e+01
   2.4978100e+05   1.7000000e+01
   2.5300100e+05   1.6000000e+01
   2.5612900e+05   1.6000000e+01
   2.6212900e+05   1.6000000e+01
   2.6669100e+05   1.6000000e+01
   2.6890800e+05   1.9000000e+01
   2.7162600e+05   1.7000000e+01
   2.7466000e+05   1.6000000e+01
   2.7679100e+05   1.8000000e+01
   2.8379200e+05   2.0000000e+01
   2.9498600e+05   1.6000000e+01
   2.9877400e+05   1.8000000e+01
   3.0242300e+05   1.6000000e+01
   3.0841400e+05   2.0000000e+01
   3.1146900e+05   1.6000000e+01
   3.1420700e+05   1.8000000e+01
   3.1773900e+05   1.9000000e+01
   3.4617900e+05   1.6000000e+01
   3.5382700e+05   1.6000000e+01
   3.5561300e+05   2.0000000e+01
   3.5664300e+05   1.6000000e+01
   3.5752900e+05   1.6000000e+01
   3.5822500e+05   1.6000000e+01
   3.5915900e+05   1.7000000e+01
   3.6181700e+05   1.9000000e+01
   3.6420500e+05   1.8000000e+01
   3.6564900e+05   1.9000000e+01
   3.7173200e+05   1.8000000e+01
   3.7443600e+05   1.8000000e+01
   3.7483300e+05   1.6000000e+01
   3.7508300e+05   1.6000000e+01
   3.7668500e+05   1.7000000e+01
   3.7704800e+05   1.7000000e+01
   3.7768500e+05   2.0000000e+01
   3.7807100e+05   1.9000000e+01
   3.7850200e+05   1.6000000e+01
   3.7861100e+05   1.6000000e+01
   3.7948200e+05   1.6000000e+01
   3.8019100e+05   1.9000000e+01
   3.8056900e+05   1.6000000e+01
   3.8091200e+05   1.6000000e+01
   3.8177400e+05   1.6000000e+01
   3.8224000e+05   1.9000000e+01
   3.8418500e+05   1.6000000e+01
   3.8624900e+05   1.7000000e+01
   3.8638100e+05   1.7000000e+01
   3.8739600e+05   1.6000000e+01
   3.8788900e+05   1.7000000e+01
   3.9050600e+05   1.6000000e+01
   3.9343800e+05   1.6000000e+01
   3.9413200e+05   1.6000000e+01
   3.9487500e+05   1.6000000e+01
   3.9495800e+05   1.7000000e+01
   3.9626100e+05   1.6000000e+01
   3.9696600e+05   1.9000000e+01
   3.9777000e+05   1.6000000e+01
   4.0202600e+05   1.6000000e+01
   4.0421300e+05   1.8000000e+01
   4.0503000e+05   1.9000000e+01
   4.0732500e+05   1.6000000e+01
   4.0775800e+05   1.6000000e+01
   4.0859000e+05   1.6000000e+01
   4.0862300e+05   1.6000000e+01
   4.0982500e+05   1.6000000e+01
   4.1101400e+05   1.6000000e+01
   4.1336800e+05   1.7000000e+01
   4.1477400e+05   1.6000000e+01
   4.1575100e+05   1.6000000e+01
   4.1583900e+05   1.6000000e+01
   4.2058800e+05   1.6000000e+01
   4.2195600e+05   1.6000000e+01
   4.2621400e+05   1.6000000e+01
   4.2703900e+05   1.7000000e+01
   4.2862200e+05   1.6000000e+01
   4.3221000e+05   2.1000000e+01
   4.3593300e+05   1.7000000e+01
   4.4639600e+05   1.7000000e+01
   4.4886400e+05   1.6000000e+01
   4.5001900e+05   1.9000000e+01
   4.5224000e+05   1.7000000e+01
   4.5259300e+05   1.8000000e+01
   4.5322800e+05   1.6000000e+01
   4.5380100e+05   1.7000000e+01
   4.5587300e+05   1.9000000e+01
   4.5688900e+05   1.6000000e+01
   4.5747100e+05   1.6000000e+01
   4.5890400e+05   2.1000000e+01
   4.6288200e+05   1.7000000e+01
   4.6900500e+05   1.6000000e+01
   4.7218900e+05   1.6000000e+01
   4.7742900e+05   1.7000000e+01
   4.8225100e+05   1.6000000e+01
   5.0419100e+05   1.6000000e+01
   5.1076500e+05   1.9000000e+01
   5.1842500e+05   1.6000000e+01
   5.2205900e+05   1.7000000e+01
   5.4032100e+05   1.8000000e+01
   5.5082700e+05   1.7000000e+01
   5.5239100e+05   2.0000000e+01
   5.5327200e+05   1.6000000e+01
   5.5993600e+05   1.8000000e+01
   5.6030300e+05   1.6000000e+01
   5.6777300e+05   1.7000000e+01
   5.7482300e+05   1.6000000e+01
   5.8182900e+05   1.6000000e+01
   5.8924600e+05   1.7000000e+01
   5.9300100e+05   1.9000000e+01
   6.0770800e+05   1.8000000e+01
   6.1061400e+05   1.7000000e+01
   6.3199800e+05   1.7000000e+01
   6.3570700e+05   1.6000000e+01
   6.4684100e+05   1.7000000e+01
   6.5028900e+05   1.6000000e+01
   6.5903400e+05   1.8000000e+01
   6.6040600e+05   1.7000000e+01
   6.6394000e+05   1.6000000e+01
   6.6698000e+05   1.7000000e+01
   6.7073900e+05   1.6000000e+01
   6.7484700e+05   1.8000000e+01
   6.7824800e+05   1.6000000e+01
   6.9473900e+05   1.9000000e+01
   6.9800300e+05   1.6000000e+01
   7.0161200e+05   1.8000000e+01
   7.0482200e+05   1.6000000e+01
   7.1651800e+05   2.0000000e+01
   7.2011600e+05   1.6000000e+01
   7.2623700e+05   1.6000000e+01
   7.3508900e+05   1.6000000e+01
   7.3854100e+05   2.0000000e+01
   7.4192400e+05   1.9000000e+01
   7.4601000e+05   1.6000000e+01
   7.5007300e+05   1.7000000e+01
   7.5703300e+05   1.6000000e+01
   7.6063200e+05   1.6000000e+01
   7.6783000e+05   1.6000000e+01
   7.7549900e+05   1.9000000e+01
   7.7939100e+05   1.7000000e+01
   7.7979800e+05   1.8000000e+01
   7.8373900e+05   1.9000000e+01
   7.8610600e+05   2.0000000e+01
   7.8634300e+05   1.7000000e+01
   7.8656500e+05   1.8000000e+01
   7.8691200e+05   2.1000000e+01
   7.8723800e+05   1.7000000e+01
   7.8754600e+05   2.1000000e+01
   7.8768800e+05   1.8000000e+01
   7.8778800e+05   1.6000000e+01
   7.8795500e+05   2.1000000e+01
   7.8798100e+05   1.6000000e+01
   7.8861800e+05   1.8000000e+01
   7.8865100e+05   1.6000000e+01
   7.8946800e+05   1.6000000e+01
   7.9229700e+05   1.6000000e+01
   7.9287100e+05   1.6000000e+01
   7.9552900e+05   1.9000000e+01
   7.9833800e+05   1.6000000e+01
   8.0873600e+05   1.6000000e+01
   8.0969100e+05   1.6000000e+01
   8.1250400e+05   2.0000000e+01
   8.1480300e+05   1.7000000e+01
   8.1730800e+05   1.6000000e+01
   8.2581400e+05   1.8000000e+01
   8.3363800e+05   1.6000000e+01
   8.3742100e+05   1.6000000e+01
   8.3828800e+05   1.6000000e+01
   8.4843900e+05   1.7000000e+01
   8.5176500e+05   2.0000000e+01
   8.5504600e+05   1.6000000e+01
   8.5908000e+05   2.0000000e+01
   8.6396900e+05   1.6000000e+01
   8.6852600e+05   1.6000000e+01
   8.8485000e+05   1.7000000e+01
   8.8825200e+05   1.6000000e+01
   8.9172400e+05   1.7000000e+01
   8.9447300e+05   1.7000000e+01
   8.9759100e+05   1.7000000e+01
   9.0534500e+05   1.6000000e+01
   9.0863700e+05   1.8000000e+01
   9.1272600e+05   1.6000000e+01
   9.2470100e+05   1.6000000e+01
   9.2802900e+05   1.7000000e+01
   9.3181800e+05   1.9000000e+01
   9.3605100e+05   1.8000000e+01
   9.3715200e+05   1.6000000e+01
   9.4097700e+05   1.7000000e+01
   9.4393100e+05   1.8000000e+01
   9.5178200e+05   1.6000000e+01
   9.5850300e+05   2.0000000e+01
   9.6232200e+05   1.9000000e+01
   9.6663800e+05   1.6000000e+01
   9.7094100e+05   1.8000000e+01
   9.7722700e+05   1.6000000e+01
   9.7776600e+05   1.6000000e+01
   9.8120200e+05   1.7000000e+01
   9.8472900e+05   1.6000000e+01
   9.8889200e+05   1.8000000e+01
   9.9313000e+05   1.8000000e+01
   9.9991100e+05   2.0000000e+01
   1.0134310e+06   1.6000000e+01
   1.0143260e+06   1.7000000e+01
   1.0179310e+06   1.8000000e+01
   1.0206310e+06   1.6000000e+01
   1.0216190e+06   2.1000000e+01
   1.0221510e+06   2.0000000e+01
   1.0221770e+06   1.6000000e+01
   1.0233170e+06   1.7000000e+01
   1.0259120e+06   1.6000000e+01
   1.0285390e+06   1.6000000e+01
   1.0370810e+06   1.6000000e+01
   1.0382200e+06   1.8000000e+01
   1.0391130e+06   1.8000000e+01
   1.0417700e+06   1.6000000e+01
   1.0440900e+06   1.6000000e+01
   1.0446230e+06   1.6000000e+01
   1.0471860e+06   1.6000000e+01
   1.0475960e+06   1.8000000e+01
   1.0496710e+06   1.8000000e+01
   1.0496960e+06   1.7000000e+01
   1.0517170e+06   1.6000000e+01
   1.0528930e+06   1.6000000e+01
   1.0551460e+06   2.1000000e+01
   1.0577250e+06   1.6000000e+01
   1.0696810e+06   1.7000000e+01
   1.0740030e+06   2.1000000e+01
   1.0810790e+06   1.6000000e+01
   1.0847080e+06   1.6000000e+01
   1.0889960e+06   1.7000000e+01
   1.0899910e+06   1.6000000e+01
   1.0923120e+06   1.7000000e+01
   1.1028460e+06   1.6000000e+01
   1.1090990e+06   1.8000000e+01
   1.1154870e+06   1.7000000e+01
   1.1190180e+06   2.0000000e+01
   1.1198360e+06   1.7000000e+01
   1.1228860e+06   1.6000000e+01
   1.1233360e+06   1.6000000e+01
   1.1257050e+06   1.6000000e+01
   1.1258370e+06   1.9000000e+01
   1.1264990e+06   1.7000000e+01
   1.1265700e+06   2.0000000e+01
   1.1267140e+06   1.7000000e+01
   1.1267540e+06   2.0000000e+01
   1.1268700e+06   1.8000000e+01
   1.1272780e+06   1.9000000e+01
   1.1275790e+06   1.6000000e+01
   1.1277200e+06   1.6000000e+01
   1.1279820e+06   1.6000000e+01
   1.1280310e+06   2.1000000e+01
   1.1285450e+06   1.9000000e+01
   1.1289470e+06   1.9000000e+01
   1.1292460e+06   2.2000000e+01
   1.1301880e+06   1.7000000e+01
   1.1302840e+06   1.6000000e+01
   1.1356370e+06   1.8000000e+01
   1.1379640e+06   1.8000000e+01
   1.1390330e+06   1.7000000e+01
   1.1410510e+06   1.6000000e+01
   1.1428020e+06   1.6000000e+01
   1.1450470e+06   1.6000000e+01
   1.1457780e+06   1.7000000e+01
   1.1471490e+06   1.7000000e+01
   1.1530090e+06   1.6000000e+01
   1.1559160e+06   1.6000000e+01
   1.1745220e+06   1.6000000e+01
   1.1781080e+06   1.9000000e+01
   1.1841140e+06   1.6000000e+01
   1.1878390e+06   1.6000000e+01
   1.1905830e+06   1.6000000e+01
   1.1936940e+06   1.6000000e+01
   1.1975320e+06   1.9000000e+01
   1.2041330e+06   1.6000000e+01
   1.2044670e+06   1.6000000e+01
   1.2049040e+06   1.6000000e+01
   1.2049660e+06   1.6000000e+01
   1.2080220e+06   1.8000000e+01
   1.2134480e+06   1.6000000e+01
   1.2250010e+06   1.7000000e+01
   1.2297900e+06   1.7000000e+01
   1.2365840e+06   1.6000000e+01
   1.2468560e+06   1.6000000e+01
   1.2505770e+06   1.6000000e+01
   1.2511560e+06   1.6000000e+01
   1.2528240e+06   1.6000000e+01
   1.2539230e+06   1.6000000e+01
   1.2567980e+06   1.6000000e+01
   1.2593930e+06   1.6000000e+01
   1.2689940e+06   1.7000000e+01
   1.2731270e+06   1.7000000e+01
   1.2758600e+06   1.6000000e+01
   1.2828080e+06   1.6000000e+01
   1.2834400e+06   1.7000000e+01
   1.2857600e+06   1.6000000e+01
   1.2915850e+06   1.7000000e+01
   1.2929430e+06   2.0000000e+01
   1.2965050e+06   1.6000000e+01
   1.2985420e+06   1.6000000e+01
   1.3081970e+06   1.7000000e+01
   1.3098280e+06   1.7000000e+01
   1.3114020e+06   1.9000000e+01
   1.3122470e+06   1.8000000e+01
   1.3129200e+06   1.6000000e+01
   1.3174750e+06   1.8000000e+01
   1.3175010e+06   1.7000000e+01
   1.3178350e+06   1.6000000e+01
   1.3239770e+06   1.9000000e+01
   1.3343800e+06   1.9000000e+01
   1.3441400e+06   1.8000000e+01
   1.3476280e+06   1.7000000e+01
   1.3506320e+06   1.8000000e+01
   1.3552770e+06   1.8000000e+01
   1.3554180e+06   1.7000000e+01
   1.3567950e+06   1.6000000e+01
   1.3622600e+06   1.7000000e+01
   1.3725510e+06   1.7000000e+01
   1.3757070e+06   1.6000000e+01
   1.3904900e+06   1.7000000e+01
   1.3931490e+06   1.8000000e+01
   1.3960160e+06   1.6000000e+01
   1.3991530e+06   1.6000000e+01
   1.4023000e+06   1.6000000e+01
   1.4092400e+06   1.6000000e+01
   1.4133850e+06   2.0000000e+01
   1.4172090e+06   1.7000000e+01
   1.4240160e+06   1.7000000e+01
   1.4300460e+06   1.7000000e+01
   1.4300810e+06   1.6000000e+01
   1.4304920e+06   1.6000000e+01
   1.4312890e+06   1.6000000e+01
   1.4319830e+06   1.6000000e+01
   1.4347000e+06   1.6000000e+01
   1.4356990e+06   1.9000000e+01
   1.4378660e+06   2.0000000e+01
   1.4403200e+06   1.6000000e+01
   1.4431880e+06   1.7000000e+01
   1.4533770e+06   1.7000000e+01
   1.4610030e+06   1.6000000e+01
   1.4642090e+06   1.7000000e+01
   1.4712360e+06   1.7000000e+01
   1.4745940e+06   1.8000000e+01
   1.4777580e+06   1.8000000e+01
   1.4822300e+06   2.0000000e+01
   1.4836480e+06   1.9000000e+01
   1.4887150e+06   1.6000000e+01
   1.5028660e+06   2.1000000e+01
   1.5034070e+06   1.7000000e+01
   1.5034790e+06   1.6000000e+01
   1.5062110e+06   1.9000000e+01
   1.5082090e+06   1.6000000e+01
   1.5087410e+06   1.9000000e+01
   1.5088300e+06   2.1000000e+01
   1.5092150e+06   1.8000000e+01
   1.5098270e+06   1.7000000e+01
   1.5100800e+06   1.6000000e+01
   1.5111910e+06   1.7000000e+01
   1.5169630e+06   1.7000000e+01
   1.5202470e+06   1.6000000e+01
   1.5231960e+06   1.7000000e+01
   1.5293870e+06   1.8000000e+01
   1.5326160e+06   1.9000000e+01
   1.5394040e+06   1.8000000e+01
   1.5427060e+06   1.6000000e+01
   1.5447650e+06   1.8000000e+01
   1.5458290e+06   1.8000000e+01
   1.5458820e+06   1.6000000e+01
   1.5502580e+06   1.6000000e+01
   1.5536010e+06   1.6000000e+01
   1.5553340e+06   1.8000000e+01
   1.5637190e+06   2.4000000e+01
   1.5641950e+06   2.2000000e+01
   1.5696520e+06   1.7000000e+01
   1.5755020e+06   1.6000000e+01
   1.5764180e+06   1.6000000e+01
   1.5767510e+06   2.1000000e+01
   1.5767820e+06   1.6000000e+01
   1.5771680e+06   2.3000000e+01
   1.5772030e+06   2.1000000e+01
   1.5781420e+06   1.6000000e+01
   1.5802390e+06   1.6000000e+01
   1.5839650e+06   1.8000000e+01
   1.5850310e+06   1.7000000e+01
   1.5854860e+06   1.6000000e+01
   1.5884350e+06   1.7000000e+01
   1.5918550e+06   1.8000000e+01
   1.5921810e+06   1.7000000e+01
   1.5939260e+06   1.7000000e+01
   1.5996760e+06   2.0000000e+01
   1.6022100e+06   1.8000000e+01
   1.6048480e+06   1.7000000e+01
   1.6082000e+06   1.6000000e+01
   1.6085920e+06   1.7000000e+01
   1.6171450e+06   1.7000000e+01
   1.6205760e+06   1.7000000e+01
   1.6298320e+06   1.9000000e+01
   1.6301470e+06   1.7000000e+01
   1.6316860e+06   1.7000000e+01
   1.6322900e+06   1.7000000e+01
   1.6325300e+06   2.5000000e+01
   1.6328060e+06   1.6000000e+01
   1.6340990e+06   1.9000000e+01
   1.6354410e+06   1.7000000e+01
   1.6361470e+06   1.8000000e+01
   1.6459010e+06   1.7000000e+01
   1.6464000e+06   1.8000000e+01
   1.6547020e+06   1.7000000e+01
   1.6582410e+06   1.7000000e+01
   1.6608990e+06   1.8000000e+01
   1.6671090e+06   1.6000000e+01
   1.6804610e+06   1.6000000e+01
   1.6841260e+06   1.9000000e+01
   1.6863570e+06   1.8000000e+01
   1.6864910e+06   1.6000000e+01
   1.6868110e+06   1.8000000e+01
   1.6876940e+06   1.6000000e+01
   1.6880750e+06   1.7000000e+01
   1.6887660e+06   1.7000000e+01
   1.6892490e+06   2.0000000e+01
   1.6895730e+06   1.6000000e+01
   1.6899970e+06   2.0000000e+01
   1.6900580e+06   1.6000000e+01
   1.6903630e+06   1.6000000e+01
   1.6904370e+06   1.6000000e+01
   1.6908200e+06   2.0000000e+01
   1.6913920e+06   1.7000000e+01
   1.6925530e+06   1.6000000e+01
   1.6939820e+06   1.7000000e+01
   1.6980490e+06   1.9000000e+01
   1.7102660e+06   1.8000000e+01
   1.7142540e+06   1.8000000e+01
   1.7213280e+06   1.8000000e+01
   1.7317970e+06   1.7000000e+01
   1.7352740e+06   1.7000000e+01
   1.7391470e+06   1.7000000e+01
   1.7403910e+06   1.6000000e+01
   1.7425220e+06   1.9000000e+01
   1.7478150e+06   1.6000000e+01
   1.7526730e+06   1.7000000e+01
   1.7581060e+06   1.6000000e+01
   1.7660300e+06   1.8000000e+01
   1.7699030e+06   1.6000000e+01
   1.7721770e+06   1.7000000e+01
   1.7745750e+06   1.7000000e+01
   1.7748860e+06   1.6000000e+01
   1.7765670e+06   1.8000000e+01
   1.7772970e+06   2.0000000e+01
   1.7775680e+06   1.6000000e+01
   1.7779500e+06   2.1000000e+01
   1.7783520e+06   1.9000000e+01
   1.7788850e+06   1.6000000e+01
   1.7790740e+06   2.1000000e+01
   1.7797840e+06   1.6000000e+01
   1.7827460e+06   1.8000000e+01
   1.7855870e+06   1.7000000e+01
   1.7878910e+06   1.7000000e+01
   1.7885310e+06   1.6000000e+01
   1.7917520e+06   1.9000000e+01
   1.7984250e+06   1.9000000e+01
   1.8033900e+06   1.6000000e+01
   1.8142360e+06   1.7000000e+01
   1.8175950e+06   1.8000000e+01
   1.8248980e+06   1.6000000e+01
   1.8286260e+06   1.7000000e+01
   1.8370890e+06   1.8000000e+01
   1.8382240e+06   2.0000000e+01
   1.8391500e+06   1.6000000e+01
   1.8392040e+06   1.6000000e+01
   1.8394130e+06   1.9000000e+01
   1.8409190e+06   1.8000000e+01
   1.8410140e+06   1.6000000e+01
   1.8422450e+06   1.7000000e+01
   1.8449070e+06   1.8000000e+01
   1.8472290e+06   1.8000000e+01
   1.8526430e+06   1.6000000e+01
   1.8557800e+06   1.7000000e+01
   1.8644010e+06   1.6000000e+01
   1.8742830e+06   1.7000000e+01
   1.8811170e+06   1.6000000e+01
   1.8823500e+06   1.8000000e+01
   1.8841020e+06   1.9000000e+01
   1.8845690e+06   1.7000000e+01
   1.8856180e+06   1.7000000e+01
   1.8977420e+06   1.6000000e+01
   1.9043700e+06   1.8000000e+01
   1.9054490e+06   1.8000000e+01
   1.9056610e+06   2.1000000e+01
   1.9060890e+06   1.6000000e+01
   1.9072330e+06   1.9000000e+01
   1.9078010e+06   1.9000000e+01
   1.9092350e+06   1.8000000e+01
   1.9102550e+06   1.6000000e+01
   1.9106950e+06   1.8000000e+01
   1.9107300e+06   1.6000000e+01
   1.9113270e+06   1.6000000e+01
   1.9117940e+06   1.8000000e+01
   1.9119110e+06   1.6000000e+01
   1.9139800e+06   1.6000000e+01
   1.9145190e+06   1.8000000e+01
   1.9148980e+06   1.8000000e+01
   1.9152850e+06   1.6000000e+01
   1.9162430e+06   1.9000000e+01
   1.9164480e+06   1.7000000e+01
   1.9165270e+06   1.6000000e+01
   1.9206710e+06   1.6000000e+01
   1.9207390e+06   1.6000000e+01
   1.9228220e+06   1.7000000e+01
   1.9233870e+06   1.6000000e+01
   1.9241850e+06   1.7000000e+01
   1.9249330e+06   1.9000000e+01
   1.9255740e+06   1.7000000e+01
   1.9258210e+06   2.0000000e+01
   1.9272440e+06   2.1000000e+01
   1.9319450e+06   1.8000000e+01
   1.9324110e+06   1.6000000e+01
   1.9345950e+06   1.6000000e+01
   1.9347490e+06   2.0000000e+01
   1.9357720e+06   1.7000000e+01
   1.9384430e+06   2.1000000e+01
   1.9387790e+06   1.8000000e+01
   1.9396660e+06   1.6000000e+01
   1.9403370e+06   1.8000000e+01
   1.9434320e+06   2.3000000e+01
   1.9441430e+06   1.7000000e+01
   1.9485110e+06   1.6000000e+01
   1.9509220e+06   1.6000000e+01
   1.9717100e+06   1.6000000e+01
   1.9816010e+06   1.7000000e+01
   1.9823130e+06   1.8000000e+01
   1.9847120e+06   2.1000000e+01
   1.9850620e+06   1.6000000e+01
   1.9854090e+06   1.6000000e+01
   1.9866130e+06   1.7000000e+01
   1.9869930e+06   1.6000000e+01
   1.9872570e+06   1.9000000e+01
   1.9877230e+06   1.6000000e+01
   1.9907250e+06   1.9000000e+01
   1.9923200e+06   1.7000000e+01
   1.9926180e+06   1.6000000e+01
   1.9948050e+06   1.6000000e+01
   1.9997300e+06   1.6000000e+01
   2.0001880e+06   1.7000000e+01
   2.0047190e+06   1.6000000e+01
   2.0165900e+06   1.7000000e+01
   2.0386270e+06   1.7000000e+01
   2.0394980e+06   1.8000000e+01
   2.0415750e+06   1.6000000e+01
   2.0426410e+06   1.7000000e+01
   2.0450470e+06   1.9000000e+01
   2.0697420e+06   1.7000000e+01
   2.0735150e+06   1.9000000e+01
   2.0804970e+06   1.8000000e+01
   2.0916710e+06   1.6000000e+01
   2.0987100e+06   1.7000000e+01
   2.0996360e+06   1.6000000e+01
   2.1039050e+06   1.8000000e+01
   2.1133520e+06   1.6000000e+01
   2.1210280e+06   1.6000000e+01
   2.1211280e+06   1.7000000e+01
   2.1211600e+06   1.9000000e+01
   2.1216670e+06   1.9000000e+01
   2.1217610e+06   1.6000000e+01
   2.1220070e+06   1.8000000e+01
   2.1220970e+06   1.9000000e+01
   2.1221430e+06   1.6000000e+01
   2.1222230e+06   1.6000000e+01
   2.1222920e+06   1.6000000e+01
   2.1224980e+06   1.9000000e+01
   2.1228650e+06   1.9000000e+01
   2.1229290e+06   2.1000000e+01
   2.1232020e+06   1.6000000e+01
   2.1233080e+06   1.6000000e+01
   2.1236560e+06   2.2000000e+01
   2.1239460e+06   2.1000000e+01
   2.1240970e+06   2.0000000e+01
   2.1241470e+06   1.6000000e+01
   2.1242040e+06   2.0000000e+01
   2.1242870e+06   1.6000000e+01
   2.1243380e+06   2.1000000e+01
   2.1244070e+06   1.6000000e+01
   2.1245650e+06   1.7000000e+01
   2.1245950e+06   1.6000000e+01
   2.1248720e+06   1.6000000e+01
   2.1251620e+06   1.7000000e+01
   2.1252170e+06   1.8000000e+01
   2.1253580e+06   1.6000000e+01
   2.1255460e+06   1.6000000e+01
   2.1257290e+06   2.1000000e+01
   2.1257610e+06   2.2000000e+01
   2.1260540e+06   1.6000000e+01
   2.1265510e+06   1.9000000e+01
   2.1267840e+06   1.7000000e+01
   2.1269200e+06   1.6000000e+01
   2.1273500e+06   1.6000000e+01
   2.1281160e+06   1.6000000e+01
   2.1281790e+06   1.6000000e+01
   2.1284600e+06   1.6000000e+01
   2.1284880e+06   1.7000000e+01
   2.1285880e+06   1.9000000e+01
   2.1289060e+06   1.7000000e+01
   2.1293990e+06   2.1000000e+01
   2.1303050e+06   1.6000000e+01
   2.1328570e+06   1.9000000e+01
   2.1329540e+06   1.9000000e+01
   2.1349940e+06   1.6000000e+01
   2.1377130e+06   1.6000000e+01
   2.1383320e+06   1.6000000e+01
   2.1404230e+06   1.6000000e+01
   2.1416990e+06   2.0000000e+01
   2.1425070e+06   1.8000000e+01
   2.1436340e+06   1.6000000e+01
   2.1441550e+06   1.7000000e+01
   2.1444270e+06   1.9000000e+01
   2.1455320e+06   2.0000000e+01
   2.1458920e+06   1.6000000e+01
   2.1471440e+06   1.7000000e+01
   2.1503720e+06   2.1000000e+01
   2.1505640e+06   1.9000000e+01
   2.1539500e+06   1.9000000e+01
   2.1565260e+06   1.8000000e+01
   2.1573310e+06   1.6000000e+01
   2.1574950e+06   2.2000000e+01
   2.1590280e+06   1.7000000e+01
   2.1591900e+06   1.6000000e+01
   2.1630000e+06   2.1000000e+01
   2.1634650e+06   2.1000000e+01
   2.1640580e+06   1.8000000e+01
   2.1640990e+06   1.6000000e+01
   2.1643800e+06   1.6000000e+01
   2.1648240e+06   1.7000000e+01
   2.1663170e+06   1.7000000e+01
   2.1674050e+06   1.8000000e+01
   2.1680990e+06   1.7000000e+01
   2.1685120e+06   1.7000000e+01
   2.1694090e+06   1.7000000e+01
   2.1696720e+06   2.0000000e+01
   2.1705080e+06   1.6000000e+01
   2.1708770e+06   1.7000000e+01
   2.1721600e+06   1.6000000e+01
   2.1722470e+06   1.6000000e+01
   2.1731670e+06   1.6000000e+01
   2.1741250e+06   1.6000000e+01
   2.1757500e+06   1.7000000e+01
   2.1767500e+06   1.7000000e+01
   2.1775860e+06   1.7000000e+01
   2.1797920e+06   1.8000000e+01
   2.1821660e+06   1.6000000e+01
   2.1829390e+06   1.9000000e+01
   2.1832370e+06   1.9000000e+01
   2.1840940e+06   1.6000000e+01
   2.1842330e+06   2.5000000e+01
   2.1885890e+06   1.7000000e+01
   2.1886680e+06   1.7000000e+01
   2.1893090e+06   1.7000000e+01
   2.1899650e+06   1.6000000e+01
   2.1903340e+06   1.6000000e+01
   2.1907150e+06   1.6000000e+01
   2.1913150e+06   1.9000000e+01
   2.1925410e+06   1.6000000e+01
   2.1930230e+06   2.0000000e+01
   2.1967610e+06   1.9000000e+01
   2.1981650e+06   1.7000000e+01
   2.2062350e+06   2.2000000e+01
   2.2361280e+06   1.6000000e+01
   2.2379100e+06   1.8000000e+01
   2.2382940e+06   1.7000000e+01
   2.2398020e+06   2.0000000e+01
   2.2405770e+06   1.8000000e+01
   2.2406460e+06   1.6000000e+01
   2.2412740e+06   2.0000000e+01
   2.2441910e+06   1.6000000e+01
   2.3444080e+06   1.6000000e+01
   2.3455740e+06   1.9000000e+01
   2.3475610e+06   1.7000000e+01
   2.3489780e+06   1.8000000e+01
   2.3496290e+06   1.8000000e+01
   2.3501630e+06   1.9000000e+01
   2.3517900e+06   1.6000000e+01
   2.3523200e+06   1.6000000e+01
   2.3802810e+06   1.6000000e+01
   2.3865130e+06   1.9000000e+01
   2.4081420e+06   1.7000000e+01
   2.4161280e+06   1.8000000e+01
   2.4287460e+06   1.6000000e+01
   2.4336660e+06   1.6000000e+01
   2.4503880e+06   1.6000000e+01
   2.4572890e+06   1.6000000e+01
   2.4740240e+06   1.6000000e+01
   2.4764990e+06   1.9000000e+01
   2.4845760e+06   1.6000000e+01
   2.4973560e+06   1.8000000e+01
   2.5056890e+06   1.6000000e+01
   2.5087710e+06   1.6000000e+01
   2.5128310e+06   1.7000000e+01
   2.5186040e+06   1.6000000e+01
   2.5365670e+06   1.8000000e+01
   2.5445780e+06   1.6000000e+01
   2.5474280e+06   1.9000000e+01
   2.5627960e+06   1.7000000e+01
   2.5691650e+06   1.7000000e+01
   2.5722320e+06   1.6000000e+01
   2.5783870e+06   1.8000000e+01
   2.5797440e+06   1.7000000e+01
   2.5801790e+06   1.6000000e+01
   2.5809180e+06   1.8000000e+01
   2.5820640e+06   1.7000000e+01
   2.5853890e+06   1.6000000e+01
   2.5934290e+06   1.7000000e+01
   2.5970960e+06   1.9000000e+01
   2.6076520e+06   2.0000000e+01
   2.6089120e+06   1.7000000e+01
   2.6106900e+06   1.8000000e+01
   2.6150490e+06   2.0000000e+01
   2.6162240e+06   1.8000000e+01
   2.6197820e+06   1.6000000e+01
   2.6210740e+06   1.7000000e+01
   2.6238870e+06   1.6000000e+01
   2.6250390e+06   1.6000000e+01
   2.6383550e+06   1.6000000e+01
   2.6440400e+06   1.6000000e+01
   2.6476640e+06   1.8000000e+01
   2.6591150e+06   1.9000000e+01
   2.6619580e+06   1.6000000e+01
   2.6696190e+06   1.8000000e+01
   2.6800610e+06   1.8000000e+01
   2.6838420e+06   1.7000000e+01
   2.6886880e+06   2.2000000e+01
   2.6919970e+06   1.6000000e+01
   2.6924760e+06   1.6000000e+01
   2.6942380e+06   2.0000000e+01
   2.6947160e+06   1.7000000e+01
   2.6965310e+06   1.9000000e+01
   2.7074610e+06   1.8000000e+01
   2.7098080e+06   1.7000000e+01
   2.7100890e+06   1.6000000e+01
   2.7101270e+06   2.0000000e+01
   2.7104090e+06   1.7000000e+01
   2.7104630e+06   2.2000000e+01
   2.7105430e+06   1.8000000e+01
   2.7106230e+06   1.6000000e+01
   2.7109010e+06   1.6000000e+01
   2.7112700e+06   1.6000000e+01
   2.7113470e+06   1.6000000e+01
   2.7114740e+06   1.6000000e+01
   2.7118770e+06   1.6000000e+01
   2.7121950e+06   1.7000000e+01
   2.7125400e+06   1.6000000e+01
   2.7147300e+06   1.7000000e+01
   2.7154540e+06   1.9000000e+01
   2.7166610e+06   1.6000000e+01
   2.7201940e+06   1.6000000e+01
   2.7269560e+06   1.6000000e+01
   2.7302520e+06   1.6000000e+01
   2.7337810e+06   1.6000000e+01
   2.7383240e+06   1.7000000e+01
   2.7406880e+06   1.6000000e+01
   2.7418820e+06   1.7000000e+01
   2.7441370e+06   1.8000000e+01
   2.7492150e+06   1.6000000e+01
   2.7663910e+06   1.9000000e+01
   2.7779670e+06   1.6000000e+01
   2.7812890e+06   1.6000000e+01
   2.7848560e+06   1.7000000e+01
   2.7873980e+06   1.6000000e+01
   2.7971190e+06   1.6000000e+01
   2.8043710e+06   1.6000000e+01
   2.8112890e+06   1.8000000e+01
   2.8140860e+06   1.8000000e+01
   2.8200370e+06   1.6000000e+01
   2.8295380e+06   1.6000000e+01
   2.8339320e+06   1.7000000e+01
   2.8374420e+06   1.6000000e+01
   2.8445720e+06   1.6000000e+01
   2.8501900e+06   1.6000000e+01
   2.8537260e+06   1.6000000e+01
   2.8594910e+06   1.6000000e+01
   2.8635770e+06   1.6000000e+01
   2.8653380e+06   1.6000000e+01
   2.8726260e+06   1.6000000e+01
   2.8762590e+06   1.6000000e+01
   2.8878360e+06   1.7000000e+01
   2.8922130e+06   1.7000000e+01
   2.8994320e+06   1.7000000e+01
   2.9037180e+06   1.7000000e+01
   2.9109570e+06   1.7000000e+01
   2.9201280e+06   1.7000000e+01
   2.9234700e+06   2.0000000e+01
   2.9280020e+06   1.6000000e+01
   2.9377750e+06   1.6000000e+01
   2.9459310e+06   2.0000000e+01
   2.9489490e+06   1.6000000e+01
   2.9516500e+06   1.8000000e+01
   2.9549000e+06   1.6000000e+01
   2.9584010e+06   1.7000000e+01
   2.9613160e+06   1.7000000e+01
   2.9724530e+06   1.7000000e+01
   2.9745660e+06   1.6000000e+01
   2.9768300e+06   1.7000000e+01
   2.9780980e+06   1.6000000e+01
   2.9786270e+06   1.7000000e+01
   2.9790430e+06   1.9000000e+01
   2.9793090e+06   1.8000000e+01
   2.9795520e+06   1.8000000e+01
   2.9799360e+06   1.6000000e+01
   2.9804050e+06   1.6000000e+01
   2.9804450e+06   1.7000000e+01
   2.9808860e+06   1.7000000e+01
   2.9814170e+06   1.9000000e+01
   2.9816890e+06   1.6000000e+01
   2.9827940e+06   1.8000000e+01
   2.9829290e+06   1.6000000e+01
   2.9832670e+06   1.6000000e+01
   2.9844520e+06   1.6000000e+01
   2.9866190e+06   1.8000000e+01
   2.9873950e+06   1.9000000e+01
   2.9953550e+06   1.6000000e+01
   3.0006900e+06   2.2000000e+01
   3.0028480e+06   1.6000000e+01
   3.0055050e+06   2.0000000e+01
   3.0102700e+06   1.6000000e+01
   3.0117570e+06   1.7000000e+01
   3.0136390e+06   2.0000000e+01
   3.0163740e+06   2.0000000e+01
   3.0191990e+06   1.6000000e+01
   3.0323590e+06   1.6000000e+01
   3.0351800e+06   1.9000000e+01
   3.0367460e+06   1.6000000e+01
   3.0412270e+06   1.8000000e+01
   3.0445860e+06   1.6000000e+01
   3.0468750e+06   1.6000000e+01
   3.0526760e+06   1.8000000e+01
   3.0560200e+06   1.6000000e+01
   3.0563420e+06   1.6000000e+01
   3.0591600e+06   1.8000000e+01
   3.0652210e+06   1.6000000e+01
   3.0688380e+06   1.6000000e+01
   3.0750040e+06   1.6000000e+01
   3.0752960e+06   1.6000000e+01
   3.0755800e+06   1.9000000e+01
   3.0780920e+06   1.7000000e+01
   3.0782960e+06   2.0000000e+01
   3.0784400e+06   1.6000000e+01
   3.0792850e+06   1.7000000e+01
   3.0793500e+06   2.0000000e+01
   3.0796930e+06   1.9000000e+01
   3.0799810e+06   1.6000000e+01
   3.0803450e+06   1.8000000e+01
   3.0805650e+06   1.6000000e+01
   3.0823580e+06   1.6000000e+01
   3.0832590e+06   2.0000000e+01
   3.0844190e+06   1.9000000e+01
   3.0855620e+06   1.8000000e+01
   3.0883830e+06   1.7000000e+01
   3.0917220e+06   1.6000000e+01
   3.0938340e+06   1.7000000e+01
   3.0942280e+06   1.9000000e+01
   3.0956150e+06   1.8000000e+01
   3.0972870e+06   1.7000000e+01
   3.1012120e+06   1.7000000e+01
   3.1017660e+06   1.7000000e+01
   3.1034400e+06   1.8000000e+01
   3.1054020e+06   1.7000000e+01
   3.1080490e+06   1.8000000e+01
   3.1106860e+06   1.6000000e+01
   3.1133050e+06   1.6000000e+01
   3.1148220e+06   1.8000000e+01
   3.1151330e+06   1.8000000e+01
   3.1176780e+06   1.7000000e+01
   3.1203110e+06   1.7000000e+01
   3.1241260e+06   1.7000000e+01
   3.1278330e+06   1.6000000e+01
   3.1285000e+06   1.6000000e+01
   3.1290970e+06   1.7000000e+01
   3.1296480e+06   1.7000000e+01
   3.1307610e+06   1.6000000e+01
   3.1317380e+06   1.7000000e+01
   3.1321650e+06   1.8000000e+01
   3.1340280e+06   1.8000000e+01
   3.1347600e+06   1.6000000e+01
   3.1351240e+06   1.7000000e+01
   3.1388760e+06   1.8000000e+01
   3.1395580e+06   1.6000000e+01
   3.1401270e+06   1.6000000e+01
   3.1401740e+06   1.9000000e+01
   3.1407430e+06   2.1000000e+01
   3.1417580e+06   1.9000000e+01
   3.1428350e+06   1.6000000e+01
   3.1444630e+06   2.0000000e+01
   3.1609110e+06   1.7000000e+01
   3.1695400e+06   1.6000000e+01
   3.1729060e+06   1.7000000e+01
   3.1800540e+06   1.7000000e+01
   3.1930530e+06   1.7000000e+01
   3.2070260e+06   1.6000000e+01
   3.2141370e+06   1.8000000e+01
   3.2161070e+06   1.6000000e+01
   3.2221670e+06   1.6000000e+01
   3.2246250e+06   1.7000000e+01
   3.2271910e+06   1.7000000e+01
   3.2293660e+06   1.7000000e+01
   3.2328880e+06   1.6000000e+01
   3.2382340e+06   2.0000000e+01
   3.2405140e+06   1.6000000e+01
   3.2436560e+06   1.7000000e+01
   3.2544310e+06   1.9000000e+01
   3.2574890e+06   1.7000000e+01
   3.2633050e+06   1.6000000e+01
   3.2711490e+06   1.8000000e+01
   3.2770820e+06   1.7000000e+01
   3.2816790e+06   1.6000000e+01
   3.2892560e+06   1.8000000e+01
   3.2972300e+06   2.2000000e+01
   3.3019850e+06   1.6000000e+01
   3.3032060e+06   1.8000000e+01
   3.3037960e+06   1.6000000e+01
   3.3038670e+06   1.9000000e+01
   3.3041950e+06   1.7000000e+01
   3.3052370e+06   1.6000000e+01
   3.3069830e+06   1.7000000e+01
   3.3093140e+06   1.7000000e+01
   3.3128540e+06   1.8000000e+01
   3.3269170e+06   1.8000000e+01
   3.3302080e+06   1.6000000e+01
   3.3376060e+06   1.6000000e+01
   3.3480860e+06   1.6000000e+01
   3.3590320e+06   2.0000000e+01
   3.3632570e+06   1.8000000e+01
   3.3681220e+06   1.6000000e+01
   3.3708890e+06   1.6000000e+01
   3.3718380e+06   2.1000000e+01
   3.3761700e+06   1.6000000e+01
   3.3771120e+06   1.6000000e+01
   3.3849310e+06   1.8000000e+01
   3.3854130e+06   1.7000000e+01
   3.3907110e+06   1.6000000e+01
   3.4027160e+06   1.8000000e+01
   3.4050170e+06   1.6000000e+01
   3.4064580e+06   1.7000000e+01
   3.4077590e+06   1.6000000e+01
   3.4142960e+06   1.6000000e+01
   3.4198400e+06   1.8000000e+01
   3.4236340e+06   1.7000000e+01
   3.4255890e+06   1.6000000e+01
   3.4263270e+06   1.7000000e+01
   3.4269180e+06   1.7000000e+01
   3.4279290e+06   1.6000000e+01
   3.4288900e+06   1.7000000e+01
   3.4413060e+06   1.7000000e+01
   3.4489020e+06   1.6000000e+01
   3.4502940e+06   1.6000000e+01
   3.4503210e+06   1.6000000e+01
   3.4507300e+06   1.6000000e+01
   3.4519120e+06   1.6000000e+01
   3.4527690e+06   1.6000000e+01
   3.4560740e+06   1.6000000e+01
   3.4637550e+06   2.0000000e+01
   3.4721160e+06   1.6000000e+01
   3.4800980e+06   1.6000000e+01
   3.4815530e+06   2.0000000e+01
   3.4853650e+06   1.7000000e+01
   3.4887680e+06   1.7000000e+01
   3.4890850e+06   2.1000000e+01
   3.4927670e+06   1.6000000e+01
   3.5012470e+06   1.6000000e+01
   3.5082450e+06   1.9000000e+01
   3.5102240e+06   1.9000000e+01
   3.5165890e+06   1.8000000e+01
   3.5243580e+06   1.6000000e+01
   3.5278170e+06   1.6000000e+01
   3.5346780e+06   2.1000000e+01
   3.5350710e+06   1.6000000e+01
   3.5355850e+06   1.7000000e+01
   3.5365280e+06   2.0000000e+01
   3.5371420e+06   1.7000000e+01
   3.5377400e+06   1.8000000e+01
   3.5380420e+06   2.1000000e+01
   3.5383650e+06   1.7000000e+01
   3.5388690e+06   2.1000000e+01
   3.5390000e+06   1.7000000e+01
   3.5408110e+06   1.8000000e+01
   3.5429770e+06   2.2000000e+01
   3.5473280e+06   1.8000000e+01
   3.5508970e+06   1.6000000e+01
   3.5557470e+06   1.6000000e+01
   3.5565210e+06   1.6000000e+01
   3.5595760e+06   1.6000000e+01
   3.5708300e+06   1.8000000e+01
   3.5717880e+06   1.6000000e+01
   3.5722030e+06   1.7000000e+01
   3.5727330e+06   1.8000000e+01
   3.5733080e+06   1.6000000e+01
   3.5738590e+06   1.8000000e+01
   3.5744440e+06   1.7000000e+01
   3.5752850e+06   1.6000000e+01
   3.5774970e+06   2.2000000e+01
   3.5777070e+06   2.0000000e+01
   3.5811050e+06   1.6000000e+01
   3.5832690e+06   1.8000000e+01
   3.5838730e+06   1.6000000e+01
   3.5846820e+06   1.6000000e+01
   3.5857180e+06   1.9000000e+01
   3.5859630e+06   1.8000000e+01
   3.5865520e+06   1.7000000e+01
   3.5868530e+06   1.6000000e+01
   3.5884020e+06   1.8000000e+01
   3.5885790e+06   1.6000000e+01
   3.5886090e+06   1.9000000e+01
   3.5909680e+06   1.9000000e+01
   3.5932960e+06   2.0000000e+01
   3.5981600e+06   1.6000000e+01
   3.6005410e+06   1.6000000e+01
   3.6017600e+06   1.7000000e+01
   3.6020870e+06   1.7000000e+01
   3.6034310e+06   1.6000000e+01
   3.6043660e+06   2.0000000e+01
   3.6057640e+06   1.6000000e+01
   3.6124600e+06   1.6000000e+01
   3.6177550e+06   1.7000000e+01
   3.6239710e+06   1.7000000e+01
   3.6285090e+06   1.7000000e+01
   3.6292050e+06   1.7000000e+01
   3.6317250e+06   1.6000000e+01
   3.6333110e+06   1.6000000e+01
   3.6351010e+06   1.8000000e+01
   3.6415430e+06   1.6000000e+01
   3.6427870e+06   1.9000000e+01
   3.6588200e+06   1.7000000e+01
   3.6592130e+06   1.7000000e+01
   3.6617720e+06   1.6000000e+01
   3.6649730e+06   1.6000000e+01
   3.6652870e+06   1.7000000e+01
   3.6671140e+06   1.6000000e+01
   3.6672700e+06   1.6000000e+01
   3.6678630e+06   1.9000000e+01
   3.6688360e+06   1.8000000e+01
   3.6699810e+06   1.6000000e+01
   3.6714770e+06   1.6000000e+01
   3.6799890e+06   1.6000000e+01
   3.7242270e+06   1.6000000e+01
   3.7283140e+06   1.6000000e+01
   3.7483950e+06   1.9000000e+01
   3.7568590e+06   1.6000000e+01
   3.7607390e+06   1.9000000e+01
   3.7634280e+06   1.6000000e+01
   3.7672240e+06   1.8000000e+01
   3.7690700e+06   1.6000000e+01
   3.7691090e+06   1.6000000e+01
   3.7695310e+06   1.6000000e+01
   3.7714470e+06   1.7000000e+01
   3.7736400e+06   1.7000000e+01
   3.7747280e+06   1.6000000e+01
   3.7790440e+06   1.8000000e+01
   3.7873940e+06   1.7000000e+01
   3.7918830e+06   1.7000000e+01
   3.8073980e+06   1.7000000e+01
   3.8149960e+06   1.6000000e+01
   3.8191430e+06   1.7000000e+01
   3.8270360e+06   1.7000000e+01
   3.8396060e+06   1.8000000e+01
   3.8519300e+06   1.7000000e+01
   3.8595310e+06   1.6000000e+01
   3.8628990e+06   1.8000000e+01
   3.8641320e+06   1.9000000e+01
   3.8767980e+06   1.6000000e+01
   3.8804320e+06   1.9000000e+01
   3.8808460e+06   1.8000000e+01
   3.8813520e+06   2.0000000e+01
   3.8846710e+06   1.7000000e+01
   3.8978820e+06   1.9000000e+01
   3.9014670e+06   1.6000000e+01
   3.9123510e+06   1.6000000e+01
   3.9163220e+06   1.6000000e+01
   3.9266060e+06   1.6000000e+01
   3.9283360e+06   1.8000000e+01
   3.9310290e+06   1.6000000e+01
   3.9314480e+06   1.7000000e+01
   3.9315870e+06   1.8000000e+01
   3.9319320e+06   1.6000000e+01
   3.9328350e+06   1.6000000e+01
   3.9436020e+06   1.8000000e+01
   3.9467890e+06   1.7000000e+01
   3.9512970e+06   1.6000000e+01
   3.9547840e+06   2.0000000e+01
   3.9590140e+06   1.8000000e+01
   3.9725880e+06   1.6000000e+01
   3.9877310e+06   1.6000000e+01
   3.9925940e+06   1.7000000e+01
   3.9977040e+06   1.7000000e+01
   4.0007790e+06   1.8000000e+01
   4.0020280e+06   1.6000000e+01
   4.0048650e+06   1.7000000e+01
   4.0195650e+06   1.9000000e+01
   4.0227520e+06   1.7000000e+01
   4.0377520e+06   1.7000000e+01
   4.0432520e+06   1.7000000e+01
   4.0501300e+06   1.6000000e+01
   4.0575410e+06   1.6000000e+01
   4.0662470e+06   1.7000000e+01
   4.0697670e+06   1.8000000e+01
   4.0788000e+06   1.9000000e+01
   4.0805280e+06   1.6000000e+01
   4.0868900e+06   1.6000000e+01
   4.0877750e+06   1.8000000e+01
   4.0883570e+06   1.9000000e+01
   4.0911770e+06   1.6000000e+01
   4.0924840e+06   1.8000000e+01
   4.0961270e+06   1.6000000e+01
   4.0996690e+06   1.6000000e+01
   4.1017950e+06   1.7000000e+01
   4.1022410e+06   2.0000000e+01
   4.1023520e+06   1.8000000e+01
   4.1025910e+06   1.7000000e+01
   4.1027730e+06   1.8000000e+01
   4.1031740e+06   1.9000000e+01
   4.1037790e+06   1.6000000e+01
   4.1038820e+06   1.6000000e+01
   4.1041350e+06   1.8000000e+01
   4.1041760e+06   1.6000000e+01
   4.1042070e+06   1.9000000e+01
   4.1042600e+06   1.7000000e+01
   4.1044440e+06   1.7000000e+01
   4.1046000e+06   1.7000000e+01
   4.1050270e+06   1.6000000e+01
   4.1062120e+06   1.6000000e+01
   4.1081160e+06   1.7000000e+01
   4.1103580e+06   1.6000000e+01
   4.1155570e+06   1.6000000e+01
   4.1186710e+06   1.7000000e+01
   4.1252020e+06   1.7000000e+01
   4.1270470e+06   1.9000000e+01
   4.1354180e+06   1.7000000e+01
   4.1410790e+06   1.6000000e+01
   4.1502740e+06   1.8000000e+01
   4.1510380e+06   1.6000000e+01
   4.1513550e+06   1.7000000e+01
   4.1539690e+06   1.6000000e+01
   4.1586640e+06   1.8000000e+01
   4.1589800e+06   1.6000000e+01
   4.1652280e+06   1.7000000e+01
   4.1671870e+06   1.8000000e+01
   4.1729380e+06   1.6000000e+01
   4.1744390e+06   1.7000000e+01
   4.1840090e+06   1.6000000e+01
   4.1847970e+06   1.8000000e+01
   4.1893190e+06   1.8000000e+01
   4.1901280e+06   1.6000000e+01
   4.1909240e+06   1.7000000e+01
   4.1925140e+06   1.6000000e+01
   4.1948880e+06   1.7000000e+01
   4.1987000e+06   1.6000000e+01
   4.2016560e+06   1.6000000e+01
   4.2041770e+06   1.6000000e+01
   4.2088150e+06   1.7000000e+01
   4.2244930e+06   1.6000000e+01
   4.2248830e+06   1.9000000e+01
   4.2256440e+06   1.9000000e+01
   4.2267800e+06   1.6000000e+01
   4.2279140e+06   1.6000000e+01
   4.2288490e+06   1.6000000e+01
   4.2292450e+06   1.8000000e+01
   4.2320350e+06   1.8000000e+01
   4.2322310e+06   1.7000000e+01
   4.2589870e+06   1.7000000e+01
   4.2613320e+06   1.8000000e+01
   4.2675830e+06   1.6000000e+01
   4.2783530e+06   1.6000000e+01
   4.2803820e+06   1.6000000e+01
   4.2886190e+06   1.7000000e+01
   4.2908130e+06   1.6000000e+01
   4.2915400e+06   1.8000000e+01
   4.2945280e+06   1.6000000e+01
   4.2979430e+06   1.8000000e+01
   4.3016950e+06   1.7000000e+01
   4.3058810e+06   1.6000000e+01
   4.3059480e+06   1.8000000e+01
   4.3063310e+06   1.6000000e+01
   4.3079060e+06   1.6000000e+01
   4.3080000e+06   2.2000000e+01
   4.3085130e+06   1.7000000e+01
   4.3095900e+06   2.4000000e+01
   4.3110170e+06   2.1000000e+01
   4.3111590e+06   1.6000000e+01
   4.3178160e+06   1.8000000e+01
   4.3211870e+06   1.8000000e+01
   4.3253230e+06   1.8000000e+01
   4.3511320e+06   1.7000000e+01
   4.3514940e+06   1.7000000e+01
   4.3517450e+06   1.7000000e+01
   4.3522370e+06   2.1000000e+01
   4.3525270e+06   1.7000000e+01
   4.3531170e+06   1.7000000e+01
   4.3533130e+06   1.8000000e+01
   4.3551360e+06   1.6000000e+01
   4.3555260e+06   1.7000000e+01
   4.3558190e+06   1.6000000e+01
   4.3560020e+06   1.6000000e+01
   4.3562480e+06   1.7000000e+01
   4.3565110e+06   1.6000000e+01
   4.3571240e+06   1.6000000e+01
   4.3578830e+06   2.0000000e+01
   4.3582070e+06   1.6000000e+01
   4.3585040e+06   2.1000000e+01
   4.3590550e+06   1.7000000e+01
   4.3591310e+06   1.6000000e+01
   4.3617780e+06   1.7000000e+01
   4.3649360e+06   1.6000000e+01
   4.3705600e+06   1.9000000e+01
   4.3707700e+06   1.6000000e+01
   4.3746130e+06   1.6000000e+01
   4.3968040e+06   1.9000000e+01
   4.4162660e+06   1.7000000e+01
   4.4170470e+06   1.7000000e+01
   4.4177750e+06   1.7000000e+01
   4.4190650e+06   1.7000000e+01
   4.4205360e+06   1.6000000e+01
   4.4221730e+06   1.6000000e+01
   4.4226930e+06   1.6000000e+01
   4.4230100e+06   1.8000000e+01
   4.4234790e+06   1.8000000e+01
   4.4243760e+06   1.9000000e+01
   4.4251780e+06   1.8000000e+01
   4.4277760e+06   1.8000000e+01
   4.4300810e+06   1.6000000e+01
   4.4343970e+06   1.6000000e+01
   4.4469240e+06   1.7000000e+01
   4.4567360e+06   1.7000000e+01
   4.4621960e+06   1.6000000e+01
   4.4660860e+06   1.8000000e+01
   4.4684670e+06   1.8000000e+01
   4.4828590e+06   1.6000000e+01
   4.4841680e+06   1.7000000e+01
   4.4862430e+06   2.0000000e+01
   4.4893660e+06   1.6000000e+01
   4.4938180e+06   1.7000000e+01
   4.4973990e+06   2.1000000e+01
   4.5010620e+06   1.8000000e+01
   4.5050410e+06   1.6000000e+01
   4.5085090e+06   1.9000000e+01
   4.5100630e+06   1.6000000e+01
   4.5179060e+06   1.6000000e+01
   4.5217090e+06   1.7000000e+01
   4.5443270e+06   1.6000000e+01
   4.5527200e+06   1.7000000e+01
   4.5559900e+06   1.8000000e+01
   4.5601500e+06   1.7000000e+01
   4.5613310e+06   1.6000000e+01
   4.5634360e+06   1.6000000e+01
   4.5685780e+06   1.6000000e+01
   4.5710680e+06   1.6000000e+01
   4.5732320e+06   1.7000000e+01
   4.5799090e+06   1.9000000e+01
   4.5801230e+06   1.9000000e+01
   4.5817370e+06   1.9000000e+01
   4.5820010e+06   1.6000000e+01
   4.5829400e+06   1.7000000e+01
   4.5833650e+06   1.6000000e+01
   4.5989790e+06   1.6000000e+01
   4.6090800e+06   1.7000000e+01
   4.6122910e+06   1.7000000e+01
   4.6133750e+06   1.6000000e+01
   4.6142490e+06   1.8000000e+01
   4.6151740e+06   1.8000000e+01
   4.6179370e+06   1.9000000e+01
   4.6262050e+06   1.7000000e+01
   4.6377540e+06   1.7000000e+01
   4.6414600e+06   1.9000000e+01
   4.6663080e+06   1.8000000e+01
   4.6720260e+06   1.6000000e+01
   4.6764700e+06   1.7000000e+01
   4.6812890e+06   1.8000000e+01
   4.6830830e+06   1.6000000e+01
   4.6845200e+06   1.6000000e+01
   4.6850200e+06   2.0000000e+01
   4.6859630e+06   1.6000000e+01
   4.6884810e+06   1.9000000e+01
   4.7124850e+06   1.6000000e+01
   4.7183140e+06   1.7000000e+01
   4.7224800e+06   1.6000000e+01
   4.7265140e+06   1.6000000e+01
   4.7301420e+06   1.6000000e+01
   4.7430870e+06   1.6000000e+01
   4.7459900e+06   1.8000000e+01
   4.7499130e+06   1.8000000e+01
   4.7536480e+06   1.8000000e+01
   4.7554210e+06   1.6000000e+01
   4.7582930e+06   1.7000000e+01
   4.7678560e+06   2.0000000e+01
   4.7752390e+06   1.9000000e+01
   4.7929840e+06   1.6000000e+01
   4.8091660e+06   1.8000000e+01
   4.8128690e+06   1.9000000e+01
   4.8129510e+06   1.6000000e+01
   4.8161370e+06   1.6000000e+01
   4.8165300e+06   1.7000000e+01
   4.8184410e+06   1.7000000e+01
   4.8190320e+06   1.8000000e+01
   4.8195960e+06   1.9000000e+01
   4.8202360e+06   1.8000000e+01
   4.8203040e+06   1.7000000e+01
   4.8212520e+06   2.0000000e+01
   4.8226480e+06   1.6000000e+01
   4.8258010e+06   1.8000000e+01
   4.8296910e+06   1.8000000e+01
   4.8353720e+06   1.8000000e+01
   4.8419160e+06   1.8000000e+01
   4.8426470e+06   1.6000000e+01
   4.8594150e+06   1.7000000e+01
   4.8631910e+06   2.1000000e+01
   4.8664450e+06   1.6000000e+01
   4.8708990e+06   1.6000000e+01
   4.8755070e+06   1.8000000e+01
   4.8762270e+06   1.9000000e+01
   4.8776170e+06   1.8000000e+01
   4.8784280e+06   1.6000000e+01
   4.8794590e+06   1.7000000e+01
   4.8855960e+06   1.6000000e+01
   4.8881610e+06   1.6000000e+01
   4.8913740e+06   1.8000000e+01
   4.8960870e+06   1.7000000e+01
   4.9019540e+06   2.0000000e+01
   4.9054470e+06   1.7000000e+01
   4.9119870e+06   1.6000000e+01
   4.9238630e+06   1.7000000e+01
   4.9269780e+06   1.7000000e+01
   4.9284730e+06   1.8000000e+01
   4.9309760e+06   1.6000000e+01
   4.9345080e+06   2.2000000e+01
   4.9356540e+06   1.6000000e+01
   4.9399660e+06   1.6000000e+01
   4.9404870e+06   1.6000000e+01
   4.9407720e+06   1.8000000e+01
   4.9437130e+06   1.8000000e+01
   4.9469300e+06   1.8000000e+01
   4.9563260e+06   2.0000000e+01
   4.9599540e+06   1.6000000e+01
   4.9637920e+06   1.8000000e+01
   4.9744070e+06   1.7000000e+01
   4.9892270e+06   1.6000000e+01
   4.9987700e+06   1.6000000e+01
   5.0029220e+06   2.0000000e+01
   5.0069980e+06   1.7000000e+01
   5.0086350e+06   1.8000000e+01
   5.0086900e+06   1.6000000e+01
   5.0095500e+06   1.6000000e+01
   5.0100550e+06   1.6000000e+01
   5.0100970e+06   1.8000000e+01
   5.0104620e+06   1.9000000e+01
   5.0116720e+06   2.0000000e+01
   5.0124240e+06   2.1000000e+01
   5.0131810e+06   1.9000000e+01
   5.0134790e+06   1.6000000e+01
   5.0141990e+06   1.6000000e+01
   5.0146980e+06   1.6000000e+01
   5.0163290e+06   1.7000000e+01
   5.0173440e+06   1.6000000e+01
   5.0176640e+06   1.6000000e+01
   5.0179090e+06   1.6000000e+01
   5.0180640e+06   1.8000000e+01
   5.0195840e+06   2.0000000e+01
   5.0211370e+06   1.6000000e+01
   5.0371890e+06   1.8000000e+01
   5.0389220e+06   2.0000000e+01
   5.0455400e+06   1.6000000e+01
   5.0469220e+06   1.6000000e+01
   5.0471540e+06   2.1000000e+01
   5.0526760e+06   1.6000000e+01
   5.0546490e+06   1.7000000e+01
   5.0558660e+06   1.6000000e+01
   5.0640420e+06   1.6000000e+01
   5.0672150e+06   1.6000000e+01
   5.0673780e+06   2.1000000e+01
   5.0676590e+06   1.9000000e+01
   5.0679590e+06   2.0000000e+01
   5.0776560e+06   1.8000000e+01
   5.0824960e+06   1.9000000e+01
   5.0825870e+06   1.6000000e+01
   5.0837790e+06   1.6000000e+01
   5.0851630e+06   1.6000000e+01
   5.0898610e+06   1.7000000e+01
   5.0926130e+06   1.7000000e+01
   5.1103430e+06   1.8000000e+01
   5.1155880e+06   1.6000000e+01
   5.1255380e+06   1.6000000e+01
   5.1296650e+06   1.8000000e+01
   5.1307260e+06   1.8000000e+01
   5.1387250e+06   1.6000000e+01
   5.1407890e+06   1.6000000e+01
   5.1421140e+06   1.6000000e+01
   5.1448040e+06   1.8000000e+01
   5.1471770e+06   1.6000000e+01
   5.1531090e+06   1.6000000e+01
   5.1542560e+06   1.7000000e+01
   5.1548760e+06   1.6000000e+01
   5.1550370e+06   1.7000000e+01
   5.1553690e+06   1.7000000e+01
   5.1554030e+06   2.0000000e+01
   5.1554490e+06   1.9000000e+01
   5.1557840e+06   1.6000000e+01
   5.1559880e+06   1.7000000e+01
   5.1562760e+06   1.6000000e+01
   5.1563540e+06   1.7000000e+01
   5.1567770e+06   1.9000000e+01
   5.1569570e+06   1.6000000e+01
   5.1606890e+06   1.6000000e+01
   5.1680220e+06   2.0000000e+01
   5.1791010e+06   1.8000000e+01
   5.1808800e+06   1.6000000e+01
   5.1823030e+06   1.8000000e+01
   5.1893050e+06   1.7000000e+01
   5.1929820e+06   1.6000000e+01
   5.1965770e+06   1.6000000e+01
   5.2016830e+06   1.7000000e+01
   5.2128710e+06   1.6000000e+01
   5.2169670e+06   1.6000000e+01
   5.2194520e+06   2.0000000e+01
   5.2266320e+06   1.7000000e+01
   5.2301670e+06   2.0000000e+01
   5.2309410e+06   1.6000000e+01
   5.2334580e+06   2.2000000e+01
   5.2338650e+06   1.7000000e+01
   5.2368180e+06   1.8000000e+01
   5.2394090e+06   1.6000000e+01
   5.2398450e+06   1.8000000e+01
   5.2412140e+06   1.6000000e+01
   5.2440220e+06   1.6000000e+01
   5.2444100e+06   1.7000000e+01
   5.2469700e+06   1.8000000e+01
   5.2470640e+06   1.7000000e+01
   5.2473380e+06   1.9000000e+01
   5.2483950e+06   1.8000000e+01
   5.2502020e+06   1.7000000e+01
   5.2542080e+06   1.8000000e+01
   5.2564620e+06   2.0000000e+01
   5.2587470e+06   1.9000000e+01
   5.2606050e+06   2.2000000e+01
   5.2609160e+06   1.7000000e+01
   5.2615160e+06   1.7000000e+01
   5.2627590e+06   1.6000000e+01
   5.2636330e+06   1.6000000e+01
   5.2657760e+06   1.7000000e+01
   5.2682260e+06   1.8000000e+01
   5.2748460e+06   1.7000000e+01
   5.2773350e+06   1.6000000e+01
   5.2805740e+06   1.7000000e+01
   5.2818420e+06   2.2000000e+01
   5.2821390e+06   1.6000000e+01
   5.2824680e+06   1.6000000e+01
   5.2849120e+06   1.6000000e+01
   5.2868730e+06   2.2000000e+01
   5.2959550e+06   1.7000000e+01
   5.2969010e+06   1.6000000e+01
   5.2984190e+06   1.6000000e+01
   5.2989320e+06   1.6000000e+01
   5.2993030e+06   1.6000000e+01
   5.3004490e+06   1.6000000e+01
   5.3011730e+06   2.1000000e+01
   5.3069810e+06   1.6000000e+01
   5.3146610e+06   2.2000000e+01
   5.3180560e+06   1.6000000e+01
   5.3221840e+06   1.6000000e+01
   5.3250690e+06   1.6000000e+01
   5.3350540e+06   1.6000000e+01
   5.3386290e+06   1.6000000e+01
   5.3592830e+06   1.6000000e+01
   5.3637870e+06   1.9000000e+01
   5.3680140e+06   1.7000000e+01
   5.3829250e+06   1.9000000e+01
   5.3942960e+06   1.8000000e+01
   5.3951160e+06   1.6000000e+01
   5.3963550e+06   1.6000000e+01
   5.4001280e+06   1.7000000e+01
   5.4073400e+06   1.6000000e+01
   5.4116170e+06   1.8000000e+01
   5.4162320e+06   1.6000000e+01
   5.4231920e+06   1.7000000e+01
   5.4263120e+06   1.6000000e+01
   5.4309200e+06   1.7000000e+01
   5.4393630e+06   2.0000000e+01
   5.4405290e+06   1.8000000e+01
   5.4496910e+06   1.7000000e+01
   5.4573980e+06   1.7000000e+01
   5.4608120e+06   1.8000000e+01
   5.4634180e+06   1.7000000e+01
   5.4708130e+06   1.8000000e+01
   5.4751070e+06   1.7000000e+01
   5.4754830e+06   1.8000000e+01
   5.4757230e+06   1.6000000e+01
   5.4760770e+06   1.7000000e+01
   5.4764230e+06   1.6000000e+01
   5.4768830e+06   1.8000000e+01
   5.4769640e+06   1.7000000e+01
   5.4772360e+06   1.6000000e+01
   5.4783230e+06   1.8000000e+01
   5.4786090e+06   1.6000000e+01
   5.4789050e+06   1.7000000e+01
   5.4792950e+06   1.6000000e+01
   5.4799540e+06   1.6000000e+01
   5.4808630e+06   1.6000000e+01
   5.4841820e+06   1.6000000e+01
   5.4862240e+06   1.7000000e+01
   5.4885670e+06   1.6000000e+01
   5.4978690e+06   1.6000000e+01
   5.5010000e+06   1.6000000e+01
   5.5077120e+06   1.8000000e+01
   5.5104810e+06   1.6000000e+01
   5.5127760e+06   1.7000000e+01
   5.5177150e+06   1.6000000e+01
   5.5249810e+06   2.0000000e+01
   5.5250830e+06   1.6000000e+01
   5.5281380e+06   1.6000000e+01
   5.5306770e+06   1.9000000e+01
   5.5312050e+06   1.7000000e+01
   5.5315240e+06   1.7000000e+01
   5.5342190e+06   1.6000000e+01
   5.5385660e+06   1.7000000e+01
   5.5425210e+06   1.7000000e+01
   5.5442530e+06   1.7000000e+01
   5.5456820e+06   1.7000000e+01
   5.5461460e+06   1.6000000e+01
   5.5462090e+06   1.7000000e+01
   5.5462400e+06   1.6000000e+01
   5.5467980e+06   1.6000000e+01
   5.5471330e+06   1.8000000e+01
   5.5478680e+06   2.3000000e+01
   5.5494170e+06   1.9000000e+01
   5.5536030e+06   1.6000000e+01
   5.5628920e+06   1.7000000e+01
   5.5639480e+06   1.6000000e+01
   5.5658660e+06   1.7000000e+01
   5.5663390e+06   1.6000000e+01
   5.5672090e+06   1.6000000e+01
   5.5704100e+06   1.8000000e+01
   5.5723790e+06   1.8000000e+01
   5.5804350e+06   1.8000000e+01
   5.5851800e+06   1.7000000e+01
   5.5907380e+06   1.8000000e+01
   5.5972840e+06   1.7000000e+01
   5.6084310e+06   1.8000000e+01
   5.6112700e+06   1.6000000e+01
   5.6140370e+06   1.7000000e+01
   5.6144940e+06   1.6000000e+01
   5.6156560e+06   1.6000000e+01
   5.6160570e+06   1.6000000e+01
   5.6171990e+06   1.6000000e+01
   5.6173130e+06   1.6000000e+01
   5.6192520e+06   1.7000000e+01
   5.6195090e+06   1.6000000e+01
   5.6231380e+06   1.7000000e+01
   5.6355460e+06   1.7000000e+01
   5.6378500e+06   1.6000000e+01
   5.6449640e+06   1.7000000e+01
   5.6522810e+06   1.7000000e+01
   5.6526790e+06   1.6000000e+01
   5.6573330e+06   1.6000000e+01
   5.6607540e+06   1.6000000e+01
   5.6636660e+06   1.6000000e+01
   5.6669960e+06   2.0000000e+01
   5.6704220e+06   2.0000000e+01
   5.6829740e+06   1.7000000e+01
   5.6876660e+06   1.7000000e+01
   5.6931840e+06   1.6000000e+01
   5.6934870e+06   1.9000000e+01
   5.6938950e+06   1.7000000e+01
   5.7065890e+06   1.6000000e+01
   5.7083090e+06   1.7000000e+01
   5.7087320e+06   2.0000000e+01
   5.7090510e+06   1.6000000e+01
   5.7090840e+06   1.8000000e+01
   5.7094140e+06   2.6000000e+01
   5.7100420e+06   2.0000000e+01
   5.7104880e+06   1.6000000e+01
   5.7115480e+06   1.8000000e+01
   5.7117900e+06   2.1000000e+01
   5.7119580e+06   1.7000000e+01
   5.7127540e+06   1.8000000e+01
   5.7137140e+06   1.8000000e+01
   5.7137800e+06   1.8000000e+01
   5.7149630e+06   1.7000000e+01
   5.7155470e+06   1.6000000e+01
   5.7184180e+06   1.8000000e+01
   5.7189130e+06   1.8000000e+01
   5.7210300e+06   1.7000000e+01
   5.7240810e+06   1.8000000e+01
   5.7241090e+06   1.6000000e+01
   5.7269730e+06   1.8000000e+01
   5.7295390e+06   1.7000000e+01
   5.7302070e+06   1.6000000e+01
   5.7305850e+06   1.6000000e+01
   5.7317710e+06   1.6000000e+01
   5.7324330e+06   1.9000000e+01
   5.7327090e+06   1.7000000e+01
   5.7342340e+06   1.7000000e+01
   5.7342760e+06   1.6000000e+01
   5.7368490e+06   1.8000000e+01
   5.7368890e+06   1.8000000e+01
   5.7398090e+06   1.7000000e+01
   5.7400280e+06   1.6000000e+01
   5.7402770e+06   1.9000000e+01
   5.7417680e+06   1.7000000e+01
   5.7426940e+06   1.9000000e+01
   5.7429780e+06   1.6000000e+01
   5.7437380e+06   1.8000000e+01
   5.7439970e+06   2.0000000e+01
   5.7454790e+06   1.6000000e+01
   5.7462630e+06   1.7000000e+01
   5.7463490e+06   1.7000000e+01
   5.7465810e+06   1.7000000e+01
   5.7477140e+06   1.7000000e+01
   5.7491230e+06   2.0000000e+01
   5.7498050e+06   1.6000000e+01
   5.7516250e+06   1.7000000e+01
   5.7549930e+06   1.6000000e+01
   5.7602240e+06   1.7000000e+01
   5.7612290e+06   1.6000000e+01
   5.7618520e+06   1.7000000e+01
   5.7662230e+06   1.6000000e+01
   5.7688590e+06   1.7000000e+01
   5.7724940e+06   1.6000000e+01
   5.7747430e+06   2.0000000e+01
   5.7770530e+06   1.7000000e+01
   5.7808160e+06   1.8000000e+01
   5.7841210e+06   1.7000000e+01
   5.7889920e+06   1.6000000e+01
   5.7931740e+06   1.8000000e+01
   5.8013760e+06   1.6000000e+01
   5.8040610e+06   1.8000000e+01
   5.8128910e+06   1.7000000e+01
   5.8140370e+06   1.6000000e+01
   5.8173540e+06   1.7000000e+01
   5.8202070e+06   1.9000000e+01
   5.8247620e+06   2.1000000e+01
   5.8322220e+06   1.6000000e+01
   5.8359960e+06   1.6000000e+01
   5.8400810e+06   1.7000000e+01
   5.8431740e+06   1.6000000e+01
   5.8469210e+06   1.8000000e+01
   5.8503930e+06   1.7000000e+01
   5.8640140e+06   1.6000000e+01
   5.8645130e+06   1.6000000e+01
   5.8651460e+06   1.6000000e+01
   5.8658160e+06   1.7000000e+01
   5.8678420e+06   1.6000000e+01
   5.8693610e+06   1.7000000e+01
   5.8695580e+06   1.7000000e+01
   5.8713630e+06   1.7000000e+01
   5.8751960e+06   1.6000000e+01
   5.8823950e+06   1.6000000e+01
   5.8907370e+06   1.8000000e+01
   5.8988340e+06   1.7000000e+01
   5.9103120e+06   1.6000000e+01
   5.9173580e+06   1.6000000e+01
   5.9263450e+06   1.7000000e+01
   5.9353040e+06   1.6000000e+01
   5.9435480e+06   1.6000000e+01
   5.9468970e+06   1.7000000e+01
   5.9521610e+06   1.7000000e+01
   5.9549530e+06   1.6000000e+01
   5.9625830e+06   1.6000000e+01
   5.9661730e+06   1.6000000e+01
   5.9702600e+06   2.4000000e+01
   5.9708820e+06   2.2000000e+01
   5.9718300e+06   1.6000000e+01
   5.9752130e+06   1.6000000e+01
   5.9785010e+06   1.8000000e+01
   5.9903180e+06   1.9000000e+01
   5.9979670e+06   1.7000000e+01
   5.9985360e+06   1.7000000e+01
   6.0215350e+06   1.7000000e+01
   6.0301560e+06   1.6000000e+01
   6.0362390e+06   1.6000000e+01
   6.0426950e+06   1.6000000e+01
   6.0432280e+06   1.7000000e+01
   6.0524580e+06   1.8000000e+01
   6.0554310e+06   1.6000000e+01
   6.0575250e+06   1.6000000e+01
   6.0665440e+06   1.8000000e+01
   6.0682340e+06   1.6000000e+01
   6.0720990e+06   1.6000000e+01
   6.0760040e+06   1.8000000e+01
   6.0783410e+06   1.7000000e+01
   6.0882000e+06   1.8000000e+01
   6.0920480e+06   1.8000000e+01
   6.0976570e+06   1.6000000e+01
   6.0977350e+06   1.9000000e+01
   6.1010850e+06   2.3000000e+01
   6.1048960e+06   1.6000000e+01
   6.1058460e+06   1.6000000e+01
   6.1131680e+06   1.8000000e+01
   6.1165690e+06   1.6000000e+01
   6.1213990e+06   1.6000000e+01
   6.1241220e+06   1.6000000e+01
   6.1254210e+06   1.6000000e+01
   6.1285330e+06   1.6000000e+01
   6.1350060e+06   1.6000000e+01
   6.1422390e+06   1.7000000e+01
   6.1466250e+06   1.6000000e+01
   6.1476250e+06   1.6000000e+01
   6.1516670e+06   1.6000000e+01
   6.1564310e+06   1.8000000e+01
   6.1566890e+06   1.6000000e+01
   6.1616360e+06   1.9000000e+01
   6.1641440e+06   1.6000000e+01
   6.1658050e+06   1.7000000e+01
   6.1663940e+06   1.8000000e+01
   6.1669640e+06   1.7000000e+01
   6.1673960e+06   1.7000000e+01
   6.1676650e+06   1.8000000e+01
   6.1680380e+06   1.6000000e+01
   6.1689720e+06   1.6000000e+01
   6.1693840e+06   1.6000000e+01
   6.1694750e+06   1.6000000e+01
   6.1697290e+06   1.7000000e+01
   6.1709560e+06   2.0000000e+01
   6.1721560e+06   2.0000000e+01
   6.1764580e+06   1.9000000e+01
   6.1817220e+06   1.7000000e+01
   6.1923820e+06   1.7000000e+01
   6.1929390e+06   1.7000000e+01
   6.1950420e+06   1.7000000e+01
   6.1978850e+06   1.8000000e+01
   6.2032520e+06   1.8000000e+01
   6.2053940e+06   1.6000000e+01
   6.2128190e+06   1.7000000e+01
   6.2139780e+06   1.6000000e+01
   6.2185020e+06   1.7000000e+01
   6.2213760e+06   2.0000000e+01
   6.2222940e+06   2.3000000e+01
   6.2249510e+06   1.6000000e+01
   6.2282520e+06   2.1000000e+01
   6.2285140e+06   1.8000000e+01
   6.2339410e+06   1.6000000e+01
   6.2386660e+06   1.7000000e+01
   6.2447740e+06   1.8000000e+01
   6.2473140e+06   1.6000000e+01
   6.2494820e+06   1.8000000e+01
   6.2520610e+06   1.6000000e+01
   6.2595910e+06   2.2000000e+01
   6.2604410e+06   1.6000000e+01
   6.2631860e+06   1.6000000e+01
   6.2704250e+06   1.6000000e+01
   6.2727210e+06   1.8000000e+01
   6.2796120e+06   1.6000000e+01
   6.2864720e+06   1.7000000e+01
   6.2910070e+06   1.8000000e+01
   6.2923330e+06   1.8000000e+01
   6.2933620e+06   2.1000000e+01
   6.2956510e+06   1.6000000e+01
   6.2970340e+06   1.8000000e+01
   6.3001540e+06   1.6000000e+01
   6.3069270e+06   1.7000000e+01
   6.3098430e+06   1.8000000e+01
   6.3269320e+06   1.6000000e+01
   6.3289090e+06   1.7000000e+01
   6.3295630e+06   1.6000000e+01
   6.3317730e+06   1.6000000e+01
   6.3510970e+06   1.8000000e+01
   6.3549140e+06   2.0000000e+01
   6.3630550e+06   1.8000000e+01
   6.3715860e+06   1.7000000e+01
   6.3746080e+06   1.6000000e+01
   6.3811590e+06   2.0000000e+01
   6.3830130e+06   1.9000000e+01
   6.3847540e+06   1.6000000e+01
   6.3884170e+06   1.6000000e+01
   6.3944330e+06   1.7000000e+01
   6.4008860e+06   1.7000000e+01
   6.4041350e+06   1.6000000e+01
   6.4070230e+06   1.7000000e+01
   6.4134630e+06   1.6000000e+01
   6.4189110e+06   1.6000000e+01
   6.4203050e+06   1.6000000e+01
   6.4209750e+06   1.6000000e+01
   6.4210980e+06   2.2000000e+01
   6.4215170e+06   1.8000000e+01
   6.4223060e+06   1.9000000e+01
   6.4233220e+06   1.7000000e+01
   6.4234350e+06   1.6000000e+01
   6.4236990e+06   1.9000000e+01
   6.4243930e+06   1.8000000e+01
   6.4251370e+06   1.7000000e+01
   6.4280410e+06   2.2000000e+01
   6.4298480e+06   1.6000000e+01
   6.4315480e+06   2.0000000e+01
   6.4355410e+06   1.6000000e+01
   6.4406060e+06   1.8000000e+01
   6.4432540e+06   1.6000000e+01
   6.4475640e+06   1.6000000e+01
   6.4493820e+06   1.6000000e+01
   6.4500050e+06   1.8000000e+01
   6.4515560e+06   1.9000000e+01
   6.4533830e+06   1.6000000e+01
   6.4630330e+06   2.1000000e+01
   6.4724310e+06   2.0000000e+01
   6.4768550e+06   1.6000000e+01
   6.4855540e+06   1.7000000e+01
   6.4870660e+06   1.7000000e+01
   6.4902070e+06   1.7000000e+01
   6.4930920e+06   1.7000000e+01
   6.4944370e+06   2.6000000e+01
   6.4946560e+06   1.6000000e+01
   6.4962730e+06   2.1000000e+01
   6.4963180e+06   1.6000000e+01
   6.4972380e+06   1.7000000e+01
   6.4991020e+06   2.0000000e+01
   6.5021990e+06   1.6000000e+01
   6.5081310e+06   1.6000000e+01
   6.5117450e+06   1.7000000e+01
   6.5160750e+06   1.8000000e+01
   6.5171140e+06   1.6000000e+01
   6.5210410e+06   2.2000000e+01
   6.5226890e+06   1.7000000e+01
   6.5259410e+06   1.6000000e+01
   6.5331000e+06   1.9000000e+01
   6.5340190e+06   1.6000000e+01
   6.5343210e+06   1.7000000e+01
   6.5348280e+06   1.7000000e+01
   6.5349150e+06   1.6000000e+01
   6.5352500e+06   1.8000000e+01
   6.5355560e+06   1.6000000e+01
   6.5356930e+06   1.7000000e+01
   6.5359660e+06   2.1000000e+01
   6.5360770e+06   1.8000000e+01
   6.5362580e+06   1.8000000e+01
   6.5365370e+06   1.7000000e+01
   6.5367500e+06   1.6000000e+01
   6.5368400e+06   1.6000000e+01
   6.5371790e+06   1.9000000e+01
   6.5372240e+06   1.7000000e+01
   6.5375180e+06   1.6000000e+01
   6.5385280e+06   1.7000000e+01
   6.5389620e+06   2.4000000e+01
   6.5402340e+06   1.6000000e+01
   6.5411440e+06   1.6000000e+01
   6.5413710e+06   1.9000000e+01
   6.5413990e+06   1.7000000e+01
   6.5421810e+06   1.7000000e+01
   6.5422260e+06   1.7000000e+01
   6.5436990e+06   1.6000000e+01
   6.5439070e+06   1.6000000e+01
   6.5465720e+06   1.9000000e+01
   6.5469860e+06   2.0000000e+01
   6.5482440e+06   1.7000000e+01
   6.5485070e+06   1.6000000e+01
   6.5502740e+06   1.7000000e+01
   6.5515170e+06   1.9000000e+01
   6.5522590e+06   2.0000000e+01
   6.5528730e+06   1.7000000e+01
   6.5529650e+06   1.6000000e+01
   6.5541000e+06   1.6000000e+01
   6.5544850e+06   1.6000000e+01
   6.5558230e+06   1.9000000e+01
   6.5573610e+06   1.6000000e+01
   6.5578050e+06   1.6000000e+01
   6.5587400e+06   1.7000000e+01
   6.5624310e+06   1.6000000e+01
   6.5656670e+06   1.6000000e+01
   6.5680160e+06   1.7000000e+01
   6.5684630e+06   2.1000000e+01
   6.5689060e+06   1.8000000e+01
   6.5697810e+06   1.8000000e+01
   6.5705700e+06   1.6000000e+01
   6.5707750e+06   2.1000000e+01
   6.5712660e+06   1.8000000e+01
   6.5768540e+06   1.8000000e+01
   6.5779570e+06   1.6000000e+01
   6.5788410e+06   1.6000000e+01
   6.5804120e+06   1.8000000e+01
   6.5813940e+06   1.7000000e+01
   6.5823740e+06   1.6000000e+01
   6.5832760e+06   1.7000000e+01
   6.5841100e+06   1.7000000e+01
   6.5841820e+06   1.6000000e+01
   6.5859480e+06   1.7000000e+01
   6.5866080e+06   1.7000000e+01
   6.5890460e+06   1.6000000e+01
   6.5892350e+06   2.2000000e+01
   6.5903770e+06   1.6000000e+01
   6.5904920e+06   1.6000000e+01
   6.5920030e+06   2.0000000e+01
   6.5926030e+06   2.1000000e+01
   6.5935490e+06   1.7000000e+01
   6.5950300e+06   1.6000000e+01
   6.5966530e+06   1.7000000e+01
   6.5967100e+06   1.8000000e+01
   6.5974290e+06   1.6000000e+01
   6.5984070e+06   1.7000000e+01
   6.5991920e+06   1.7000000e+01
   6.5994230e+06   1.6000000e+01
   6.5994660e+06   1.6000000e+01
   6.6007330e+06   1.7000000e+01
   6.6013830e+06   1.8000000e+01
   6.6017150e+06   1.6000000e+01
   6.6032190e+06   1.9000000e+01
   6.6035290e+06   1.7000000e+01
   6.6046550e+06   1.6000000e+01
   6.6056730e+06   1.6000000e+01
   6.6075390e+06   1.7000000e+01
   6.6092660e+06   1.9000000e+01
   6.6099180e+06   1.7000000e+01
   6.6108500e+06   1.6000000e+01
   6.6122660e+06   1.6000000e+01
   6.6132920e+06   1.6000000e+01
   6.6137200e+06   1.6000000e+01
   6.6139460e+06   2.0000000e+01
   6.6177350e+06   1.7000000e+01
   6.6192260e+06   1.9000000e+01
   6.6197250e+06   1.6000000e+01
   6.6203490e+06   1.6000000e+01
   6.6204230e+06   1.6000000e+01
   6.6211840e+06   1.6000000e+01
   6.6224790e+06   2.2000000e+01
   6.6228470e+06   1.7000000e+01
   6.6230150e+06   2.5000000e+01
   6.6256470e+06   1.6000000e+01
   6.6269520e+06   1.7000000e+01
   6.6273590e+06   1.6000000e+01
   6.6281340e+06   1.6000000e+01
   6.6299410e+06   1.8000000e+01
   6.6322040e+06   1.6000000e+01
   6.6341950e+06   1.9000000e+01
   6.6404970e+06   1.8000000e+01
   6.6435730e+06   1.9000000e+01
   6.6577220e+06   1.7000000e+01
   6.6583540e+06   1.8000000e+01
   6.6639680e+06   1.6000000e+01
   6.6655910e+06   2.0000000e+01
   6.6656540e+06   1.6000000e+01
   6.6710920e+06   2.1000000e+01
   6.6717640e+06   1.9000000e+01
   6.6811620e+06   1.7000000e+01
   6.6844410e+06   2.1000000e+01
   6.6863660e+06   1.7000000e+01
   6.6881100e+06   1.7000000e+01
   6.6881940e+06   1.7000000e+01
   6.6912500e+06   2.0000000e+01
   6.6944090e+06   2.0000000e+01
   6.7012980e+06   2.0000000e+01
   6.7014720e+06   1.7000000e+01
   6.7076800e+06   1.7000000e+01
   6.7078390e+06   1.6000000e+01
   6.7225310e+06   1.8000000e+01
   6.7227490e+06   1.7000000e+01
   6.7244330e+06   1.6000000e+01
   6.7278610e+06   1.8000000e+01
   6.7361090e+06   1.6000000e+01
   6.7377460e+06   1.6000000e+01
   6.7380590e+06   1.6000000e+01
   6.7424120e+06   1.7000000e+01
   6.7448870e+06   1.7000000e+01
   6.7629340e+06   2.2000000e+01
   6.7715950e+06   1.8000000e+01
   6.7771230e+06   2.0000000e+01
   6.7789150e+06   1.8000000e+01
   6.7925770e+06   1.6000000e+01
   6.7980580e+06   1.8000000e+01
   6.8000120e+06   1.6000000e+01
   6.8206620e+06   1.8000000e+01
   6.8216990e+06   1.6000000e+01
   6.8367920e+06   2.3000000e+01
   6.8495090e+06   1.7000000e+01
   6.8532160e+06   1.7000000e+01
   6.8560000e+06   1.9000000e+01
   6.8617360e+06   1.6000000e+01
   6.8681790e+06   1.7000000e+01
   6.8702760e+06   1.6000000e+01
   6.8747950e+06   1.6000000e+01
   6.8781100e+06   1.6000000e+01
   6.8828280e+06   2.0000000e+01
   6.8853820e+06   1.6000000e+01
   6.8964740e+06   1.9000000e+01
   6.9109980e+06   1.7000000e+01
   6.9270950e+06   1.7000000e+01
   6.9272760e+06   1.8000000e+01
   6.9279620e+06   1.8000000e+01
   6.9284550e+06   1.6000000e+01
   6.9290700e+06   1.6000000e+01
   6.9311920e+06   1.8000000e+01
   6.9313130e+06   1.8000000e+01
   6.9335050e+06   1.8000000e+01
   6.9440630e+06   1.6000000e+01
   6.9465550e+06   2.0000000e+01
   6.9469370e+06   1.8000000e+01
   6.9531240e+06   1.7000000e+01
   6.9535890e+06   1.8000000e+01
   6.9539570e+06   1.8000000e+01
   6.9569470e+06   1.6000000e+01
   6.9634680e+06   1.9000000e+01
   6.9681840e+06   1.7000000e+01
   6.9744010e+06   1.7000000e+01
   6.9792670e+06   1.6000000e+01
   6.9832600e+06   1.8000000e+01
   6.9873640e+06   1.7000000e+01
   6.9932780e+06   1.6000000e+01
   6.9950170e+06   1.6000000e+01
   6.9989510e+06   1.7000000e+01
   7.0057500e+06   1.7000000e+01
   7.0091710e+06   1.7000000e+01
   7.0158890e+06   1.7000000e+01
   7.0258310e+06   1.9000000e+01
   7.0339960e+06   1.6000000e+01
   7.0404130e+06   1.6000000e+01
   7.0454420e+06   1.6000000e+01
   7.0487620e+06   1.6000000e+01
   7.0521560e+06   1.7000000e+01
   7.0556080e+06   1.6000000e+01
   7.0588350e+06   1.9000000e+01
   7.0666060e+06   1.7000000e+01
   7.0800270e+06   1.7000000e+01
   7.0867880e+06   1.6000000e+01
   7.1021660e+06   1.6000000e+01
   7.1094560e+06   1.7000000e+01
   7.1191550e+06   1.9000000e+01
   7.1269970e+06   1.6000000e+01
   7.1297180e+06   1.6000000e+01
   7.1303970e+06   1.6000000e+01
   7.1308740e+06   2.2000000e+01
   7.1311770e+06   1.6000000e+01
   7.1312750e+06   1.7000000e+01
   7.1318970e+06   1.9000000e+01
   7.1320210e+06   1.6000000e+01
   7.1328130e+06   1.7000000e+01
   7.1332710e+06   1.8000000e+01
   7.1336870e+06   1.7000000e+01
   7.1343920e+06   2.0000000e+01
   7.1351520e+06   1.6000000e+01
   7.1363550e+06   1.6000000e+01
   7.1400150e+06   1.6000000e+01
   7.1429350e+06   1.6000000e+01
   7.1453410e+06   2.0000000e+01
   7.1548040e+06   1.8000000e+01
   7.1625340e+06   1.7000000e+01
   7.1658710e+06   1.8000000e+01
   7.1726030e+06   1.6000000e+01
   7.1847370e+06   1.6000000e+01
   7.1885570e+06   1.6000000e+01
   7.1887210e+06   1.6000000e+01
   7.1890300e+06   1.6000000e+01
   7.1924310e+06   1.7000000e+01
   7.1969150e+06   1.6000000e+01
   7.2022140e+06   1.7000000e+01
   7.2048860e+06   1.7000000e+01
   7.2086650e+06   1.6000000e+01
   7.2119460e+06   2.1000000e+01
   7.2187690e+06   1.7000000e+01
   7.2224160e+06   1.6000000e+01
   7.2234370e+06   1.8000000e+01
   7.2243470e+06   1.9000000e+01
   7.2253690e+06   1.6000000e+01
   7.2266800e+06   1.6000000e+01
   7.2279250e+06   1.7000000e+01
   7.2300760e+06   1.6000000e+01
   7.2355230e+06   1.8000000e+01
   7.2496980e+06   1.8000000e+01
   7.2533220e+06   1.7000000e+01
   7.2541820e+06   1.7000000e+01
   7.2566200e+06   1.8000000e+01
   7.2598490e+06   1.9000000e+01
   7.2637280e+06   1.6000000e+01
   7.2754050e+06   1.7000000e+01
   7.2787250e+06   1.6000000e+01
   7.2814470e+06   1.8000000e+01
   7.3003970e+06   1.9000000e+01
   7.3006940e+06   1.9000000e+01
   7.3019830e+06   1.8000000e+01
   7.3024090e+06   1.8000000e+01
   7.3032820e+06   1.7000000e+01
   7.3038480e+06   2.2000000e+01
   7.3058840e+06   1.6000000e+01
   7.3108130e+06   1.7000000e+01
   7.3112890e+06   1.7000000e+01
   7.3114010e+06   1.6000000e+01
   7.3140600e+06   1.6000000e+01
   7.3190590e+06   2.0000000e+01
   7.3232960e+06   1.8000000e+01
   7.3334730e+06   1.6000000e+01
   7.3373840e+06   1.9000000e+01
   7.3425800e+06   1.7000000e+01
   7.3458980e+06   1.8000000e+01
   7.3492610e+06   1.6000000e+01
   7.3512780e+06   1.6000000e+01
   7.3513050e+06   1.8000000e+01
   7.3516510e+06   1.6000000e+01
   7.3523320e+06   1.6000000e+01
   7.3530520e+06   1.8000000e+01
   7.3532060e+06   1.6000000e+01
   7.3537790e+06   1.6000000e+01
   7.3546140e+06   1.6000000e+01
   7.3561130e+06   1.6000000e+01
   7.3567410e+06   2.2000000e+01
   7.3568150e+06   2.0000000e+01
   7.3574350e+06   1.6000000e+01
   7.3578120e+06   1.6000000e+01
   7.3589920e+06   1.7000000e+01
   7.3601900e+06   1.7000000e+01
   7.3606310e+06   1.8000000e+01
   7.3612290e+06   1.6000000e+01
   7.3613640e+06   1.6000000e+01
   7.3650780e+06   1.9000000e+01
   7.3669520e+06   1.6000000e+01
   7.3693220e+06   1.9000000e+01
   7.3741660e+06   1.6000000e+01
   7.3750100e+06   1.6000000e+01
   7.3769010e+06   1.6000000e+01
   7.3821990e+06   1.7000000e+01
   7.3869400e+06   1.9000000e+01
   7.3891950e+06   1.9000000e+01
   7.3909640e+06   1.6000000e+01
   7.3922140e+06   1.6000000e+01
   7.3986500e+06   1.7000000e+01
   7.4012630e+06   1.6000000e+01
   7.4030380e+06   1.6000000e+01
   7.4093730e+06   2.0000000e+01
   7.4116070e+06   1.7000000e+01
   7.4154860e+06   1.6000000e+01
   7.4189320e+06   2.0000000e+01
   7.4194390e+06   1.6000000e+01
   7.4273540e+06   1.7000000e+01
   7.4330290e+06   1.7000000e+01
   7.4425950e+06   1.6000000e+01
   7.4465310e+06   1.9000000e+01
   7.4569630e+06   1.7000000e+01
   7.4592970e+06   1.6000000e+01
   7.4625690e+06   1.6000000e+01
   7.4643790e+06   2.1000000e+01
   7.4645810e+06   1.6000000e+01
   7.4647090e+06   1.8000000e+01
   7.4647530e+06   1.8000000e+01
   7.4651480e+06   1.7000000e+01
   7.4652600e+06   2.3000000e+01
   7.4657510e+06   2.1000000e+01
   7.4664100e+06   2.2000000e+01
   7.4665640e+06   1.6000000e+01
   7.4666880e+06   1.6000000e+01
   7.4677530e+06   1.9000000e+01
   7.4689970e+06   1.7000000e+01
   7.4697050e+06   1.6000000e+01
   7.4716290e+06   1.6000000e+01
   7.4721050e+06   1.9000000e+01
   7.4745640e+06   1.7000000e+01
   7.4804940e+06   1.6000000e+01
   7.4831530e+06   1.6000000e+01
   7.4834230e+06   1.6000000e+01
   7.4857740e+06   1.6000000e+01
   7.4894740e+06   1.7000000e+01
   7.4933110e+06   1.6000000e+01
   7.4987940e+06   1.9000000e+01
