   7.5000000e+06   0.0000000e+00
   3.3030000e+04   2.1000000e+01
   3.3589000e+04   2.1000000e+01
   3.4412000e+04   1.8000000e+01
   3.5081000e+04   1.9000000e+01
   3.5533000e+04   1.9000000e+01
   3.6309000e+04   1.9000000e+01
   3.6362000e+04   2.1000000e+01
   3.6760000e+04   1.8000000e+01
   3.6815000e+04   1.8000000e+01
   3.7314000e+04   1.9000000e+01
   3.7709000e+04   1.8000000e+01
   3.8065000e+04   1.8000000e+01
   1.2208100e+05   1.8000000e+01
   1.2355500e+05   1.8000000e+01
   1.6617400e+05   1.8000000e+01
   2.3581400e+05   1.8000000e+01
   2.3606100e+05   1.9000000e+01
   2.3638200e+05   1.8000000e+01
   2.3786400e+05   1.9000000e+01
   2.3866900e+05   2.0000000e+01
   2.4131000e+05   2.3000000e+01
   2.4188700e+05   1.9000000e+01
   2.6581400e+05   1.9000000e+01
   2.8378800e+05   1.8000000e+01
   3.0563800e+05   1.8000000e+01
   3.1146400e+05   1.8000000e+01
   3.3626900e+05   1.8000000e+01
   3.5560800e+05   1.8000000e+01
   3.7480100e+05   1.8000000e+01
   3.7483600e+05   1.8000000e+01
   3.7516700e+05   2.2000000e+01
   3.7522700e+05   1.8000000e+01
   3.7566400e+05   1.8000000e+01
   3.7569600e+05   2.1000000e+01
   3.7605200e+05   1.9000000e+01
   3.7645600e+05   2.0000000e+01
   3.7660100e+05   1.9000000e+01
   3.7668900e+05   2.0000000e+01
   3.7707600e+05   2.3000000e+01
   3.7730500e+05   2.0000000e+01
   3.7735600e+05   2.4000000e+01
   3.7766000e+05   1.8000000e+01
   3.7775000e+05   1.8000000e+01
   3.7787500e+05   1.8000000e+01
   3.7791600e+05   1.8000000e+01
   3.7795100e+05   1.9000000e+01
   3.7861500e+05   2.0000000e+01
   3.7864500e+05   1.8000000e+01
   3.7883700e+05   1.8000000e+01
   3.7944600e+05   1.9000000e+01
   3.8051500e+05   1.8000000e+01
   3.8056800e+05   1.8000000e+01
   3.8178600e+05   1.9000000e+01
   3.8221900e+05   2.0000000e+01
   3.8251700e+05   1.8000000e+01
   3.8298800e+05   1.8000000e+01
   3.8307600e+05   1.8000000e+01
   3.8415800e+05   1.8000000e+01
   3.8461100e+05   2.4000000e+01
   3.8490900e+05   1.8000000e+01
   3.9093900e+05   1.8000000e+01
   3.9697000e+05   1.8000000e+01
   4.0237700e+05   1.9000000e+01
   4.0508400e+05   1.9000000e+01
   4.2360800e+05   1.8000000e+01
   4.2947600e+05   1.9000000e+01
   4.3781600e+05   1.8000000e+01
   4.4156300e+05   1.8000000e+01
   4.4604200e+05   1.8000000e+01
   4.4680100e+05   1.8000000e+01
   4.4820900e+05   2.0000000e+01
   4.5254300e+05   2.1000000e+01
   5.5092000e+05   1.9000000e+01
   6.9800100e+05   1.8000000e+01
   7.0853600e+05   1.8000000e+01
   7.3855300e+05   1.8000000e+01
   7.7550100e+05   2.3000000e+01
   7.7980000e+05   1.9000000e+01
   7.8635600e+05   2.0000000e+01
   7.8689000e+05   1.8000000e+01
   7.8722500e+05   1.8000000e+01
   7.8727800e+05   1.8000000e+01
   7.8768500e+05   1.9000000e+01
   7.8794400e+05   1.8000000e+01
   7.8806500e+05   2.7000000e+01
   7.8809200e+05   2.0000000e+01
   7.9554400e+05   2.1000000e+01
   7.9907700e+05   1.8000000e+01
   8.3742100e+05   1.8000000e+01
   8.8825400e+05   2.2000000e+01
   9.4915300e+05   1.8000000e+01
   1.0440930e+06   1.8000000e+01
   1.0460200e+06   1.8000000e+01
   1.0494920e+06   2.1000000e+01
   1.0551590e+06   1.8000000e+01
   1.1228700e+06   1.8000000e+01
   1.1246140e+06   1.8000000e+01
   1.1258570e+06   1.8000000e+01
   1.1265380e+06   1.9000000e+01
   1.1268700e+06   1.8000000e+01
   1.1272690e+06   1.8000000e+01
   1.1272950e+06   2.2000000e+01
   1.1274200e+06   2.1000000e+01
   1.1277580e+06   1.8000000e+01
   1.1280320e+06   2.1000000e+01
   1.1285600e+06   2.0000000e+01
   1.1356390e+06   1.8000000e+01
   1.1638890e+06   1.8000000e+01
   1.2061020e+06   1.9000000e+01
   1.3083490e+06   1.8000000e+01
   1.3099190e+06   1.9000000e+01
   1.3122480e+06   1.8000000e+01
   1.3174630e+06   2.1000000e+01
   1.4300260e+06   1.8000000e+01
   1.4403320e+06   1.8000000e+01
   1.4712370e+06   1.8000000e+01
   1.5028670e+06   1.8000000e+01
   1.5034980e+06   1.9000000e+01
   1.5050050e+06   1.8000000e+01
   1.5088260e+06   1.8000000e+01
   1.5326360e+06   1.8000000e+01
   1.5631580e+06   1.9000000e+01
   1.5641960e+06   2.2000000e+01
   1.5771850e+06   2.5000000e+01
   1.5850300e+06   1.8000000e+01
   1.5867740e+06   1.9000000e+01
   1.5884500e+06   1.8000000e+01
   1.6323030e+06   1.8000000e+01
   1.6361660e+06   1.8000000e+01
   1.6489230e+06   1.8000000e+01
   1.6866120e+06   1.8000000e+01
   1.6876920e+06   2.1000000e+01
   1.6880760e+06   1.8000000e+01
   1.6895350e+06   1.9000000e+01
   1.6896040e+06   1.9000000e+01
   1.6903650e+06   2.0000000e+01
   1.6925680e+06   1.8000000e+01
   1.6939990e+06   1.8000000e+01
   1.6963830e+06   1.8000000e+01
   1.7391670e+06   1.9000000e+01
   1.7775940e+06   1.8000000e+01
   1.7779420e+06   2.3000000e+01
   1.7856060e+06   1.8000000e+01
   1.8394060e+06   2.4000000e+01
   1.8400830e+06   1.8000000e+01
   1.8472260e+06   1.9000000e+01
   1.8674020e+06   1.8000000e+01
   1.8977430e+06   1.9000000e+01
   1.9054690e+06   1.8000000e+01
   1.9056570e+06   2.0000000e+01
   1.9060840e+06   1.8000000e+01
   1.9065610e+06   1.9000000e+01
   1.9072300e+06   1.8000000e+01
   1.9085470e+06   1.8000000e+01
   1.9092460e+06   2.0000000e+01
   1.9104750e+06   1.9000000e+01
   1.9106730e+06   1.9000000e+01
   1.9107220e+06   1.8000000e+01
   1.9112110e+06   2.4000000e+01
   1.9112910e+06   2.1000000e+01
   1.9113240e+06   1.8000000e+01
   1.9117630e+06   1.9000000e+01
   1.9119990e+06   1.8000000e+01
   1.9120840e+06   2.1000000e+01
   1.9123100e+06   1.9000000e+01
   1.9123860e+06   1.9000000e+01
   1.9127100e+06   1.8000000e+01
   1.9128090e+06   2.2000000e+01
   1.9130500e+06   2.0000000e+01
   1.9133150e+06   1.9000000e+01
   1.9137210e+06   1.8000000e+01
   1.9138020e+06   1.8000000e+01
   1.9139810e+06   2.2000000e+01
   1.9140460e+06   1.8000000e+01
   1.9147120e+06   1.9000000e+01
   1.9149100e+06   1.9000000e+01
   1.9149730e+06   1.8000000e+01
   1.9150820e+06   2.0000000e+01
   1.9152840e+06   1.8000000e+01
   1.9157250e+06   2.1000000e+01
   1.9162490e+06   1.9000000e+01
   1.9165680e+06   1.8000000e+01
   1.9169130e+06   1.8000000e+01
   1.9172480e+06   1.9000000e+01
   1.9189350e+06   1.9000000e+01
   1.9207210e+06   2.0000000e+01
   1.9258200e+06   2.0000000e+01
   1.9347660e+06   2.1000000e+01
   1.9389460e+06   1.8000000e+01
   1.9396670e+06   2.0000000e+01
   1.9403550e+06   1.8000000e+01
   1.9434440e+06   1.9000000e+01
   1.9815920e+06   1.9000000e+01
   1.9852280e+06   1.9000000e+01
   1.9863220e+06   1.8000000e+01
   1.9880930e+06   1.8000000e+01
   1.9901640e+06   1.8000000e+01
   1.9923210e+06   1.8000000e+01
   2.1059430e+06   1.8000000e+01
   2.1220980e+06   2.0000000e+01
   2.1225820e+06   1.9000000e+01
   2.1229040e+06   2.1000000e+01
   2.1231290e+06   1.8000000e+01
   2.1239480e+06   1.8000000e+01
   2.1241140e+06   1.9000000e+01
   2.1242980e+06   2.3000000e+01
   2.1246190e+06   1.8000000e+01
   2.1253590e+06   2.0000000e+01
   2.1258440e+06   1.8000000e+01
   2.1269340e+06   2.2000000e+01
   2.1275790e+06   1.8000000e+01
   2.1305370e+06   1.8000000e+01
   2.1314920e+06   1.9000000e+01
   2.1436310e+06   1.9000000e+01
   2.1444300e+06   2.1000000e+01
   2.1539460e+06   1.8000000e+01
   2.1589680e+06   1.9000000e+01
   2.1622560e+06   2.0000000e+01
   2.1634790e+06   1.9000000e+01
   2.1677490e+06   1.9000000e+01
   2.1697400e+06   1.8000000e+01
   2.1697890e+06   2.0000000e+01
   2.1738840e+06   2.0000000e+01
   2.1767470e+06   1.8000000e+01
   2.1792640e+06   1.9000000e+01
   2.1829220e+06   1.8000000e+01
   2.1842480e+06   1.8000000e+01
   2.1893110e+06   2.0000000e+01
   2.1903350e+06   1.8000000e+01
   2.1926110e+06   1.8000000e+01
   2.1930380e+06   2.2000000e+01
   2.2398050e+06   1.8000000e+01
   2.2476220e+06   2.0000000e+01
   2.3501670e+06   2.0000000e+01
   2.3523240e+06   1.9000000e+01
   2.3766330e+06   1.8000000e+01
   2.5783900e+06   1.8000000e+01
   2.5801780e+06   2.1000000e+01
   2.6076730e+06   1.9000000e+01
   2.6440370e+06   1.8000000e+01
   2.6696190e+06   1.8000000e+01
   2.6838450e+06   1.8000000e+01
   2.6901810e+06   1.8000000e+01
   2.6942340e+06   1.8000000e+01
   2.7074530e+06   1.9000000e+01
   2.7098090e+06   1.9000000e+01
   2.7117550e+06   2.1000000e+01
   2.7121970e+06   2.0000000e+01
   2.7125520e+06   2.1000000e+01
   2.7489050e+06   1.9000000e+01
   2.7551430e+06   1.8000000e+01
   2.7907620e+06   2.2000000e+01
   2.8374630e+06   2.1000000e+01
   2.8762610e+06   1.9000000e+01
   2.9037040e+06   1.8000000e+01
   2.9435730e+06   1.9000000e+01
   2.9745440e+06   2.4000000e+01
   2.9794870e+06   1.8000000e+01
   2.9804210e+06   2.5000000e+01
   2.9809400e+06   2.0000000e+01
   2.9814120e+06   1.9000000e+01
   2.9829770e+06   2.1000000e+01
   2.9832780e+06   2.1000000e+01
   2.9881790e+06   1.8000000e+01
   3.0367560e+06   1.8000000e+01
   3.0496760e+06   1.9000000e+01
   3.0755990e+06   1.8000000e+01
   3.0777350e+06   1.9000000e+01
   3.0784430e+06   1.9000000e+01
   3.0787550e+06   2.2000000e+01
   3.0792780e+06   1.8000000e+01
   3.0796610e+06   1.9000000e+01
   3.0796900e+06   2.3000000e+01
   3.0822950e+06   1.9000000e+01
   3.0823540e+06   2.2000000e+01
   3.0833760e+06   1.8000000e+01
   3.0840960e+06   2.0000000e+01
   3.0854140e+06   2.2000000e+01
   3.0855570e+06   1.9000000e+01
   3.0866300e+06   1.8000000e+01
   3.1176740e+06   1.8000000e+01
   3.1304460e+06   1.8000000e+01
   3.1317400e+06   1.8000000e+01
   3.1391540e+06   2.1000000e+01
   3.1444580e+06   2.3000000e+01
   3.1609240e+06   1.8000000e+01
   3.2195810e+06   1.9000000e+01
   3.2382450e+06   1.8000000e+01
   3.2972430e+06   1.9000000e+01
   3.2997860e+06   1.9000000e+01
   3.3059770e+06   2.0000000e+01
   3.3076890e+06   1.8000000e+01
   3.3092930e+06   1.9000000e+01
   3.3097520e+06   1.8000000e+01
   3.3480830e+06   2.0000000e+01
   3.3960360e+06   1.8000000e+01
   3.4285160e+06   2.0000000e+01
   3.4489180e+06   2.3000000e+01
   3.4494520e+06   1.8000000e+01
   3.4519170e+06   1.8000000e+01
   3.4560430e+06   1.8000000e+01
   3.4890820e+06   1.8000000e+01
   3.5047370e+06   1.9000000e+01
   3.5243390e+06   2.0000000e+01
   3.5352420e+06   1.9000000e+01
   3.5355800e+06   1.9000000e+01
   3.5380560e+06   1.9000000e+01
   3.5383660e+06   2.0000000e+01
   3.5394000e+06   1.8000000e+01
   3.5401760e+06   1.8000000e+01
   3.5473090e+06   1.8000000e+01
   3.5595930e+06   1.8000000e+01
   3.5719480e+06   1.8000000e+01
   3.5749950e+06   1.9000000e+01
   3.5756780e+06   2.1000000e+01
   3.5757210e+06   1.8000000e+01
   3.5762060e+06   1.8000000e+01
   3.5765190e+06   2.0000000e+01
   3.5765500e+06   2.4000000e+01
   3.5766190e+06   1.8000000e+01
   3.5769540e+06   1.9000000e+01
   3.5788790e+06   1.9000000e+01
   3.5798170e+06   2.1000000e+01
   3.5833810e+06   1.8000000e+01
   3.5859740e+06   1.9000000e+01
   3.5868480e+06   1.8000000e+01
   3.5886080e+06   1.8000000e+01
   3.5989750e+06   2.2000000e+01
   3.6017840e+06   1.8000000e+01
   3.6285050e+06   2.0000000e+01
   3.6285650e+06   1.8000000e+01
   3.6351060e+06   2.2000000e+01
   3.6373110e+06   2.0000000e+01
   3.6678450e+06   1.8000000e+01
   3.6714750e+06   2.1000000e+01
   3.7734500e+06   2.0000000e+01
   3.7843620e+06   2.1000000e+01
   3.8715500e+06   2.0000000e+01
   3.8741400e+06   1.8000000e+01
   3.8787700e+06   2.1000000e+01
   3.8798790e+06   1.8000000e+01
   3.8804360e+06   1.8000000e+01
   3.8813630e+06   1.8000000e+01
   3.9310430e+06   1.9000000e+01
   3.9725680e+06   1.8000000e+01
   4.0415660e+06   1.8000000e+01
   4.0770620e+06   1.8000000e+01
   4.0878250e+06   1.8000000e+01
   4.0883540e+06   2.0000000e+01
   4.1029940e+06   1.8000000e+01
   4.1032430e+06   1.8000000e+01
   4.1032940e+06   1.9000000e+01
   4.1033460e+06   1.8000000e+01
   4.1037290e+06   1.9000000e+01
   4.1042040e+06   1.8000000e+01
   4.1042630e+06   1.8000000e+01
   4.1051060e+06   2.1000000e+01
   4.1062240e+06   1.9000000e+01
   4.1062780e+06   1.8000000e+01
   4.1107930e+06   1.8000000e+01
   4.1510640e+06   2.0000000e+01
   4.1812690e+06   1.8000000e+01
   4.1840280e+06   1.8000000e+01
   4.1847930e+06   1.8000000e+01
   4.1893180e+06   2.1000000e+01
   4.1893440e+06   1.9000000e+01
   4.2088290e+06   1.9000000e+01
   4.2267690e+06   1.8000000e+01
   4.2272240e+06   1.8000000e+01
   4.2275610e+06   1.9000000e+01
   4.2288540e+06   1.9000000e+01
   4.2338900e+06   1.8000000e+01
   4.2784010e+06   1.8000000e+01
   4.2979530e+06   1.9000000e+01
   4.3043300e+06   1.8000000e+01
   4.3051940e+06   1.8000000e+01
   4.3059160e+06   1.8000000e+01
   4.3059490e+06   1.9000000e+01
   4.3063330e+06   1.8000000e+01
   4.3080980e+06   1.8000000e+01
   4.3095840e+06   2.0000000e+01
   4.3111590e+06   1.8000000e+01
   4.3115520e+06   1.8000000e+01
   4.3522060e+06   1.9000000e+01
   4.3524340e+06   1.8000000e+01
   4.3532060e+06   1.9000000e+01
   4.3546270e+06   1.8000000e+01
   4.3574310e+06   1.8000000e+01
   4.3578670e+06   1.9000000e+01
   4.3585160e+06   1.8000000e+01
   4.3585660e+06   2.0000000e+01
   4.3587130e+06   1.8000000e+01
   4.3597100e+06   1.9000000e+01
   4.3602650e+06   1.8000000e+01
   4.3705180e+06   1.9000000e+01
   4.3705500e+06   1.8000000e+01
   4.3811690e+06   2.0000000e+01
   4.4223210e+06   1.9000000e+01
   4.4230030e+06   1.8000000e+01
   4.4252350e+06   1.8000000e+01
   4.4277700e+06   1.9000000e+01
   4.4412990e+06   2.1000000e+01
   4.4701790e+06   1.8000000e+01
   4.4862360e+06   1.8000000e+01
   4.5603320e+06   1.9000000e+01
   4.5613270e+06   1.8000000e+01
   4.5732330e+06   2.5000000e+01
   4.5797300e+06   1.9000000e+01
   4.5802590e+06   2.0000000e+01
   4.5817380e+06   1.9000000e+01
   4.5820120e+06   2.1000000e+01
   4.5989960e+06   2.0000000e+01
   4.6122930e+06   2.1000000e+01
   4.6775030e+06   1.9000000e+01
   4.6850140e+06   1.9000000e+01
   4.6850660e+06   2.2000000e+01
   4.7194510e+06   1.8000000e+01
   4.7977390e+06   1.8000000e+01
   4.8161400e+06   1.8000000e+01
   4.8165340e+06   2.0000000e+01
   4.8190320e+06   1.8000000e+01
   4.8205350e+06   1.8000000e+01
   4.8258000e+06   2.1000000e+01
   4.8327740e+06   1.9000000e+01
   4.8378380e+06   1.8000000e+01
   4.8632030e+06   1.8000000e+01
   4.8762110e+06   1.8000000e+01
   4.8776320e+06   1.9000000e+01
   4.8913810e+06   1.8000000e+01
   4.9707930e+06   1.9000000e+01
   5.0022970e+06   1.8000000e+01
   5.0070090e+06   2.1000000e+01
   5.0086440e+06   2.0000000e+01
   5.0100690e+06   1.8000000e+01
   5.0163310e+06   1.8000000e+01
   5.0173260e+06   2.5000000e+01
   5.0176320e+06   2.0000000e+01
   5.0179270e+06   2.0000000e+01
   5.0183280e+06   1.8000000e+01
   5.0186760e+06   1.8000000e+01
   5.0191600e+06   1.8000000e+01
   5.0195820e+06   2.0000000e+01
   5.0200980e+06   1.9000000e+01
   5.0215300e+06   1.8000000e+01
   5.0221130e+06   1.8000000e+01
   5.0227370e+06   1.9000000e+01
   5.0228370e+06   1.9000000e+01
   5.0256400e+06   1.9000000e+01
   5.0642810e+06   1.8000000e+01
   5.0679400e+06   1.9000000e+01
   5.0837940e+06   1.8000000e+01
   5.1296680e+06   1.8000000e+01
   5.1553630e+06   1.9000000e+01
   5.1556190e+06   1.9000000e+01
   5.1563470e+06   1.8000000e+01
   5.1568370e+06   1.8000000e+01
   5.1574350e+06   1.8000000e+01
   5.1584000e+06   2.0000000e+01
   5.1622150e+06   2.0000000e+01
   5.1791120e+06   2.0000000e+01
   5.2203520e+06   1.8000000e+01
   5.2487680e+06   1.8000000e+01
   5.2503670e+06   1.8000000e+01
   5.2587480e+06   1.8000000e+01
   5.2612070e+06   1.9000000e+01
   5.2636810e+06   1.8000000e+01
   5.2657910e+06   1.9000000e+01
   5.2817020e+06   2.0000000e+01
   5.2821480e+06   1.9000000e+01
   5.2842480e+06   1.8000000e+01
   5.2969000e+06   1.8000000e+01
   5.2984300e+06   1.8000000e+01
   5.3011520e+06   1.8000000e+01
   5.3129670e+06   2.0000000e+01
   5.3943400e+06   1.8000000e+01
   5.3951290e+06   2.2000000e+01
   5.4391380e+06   1.8000000e+01
   5.4405430e+06   2.1000000e+01
   5.4428130e+06   1.8000000e+01
   5.4455770e+06   2.0000000e+01
   5.4746050e+06   1.9000000e+01
   5.4749360e+06   1.9000000e+01
   5.4752070e+06   2.3000000e+01
   5.4755580e+06   2.1000000e+01
   5.4765050e+06   2.0000000e+01
   5.4769530e+06   1.9000000e+01
   5.4770630e+06   2.0000000e+01
   5.4772290e+06   1.8000000e+01
   5.4773030e+06   1.9000000e+01
   5.4779030e+06   2.1000000e+01
   5.5448830e+06   1.8000000e+01
   5.5672740e+06   1.9000000e+01
   5.5704240e+06   2.0000000e+01
   5.6003990e+06   1.8000000e+01
   5.6145060e+06   1.8000000e+01
   5.6148620e+06   1.9000000e+01
   5.6158530e+06   1.9000000e+01
   5.6192470e+06   1.9000000e+01
   5.6199750e+06   1.8000000e+01
   5.6845280e+06   1.9000000e+01
   5.6938930e+06   2.0000000e+01
   5.7005680e+06   1.8000000e+01
   5.7065880e+06   1.8000000e+01
   5.7070710e+06   1.9000000e+01
   5.7074310e+06   1.8000000e+01
   5.7076350e+06   1.8000000e+01
   5.7077050e+06   2.4000000e+01
   5.7077620e+06   1.9000000e+01
   5.7078720e+06   1.8000000e+01
   5.7078980e+06   2.1000000e+01
   5.7082840e+06   1.9000000e+01
   5.7083430e+06   1.8000000e+01
   5.7086800e+06   1.8000000e+01
   5.7094270e+06   2.1000000e+01
   5.7100400e+06   2.4000000e+01
   5.7101260e+06   1.8000000e+01
   5.7108730e+06   1.9000000e+01
   5.7117910e+06   2.6000000e+01
   5.7127870e+06   1.8000000e+01
   5.7140940e+06   2.3000000e+01
   5.7152920e+06   1.9000000e+01
   5.7162250e+06   1.8000000e+01
   5.7166070e+06   2.1000000e+01
   5.7179330e+06   1.9000000e+01
   5.7240780e+06   1.9000000e+01
   5.7269810e+06   2.1000000e+01
   5.7400250e+06   1.8000000e+01
   5.7491080e+06   1.8000000e+01
   5.7516050e+06   2.0000000e+01
   5.7547750e+06   1.8000000e+01
   5.7602090e+06   1.9000000e+01
   5.7612240e+06   1.8000000e+01
   5.7770790e+06   1.8000000e+01
   5.7841380e+06   2.1000000e+01
   5.8013900e+06   1.9000000e+01
   5.8016010e+06   1.8000000e+01
   5.8316920e+06   1.8000000e+01
   5.8647360e+06   2.0000000e+01
   5.8751960e+06   1.8000000e+01
   5.9708970e+06   1.8000000e+01
   5.9979770e+06   1.8000000e+01
   6.0495590e+06   1.9000000e+01
   6.0682310e+06   1.8000000e+01
   6.0962510e+06   1.8000000e+01
   6.1131660e+06   1.8000000e+01
   6.1664060e+06   1.9000000e+01
   6.1697270e+06   1.8000000e+01
   6.1709540e+06   2.0000000e+01
   6.1710320e+06   1.8000000e+01
   6.2158470e+06   1.8000000e+01
   6.2174350e+06   1.9000000e+01
   6.3811560e+06   1.8000000e+01
   6.4070120e+06   1.9000000e+01
   6.4210950e+06   2.3000000e+01
   6.4218030e+06   1.8000000e+01
   6.4218530e+06   1.9000000e+01
   6.4222900e+06   2.3000000e+01
   6.4226620e+06   1.8000000e+01
   6.4230740e+06   2.1000000e+01
   6.4231290e+06   1.9000000e+01
   6.4235290e+06   1.9000000e+01
   6.4252860e+06   1.9000000e+01
   6.4259310e+06   1.8000000e+01
   6.4406200e+06   1.8000000e+01
   6.4991020e+06   2.2000000e+01
   6.5340190e+06   1.8000000e+01
   6.5343050e+06   2.0000000e+01
   6.5348300e+06   2.3000000e+01
   6.5355480e+06   1.9000000e+01
   6.5357550e+06   2.0000000e+01
   6.5367630e+06   1.8000000e+01
   6.5370340e+06   1.8000000e+01
   6.5370890e+06   1.8000000e+01
   6.5372120e+06   1.9000000e+01
   6.5373520e+06   1.8000000e+01
   6.5379960e+06   1.8000000e+01
   6.5382750e+06   1.8000000e+01
   6.5386440e+06   1.9000000e+01
   6.5390090e+06   1.8000000e+01
   6.5393270e+06   1.8000000e+01
   6.5402500e+06   1.9000000e+01
   6.5444960e+06   1.8000000e+01
   6.5450540e+06   1.9000000e+01
   6.5459670e+06   1.8000000e+01
   6.5485090e+06   2.1000000e+01
   6.5528690e+06   1.8000000e+01
   6.5540990e+06   1.9000000e+01
   6.5668730e+06   1.8000000e+01
   6.5680200e+06   1.9000000e+01
   6.5684810e+06   2.5000000e+01
   6.5689220e+06   2.0000000e+01
   6.5707770e+06   1.8000000e+01
   6.5712640e+06   2.0000000e+01
   6.5769430e+06   1.8000000e+01
   6.5832960e+06   2.4000000e+01
   6.5878910e+06   1.8000000e+01
   6.5950280e+06   2.0000000e+01
   6.5958250e+06   1.8000000e+01
   6.5970920e+06   1.9000000e+01
   6.5984230e+06   1.8000000e+01
   6.6007490e+06   1.8000000e+01
   6.6017140e+06   1.8000000e+01
   6.6075370e+06   2.2000000e+01
   6.6126160e+06   2.2000000e+01
   6.6139610e+06   2.0000000e+01
   6.6192060e+06   1.8000000e+01
   6.6224930e+06   2.2000000e+01
   6.6229930e+06   2.0000000e+01
   6.6269540e+06   2.0000000e+01
   6.6299590e+06   2.0000000e+01
   6.6345790e+06   1.9000000e+01
   6.6530460e+06   1.9000000e+01
   6.6584080e+06   1.8000000e+01
   6.6640470e+06   1.8000000e+01
   6.6711100e+06   1.8000000e+01
   6.6741850e+06   1.8000000e+01
   6.6881970e+06   1.8000000e+01
   6.6944060e+06   1.8000000e+01
   6.7196990e+06   1.9000000e+01
   6.7380520e+06   2.0000000e+01
   6.7512260e+06   1.8000000e+01
   6.7833700e+06   1.8000000e+01
   6.8206760e+06   1.9000000e+01
   6.8407460e+06   2.0000000e+01
   6.9278980e+06   1.9000000e+01
   6.9279610e+06   2.0000000e+01
   6.9286940e+06   1.9000000e+01
   6.9289490e+06   1.8000000e+01
   6.9290670e+06   1.8000000e+01
   6.9294270e+06   2.0000000e+01
   6.9302410e+06   2.0000000e+01
   6.9302850e+06   2.0000000e+01
   6.9304190e+06   1.8000000e+01
   6.9313450e+06   1.8000000e+01
   6.9319130e+06   1.8000000e+01
   6.9469380e+06   1.9000000e+01
   6.9535890e+06   2.3000000e+01
   6.9539750e+06   1.8000000e+01
   7.0338050e+06   1.9000000e+01
   7.1305670e+06   1.8000000e+01
   7.1308690e+06   1.9000000e+01
   7.1333910e+06   1.8000000e+01
   7.1514370e+06   1.8000000e+01
   7.1885360e+06   1.8000000e+01
   7.2010310e+06   1.8000000e+01
   7.2212550e+06   1.8000000e+01
   7.3007100e+06   2.7000000e+01
   7.3024220e+06   1.8000000e+01
   7.3028040e+06   2.1000000e+01
   7.3032490e+06   1.8000000e+01
   7.3038570e+06   1.8000000e+01
   7.3066040e+06   2.1000000e+01
   7.3204180e+06   1.8000000e+01
   7.3425780e+06   2.0000000e+01
   7.3497090e+06   1.9000000e+01
   7.3516620e+06   2.1000000e+01
   7.3519190e+06   1.9000000e+01
   7.3523490e+06   2.0000000e+01
   7.3526050e+06   1.8000000e+01
   7.3526580e+06   1.9000000e+01
   7.3526840e+06   1.9000000e+01
   7.3531510e+06   1.8000000e+01
   7.3533170e+06   1.9000000e+01
   7.3534790e+06   2.3000000e+01
   7.3544470e+06   1.9000000e+01
   7.3545150e+06   1.8000000e+01
   7.3546110e+06   1.8000000e+01
   7.3549500e+06   1.8000000e+01
   7.3551700e+06   1.8000000e+01
   7.3556090e+06   1.8000000e+01
   7.3562750e+06   1.8000000e+01
   7.3567420e+06   2.2000000e+01
   7.3567980e+06   2.0000000e+01
   7.3568520e+06   1.8000000e+01
   7.3606440e+06   1.9000000e+01
   7.3610020e+06   1.8000000e+01
   7.3634540e+06   1.8000000e+01
   7.3669500e+06   1.8000000e+01
   7.3741830e+06   2.1000000e+01
   7.4353580e+06   1.8000000e+01
   7.4642940e+06   1.9000000e+01
   7.4646380e+06   2.0000000e+01
   7.4652890e+06   1.8000000e+01
   7.4657350e+06   1.8000000e+01
   7.4662870e+06   1.8000000e+01
   7.4664530e+06   1.9000000e+01
   7.4668910e+06   2.0000000e+01
   7.4674360e+06   1.8000000e+01
   7.4712190e+06   1.8000000e+01
   7.4722580e+06   1.8000000e+01
   7.4988110e+06   1.8000000e+01
