   7.5000000e+06   0.0000000e+00
   4.3060000e+03   1.6000000e+01
   3.3014000e+04   1.6000000e+01
   3.3612000e+04   1.7000000e+01
   3.3685000e+04   1.6000000e+01
   3.4410000e+04   2.1000000e+01
   3.4552000e+04   1.7000000e+01
   3.4878000e+04   1.6000000e+01
   3.5538000e+04   1.7000000e+01
   3.5778000e+04   1.6000000e+01
   3.6310000e+04   1.9000000e+01
   3.6340000e+04   1.9000000e+01
   3.6776000e+04   1.7000000e+01
   3.6812000e+04   2.4000000e+01
   3.7708000e+04   1.7000000e+01
   3.8029000e+04   1.8000000e+01
   3.8061000e+04   1.7000000e+01
   4.0453000e+04   1.6000000e+01
   4.1613000e+04   1.6000000e+01
   4.2557000e+04   1.6000000e+01
   4.5314000e+04   1.8000000e+01
   6.2558000e+04   1.7000000e+01
   6.6125000e+04   1.6000000e+01
   9.4811000e+04   1.6000000e+01
   1.0423700e+05   1.7000000e+01
   1.0780600e+05   1.6000000e+01
   1.2106000e+05   1.7000000e+01
   1.2120600e+05   1.6000000e+01
   1.2143800e+05   1.6000000e+01
   1.2329700e+05   1.7000000e+01
   1.3106600e+05   1.8000000e+01
   1.5576500e+05   1.8000000e+01
   1.6951400e+05   1.6000000e+01
   1.7593900e+05   1.7000000e+01
   2.3120400e+05   1.6000000e+01
   2.3468400e+05   1.6000000e+01
   2.3582000e+05   2.0000000e+01
   2.3605600e+05   1.9000000e+01
   2.3640800e+05   1.7000000e+01
   2.3772500e+05   1.7000000e+01
   2.3864500e+05   1.8000000e+01
   2.3918700e+05   1.8000000e+01
   2.4004800e+05   1.6000000e+01
   2.4131400e+05   1.6000000e+01
   2.4194000e+05   1.7000000e+01
   2.4219000e+05   1.7000000e+01
   2.4235200e+05   1.6000000e+01
   2.4257200e+05   1.6000000e+01
   2.9130700e+05   1.6000000e+01
   3.0221700e+05   1.8000000e+01
   3.0241800e+05   1.6000000e+01
   3.0563800e+05   1.6000000e+01
   3.1146300e+05   1.7000000e+01
   3.1420500e+05   1.6000000e+01
   3.5131600e+05   1.6000000e+01
   3.5562800e+05   1.7000000e+01
   3.5688600e+05   1.6000000e+01
   3.5822300e+05   1.7000000e+01
   3.6562900e+05   1.6000000e+01
   3.6721200e+05   1.6000000e+01
   3.6912300e+05   1.7000000e+01
   3.7236900e+05   1.6000000e+01
   3.7361000e+05   1.6000000e+01
   3.7435500e+05   1.6000000e+01
   3.7443300e+05   1.6000000e+01
   3.7460000e+05   1.6000000e+01
   3.7480100e+05   1.7000000e+01
   3.7508100e+05   1.7000000e+01
   3.7516900e+05   1.7000000e+01
   3.7522800e+05   1.6000000e+01
   3.7528800e+05   1.6000000e+01
   3.7535000e+05   1.9000000e+01
   3.7539600e+05   2.1000000e+01
   3.7544300e+05   2.0000000e+01
   3.7552000e+05   1.7000000e+01
   3.7557900e+05   1.6000000e+01
   3.7569200e+05   1.9000000e+01
   3.7576300e+05   1.7000000e+01
   3.7599100e+05   1.7000000e+01
   3.7605000e+05   2.3000000e+01
   3.7608000e+05   1.6000000e+01
   3.7611900e+05   2.0000000e+01
   3.7645300e+05   1.7000000e+01
   3.7660200e+05   1.8000000e+01
   3.7668900e+05   1.8000000e+01
   3.7672500e+05   2.1000000e+01
   3.7677800e+05   2.1000000e+01
   3.7681800e+05   1.9000000e+01
   3.7686300e+05   1.7000000e+01
   3.7707600e+05   2.5000000e+01
   3.7717500e+05   1.8000000e+01
   3.7729700e+05   2.1000000e+01
   3.7733100e+05   2.7000000e+01
   3.7758200e+05   1.8000000e+01
   3.7760700e+05   1.7000000e+01
   3.7766100e+05   1.8000000e+01
   3.7775000e+05   1.6000000e+01
   3.7785600e+05   1.7000000e+01
   3.7790600e+05   1.7000000e+01
   3.7795100e+05   2.3000000e+01
   3.7800100e+05   1.8000000e+01
   3.7808800e+05   1.7000000e+01
   3.7813200e+05   1.7000000e+01
   3.7837000e+05   1.9000000e+01
   3.7861700e+05   1.8000000e+01
   3.7864500e+05   1.8000000e+01
   3.7871800e+05   1.6000000e+01
   3.7883700e+05   1.6000000e+01
   3.7902100e+05   2.0000000e+01
   3.7907600e+05   1.6000000e+01
   3.7914900e+05   1.7000000e+01
   3.7936800e+05   1.6000000e+01
   3.7946800e+05   2.2000000e+01
   3.7955900e+05   2.0000000e+01
   3.7961800e+05   1.6000000e+01
   3.7966500e+05   1.7000000e+01
   3.7996100e+05   1.8000000e+01
   3.8007100e+05   1.6000000e+01
   3.8022800e+05   2.3000000e+01
   3.8026500e+05   1.6000000e+01
   3.8043600e+05   1.6000000e+01
   3.8051500e+05   2.2000000e+01
   3.8056800e+05   2.9000000e+01
   3.8081200e+05   1.6000000e+01
   3.8085600e+05   1.7000000e+01
   3.8104900e+05   1.7000000e+01
   3.8144900e+05   1.6000000e+01
   3.8164200e+05   1.7000000e+01
   3.8175300e+05   1.6000000e+01
   3.8178600e+05   2.6000000e+01
   3.8186000e+05   1.7000000e+01
   3.8189000e+05   1.6000000e+01
   3.8218100e+05   2.1000000e+01
   3.8221700e+05   2.1000000e+01
   3.8251600e+05   2.1000000e+01
   3.8290400e+05   1.6000000e+01
   3.8298800e+05   1.6000000e+01
   3.8323200e+05   1.8000000e+01
   3.8341400e+05   1.7000000e+01
   3.8371400e+05   1.8000000e+01
   3.8384200e+05   1.6000000e+01
   3.8414300e+05   1.6000000e+01
   3.8435300e+05   1.8000000e+01
   3.8448600e+05   1.6000000e+01
   3.8461100e+05   1.7000000e+01
   3.8477500e+05   1.7000000e+01
   3.8490300e+05   1.9000000e+01
   3.8569200e+05   1.6000000e+01
   3.8578900e+05   1.8000000e+01
   3.8581400e+05   1.6000000e+01
   3.8609000e+05   1.8000000e+01
   3.8612900e+05   1.6000000e+01
   3.8625000e+05   1.7000000e+01
   3.8640300e+05   1.6000000e+01
   3.8673100e+05   1.6000000e+01
   3.8694700e+05   1.7000000e+01
   3.8716100e+05   1.6000000e+01
   3.8810700e+05   1.6000000e+01
   3.8888200e+05   1.6000000e+01
   3.8901400e+05   1.7000000e+01
   3.9068100e+05   1.6000000e+01
   3.9093400e+05   1.6000000e+01
   3.9142900e+05   1.8000000e+01
   3.9154700e+05   1.6000000e+01
   3.9253100e+05   1.6000000e+01
   3.9362300e+05   1.6000000e+01
   3.9612300e+05   1.6000000e+01
   3.9695100e+05   1.6000000e+01
   3.9775200e+05   1.6000000e+01
   3.9810700e+05   1.6000000e+01
   4.0276000e+05   1.6000000e+01
   4.0329800e+05   1.6000000e+01
   4.0422500e+05   1.7000000e+01
   4.0488200e+05   1.6000000e+01
   4.0492500e+05   1.6000000e+01
   4.0746000e+05   1.8000000e+01
   4.0814000e+05   1.7000000e+01
   4.1092200e+05   1.6000000e+01
   4.1228000e+05   1.6000000e+01
   4.1674800e+05   1.6000000e+01
   4.2360800e+05   1.9000000e+01
   4.2364300e+05   1.7000000e+01
   4.2793100e+05   1.6000000e+01
   4.3010700e+05   1.7000000e+01
   4.3258300e+05   1.7000000e+01
   4.3409800e+05   1.7000000e+01
   4.3594600e+05   1.6000000e+01
   4.4156300e+05   1.9000000e+01
   4.4654800e+05   1.7000000e+01
   4.4677900e+05   1.6000000e+01
   4.4820500e+05   1.7000000e+01
   4.4852300e+05   1.7000000e+01
   4.5001400e+05   1.6000000e+01
   4.5218000e+05   1.8000000e+01
   4.5255600e+05   1.7000000e+01
   4.5333600e+05   1.6000000e+01
   4.5610800e+05   1.6000000e+01
   4.5688700e+05   1.6000000e+01
   4.6900800e+05   1.7000000e+01
   5.1612100e+05   1.6000000e+01
   5.3281000e+05   1.6000000e+01
   5.5091700e+05   1.8000000e+01
   5.5240400e+05   1.6000000e+01
   5.5275900e+05   1.6000000e+01
   5.5993700e+05   1.9000000e+01
   5.9739300e+05   1.6000000e+01
   6.1061000e+05   1.6000000e+01
   6.5685100e+05   1.6000000e+01
   6.5716400e+05   1.6000000e+01
   6.7276000e+05   1.6000000e+01
   6.7484600e+05   1.6000000e+01
   7.0158400e+05   1.7000000e+01
   7.3473500e+05   1.6000000e+01
   7.3507200e+05   1.7000000e+01
   7.3855400e+05   1.6000000e+01
   7.6782700e+05   1.6000000e+01
   7.7549700e+05   1.8000000e+01
   7.7981300e+05   1.6000000e+01
   7.8635600e+05   1.9000000e+01
   7.8660200e+05   1.6000000e+01
   7.8695600e+05   1.7000000e+01
   7.8700300e+05   1.7000000e+01
   7.8728500e+05   1.6000000e+01
   7.8742600e+05   1.8000000e+01
   7.8768600e+05   1.6000000e+01
   7.8796500e+05   1.7000000e+01
   7.8808700e+05   2.5000000e+01
   7.8823000e+05   1.6000000e+01
   7.8852100e+05   1.7000000e+01
   7.8863000e+05   2.0000000e+01
   8.1819400e+05   1.7000000e+01
   8.3742100e+05   1.8000000e+01
   8.4158700e+05   1.6000000e+01
   8.8825300e+05   1.6000000e+01
   9.1743000e+05   1.6000000e+01
   9.9947800e+05   1.6000000e+01
   1.0134310e+06   1.6000000e+01
   1.0200390e+06   1.7000000e+01
   1.0216140e+06   1.6000000e+01
   1.0285560e+06   1.7000000e+01
   1.0328780e+06   1.6000000e+01
   1.0417680e+06   1.6000000e+01
   1.0437400e+06   1.7000000e+01
   1.0494870e+06   1.8000000e+01
   1.0577210e+06   1.6000000e+01
   1.0923270e+06   1.7000000e+01
   1.1060600e+06   1.6000000e+01
   1.1246240e+06   1.7000000e+01
   1.1258570e+06   1.6000000e+01
   1.1265100e+06   1.7000000e+01
   1.1265380e+06   1.8000000e+01
   1.1267740e+06   1.6000000e+01
   1.1268220e+06   1.6000000e+01
   1.1268700e+06   1.6000000e+01
   1.1272690e+06   1.7000000e+01
   1.1273280e+06   1.6000000e+01
   1.1277240e+06   1.8000000e+01
   1.1277640e+06   1.7000000e+01
   1.1280330e+06   1.6000000e+01
   1.1285240e+06   1.6000000e+01
   1.1295860e+06   1.7000000e+01
   1.1312850e+06   1.6000000e+01
   1.1319400e+06   1.6000000e+01
   1.1356400e+06   1.7000000e+01
   1.1428040e+06   1.6000000e+01
   1.2034990e+06   1.6000000e+01
   1.2107600e+06   1.7000000e+01
   1.2297880e+06   1.6000000e+01
   1.2365870e+06   1.6000000e+01
   1.3067450e+06   1.6000000e+01
   1.3081910e+06   1.6000000e+01
   1.3091460e+06   1.6000000e+01
   1.3104700e+06   1.7000000e+01
   1.3122480e+06   1.8000000e+01
   1.3129090e+06   1.8000000e+01
   1.3132310e+06   1.6000000e+01
   1.3174590e+06   1.6000000e+01
   1.3187450e+06   1.7000000e+01
   1.3548400e+06   1.6000000e+01
   1.3552740e+06   1.8000000e+01
   1.3725680e+06   1.6000000e+01
   1.4023110e+06   1.7000000e+01
   1.4281570e+06   1.7000000e+01
   1.4282660e+06   1.6000000e+01
   1.4300260e+06   1.9000000e+01
   1.4306790e+06   1.6000000e+01
   1.4315400e+06   1.6000000e+01
   1.4326590e+06   1.6000000e+01
   1.4357210e+06   2.2000000e+01
   1.4403320e+06   1.9000000e+01
   1.4432000e+06   1.6000000e+01
   1.4610010e+06   1.6000000e+01
   1.5028820e+06   1.6000000e+01
   1.5034940e+06   1.6000000e+01
   1.5049740e+06   1.6000000e+01
   1.5088280e+06   1.6000000e+01
   1.5190720e+06   1.7000000e+01
   1.5640850e+06   1.6000000e+01
   1.5641950e+06   1.7000000e+01
   1.5758420e+06   1.6000000e+01
   1.5760970e+06   1.8000000e+01
   1.5770350e+06   1.8000000e+01
   1.5771720e+06   2.2000000e+01
   1.5771970e+06   2.0000000e+01
   1.5773070e+06   1.7000000e+01
   1.5846870e+06   1.7000000e+01
   1.5848800e+06   1.7000000e+01
   1.5850290e+06   1.6000000e+01
   1.5916750e+06   1.7000000e+01
   1.5921640e+06   1.6000000e+01
   1.6301440e+06   1.6000000e+01
   1.6322870e+06   1.6000000e+01
   1.6325200e+06   1.6000000e+01
   1.6342830e+06   1.6000000e+01
   1.6459180e+06   1.7000000e+01
   1.6461880e+06   1.7000000e+01
   1.6866310e+06   1.7000000e+01
   1.6866880e+06   1.9000000e+01
   1.6876920e+06   1.6000000e+01
   1.6878360e+06   1.6000000e+01
   1.6879380e+06   1.7000000e+01
   1.6880720e+06   2.0000000e+01
   1.6881050e+06   1.7000000e+01
   1.6892740e+06   1.6000000e+01
   1.6895300e+06   1.6000000e+01
   1.6898230e+06   1.6000000e+01
   1.6899190e+06   1.6000000e+01
   1.6899500e+06   1.6000000e+01
   1.6901840e+06   1.6000000e+01
   1.6904090e+06   1.6000000e+01
   1.6922090e+06   1.7000000e+01
   1.6939850e+06   1.8000000e+01
   1.6957570e+06   1.6000000e+01
   1.7142700e+06   1.6000000e+01
   1.7425310e+06   1.9000000e+01
   1.7478270e+06   1.6000000e+01
   1.7628130e+06   1.6000000e+01
   1.7699170e+06   1.6000000e+01
   1.7779440e+06   2.2000000e+01
   1.7878900e+06   1.8000000e+01
   1.7984310e+06   1.6000000e+01
   1.8210600e+06   1.6000000e+01
   1.8394250e+06   2.0000000e+01
   1.8400850e+06   1.7000000e+01
   1.8409180e+06   1.6000000e+01
   1.8420000e+06   1.6000000e+01
   1.8423740e+06   1.8000000e+01
   1.8435290e+06   1.6000000e+01
   1.8444240e+06   1.6000000e+01
   1.8472260e+06   1.9000000e+01
   1.8594380e+06   1.6000000e+01
   1.8674020e+06   1.6000000e+01
   1.8706090e+06   1.6000000e+01
   1.8933690e+06   1.6000000e+01
   1.9007380e+06   1.6000000e+01
   1.9054710e+06   1.6000000e+01
   1.9056580e+06   1.7000000e+01
   1.9059960e+06   1.6000000e+01
   1.9060840e+06   1.7000000e+01
   1.9064900e+06   1.6000000e+01
   1.9072300e+06   1.7000000e+01
   1.9073430e+06   1.6000000e+01
   1.9078130e+06   1.9000000e+01
   1.9088030e+06   1.7000000e+01
   1.9098520e+06   1.6000000e+01
   1.9099130e+06   1.8000000e+01
   1.9101550e+06   1.7000000e+01
   1.9104660e+06   1.6000000e+01
   1.9104910e+06   1.8000000e+01
   1.9106720e+06   1.6000000e+01
   1.9109060e+06   2.0000000e+01
   1.9109630e+06   1.9000000e+01
   1.9110910e+06   2.0000000e+01
   1.9111230e+06   1.7000000e+01
   1.9112110e+06   1.8000000e+01
   1.9112850e+06   1.6000000e+01
   1.9113240e+06   1.7000000e+01
   1.9115040e+06   1.8000000e+01
   1.9116910e+06   1.9000000e+01
   1.9117640e+06   1.7000000e+01
   1.9117960e+06   1.6000000e+01
   1.9118850e+06   2.0000000e+01
   1.9119990e+06   2.2000000e+01
   1.9120480e+06   1.6000000e+01
   1.9120840e+06   1.6000000e+01
   1.9121110e+06   1.6000000e+01
   1.9123100e+06   1.9000000e+01
   1.9124120e+06   2.0000000e+01
   1.9125010e+06   1.7000000e+01
   1.9125440e+06   2.0000000e+01
   1.9125720e+06   1.6000000e+01
   1.9126600e+06   1.6000000e+01
   1.9128060e+06   2.5000000e+01
   1.9130500e+06   2.1000000e+01
   1.9133180e+06   2.1000000e+01
   1.9133630e+06   1.9000000e+01
   1.9134010e+06   1.9000000e+01
   1.9136550e+06   1.7000000e+01
   1.9137160e+06   2.1000000e+01
   1.9137970e+06   1.9000000e+01
   1.9138520e+06   2.0000000e+01
   1.9139780e+06   1.7000000e+01
   1.9140430e+06   1.8000000e+01
   1.9141160e+06   2.1000000e+01
   1.9146050e+06   1.6000000e+01
   1.9146950e+06   1.7000000e+01
   1.9149730e+06   1.7000000e+01
   1.9151010e+06   2.6000000e+01
   1.9152160e+06   1.6000000e+01
   1.9152780e+06   2.0000000e+01
   1.9153630e+06   1.7000000e+01
   1.9157030e+06   1.9000000e+01
   1.9157440e+06   1.6000000e+01
   1.9159780e+06   1.6000000e+01
   1.9162600e+06   1.6000000e+01
   1.9165140e+06   1.6000000e+01
   1.9165670e+06   1.7000000e+01
   1.9166450e+06   1.7000000e+01
   1.9168070e+06   1.6000000e+01
   1.9169130e+06   2.1000000e+01
   1.9172460e+06   1.6000000e+01
   1.9176450e+06   1.7000000e+01
   1.9181010e+06   1.7000000e+01
   1.9181880e+06   1.6000000e+01
   1.9182440e+06   1.6000000e+01
   1.9183660e+06   2.0000000e+01
   1.9189150e+06   1.8000000e+01
   1.9192320e+06   1.6000000e+01
   1.9198940e+06   1.9000000e+01
   1.9202860e+06   1.8000000e+01
   1.9207270e+06   1.6000000e+01
   1.9215350e+06   1.6000000e+01
   1.9228230e+06   1.8000000e+01
   1.9239670e+06   1.6000000e+01
   1.9255920e+06   1.9000000e+01
   1.9258200e+06   2.1000000e+01
   1.9269070e+06   1.7000000e+01
   1.9285420e+06   1.6000000e+01
   1.9319430e+06   1.6000000e+01
   1.9347380e+06   1.8000000e+01
   1.9381980e+06   1.6000000e+01
   1.9387760e+06   1.8000000e+01
   1.9388350e+06   1.7000000e+01
   1.9396530e+06   1.6000000e+01
   1.9403410e+06   2.0000000e+01
   1.9456330e+06   1.6000000e+01
   1.9482290e+06   1.8000000e+01
   1.9621060e+06   1.7000000e+01
   1.9847100e+06   1.6000000e+01
   1.9854040e+06   1.7000000e+01
   1.9868910e+06   1.6000000e+01
   1.9881870e+06   1.6000000e+01
   1.9901650e+06   1.6000000e+01
   1.9914570e+06   1.6000000e+01
   1.9923150e+06   1.8000000e+01
   2.0470510e+06   1.9000000e+01
   2.1220980e+06   1.8000000e+01
   2.1224830e+06   1.8000000e+01
   2.1226790e+06   1.7000000e+01
   2.1229050e+06   2.1000000e+01
   2.1231280e+06   1.6000000e+01
   2.1231970e+06   1.6000000e+01
   2.1237440e+06   1.7000000e+01
   2.1237720e+06   1.9000000e+01
   2.1239480e+06   1.9000000e+01
   2.1241150e+06   1.7000000e+01
   2.1242680e+06   1.6000000e+01
   2.1243020e+06   1.7000000e+01
   2.1245180e+06   1.6000000e+01
   2.1245770e+06   1.6000000e+01
   2.1248850e+06   1.8000000e+01
   2.1253960e+06   2.0000000e+01
   2.1260770e+06   1.6000000e+01
   2.1263720e+06   1.8000000e+01
   2.1265180e+06   1.6000000e+01
   2.1267850e+06   1.8000000e+01
   2.1269170e+06   1.6000000e+01
   2.1270240e+06   1.7000000e+01
   2.1277750e+06   1.6000000e+01
   2.1281350e+06   1.7000000e+01
   2.1289000e+06   1.6000000e+01
   2.1297980e+06   1.6000000e+01
   2.1407910e+06   1.6000000e+01
   2.1416960e+06   1.7000000e+01
   2.1444300e+06   1.6000000e+01
   2.1535550e+06   1.7000000e+01
   2.1589700e+06   1.6000000e+01
   2.1611180e+06   1.7000000e+01
   2.1630020e+06   1.6000000e+01
   2.1654470e+06   1.8000000e+01
   2.1674180e+06   1.8000000e+01
   2.1677480e+06   1.6000000e+01
   2.1697760e+06   1.9000000e+01
   2.1706920e+06   1.7000000e+01
   2.1721560e+06   1.6000000e+01
   2.1752430e+06   1.6000000e+01
   2.1767470e+06   1.8000000e+01
   2.1770280e+06   1.6000000e+01
   2.1792650e+06   1.6000000e+01
   2.1816160e+06   1.6000000e+01
   2.1829230e+06   1.6000000e+01
   2.1854160e+06   1.7000000e+01
   2.1868040e+06   1.6000000e+01
   2.1886820e+06   1.8000000e+01
   2.1893110e+06   1.7000000e+01
   2.1903460e+06   1.8000000e+01
   2.1913170e+06   1.6000000e+01
   2.1925390e+06   1.6000000e+01
   2.1930250e+06   1.6000000e+01
   2.2000930e+06   1.7000000e+01
   2.2023190e+06   1.7000000e+01
   2.2375880e+06   1.6000000e+01
   2.2405790e+06   1.7000000e+01
   2.2412880e+06   1.6000000e+01
   2.3422130e+06   1.6000000e+01
   2.3454280e+06   1.8000000e+01
   2.3458070e+06   1.6000000e+01
   2.3466970e+06   1.8000000e+01
   2.3467760e+06   1.7000000e+01
   2.3468940e+06   1.8000000e+01
   2.3476600e+06   1.6000000e+01
   2.3486240e+06   1.6000000e+01
   2.3501830e+06   1.8000000e+01
   2.3523250e+06   1.9000000e+01
   2.4746820e+06   1.6000000e+01
   2.4754760e+06   1.7000000e+01
   2.4809550e+06   1.6000000e+01
   2.5128590e+06   1.7000000e+01
   2.5186000e+06   1.8000000e+01
   2.5783890e+06   1.7000000e+01
   2.5792740e+06   1.9000000e+01
   2.5809140e+06   2.1000000e+01
   2.5977390e+06   1.6000000e+01
   2.6002300e+06   1.6000000e+01
   2.6049360e+06   1.7000000e+01
   2.6076520e+06   1.6000000e+01
   2.6250360e+06   1.6000000e+01
   2.6359880e+06   1.9000000e+01
   2.6696360e+06   1.6000000e+01
   2.6878870e+06   1.8000000e+01
   2.6885040e+06   1.6000000e+01
   2.6886900e+06   1.7000000e+01
   2.6887170e+06   1.7000000e+01
   2.6900870e+06   1.6000000e+01
   2.6942350e+06   1.6000000e+01
   2.7004300e+06   1.9000000e+01
   2.7074530e+06   1.7000000e+01
   2.7101390e+06   1.8000000e+01
   2.7106110e+06   1.8000000e+01
   2.7108750e+06   1.6000000e+01
   2.7115620e+06   1.6000000e+01
   2.7117550e+06   2.0000000e+01
   2.7118220e+06   2.0000000e+01
   2.7120680e+06   1.6000000e+01
   2.7121840e+06   1.7000000e+01
   2.7125400e+06   1.7000000e+01
   2.7146180e+06   1.6000000e+01
   2.7166760e+06   1.7000000e+01
   2.7617450e+06   1.7000000e+01
   2.7656290e+06   1.6000000e+01
   2.7907620e+06   1.6000000e+01
   2.7971380e+06   1.9000000e+01
   2.8502040e+06   1.7000000e+01
   2.8696410e+06   1.6000000e+01
   2.8762620e+06   1.6000000e+01
   2.8922090e+06   1.6000000e+01
   2.9459770e+06   1.6000000e+01
   2.9489610e+06   1.6000000e+01
   2.9678590e+06   1.6000000e+01
   2.9718530e+06   1.7000000e+01
   2.9780950e+06   1.8000000e+01
   2.9794870e+06   1.6000000e+01
   2.9799500e+06   1.9000000e+01
   2.9804140e+06   2.1000000e+01
   2.9804610e+06   1.6000000e+01
   2.9809390e+06   2.2000000e+01
   2.9810130e+06   1.9000000e+01
   2.9813260e+06   1.8000000e+01
   2.9814130e+06   2.0000000e+01
   2.9819790e+06   1.7000000e+01
   2.9821300e+06   1.6000000e+01
   2.9822490e+06   1.6000000e+01
   2.9826900e+06   2.3000000e+01
   2.9827170e+06   1.6000000e+01
   2.9827980e+06   1.6000000e+01
   2.9829560e+06   1.6000000e+01
   2.9832620e+06   2.0000000e+01
   2.9881760e+06   1.6000000e+01
   3.0006530e+06   1.7000000e+01
   3.0445340e+06   1.8000000e+01
   3.0496600e+06   1.6000000e+01
   3.0526880e+06   1.6000000e+01
   3.0657810e+06   1.6000000e+01
   3.0753300e+06   1.6000000e+01
   3.0755990e+06   1.9000000e+01
   3.0777480e+06   1.7000000e+01
   3.0784400e+06   1.9000000e+01
   3.0784660e+06   1.6000000e+01
   3.0790950e+06   1.7000000e+01
   3.0792670e+06   1.6000000e+01
   3.0796630e+06   1.7000000e+01
   3.0796900e+06   2.3000000e+01
   3.0802870e+06   1.8000000e+01
   3.0804380e+06   1.6000000e+01
   3.0822180e+06   1.6000000e+01
   3.0823460e+06   1.7000000e+01
   3.0823840e+06   1.7000000e+01
   3.0825970e+06   1.7000000e+01
   3.0826310e+06   1.7000000e+01
   3.0827500e+06   1.6000000e+01
   3.0829650e+06   1.8000000e+01
   3.0830540e+06   1.6000000e+01
   3.0833810e+06   1.6000000e+01
   3.0835430e+06   1.6000000e+01
   3.0836950e+06   1.6000000e+01
   3.0840970e+06   1.7000000e+01
   3.0844100e+06   1.6000000e+01
   3.0846210e+06   1.6000000e+01
   3.0846630e+06   1.6000000e+01
   3.0847980e+06   2.0000000e+01
   3.0854140e+06   1.6000000e+01
   3.0855800e+06   1.7000000e+01
   3.0866170e+06   1.6000000e+01
   3.0886370e+06   2.2000000e+01
   3.0972900e+06   1.6000000e+01
   3.1164060e+06   1.6000000e+01
   3.1176740e+06   1.6000000e+01
   3.1210030e+06   1.7000000e+01
   3.1304640e+06   1.7000000e+01
   3.1313310e+06   1.6000000e+01
   3.1316330e+06   1.8000000e+01
   3.1320780e+06   1.7000000e+01
   3.1321370e+06   1.8000000e+01
   3.1340490e+06   1.6000000e+01
   3.1365000e+06   1.6000000e+01
   3.1377550e+06   1.6000000e+01
   3.1388700e+06   1.8000000e+01
   3.1392390e+06   1.8000000e+01
   3.1419970e+06   1.6000000e+01
   3.1444420e+06   1.8000000e+01
   3.1444700e+06   1.7000000e+01
   3.1492520e+06   1.7000000e+01
   3.1548220e+06   1.6000000e+01
   3.1760760e+06   2.0000000e+01
   3.2293930e+06   1.7000000e+01
   3.2382310e+06   1.7000000e+01
   3.2436800e+06   1.6000000e+01
   3.2613120e+06   1.6000000e+01
   3.2884140e+06   1.6000000e+01
   3.2965400e+06   1.6000000e+01
   3.2972360e+06   1.6000000e+01
   3.2997820e+06   1.6000000e+01
   3.3000460e+06   1.6000000e+01
   3.3032970e+06   1.7000000e+01
   3.3036150e+06   1.6000000e+01
   3.3056050e+06   1.7000000e+01
   3.3066240e+06   1.8000000e+01
   3.3070740e+06   1.6000000e+01
   3.3081980e+06   1.6000000e+01
   3.3092090e+06   1.6000000e+01
   3.3104020e+06   1.7000000e+01
   3.3116500e+06   1.7000000e+01
   3.3342490e+06   1.7000000e+01
   3.3481040e+06   1.8000000e+01
   3.3634020e+06   1.6000000e+01
   3.3708910e+06   1.9000000e+01
   3.3818340e+06   1.6000000e+01
   3.4064710e+06   1.6000000e+01
   3.4271410e+06   1.7000000e+01
   3.4273480e+06   1.6000000e+01
   3.4276490e+06   1.7000000e+01
   3.4279290e+06   1.7000000e+01
   3.4283680e+06   1.8000000e+01
   3.4284050e+06   1.7000000e+01
   3.4285070e+06   1.7000000e+01
   3.4286990e+06   1.6000000e+01
   3.4411780e+06   1.6000000e+01
   3.4489140e+06   1.9000000e+01
   3.4494500e+06   1.6000000e+01
   3.4515510e+06   1.8000000e+01
   3.4519170e+06   1.8000000e+01
   3.4560220e+06   1.6000000e+01
   3.4689830e+06   1.6000000e+01
   3.4853660e+06   1.6000000e+01
   3.5102330e+06   1.6000000e+01
   3.5124050e+06   1.6000000e+01
   3.5243360e+06   2.1000000e+01
   3.5349030e+06   1.8000000e+01
   3.5352450e+06   1.9000000e+01
   3.5355800e+06   1.9000000e+01
   3.5356130e+06   1.9000000e+01
   3.5358400e+06   1.9000000e+01
   3.5365260e+06   1.6000000e+01
   3.5365750e+06   1.7000000e+01
   3.5390720e+06   1.6000000e+01
   3.5394000e+06   1.8000000e+01
   3.5595890e+06   1.8000000e+01
   3.5652680e+06   1.7000000e+01
   3.5682250e+06   1.8000000e+01
   3.5706390e+06   1.6000000e+01
   3.5715950e+06   1.6000000e+01
   3.5717580e+06   1.6000000e+01
   3.5719260e+06   1.7000000e+01
   3.5719790e+06   2.1000000e+01
   3.5721010e+06   1.6000000e+01
   3.5722740e+06   1.6000000e+01
   3.5723630e+06   1.6000000e+01
   3.5727350e+06   1.6000000e+01
   3.5729600e+06   1.6000000e+01
   3.5731760e+06   1.7000000e+01
   3.5732390e+06   1.7000000e+01
   3.5733230e+06   1.7000000e+01
   3.5736320e+06   1.8000000e+01
   3.5736790e+06   1.6000000e+01
   3.5737790e+06   1.7000000e+01
   3.5738610e+06   1.6000000e+01
   3.5740930e+06   1.7000000e+01
   3.5743510e+06   1.8000000e+01
   3.5745200e+06   1.7000000e+01
   3.5745480e+06   2.1000000e+01
   3.5749890e+06   1.7000000e+01
   3.5753050e+06   1.6000000e+01
   3.5754000e+06   1.8000000e+01
   3.5755650e+06   1.6000000e+01
   3.5756380e+06   1.9000000e+01
   3.5756730e+06   1.9000000e+01
   3.5759160e+06   1.6000000e+01
   3.5762420e+06   1.8000000e+01
   3.5764220e+06   1.7000000e+01
   3.5765200e+06   2.0000000e+01
   3.5765510e+06   3.0000000e+01
   3.5766100e+06   1.8000000e+01
   3.5767120e+06   1.6000000e+01
   3.5768640e+06   1.7000000e+01
   3.5769570e+06   1.7000000e+01
   3.5770030e+06   1.7000000e+01
   3.5772980e+06   1.6000000e+01
   3.5773350e+06   1.8000000e+01
   3.5773690e+06   2.2000000e+01
   3.5780910e+06   1.6000000e+01
   3.5781430e+06   1.6000000e+01
   3.5788580e+06   1.9000000e+01
   3.5791940e+06   1.7000000e+01
   3.5797910e+06   1.8000000e+01
   3.5804510e+06   1.7000000e+01
   3.5806440e+06   1.6000000e+01
   3.5811040e+06   1.6000000e+01
   3.5833960e+06   1.6000000e+01
   3.5838740e+06   1.8000000e+01
   3.5859700e+06   1.7000000e+01
   3.5886010e+06   1.7000000e+01
   3.5905440e+06   1.6000000e+01
   3.5909690e+06   1.6000000e+01
   3.5969790e+06   1.7000000e+01
   3.5988810e+06   1.6000000e+01
   3.5989750e+06   1.6000000e+01
   3.6005440e+06   1.8000000e+01
   3.6017850e+06   1.8000000e+01
   3.6019160e+06   1.6000000e+01
   3.6020880e+06   1.6000000e+01
   3.6033410e+06   1.6000000e+01
   3.6047380e+06   1.7000000e+01
   3.6052810e+06   1.6000000e+01
   3.6064450e+06   1.6000000e+01
   3.6081880e+06   1.7000000e+01
   3.6125560e+06   1.7000000e+01
   3.6138740e+06   1.6000000e+01
   3.6151130e+06   1.6000000e+01
   3.6193410e+06   1.8000000e+01
   3.6284870e+06   1.7000000e+01
   3.6285650e+06   1.6000000e+01
   3.6295580e+06   1.6000000e+01
   3.6316160e+06   1.6000000e+01
   3.6317390e+06   1.8000000e+01
   3.6350990e+06   1.8000000e+01
   3.6371850e+06   1.6000000e+01
   3.6373580e+06   1.7000000e+01
   3.6678440e+06   1.6000000e+01
   3.6713840e+06   1.6000000e+01
   3.6714760e+06   1.6000000e+01
   3.6752630e+06   1.6000000e+01
   3.7242270e+06   1.6000000e+01
   3.7672390e+06   1.9000000e+01
   3.8239660e+06   1.7000000e+01
   3.8307400e+06   1.7000000e+01
   3.8641290e+06   1.6000000e+01
   3.8715480e+06   1.6000000e+01
   3.8741390e+06   1.6000000e+01
   3.8798790e+06   1.7000000e+01
   3.8813490e+06   1.6000000e+01
   3.9310430e+06   1.7000000e+01
   3.9319430e+06   1.7000000e+01
   3.9542460e+06   1.6000000e+01
   4.0195680e+06   1.8000000e+01
   4.0491860e+06   1.6000000e+01
   4.0568240e+06   1.6000000e+01
   4.0753610e+06   1.7000000e+01
   4.0805110e+06   1.6000000e+01
   4.0883530e+06   1.7000000e+01
   4.1024560e+06   1.6000000e+01
   4.1030100e+06   1.6000000e+01
   4.1032450e+06   1.6000000e+01
   4.1032960e+06   2.2000000e+01
   4.1033530e+06   1.7000000e+01
   4.1034190e+06   1.8000000e+01
   4.1037280e+06   1.6000000e+01
   4.1038570e+06   1.6000000e+01
   4.1040310e+06   2.0000000e+01
   4.1041270e+06   1.6000000e+01
   4.1042040e+06   1.7000000e+01
   4.1042470e+06   2.1000000e+01
   4.1043760e+06   2.1000000e+01
   4.1045080e+06   1.7000000e+01
   4.1049360e+06   1.7000000e+01
   4.1053870e+06   1.9000000e+01
   4.1056360e+06   1.6000000e+01
   4.1057530e+06   1.7000000e+01
   4.1061060e+06   1.6000000e+01
   4.1062270e+06   1.9000000e+01
   4.1062550e+06   1.7000000e+01
   4.1070060e+06   1.7000000e+01
   4.1155750e+06   1.6000000e+01
   4.1391230e+06   1.6000000e+01
   4.1492090e+06   1.6000000e+01
   4.1494770e+06   1.6000000e+01
   4.1510640e+06   2.0000000e+01
   4.1528860e+06   1.6000000e+01
   4.1532640e+06   1.7000000e+01
   4.1591470e+06   1.6000000e+01
   4.1840280e+06   1.7000000e+01
   4.1845780e+06   1.7000000e+01
   4.1847900e+06   1.6000000e+01
   4.1856810e+06   1.6000000e+01
   4.1893200e+06   2.1000000e+01
   4.1947670e+06   1.6000000e+01
   4.2088290e+06   1.6000000e+01
   4.2260930e+06   1.7000000e+01
   4.2267690e+06   1.9000000e+01
   4.2272250e+06   1.8000000e+01
   4.2288520e+06   1.8000000e+01
   4.2294700e+06   1.6000000e+01
   4.2296860e+06   1.6000000e+01
   4.2338980e+06   1.6000000e+01
   4.2979580e+06   1.7000000e+01
   4.3055660e+06   1.7000000e+01
   4.3059080e+06   1.6000000e+01
   4.3059520e+06   1.6000000e+01
   4.3063280e+06   1.6000000e+01
   4.3064890e+06   1.7000000e+01
   4.3065180e+06   1.9000000e+01
   4.3080980e+06   1.6000000e+01
   4.3097560e+06   2.0000000e+01
   4.3115560e+06   1.6000000e+01
   4.3517480e+06   1.7000000e+01
   4.3532070e+06   2.2000000e+01
   4.3534330e+06   1.6000000e+01
   4.3546340e+06   1.8000000e+01
   4.3551320e+06   1.7000000e+01
   4.3562190e+06   1.9000000e+01
   4.3562780e+06   1.6000000e+01
   4.3564650e+06   1.6000000e+01
   4.3573980e+06   2.0000000e+01
   4.3574250e+06   1.7000000e+01
   4.3575050e+06   1.8000000e+01
   4.3575990e+06   1.6000000e+01
   4.3578790e+06   1.6000000e+01
   4.3579060e+06   1.6000000e+01
   4.3579540e+06   1.7000000e+01
   4.3584790e+06   1.7000000e+01
   4.3585670e+06   1.8000000e+01
   4.3586490e+06   1.6000000e+01
   4.3588300e+06   2.2000000e+01
   4.3588980e+06   1.6000000e+01
   4.3591340e+06   1.6000000e+01
   4.3596370e+06   1.7000000e+01
   4.3597030e+06   1.9000000e+01
   4.3602700e+06   1.7000000e+01
   4.3605260e+06   1.6000000e+01
   4.3618620e+06   1.7000000e+01
   4.3705180e+06   1.8000000e+01
   4.3730080e+06   1.7000000e+01
   4.3811690e+06   1.9000000e+01
   4.4163400e+06   1.7000000e+01
   4.4207400e+06   1.6000000e+01
   4.4223210e+06   1.6000000e+01
   4.4229040e+06   1.8000000e+01
   4.4230060e+06   1.7000000e+01
   4.4234010e+06   1.7000000e+01
   4.4243660e+06   1.6000000e+01
   4.4246710e+06   2.0000000e+01
   4.4258190e+06   1.6000000e+01
   4.4282270e+06   1.6000000e+01
   4.4288210e+06   1.6000000e+01
   4.4300830e+06   1.6000000e+01
   4.4412990e+06   1.6000000e+01
   4.4621930e+06   1.6000000e+01
   4.4701830e+06   1.6000000e+01
   4.4818500e+06   1.6000000e+01
   4.4862390e+06   1.6000000e+01
   4.5179140e+06   1.7000000e+01
   4.5292780e+06   1.6000000e+01
   4.5398820e+06   1.8000000e+01
   4.5527180e+06   1.6000000e+01
   4.5601780e+06   1.7000000e+01
   4.5645540e+06   1.7000000e+01
   4.5732290e+06   2.0000000e+01
   4.5801190e+06   1.7000000e+01
   4.5803400e+06   1.8000000e+01
   4.5804220e+06   1.6000000e+01
   4.5817380e+06   1.7000000e+01
   4.5819920e+06   2.4000000e+01
   4.5989960e+06   1.7000000e+01
   4.6057870e+06   1.7000000e+01
   4.6122950e+06   1.7000000e+01
   4.6262170e+06   1.7000000e+01
   4.6304050e+06   1.6000000e+01
   4.6662910e+06   1.6000000e+01
   4.6775030e+06   1.7000000e+01
   4.6798120e+06   1.6000000e+01
   4.6850150e+06   1.8000000e+01
   4.6859770e+06   1.6000000e+01
   4.6884770e+06   1.8000000e+01
   4.7166980e+06   1.7000000e+01
   4.7182770e+06   1.6000000e+01
   4.7194720e+06   1.7000000e+01
   4.7407730e+06   1.6000000e+01
   4.7678530e+06   1.6000000e+01
   4.7752420e+06   1.6000000e+01
   4.7908580e+06   1.6000000e+01
   4.8003400e+06   1.8000000e+01
   4.8187080e+06   1.7000000e+01
   4.8205130e+06   1.6000000e+01
   4.8205490e+06   1.7000000e+01
   4.8209000e+06   1.8000000e+01
   4.8212300e+06   1.9000000e+01
   4.8219230e+06   1.8000000e+01
   4.8222530e+06   1.6000000e+01
   4.8227680e+06   1.6000000e+01
   4.8257990e+06   1.7000000e+01
   4.8296860e+06   1.7000000e+01
   4.8508840e+06   1.6000000e+01
   4.8664460e+06   1.6000000e+01
   4.8762110e+06   1.6000000e+01
   4.8788780e+06   1.6000000e+01
   4.9132190e+06   1.6000000e+01
   4.9469150e+06   1.8000000e+01
   4.9707840e+06   1.7000000e+01
   4.9708420e+06   1.9000000e+01
   4.9715680e+06   1.7000000e+01
   4.9744200e+06   1.7000000e+01
   4.9987550e+06   1.6000000e+01
   5.0070050e+06   1.7000000e+01
   5.0086440e+06   2.3000000e+01
   5.0131780e+06   1.6000000e+01
   5.0144720e+06   1.6000000e+01
   5.0146950e+06   1.8000000e+01
   5.0149240e+06   1.8000000e+01
   5.0150710e+06   1.6000000e+01
   5.0155100e+06   1.6000000e+01
   5.0158600e+06   1.7000000e+01
   5.0163300e+06   1.6000000e+01
   5.0168330e+06   1.6000000e+01
   5.0172470e+06   1.9000000e+01
   5.0173030e+06   1.8000000e+01
   5.0173590e+06   2.0000000e+01
   5.0175170e+06   1.8000000e+01
   5.0176530e+06   2.3000000e+01
   5.0178980e+06   2.3000000e+01
   5.0179380e+06   1.7000000e+01
   5.0180290e+06   1.7000000e+01
   5.0181640e+06   1.8000000e+01
   5.0181940e+06   1.8000000e+01
   5.0182730e+06   1.8000000e+01
   5.0184640e+06   1.7000000e+01
   5.0185720e+06   1.6000000e+01
   5.0186760e+06   2.3000000e+01
   5.0188090e+06   1.9000000e+01
   5.0189280e+06   1.6000000e+01
   5.0189870e+06   1.7000000e+01
   5.0190290e+06   1.6000000e+01
   5.0191540e+06   1.7000000e+01
   5.0192140e+06   1.6000000e+01
   5.0192950e+06   1.6000000e+01
   5.0193510e+06   1.6000000e+01
   5.0194690e+06   1.7000000e+01
   5.0195820e+06   1.7000000e+01
   5.0197120e+06   1.6000000e+01
   5.0200350e+06   1.6000000e+01
   5.0200850e+06   1.6000000e+01
   5.0202660e+06   1.6000000e+01
   5.0205950e+06   1.6000000e+01
   5.0212980e+06   1.6000000e+01
   5.0215020e+06   1.8000000e+01
   5.0215420e+06   2.0000000e+01
   5.0223750e+06   1.6000000e+01
   5.0227370e+06   1.7000000e+01
   5.0256410e+06   1.7000000e+01
   5.0371740e+06   1.6000000e+01
   5.0455340e+06   1.7000000e+01
   5.0464420e+06   1.7000000e+01
   5.0642810e+06   1.7000000e+01
   5.0650110e+06   1.6000000e+01
   5.0650380e+06   1.6000000e+01
   5.0665730e+06   1.8000000e+01
   5.0666290e+06   1.6000000e+01
   5.0674960e+06   1.6000000e+01
   5.0676620e+06   1.7000000e+01
   5.0837940e+06   1.6000000e+01
   5.1296680e+06   1.7000000e+01
   5.1326530e+06   1.6000000e+01
   5.1533450e+06   1.7000000e+01
   5.1553410e+06   1.9000000e+01
   5.1553740e+06   1.6000000e+01
   5.1564480e+06   1.7000000e+01
   5.1568340e+06   1.9000000e+01
   5.1572710e+06   1.6000000e+01
   5.1574350e+06   1.8000000e+01
   5.1575290e+06   1.6000000e+01
   5.1582270e+06   1.6000000e+01
   5.1583960e+06   2.1000000e+01
   5.1592500e+06   1.6000000e+01
   5.1598470e+06   1.7000000e+01
   5.1611790e+06   1.6000000e+01
   5.1746090e+06   1.6000000e+01
   5.1790960e+06   1.6000000e+01
   5.1791600e+06   1.6000000e+01
   5.1863200e+06   1.6000000e+01
   5.2095930e+06   1.6000000e+01
   5.2203510e+06   1.6000000e+01
   5.2266450e+06   1.6000000e+01
   5.2313200e+06   1.7000000e+01
   5.2483390e+06   1.6000000e+01
   5.2503670e+06   1.6000000e+01
   5.2542080e+06   1.6000000e+01
   5.2564650e+06   1.6000000e+01
   5.2611170e+06   1.6000000e+01
   5.2612050e+06   1.7000000e+01
   5.2637660e+06   1.6000000e+01
   5.2657890e+06   2.1000000e+01
   5.2769020e+06   1.6000000e+01
   5.2821480e+06   1.8000000e+01
   5.2930450e+06   1.7000000e+01
   5.2973390e+06   1.6000000e+01
   5.3011740e+06   2.2000000e+01
   5.3093930e+06   1.7000000e+01
   5.3146580e+06   1.6000000e+01
   5.3330740e+06   1.8000000e+01
   5.3863580e+06   1.6000000e+01
   5.3951180e+06   2.0000000e+01
   5.4041210e+06   1.7000000e+01
   5.4195670e+06   1.6000000e+01
   5.4351250e+06   1.8000000e+01
   5.4393810e+06   1.6000000e+01
   5.4400950e+06   1.6000000e+01
   5.4405270e+06   1.6000000e+01
   5.4411650e+06   1.7000000e+01
   5.4708250e+06   1.6000000e+01
   5.4746150e+06   1.7000000e+01
   5.4749340e+06   1.7000000e+01
   5.4752330e+06   1.8000000e+01
   5.4755540e+06   1.9000000e+01
   5.4757140e+06   1.6000000e+01
   5.4757940e+06   1.7000000e+01
   5.4760540e+06   1.6000000e+01
   5.4764370e+06   1.6000000e+01
   5.4764760e+06   1.7000000e+01
   5.4769790e+06   1.9000000e+01
   5.4770610e+06   1.8000000e+01
   5.4772320e+06   1.6000000e+01
   5.4773020e+06   1.6000000e+01
   5.4779030e+06   1.8000000e+01
   5.4783230e+06   1.6000000e+01
   5.4789800e+06   1.6000000e+01
   5.4806230e+06   1.6000000e+01
   5.4943470e+06   1.6000000e+01
   5.5105060e+06   1.7000000e+01
   5.5132810e+06   1.6000000e+01
   5.5208070e+06   1.7000000e+01
   5.5448790e+06   1.6000000e+01
   5.5478900e+06   1.6000000e+01
   5.5484860e+06   1.6000000e+01
   5.5644980e+06   1.6000000e+01
   5.5653110e+06   1.8000000e+01
   5.5661010e+06   1.6000000e+01
   5.5672590e+06   1.7000000e+01
   5.5697920e+06   1.8000000e+01
   5.5704260e+06   1.8000000e+01
   5.6007180e+06   2.1000000e+01
   5.6140220e+06   1.7000000e+01
   5.6180180e+06   1.6000000e+01
   5.6192470e+06   2.2000000e+01
   5.6192740e+06   1.8000000e+01
   5.6199750e+06   2.0000000e+01
   5.6231170e+06   1.7000000e+01
   5.6231740e+06   1.6000000e+01
   5.6608480e+06   1.6000000e+01
   5.6636690e+06   1.7000000e+01
   5.6845110e+06   1.7000000e+01
   5.6938920e+06   1.8000000e+01
   5.7048860e+06   1.6000000e+01
   5.7061200e+06   1.7000000e+01
   5.7065800e+06   1.8000000e+01
   5.7066120e+06   1.6000000e+01
   5.7070740e+06   2.0000000e+01
   5.7074570e+06   1.7000000e+01
   5.7075120e+06   1.6000000e+01
   5.7076340e+06   2.0000000e+01
   5.7077060e+06   1.6000000e+01
   5.7077610e+06   1.6000000e+01
   5.7078710e+06   2.2000000e+01
   5.7079190e+06   1.9000000e+01
   5.7079490e+06   2.4000000e+01
   5.7081430e+06   1.6000000e+01
   5.7082510e+06   1.6000000e+01
   5.7082840e+06   1.8000000e+01
   5.7083390e+06   1.8000000e+01
   5.7083830e+06   2.0000000e+01
   5.7084290e+06   2.0000000e+01
   5.7086480e+06   1.7000000e+01
   5.7086800e+06   2.3000000e+01
   5.7087270e+06   1.9000000e+01
   5.7088090e+06   1.7000000e+01
   5.7090540e+06   1.9000000e+01
   5.7091980e+06   1.6000000e+01
   5.7092740e+06   1.8000000e+01
   5.7094090e+06   1.7000000e+01
   5.7095060e+06   1.6000000e+01
   5.7095480e+06   1.7000000e+01
   5.7096540e+06   1.6000000e+01
   5.7096910e+06   1.6000000e+01
   5.7097440e+06   1.9000000e+01
   5.7098160e+06   1.9000000e+01
   5.7099250e+06   1.6000000e+01
   5.7100450e+06   2.2000000e+01
   5.7101250e+06   1.6000000e+01
   5.7101520e+06   1.6000000e+01
   5.7102330e+06   1.6000000e+01
   5.7104510e+06   1.8000000e+01
   5.7104900e+06   2.0000000e+01
   5.7108740e+06   1.6000000e+01
   5.7113700e+06   1.9000000e+01
   5.7115420e+06   1.6000000e+01
   5.7117000e+06   2.2000000e+01
   5.7117950e+06   2.4000000e+01
   5.7122920e+06   1.6000000e+01
   5.7127870e+06   1.9000000e+01
   5.7129770e+06   1.6000000e+01
   5.7130620e+06   1.7000000e+01
   5.7132090e+06   1.6000000e+01
   5.7132450e+06   1.7000000e+01
   5.7136900e+06   1.7000000e+01
   5.7137560e+06   1.6000000e+01
   5.7140620e+06   1.7000000e+01
   5.7144900e+06   1.6000000e+01
   5.7148990e+06   1.6000000e+01
   5.7149610e+06   1.9000000e+01
   5.7152630e+06   1.9000000e+01
   5.7152930e+06   1.7000000e+01
   5.7157550e+06   2.1000000e+01
   5.7161930e+06   1.8000000e+01
   5.7163130e+06   1.6000000e+01
   5.7165590e+06   1.6000000e+01
   5.7166070e+06   2.0000000e+01
   5.7168850e+06   1.7000000e+01
   5.7173930e+06   1.8000000e+01
   5.7176390e+06   1.7000000e+01
   5.7179300e+06   1.9000000e+01
   5.7210280e+06   2.1000000e+01
   5.7216720e+06   1.6000000e+01
   5.7217020e+06   1.7000000e+01
   5.7240790e+06   2.0000000e+01
   5.7269690e+06   1.7000000e+01
   5.7324480e+06   1.8000000e+01
   5.7327070e+06   1.7000000e+01
   5.7327680e+06   1.7000000e+01
   5.7368380e+06   1.6000000e+01
   5.7368980e+06   1.6000000e+01
   5.7381670e+06   1.6000000e+01
   5.7400230e+06   1.7000000e+01
   5.7402440e+06   1.6000000e+01
   5.7426190e+06   1.9000000e+01
   5.7426940e+06   1.6000000e+01
   5.7465320e+06   1.6000000e+01
   5.7480040e+06   1.6000000e+01
   5.7495040e+06   1.6000000e+01
   5.7516070e+06   1.7000000e+01
   5.7516500e+06   1.6000000e+01
   5.7566540e+06   1.8000000e+01
   5.7591200e+06   1.6000000e+01
   5.7602090e+06   1.9000000e+01
   5.7725160e+06   1.7000000e+01
   5.7747430e+06   1.6000000e+01
   5.7770470e+06   1.8000000e+01
   5.7841220e+06   1.6000000e+01
   5.8013770e+06   1.6000000e+01
   5.8025140e+06   1.8000000e+01
   5.8128870e+06   1.6000000e+01
   5.8140360e+06   1.8000000e+01
   5.8751990e+06   1.8000000e+01
   5.8948830e+06   1.6000000e+01
   5.9173580e+06   1.6000000e+01
   5.9708970e+06   2.0000000e+01
   5.9745200e+06   1.6000000e+01
   6.0215380e+06   1.7000000e+01
   6.0425360e+06   1.6000000e+01
   6.0456260e+06   1.7000000e+01
   6.0524720e+06   1.6000000e+01
   6.0665390e+06   1.6000000e+01
   6.0830210e+06   1.7000000e+01
   6.1048980e+06   1.6000000e+01
   6.1131660e+06   1.9000000e+01
   6.1476390e+06   1.7000000e+01
   6.1642950e+06   1.6000000e+01
   6.1651120e+06   1.7000000e+01
   6.1664060e+06   1.7000000e+01
   6.1684630e+06   1.6000000e+01
   6.1689800e+06   1.8000000e+01
   6.1709540e+06   1.6000000e+01
   6.1721670e+06   1.6000000e+01
   6.2032850e+06   1.6000000e+01
   6.2081510e+06   1.6000000e+01
   6.2301550e+06   1.7000000e+01
   6.2561740e+06   1.6000000e+01
   6.3001510e+06   1.6000000e+01
   6.3069250e+06   1.6000000e+01
   6.3116420e+06   1.6000000e+01
   6.3305040e+06   1.6000000e+01
   6.3385240e+06   1.8000000e+01
   6.3671620e+06   1.7000000e+01
   6.3811430e+06   1.6000000e+01
   6.4070360e+06   1.8000000e+01
   6.4134660e+06   1.6000000e+01
   6.4199610e+06   1.6000000e+01
   6.4210290e+06   1.6000000e+01
   6.4210910e+06   1.9000000e+01
   6.4212540e+06   1.6000000e+01
   6.4212880e+06   1.6000000e+01
   6.4217360e+06   1.6000000e+01
   6.4218030e+06   1.9000000e+01
   6.4218290e+06   1.6000000e+01
   6.4218710e+06   1.9000000e+01
   6.4221620e+06   1.9000000e+01
   6.4222270e+06   1.8000000e+01
   6.4222830e+06   2.2000000e+01
   6.4224570e+06   1.7000000e+01
   6.4225200e+06   1.7000000e+01
   6.4225570e+06   1.8000000e+01
   6.4226450e+06   1.6000000e+01
   6.4227140e+06   2.0000000e+01
   6.4227670e+06   1.9000000e+01
   6.4230190e+06   1.7000000e+01
   6.4230740e+06   1.7000000e+01
   6.4231290e+06   1.9000000e+01
   6.4231750e+06   1.6000000e+01
   6.4233770e+06   1.6000000e+01
   6.4234560e+06   1.7000000e+01
   6.4235030e+06   1.6000000e+01
   6.4236160e+06   1.7000000e+01
   6.4237510e+06   1.9000000e+01
   6.4238440e+06   1.6000000e+01
   6.4242080e+06   1.6000000e+01
   6.4244710e+06   1.7000000e+01
   6.4245470e+06   1.6000000e+01
   6.4248990e+06   1.8000000e+01
   6.4251650e+06   1.7000000e+01
   6.4252600e+06   2.0000000e+01
   6.4263610e+06   1.7000000e+01
   6.4269160e+06   1.7000000e+01
   6.4276890e+06   1.6000000e+01
   6.4280530e+06   2.2000000e+01
   6.4298670e+06   1.8000000e+01
   6.4315510e+06   1.6000000e+01
   6.4355370e+06   1.8000000e+01
   6.4431250e+06   1.7000000e+01
   6.4460200e+06   1.9000000e+01
   6.4475480e+06   1.6000000e+01
   6.4493800e+06   1.7000000e+01
   6.4500180e+06   1.6000000e+01
   6.4795240e+06   1.6000000e+01
   6.4944390e+06   1.8000000e+01
   6.4962710e+06   1.6000000e+01
   6.4972330e+06   1.6000000e+01
   6.4991140e+06   1.9000000e+01
   6.5210410e+06   1.6000000e+01
   6.5259520e+06   1.6000000e+01
   6.5343230e+06   2.0000000e+01
   6.5348000e+06   1.6000000e+01
   6.5348300e+06   1.7000000e+01
   6.5351680e+06   1.7000000e+01
   6.5355490e+06   1.6000000e+01
   6.5357540e+06   1.7000000e+01
   6.5360620e+06   1.7000000e+01
   6.5361480e+06   2.2000000e+01
   6.5362250e+06   1.6000000e+01
   6.5365370e+06   1.7000000e+01
   6.5368030e+06   1.6000000e+01
   6.5370890e+06   1.7000000e+01
   6.5371980e+06   1.9000000e+01
   6.5379290e+06   1.7000000e+01
   6.5379990e+06   1.7000000e+01
   6.5382780e+06   1.6000000e+01
   6.5383790e+06   1.6000000e+01
   6.5385740e+06   2.0000000e+01
   6.5386060e+06   1.7000000e+01
   6.5390340e+06   1.6000000e+01
   6.5400500e+06   1.7000000e+01
   6.5402420e+06   1.6000000e+01
   6.5408400e+06   1.6000000e+01
   6.5422110e+06   1.6000000e+01
   6.5423850e+06   1.7000000e+01
   6.5450540e+06   1.6000000e+01
   6.5459670e+06   1.9000000e+01
   6.5465980e+06   1.8000000e+01
   6.5485080e+06   1.7000000e+01
   6.5489800e+06   1.7000000e+01
   6.5498010e+06   1.6000000e+01
   6.5540980e+06   1.7000000e+01
   6.5552600e+06   1.6000000e+01
   6.5559540e+06   1.6000000e+01
   6.5635270e+06   1.6000000e+01
   6.5672130e+06   1.6000000e+01
   6.5680040e+06   1.7000000e+01
   6.5684280e+06   1.9000000e+01
   6.5684820e+06   2.6000000e+01
   6.5689040e+06   1.8000000e+01
   6.5689300e+06   1.8000000e+01
   6.5695060e+06   1.6000000e+01
   6.5707720e+06   1.6000000e+01
   6.5712650e+06   1.6000000e+01
   6.5769430e+06   1.7000000e+01
   6.5779470e+06   1.6000000e+01
   6.5832720e+06   1.7000000e+01
   6.5841960e+06   1.6000000e+01
   6.5858790e+06   1.9000000e+01
   6.5878870e+06   2.0000000e+01
   6.5892550e+06   2.0000000e+01
   6.5893090e+06   1.6000000e+01
   6.5950240e+06   1.8000000e+01
   6.5953940e+06   1.6000000e+01
   6.5955930e+06   1.7000000e+01
   6.5966500e+06   1.8000000e+01
   6.5966990e+06   1.6000000e+01
   6.5978220e+06   1.7000000e+01
   6.5984240e+06   1.9000000e+01
   6.6007230e+06   1.6000000e+01
   6.6007530e+06   1.7000000e+01
   6.6031840e+06   1.6000000e+01
   6.6092910e+06   1.6000000e+01
   6.6122690e+06   1.7000000e+01
   6.6139600e+06   1.7000000e+01
   6.6164640e+06   1.6000000e+01
   6.6203670e+06   1.6000000e+01
   6.6220070e+06   1.6000000e+01
   6.6224920e+06   1.9000000e+01
   6.6227110e+06   2.3000000e+01
   6.6229930e+06   1.6000000e+01
   6.6230550e+06   1.7000000e+01
   6.6241720e+06   1.7000000e+01
   6.6246700e+06   1.6000000e+01
   6.6250470e+06   1.6000000e+01
   6.6269500e+06   1.7000000e+01
   6.6299550e+06   1.7000000e+01
   6.6516670e+06   1.6000000e+01
   6.6530460e+06   2.0000000e+01
   6.6583780e+06   2.0000000e+01
   6.6741860e+06   1.7000000e+01
   6.6944060e+06   1.6000000e+01
   6.7013100e+06   1.7000000e+01
   6.7050080e+06   1.7000000e+01
   6.7076720e+06   1.6000000e+01
   6.7077110e+06   1.7000000e+01
   6.7122700e+06   1.7000000e+01
   6.7196990e+06   1.6000000e+01
   6.7227630e+06   1.6000000e+01
   6.7380610e+06   1.7000000e+01
   6.7569480e+06   1.7000000e+01
   6.7771060e+06   1.6000000e+01
   6.7815280e+06   1.6000000e+01
   6.7833690e+06   1.9000000e+01
   6.8000130e+06   1.6000000e+01
   6.8206730e+06   1.6000000e+01
   6.9083330e+06   1.6000000e+01
   6.9273800e+06   1.7000000e+01
   6.9274990e+06   1.6000000e+01
   6.9278990e+06   2.3000000e+01
   6.9279570e+06   1.6000000e+01
   6.9281470e+06   1.7000000e+01
   6.9283110e+06   1.6000000e+01
   6.9283880e+06   1.7000000e+01
   6.9284370e+06   1.8000000e+01
   6.9286940e+06   1.7000000e+01
   6.9289250e+06   1.8000000e+01
   6.9289530e+06   1.6000000e+01
   6.9290330e+06   1.9000000e+01
   6.9290680e+06   1.8000000e+01
   6.9291020e+06   1.8000000e+01
   6.9294280e+06   1.7000000e+01
   6.9294580e+06   2.4000000e+01
   6.9295550e+06   1.7000000e+01
   6.9299000e+06   1.7000000e+01
   6.9299580e+06   1.6000000e+01
   6.9300040e+06   1.7000000e+01
   6.9300340e+06   1.7000000e+01
   6.9300900e+06   1.8000000e+01
   6.9302400e+06   1.9000000e+01
   6.9302880e+06   2.0000000e+01
   6.9303840e+06   1.6000000e+01
   6.9304370e+06   1.6000000e+01
   6.9307420e+06   1.7000000e+01
   6.9312060e+06   1.7000000e+01
   6.9319280e+06   1.8000000e+01
   6.9360290e+06   1.8000000e+01
   6.9364150e+06   2.1000000e+01
   6.9381570e+06   1.7000000e+01
   6.9395930e+06   1.6000000e+01
   6.9469580e+06   1.6000000e+01
   6.9527600e+06   1.7000000e+01
   6.9528220e+06   1.7000000e+01
   6.9535880e+06   2.2000000e+01
   6.9543300e+06   1.7000000e+01
   6.9547500e+06   1.6000000e+01
   6.9711200e+06   1.8000000e+01
   7.0159090e+06   1.7000000e+01
   7.0338010e+06   1.6000000e+01
   7.0380090e+06   1.7000000e+01
   7.0454400e+06   1.6000000e+01
   7.0588360e+06   1.6000000e+01
   7.1124030e+06   1.8000000e+01
   7.1136180e+06   1.6000000e+01
   7.1158640e+06   1.7000000e+01
   7.1298380e+06   1.8000000e+01
   7.1302510e+06   1.7000000e+01
   7.1308570e+06   1.8000000e+01
   7.1312530e+06   1.6000000e+01
   7.1317750e+06   1.6000000e+01
   7.1320220e+06   1.7000000e+01
   7.1320660e+06   1.6000000e+01
   7.1324410e+06   1.7000000e+01
   7.1331000e+06   1.6000000e+01
   7.1336600e+06   1.6000000e+01
   7.1364070e+06   1.7000000e+01
   7.1658720e+06   1.6000000e+01
   7.2203010e+06   1.6000000e+01
   7.2212520e+06   1.7000000e+01
   7.2223680e+06   1.6000000e+01
   7.2259230e+06   1.8000000e+01
   7.2300870e+06   1.7000000e+01
   7.2343180e+06   1.7000000e+01
   7.2355050e+06   1.7000000e+01
   7.2496930e+06   1.9000000e+01
   7.2710060e+06   1.6000000e+01
   7.2939030e+06   1.7000000e+01
   7.2969560e+06   2.0000000e+01
   7.2972040e+06   1.6000000e+01
   7.2983220e+06   1.9000000e+01
   7.2999300e+06   1.6000000e+01
   7.3007100e+06   2.8000000e+01
   7.3013780e+06   1.6000000e+01
   7.3027050e+06   1.6000000e+01
   7.3028040e+06   1.8000000e+01
   7.3032430e+06   1.6000000e+01
   7.3046790e+06   1.6000000e+01
   7.3064380e+06   1.7000000e+01
   7.3068650e+06   1.6000000e+01
   7.3108280e+06   1.7000000e+01
   7.3190580e+06   1.7000000e+01
   7.3204180e+06   1.6000000e+01
   7.3425750e+06   1.8000000e+01
   7.3449930e+06   1.6000000e+01
   7.3497100e+06   2.3000000e+01
   7.3513210e+06   1.6000000e+01
   7.3513980e+06   1.9000000e+01
   7.3516620e+06   1.7000000e+01
   7.3519110e+06   1.7000000e+01
   7.3519980e+06   1.7000000e+01
   7.3520480e+06   1.6000000e+01
   7.3520990e+06   1.6000000e+01
   7.3521840e+06   1.6000000e+01
   7.3523490e+06   2.0000000e+01
   7.3526060e+06   1.6000000e+01
   7.3528650e+06   1.6000000e+01
   7.3529380e+06   1.7000000e+01
   7.3529810e+06   1.8000000e+01
   7.3531400e+06   1.6000000e+01
   7.3532370e+06   1.6000000e+01
   7.3533130e+06   1.7000000e+01
   7.3534540e+06   2.2000000e+01
   7.3535250e+06   1.6000000e+01
   7.3537870e+06   1.7000000e+01
   7.3539330e+06   1.6000000e+01
   7.3541460e+06   1.8000000e+01
   7.3541720e+06   1.6000000e+01
   7.3542590e+06   1.6000000e+01
   7.3544380e+06   1.7000000e+01
   7.3544960e+06   1.8000000e+01
   7.3545510e+06   1.6000000e+01
   7.3547650e+06   1.7000000e+01
   7.3549500e+06   1.8000000e+01
   7.3549820e+06   1.9000000e+01
   7.3550730e+06   1.6000000e+01
   7.3551720e+06   2.3000000e+01
   7.3555880e+06   1.7000000e+01
   7.3556150e+06   2.0000000e+01
   7.3556500e+06   2.1000000e+01
   7.3560150e+06   1.6000000e+01
   7.3560720e+06   1.6000000e+01
   7.3561250e+06   1.8000000e+01
   7.3562860e+06   1.6000000e+01
   7.3564120e+06   1.6000000e+01
   7.3567410e+06   2.0000000e+01
   7.3567660e+06   1.7000000e+01
   7.3568070e+06   2.6000000e+01
   7.3571530e+06   2.0000000e+01
   7.3583510e+06   2.0000000e+01
   7.3587320e+06   1.6000000e+01
   7.3596710e+06   1.7000000e+01
   7.3598540e+06   1.6000000e+01
   7.3600220e+06   1.6000000e+01
   7.3601820e+06   1.8000000e+01
   7.3606420e+06   1.9000000e+01
   7.3613530e+06   1.6000000e+01
   7.3616100e+06   1.6000000e+01
   7.3651330e+06   2.0000000e+01
   7.3669540e+06   1.9000000e+01
   7.3710070e+06   1.6000000e+01
   7.3741640e+06   1.6000000e+01
   7.3891910e+06   1.6000000e+01
   7.4394170e+06   1.7000000e+01
   7.4569650e+06   1.6000000e+01
   7.4641460e+06   1.7000000e+01
   7.4642940e+06   1.9000000e+01
   7.4652570e+06   1.6000000e+01
   7.4653920e+06   1.8000000e+01
   7.4657290e+06   1.6000000e+01
   7.4662880e+06   1.6000000e+01
   7.4664560e+06   2.1000000e+01
   7.4665340e+06   1.6000000e+01
   7.4674330e+06   1.6000000e+01
   7.4705740e+06   1.6000000e+01
   7.4737340e+06   1.7000000e+01
   7.4879120e+06   1.8000000e+01
   7.4978660e+06   1.7000000e+01
