   7.5000000e+06   0.0000000e+00
   4.3060000e+03   1.4000000e+01
   3.3631000e+04   1.5000000e+01
   3.4411000e+04   1.4000000e+01
   3.5538000e+04   1.4000000e+01
   3.6304000e+04   1.4000000e+01
   3.6812000e+04   1.4000000e+01
   3.7708000e+04   1.4000000e+01
   3.9446000e+04   1.4000000e+01
   4.4721000e+04   1.5000000e+01
   5.3708000e+04   1.4000000e+01
   1.2143600e+05   1.4000000e+01
   1.2150700e+05   1.4000000e+01
   1.2469900e+05   1.4000000e+01
   1.8237000e+05   1.5000000e+01
   2.2483200e+05   1.4000000e+01
   2.2533400e+05   1.4000000e+01
   2.3581400e+05   1.6000000e+01
   2.3605800e+05   1.4000000e+01
   2.3866300e+05   1.5000000e+01
   2.3977200e+05   1.4000000e+01
   2.4132700e+05   1.4000000e+01
   2.7953500e+05   1.4000000e+01
   3.5563400e+05   1.4000000e+01
   3.7647600e+05   1.6000000e+01
   3.7706900e+05   1.4000000e+01
   3.7730500e+05   1.5000000e+01
   3.7735600e+05   2.0000000e+01
   3.8179300e+05   1.4000000e+01
   3.8299500e+05   1.4000000e+01
   3.8463100e+05   1.6000000e+01
   3.8790400e+05   1.4000000e+01
   4.4639900e+05   1.4000000e+01
   4.4680100e+05   1.4000000e+01
   4.5255100e+05   1.4000000e+01
   4.5705600e+05   1.4000000e+01
   5.7468200e+05   1.4000000e+01
   5.9741300e+05   1.5000000e+01
   6.6698400e+05   1.5000000e+01
   7.8660100e+05   1.4000000e+01
   7.8809600e+05   1.5000000e+01
   8.5069000e+05   1.8000000e+01
   8.5176600e+05   1.5000000e+01
   8.5551500e+05   1.6000000e+01
   8.8825400e+05   1.6000000e+01
   8.8875700e+05   1.8000000e+01
   9.8889000e+05   1.4000000e+01
   1.0216140e+06   1.5000000e+01
   1.0226210e+06   1.5000000e+01
   1.0494870e+06   1.4000000e+01
   1.0509090e+06   1.5000000e+01
   1.0551590e+06   1.4000000e+01
   1.0577220e+06   1.4000000e+01
   1.0626590e+06   1.4000000e+01
   1.0664870e+06   1.4000000e+01
   1.0998010e+06   1.4000000e+01
   1.1265380e+06   1.4000000e+01
   1.1268390e+06   1.6000000e+01
   1.1268940e+06   1.4000000e+01
   1.1272700e+06   1.7000000e+01
   1.1277580e+06   1.7000000e+01
   1.1295860e+06   1.4000000e+01
   1.2035020e+06   1.4000000e+01
   1.2593900e+06   1.4000000e+01
   1.3122500e+06   1.5000000e+01
   1.3129110e+06   1.6000000e+01
   1.3187570e+06   1.4000000e+01
   1.3552800e+06   1.4000000e+01
   1.3960120e+06   1.5000000e+01
   1.4133980e+06   1.5000000e+01
   1.4268690e+06   1.5000000e+01
   1.4300270e+06   1.4000000e+01
   1.5443600e+06   1.4000000e+01
   1.5642060e+06   1.4000000e+01
   1.5763930e+06   1.4000000e+01
   1.5771860e+06   1.9000000e+01
   1.5804520e+06   1.4000000e+01
   1.6322870e+06   1.4000000e+01
   1.6361950e+06   1.4000000e+01
   1.6459170e+06   1.4000000e+01
   1.6772540e+06   1.4000000e+01
   1.6880730e+06   1.4000000e+01
   1.6895340e+06   1.4000000e+01
   1.6895780e+06   1.4000000e+01
   1.6939850e+06   1.7000000e+01
   1.7079060e+06   1.4000000e+01
   1.7425310e+06   1.5000000e+01
   1.7779450e+06   1.6000000e+01
   1.7846210e+06   1.4000000e+01
   1.8394290e+06   1.4000000e+01
   1.9054670e+06   1.5000000e+01
   1.9056760e+06   1.9000000e+01
   1.9060970e+06   1.5000000e+01
   1.9085400e+06   1.4000000e+01
   1.9092310e+06   1.6000000e+01
   1.9106940e+06   1.4000000e+01
   1.9128130e+06   1.4000000e+01
   1.9133230e+06   1.4000000e+01
   1.9138040e+06   1.5000000e+01
   1.9145650e+06   1.5000000e+01
   1.9147200e+06   1.5000000e+01
   1.9149570e+06   1.4000000e+01
   1.9153060e+06   1.6000000e+01
   1.9157210e+06   1.4000000e+01
   1.9189140e+06   1.4000000e+01
   1.9255920e+06   1.4000000e+01
   1.9258190e+06   1.6000000e+01
   1.9293790e+06   1.4000000e+01
   1.9347450e+06   1.4000000e+01
   1.9403550e+06   1.4000000e+01
   1.9797010e+06   1.4000000e+01
   1.9815710e+06   1.4000000e+01
   1.9852310e+06   1.4000000e+01
   1.9863050e+06   1.5000000e+01
   1.9868910e+06   1.4000000e+01
   2.0466870e+06   1.4000000e+01
   2.0487190e+06   1.4000000e+01
   2.0583130e+06   1.4000000e+01
   2.1128380e+06   1.4000000e+01
   2.1229050e+06   1.4000000e+01
   2.1231410e+06   1.5000000e+01
   2.1240470e+06   1.4000000e+01
   2.1242970e+06   1.4000000e+01
   2.1257600e+06   1.4000000e+01
   2.1260770e+06   1.5000000e+01
   2.1303790e+06   1.4000000e+01
   2.1498470e+06   1.4000000e+01
   2.1520480e+06   1.4000000e+01
   2.1589700e+06   1.5000000e+01
   2.1634790e+06   1.4000000e+01
   2.1678710e+06   1.4000000e+01
   2.1685090e+06   1.5000000e+01
   2.1697850e+06   1.4000000e+01
   2.1767510e+06   1.4000000e+01
   2.1842460e+06   1.4000000e+01
   2.1930060e+06   1.4000000e+01
   2.1994140e+06   1.4000000e+01
   2.2442010e+06   1.4000000e+01
   2.3444190e+06   1.5000000e+01
   2.5315920e+06   1.4000000e+01
   2.5406010e+06   1.4000000e+01
   2.5691760e+06   1.5000000e+01
   2.6359890e+06   1.9000000e+01
   2.6946750e+06   1.4000000e+01
   2.7074530e+06   1.4000000e+01
   2.8108860e+06   1.4000000e+01
   2.8140820e+06   1.4000000e+01
   2.8474460e+06   1.4000000e+01
   2.9350900e+06   1.4000000e+01
   2.9435840e+06   1.4000000e+01
   2.9678680e+06   1.4000000e+01
   2.9802850e+06   1.4000000e+01
   2.9803960e+06   1.4000000e+01
   2.9814140e+06   1.4000000e+01
   2.9832740e+06   1.5000000e+01
   3.0006910e+06   1.4000000e+01
   3.0163900e+06   1.4000000e+01
   3.0784430e+06   1.4000000e+01
   3.0790900e+06   1.4000000e+01
   3.0792780e+06   1.4000000e+01
   3.0796470e+06   1.4000000e+01
   3.0823550e+06   1.6000000e+01
   3.0847040e+06   1.4000000e+01
   3.0883840e+06   1.4000000e+01
   3.1306820e+06   1.4000000e+01
   3.1321100e+06   1.6000000e+01
   3.1388730e+06   1.4000000e+01
   3.1401840e+06   1.4000000e+01
   3.1760770e+06   1.5000000e+01
   3.2972290e+06   1.4000000e+01
   3.2997860e+06   1.4000000e+01
   3.3726200e+06   1.5000000e+01
   3.3831040e+06   1.4000000e+01
   3.3923250e+06   1.5000000e+01
   3.4093050e+06   1.4000000e+01
   3.4271410e+06   1.5000000e+01
   3.4445290e+06   1.5000000e+01
   3.4489160e+06   1.6000000e+01
   3.4494300e+06   1.4000000e+01
   3.4519160e+06   1.4000000e+01
   3.4545580e+06   1.4000000e+01
   3.5082290e+06   1.4000000e+01
   3.5243540e+06   1.4000000e+01
   3.5341060e+06   1.4000000e+01
   3.5352450e+06   1.4000000e+01
   3.5355780e+06   1.4000000e+01
   3.5394300e+06   1.4000000e+01
   3.5595890e+06   1.4000000e+01
   3.5721850e+06   1.4000000e+01
   3.5756770e+06   1.5000000e+01
   3.5765200e+06   1.4000000e+01
   3.5765460e+06   1.4000000e+01
   3.5886270e+06   1.4000000e+01
   3.6285040e+06   1.5000000e+01
   3.6295600e+06   1.4000000e+01
   3.6350990e+06   1.5000000e+01
   3.6681880e+06   1.4000000e+01
   3.7691340e+06   1.4000000e+01
   3.7843490e+06   1.4000000e+01
   3.8813670e+06   1.4000000e+01
   3.8944350e+06   1.6000000e+01
   3.9182130e+06   1.4000000e+01
   4.0996860e+06   1.4000000e+01
   4.1032920e+06   1.5000000e+01
   4.1039090e+06   1.4000000e+01
   4.1041290e+06   1.4000000e+01
   4.1554430e+06   1.4000000e+01
   4.3514880e+06   1.4000000e+01
   4.3517440e+06   1.4000000e+01
   4.3531910e+06   1.4000000e+01
   4.3546320e+06   1.4000000e+01
   4.3578800e+06   1.4000000e+01
   4.3585510e+06   1.4000000e+01
   4.3587080e+06   1.5000000e+01
   4.3602690e+06   1.4000000e+01
   4.3731180e+06   1.4000000e+01
   4.4110970e+06   1.5000000e+01
   4.4223230e+06   1.6000000e+01
   4.4243670e+06   1.5000000e+01
   4.4251920e+06   1.5000000e+01
   4.4277830e+06   1.7000000e+01
   4.4799580e+06   1.4000000e+01
   4.6123030e+06   1.5000000e+01
   4.6206920e+06   1.7000000e+01
   4.6354060e+06   1.6000000e+01
   4.6557890e+06   1.6000000e+01
   4.6584050e+06   1.4000000e+01
   4.6663040e+06   1.6000000e+01
   4.6831010e+06   1.4000000e+01
   4.6832030e+06   1.4000000e+01
   4.6849910e+06   1.5000000e+01
   4.7477750e+06   1.4000000e+01
   4.7536640e+06   1.4000000e+01
   4.8161390e+06   1.4000000e+01
   4.8257950e+06   1.4000000e+01
   4.8759710e+06   1.5000000e+01
   4.8765510e+06   1.4000000e+01
   4.8794670e+06   1.5000000e+01
   4.8890570e+06   1.6000000e+01
   4.9600340e+06   1.4000000e+01
   5.0086440e+06   1.7000000e+01
   5.0106390e+06   1.5000000e+01
   5.0146940e+06   1.5000000e+01
   5.0149500e+06   1.4000000e+01
   5.0163310e+06   1.4000000e+01
   5.0173280e+06   1.5000000e+01
   5.0178980e+06   1.4000000e+01
   5.0189790e+06   1.4000000e+01
   5.0195820e+06   1.4000000e+01
   5.1568390e+06   1.5000000e+01
   5.1791110e+06   1.4000000e+01
   5.2612090e+06   1.5000000e+01
   5.2657880e+06   1.7000000e+01
   5.2949820e+06   1.4000000e+01
   5.3011730e+06   1.5000000e+01
   5.3482290e+06   1.4000000e+01
   5.3951310e+06   1.5000000e+01
   5.4401090e+06   1.5000000e+01
   5.4759240e+06   1.5000000e+01
   5.4759680e+06   1.4000000e+01
   5.4773030e+06   1.4000000e+01
   5.4779030e+06   1.5000000e+01
   5.4789080e+06   1.4000000e+01
   5.4797160e+06   1.4000000e+01
   5.5478810e+06   1.4000000e+01
   5.5574520e+06   1.5000000e+01
   5.5639560e+06   1.4000000e+01
   5.5658620e+06   1.4000000e+01
   5.5672740e+06   1.4000000e+01
   5.5698060e+06   1.6000000e+01
   5.5704230e+06   1.5000000e+01
   5.6938870e+06   1.5000000e+01
   5.7049050e+06   1.4000000e+01
   5.7078720e+06   1.4000000e+01
   5.7092730e+06   1.4000000e+01
   5.7100440e+06   1.4000000e+01
   5.7101510e+06   1.5000000e+01
   5.7117930e+06   1.6000000e+01
   5.7149600e+06   1.4000000e+01
   5.7179310e+06   1.5000000e+01
   5.7216730e+06   1.4000000e+01
   5.7269810e+06   1.4000000e+01
   5.7282490e+06   1.5000000e+01
   5.7313150e+06   1.4000000e+01
   5.7387590e+06   1.4000000e+01
   5.7426440e+06   1.6000000e+01
   5.7516320e+06   1.4000000e+01
   5.7841210e+06   1.4000000e+01
   5.8013900e+06   1.4000000e+01
   5.8096540e+06   1.4000000e+01
   5.8128870e+06   1.4000000e+01
   5.8642160e+06   1.4000000e+01
   5.8752110e+06   1.6000000e+01
   5.9485420e+06   1.4000000e+01
   5.9816460e+06   1.4000000e+01
   6.0432200e+06   1.4000000e+01
   6.0665390e+06   1.5000000e+01
   6.0783480e+06   1.4000000e+01
   6.0830160e+06   1.4000000e+01
   6.1010990e+06   1.4000000e+01
   6.1564450e+06   1.6000000e+01
   6.1619570e+06   1.4000000e+01
   6.1676620e+06   1.4000000e+01
   6.1682490e+06   1.5000000e+01
   6.1721650e+06   1.4000000e+01
   6.1751750e+06   1.6000000e+01
   6.1793160e+06   1.4000000e+01
   6.1800160e+06   1.4000000e+01
   6.1843210e+06   1.4000000e+01
   6.1939800e+06   1.6000000e+01
   6.1978930e+06   1.5000000e+01
   6.2032570e+06   1.4000000e+01
   6.2047490e+06   1.6000000e+01
   6.2053550e+06   1.4000000e+01
   6.2925770e+06   1.4000000e+01
   6.2929330e+06   1.4000000e+01
   6.3031320e+06   1.5000000e+01
   6.3065400e+06   1.6000000e+01
   6.3098540e+06   1.4000000e+01
   6.4070350e+06   1.4000000e+01
   6.4210930e+06   1.5000000e+01
   6.4223000e+06   1.4000000e+01
   6.4226550e+06   1.4000000e+01
   6.4230700e+06   1.4000000e+01
   6.4231290e+06   1.5000000e+01
   6.4280400e+06   1.5000000e+01
   6.4964040e+06   1.6000000e+01
   6.5327800e+06   1.4000000e+01
   6.5357400e+06   1.4000000e+01
   6.5371990e+06   1.4000000e+01
   6.5459800e+06   1.4000000e+01
   6.5482440e+06   1.5000000e+01
   6.5677710e+06   1.4000000e+01
   6.5707900e+06   1.5000000e+01
   6.5712800e+06   1.4000000e+01
   6.5832740e+06   1.4000000e+01
   6.5842010e+06   1.7000000e+01
   6.5878880e+06   1.6000000e+01
   6.5950240e+06   1.4000000e+01
   6.6068730e+06   1.4000000e+01
   6.6122870e+06   1.6000000e+01
   6.6139610e+06   1.7000000e+01
   6.6164630e+06   1.4000000e+01
   6.6233760e+06   1.4000000e+01
   6.6286520e+06   1.5000000e+01
   6.6516830e+06   1.5000000e+01
   6.6684390e+06   1.5000000e+01
   6.7380770e+06   1.4000000e+01
   6.7895940e+06   1.4000000e+01
   6.8055850e+06   1.4000000e+01
   6.8309800e+06   1.4000000e+01
   6.8407460e+06   1.4000000e+01
   6.8507520e+06   1.4000000e+01
   6.8815020e+06   1.5000000e+01
   6.9278660e+06   1.6000000e+01
   6.9279610e+06   1.6000000e+01
   6.9287190e+06   1.4000000e+01
   6.9289520e+06   1.4000000e+01
   6.9290850e+06   1.6000000e+01
   6.9294560e+06   1.5000000e+01
   6.9302640e+06   1.4000000e+01
   6.9313110e+06   1.4000000e+01
   6.9315760e+06   1.4000000e+01
   6.9535890e+06   1.4000000e+01
   7.0132300e+06   1.4000000e+01
   7.1308720e+06   1.7000000e+01
   7.1316070e+06   1.6000000e+01
   7.1762250e+06   1.4000000e+01
   7.2975160e+06   1.4000000e+01
   7.3007110e+06   2.0000000e+01
   7.3017570e+06   1.4000000e+01
   7.3028030e+06   1.4000000e+01
   7.3032490e+06   1.5000000e+01
   7.3492620e+06   1.4000000e+01
   7.3513080e+06   1.4000000e+01
   7.3527090e+06   1.5000000e+01
   7.3534770e+06   1.5000000e+01
   7.3549570e+06   1.6000000e+01
   7.3567540e+06   1.4000000e+01
   7.3568070e+06   1.4000000e+01
   7.3669710e+06   1.4000000e+01
   7.4054660e+06   1.4000000e+01
   7.4170130e+06   1.4000000e+01
   7.4379820e+06   1.5000000e+01
   7.4653760e+06   1.5000000e+01
   7.4664530e+06   1.4000000e+01
   7.4674410e+06   1.4000000e+01
   7.4712300e+06   1.4000000e+01
