   7.5000000e+06   0.0000000e+00
   6.5300000e+03   1.8000000e+01
   6.8890000e+03   1.6000000e+01
   8.8784000e+04   1.6000000e+01
   9.1623000e+04   1.7000000e+01
   9.1663000e+04   2.1000000e+01
   9.1704000e+04   1.9000000e+01
   9.1794000e+04   1.6000000e+01
   9.1865000e+04   1.7000000e+01
   9.1945000e+04   1.6000000e+01
   9.1980000e+04   5.7000000e+01
   9.2017000e+04   1.7000000e+01
   9.2186000e+04   1.6000000e+01
   9.2364000e+04   5.7000000e+01
   9.2416000e+04   1.9000000e+01
   9.2767000e+04   1.6000000e+01
   9.2893000e+04   1.6000000e+01
   9.2924000e+04   1.6000000e+01
   9.3211000e+04   1.9000000e+01
   9.3858000e+04   5.6000000e+01
   9.3905000e+04   1.7000000e+01
   9.3977000e+04   1.7000000e+01
   1.8937500e+05   1.6000000e+01
   1.9076900e+05   1.9000000e+01
   1.9083700e+05   1.7000000e+01
   1.9135500e+05   1.8000000e+01
   1.9146100e+05   1.8000000e+01
   1.9157700e+05   1.7000000e+01
   1.9173900e+05   1.6000000e+01
   1.9212400e+05   1.6000000e+01
   1.9223700e+05   1.7000000e+01
   1.9294500e+05   5.9000000e+01
   1.9299300e+05   1.8000000e+01
   1.9532000e+05   1.6000000e+01
   2.6996800e+05   1.7000000e+01
   2.7004700e+05   1.6000000e+01
   2.7011100e+05   1.8000000e+01
   2.7019100e+05   1.6000000e+01
   2.7025500e+05   1.6000000e+01
   2.7029500e+05   1.7000000e+01
   2.7053200e+05   1.6000000e+01
   2.7066000e+05   1.7000000e+01
   2.7073700e+05   2.0000000e+01
   3.7807300e+05   1.8000000e+01
   3.7853900e+05   1.6000000e+01
   3.7874500e+05   1.7000000e+01
   3.7879800e+05   1.7000000e+01
   3.7908300e+05   1.8000000e+01
   3.8237900e+05   1.8000000e+01
   3.8242900e+05   6.6000000e+01
   3.8246400e+05   1.6000000e+01
   3.8262200e+05   1.7000000e+01
   3.9575100e+05   1.6000000e+01
   3.9897300e+05   6.1000000e+01
   3.9903200e+05   1.7000000e+01
   4.9834700e+05   1.6000000e+01
   4.9843900e+05   1.7000000e+01
   4.9847400e+05   1.6000000e+01
   4.9884500e+05   1.8000000e+01
   4.9892700e+05   1.6000000e+01
   4.9902400e+05   1.8000000e+01
   4.9905000e+05   1.8000000e+01
   4.9918300e+05   2.1000000e+01
   4.9932900e+05   1.7000000e+01
   4.9940600e+05   2.1000000e+01
   4.9959100e+05   6.7000000e+01
   4.9984500e+05   1.8000000e+01
   4.9999100e+05   1.8000000e+01
   5.0022600e+05   1.8000000e+01
   5.0025800e+05   2.7000000e+01
   5.0046800e+05   1.8000000e+01
   5.0062000e+05   1.9000000e+01
   5.0069200e+05   1.6000000e+01
   5.0075300e+05   1.7000000e+01
   5.0127800e+05   1.8000000e+01
   5.0135400e+05   1.7000000e+01
   5.0150600e+05   1.8000000e+01
   5.0161900e+05   1.9000000e+01
   5.0164800e+05   1.6000000e+01
   5.0177500e+05   1.6000000e+01
   5.0182900e+05   1.8000000e+01
   5.0196700e+05   1.6000000e+01
   5.0202900e+05   1.6000000e+01
   5.0210400e+05   2.4000000e+01
   5.0227600e+05   2.1000000e+01
   5.0241700e+05   1.7000000e+01
   5.0276200e+05   1.7000000e+01
   5.0286600e+05   1.8000000e+01
   5.0317200e+05   1.7000000e+01
   5.0329700e+05   1.6000000e+01
   5.0348200e+05   1.6000000e+01
   5.0469000e+05   1.6000000e+01
   5.0594100e+05   1.6000000e+01
   5.7951700e+05   1.6000000e+01
   5.7955200e+05   1.6000000e+01
   6.2396900e+05   1.6000000e+01
   6.2517400e+05   5.5000000e+01
   6.7502400e+05   1.6000000e+01
   6.7559400e+05   1.7000000e+01
   6.7569700e+05   1.6000000e+01
   7.7684200e+05   6.0000000e+01
   7.7771800e+05   1.6000000e+01
   8.4089500e+05   1.7000000e+01
   8.4099300e+05   1.6000000e+01
   8.4113700e+05   1.6000000e+01
   8.4125700e+05   2.2000000e+01
   8.4139400e+05   1.7000000e+01
   8.4145400e+05   1.7000000e+01
   8.4177000e+05   1.7000000e+01
   8.4189100e+05   6.1000000e+01
   8.4193500e+05   1.6000000e+01
   8.4203900e+05   1.8000000e+01
   8.4209900e+05   1.9000000e+01
   8.4219200e+05   2.0000000e+01
   8.4230900e+05   4.1000000e+01
   8.4237400e+05   1.6000000e+01
   8.4281600e+05   1.8000000e+01
   8.4424600e+05   1.8000000e+01
   8.4510800e+05   1.6000000e+01
   8.4536100e+05   5.0000000e+01
   8.8797500e+05   1.7000000e+01
   8.8855200e+05   1.6000000e+01
   8.8877600e+05   1.7000000e+01
   8.8887400e+05   1.6000000e+01
   8.8895200e+05   1.6000000e+01
   8.8904400e+05   1.7000000e+01
   8.8921300e+05   2.5000000e+01
   8.8929100e+05   2.0000000e+01
   8.8941600e+05   2.0000000e+01
   8.8944600e+05   2.4000000e+01
   8.8967800e+05   1.6000000e+01
   8.8971300e+05   1.6000000e+01
   8.8981400e+05   2.4000000e+01
   8.8988400e+05   2.4000000e+01
   8.9008500e+05   1.6000000e+01
   8.9018100e+05   1.7000000e+01
   8.9026200e+05   2.8000000e+01
   8.9062800e+05   1.8000000e+01
   8.9153700e+05   1.6000000e+01
   8.9205200e+05   1.7000000e+01
   9.1773800e+05   1.6000000e+01
   1.0197950e+06   1.6000000e+01
   1.0203130e+06   1.7000000e+01
   1.0212090e+06   1.6000000e+01
   1.0213730e+06   1.8000000e+01
   1.0214560e+06   1.7000000e+01
   1.0216640e+06   2.1000000e+01
   1.0217430e+06   1.6000000e+01
   1.0219210e+06   1.8000000e+01
   1.0221870e+06   1.6000000e+01
   1.0222510e+06   1.9000000e+01
   1.0223350e+06   2.0000000e+01
   1.0224350e+06   1.6000000e+01
   1.0225520e+06   1.7000000e+01
   1.0226140e+06   1.6000000e+01
   1.0233080e+06   5.5000000e+01
   1.0233550e+06   1.7000000e+01
   1.0234980e+06   1.6000000e+01
   1.0935960e+06   6.8000000e+01
   1.0936640e+06   2.0000000e+01
   1.0940880e+06   1.7000000e+01
   1.0943550e+06   5.3000000e+01
   1.0944030e+06   1.9000000e+01
   1.0946820e+06   1.7000000e+01
   1.0955070e+06   1.9000000e+01
   1.0956040e+06   1.8000000e+01
   1.0963510e+06   2.1000000e+01
   1.0965240e+06   1.6000000e+01
   1.2368610e+06   6.6000000e+01
   1.2369130e+06   1.8000000e+01
   1.2370150e+06   1.9000000e+01
   1.2374260e+06   1.7000000e+01
   1.2375700e+06   4.6000000e+01
   1.2376260e+06   2.2000000e+01
   1.2377140e+06   1.6000000e+01
   1.2378050e+06   1.6000000e+01
   1.2380980e+06   1.7000000e+01
   1.2383420e+06   1.6000000e+01
   1.2384170e+06   5.1000000e+01
   1.2384830e+06   1.9000000e+01
   1.2390430e+06   1.6000000e+01
   1.2392220e+06   4.6000000e+01
   1.2393050e+06   1.8000000e+01
   1.2399580e+06   1.8000000e+01
   1.2400360e+06   4.3000000e+01
   1.2400860e+06   1.6000000e+01
   1.2402500e+06   1.6000000e+01
   1.2422000e+06   3.7000000e+01
   1.2450730e+06   3.7000000e+01
   1.3399950e+06   1.7000000e+01
   1.3408110e+06   2.1000000e+01
   1.3440110e+06   1.6000000e+01
   1.3445710e+06   1.7000000e+01
   1.3446180e+06   1.7000000e+01
   1.3458220e+06   1.7000000e+01
   1.4815510e+06   1.7000000e+01
   1.4825760e+06   2.3000000e+01
   1.4827190e+06   1.7000000e+01
   1.4828000e+06   1.8000000e+01
   1.4829350e+06   5.9000000e+01
   1.4829700e+06   1.7000000e+01
   1.4837290e+06   1.6000000e+01
   1.4838500e+06   1.7000000e+01
   1.4839190e+06   1.6000000e+01
   1.4841650e+06   1.6000000e+01
   1.4842800e+06   2.1000000e+01
   1.4844220e+06   1.8000000e+01
   1.4844980e+06   1.7000000e+01
   1.4845970e+06   2.0000000e+01
   1.4846860e+06   2.0000000e+01
   1.4847530e+06   1.7000000e+01
   1.4849170e+06   1.9000000e+01
   1.4850030e+06   1.8000000e+01
   1.4850730e+06   4.7000000e+01
   1.4850990e+06   1.7000000e+01
   1.4851840e+06   2.3000000e+01
   1.4852310e+06   2.0000000e+01
   1.4854530e+06   1.7000000e+01
   1.4855430e+06   1.8000000e+01
   1.5585270e+06   1.6000000e+01
   1.5588910e+06   1.6000000e+01
   1.5594020e+06   1.9000000e+01
   1.5597460e+06   1.8000000e+01
   1.5598730e+06   1.8000000e+01
   1.5599240e+06   1.7000000e+01
   1.5601250e+06   1.7000000e+01
   1.5623250e+06   5.7000000e+01
   1.6784340e+06   1.6000000e+01
   1.6839780e+06   1.6000000e+01
   1.6840770e+06   1.6000000e+01
   1.6841490e+06   1.8000000e+01
   1.6842200e+06   1.7000000e+01
   1.6842760e+06   2.0000000e+01
   1.6843660e+06   1.6000000e+01
   1.6845010e+06   2.0000000e+01
   1.6848010e+06   1.6000000e+01
   1.6848810e+06   1.7000000e+01
   1.6851800e+06   2.0000000e+01
   1.6853490e+06   1.6000000e+01
   1.7529660e+06   1.8000000e+01
   1.7532600e+06   1.6000000e+01
   1.7537440e+06   1.6000000e+01
   1.7548700e+06   1.7000000e+01
   1.8427670e+06   2.2000000e+01
   1.8439200e+06   1.9000000e+01
   1.8440540e+06   1.6000000e+01
   1.8442060e+06   1.6000000e+01
   1.8443570e+06   1.7000000e+01
   1.8448320e+06   2.1000000e+01
   1.8454460e+06   1.6000000e+01
   1.8455940e+06   6.2000000e+01
   1.8456300e+06   1.6000000e+01
   1.8459240e+06   5.7000000e+01
   1.8464740e+06   5.0000000e+01
   1.8465600e+06   1.9000000e+01
   1.8942310e+06   1.6000000e+01
   1.8950630e+06   1.8000000e+01
   1.8953300e+06   1.7000000e+01
   1.8953780e+06   1.6000000e+01
   1.8962570e+06   1.7000000e+01
   1.9577940e+06   1.6000000e+01
   1.9588300e+06   1.6000000e+01
   1.9590530e+06   1.6000000e+01
   1.9642550e+06   1.7000000e+01
   1.9664090e+06   6.3000000e+01
   1.9664870e+06   1.6000000e+01
   1.9669970e+06   5.9000000e+01
   1.9670460e+06   1.6000000e+01
   2.0437940e+06   6.1000000e+01
   2.0438430e+06   1.8000000e+01
   2.0439040e+06   1.8000000e+01
   2.0440410e+06   1.6000000e+01
   2.0441740e+06   2.2000000e+01
   2.0443070e+06   1.8000000e+01
   2.1149060e+06   1.6000000e+01
   2.1152400e+06   1.7000000e+01
   2.1155620e+06   1.8000000e+01
   2.1157230e+06   1.8000000e+01
   2.1158280e+06   1.8000000e+01
   2.1158660e+06   1.7000000e+01
   2.1162710e+06   1.7000000e+01
   2.1163800e+06   2.0000000e+01
   2.1164130e+06   1.6000000e+01
   2.1165050e+06   1.7000000e+01
   2.1165610e+06   2.0000000e+01
   2.1166200e+06   1.7000000e+01
   2.1167190e+06   1.6000000e+01
   2.1169940e+06   2.0000000e+01
   2.1171010e+06   1.7000000e+01
   2.1174020e+06   1.6000000e+01
   2.1176340e+06   2.0000000e+01
   2.1177900e+06   1.7000000e+01
   2.1183390e+06   1.7000000e+01
   2.1189580e+06   1.6000000e+01
   2.2337840e+06   1.7000000e+01
   2.2338820e+06   1.7000000e+01
   2.2342450e+06   1.6000000e+01
   2.2344210e+06   1.8000000e+01
   2.2352230e+06   1.6000000e+01
   2.2361060e+06   1.6000000e+01
   2.3274300e+06   1.6000000e+01
   2.3274680e+06   1.8000000e+01
   2.3279380e+06   1.6000000e+01
   2.3280040e+06   1.6000000e+01
   2.3281880e+06   6.2000000e+01
   2.3283860e+06   1.8000000e+01
   2.3286120e+06   1.6000000e+01
   2.3305130e+06   4.9000000e+01
   2.3316960e+06   1.7000000e+01
   2.3334800e+06   1.6000000e+01
   2.4346780e+06   1.6000000e+01
   2.4348340e+06   1.8000000e+01
   2.4353810e+06   1.8000000e+01
   2.4354630e+06   1.7000000e+01
   2.4360980e+06   1.7000000e+01
   2.4383600e+06   1.6000000e+01
   2.4387790e+06   1.7000000e+01
   2.4388040e+06   7.5000000e+01
   2.4388580e+06   1.7000000e+01
   2.4391360e+06   1.6000000e+01
   2.4395660e+06   1.6000000e+01
   2.4399340e+06   2.0000000e+01
   2.4402310e+06   1.6000000e+01
   2.4403730e+06   1.6000000e+01
   2.4818990e+06   1.7000000e+01
   2.4827140e+06   1.6000000e+01
   2.5681930e+06   1.8000000e+01
   2.6191440e+06   1.6000000e+01
   2.6196080e+06   1.8000000e+01
   2.6199040e+06   1.6000000e+01
   2.6205610e+06   1.6000000e+01
   2.6238910e+06   1.8000000e+01
   2.6806180e+06   1.6000000e+01
   2.6809310e+06   1.8000000e+01
   2.7132630e+06   1.7000000e+01
   2.7134310e+06   1.7000000e+01
   2.7135380e+06   1.6000000e+01
   2.7136060e+06   1.6000000e+01
   2.7137410e+06   1.6000000e+01
   2.7138350e+06   1.6000000e+01
   2.7142380e+06   1.6000000e+01
   2.7799310e+06   1.6000000e+01
   2.9427200e+06   1.8000000e+01
   2.9428630e+06   1.7000000e+01
   2.9428910e+06   2.0000000e+01
   2.9432320e+06   1.6000000e+01
   2.9432890e+06   1.8000000e+01
   2.9433920e+06   1.6000000e+01
   2.9435790e+06   1.7000000e+01
   2.9436880e+06   1.8000000e+01
   2.9437520e+06   1.8000000e+01
   2.9438570e+06   1.6000000e+01
   2.9439260e+06   1.7000000e+01
   2.9440700e+06   2.1000000e+01
   2.9440980e+06   2.1000000e+01
   2.9442190e+06   1.7000000e+01
   2.9443370e+06   1.6000000e+01
   2.9443760e+06   1.7000000e+01
   2.9445240e+06   1.7000000e+01
   2.9447630e+06   1.6000000e+01
   2.9448220e+06   2.2000000e+01
   2.9448810e+06   1.7000000e+01
   2.9450900e+06   5.2000000e+01
   2.9451390e+06   1.7000000e+01
   2.9454830e+06   1.7000000e+01
   2.9457200e+06   5.1000000e+01
   2.9457770e+06   1.6000000e+01
   3.0618280e+06   1.6000000e+01
   3.0622110e+06   1.7000000e+01
   3.0622380e+06   1.9000000e+01
   3.0624750e+06   1.7000000e+01
   3.0625110e+06   1.8000000e+01
   3.0627160e+06   1.9000000e+01
   3.0627700e+06   2.0000000e+01
   3.0628130e+06   1.6000000e+01
   3.0629730e+06   2.2000000e+01
   3.0630340e+06   7.1000000e+01
   3.0634140e+06   1.7000000e+01
   3.0634920e+06   6.9000000e+01
   3.0635600e+06   1.7000000e+01
   3.0636720e+06   1.6000000e+01
   3.1478160e+06   2.1000000e+01
   3.1720540e+06   1.9000000e+01
   3.1726340e+06   2.3000000e+01
   3.1728810e+06   2.2000000e+01
   3.1729540e+06   1.9000000e+01
   3.1734250e+06   1.6000000e+01
   3.1736200e+06   1.6000000e+01
   3.1737500e+06   1.6000000e+01
   3.1767840e+06   1.6000000e+01
   3.1781700e+06   1.6000000e+01
   3.1785690e+06   1.6000000e+01
   3.2320970e+06   1.6000000e+01
   3.2349450e+06   1.6000000e+01
   3.2759470e+06   1.6000000e+01
   3.3005570e+06   1.9000000e+01
   3.3011260e+06   1.6000000e+01
   3.3017540e+06   1.6000000e+01
   3.4229350e+06   1.7000000e+01
   3.4277450e+06   1.6000000e+01
   3.4278060e+06   1.6000000e+01
   3.4279430e+06   1.6000000e+01
   3.4282730e+06   1.8000000e+01
   3.4284290e+06   1.7000000e+01
   3.4285170e+06   1.6000000e+01
   3.4288510e+06   1.7000000e+01
   3.5199160e+06   1.7000000e+01
   3.5751940e+06   1.8000000e+01
   3.5752930e+06   6.3000000e+01
   3.5753320e+06   1.7000000e+01
   3.5754170e+06   1.6000000e+01
   3.5757170e+06   1.9000000e+01
   3.5758370e+06   1.7000000e+01
   3.5760890e+06   1.7000000e+01
   3.5761780e+06   1.6000000e+01
   3.5765270e+06   1.8000000e+01
   3.5766750e+06   1.6000000e+01
   3.5771750e+06   1.8000000e+01
   3.5779130e+06   6.3000000e+01
   3.5780680e+06   1.7000000e+01
   3.5780950e+06   1.6000000e+01
   3.5781990e+06   1.7000000e+01
   3.7048700e+06   1.6000000e+01
   3.7627350e+06   1.7000000e+01
   3.7628200e+06   1.7000000e+01
   3.7628950e+06   2.0000000e+01
   3.7634380e+06   6.9000000e+01
   3.7634910e+06   1.7000000e+01
   3.7643020e+06   1.6000000e+01
   3.7644210e+06   1.8000000e+01
   3.7650660e+06   5.4000000e+01
   3.7651420e+06   1.6000000e+01
   3.7659140e+06   1.7000000e+01
   3.7665790e+06   1.8000000e+01
   3.7680910e+06   1.6000000e+01
   3.8490020e+06   2.1000000e+01
   3.8514540e+06   1.6000000e+01
   3.8515380e+06   1.7000000e+01
   3.9183080e+06   1.7000000e+01
   3.9654610e+06   1.6000000e+01
   3.9656320e+06   1.7000000e+01
   3.9663920e+06   1.8000000e+01
   3.9694180e+06   1.8000000e+01
   4.0058030e+06   1.6000000e+01
   4.0064050e+06   1.6000000e+01
   4.0067590e+06   1.7000000e+01
   4.0071270e+06   1.6000000e+01
   4.0619460e+06   6.2000000e+01
   4.0619840e+06   2.3000000e+01
   4.0620400e+06   2.1000000e+01
   4.0624820e+06   1.6000000e+01
   4.0625640e+06   1.6000000e+01
   4.0626780e+06   1.6000000e+01
   4.0632670e+06   1.8000000e+01
   4.0637060e+06   1.7000000e+01
   4.0637500e+06   1.7000000e+01
   4.0638920e+06   1.6000000e+01
   4.0640660e+06   1.6000000e+01
   4.0646800e+06   1.6000000e+01
   4.0647810e+06   1.6000000e+01
   4.0648370e+06   1.7000000e+01
   4.0653850e+06   1.7000000e+01
   4.1006070e+06   1.6000000e+01
   4.1127850e+06   1.6000000e+01
   4.1653290e+06   1.7000000e+01
   4.1659300e+06   1.6000000e+01
   4.1685190e+06   1.7000000e+01
   4.1686160e+06   1.6000000e+01
   4.1741280e+06   1.6000000e+01
   4.1748090e+06   1.6000000e+01
   4.2953790e+06   1.6000000e+01
   4.2958600e+06   1.7000000e+01
   4.2962330e+06   1.6000000e+01
   4.2963550e+06   1.6000000e+01
   4.2964340e+06   1.9000000e+01
   4.2966550e+06   1.8000000e+01
   4.2967230e+06   1.8000000e+01
   4.2968490e+06   2.1000000e+01
   4.2969100e+06   2.5000000e+01
   4.2973550e+06   1.6000000e+01
   4.3443400e+06   1.6000000e+01
   4.3444610e+06   2.2000000e+01
   4.3448210e+06   1.6000000e+01
   4.3449640e+06   1.6000000e+01
   4.4071070e+06   6.0000000e+01
   4.4072560e+06   1.6000000e+01
   4.4080150e+06   1.7000000e+01
   4.4095990e+06   1.9000000e+01
   4.5186640e+06   1.7000000e+01
   4.5188680e+06   1.6000000e+01
   4.5190860e+06   2.1000000e+01
   4.5194610e+06   1.6000000e+01
   4.5194930e+06   2.2000000e+01
   4.5195530e+06   1.6000000e+01
   4.5214750e+06   6.0000000e+01
   4.5221410e+06   1.6000000e+01
   4.6281160e+06   6.3000000e+01
   4.6281580e+06   1.7000000e+01
   4.6300590e+06   1.8000000e+01
   4.6301890e+06   1.9000000e+01
   4.6303680e+06   1.6000000e+01
   4.6305910e+06   1.8000000e+01
   4.6312510e+06   1.8000000e+01
   4.7489870e+06   6.6000000e+01
   4.7492570e+06   5.8000000e+01
   4.8221650e+06   1.7000000e+01
   4.8224850e+06   1.7000000e+01
   4.8225880e+06   6.4000000e+01
   4.8226330e+06   1.8000000e+01
   4.8226850e+06   1.6000000e+01
   4.8227650e+06   1.7000000e+01
   4.8228390e+06   1.6000000e+01
   4.8229330e+06   2.1000000e+01
   4.8232270e+06   2.2000000e+01
   4.8232770e+06   8.1000000e+01
   4.8234820e+06   1.6000000e+01
   4.8235570e+06   1.7000000e+01
   4.8236570e+06   1.6000000e+01
   4.8237630e+06   1.7000000e+01
   4.8238350e+06   1.8000000e+01
   4.8241050e+06   1.8000000e+01
   4.8243750e+06   1.6000000e+01
   4.9104380e+06   2.0000000e+01
   4.9710070e+06   1.6000000e+01
   4.9724170e+06   1.9000000e+01
   4.9724920e+06   1.9000000e+01
   5.0219240e+06   1.7000000e+01
   5.0222980e+06   1.6000000e+01
   5.0225360e+06   1.6000000e+01
   5.0239050e+06   1.6000000e+01
   5.0772630e+06   1.9000000e+01
   5.0781590e+06   1.7000000e+01
   5.0782240e+06   6.8000000e+01
   5.0783060e+06   1.8000000e+01
   5.0786590e+06   1.9000000e+01
   5.0787360e+06   5.1000000e+01
   5.0787980e+06   1.6000000e+01
   5.0795770e+06   2.0000000e+01
   5.0802000e+06   1.6000000e+01
   5.0805760e+06   1.7000000e+01
   5.2150100e+06   1.7000000e+01
   5.2154410e+06   1.7000000e+01
   5.2155290e+06   1.6000000e+01
   5.2160920e+06   1.7000000e+01
   5.2163930e+06   1.6000000e+01
   5.2164330e+06   1.6000000e+01
   5.2165470e+06   1.7000000e+01
   5.2175050e+06   1.6000000e+01
   5.2179830e+06   1.8000000e+01
   5.2183020e+06   1.6000000e+01
   5.2185540e+06   1.8000000e+01
   5.2186680e+06   2.6000000e+01
   5.2187630e+06   1.8000000e+01
   5.2188640e+06   1.7000000e+01
   5.2191320e+06   1.6000000e+01
   5.2191990e+06   1.9000000e+01
   5.2193870e+06   5.8000000e+01
   5.2194430e+06   2.1000000e+01
   5.3228400e+06   1.9000000e+01
   5.3247380e+06   1.6000000e+01
   5.3250660e+06   1.8000000e+01
   5.3255220e+06   1.7000000e+01
   5.3256620e+06   1.7000000e+01
   5.3257630e+06   1.6000000e+01
   5.4214260e+06   1.6000000e+01
   5.4251160e+06   1.7000000e+01
   5.4256080e+06   1.7000000e+01
   5.4256350e+06   2.0000000e+01
   5.4258690e+06   1.7000000e+01
   5.4261550e+06   1.6000000e+01
   5.4262990e+06   7.3000000e+01
   5.4267920e+06   1.8000000e+01
   5.4710400e+06   1.7000000e+01
   5.4710730e+06   1.7000000e+01
   5.4715740e+06   1.8000000e+01
   5.4717920e+06   1.6000000e+01
   5.4736610e+06   1.7000000e+01
   5.5605070e+06   1.6000000e+01
   5.5609180e+06   1.6000000e+01
   5.5615950e+06   1.8000000e+01
   5.5616590e+06   1.6000000e+01
   5.5624130e+06   7.4000000e+01
   5.5624450e+06   1.9000000e+01
   5.5628780e+06   1.6000000e+01
   5.5629220e+06   1.9000000e+01
   5.5631240e+06   6.6000000e+01
   5.5634370e+06   1.9000000e+01
   5.5635650e+06   1.7000000e+01
   5.5646260e+06   5.4000000e+01
   5.6215430e+06   1.6000000e+01
   5.6217250e+06   2.0000000e+01
   5.6218430e+06   2.5000000e+01
   5.6221790e+06   2.1000000e+01
   5.6223000e+06   1.7000000e+01
   5.6224550e+06   1.9000000e+01
   5.7183940e+06   1.7000000e+01
   5.7185010e+06   1.9000000e+01
   5.7187890e+06   1.6000000e+01
   5.7188190e+06   1.6000000e+01
   5.7189040e+06   1.6000000e+01
   5.7192210e+06   6.8000000e+01
   5.7192980e+06   1.7000000e+01
   5.7196490e+06   1.6000000e+01
   5.7201990e+06   1.6000000e+01
   5.7207380e+06   1.6000000e+01
   5.7797320e+06   1.6000000e+01
   5.8356100e+06   1.6000000e+01
   5.8359150e+06   1.6000000e+01
   5.8363750e+06   1.6000000e+01
   5.8366610e+06   1.6000000e+01
   5.8383490e+06   1.6000000e+01
   5.8822080e+06   1.6000000e+01
   5.8829610e+06   6.5000000e+01
   5.8830000e+06   1.6000000e+01
   5.8831040e+06   1.6000000e+01
   5.8832300e+06   1.7000000e+01
   5.8863780e+06   4.4000000e+01
   5.8864380e+06   1.6000000e+01
   5.8867940e+06   1.7000000e+01
   5.8870530e+06   1.7000000e+01
   5.8877560e+06   1.6000000e+01
   6.0113860e+06   1.7000000e+01
   6.0137020e+06   1.8000000e+01
   6.0615230e+06   1.6000000e+01
   6.0619090e+06   1.6000000e+01
   6.0620730e+06   1.7000000e+01
   6.0625140e+06   1.7000000e+01
   6.0626510e+06   1.6000000e+01
   6.0627910e+06   1.7000000e+01
   6.0629840e+06   1.6000000e+01
   6.0632270e+06   1.8000000e+01
   6.0640050e+06   1.8000000e+01
   6.1495520e+06   1.6000000e+01
   6.1496400e+06   1.6000000e+01
   6.1516330e+06   2.1000000e+01
   6.1517240e+06   1.6000000e+01
   6.1521900e+06   1.6000000e+01
   6.1524290e+06   1.9000000e+01
   6.1524670e+06   1.7000000e+01
   6.1526550e+06   1.6000000e+01
   6.1530770e+06   1.6000000e+01
   6.2301040e+06   6.5000000e+01
   6.2301560e+06   1.6000000e+01
   6.2302720e+06   1.6000000e+01
   6.2311580e+06   1.7000000e+01
   6.2314690e+06   1.6000000e+01
   6.2318610e+06   1.8000000e+01
   6.2320450e+06   2.3000000e+01
   6.2322040e+06   1.8000000e+01
   6.2322890e+06   1.6000000e+01
   6.2326350e+06   5.2000000e+01
   6.2327010e+06   1.6000000e+01
   6.2328260e+06   2.0000000e+01
   6.2334880e+06   1.6000000e+01
   6.2335210e+06   2.3000000e+01
   6.2992490e+06   1.6000000e+01
   6.3388160e+06   1.8000000e+01
   6.3389090e+06   1.7000000e+01
   6.3391470e+06   1.8000000e+01
   6.3396490e+06   2.0000000e+01
   6.4977280e+06   1.7000000e+01
   6.4979580e+06   1.6000000e+01
   6.4981850e+06   1.6000000e+01
   6.4987020e+06   1.8000000e+01
   6.4987470e+06   1.8000000e+01
   6.4988780e+06   1.7000000e+01
   6.4990530e+06   7.2000000e+01
   6.4991770e+06   2.1000000e+01
   6.4992870e+06   1.7000000e+01
   6.4993750e+06   5.2000000e+01
   6.4994300e+06   2.0000000e+01
   6.4997010e+06   1.7000000e+01
   6.4998040e+06   2.0000000e+01
   6.4999340e+06   1.8000000e+01
   6.4999910e+06   1.8000000e+01
   6.5000680e+06   2.1000000e+01
   6.5002180e+06   2.1000000e+01
   6.5003040e+06   1.6000000e+01
   6.5004320e+06   1.9000000e+01
   6.5006270e+06   1.6000000e+01
   6.5009360e+06   1.7000000e+01
   6.5009690e+06   1.6000000e+01
   6.5010650e+06   1.6000000e+01
   6.5012980e+06   3.0000000e+01
   6.5013940e+06   1.6000000e+01
   6.5036710e+06   4.2000000e+01
   6.5037330e+06   1.6000000e+01
   6.6001990e+06   1.7000000e+01
   6.6003890e+06   1.6000000e+01
   6.6006070e+06   1.7000000e+01
   6.6028290e+06   1.6000000e+01
   6.6850820e+06   1.6000000e+01
   6.6854900e+06   1.8000000e+01
   6.6855510e+06   1.6000000e+01
   6.6855790e+06   1.6000000e+01
   6.6857220e+06   1.6000000e+01
   6.6860800e+06   1.6000000e+01
   6.6861940e+06   1.7000000e+01
   6.7392830e+06   1.7000000e+01
   6.7393220e+06   1.7000000e+01
   6.7400350e+06   1.6000000e+01
   6.7402010e+06   1.6000000e+01
   6.8267700e+06   6.9000000e+01
   6.8272930e+06   1.6000000e+01
   6.8273790e+06   1.6000000e+01
   6.8274400e+06   1.7000000e+01
   6.8279010e+06   1.6000000e+01
   6.8284880e+06   1.7000000e+01
   6.8293510e+06   1.6000000e+01
   6.8294720e+06   1.6000000e+01
   6.8295000e+06   2.4000000e+01
   6.8296660e+06   2.2000000e+01
   6.8297800e+06   1.6000000e+01
   6.8298820e+06   1.9000000e+01
   6.8300480e+06   1.6000000e+01
   6.8301180e+06   1.6000000e+01
   6.8303600e+06   6.0000000e+01
   6.8304010e+06   1.7000000e+01
   6.8304540e+06   1.6000000e+01
   6.8310810e+06   1.7000000e+01
   6.8311730e+06   2.0000000e+01
   6.8316290e+06   1.8000000e+01
   6.8327160e+06   1.6000000e+01
   6.9068330e+06   1.7000000e+01
   6.9071400e+06   1.6000000e+01
   6.9077630e+06   1.6000000e+01
   6.9085270e+06   1.6000000e+01
   6.9086750e+06   2.0000000e+01
   6.9089160e+06   1.6000000e+01
   6.9095010e+06   1.8000000e+01
   6.9102700e+06   1.9000000e+01
   6.9104910e+06   1.6000000e+01
   6.9109900e+06   1.7000000e+01
   6.9113500e+06   1.7000000e+01
   6.9127620e+06   1.7000000e+01
   6.9130160e+06   1.7000000e+01
   6.9131710e+06   1.9000000e+01
   6.9134860e+06   1.7000000e+01
   6.9137160e+06   1.6000000e+01
   6.9335710e+06   1.7000000e+01
   7.0360200e+06   2.0000000e+01
   7.0363230e+06   1.7000000e+01
   7.0365930e+06   1.6000000e+01
   7.0366450e+06   1.9000000e+01
   7.0367060e+06   1.7000000e+01
   7.0370810e+06   1.6000000e+01
   7.0372350e+06   1.7000000e+01
   7.0373140e+06   1.9000000e+01
   7.0379440e+06   1.6000000e+01
   7.0386120e+06   1.6000000e+01
   7.1233660e+06   1.9000000e+01
   7.1234730e+06   1.6000000e+01
   7.1236450e+06   1.6000000e+01
   7.1237450e+06   1.7000000e+01
   7.1238270e+06   2.0000000e+01
   7.1239270e+06   1.9000000e+01
   7.1239960e+06   1.6000000e+01
   7.1242420e+06   1.6000000e+01
   7.1736340e+06   6.0000000e+01
   7.1736740e+06   1.6000000e+01
   7.1737180e+06   1.8000000e+01
   7.1745610e+06   6.4000000e+01
   7.1746530e+06   1.7000000e+01
   7.1757980e+06   1.6000000e+01
   7.1761390e+06   1.6000000e+01
   7.1764540e+06   1.6000000e+01
   7.1769540e+06   1.6000000e+01
   7.1778360e+06   5.1000000e+01
   7.1778840e+06   1.7000000e+01
   7.3097710e+06   6.9000000e+01
   7.3098230e+06   1.9000000e+01
   7.3107010e+06   1.8000000e+01
   7.3107900e+06   1.8000000e+01
   7.3112650e+06   1.9000000e+01
   7.3115480e+06   1.6000000e+01
   7.3741610e+06   1.6000000e+01
   7.3747580e+06   1.6000000e+01
   7.4570090e+06   1.6000000e+01
   7.4575890e+06   1.6000000e+01
   7.4581940e+06   1.6000000e+01
   7.4583650e+06   1.7000000e+01
   7.4585550e+06   1.6000000e+01
   7.4586560e+06   6.7000000e+01
   7.4587460e+06   1.6000000e+01
   7.4599980e+06   1.6000000e+01
   7.4601710e+06   1.6000000e+01
   7.4602580e+06   2.0000000e+01
   7.4603400e+06   7.2000000e+01
   7.4604510e+06   1.6000000e+01
   7.4605870e+06   1.8000000e+01
   7.4607800e+06   1.6000000e+01
   7.4610070e+06   1.6000000e+01
   7.4611280e+06   2.4000000e+01
   7.4612770e+06   1.6000000e+01
   7.4614590e+06   2.0000000e+01
   7.4619390e+06   1.9000000e+01
