   7.5000000e+06   0.0000000e+00
   4.6450000e+03   2.0000000e+01
   6.0660000e+03   2.1000000e+01
   6.6400000e+03   2.3000000e+01
   6.8790000e+03   2.2000000e+01
   7.1720000e+03   2.0000000e+01
   7.6910000e+03   2.0000000e+01
   8.8691000e+04   2.1000000e+01
   8.8774000e+04   2.1000000e+01
   8.9084000e+04   4.9000000e+01
   8.9110000e+04   2.0000000e+01
   8.9269000e+04   2.1000000e+01
   8.9429000e+04   2.1000000e+01
   8.9478000e+04   2.0000000e+01
   9.1217000e+04   2.1000000e+01
   9.1247000e+04   5.9000000e+01
   9.1304000e+04   2.7000000e+01
   9.1490000e+04   2.3000000e+01
   9.1613000e+04   2.4000000e+01
   9.1662000e+04   2.0000000e+01
   9.1788000e+04   2.5000000e+01
   9.1841000e+04   2.2000000e+01
   9.1889000e+04   2.1000000e+01
   9.1952000e+04   2.2000000e+01
   9.1979000e+04   2.6000000e+01
   9.2036000e+04   2.1000000e+01
   9.2106000e+04   2.4000000e+01
   9.2392000e+04   2.1000000e+01
   9.2418000e+04   2.4000000e+01
   9.2493000e+04   2.3000000e+01
   9.2664000e+04   2.0000000e+01
   9.2736000e+04   2.3000000e+01
   9.2786000e+04   2.3000000e+01
   9.2928000e+04   2.0000000e+01
   9.3221000e+04   2.2000000e+01
   9.3274000e+04   2.1000000e+01
   9.3534000e+04   2.1000000e+01
   9.3687000e+04   2.2000000e+01
   9.3888000e+04   2.0000000e+01
   1.9076800e+05   2.0000000e+01
   1.9089600e+05   2.1000000e+01
   1.9112300e+05   2.1000000e+01
   1.9145400e+05   2.1000000e+01
   1.9172500e+05   2.0000000e+01
   1.9337500e+05   2.0000000e+01
   1.9342100e+05   2.0000000e+01
   1.9346000e+05   2.0000000e+01
   1.9353500e+05   4.9000000e+01
   1.9356200e+05   3.1000000e+01
   1.9384000e+05   2.0000000e+01
   1.9396200e+05   2.1000000e+01
   1.9448600e+05   5.1000000e+01
   1.9451300e+05   2.8000000e+01
   1.9470000e+05   2.1000000e+01
   1.9484300e+05   2.3000000e+01
   1.9517600e+05   2.0000000e+01
   1.9566200e+05   2.1000000e+01
   1.9570900e+05   2.0000000e+01
   1.9653900e+05   4.5000000e+01
   1.9656600e+05   2.6000000e+01
   2.6420200e+05   2.0000000e+01
   2.6895500e+05   2.0000000e+01
   2.7004700e+05   2.2000000e+01
   2.7011000e+05   2.2000000e+01
   2.7025700e+05   2.1000000e+01
   2.7038600e+05   2.1000000e+01
   2.7073800e+05   2.1000000e+01
   2.7428700e+05   4.7000000e+01
   2.7432000e+05   2.0000000e+01
   2.7616400e+05   2.1000000e+01
   2.7678800e+05   2.1000000e+01
   2.7706600e+05   2.1000000e+01
   3.7956100e+05   2.0000000e+01
   3.7972000e+05   2.2000000e+01
   3.8152200e+05   2.2000000e+01
   3.8189600e+05   2.0000000e+01
   3.8201200e+05   2.0000000e+01
   3.8212000e+05   2.3000000e+01
   3.8233200e+05   2.1000000e+01
   3.8238000e+05   2.2000000e+01
   3.8261700e+05   2.2000000e+01
   3.8287300e+05   2.0000000e+01
   3.8323600e+05   4.6000000e+01
   3.8326600e+05   2.3000000e+01
   3.9392700e+05   2.2000000e+01
   3.9396700e+05   2.1000000e+01
   3.9424800e+05   2.0000000e+01
   3.9448400e+05   2.3000000e+01
   3.9458000e+05   2.0000000e+01
   3.9486600e+05   2.2000000e+01
   3.9507400e+05   2.1000000e+01
   3.9511500e+05   2.0000000e+01
   3.9521700e+05   2.3000000e+01
   3.9570600e+05   2.0000000e+01
   3.9634900e+05   2.0000000e+01
   3.9683800e+05   2.0000000e+01
   3.9854600e+05   5.0000000e+01
   3.9858100e+05   2.8000000e+01
   3.9995800e+05   4.4000000e+01
   3.9999700e+05   2.0000000e+01
   4.0323600e+05   2.0000000e+01
   4.9844000e+05   2.0000000e+01
   4.9858200e+05   2.1000000e+01
   4.9887200e+05   2.0000000e+01
   4.9893400e+05   2.3000000e+01
   4.9902000e+05   3.6000000e+01
   4.9905500e+05   2.9000000e+01
   4.9919300e+05   2.2000000e+01
   4.9928900e+05   2.0000000e+01
   4.9934800e+05   2.6000000e+01
   4.9940300e+05   2.6000000e+01
   4.9944800e+05   2.1000000e+01
   4.9982400e+05   2.5000000e+01
   4.9985900e+05   2.3000000e+01
   4.9998600e+05   3.1000000e+01
   5.0001400e+05   3.1000000e+01
   5.0017600e+05   2.4000000e+01
   5.0022500e+05   2.2000000e+01
   5.0026500e+05   2.6000000e+01
   5.0039100e+05   2.1000000e+01
   5.0044100e+05   2.0000000e+01
   5.0054300e+05   2.1000000e+01
   5.0062400e+05   3.0000000e+01
   5.0068800e+05   2.0000000e+01
   5.0075200e+05   2.4000000e+01
   5.0082700e+05   2.1000000e+01
   5.0094300e+05   2.4000000e+01
   5.0100000e+05   2.0000000e+01
   5.0107000e+05   2.1000000e+01
   5.0122600e+05   2.2000000e+01
   5.0128500e+05   2.3000000e+01
   5.0132900e+05   3.7000000e+01
   5.0139300e+05   2.0000000e+01
   5.0145900e+05   2.8000000e+01
   5.0153300e+05   2.6000000e+01
   5.0161900e+05   3.7000000e+01
   5.0164700e+05   2.3000000e+01
   5.0169700e+05   2.5000000e+01
   5.0172600e+05   3.2000000e+01
   5.0184000e+05   2.1000000e+01
   5.0189500e+05   2.0000000e+01
   5.0194600e+05   2.2000000e+01
   5.0203300e+05   2.6000000e+01
   5.0210100e+05   2.8000000e+01
   5.0212600e+05   2.7000000e+01
   5.0220200e+05   2.0000000e+01
   5.0224200e+05   2.0000000e+01
   5.0237500e+05   2.1000000e+01
   5.0254700e+05   3.0000000e+01
   5.0264000e+05   2.0000000e+01
   5.0266600e+05   2.3000000e+01
   5.0272200e+05   2.6000000e+01
   5.0279200e+05   2.0000000e+01
   5.0289200e+05   2.6000000e+01
   5.0297000e+05   2.1000000e+01
   5.0315200e+05   2.1000000e+01
   5.0317800e+05   2.5000000e+01
   5.0327600e+05   2.3000000e+01
   5.0337200e+05   2.4000000e+01
   5.0343500e+05   2.2000000e+01
   5.0361100e+05   2.9000000e+01
   5.0367300e+05   2.5000000e+01
   5.0377300e+05   2.1000000e+01
   5.0384700e+05   2.2000000e+01
   5.0389300e+05   2.3000000e+01
   5.0413000e+05   2.4000000e+01
   5.0427300e+05   2.6000000e+01
   5.0432900e+05   2.0000000e+01
   5.0452800e+05   2.0000000e+01
   5.0467100e+05   2.3000000e+01
   5.0474400e+05   2.2000000e+01
   5.0480600e+05   2.2000000e+01
   5.0487300e+05   2.1000000e+01
   5.0509100e+05   2.0000000e+01
   5.0534400e+05   2.0000000e+01
   5.0539300e+05   2.1000000e+01
   5.0544100e+05   2.9000000e+01
   5.0549100e+05   2.8000000e+01
   5.0557800e+05   2.0000000e+01
   5.0583000e+05   2.0000000e+01
   5.0590400e+05   2.2000000e+01
   5.0593300e+05   2.5000000e+01
   5.0605000e+05   2.1000000e+01
   5.0620500e+05   2.1000000e+01
   5.0630900e+05   2.0000000e+01
   5.0635300e+05   2.0000000e+01
   5.0660500e+05   2.0000000e+01
   5.0690700e+05   2.3000000e+01
   5.0717700e+05   2.1000000e+01
   5.0761200e+05   2.1000000e+01
   5.0859900e+05   2.0000000e+01
   5.0877900e+05   2.0000000e+01
   5.1295700e+05   2.0000000e+01
   6.1815500e+05   2.0000000e+01
   6.1845800e+05   2.1000000e+01
   6.1887600e+05   2.0000000e+01
   6.1902500e+05   2.1000000e+01
   6.1934500e+05   2.0000000e+01
   6.2177300e+05   4.6000000e+01
   6.2180000e+05   2.2000000e+01
   6.7569700e+05   2.0000000e+01
   7.3115300e+05   2.0000000e+01
   7.7551600e+05   2.1000000e+01
   7.7622300e+05   2.1000000e+01
   7.7768500e+05   2.2000000e+01
   7.7788200e+05   2.0000000e+01
   7.7796100e+05   2.0000000e+01
   7.7800100e+05   2.0000000e+01
   8.4110200e+05   2.0000000e+01
   8.4120100e+05   2.1000000e+01
   8.4122600e+05   5.5000000e+01
   8.4166300e+05   2.0000000e+01
   8.4184500e+05   2.2000000e+01
   8.4191100e+05   2.0000000e+01
   8.4201700e+05   4.4000000e+01
   8.4209800e+05   2.9000000e+01
   8.4221600e+05   2.3000000e+01
   8.4228200e+05   2.4000000e+01
   8.4249400e+05   4.8000000e+01
   8.4252200e+05   3.2000000e+01
   8.4262400e+05   2.1000000e+01
   8.4284800e+05   2.6000000e+01
   8.4299200e+05   2.0000000e+01
   8.4308500e+05   2.2000000e+01
   8.4335700e+05   2.3000000e+01
   8.4365300e+05   4.4000000e+01
   8.4368900e+05   2.5000000e+01
   8.4374500e+05   2.0000000e+01
   8.4490300e+05   2.2000000e+01
   8.8847300e+05   2.2000000e+01
   8.8869000e+05   2.0000000e+01
   8.8886700e+05   2.6000000e+01
   8.8889400e+05   2.9000000e+01
   8.8902100e+05   2.4000000e+01
   8.8928100e+05   2.0000000e+01
   8.8944800e+05   2.2000000e+01
   8.8979300e+05   2.1000000e+01
   8.8983900e+05   2.6000000e+01
   8.9007500e+05   2.0000000e+01
   8.9011900e+05   2.2000000e+01
   8.9020900e+05   2.0000000e+01
   8.9026100e+05   2.0000000e+01
   8.9042900e+05   2.0000000e+01
   8.9058800e+05   2.6000000e+01
   8.9065900e+05   2.0000000e+01
   8.9080800e+05   2.4000000e+01
   8.9131000e+05   2.1000000e+01
   8.9150800e+05   2.1000000e+01
   8.9183100e+05   2.0000000e+01
   8.9263200e+05   2.1000000e+01
   8.9270900e+05   2.2000000e+01
   8.9307000e+05   2.0000000e+01
   8.9316000e+05   2.2000000e+01
   8.9325600e+05   2.5000000e+01
   8.9439200e+05   2.2000000e+01
   1.0192980e+06   2.1000000e+01
   1.0193840e+06   2.1000000e+01
   1.0194550e+06   2.3000000e+01
   1.0196660e+06   4.6000000e+01
   1.0198900e+06   2.2000000e+01
   1.0199790e+06   2.1000000e+01
   1.0202480e+06   2.2000000e+01
   1.0203120e+06   2.3000000e+01
   1.0204620e+06   2.3000000e+01
   1.0205590e+06   2.3000000e+01
   1.0209710e+06   2.4000000e+01
   1.0211350e+06   2.5000000e+01
   1.0211710e+06   2.7000000e+01
   1.0212500e+06   3.3000000e+01
   1.0212900e+06   2.7000000e+01
   1.0214610e+06   2.0000000e+01
   1.0216030e+06   2.4000000e+01
   1.0217030e+06   2.1000000e+01
   1.0217550e+06   2.8000000e+01
   1.0218010e+06   2.3000000e+01
   1.0218660e+06   3.0000000e+01
   1.0219290e+06   2.1000000e+01
   1.0219790e+06   2.3000000e+01
   1.0221610e+06   2.0000000e+01
   1.0221890e+06   2.5000000e+01
   1.0222370e+06   2.0000000e+01
   1.0223380e+06   3.3000000e+01
   1.0224730e+06   2.3000000e+01
   1.0224980e+06   2.1000000e+01
   1.0226050e+06   2.0000000e+01
   1.0229810e+06   2.5000000e+01
   1.0230480e+06   2.6000000e+01
   1.0231960e+06   2.1000000e+01
   1.0233090e+06   2.0000000e+01
   1.0234980e+06   2.0000000e+01
   1.0249660e+06   2.0000000e+01
   1.0893440e+06   4.4000000e+01
   1.0893720e+06   2.4000000e+01
   1.0926830e+06   5.7000000e+01
   1.0927170e+06   3.1000000e+01
   1.0931430e+06   2.0000000e+01
   1.0933780e+06   2.0000000e+01
   1.0934930e+06   2.3000000e+01
   1.0935600e+06   2.0000000e+01
   1.0936940e+06   2.5000000e+01
   1.0937800e+06   2.3000000e+01
   1.0939760e+06   2.1000000e+01
   1.0940490e+06   2.1000000e+01
   1.0941020e+06   2.1000000e+01
   1.0941670e+06   2.1000000e+01
   1.0942080e+06   2.0000000e+01
   1.0944030e+06   2.1000000e+01
   1.0945430e+06   2.7000000e+01
   1.0945770e+06   2.7000000e+01
   1.0946610e+06   2.1000000e+01
   1.0947140e+06   5.2000000e+01
   1.0947400e+06   2.5000000e+01
   1.0951400e+06   2.1000000e+01
   1.0952910e+06   2.4000000e+01
   1.0954790e+06   2.1000000e+01
   1.0957070e+06   2.1000000e+01
   1.0964080e+06   2.7000000e+01
   1.0964390e+06   2.0000000e+01
   1.0964830e+06   2.8000000e+01
   1.1401180e+06   2.1000000e+01
   1.2359260e+06   4.8000000e+01
   1.2359540e+06   2.5000000e+01
   1.2364500e+06   2.0000000e+01
   1.2364950e+06   2.1000000e+01
   1.2365590e+06   2.0000000e+01
   1.2367550e+06   2.1000000e+01
   1.2368500e+06   2.0000000e+01
   1.2370110e+06   2.3000000e+01
   1.2370860e+06   4.0000000e+01
   1.2372140e+06   2.3000000e+01
   1.2374080e+06   2.1000000e+01
   1.2377200e+06   2.0000000e+01
   1.2377800e+06   2.4000000e+01
   1.2378130e+06   2.5000000e+01
   1.2378680e+06   2.0000000e+01
   1.2379260e+06   2.9000000e+01
   1.2381470e+06   2.0000000e+01
   1.2382200e+06   2.4000000e+01
   1.2382850e+06   3.1000000e+01
   1.2383670e+06   4.0000000e+01
   1.2385040e+06   2.0000000e+01
   1.2385820e+06   3.3000000e+01
   1.2386470e+06   4.1000000e+01
   1.2386780e+06   2.5000000e+01
   1.2387500e+06   2.1000000e+01
   1.2387950e+06   2.0000000e+01
   1.2388800e+06   2.2000000e+01
   1.2390010e+06   2.4000000e+01
   1.2390340e+06   2.2000000e+01
   1.2391180e+06   2.4000000e+01
   1.2391640e+06   2.2000000e+01
   1.2392550e+06   3.0000000e+01
   1.2392810e+06   2.3000000e+01
   1.2395440e+06   3.0000000e+01
   1.2396140e+06   3.5000000e+01
   1.2397200e+06   5.2000000e+01
   1.2397660e+06   4.3000000e+01
   1.2398480e+06   2.1000000e+01
   1.2398930e+06   2.8000000e+01
   1.2399510e+06   2.1000000e+01
   1.2400940e+06   2.3000000e+01
   1.2401330e+06   2.2000000e+01
   1.2402050e+06   2.0000000e+01
   1.2403360e+06   2.3000000e+01
   1.2403710e+06   2.0000000e+01
   1.2405040e+06   2.1000000e+01
   1.2407560e+06   2.0000000e+01
   1.2409000e+06   2.4000000e+01
   1.2410580e+06   2.2000000e+01
   1.2412580e+06   2.2000000e+01
   1.2412940e+06   2.2000000e+01
   1.2413960e+06   2.0000000e+01
   1.2417870e+06   2.2000000e+01
   1.2421560e+06   2.1000000e+01
   1.2423950e+06   2.5000000e+01
   1.2431140e+06   2.0000000e+01
   1.3407600e+06   2.2000000e+01
   1.3427970e+06   2.0000000e+01
   1.3429470e+06   2.4000000e+01
   1.3449400e+06   2.2000000e+01
   1.3455510e+06   2.2000000e+01
   1.4726210e+06   2.0000000e+01
   1.4731170e+06   2.0000000e+01
   1.4734860e+06   2.0000000e+01
   1.4751230e+06   2.3000000e+01
   1.4807850e+06   2.1000000e+01
   1.4810530e+06   2.0000000e+01
   1.4812950e+06   2.2000000e+01
   1.4815430e+06   2.1000000e+01
   1.4816830e+06   2.7000000e+01
   1.4817390e+06   2.0000000e+01
   1.4820490e+06   2.1000000e+01
   1.4823780e+06   2.0000000e+01
   1.4824030e+06   2.5000000e+01
   1.4825750e+06   2.1000000e+01
   1.4826960e+06   2.0000000e+01
   1.4827270e+06   7.1000000e+01
   1.4827630e+06   2.3000000e+01
   1.4838500e+06   2.1000000e+01
   1.4839870e+06   2.2000000e+01
   1.4840170e+06   2.0000000e+01
   1.4840840e+06   2.1000000e+01
   1.4844230e+06   2.3000000e+01
   1.4846970e+06   2.2000000e+01
   1.4847520e+06   2.3000000e+01
   1.4848150e+06   2.3000000e+01
   1.4848840e+06   2.1000000e+01
   1.4849380e+06   2.2000000e+01
   1.4851000e+06   2.0000000e+01
   1.4851920e+06   2.3000000e+01
   1.4852570e+06   3.5000000e+01
   1.4854570e+06   2.0000000e+01
   1.4856220e+06   2.0000000e+01
   1.4860850e+06   2.0000000e+01
   1.5593590e+06   5.0000000e+01
   1.5593930e+06   2.6000000e+01
   1.5594840e+06   2.1000000e+01
   1.5597450e+06   2.1000000e+01
   1.5629390e+06   4.2000000e+01
   1.6756830e+06   2.3000000e+01
   1.6757140e+06   2.0000000e+01
   1.6765390e+06   2.3000000e+01
   1.6770850e+06   2.2000000e+01
   1.6772880e+06   2.0000000e+01
   1.6779240e+06   2.7000000e+01
   1.6779620e+06   2.4000000e+01
   1.6780970e+06   2.0000000e+01
   1.6784270e+06   2.2000000e+01
   1.6785730e+06   2.2000000e+01
   1.6786780e+06   2.1000000e+01
   1.6787520e+06   2.0000000e+01
   1.6789680e+06   2.1000000e+01
   1.6808510e+06   2.0000000e+01
   1.6840770e+06   2.0000000e+01
   1.6843280e+06   2.1000000e+01
   1.6844970e+06   2.1000000e+01
   1.6848490e+06   2.0000000e+01
   1.6851210e+06   2.0000000e+01
   1.6858660e+06   2.0000000e+01
   1.7471730e+06   2.0000000e+01
   1.7474240e+06   2.1000000e+01
   1.7476890e+06   5.1000000e+01
   1.7500370e+06   2.0000000e+01
   1.7502000e+06   2.0000000e+01
   1.7505660e+06   2.1000000e+01
   1.7509570e+06   2.0000000e+01
   1.7510690e+06   2.4000000e+01
   1.7529290e+06   2.1000000e+01
   1.7534830e+06   2.4000000e+01
   1.8432820e+06   2.2000000e+01
   1.8437480e+06   2.0000000e+01
   1.8437790e+06   2.0000000e+01
   1.8442060e+06   2.0000000e+01
   1.8443620e+06   2.3000000e+01
   1.8443920e+06   2.3000000e+01
   1.8444820e+06   2.4000000e+01
   1.8448470e+06   2.2000000e+01
   1.8451140e+06   2.0000000e+01
   1.8452090e+06   2.3000000e+01
   1.8454530e+06   2.1000000e+01
   1.8455230e+06   2.1000000e+01
   1.8455530e+06   2.0000000e+01
   1.8456110e+06   4.9000000e+01
   1.8456650e+06   2.5000000e+01
   1.8457530e+06   2.1000000e+01
   1.8458070e+06   2.2000000e+01
   1.8458720e+06   2.3000000e+01
   1.8459960e+06   4.3000000e+01
   1.8460220e+06   2.1000000e+01
   1.8460900e+06   2.1000000e+01
   1.8463670e+06   2.3000000e+01
   1.8464680e+06   2.3000000e+01
   1.8466090e+06   2.8000000e+01
   1.8467810e+06   2.1000000e+01
   1.8469580e+06   2.0000000e+01
   1.8473250e+06   2.0000000e+01
   1.8477220e+06   2.1000000e+01
   1.8477870e+06   2.1000000e+01
   1.8950170e+06   2.0000000e+01
   1.8953790e+06   2.0000000e+01
   1.8961980e+06   2.1000000e+01
   1.8962590e+06   2.0000000e+01
   1.8963080e+06   2.0000000e+01
   1.8973170e+06   2.0000000e+01
   1.8980660e+06   2.0000000e+01
   1.8984960e+06   2.1000000e+01
   1.8990030e+06   2.0000000e+01
   1.8991660e+06   2.0000000e+01
   1.8993520e+06   2.0000000e+01
   1.8996210e+06   2.0000000e+01
   1.8997910e+06   2.1000000e+01
   1.9512770e+06   2.2000000e+01
   1.9588430e+06   2.0000000e+01
   1.9602320e+06   2.1000000e+01
   1.9631940e+06   2.7000000e+01
   1.9633030e+06   2.0000000e+01
   1.9635530e+06   2.1000000e+01
   1.9636460e+06   2.4000000e+01
   1.9637200e+06   2.0000000e+01
   1.9638600e+06   2.1000000e+01
   1.9639560e+06   2.1000000e+01
   1.9641270e+06   2.4000000e+01
   1.9641590e+06   2.2000000e+01
   1.9642510e+06   3.2000000e+01
   1.9643970e+06   2.3000000e+01
   1.9644550e+06   2.2000000e+01
   1.9647270e+06   2.3000000e+01
   1.9651180e+06   2.0000000e+01
   1.9651800e+06   2.5000000e+01
   1.9653390e+06   2.0000000e+01
   1.9655050e+06   2.0000000e+01
   1.9657460e+06   2.0000000e+01
   1.9660290e+06   2.3000000e+01
   1.9663560e+06   4.7000000e+01
   1.9663880e+06   2.2000000e+01
   1.9664470e+06   2.0000000e+01
   1.9665920e+06   2.0000000e+01
   1.9668900e+06   2.3000000e+01
   1.9677630e+06   4.3000000e+01
   1.9677950e+06   2.0000000e+01
   2.0280620e+06   2.0000000e+01
   2.0419980e+06   2.1000000e+01
   2.0422530e+06   2.2000000e+01
   2.0425070e+06   2.1000000e+01
   2.0426030e+06   2.1000000e+01
   2.0429020e+06   2.1000000e+01
   2.0429590e+06   2.2000000e+01
   2.0430460e+06   2.0000000e+01
   2.0431270e+06   2.1000000e+01
   2.0432030e+06   2.3000000e+01
   2.0432530e+06   5.3000000e+01
   2.0433270e+06   2.6000000e+01
   2.0433960e+06   2.8000000e+01
   2.0434400e+06   2.3000000e+01
   2.0434850e+06   2.2000000e+01
   2.0436270e+06   2.3000000e+01
   2.0438030e+06   2.2000000e+01
   2.0439250e+06   2.6000000e+01
   2.0439710e+06   2.8000000e+01
   2.0441200e+06   2.0000000e+01
   2.0442140e+06   2.0000000e+01
   2.0443080e+06   2.0000000e+01
   2.0444070e+06   2.2000000e+01
   2.0444740e+06   2.2000000e+01
   2.0445750e+06   2.1000000e+01
   2.0446630e+06   2.3000000e+01
   2.0447880e+06   2.2000000e+01
   2.0449070e+06   2.0000000e+01
   2.0450580e+06   2.3000000e+01
   2.0450880e+06   2.1000000e+01
   2.0453580e+06   2.3000000e+01
   2.0464690e+06   2.1000000e+01
   2.1146610e+06   2.0000000e+01
   2.1148150e+06   2.1000000e+01
   2.1149270e+06   2.3000000e+01
   2.1150850e+06   2.5000000e+01
   2.1151570e+06   2.6000000e+01
   2.1153900e+06   2.2000000e+01
   2.1154490e+06   2.7000000e+01
   2.1155620e+06   2.4000000e+01
   2.1156720e+06   2.1000000e+01
   2.1158680e+06   2.2000000e+01
   2.1160290e+06   2.0000000e+01
   2.1161410e+06   2.0000000e+01
   2.1164190e+06   2.0000000e+01
   2.1165060e+06   3.8000000e+01
   2.1165420e+06   3.5000000e+01
   2.1166110e+06   2.2000000e+01
   2.1167870e+06   2.0000000e+01
   2.1168640e+06   2.6000000e+01
   2.1168990e+06   2.3000000e+01
   2.1169910e+06   2.0000000e+01
   2.1171390e+06   2.1000000e+01
   2.1172840e+06   2.1000000e+01
   2.1173900e+06   2.8000000e+01
   2.1175640e+06   2.3000000e+01
   2.1176870e+06   2.3000000e+01
   2.1178010e+06   2.9000000e+01
   2.1179170e+06   2.0000000e+01
   2.1183140e+06   2.2000000e+01
   2.1183660e+06   2.2000000e+01
   2.1184140e+06   2.7000000e+01
   2.1184530e+06   2.3000000e+01
   2.1184930e+06   2.0000000e+01
   2.1189580e+06   2.3000000e+01
   2.1190730e+06   2.0000000e+01
   2.1192130e+06   2.2000000e+01
   2.1194180e+06   2.0000000e+01
   2.1199480e+06   2.1000000e+01
   2.1206000e+06   2.0000000e+01
   2.1589830e+06   2.0000000e+01
   2.2332010e+06   4.6000000e+01
   2.2332300e+06   2.4000000e+01
   2.2337280e+06   2.3000000e+01
   2.2338260e+06   2.1000000e+01
   2.2338810e+06   2.1000000e+01
   2.2340100e+06   2.5000000e+01
   2.2341110e+06   2.1000000e+01
   2.2342040e+06   2.3000000e+01
   2.2342380e+06   3.0000000e+01
   2.2343240e+06   2.0000000e+01
   2.2347660e+06   2.2000000e+01
   2.2348370e+06   2.1000000e+01
   2.2348780e+06   2.0000000e+01
   2.2349540e+06   2.2000000e+01
   2.2352580e+06   2.0000000e+01
   2.2355060e+06   2.0000000e+01
   2.2360990e+06   2.2000000e+01
   2.2361910e+06   2.0000000e+01
   2.2370830e+06   2.0000000e+01
   2.3276610e+06   4.8000000e+01
   2.3276920e+06   2.6000000e+01
   2.3279470e+06   2.3000000e+01
   2.3280320e+06   2.0000000e+01
   2.3280730e+06   2.3000000e+01
   2.3281870e+06   2.2000000e+01
   2.3282530e+06   2.3000000e+01
   2.3283550e+06   2.1000000e+01
   2.3285780e+06   2.2000000e+01
   2.3294810e+06   2.1000000e+01
   2.3295280e+06   2.4000000e+01
   2.3297180e+06   2.1000000e+01
   2.3302620e+06   2.1000000e+01
   2.3303220e+06   2.1000000e+01
   2.3305090e+06   2.2000000e+01
   2.3308290e+06   2.2000000e+01
   2.3311260e+06   2.4000000e+01
   2.3311640e+06   2.2000000e+01
   2.3313150e+06   2.0000000e+01
   2.3314230e+06   2.0000000e+01
   2.3314970e+06   2.0000000e+01
   2.3316930e+06   2.9000000e+01
   2.3317810e+06   2.0000000e+01
   2.3318660e+06   3.0000000e+01
   2.3319290e+06   2.3000000e+01
   2.3320590e+06   2.0000000e+01
   2.3322240e+06   2.1000000e+01
   2.3324360e+06   2.5000000e+01
   2.3328670e+06   2.2000000e+01
   2.3332720e+06   2.0000000e+01
   2.4347790e+06   2.0000000e+01
   2.4352550e+06   2.0000000e+01
   2.4353810e+06   2.0000000e+01
   2.4357180e+06   2.0000000e+01
   2.4362310e+06   2.1000000e+01
   2.4364390e+06   4.3000000e+01
   2.4364730e+06   2.1000000e+01
   2.4372960e+06   2.1000000e+01
   2.4376530e+06   2.0000000e+01
   2.4377100e+06   2.2000000e+01
   2.4379310e+06   4.7000000e+01
   2.4379630e+06   3.0000000e+01
   2.4380870e+06   2.4000000e+01
   2.4381650e+06   2.0000000e+01
   2.4382380e+06   2.1000000e+01
   2.4382930e+06   2.0000000e+01
   2.4383500e+06   2.6000000e+01
   2.4383990e+06   2.0000000e+01
   2.4385680e+06   2.2000000e+01
   2.4385970e+06   2.6000000e+01
   2.4387180e+06   2.3000000e+01
   2.4387550e+06   2.7000000e+01
   2.4388020e+06   2.3000000e+01
   2.4389920e+06   2.1000000e+01
   2.4390330e+06   2.0000000e+01
   2.4391070e+06   5.2000000e+01
   2.4391440e+06   2.0000000e+01
   2.4392070e+06   2.1000000e+01
   2.4394060e+06   2.0000000e+01
   2.4394750e+06   2.9000000e+01
   2.4396000e+06   2.1000000e+01
   2.4397410e+06   2.5000000e+01
   2.4397940e+06   2.7000000e+01
   2.4398790e+06   2.0000000e+01
   2.4399290e+06   3.2000000e+01
   2.4399590e+06   2.1000000e+01
   2.4401190e+06   2.1000000e+01
   2.4402010e+06   2.0000000e+01
   2.4403170e+06   2.2000000e+01
   2.4403710e+06   2.1000000e+01
   2.4404270e+06   2.7000000e+01
   2.4404700e+06   2.0000000e+01
   2.4405970e+06   2.6000000e+01
   2.4406460e+06   2.8000000e+01
   2.4406800e+06   2.1000000e+01
   2.4410300e+06   2.1000000e+01
   2.4412010e+06   2.2000000e+01
   2.4412770e+06   2.0000000e+01
   2.4413790e+06   2.1000000e+01
   2.4414250e+06   2.7000000e+01
   2.4415770e+06   2.0000000e+01
   2.4416230e+06   2.6000000e+01
   2.4416720e+06   2.2000000e+01
   2.4418950e+06   2.2000000e+01
   2.4434320e+06   2.4000000e+01
   2.4827040e+06   2.3000000e+01
   2.4836190e+06   2.0000000e+01
   2.4837930e+06   2.2000000e+01
   2.4856620e+06   2.0000000e+01
   2.4858270e+06   2.0000000e+01
   2.4860420e+06   2.0000000e+01
   2.4868150e+06   2.1000000e+01
   2.6187520e+06   2.0000000e+01
   2.6199290e+06   2.0000000e+01
   2.6216080e+06   2.0000000e+01
   2.6221980e+06   2.0000000e+01
   2.6236410e+06   2.1000000e+01
   2.6236990e+06   2.3000000e+01
   2.6238910e+06   2.3000000e+01
   2.6242650e+06   2.1000000e+01
   2.6772690e+06   2.1000000e+01
   2.6820960e+06   2.0000000e+01
   2.6821270e+06   2.3000000e+01
   2.7103820e+06   2.0000000e+01
   2.7134250e+06   2.1000000e+01
   2.7136040e+06   2.2000000e+01
   2.7138120e+06   2.1000000e+01
   2.7142530e+06   2.0000000e+01
   2.7151080e+06   2.1000000e+01
   2.7788690e+06   2.0000000e+01
   2.7800610e+06   2.1000000e+01
   2.7803840e+06   2.0000000e+01
   2.7842520e+06   2.3000000e+01
   2.7843600e+06   2.3000000e+01
   2.7861160e+06   2.0000000e+01
   2.8036340e+06   2.4000000e+01
   2.8542030e+06   2.1000000e+01
   2.8560840e+06   2.3000000e+01
   2.8562030e+06   2.3000000e+01
   2.8562870e+06   2.0000000e+01
   2.8564090e+06   2.1000000e+01
   2.8564730e+06   2.0000000e+01
   2.8566830e+06   2.2000000e+01
   2.8567130e+06   2.3000000e+01
   2.8570010e+06   2.5000000e+01
   2.9412110e+06   2.0000000e+01
   2.9413480e+06   2.0000000e+01
   2.9421050e+06   4.6000000e+01
   2.9421400e+06   2.0000000e+01
   2.9429330e+06   2.1000000e+01
   2.9431510e+06   2.2000000e+01
   2.9432430e+06   2.7000000e+01
   2.9434070e+06   2.2000000e+01
   2.9435780e+06   2.8000000e+01
   2.9437210e+06   2.5000000e+01
   2.9437510e+06   2.1000000e+01
   2.9438540e+06   2.1000000e+01
   2.9440020e+06   2.6000000e+01
   2.9440700e+06   3.2000000e+01
   2.9440980e+06   3.2000000e+01
   2.9442180e+06   2.2000000e+01
   2.9443360e+06   2.5000000e+01
   2.9443660e+06   2.3000000e+01
   2.9444410e+06   2.0000000e+01
   2.9444780e+06   2.8000000e+01
   2.9445900e+06   2.2000000e+01
   2.9446180e+06   4.4000000e+01
   2.9446470e+06   2.9000000e+01
   2.9448220e+06   3.3000000e+01
   2.9448810e+06   2.1000000e+01
   2.9449380e+06   2.2000000e+01
   2.9450490e+06   2.1000000e+01
   2.9450790e+06   2.1000000e+01
   2.9451390e+06   2.2000000e+01
   2.9452110e+06   2.3000000e+01
   2.9454780e+06   2.0000000e+01
   2.9455260e+06   2.3000000e+01
   2.9455930e+06   2.5000000e+01
   2.9458710e+06   2.2000000e+01
   2.9459990e+06   2.0000000e+01
   2.9460560e+06   2.3000000e+01
   2.9463130e+06   2.0000000e+01
   2.9463960e+06   2.0000000e+01
   3.0431200e+06   2.0000000e+01
   3.0617250e+06   2.0000000e+01
   3.0618560e+06   2.0000000e+01
   3.0619870e+06   2.0000000e+01
   3.0621090e+06   2.0000000e+01
   3.0622690e+06   4.8000000e+01
   3.0622940e+06   3.3000000e+01
   3.0628580e+06   2.0000000e+01
   3.0629410e+06   2.1000000e+01
   3.0630250e+06   2.2000000e+01
   3.0631820e+06   2.6000000e+01
   3.0633530e+06   2.1000000e+01
   3.0635290e+06   2.0000000e+01
   3.0637010e+06   2.4000000e+01
   3.0638860e+06   2.0000000e+01
   3.0640770e+06   2.3000000e+01
   3.0641200e+06   2.1000000e+01
   3.0643600e+06   2.0000000e+01
   3.0649260e+06   2.1000000e+01
   3.0650780e+06   2.0000000e+01
   3.0654070e+06   2.4000000e+01
   3.0654610e+06   2.1000000e+01
   3.0655500e+06   2.0000000e+01
   3.0656200e+06   2.1000000e+01
   3.0656560e+06   2.2000000e+01
   3.0658970e+06   2.0000000e+01
   3.0662340e+06   2.3000000e+01
   3.0674360e+06   4.2000000e+01
   3.1477940e+06   2.5000000e+01
   3.1488760e+06   2.0000000e+01
   3.1490390e+06   2.1000000e+01
   3.1729150e+06   2.0000000e+01
   3.1729500e+06   2.2000000e+01
   3.1732350e+06   2.2000000e+01
   3.1733780e+06   2.0000000e+01
   3.1734790e+06   2.0000000e+01
   3.1736190e+06   2.2000000e+01
   3.1759040e+06   2.1000000e+01
   3.1759840e+06   2.0000000e+01
   3.1760140e+06   2.2000000e+01
   3.1762510e+06   2.0000000e+01
   3.1763400e+06   2.2000000e+01
   3.1765110e+06   4.6000000e+01
   3.1765430e+06   2.8000000e+01
   3.1765960e+06   2.0000000e+01
   3.1767800e+06   2.1000000e+01
   3.1768440e+06   2.2000000e+01
   3.1770260e+06   2.2000000e+01
   3.1778000e+06   2.0000000e+01
   3.1779720e+06   2.0000000e+01
   3.1781150e+06   2.1000000e+01
   3.1783790e+06   2.0000000e+01
   3.1785640e+06   2.7000000e+01
   3.1792160e+06   2.1000000e+01
   3.2325790e+06   2.1000000e+01
   3.2332060e+06   2.1000000e+01
   3.2340480e+06   5.3000000e+01
   3.2340990e+06   2.4000000e+01
   3.2341900e+06   2.2000000e+01
   3.2344750e+06   2.0000000e+01
   3.2345860e+06   2.3000000e+01
   3.2347950e+06   2.3000000e+01
   3.2348770e+06   2.0000000e+01
   3.2349410e+06   2.0000000e+01
   3.2351830e+06   2.1000000e+01
   3.2353290e+06   2.0000000e+01
   3.2354660e+06   2.5000000e+01
   3.2355000e+06   2.9000000e+01
   3.2355550e+06   2.5000000e+01
   3.2357490e+06   2.0000000e+01
   3.2359620e+06   2.6000000e+01
   3.2360640e+06   2.0000000e+01
   3.2363030e+06   2.0000000e+01
   3.2370190e+06   2.0000000e+01
   3.2371260e+06   2.0000000e+01
   3.3106280e+06   2.0000000e+01
   3.3107120e+06   2.2000000e+01
   3.3107560e+06   2.2000000e+01
   3.3108590e+06   2.0000000e+01
   3.3110580e+06   2.4000000e+01
   3.3112390e+06   2.0000000e+01
   3.3113810e+06   2.2000000e+01
   3.3115290e+06   2.2000000e+01
   3.3116560e+06   2.1000000e+01
   3.3118060e+06   2.0000000e+01
   3.3120290e+06   2.1000000e+01
   3.3123830e+06   2.6000000e+01
   3.3437150e+06   2.1000000e+01
   3.4177190e+06   2.3000000e+01
   3.4277520e+06   2.2000000e+01
   3.4342500e+06   2.0000000e+01
   3.4342840e+06   2.0000000e+01
   3.4345670e+06   2.1000000e+01
   3.4349440e+06   2.0000000e+01
   3.4350400e+06   2.2000000e+01
   3.4351360e+06   2.1000000e+01
   3.4353450e+06   2.0000000e+01
   3.4355430e+06   2.1000000e+01
   3.4356290e+06   2.3000000e+01
   3.4357960e+06   2.5000000e+01
   3.4359240e+06   2.0000000e+01
   3.4363330e+06   2.2000000e+01
   3.4364310e+06   2.8000000e+01
   3.4364870e+06   2.1000000e+01
   3.4368390e+06   2.2000000e+01
   3.4369200e+06   2.0000000e+01
   3.4371000e+06   2.3000000e+01
   3.4376980e+06   2.1000000e+01
   3.4378310e+06   2.5000000e+01
   3.4379020e+06   2.0000000e+01
   3.5199680e+06   2.0000000e+01
   3.5204250e+06   2.1000000e+01
   3.5206070e+06   2.0000000e+01
   3.5207760e+06   2.6000000e+01
   3.5209000e+06   2.0000000e+01
   3.5209910e+06   2.1000000e+01
   3.5212570e+06   2.3000000e+01
   3.5213480e+06   2.0000000e+01
   3.5213900e+06   2.0000000e+01
   3.5759950e+06   2.1000000e+01
   3.5761030e+06   2.0000000e+01
   3.5763200e+06   2.1000000e+01
   3.5764100e+06   2.0000000e+01
   3.5764560e+06   2.4000000e+01
   3.5765000e+06   2.8000000e+01
   3.5765410e+06   4.2000000e+01
   3.5765980e+06   2.2000000e+01
   3.5766270e+06   2.0000000e+01
   3.5766730e+06   2.1000000e+01
   3.5767230e+06   2.1000000e+01
   3.5768560e+06   2.2000000e+01
   3.5770080e+06   2.4000000e+01
   3.5771270e+06   2.4000000e+01
   3.5771710e+06   2.0000000e+01
   3.5772040e+06   2.0000000e+01
   3.5773390e+06   2.1000000e+01
   3.5777430e+06   4.7000000e+01
   3.5777850e+06   3.9000000e+01
   3.5781720e+06   2.2000000e+01
   3.5782000e+06   2.1000000e+01
   3.5783710e+06   4.9000000e+01
   3.5784100e+06   2.1000000e+01
   3.5785860e+06   2.0000000e+01
   3.6524390e+06   2.0000000e+01
   3.7048710e+06   2.2000000e+01
   3.7052470e+06   2.0000000e+01
   3.7057840e+06   2.4000000e+01
   3.7069590e+06   2.0000000e+01
   3.7071240e+06   2.0000000e+01
   3.7371820e+06   2.0000000e+01
   3.7626770e+06   4.7000000e+01
   3.7627030e+06   2.8000000e+01
   3.7628550e+06   2.0000000e+01
   3.7629500e+06   2.1000000e+01
   3.7631660e+06   2.0000000e+01
   3.7634250e+06   2.0000000e+01
   3.7642870e+06   2.2000000e+01
   3.7643240e+06   6.7000000e+01
   3.7645140e+06   2.2000000e+01
   3.7649880e+06   2.2000000e+01
   3.7650720e+06   2.1000000e+01
   3.7651400e+06   4.1000000e+01
   3.7651670e+06   2.5000000e+01
   3.7658200e+06   2.1000000e+01
   3.7659030e+06   2.5000000e+01
   3.7664990e+06   4.1000000e+01
   3.7665380e+06   2.1000000e+01
   3.7667610e+06   2.4000000e+01
   3.7670040e+06   2.1000000e+01
   3.7671520e+06   2.4000000e+01
   3.7673990e+06   2.1000000e+01
   3.7674810e+06   2.5000000e+01
   3.7675670e+06   2.4000000e+01
   3.7676600e+06   2.1000000e+01
   3.7677310e+06   2.5000000e+01
   3.7677930e+06   2.1000000e+01
   3.7678810e+06   2.1000000e+01
   3.7680780e+06   2.0000000e+01
   3.7682210e+06   2.3000000e+01
   3.7683690e+06   2.0000000e+01
   3.7684670e+06   2.4000000e+01
   3.7686640e+06   2.1000000e+01
   3.7688190e+06   2.1000000e+01
   3.7693190e+06   2.1000000e+01
   3.7696880e+06   2.0000000e+01
   3.7699080e+06   2.0000000e+01
   3.8452970e+06   2.2000000e+01
   3.8453830e+06   2.0000000e+01
   3.8462820e+06   2.0000000e+01
   3.8514590e+06   2.0000000e+01
   3.8515230e+06   2.0000000e+01
   3.9193650e+06   4.8000000e+01
   3.9193910e+06   2.8000000e+01
   3.9203490e+06   2.0000000e+01
   3.9207270e+06   2.3000000e+01
   3.9208140e+06   2.1000000e+01
   3.9217210e+06   2.0000000e+01
   3.9220750e+06   2.1000000e+01
   3.9223160e+06   2.0000000e+01
   3.9652070e+06   2.0000000e+01
   3.9654080e+06   2.0000000e+01
   3.9656640e+06   2.1000000e+01
   3.9657290e+06   2.1000000e+01
   3.9663330e+06   2.5000000e+01
   3.9663930e+06   2.3000000e+01
   3.9667480e+06   2.1000000e+01
   3.9856010e+06   2.0000000e+01
   3.9881440e+06   2.0000000e+01
   4.0063970e+06   2.1000000e+01
   4.0616420e+06   2.0000000e+01
   4.0620180e+06   2.0000000e+01
   4.0621730e+06   2.1000000e+01
   4.0625290e+06   2.2000000e+01
   4.0625610e+06   2.0000000e+01
   4.0626720e+06   2.0000000e+01
   4.0628350e+06   2.1000000e+01
   4.0629280e+06   2.1000000e+01
   4.0630270e+06   2.1000000e+01
   4.0633360e+06   2.1000000e+01
   4.0634950e+06   2.0000000e+01
   4.0636310e+06   4.5000000e+01
   4.0636600e+06   3.3000000e+01
   4.0637150e+06   2.0000000e+01
   4.0638920e+06   2.2000000e+01
   4.0640610e+06   2.0000000e+01
   4.0641970e+06   4.7000000e+01
   4.0642750e+06   2.0000000e+01
   4.0648320e+06   2.3000000e+01
   4.0653080e+06   2.0000000e+01
   4.0653900e+06   2.0000000e+01
   4.0737230e+06   2.2000000e+01
   4.1118310e+06   2.0000000e+01
   4.1123670e+06   2.4000000e+01
   4.1128150e+06   2.0000000e+01
   4.1132760e+06   2.0000000e+01
   4.1645200e+06   2.4000000e+01
   4.1650200e+06   2.1000000e+01
   4.1651600e+06   2.1000000e+01
   4.1652630e+06   2.4000000e+01
   4.1654470e+06   2.1000000e+01
   4.1656290e+06   2.5000000e+01
   4.1657170e+06   2.0000000e+01
   4.1657910e+06   2.3000000e+01
   4.1658460e+06   2.4000000e+01
   4.1659520e+06   2.0000000e+01
   4.1664030e+06   2.1000000e+01
   4.1665410e+06   2.0000000e+01
   4.1666890e+06   2.3000000e+01
   4.1670750e+06   2.2000000e+01
   4.1681870e+06   2.1000000e+01
   4.1692720e+06   2.2000000e+01
   4.1697110e+06   2.1000000e+01
   4.1710850e+06   2.1000000e+01
   4.1713930e+06   2.1000000e+01
   4.1714620e+06   2.0000000e+01
   4.1721170e+06   2.4000000e+01
   4.1722030e+06   2.1000000e+01
   4.1724460e+06   2.2000000e+01
   4.1725680e+06   2.1000000e+01
   4.1729210e+06   2.0000000e+01
   4.1729930e+06   2.5000000e+01
   4.1731830e+06   2.3000000e+01
   4.1733330e+06   2.5000000e+01
   4.1737830e+06   2.3000000e+01
   4.1739350e+06   2.2000000e+01
   4.1739960e+06   2.0000000e+01
   4.1741260e+06   2.0000000e+01
   4.1741820e+06   2.3000000e+01
   4.1747220e+06   2.6000000e+01
   4.1747820e+06   2.1000000e+01
   4.1748160e+06   2.5000000e+01
   4.1757140e+06   2.0000000e+01
   4.2944410e+06   2.0000000e+01
   4.2956690e+06   2.1000000e+01
   4.2958020e+06   4.7000000e+01
   4.2958340e+06   2.1000000e+01
   4.2969070e+06   2.0000000e+01
   4.2969720e+06   2.0000000e+01
   4.2981040e+06   2.2000000e+01
   4.2985880e+06   2.1000000e+01
   4.2986150e+06   2.1000000e+01
   4.2991380e+06   2.0000000e+01
   4.2993970e+06   2.2000000e+01
   4.2997160e+06   2.2000000e+01
   4.2998840e+06   2.2000000e+01
   4.3002010e+06   2.2000000e+01
   4.3004500e+06   2.0000000e+01
   4.3006230e+06   2.6000000e+01
   4.3008490e+06   2.1000000e+01
   4.3010360e+06   2.1000000e+01
   4.3012310e+06   2.2000000e+01
   4.3016030e+06   2.2000000e+01
   4.3017550e+06   2.1000000e+01
   4.3022950e+06   2.0000000e+01
   4.3443400e+06   2.3000000e+01
   4.3449710e+06   2.0000000e+01
   4.4016780e+06   2.1000000e+01
   4.4066550e+06   2.1000000e+01
   4.4067440e+06   2.7000000e+01
   4.4080660e+06   4.3000000e+01
   4.4080940e+06   2.4000000e+01
   4.4088900e+06   2.2000000e+01
   4.4089540e+06   2.1000000e+01
   4.4095660e+06   2.1000000e+01
   4.4101290e+06   2.0000000e+01
   4.5213650e+06   2.0000000e+01
   4.5214210e+06   4.6000000e+01
   4.5214530e+06   2.9000000e+01
   4.5216810e+06   2.0000000e+01
   4.5217500e+06   4.9000000e+01
   4.5217850e+06   2.2000000e+01
   4.5228070e+06   2.1000000e+01
   4.5228960e+06   2.0000000e+01
   4.5229520e+06   2.0000000e+01
   4.5230600e+06   2.1000000e+01
   4.5233880e+06   2.2000000e+01
   4.5235450e+06   2.0000000e+01
   4.5238440e+06   2.1000000e+01
   4.5241190e+06   2.1000000e+01
   4.5241960e+06   4.8000000e+01
   4.5247250e+06   2.0000000e+01
   4.5250210e+06   4.3000000e+01
   4.5251390e+06   2.1000000e+01
   4.6300100e+06   2.2000000e+01
   4.6301540e+06   2.1000000e+01
   4.6301880e+06   2.1000000e+01
   4.6303110e+06   2.0000000e+01
   4.6330730e+06   5.5000000e+01
   4.7140670e+06   2.0000000e+01
   4.7503180e+06   2.1000000e+01
   4.7504570e+06   2.2000000e+01
   4.7505250e+06   4.8000000e+01
   4.7508240e+06   2.0000000e+01
   4.7511410e+06   2.0000000e+01
   4.7518490e+06   2.2000000e+01
   4.7519160e+06   2.0000000e+01
   4.7523470e+06   2.3000000e+01
   4.7524510e+06   2.0000000e+01
   4.7525280e+06   2.1000000e+01
   4.7527580e+06   2.0000000e+01
   4.7530000e+06   2.0000000e+01
   4.7531070e+06   2.0000000e+01
   4.7535100e+06   2.0000000e+01
   4.8196270e+06   2.0000000e+01
   4.8201470e+06   2.0000000e+01
   4.8216340e+06   4.4000000e+01
   4.8223660e+06   2.3000000e+01
   4.8224850e+06   2.1000000e+01
   4.8225240e+06   2.1000000e+01
   4.8225870e+06   2.0000000e+01
   4.8226390e+06   2.0000000e+01
   4.8227330e+06   2.2000000e+01
   4.8229190e+06   2.0000000e+01
   4.8229440e+06   2.1000000e+01
   4.8230970e+06   2.2000000e+01
   4.8232240e+06   2.0000000e+01
   4.8232810e+06   2.1000000e+01
   4.8234430e+06   2.3000000e+01
   4.8234810e+06   2.2000000e+01
   4.8236640e+06   2.2000000e+01
   4.8237930e+06   2.5000000e+01
   4.8238280e+06   2.6000000e+01
   4.8238840e+06   2.1000000e+01
   4.8240490e+06   2.1000000e+01
   4.8243280e+06   2.0000000e+01
   4.8243820e+06   2.4000000e+01
   4.8244990e+06   2.0000000e+01
   4.8246300e+06   2.2000000e+01
   4.8249180e+06   2.0000000e+01
   4.8253900e+06   3.2000000e+01
   4.8254570e+06   2.0000000e+01
   4.9056920e+06   2.0000000e+01
   4.9057530e+06   3.5000000e+01
   4.9057940e+06   2.3000000e+01
   4.9065670e+06   2.0000000e+01
   4.9068020e+06   2.0000000e+01
   4.9071690e+06   2.0000000e+01
   4.9621010e+06   2.0000000e+01
   4.9643200e+06   2.1000000e+01
   4.9647880e+06   2.0000000e+01
   4.9656370e+06   2.3000000e+01
   4.9720540e+06   4.4000000e+01
   4.9720870e+06   3.0000000e+01
   4.9722490e+06   2.1000000e+01
   4.9735360e+06   2.2000000e+01
   4.9749600e+06   2.0000000e+01
   4.9754710e+06   2.2000000e+01
   5.0224080e+06   2.0000000e+01
   5.0225360e+06   2.0000000e+01
   5.0226570e+06   2.2000000e+01
   5.0229690e+06   2.2000000e+01
   5.0250540e+06   2.0000000e+01
   5.0433870e+06   2.0000000e+01
   5.0439130e+06   2.0000000e+01
   5.0452400e+06   2.0000000e+01
   5.0738370e+06   2.0000000e+01
   5.0763240e+06   2.2000000e+01
   5.0765060e+06   2.0000000e+01
   5.0765920e+06   2.1000000e+01
   5.0766890e+06   2.0000000e+01
   5.0768410e+06   2.3000000e+01
   5.0769010e+06   3.1000000e+01
   5.0769940e+06   2.3000000e+01
   5.0770600e+06   2.1000000e+01
   5.0771290e+06   2.5000000e+01
   5.0773370e+06   2.3000000e+01
   5.0774120e+06   2.1000000e+01
   5.0774370e+06   2.0000000e+01
   5.0775260e+06   2.2000000e+01
   5.0775560e+06   2.1000000e+01
   5.0777770e+06   2.2000000e+01
   5.0778030e+06   2.7000000e+01
   5.0778840e+06   2.4000000e+01
   5.0779480e+06   2.6000000e+01
   5.0781380e+06   2.1000000e+01
   5.0781740e+06   2.4000000e+01
   5.0782220e+06   2.0000000e+01
   5.0782990e+06   2.2000000e+01
   5.0783630e+06   5.0000000e+01
   5.0783940e+06   2.5000000e+01
   5.0785040e+06   2.5000000e+01
   5.0785930e+06   2.8000000e+01
   5.0786630e+06   2.4000000e+01
   5.0787440e+06   2.5000000e+01
   5.0788960e+06   2.7000000e+01
   5.0789770e+06   2.2000000e+01
   5.0790450e+06   2.1000000e+01
   5.0791990e+06   2.8000000e+01
   5.0793210e+06   2.4000000e+01
   5.0793820e+06   2.1000000e+01
   5.0794580e+06   2.3000000e+01
   5.0795660e+06   2.4000000e+01
   5.0796340e+06   2.5000000e+01
   5.0797050e+06   2.4000000e+01
   5.0797440e+06   2.5000000e+01
   5.0798430e+06   2.0000000e+01
   5.0799580e+06   2.1000000e+01
   5.0800310e+06   2.2000000e+01
   5.0801990e+06   2.4000000e+01
   5.0802450e+06   2.1000000e+01
   5.0802780e+06   2.5000000e+01
   5.0803710e+06   2.2000000e+01
   5.0804360e+06   2.1000000e+01
   5.0806690e+06   2.1000000e+01
   5.0807420e+06   2.5000000e+01
   5.0810050e+06   2.2000000e+01
   5.0811100e+06   2.2000000e+01
   5.0812820e+06   2.0000000e+01
   5.0813470e+06   2.3000000e+01
   5.0817600e+06   2.4000000e+01
   5.0818210e+06   2.2000000e+01
   5.0822930e+06   2.5000000e+01
   5.0824830e+06   2.3000000e+01
   5.0828800e+06   2.0000000e+01
   5.0840930e+06   2.3000000e+01
   5.2150040e+06   2.3000000e+01
   5.2155270e+06   2.0000000e+01
   5.2160910e+06   2.3000000e+01
   5.2164290e+06   2.0000000e+01
   5.2165880e+06   2.0000000e+01
   5.2167930e+06   2.0000000e+01
   5.2168240e+06   2.0000000e+01
   5.2169130e+06   2.2000000e+01
   5.2177200e+06   2.0000000e+01
   5.2179410e+06   2.0000000e+01
   5.2186750e+06   2.8000000e+01
   5.2187090e+06   4.6000000e+01
   5.2191310e+06   2.0000000e+01
   5.2193820e+06   2.6000000e+01
   5.2194780e+06   2.1000000e+01
   5.2205070e+06   2.0000000e+01
   5.3217750e+06   2.0000000e+01
   5.3223680e+06   2.0000000e+01
   5.3225310e+06   2.2000000e+01
   5.3227070e+06   2.3000000e+01
   5.3228300e+06   2.0000000e+01
   5.3232900e+06   2.5000000e+01
   5.3247430e+06   2.1000000e+01
   5.3253720e+06   2.0000000e+01
   5.4246330e+06   2.1000000e+01
   5.4246870e+06   2.0000000e+01
   5.4247860e+06   2.1000000e+01
   5.4251160e+06   2.0000000e+01
   5.4251470e+06   2.2000000e+01
   5.4252930e+06   2.0000000e+01
   5.4254490e+06   2.0000000e+01
   5.4254970e+06   2.2000000e+01
   5.4256090e+06   3.0000000e+01
   5.4256640e+06   7.4000000e+01
   5.4256990e+06   2.9000000e+01
   5.4261650e+06   2.0000000e+01
   5.4267080e+06   2.3000000e+01
   5.4267940e+06   2.1000000e+01
   5.4269110e+06   2.1000000e+01
   5.4271000e+06   2.0000000e+01
   5.4271550e+06   2.2000000e+01
   5.4275850e+06   2.3000000e+01
   5.4276490e+06   2.3000000e+01
   5.4276840e+06   2.5000000e+01
   5.4278710e+06   2.0000000e+01
   5.4280960e+06   2.0000000e+01
   5.4281800e+06   2.1000000e+01
   5.4710740e+06   2.1000000e+01
   5.4753000e+06   2.0000000e+01
   5.4831430e+06   2.0000000e+01
   5.5614550e+06   2.0000000e+01
   5.5617620e+06   2.9000000e+01
   5.5618800e+06   2.1000000e+01
   5.5620690e+06   2.3000000e+01
   5.5623980e+06   2.6000000e+01
   5.5624470e+06   2.4000000e+01
   5.5627790e+06   4.2000000e+01
   5.5628060e+06   2.6000000e+01
   5.5628710e+06   2.0000000e+01
   5.5632690e+06   2.0000000e+01
   5.5633310e+06   5.2000000e+01
   5.5633570e+06   3.6000000e+01
   5.5634960e+06   2.6000000e+01
   5.5640430e+06   2.0000000e+01
   5.5641390e+06   2.0000000e+01
   5.5642420e+06   2.3000000e+01
   5.5642780e+06   2.0000000e+01
   5.5643480e+06   2.3000000e+01
   5.5646240e+06   2.1000000e+01
   5.5648180e+06   2.3000000e+01
   5.5648660e+06   2.2000000e+01
   5.5649840e+06   2.0000000e+01
   5.5659190e+06   2.0000000e+01
   5.6215930e+06   2.0000000e+01
   5.6221610e+06   2.0000000e+01
   5.7157390e+06   2.1000000e+01
   5.7170280e+06   2.1000000e+01
   5.7173400e+06   4.3000000e+01
   5.7173730e+06   3.3000000e+01
   5.7175170e+06   2.0000000e+01
   5.7177690e+06   2.1000000e+01
   5.7178180e+06   2.2000000e+01
   5.7183550e+06   2.2000000e+01
   5.7184330e+06   2.0000000e+01
   5.7187290e+06   2.1000000e+01
   5.7187710e+06   3.1000000e+01
   5.7193450e+06   2.0000000e+01
   5.7195930e+06   2.0000000e+01
   5.7198940e+06   2.0000000e+01
   5.7200990e+06   2.0000000e+01
   5.7207370e+06   2.2000000e+01
   5.7218390e+06   2.0000000e+01
   5.8021690e+06   4.6000000e+01
   5.8022000e+06   2.2000000e+01
   5.8024480e+06   2.0000000e+01
   5.8025070e+06   2.2000000e+01
   5.8025440e+06   2.7000000e+01
   5.8032390e+06   2.0000000e+01
   5.8035440e+06   5.1000000e+01
   5.8035850e+06   2.0000000e+01
   5.8040660e+06   2.3000000e+01
   5.8041360e+06   2.2000000e+01
   5.8042510e+06   2.2000000e+01
   5.8044750e+06   2.0000000e+01
   5.8045400e+06   2.1000000e+01
   5.8829440e+06   2.0000000e+01
   5.8834190e+06   2.0000000e+01
   5.8840920e+06   2.4000000e+01
   5.8842730e+06   5.3000000e+01
   5.8842990e+06   2.4000000e+01
   5.8853140e+06   2.4000000e+01
   5.8857400e+06   4.8000000e+01
   5.8863360e+06   2.2000000e+01
   5.8866920e+06   2.2000000e+01
   5.8870230e+06   2.3000000e+01
   5.8875140e+06   2.0000000e+01
   5.8877360e+06   2.3000000e+01
   5.8878330e+06   2.0000000e+01
   5.8880820e+06   2.2000000e+01
   5.8884190e+06   2.3000000e+01
   5.9380140e+06   2.4000000e+01
   5.9463790e+06   2.2000000e+01
   5.9467820e+06   2.0000000e+01
   5.9473380e+06   2.1000000e+01
   6.0101020e+06   2.0000000e+01
   6.0577900e+06   2.2000000e+01
   6.0585160e+06   2.1000000e+01
   6.0585940e+06   2.2000000e+01
   6.0592360e+06   2.0000000e+01
   6.0593930e+06   2.5000000e+01
   6.0629420e+06   2.0000000e+01
   6.0631180e+06   2.1000000e+01
   6.0632950e+06   2.0000000e+01
   6.0636160e+06   2.0000000e+01
   6.0637930e+06   2.2000000e+01
   6.0640060e+06   2.1000000e+01
   6.1488210e+06   2.0000000e+01
   6.1490780e+06   2.4000000e+01
   6.1495750e+06   2.0000000e+01
   6.1496380e+06   2.0000000e+01
   6.1500130e+06   2.0000000e+01
   6.1501120e+06   2.0000000e+01
   6.1501800e+06   2.0000000e+01
   6.1502880e+06   2.0000000e+01
   6.1506640e+06   2.0000000e+01
   6.1516280e+06   2.3000000e+01
   6.1517140e+06   2.1000000e+01
   6.1518660e+06   2.0000000e+01
   6.1522050e+06   2.1000000e+01
   6.1523920e+06   2.4000000e+01
   6.1526940e+06   2.0000000e+01
   6.1527580e+06   2.1000000e+01
   6.1531710e+06   2.0000000e+01
   6.2119670e+06   2.3000000e+01
   6.2131950e+06   2.0000000e+01
   6.2304090e+06   2.0000000e+01
   6.2305140e+06   2.0000000e+01
   6.2308000e+06   2.6000000e+01
   6.2309690e+06   2.0000000e+01
   6.2313480e+06   2.0000000e+01
   6.2314630e+06   2.0000000e+01
   6.2315000e+06   2.2000000e+01
   6.2315510e+06   5.3000000e+01
   6.2315780e+06   3.5000000e+01
   6.2316340e+06   2.1000000e+01
   6.2317060e+06   2.0000000e+01
   6.2317910e+06   2.0000000e+01
   6.2318600e+06   2.1000000e+01
   6.2319010e+06   2.2000000e+01
   6.2320310e+06   2.2000000e+01
   6.2321980e+06   2.5000000e+01
   6.2322890e+06   2.1000000e+01
   6.2323560e+06   4.5000000e+01
   6.2323980e+06   2.5000000e+01
   6.2327100e+06   2.1000000e+01
   6.2330230e+06   2.2000000e+01
   6.2330650e+06   2.3000000e+01
   6.2333270e+06   2.0000000e+01
   6.2334610e+06   2.0000000e+01
   6.2335220e+06   2.0000000e+01
   6.2337020e+06   2.0000000e+01
   6.2338520e+06   2.2000000e+01
   6.2347750e+06   3.9000000e+01
   6.2351740e+06   2.0000000e+01
   6.2357420e+06   2.5000000e+01
   6.2995990e+06   2.2000000e+01
   6.3388150e+06   2.1000000e+01
   6.3436050e+06   2.0000000e+01
   6.3439170e+06   2.2000000e+01
   6.3442960e+06   5.3000000e+01
   6.3443250e+06   2.9000000e+01
   6.3444130e+06   2.0000000e+01
   6.3449790e+06   2.0000000e+01
   6.3460450e+06   2.1000000e+01
   6.3463390e+06   2.1000000e+01
   6.3465030e+06   2.2000000e+01
   6.3470430e+06   4.1000000e+01
   6.3470790e+06   2.2000000e+01
   6.3471860e+06   2.1000000e+01
   6.3472110e+06   2.5000000e+01
   6.4024340e+06   2.1000000e+01
   6.4977320e+06   2.0000000e+01
   6.4977940e+06   4.1000000e+01
   6.4978230e+06   2.2000000e+01
   6.4979560e+06   2.4000000e+01
   6.4982010e+06   2.2000000e+01
   6.4983470e+06   2.0000000e+01
   6.4986710e+06   2.2000000e+01
   6.4987750e+06   2.2000000e+01
   6.4989750e+06   2.1000000e+01
   6.4990300e+06   2.5000000e+01
   6.4990910e+06   2.4000000e+01
   6.4991800e+06   2.0000000e+01
   6.4992560e+06   2.0000000e+01
   6.4992810e+06   2.7000000e+01
   6.4993680e+06   2.0000000e+01
   6.4994400e+06   3.5000000e+01
   6.4995110e+06   3.0000000e+01
   6.4995520e+06   2.6000000e+01
   6.4996250e+06   2.3000000e+01
   6.4996950e+06   2.1000000e+01
   6.4998040e+06   3.7000000e+01
   6.4999040e+06   2.5000000e+01
   6.4999760e+06   2.5000000e+01
   6.5000070e+06   2.4000000e+01
   6.5000690e+06   2.2000000e+01
   6.5001840e+06   4.2000000e+01
   6.5002100e+06   3.5000000e+01
   6.5002900e+06   2.9000000e+01
   6.5004290e+06   2.0000000e+01
   6.5004940e+06   2.2000000e+01
   6.5005600e+06   2.3000000e+01
   6.5006310e+06   3.2000000e+01
   6.5008170e+06   4.1000000e+01
   6.5008660e+06   3.4000000e+01
   6.5009600e+06   3.4000000e+01
   6.5010270e+06   3.2000000e+01
   6.5011320e+06   2.2000000e+01
   6.5011590e+06   2.4000000e+01
   6.5012010e+06   3.4000000e+01
   6.5012630e+06   2.9000000e+01
   6.5013380e+06   2.1000000e+01
   6.5013770e+06   2.9000000e+01
   6.5014030e+06   2.0000000e+01
   6.5015570e+06   2.2000000e+01
   6.5016470e+06   2.0000000e+01
   6.5016750e+06   2.0000000e+01
   6.5017210e+06   2.7000000e+01
   6.5018370e+06   2.1000000e+01
   6.5019150e+06   2.2000000e+01
   6.5020150e+06   2.6000000e+01
   6.5021690e+06   2.0000000e+01
   6.5022460e+06   2.0000000e+01
   6.5024380e+06   2.2000000e+01
   6.5025840e+06   2.0000000e+01
   6.5026920e+06   2.4000000e+01
   6.5027820e+06   2.3000000e+01
   6.5029850e+06   2.1000000e+01
   6.5031290e+06   2.2000000e+01
   6.5032620e+06   2.2000000e+01
   6.5034810e+06   2.4000000e+01
   6.5036650e+06   2.1000000e+01
   6.5038300e+06   2.3000000e+01
   6.5040410e+06   2.0000000e+01
   6.5992000e+06   2.1000000e+01
   6.5996740e+06   2.0000000e+01
   6.5997440e+06   2.1000000e+01
   6.5998890e+06   2.0000000e+01
   6.6001820e+06   2.1000000e+01
   6.6004370e+06   2.3000000e+01
   6.6004830e+06   2.0000000e+01
   6.6005680e+06   2.0000000e+01
   6.6007270e+06   2.2000000e+01
   6.6008060e+06   2.1000000e+01
   6.6011400e+06   2.0000000e+01
   6.6015700e+06   2.0000000e+01
   6.6018050e+06   2.0000000e+01
   6.6841770e+06   2.1000000e+01
   6.6851040e+06   2.0000000e+01
   6.6857300e+06   2.2000000e+01
   6.7147570e+06   2.0000000e+01
   6.7149360e+06   2.0000000e+01
   6.7395520e+06   2.1000000e+01
   6.7406290e+06   2.0000000e+01
   6.8262400e+06   5.0000000e+01
   6.8262720e+06   2.4000000e+01
   6.8264910e+06   2.1000000e+01
   6.8267840e+06   2.0000000e+01
   6.8269450e+06   2.4000000e+01
   6.8272920e+06   2.4000000e+01
   6.8273640e+06   2.0000000e+01
   6.8274210e+06   2.4000000e+01
   6.8276100e+06   2.0000000e+01
   6.8278200e+06   2.3000000e+01
   6.8279150e+06   2.3000000e+01
   6.8281280e+06   2.0000000e+01
   6.8282830e+06   4.3000000e+01
   6.8283420e+06   2.2000000e+01
   6.8284910e+06   2.4000000e+01
   6.8286000e+06   2.0000000e+01
   6.8286260e+06   2.0000000e+01
   6.8287360e+06   2.0000000e+01
   6.8287720e+06   2.0000000e+01
   6.8291710e+06   5.5000000e+01
   6.8291970e+06   2.3000000e+01
   6.8293360e+06   2.1000000e+01
   6.8294900e+06   2.5000000e+01
   6.8296100e+06   2.1000000e+01
   6.8296800e+06   3.3000000e+01
   6.8297430e+06   2.2000000e+01
   6.8298360e+06   2.4000000e+01
   6.8299250e+06   2.5000000e+01
   6.8300940e+06   3.0000000e+01
   6.8301890e+06   2.0000000e+01
   6.8302300e+06   2.0000000e+01
   6.8303810e+06   2.7000000e+01
   6.8309370e+06   2.1000000e+01
   6.9068380e+06   2.0000000e+01
   6.9076260e+06   2.2000000e+01
   6.9077500e+06   2.0000000e+01
   6.9083510e+06   2.1000000e+01
   6.9084140e+06   2.3000000e+01
   6.9085000e+06   2.1000000e+01
   6.9086020e+06   2.3000000e+01
   6.9086750e+06   2.1000000e+01
   6.9089360e+06   2.3000000e+01
   6.9090830e+06   2.1000000e+01
   6.9093580e+06   2.3000000e+01
   6.9094200e+06   2.1000000e+01
   6.9095020e+06   2.7000000e+01
   6.9095370e+06   2.0000000e+01
   6.9099070e+06   2.2000000e+01
   6.9099720e+06   2.2000000e+01
   6.9100550e+06   2.0000000e+01
   6.9101480e+06   2.0000000e+01
   6.9102640e+06   2.6000000e+01
   6.9103840e+06   2.0000000e+01
   6.9105700e+06   2.3000000e+01
   6.9106140e+06   2.1000000e+01
   6.9108280e+06   2.0000000e+01
   6.9108630e+06   4.0000000e+01
   6.9109440e+06   2.3000000e+01
   6.9111340e+06   2.0000000e+01
   6.9118020e+06   2.1000000e+01
   6.9118470e+06   2.5000000e+01
   6.9130140e+06   2.0000000e+01
   6.9137050e+06   2.3000000e+01
   6.9137900e+06   2.1000000e+01
   6.9139830e+06   2.0000000e+01
   7.0361490e+06   2.0000000e+01
   7.0363430e+06   2.1000000e+01
   7.0366580e+06   2.1000000e+01
   7.0373200e+06   2.1000000e+01
   7.0380210e+06   5.0000000e+01
   7.0380580e+06   2.1000000e+01
   7.0396370e+06   2.0000000e+01
   7.0401020e+06   2.1000000e+01
   7.0404810e+06   2.0000000e+01
   7.1232040e+06   2.1000000e+01
   7.1237970e+06   2.8000000e+01
   7.1242460e+06   2.4000000e+01
   7.1731430e+06   4.6000000e+01
   7.1731720e+06   2.7000000e+01
   7.1736330e+06   2.2000000e+01
   7.1737140e+06   6.2000000e+01
   7.1737390e+06   2.1000000e+01
   7.1738160e+06   2.2000000e+01
   7.1740310e+06   2.4000000e+01
   7.1743970e+06   2.2000000e+01
   7.1744920e+06   2.2000000e+01
   7.1752120e+06   2.4000000e+01
   7.1753360e+06   2.7000000e+01
   7.1753740e+06   2.2000000e+01
   7.1754810e+06   2.0000000e+01
   7.1755180e+06   2.0000000e+01
   7.1756720e+06   2.1000000e+01
   7.1757870e+06   2.5000000e+01
   7.1758590e+06   2.1000000e+01
   7.1760320e+06   2.0000000e+01
   7.1760810e+06   2.4000000e+01
   7.1761850e+06   2.5000000e+01
   7.1763170e+06   2.3000000e+01
   7.1764380e+06   2.1000000e+01
   7.1765080e+06   2.1000000e+01
   7.1765440e+06   2.5000000e+01
   7.1766250e+06   2.4000000e+01
   7.1767070e+06   2.4000000e+01
   7.1767530e+06   2.7000000e+01
   7.1768320e+06   2.0000000e+01
   7.1769540e+06   2.2000000e+01
   7.1772600e+06   2.3000000e+01
   7.1773090e+06   2.0000000e+01
   7.1773390e+06   2.2000000e+01
   7.1774530e+06   2.1000000e+01
   7.1774830e+06   2.2000000e+01
   7.1775200e+06   2.6000000e+01
   7.1776980e+06   2.2000000e+01
   7.1777290e+06   2.3000000e+01
   7.1781450e+06   2.7000000e+01
   7.1782930e+06   2.1000000e+01
   7.1784220e+06   2.1000000e+01
   7.1786470e+06   5.2000000e+01
   7.1786770e+06   2.3000000e+01
   7.1790040e+06   2.2000000e+01
   7.1791590e+06   2.4000000e+01
   7.1793910e+06   2.2000000e+01
   7.1797900e+06   2.0000000e+01
   7.1801350e+06   2.0000000e+01
   7.1805360e+06   2.3000000e+01
   7.3070050e+06   2.2000000e+01
   7.3095550e+06   2.1000000e+01
   7.3095890e+06   2.0000000e+01
   7.3096370e+06   2.0000000e+01
   7.3098450e+06   2.3000000e+01
   7.3101320e+06   2.0000000e+01
   7.3102350e+06   2.0000000e+01
   7.3104810e+06   2.0000000e+01
   7.3107590e+06   2.3000000e+01
   7.3109320e+06   2.1000000e+01
   7.3109940e+06   3.4000000e+01
   7.3110250e+06   2.5000000e+01
   7.3110920e+06   2.0000000e+01
   7.3114250e+06   2.1000000e+01
   7.3115550e+06   2.1000000e+01
   7.3117580e+06   2.1000000e+01
   7.3121400e+06   2.0000000e+01
   7.3122480e+06   2.0000000e+01
   7.3747920e+06   2.0000000e+01
   7.3785410e+06   4.0000000e+01
   7.3788310e+06   2.1000000e+01
   7.4287810e+06   2.0000000e+01
   7.4583270e+06   2.0000000e+01
   7.4586110e+06   4.1000000e+01
   7.4587450e+06   2.0000000e+01
   7.4588500e+06   2.0000000e+01
   7.4602560e+06   2.5000000e+01
   7.4604430e+06   2.2000000e+01
   7.4604740e+06   2.0000000e+01
   7.4605660e+06   2.1000000e+01
   7.4607060e+06   4.3000000e+01
   7.4607360e+06   2.3000000e+01
   7.4608450e+06   2.0000000e+01
   7.4610300e+06   2.1000000e+01
   7.4611500e+06   2.7000000e+01
   7.4612780e+06   2.2000000e+01
   7.4618550e+06   2.0000000e+01
   7.4619060e+06   2.3000000e+01
