   7.5000000e+06   0.0000000e+00
   6.1120000e+03   1.5000000e+01
   6.2710000e+03   1.7000000e+01
   6.8710000e+03   1.5000000e+01
   6.9200000e+03   1.6000000e+01
   7.1590000e+03   1.6000000e+01
   7.3100000e+03   1.6000000e+01
   8.7376000e+04   1.5000000e+01
   8.7837000e+04   1.5000000e+01
   8.7983000e+04   1.7000000e+01
   8.8721000e+04   1.8000000e+01
   9.2059000e+04   1.7000000e+01
   9.2411000e+04   1.5000000e+01
   9.2586000e+04   1.5000000e+01
   9.2675000e+04   1.5000000e+01
   9.2741000e+04   1.9000000e+01
   9.3480000e+04   1.7000000e+01
   1.9146900e+05   1.5000000e+01
   1.9278200e+05   1.5000000e+01
   1.9325700e+05   1.5000000e+01
   1.9332400e+05   1.5000000e+01
   1.9337400e+05   1.8000000e+01
   1.9473900e+05   1.5000000e+01
   1.9479700e+05   1.6000000e+01
   1.9529800e+05   1.5000000e+01
   1.9563400e+05   1.6000000e+01
   2.6522200e+05   1.6000000e+01
   2.7026800e+05   1.6000000e+01
   2.7080500e+05   1.8000000e+01
   2.7105500e+05   1.5000000e+01
   3.2530100e+05   1.5000000e+01
   3.8107100e+05   1.6000000e+01
   3.8133500e+05   1.5000000e+01
   3.8145100e+05   1.6000000e+01
   3.8162100e+05   1.6000000e+01
   3.8174200e+05   1.5000000e+01
   3.8199700e+05   1.8000000e+01
   3.8211500e+05   1.5000000e+01
   3.8253300e+05   1.5000000e+01
   3.8259200e+05   1.6000000e+01
   3.8284500e+05   1.5000000e+01
   3.8308600e+05   1.5000000e+01
   3.8317100e+05   1.5000000e+01
   3.8365400e+05   1.5000000e+01
   3.8373000e+05   1.6000000e+01
   3.9636100e+05   1.6000000e+01
   4.9806400e+05   1.5000000e+01
   4.9842800e+05   1.5000000e+01
   4.9855600e+05   1.5000000e+01
   4.9883300e+05   1.5000000e+01
   4.9894500e+05   2.0000000e+01
   4.9902300e+05   1.7000000e+01
   4.9906500e+05   1.6000000e+01
   4.9919300e+05   1.7000000e+01
   4.9928900e+05   1.9000000e+01
   4.9932900e+05   2.0000000e+01
   4.9942100e+05   3.0000000e+01
   4.9944900e+05   1.7000000e+01
   4.9954600e+05   1.9000000e+01
   4.9962500e+05   1.5000000e+01
   4.9981300e+05   1.6000000e+01
   4.9992100e+05   1.7000000e+01
   5.0002500e+05   1.9000000e+01
   5.0013700e+05   1.8000000e+01
   5.0027500e+05   1.8000000e+01
   5.0037800e+05   1.5000000e+01
   5.0044600e+05   1.7000000e+01
   5.0054100e+05   2.3000000e+01
   5.0070500e+05   1.7000000e+01
   5.0075500e+05   1.6000000e+01
   5.0084400e+05   2.7000000e+01
   5.0087700e+05   2.6000000e+01
   5.0099100e+05   1.8000000e+01
   5.0106000e+05   1.9000000e+01
   5.0117200e+05   1.7000000e+01
   5.0130700e+05   1.5000000e+01
   5.0137900e+05   2.1000000e+01
   5.0150300e+05   2.6000000e+01
   5.0154400e+05   1.5000000e+01
   5.0167300e+05   1.8000000e+01
   5.0178200e+05   1.6000000e+01
   5.0185300e+05   1.6000000e+01
   5.0194500e+05   1.9000000e+01
   5.0201000e+05   2.1000000e+01
   5.0209000e+05   1.6000000e+01
   5.0219200e+05   2.6000000e+01
   5.0222800e+05   1.5000000e+01
   5.0230500e+05   2.3000000e+01
   5.0237300e+05   1.5000000e+01
   5.0262000e+05   1.8000000e+01
   5.0264500e+05   1.7000000e+01
   5.0281400e+05   1.6000000e+01
   5.0289400e+05   1.5000000e+01
   5.0298700e+05   1.5000000e+01
   5.0312300e+05   1.7000000e+01
   5.0317600e+05   1.6000000e+01
   5.0330300e+05   1.9000000e+01
   5.0333800e+05   1.5000000e+01
   5.0361400e+05   1.5000000e+01
   5.0382600e+05   1.5000000e+01
   5.0402400e+05   1.9000000e+01
   5.0417200e+05   1.5000000e+01
   5.0427900e+05   1.5000000e+01
   5.0439100e+05   1.5000000e+01
   5.0464100e+05   1.6000000e+01
   5.0475200e+05   1.7000000e+01
   5.0498200e+05   1.7000000e+01
   5.0522500e+05   1.6000000e+01
   5.0528600e+05   1.6000000e+01
   5.0546300e+05   1.5000000e+01
   5.0553300e+05   1.6000000e+01
   5.0582700e+05   1.5000000e+01
   5.0826400e+05   1.6000000e+01
   7.7680900e+05   1.5000000e+01
   8.4104100e+05   1.5000000e+01
   8.4113500e+05   1.5000000e+01
   8.4171100e+05   1.5000000e+01
   8.4354400e+05   1.5000000e+01
   8.8887000e+05   1.5000000e+01
   8.8896800e+05   1.5000000e+01
   8.8925200e+05   1.5000000e+01
   8.8936000e+05   1.5000000e+01
   8.8967300e+05   1.5000000e+01
   8.8983500e+05   1.6000000e+01
   8.9011100e+05   2.1000000e+01
   8.9019500e+05   1.9000000e+01
   8.9022300e+05   2.6000000e+01
   8.9028300e+05   1.7000000e+01
   8.9043000e+05   1.8000000e+01
   8.9047400e+05   1.6000000e+01
   8.9070500e+05   1.7000000e+01
   8.9078000e+05   1.6000000e+01
   8.9113900e+05   1.5000000e+01
   8.9178900e+05   1.5000000e+01
   8.9293800e+05   1.5000000e+01
   1.0195790e+06   1.8000000e+01
   1.0199930e+06   1.5000000e+01
   1.0202450e+06   1.5000000e+01
   1.0205840e+06   1.6000000e+01
   1.0213330e+06   1.7000000e+01
   1.0217380e+06   2.0000000e+01
   1.0221530e+06   1.5000000e+01
   1.0222240e+06   1.6000000e+01
   1.0226580e+06   1.6000000e+01
   1.0231580e+06   1.6000000e+01
   1.0940360e+06   1.6000000e+01
   1.0944340e+06   1.6000000e+01
   1.0944640e+06   2.1000000e+01
   1.0945070e+06   1.5000000e+01
   1.0945830e+06   1.6000000e+01
   1.0946620e+06   1.6000000e+01
   1.0947470e+06   1.6000000e+01
   1.0955460e+06   1.6000000e+01
   1.0959830e+06   1.5000000e+01
   1.0963430e+06   1.6000000e+01
   1.1395710e+06   1.5000000e+01
   1.2272000e+06   1.5000000e+01
   1.2274790e+06   1.5000000e+01
   1.2372650e+06   1.6000000e+01
   1.2374490e+06   1.5000000e+01
   1.2376170e+06   1.6000000e+01
   1.2376670e+06   1.5000000e+01
   1.2377440e+06   1.5000000e+01
   1.2379240e+06   1.8000000e+01
   1.2381270e+06   1.8000000e+01
   1.2381970e+06   1.9000000e+01
   1.2382890e+06   1.5000000e+01
   1.2386200e+06   1.6000000e+01
   1.2387390e+06   1.5000000e+01
   1.2388850e+06   1.7000000e+01
   1.2390390e+06   1.5000000e+01
   1.2391250e+06   1.5000000e+01
   1.2392640e+06   1.7000000e+01
   1.2397710e+06   1.5000000e+01
   1.2402550e+06   1.6000000e+01
   1.2406160e+06   1.6000000e+01
   1.2409040e+06   1.6000000e+01
   1.2440590e+06   1.6000000e+01
   1.3393600e+06   1.5000000e+01
   1.3399820e+06   1.5000000e+01
   1.3403590e+06   1.7000000e+01
   1.3404590e+06   1.8000000e+01
   1.3405760e+06   1.6000000e+01
   1.3407480e+06   1.6000000e+01
   1.3409130e+06   1.7000000e+01
   1.3409560e+06   1.6000000e+01
   1.3411730e+06   1.6000000e+01
   1.3413050e+06   1.7000000e+01
   1.3415220e+06   1.6000000e+01
   1.3416740e+06   1.5000000e+01
   1.3417330e+06   1.6000000e+01
   1.4802270e+06   1.7000000e+01
   1.4803740e+06   1.6000000e+01
   1.4804070e+06   1.5000000e+01
   1.4804680e+06   1.5000000e+01
   1.4805910e+06   1.5000000e+01
   1.4808720e+06   1.7000000e+01
   1.4811800e+06   1.7000000e+01
   1.4812110e+06   2.2000000e+01
   1.4813070e+06   1.5000000e+01
   1.4813790e+06   2.1000000e+01
   1.4814930e+06   1.6000000e+01
   1.4815590e+06   1.8000000e+01
   1.4816750e+06   1.6000000e+01
   1.4817440e+06   1.6000000e+01
   1.4819260e+06   1.5000000e+01
   1.4820950e+06   2.0000000e+01
   1.4823450e+06   1.6000000e+01
   1.4823800e+06   1.5000000e+01
   1.4826080e+06   1.5000000e+01
   1.4826360e+06   1.5000000e+01
   1.4837000e+06   1.6000000e+01
   1.4841500e+06   1.5000000e+01
   1.4841860e+06   1.5000000e+01
   1.4842560e+06   1.5000000e+01
   1.4845890e+06   1.5000000e+01
   1.4848750e+06   1.7000000e+01
   1.4854350e+06   1.6000000e+01
   1.4856640e+06   1.6000000e+01
   1.5977740e+06   1.5000000e+01
   1.5981380e+06   1.5000000e+01
   1.6788380e+06   1.5000000e+01
   1.6851600e+06   1.7000000e+01
   1.6852320e+06   1.5000000e+01
   1.7468720e+06   1.6000000e+01
   1.7470070e+06   1.5000000e+01
   1.7471240e+06   1.5000000e+01
   1.7472750e+06   1.5000000e+01
   1.7474360e+06   1.7000000e+01
   1.7475360e+06   1.6000000e+01
   1.7479610e+06   1.5000000e+01
   1.7486590e+06   1.5000000e+01
   1.7893050e+06   1.5000000e+01
   1.7897110e+06   1.5000000e+01
   1.7902610e+06   1.6000000e+01
   1.8434770e+06   1.5000000e+01
   1.8441310e+06   1.6000000e+01
   1.8441770e+06   1.5000000e+01
   1.8447200e+06   1.5000000e+01
   1.8449370e+06   1.5000000e+01
   1.8451090e+06   1.5000000e+01
   1.8454400e+06   1.6000000e+01
   1.8455360e+06   1.6000000e+01
   1.8455960e+06   1.5000000e+01
   1.8472950e+06   1.5000000e+01
   1.8990750e+06   1.5000000e+01
   1.9509390e+06   1.6000000e+01
   1.9530030e+06   1.5000000e+01
   1.9639120e+06   1.5000000e+01
   1.9651840e+06   1.6000000e+01
   1.9655080e+06   2.0000000e+01
   2.0403190e+06   1.8000000e+01
   2.0408810e+06   1.5000000e+01
   2.0411780e+06   1.5000000e+01
   2.0431490e+06   1.6000000e+01
   2.0431900e+06   1.7000000e+01
   2.0434460e+06   1.5000000e+01
   2.0441420e+06   1.6000000e+01
   2.0447620e+06   1.6000000e+01
   2.1132690e+06   1.6000000e+01
   2.1136700e+06   1.5000000e+01
   2.1140570e+06   1.5000000e+01
   2.1141640e+06   1.5000000e+01
   2.1143360e+06   1.6000000e+01
   2.1144680e+06   1.6000000e+01
   2.1145070e+06   1.7000000e+01
   2.1145890e+06   1.5000000e+01
   2.1146760e+06   1.9000000e+01
   2.1147630e+06   2.3000000e+01
   2.1147880e+06   2.2000000e+01
   2.1148720e+06   1.5000000e+01
   2.1149100e+06   1.9000000e+01
   2.1150080e+06   1.6000000e+01
   2.1151170e+06   1.8000000e+01
   2.1151420e+06   3.3000000e+01
   2.1152120e+06   1.7000000e+01
   2.1153300e+06   1.5000000e+01
   2.1153840e+06   1.7000000e+01
   2.1154850e+06   1.5000000e+01
   2.1155560e+06   2.1000000e+01
   2.1156810e+06   1.5000000e+01
   2.1157630e+06   1.6000000e+01
   2.1158560e+06   1.5000000e+01
   2.1159480e+06   1.6000000e+01
   2.1160230e+06   2.0000000e+01
   2.1161350e+06   2.0000000e+01
   2.1162080e+06   1.6000000e+01
   2.1162570e+06   1.5000000e+01
   2.1163500e+06   2.1000000e+01
   2.1163800e+06   2.1000000e+01
   2.1164980e+06   1.5000000e+01
   2.1167200e+06   1.5000000e+01
   2.1168630e+06   1.6000000e+01
   2.1169050e+06   1.5000000e+01
   2.1170930e+06   1.9000000e+01
   2.1171540e+06   1.5000000e+01
   2.1172390e+06   1.6000000e+01
   2.1173070e+06   1.5000000e+01
   2.1173930e+06   1.5000000e+01
   2.1176150e+06   1.5000000e+01
   2.1176490e+06   2.0000000e+01
   2.1177730e+06   1.7000000e+01
   2.1178140e+06   2.2000000e+01
   2.1182550e+06   1.6000000e+01
   2.1183000e+06   2.0000000e+01
   2.1185350e+06   1.6000000e+01
   2.1186160e+06   1.6000000e+01
   2.1186860e+06   1.5000000e+01
   2.1187660e+06   1.5000000e+01
   2.1188370e+06   1.6000000e+01
   2.1193530e+06   1.7000000e+01
   2.3281070e+06   1.6000000e+01
   2.3283940e+06   1.5000000e+01
   2.3296810e+06   1.6000000e+01
   2.3299360e+06   1.5000000e+01
   2.3317090e+06   1.6000000e+01
   2.3324390e+06   1.5000000e+01
   2.4367850e+06   1.5000000e+01
   2.4379050e+06   1.7000000e+01
   2.4387370e+06   1.5000000e+01
   2.4389960e+06   1.5000000e+01
   2.4391360e+06   1.6000000e+01
   2.4393510e+06   1.8000000e+01
   2.4396590e+06   1.5000000e+01
   2.4398880e+06   1.7000000e+01
   2.4399250e+06   1.9000000e+01
   2.4401660e+06   1.6000000e+01
   2.4404020e+06   1.6000000e+01
   2.4406090e+06   1.6000000e+01
   2.4406530e+06   1.8000000e+01
   2.4415800e+06   1.5000000e+01
   2.6198830e+06   1.6000000e+01
   2.6209420e+06   1.6000000e+01
   2.6212220e+06   1.5000000e+01
   2.6714900e+06   1.7000000e+01
   2.6716570e+06   1.6000000e+01
   2.6718810e+06   1.5000000e+01
   2.6720490e+06   1.5000000e+01
   2.6721680e+06   1.7000000e+01
   2.6722870e+06   1.8000000e+01
   2.6723460e+06   1.6000000e+01
   2.6801860e+06   1.5000000e+01
   2.7777750e+06   1.7000000e+01
   2.7780200e+06   1.5000000e+01
   2.7786490e+06   1.5000000e+01
   2.7788050e+06   1.5000000e+01
   2.7788700e+06   1.5000000e+01
   2.7789630e+06   1.7000000e+01
   2.7792880e+06   1.5000000e+01
   2.7793230e+06   1.6000000e+01
   2.7797270e+06   1.5000000e+01
   2.7800800e+06   1.5000000e+01
   2.8529710e+06   1.7000000e+01
   2.8534100e+06   1.8000000e+01
   2.8535400e+06   1.6000000e+01
   2.9413030e+06   1.5000000e+01
   2.9428470e+06   1.5000000e+01
   2.9431970e+06   1.5000000e+01
   2.9433860e+06   1.8000000e+01
   2.9437170e+06   1.9000000e+01
   2.9438570e+06   1.7000000e+01
   2.9439030e+06   1.8000000e+01
   2.9439790e+06   1.8000000e+01
   2.9440480e+06   1.6000000e+01
   2.9441440e+06   1.5000000e+01
   2.9442850e+06   1.6000000e+01
   2.9443420e+06   1.5000000e+01
   2.9446110e+06   1.5000000e+01
   2.9448270e+06   1.6000000e+01
   2.9448630e+06   2.1000000e+01
   2.9451130e+06   1.5000000e+01
   2.9454600e+06   1.6000000e+01
   3.0617500e+06   1.5000000e+01
   3.0619070e+06   1.5000000e+01
   3.0620290e+06   1.5000000e+01
   3.0623680e+06   1.8000000e+01
   3.0625650e+06   1.6000000e+01
   3.0626460e+06   1.5000000e+01
   3.0627500e+06   1.9000000e+01
   3.0627860e+06   1.7000000e+01
   3.0628570e+06   1.8000000e+01
   3.0630240e+06   1.7000000e+01
   3.0630850e+06   1.5000000e+01
   3.0631520e+06   1.6000000e+01
   3.0632770e+06   1.6000000e+01
   3.0635200e+06   1.5000000e+01
   3.0637050e+06   1.6000000e+01
   3.0638550e+06   1.6000000e+01
   3.0654550e+06   1.6000000e+01
   3.1468070e+06   1.5000000e+01
   3.1468870e+06   1.6000000e+01
   3.1470480e+06   1.5000000e+01
   3.1474760e+06   1.8000000e+01
   3.1475730e+06   2.3000000e+01
   3.1476940e+06   1.9000000e+01
   3.1478350e+06   1.9000000e+01
   3.1478890e+06   1.7000000e+01
   3.1480120e+06   1.7000000e+01
   3.1481250e+06   1.9000000e+01
   3.1483570e+06   1.5000000e+01
   3.1484250e+06   1.6000000e+01
   3.1486280e+06   1.5000000e+01
   3.1729430e+06   1.7000000e+01
   3.1732350e+06   1.6000000e+01
   3.1736710e+06   1.5000000e+01
   3.1781640e+06   1.6000000e+01
   3.2325390e+06   1.5000000e+01
   3.2334950e+06   1.6000000e+01
   3.2349730e+06   1.5000000e+01
   3.2359280e+06   1.5000000e+01
   3.2744340e+06   1.5000000e+01
   3.2748010e+06   2.0000000e+01
   3.2748530e+06   1.7000000e+01
   3.2750300e+06   1.5000000e+01
   3.3432970e+06   1.5000000e+01
   3.3433610e+06   1.6000000e+01
   3.3435160e+06   1.5000000e+01
   3.3438240e+06   1.7000000e+01
   3.3442920e+06   1.8000000e+01
   3.4228860e+06   1.5000000e+01
   3.4229170e+06   1.5000000e+01
   3.4236330e+06   1.5000000e+01
   3.4243520e+06   1.5000000e+01
   3.4417780e+06   1.5000000e+01
   3.4424060e+06   1.6000000e+01
   3.4425180e+06   1.9000000e+01
   3.5191000e+06   1.6000000e+01
   3.5192450e+06   1.6000000e+01
   3.5193280e+06   1.8000000e+01
   3.5195820e+06   1.5000000e+01
   3.5196580e+06   1.6000000e+01
   3.5197490e+06   1.5000000e+01
   3.5198100e+06   1.8000000e+01
   3.5200280e+06   1.6000000e+01
   3.5202000e+06   1.6000000e+01
   3.5203370e+06   1.7000000e+01
   3.5204760e+06   1.5000000e+01
   3.5206350e+06   1.5000000e+01
   3.5208260e+06   1.6000000e+01
   3.5220830e+06   1.5000000e+01
   3.5760680e+06   1.8000000e+01
   3.5763370e+06   1.5000000e+01
   3.5764400e+06   1.8000000e+01
   3.5767390e+06   1.5000000e+01
   3.5770480e+06   1.8000000e+01
   3.5771550e+06   1.5000000e+01
   3.5777590e+06   1.5000000e+01
   3.5782620e+06   1.6000000e+01
   3.7009630e+06   1.8000000e+01
   3.7021520e+06   1.6000000e+01
   3.7024710e+06   1.5000000e+01
   3.7626500e+06   1.5000000e+01
   3.7628300e+06   1.6000000e+01
   3.7629120e+06   1.5000000e+01
   3.7632080e+06   1.7000000e+01
   3.7633010e+06   1.5000000e+01
   3.7635300e+06   1.7000000e+01
   3.7649350e+06   1.5000000e+01
   3.7651800e+06   1.6000000e+01
   3.7652970e+06   2.0000000e+01
   3.7654770e+06   1.5000000e+01
   3.7671570e+06   1.6000000e+01
   3.7676690e+06   1.5000000e+01
   3.7680860e+06   1.5000000e+01
   3.9171980e+06   1.5000000e+01
   3.9174680e+06   1.7000000e+01
   3.9176980e+06   2.0000000e+01
   3.9177520e+06   1.6000000e+01
   3.9178420e+06   1.5000000e+01
   3.9180160e+06   1.6000000e+01
   3.9181090e+06   1.8000000e+01
   3.9183390e+06   1.8000000e+01
   3.9183670e+06   1.7000000e+01
   3.9187460e+06   1.7000000e+01
   3.9190380e+06   1.6000000e+01
   3.9647090e+06   1.5000000e+01
   3.9648570e+06   1.5000000e+01
   3.9651950e+06   1.6000000e+01
   3.9653220e+06   2.2000000e+01
   3.9654500e+06   1.5000000e+01
   3.9655090e+06   2.0000000e+01
   3.9656490e+06   1.5000000e+01
   3.9659040e+06   1.5000000e+01
   3.9661920e+06   2.1000000e+01
   3.9663230e+06   1.7000000e+01
   3.9663660e+06   1.7000000e+01
   3.9670610e+06   1.5000000e+01
   3.9671900e+06   1.5000000e+01
   4.0642800e+06   1.5000000e+01
   4.0643970e+06   1.5000000e+01
   4.0645800e+06   1.5000000e+01
   4.1123700e+06   1.6000000e+01
   4.1642230e+06   1.5000000e+01
   4.1643310e+06   1.8000000e+01
   4.1645000e+06   1.7000000e+01
   4.1645280e+06   2.1000000e+01
   4.1646390e+06   1.6000000e+01
   4.1647700e+06   1.5000000e+01
   4.1650130e+06   1.9000000e+01
   4.1651130e+06   2.0000000e+01
   4.1652370e+06   1.6000000e+01
   4.1653200e+06   1.8000000e+01
   4.1654400e+06   1.9000000e+01
   4.1655240e+06   1.7000000e+01
   4.1655980e+06   1.5000000e+01
   4.1656940e+06   1.7000000e+01
   4.1657190e+06   1.9000000e+01
   4.1658040e+06   1.8000000e+01
   4.1659310e+06   1.8000000e+01
   4.1659750e+06   2.2000000e+01
   4.1660290e+06   1.5000000e+01
   4.1661890e+06   1.7000000e+01
   4.1662540e+06   1.6000000e+01
   4.1663180e+06   1.5000000e+01
   4.1663910e+06   1.9000000e+01
   4.1665380e+06   1.8000000e+01
   4.1669260e+06   1.5000000e+01
   4.1672100e+06   1.6000000e+01
   4.1676630e+06   1.5000000e+01
   4.1681880e+06   1.6000000e+01
   4.1682780e+06   1.5000000e+01
   4.1686280e+06   1.6000000e+01
   4.1686670e+06   1.5000000e+01
   4.1724000e+06   1.5000000e+01
   4.1733290e+06   1.5000000e+01
   4.1741320e+06   1.6000000e+01
   4.2956180e+06   1.5000000e+01
   4.2991820e+06   1.5000000e+01
   4.2998270e+06   1.5000000e+01
   4.3004520e+06   1.6000000e+01
   4.3006310e+06   1.5000000e+01
   4.4079370e+06   1.5000000e+01
   4.4659150e+06   1.5000000e+01
   4.5196200e+06   1.6000000e+01
   4.5220030e+06   1.5000000e+01
   4.5223420e+06   1.5000000e+01
   4.5227440e+06   1.7000000e+01
   4.5229920e+06   1.5000000e+01
   4.6289020e+06   1.7000000e+01
   4.6293830e+06   1.5000000e+01
   4.6301780e+06   1.5000000e+01
   4.6303400e+06   1.6000000e+01
   4.7028640e+06   1.5000000e+01
   4.7506540e+06   1.5000000e+01
   4.7517580e+06   1.5000000e+01
   4.7530060e+06   1.5000000e+01
   4.8184240e+06   2.0000000e+01
   4.8191070e+06   1.5000000e+01
   4.8227730e+06   1.8000000e+01
   4.8232810e+06   1.6000000e+01
   4.8235190e+06   1.6000000e+01
   4.8236050e+06   1.5000000e+01
   4.8240540e+06   1.8000000e+01
   4.8240810e+06   1.6000000e+01
   4.8247280e+06   1.7000000e+01
   4.9061070e+06   1.5000000e+01
   4.9084940e+06   1.5000000e+01
   4.9605640e+06   1.6000000e+01
   4.9608260e+06   1.8000000e+01
   4.9723740e+06   1.6000000e+01
   4.9752340e+06   1.6000000e+01
   5.0220950e+06   1.5000000e+01
   5.0222480e+06   1.5000000e+01
   5.0228980e+06   1.6000000e+01
   5.0230630e+06   1.7000000e+01
   5.0231390e+06   1.5000000e+01
   5.0736310e+06   1.6000000e+01
   5.0745100e+06   1.6000000e+01
   5.0765960e+06   1.6000000e+01
   5.0767930e+06   1.8000000e+01
   5.0780190e+06   1.7000000e+01
   5.0781330e+06   1.5000000e+01
   5.0781800e+06   1.6000000e+01
   5.0786660e+06   1.7000000e+01
   5.0791830e+06   1.5000000e+01
   5.0793280e+06   1.8000000e+01
   5.0799680e+06   1.5000000e+01
   5.0802560e+06   1.5000000e+01
   5.0807490e+06   1.5000000e+01
   5.2138600e+06   1.9000000e+01
   5.2139200e+06   1.5000000e+01
   5.2142390e+06   1.7000000e+01
   5.2142960e+06   2.1000000e+01
   5.2144620e+06   1.6000000e+01
   5.2145450e+06   1.8000000e+01
   5.2146090e+06   1.7000000e+01
   5.2147960e+06   1.6000000e+01
   5.2148630e+06   1.5000000e+01
   5.2149700e+06   1.6000000e+01
   5.2150650e+06   1.7000000e+01
   5.2152020e+06   1.5000000e+01
   5.2152550e+06   1.9000000e+01
   5.2153250e+06   2.5000000e+01
   5.2154250e+06   1.5000000e+01
   5.2154820e+06   1.8000000e+01
   5.2155570e+06   1.7000000e+01
   5.2157180e+06   1.7000000e+01
   5.2157850e+06   1.7000000e+01
   5.2158680e+06   1.7000000e+01
   5.2160490e+06   1.6000000e+01
   5.2161680e+06   1.9000000e+01
   5.2162250e+06   1.5000000e+01
   5.2163110e+06   1.6000000e+01
   5.2165710e+06   1.5000000e+01
   5.2166010e+06   2.2000000e+01
   5.2167490e+06   1.5000000e+01
   5.2168410e+06   1.5000000e+01
   5.2169670e+06   1.6000000e+01
   5.2178910e+06   1.7000000e+01
   5.2199300e+06   1.8000000e+01
   5.3215740e+06   1.6000000e+01
   5.3219520e+06   1.5000000e+01
   5.3222960e+06   1.5000000e+01
   5.3223840e+06   2.0000000e+01
   5.3250040e+06   1.5000000e+01
   5.3258120e+06   1.6000000e+01
   5.4214490e+06   1.7000000e+01
   5.4218720e+06   1.6000000e+01
   5.4256520e+06   1.9000000e+01
   5.4259880e+06   1.6000000e+01
   5.4268320e+06   1.5000000e+01
   5.4271530e+06   1.6000000e+01
   5.4749480e+06   1.7000000e+01
   5.4751550e+06   1.8000000e+01
   5.4753870e+06   1.9000000e+01
   5.4755470e+06   1.6000000e+01
   5.4767620e+06   1.5000000e+01
   5.5612590e+06   1.6000000e+01
   5.5615890e+06   1.8000000e+01
   5.5620880e+06   1.6000000e+01
   5.5627950e+06   1.6000000e+01
   5.5642870e+06   1.5000000e+01
   5.6222300e+06   1.6000000e+01
   5.6224460e+06   1.8000000e+01
   5.6225220e+06   1.5000000e+01
   5.6225470e+06   1.6000000e+01
   5.6227320e+06   1.7000000e+01
   5.7139650e+06   1.5000000e+01
   5.7145280e+06   1.5000000e+01
   5.7146930e+06   1.5000000e+01
   5.7148580e+06   1.7000000e+01
   5.7150060e+06   1.6000000e+01
   5.7996060e+06   1.6000000e+01
   5.8004080e+06   1.5000000e+01
   5.8367220e+06   1.6000000e+01
   5.8821970e+06   1.6000000e+01
   5.8822770e+06   1.8000000e+01
   5.8824210e+06   1.7000000e+01
   5.8827680e+06   1.7000000e+01
   5.8830100e+06   1.5000000e+01
   5.8830530e+06   1.5000000e+01
   5.8834310e+06   1.5000000e+01
   5.8844210e+06   1.6000000e+01
   5.8856280e+06   1.6000000e+01
   5.9473490e+06   1.5000000e+01
   6.0093210e+06   1.6000000e+01
   6.0096720e+06   1.5000000e+01
   6.0099680e+06   1.7000000e+01
   6.0629370e+06   1.6000000e+01
   6.0632460e+06   1.6000000e+01
   6.0640140e+06   1.6000000e+01
   6.1489890e+06   1.6000000e+01
   6.1495890e+06   2.1000000e+01
   6.1496150e+06   1.7000000e+01
   6.1497520e+06   2.2000000e+01
   6.1498600e+06   1.6000000e+01
   6.1500690e+06   1.6000000e+01
   6.1503700e+06   1.5000000e+01
   6.1508080e+06   1.6000000e+01
   6.1511890e+06   1.5000000e+01
   6.1512900e+06   1.6000000e+01
   6.1513840e+06   1.6000000e+01
   6.1514470e+06   1.5000000e+01
   6.1514940e+06   1.6000000e+01
   6.1517410e+06   1.7000000e+01
   6.1525610e+06   1.6000000e+01
   6.1538830e+06   1.6000000e+01
   6.2305300e+06   1.6000000e+01
   6.2307550e+06   1.5000000e+01
   6.2309370e+06   1.6000000e+01
   6.2310110e+06   1.6000000e+01
   6.2310990e+06   1.5000000e+01
   6.2312140e+06   1.9000000e+01
   6.2313110e+06   1.6000000e+01
   6.2315070e+06   1.5000000e+01
   6.2316300e+06   1.9000000e+01
   6.2316710e+06   1.5000000e+01
   6.2319100e+06   1.9000000e+01
   6.2319920e+06   1.9000000e+01
   6.2320630e+06   1.9000000e+01
   6.2322120e+06   1.5000000e+01
   6.2323060e+06   1.9000000e+01
   6.2323410e+06   2.1000000e+01
   6.2323910e+06   1.5000000e+01
   6.2326190e+06   1.5000000e+01
   6.2327420e+06   1.8000000e+01
   6.2328110e+06   1.5000000e+01
   6.2337390e+06   1.5000000e+01
   6.2359510e+06   1.5000000e+01
   6.2986560e+06   1.6000000e+01
   6.2992000e+06   1.5000000e+01
   6.3447850e+06   1.5000000e+01
   6.3451520e+06   1.5000000e+01
   6.3458470e+06   1.5000000e+01
   6.3459280e+06   1.5000000e+01
   6.3460760e+06   1.5000000e+01
   6.4961630e+06   1.6000000e+01
   6.4963390e+06   1.6000000e+01
   6.4975780e+06   1.6000000e+01
   6.4987690e+06   1.5000000e+01
   6.4991490e+06   1.5000000e+01
   6.4994380e+06   2.1000000e+01
   6.4995400e+06   1.6000000e+01
   6.4996110e+06   2.2000000e+01
   6.4997150e+06   1.5000000e+01
   6.4998290e+06   1.5000000e+01
   6.4999540e+06   2.1000000e+01
   6.5000960e+06   1.5000000e+01
   6.5003470e+06   1.5000000e+01
   6.5005940e+06   2.3000000e+01
   6.5006300e+06   1.6000000e+01
   6.5010240e+06   1.7000000e+01
   6.5011570e+06   1.5000000e+01
   6.5011980e+06   1.9000000e+01
   6.5012970e+06   1.6000000e+01
   6.5015790e+06   1.5000000e+01
   6.5017270e+06   1.5000000e+01
   6.5026930e+06   1.5000000e+01
   6.5028270e+06   1.5000000e+01
   6.5029230e+06   1.5000000e+01
   6.5988930e+06   1.7000000e+01
   6.5995750e+06   1.7000000e+01
   6.5997690e+06   1.8000000e+01
   6.5998600e+06   1.6000000e+01
   6.5999480e+06   1.8000000e+01
   6.6000060e+06   1.6000000e+01
   6.6000460e+06   1.6000000e+01
   6.6001430e+06   1.5000000e+01
   6.6001850e+06   1.5000000e+01
   6.6003980e+06   1.7000000e+01
   6.6005090e+06   1.6000000e+01
   6.6005340e+06   1.6000000e+01
   6.6006500e+06   1.6000000e+01
   6.6514950e+06   1.6000000e+01
   6.6855790e+06   1.5000000e+01
   6.8219360e+06   1.7000000e+01
   6.8274370e+06   1.9000000e+01
   6.8281550e+06   1.5000000e+01
   6.8282890e+06   1.8000000e+01
   6.8283900e+06   1.7000000e+01
   6.8284340e+06   1.6000000e+01
   6.8291730e+06   1.5000000e+01
   6.8303080e+06   1.6000000e+01
   6.9060030e+06   1.5000000e+01
   6.9063560e+06   1.5000000e+01
   6.9067120e+06   1.5000000e+01
   6.9068080e+06   1.5000000e+01
   6.9069080e+06   1.8000000e+01
   6.9069810e+06   1.5000000e+01
   6.9070590e+06   1.9000000e+01
   6.9073860e+06   1.5000000e+01
   6.9074820e+06   1.6000000e+01
   6.9076340e+06   1.7000000e+01
   6.9077430e+06   1.6000000e+01
   6.9078020e+06   1.7000000e+01
   6.9078340e+06   1.8000000e+01
   6.9079610e+06   1.6000000e+01
   6.9080380e+06   1.6000000e+01
   6.9080720e+06   1.8000000e+01
   6.9081960e+06   1.6000000e+01
   6.9082650e+06   1.8000000e+01
   6.9085770e+06   2.4000000e+01
   6.9086160e+06   2.0000000e+01
   6.9087150e+06   1.7000000e+01
   6.9087700e+06   1.6000000e+01
   6.9088420e+06   1.7000000e+01
   6.9089380e+06   2.0000000e+01
   6.9090040e+06   2.2000000e+01
   6.9091560e+06   1.7000000e+01
   6.9092150e+06   1.8000000e+01
   6.9092890e+06   1.8000000e+01
   6.9093940e+06   1.9000000e+01
   6.9094620e+06   2.0000000e+01
   6.9095380e+06   1.5000000e+01
   6.9096430e+06   1.6000000e+01
   6.9097080e+06   1.6000000e+01
   6.9098950e+06   1.6000000e+01
   6.9099780e+06   1.6000000e+01
   6.9100870e+06   1.9000000e+01
   6.9102540e+06   1.8000000e+01
   6.9103330e+06   3.6000000e+01
   6.9103640e+06   2.1000000e+01
   6.9104960e+06   1.7000000e+01
   6.9106090e+06   2.0000000e+01
   6.9107840e+06   2.0000000e+01
   6.9109640e+06   1.5000000e+01
   6.9113860e+06   1.5000000e+01
   6.9117340e+06   1.5000000e+01
   6.9118690e+06   1.5000000e+01
   6.9141880e+06   1.5000000e+01
   7.0370610e+06   1.5000000e+01
   7.1233970e+06   1.5000000e+01
   7.1740300e+06   1.6000000e+01
   7.1745400e+06   1.8000000e+01
   7.1745660e+06   1.6000000e+01
   7.1755340e+06   1.6000000e+01
   7.1757120e+06   1.5000000e+01
   7.1758420e+06   1.5000000e+01
   7.1758720e+06   1.5000000e+01
   7.1759680e+06   1.6000000e+01
   7.1760300e+06   1.7000000e+01
   7.1765070e+06   1.5000000e+01
   7.1765450e+06   1.6000000e+01
   7.1773040e+06   1.8000000e+01
   7.1782930e+06   1.5000000e+01
   7.3065830e+06   1.5000000e+01
   7.3070920e+06   1.5000000e+01
   7.3706500e+06   1.5000000e+01
   7.3707870e+06   1.8000000e+01
   7.4604930e+06   1.5000000e+01
   7.4608530e+06   1.5000000e+01
   7.4610730e+06   1.8000000e+01
   7.4618490e+06   1.6000000e+01
   7.4766820e+06   1.6000000e+01
