   7.5000000e+06   0.0000000e+00
   4.7440000e+03   2.1000000e+01
   5.9240000e+03   2.1000000e+01
   5.9560000e+03   2.0000000e+01
   6.1070000e+03   2.6000000e+01
   6.2650000e+03   2.0000000e+01
   6.5350000e+03   2.0000000e+01
   7.1510000e+03   2.1000000e+01
   7.3090000e+03   2.0000000e+01
   7.5190000e+03   2.1000000e+01
   9.0080000e+03   2.1000000e+01
   8.7325000e+04   2.1000000e+01
   8.7472000e+04   2.1000000e+01
   8.8742000e+04   2.0000000e+01
   8.8877000e+04   2.0000000e+01
   8.9982000e+04   2.1000000e+01
   9.0407000e+04   2.3000000e+01
   9.0930000e+04   2.1000000e+01
   9.1702000e+04   2.3000000e+01
   9.2061000e+04   2.0000000e+01
   9.2108000e+04   2.0000000e+01
   9.2414000e+04   2.9000000e+01
   9.2625000e+04   2.1000000e+01
   9.2681000e+04   2.5000000e+01
   9.2738000e+04   2.3000000e+01
   9.2800000e+04   2.2000000e+01
   9.3077000e+04   2.0000000e+01
   9.3251000e+04   2.0000000e+01
   9.3488000e+04   2.0000000e+01
   9.3894000e+04   2.0000000e+01
   1.3916400e+05   2.0000000e+01
   1.9278900e+05   2.5000000e+01
   1.9324300e+05   2.0000000e+01
   1.9326800e+05   2.1000000e+01
   1.9336300e+05   2.1000000e+01
   1.9433400e+05   2.1000000e+01
   1.9449400e+05   2.1000000e+01
   1.9466800e+05   2.2000000e+01
   1.9479600e+05   2.3000000e+01
   1.9500600e+05   2.4000000e+01
   1.9505800e+05   2.1000000e+01
   1.9541400e+05   2.1000000e+01
   1.9563300e+05   2.2000000e+01
   1.9566900e+05   2.0000000e+01
   1.9591500e+05   2.0000000e+01
   2.6447100e+05   2.1000000e+01
   2.6466300e+05   2.5000000e+01
   2.6523300e+05   2.0000000e+01
   2.7037800e+05   2.0000000e+01
   2.7104800e+05   2.0000000e+01
   2.7418500e+05   2.0000000e+01
   3.8027100e+05   2.2000000e+01
   3.8037000e+05   2.0000000e+01
   3.8097200e+05   2.2000000e+01
   3.8133500e+05   2.5000000e+01
   3.8145200e+05   2.3000000e+01
   3.8162700e+05   2.4000000e+01
   3.8175600e+05   2.0000000e+01
   3.8194400e+05   2.0000000e+01
   3.8206300e+05   2.2000000e+01
   3.8217200e+05   2.1000000e+01
   3.8242000e+05   2.2000000e+01
   3.8252400e+05   2.0000000e+01
   3.8259400e+05   2.0000000e+01
   3.8266900e+05   2.0000000e+01
   3.8275000e+05   2.6000000e+01
   3.8311700e+05   2.0000000e+01
   3.8317100e+05   2.4000000e+01
   3.8330700e+05   2.0000000e+01
   3.8345000e+05   2.1000000e+01
   3.8364900e+05   2.0000000e+01
   3.8447700e+05   2.0000000e+01
   3.9486900e+05   2.0000000e+01
   3.9530500e+05   2.1000000e+01
   3.9544500e+05   2.3000000e+01
   3.9571000e+05   2.0000000e+01
   3.9687000e+05   2.1000000e+01
   4.0398700e+05   2.1000000e+01
   4.0429500e+05   2.6000000e+01
   4.0483900e+05   2.1000000e+01
   4.0624000e+05   2.0000000e+01
   4.9854100e+05   2.4000000e+01
   4.9892900e+05   2.7000000e+01
   4.9895400e+05   3.5000000e+01
   4.9905800e+05   2.0000000e+01
   4.9920200e+05   2.0000000e+01
   4.9929200e+05   2.2000000e+01
   4.9933900e+05   2.2000000e+01
   4.9942000e+05   4.3000000e+01
   4.9944700e+05   2.3000000e+01
   4.9953800e+05   3.2000000e+01
   4.9964000e+05   2.3000000e+01
   4.9973600e+05   2.0000000e+01
   4.9976500e+05   2.0000000e+01
   4.9985800e+05   2.2000000e+01
   4.9993000e+05   3.3000000e+01
   5.0004000e+05   2.6000000e+01
   5.0011800e+05   2.2000000e+01
   5.0027900e+05   2.2000000e+01
   5.0036900e+05   2.1000000e+01
   5.0044400e+05   2.9000000e+01
   5.0051300e+05   2.2000000e+01
   5.0064600e+05   2.1000000e+01
   5.0080100e+05   2.6000000e+01
   5.0085500e+05   2.0000000e+01
   5.0095500e+05   2.0000000e+01
   5.0099500e+05   2.6000000e+01
   5.0108100e+05   3.1000000e+01
   5.0122400e+05   3.1000000e+01
   5.0129900e+05   2.2000000e+01
   5.0137600e+05   3.0000000e+01
   5.0146300e+05   3.2000000e+01
   5.0151700e+05   2.4000000e+01
   5.0163800e+05   2.0000000e+01
   5.0167600e+05   2.2000000e+01
   5.0172900e+05   2.4000000e+01
   5.0178100e+05   2.3000000e+01
   5.0185300e+05   2.2000000e+01
   5.0195000e+05   3.4000000e+01
   5.0201400e+05   3.2000000e+01
   5.0203900e+05   2.1000000e+01
   5.0210500e+05   2.4000000e+01
   5.0219600e+05   3.4000000e+01
   5.0225500e+05   3.7000000e+01
   5.0237300e+05   3.0000000e+01
   5.0246000e+05   2.7000000e+01
   5.0256100e+05   2.2000000e+01
   5.0264500e+05   2.7000000e+01
   5.0271600e+05   2.0000000e+01
   5.0281500e+05   2.6000000e+01
   5.0289100e+05   2.2000000e+01
   5.0294300e+05   2.2000000e+01
   5.0315400e+05   2.1000000e+01
   5.0319600e+05   2.5000000e+01
   5.0330200e+05   2.2000000e+01
   5.0335300e+05   2.0000000e+01
   5.0347400e+05   2.2000000e+01
   5.0355400e+05   2.0000000e+01
   5.0361200e+05   2.1000000e+01
   5.0373900e+05   2.3000000e+01
   5.0380900e+05   2.1000000e+01
   5.0391600e+05   2.6000000e+01
   5.0400300e+05   2.4000000e+01
   5.0419100e+05   2.1000000e+01
   5.0427600e+05   2.0000000e+01
   5.0436000e+05   2.0000000e+01
   5.0446600e+05   2.4000000e+01
   5.0457100e+05   2.2000000e+01
   5.0464100e+05   2.1000000e+01
   5.0470900e+05   2.5000000e+01
   5.0480400e+05   2.2000000e+01
   5.0509500e+05   2.3000000e+01
   5.0518300e+05   2.3000000e+01
   5.0526100e+05   2.9000000e+01
   5.0529100e+05   2.1000000e+01
   5.0544100e+05   2.7000000e+01
   5.0548800e+05   2.2000000e+01
   5.0557200e+05   2.5000000e+01
   5.0561700e+05   2.5000000e+01
   5.0584200e+05   2.0000000e+01
   5.0593700e+05   2.5000000e+01
   5.0607300e+05   2.5000000e+01
   5.0660800e+05   2.0000000e+01
   5.0671600e+05   2.0000000e+01
   5.0680700e+05   2.1000000e+01
   5.0760500e+05   2.1000000e+01
   5.0783200e+05   2.2000000e+01
   5.0821900e+05   2.0000000e+01
   5.0850100e+05   2.3000000e+01
   5.0986600e+05   2.1000000e+01
   6.1898800e+05   2.1000000e+01
   6.1902700e+05   2.0000000e+01
   7.7670800e+05   2.1000000e+01
   7.7689300e+05   2.1000000e+01
   7.7769200e+05   2.1000000e+01
   7.7799600e+05   2.1000000e+01
   7.7887900e+05   2.0000000e+01
   8.4133800e+05   2.2000000e+01
   8.4155900e+05   2.0000000e+01
   8.4171000e+05   2.2000000e+01
   8.4181700e+05   2.1000000e+01
   8.4226500e+05   2.2000000e+01
   8.4238700e+05   2.1000000e+01
   8.4265000e+05   2.4000000e+01
   8.4285400e+05   2.0000000e+01
   8.4337800e+05   2.0000000e+01
   8.4352600e+05   2.1000000e+01
   8.4433400e+05   2.0000000e+01
   8.8896800e+05   2.0000000e+01
   8.8924500e+05   2.5000000e+01
   8.8928000e+05   2.1000000e+01
   8.8980500e+05   2.1000000e+01
   8.9011100e+05   2.0000000e+01
   8.9022700e+05   2.2000000e+01
   8.9028300e+05   2.0000000e+01
   8.9036200e+05   2.7000000e+01
   8.9046600e+05   2.2000000e+01
   8.9057400e+05   2.4000000e+01
   8.9071000e+05   2.3000000e+01
   8.9079200e+05   2.0000000e+01
   8.9103700e+05   2.0000000e+01
   8.9147600e+05   2.0000000e+01
   8.9236700e+05   2.0000000e+01
   1.0193910e+06   2.4000000e+01
   1.0197230e+06   2.1000000e+01
   1.0197730e+06   2.4000000e+01
   1.0198620e+06   2.1000000e+01
   1.0202450e+06   2.5000000e+01
   1.0205840e+06   2.3000000e+01
   1.0206580e+06   2.0000000e+01
   1.0208490e+06   2.0000000e+01
   1.0212740e+06   2.1000000e+01
   1.0213320e+06   2.0000000e+01
   1.0216810e+06   2.4000000e+01
   1.0217410e+06   2.1000000e+01
   1.0217750e+06   2.0000000e+01
   1.0218430e+06   2.3000000e+01
   1.0219580e+06   2.0000000e+01
   1.0221030e+06   2.0000000e+01
   1.0222230e+06   2.1000000e+01
   1.0222960e+06   2.7000000e+01
   1.0223430e+06   2.6000000e+01
   1.0224690e+06   2.1000000e+01
   1.0226110e+06   2.3000000e+01
   1.0229860e+06   2.4000000e+01
   1.0231490e+06   2.0000000e+01
   1.0232170e+06   2.0000000e+01
   1.0874460e+06   2.5000000e+01
   1.0922930e+06   2.2000000e+01
   1.0930700e+06   2.2000000e+01
   1.0935100e+06   2.0000000e+01
   1.0940680e+06   2.0000000e+01
   1.0941080e+06   2.3000000e+01
   1.0943190e+06   2.2000000e+01
   1.0944650e+06   3.1000000e+01
   1.0946620e+06   2.0000000e+01
   1.0947690e+06   2.3000000e+01
   1.0949700e+06   2.1000000e+01
   1.0952890e+06   2.1000000e+01
   1.0954870e+06   2.0000000e+01
   1.0955610e+06   2.2000000e+01
   1.0963450e+06   2.1000000e+01
   1.0965720e+06   2.2000000e+01
   1.1348150e+06   2.1000000e+01
   1.1409610e+06   2.2000000e+01
   1.1410620e+06   2.0000000e+01
   1.1767740e+06   2.1000000e+01
   1.1774810e+06   2.0000000e+01
   1.2343820e+06   2.0000000e+01
   1.2369810e+06   2.2000000e+01
   1.2370850e+06   2.3000000e+01
   1.2374480e+06   2.6000000e+01
   1.2376060e+06   2.7000000e+01
   1.2376450e+06   2.1000000e+01
   1.2377380e+06   2.4000000e+01
   1.2378660e+06   2.4000000e+01
   1.2379350e+06   2.0000000e+01
   1.2379940e+06   2.0000000e+01
   1.2380980e+06   2.2000000e+01
   1.2381410e+06   2.3000000e+01
   1.2382430e+06   2.3000000e+01
   1.2382870e+06   2.0000000e+01
   1.2383510e+06   2.2000000e+01
   1.2384900e+06   2.0000000e+01
   1.2385840e+06   2.2000000e+01
   1.2387380e+06   2.0000000e+01
   1.2388020e+06   2.0000000e+01
   1.2388780e+06   2.7000000e+01
   1.2390050e+06   2.3000000e+01
   1.2390380e+06   2.2000000e+01
   1.2391260e+06   2.9000000e+01
   1.2392100e+06   2.1000000e+01
   1.2393580e+06   2.5000000e+01
   1.2397260e+06   2.0000000e+01
   1.2397680e+06   2.0000000e+01
   1.2398850e+06   2.0000000e+01
   1.2400830e+06   2.5000000e+01
   1.2402120e+06   2.2000000e+01
   1.2403330e+06   2.1000000e+01
   1.2404830e+06   2.1000000e+01
   1.2405360e+06   2.1000000e+01
   1.2407850e+06   2.1000000e+01
   1.2409020e+06   2.4000000e+01
   1.2410460e+06   2.1000000e+01
   1.2412130e+06   2.0000000e+01
   1.2413460e+06   2.4000000e+01
   1.2414170e+06   2.0000000e+01
   1.2415350e+06   2.1000000e+01
   1.2421300e+06   2.2000000e+01
   1.2423940e+06   2.4000000e+01
   1.2425190e+06   2.2000000e+01
   1.2436900e+06   2.0000000e+01
   1.2445940e+06   2.0000000e+01
   1.3395280e+06   2.0000000e+01
   1.3398850e+06   2.3000000e+01
   1.3399590e+06   2.0000000e+01
   1.3399870e+06   2.0000000e+01
   1.3403590e+06   2.0000000e+01
   1.3404530e+06   2.0000000e+01
   1.3405340e+06   2.0000000e+01
   1.3409440e+06   3.0000000e+01
   1.3409790e+06   2.1000000e+01
   1.3410890e+06   2.1000000e+01
   1.3412920e+06   2.5000000e+01
   1.3413810e+06   2.0000000e+01
   1.3414220e+06   2.0000000e+01
   1.3415220e+06   2.3000000e+01
   1.3416040e+06   2.2000000e+01
   1.3417270e+06   2.0000000e+01
   1.3431130e+06   2.6000000e+01
   1.3446140e+06   2.1000000e+01
   1.3457000e+06   2.0000000e+01
   1.4799980e+06   2.0000000e+01
   1.4804610e+06   2.2000000e+01
   1.4808240e+06   2.2000000e+01
   1.4808770e+06   2.1000000e+01
   1.4810930e+06   2.4000000e+01
   1.4811710e+06   2.5000000e+01
   1.4812060e+06   3.0000000e+01
   1.4814930e+06   2.4000000e+01
   1.4815370e+06   2.0000000e+01
   1.4815820e+06   2.4000000e+01
   1.4816710e+06   2.0000000e+01
   1.4817380e+06   2.1000000e+01
   1.4819540e+06   2.0000000e+01
   1.4820500e+06   2.0000000e+01
   1.4820880e+06   2.8000000e+01
   1.4822830e+06   2.2000000e+01
   1.4823790e+06   2.2000000e+01
   1.4826280e+06   2.0000000e+01
   1.4827560e+06   2.2000000e+01
   1.4836200e+06   2.0000000e+01
   1.4841510e+06   2.0000000e+01
   1.4842250e+06   2.2000000e+01
   1.4842580e+06   2.1000000e+01
   1.4848760e+06   2.7000000e+01
   1.4851510e+06   2.1000000e+01
   1.4854460e+06   2.1000000e+01
   1.4856630e+06   2.3000000e+01
   1.4858790e+06   2.0000000e+01
   1.5974100e+06   2.2000000e+01
   1.5981570e+06   2.0000000e+01
   1.5992110e+06   2.0000000e+01
   1.6757530e+06   2.2000000e+01
   1.6792570e+06   2.1000000e+01
   1.6843620e+06   2.1000000e+01
   1.7474350e+06   2.0000000e+01
   1.7475330e+06   2.1000000e+01
   1.7478810e+06   2.0000000e+01
   1.7479410e+06   2.3000000e+01
   1.7486470e+06   2.1000000e+01
   1.7494830e+06   2.0000000e+01
   1.7502780e+06   2.0000000e+01
   1.7842230e+06   2.0000000e+01
   1.7890540e+06   2.0000000e+01
   1.7891080e+06   2.0000000e+01
   1.7897000e+06   2.0000000e+01
   1.8434370e+06   2.0000000e+01
   1.8438230e+06   3.1000000e+01
   1.8439730e+06   2.0000000e+01
   1.8441240e+06   2.2000000e+01
   1.8441670e+06   2.2000000e+01
   1.8443760e+06   2.0000000e+01
   1.8448100e+06   2.0000000e+01
   1.8449330e+06   2.1000000e+01
   1.8450360e+06   2.3000000e+01
   1.8455360e+06   2.6000000e+01
   1.8455960e+06   2.0000000e+01
   1.8457560e+06   2.0000000e+01
   1.8461500e+06   2.2000000e+01
   1.8461820e+06   2.0000000e+01
   1.8462400e+06   2.3000000e+01
   1.8466070e+06   2.2000000e+01
   1.8467490e+06   2.0000000e+01
   1.8471890e+06   2.1000000e+01
   1.8473480e+06   2.2000000e+01
   1.8474890e+06   2.0000000e+01
   1.8949400e+06   2.0000000e+01
   1.8964990e+06   2.2000000e+01
   1.8970180e+06   2.0000000e+01
   1.8988440e+06   2.1000000e+01
   1.8990760e+06   2.0000000e+01
   1.9509380e+06   2.1000000e+01
   1.9524120e+06   2.1000000e+01
   1.9528540e+06   2.0000000e+01
   1.9533550e+06   2.1000000e+01
   1.9536310e+06   2.0000000e+01
   1.9588430e+06   2.1000000e+01
   1.9631960e+06   2.2000000e+01
   1.9634800e+06   2.2000000e+01
   1.9638900e+06   2.1000000e+01
   1.9639970e+06   2.1000000e+01
   1.9640990e+06   2.1000000e+01
   1.9642480e+06   2.0000000e+01
   1.9643300e+06   2.1000000e+01
   1.9648400e+06   2.2000000e+01
   1.9651840e+06   2.0000000e+01
   1.9655080e+06   2.0000000e+01
   1.9657220e+06   2.2000000e+01
   1.9660320e+06   2.2000000e+01
   1.9661650e+06   2.2000000e+01
   1.9666730e+06   2.1000000e+01
   2.0281770e+06   2.0000000e+01
   2.0284960e+06   2.0000000e+01
   2.0396840e+06   2.0000000e+01
   2.0398560e+06   2.0000000e+01
   2.0402750e+06   2.0000000e+01
   2.0409190e+06   2.4000000e+01
   2.0415810e+06   2.0000000e+01
   2.0421800e+06   2.1000000e+01
   2.0425000e+06   2.1000000e+01
   2.0428880e+06   2.1000000e+01
   2.0432160e+06   2.3000000e+01
   2.0433560e+06   2.0000000e+01
   2.0434290e+06   2.1000000e+01
   2.0436300e+06   2.1000000e+01
   2.0438010e+06   2.3000000e+01
   2.0441440e+06   2.4000000e+01
   2.0443380e+06   2.8000000e+01
   2.0445560e+06   2.0000000e+01
   2.0446800e+06   2.0000000e+01
   2.0447170e+06   2.3000000e+01
   2.0447660e+06   2.3000000e+01
   2.0448990e+06   2.2000000e+01
   2.0460880e+06   2.0000000e+01
   2.1138010e+06   2.0000000e+01
   2.1140520e+06   2.3000000e+01
   2.1143350e+06   2.0000000e+01
   2.1144130e+06   2.4000000e+01
   2.1145150e+06   2.6000000e+01
   2.1146800e+06   2.3000000e+01
   2.1147540e+06   2.4000000e+01
   2.1148350e+06   3.0000000e+01
   2.1148760e+06   2.1000000e+01
   2.1149710e+06   2.1000000e+01
   2.1150160e+06   2.2000000e+01
   2.1151160e+06   2.6000000e+01
   2.1151840e+06   3.6000000e+01
   2.1152210e+06   2.3000000e+01
   2.1153620e+06   2.4000000e+01
   2.1153880e+06   2.7000000e+01
   2.1155560e+06   3.1000000e+01
   2.1156820e+06   2.0000000e+01
   2.1157070e+06   2.0000000e+01
   2.1157820e+06   2.5000000e+01
   2.1159490e+06   2.0000000e+01
   2.1160240e+06   2.2000000e+01
   2.1161360e+06   2.6000000e+01
   2.1162100e+06   2.2000000e+01
   2.1163430e+06   2.6000000e+01
   2.1164960e+06   2.1000000e+01
   2.1165310e+06   2.0000000e+01
   2.1165910e+06   2.0000000e+01
   2.1166160e+06   2.4000000e+01
   2.1167190e+06   2.6000000e+01
   2.1168080e+06   2.2000000e+01
   2.1168870e+06   2.7000000e+01
   2.1169580e+06   2.0000000e+01
   2.1170460e+06   2.1000000e+01
   2.1170950e+06   2.2000000e+01
   2.1172240e+06   2.1000000e+01
   2.1172780e+06   2.0000000e+01
   2.1173890e+06   2.2000000e+01
   2.1176080e+06   2.0000000e+01
   2.1176450e+06   2.6000000e+01
   2.1177050e+06   2.2000000e+01
   2.1177710e+06   3.0000000e+01
   2.1178080e+06   4.0000000e+01
   2.1179360e+06   2.5000000e+01
   2.1180500e+06   2.2000000e+01
   2.1182010e+06   2.2000000e+01
   2.1183290e+06   2.1000000e+01
   2.1184630e+06   2.0000000e+01
   2.1185320e+06   2.0000000e+01
   2.1185950e+06   2.5000000e+01
   2.1187750e+06   2.0000000e+01
   2.1188350e+06   2.2000000e+01
   2.1215260e+06   2.0000000e+01
   2.2340580e+06   2.1000000e+01
   2.2348850e+06   2.0000000e+01
   2.2353820e+06   2.0000000e+01
   2.2355050e+06   2.2000000e+01
   2.2356840e+06   2.2000000e+01
   2.2357250e+06   2.5000000e+01
   2.2358010e+06   2.0000000e+01
   2.2358370e+06   2.1000000e+01
   2.2360740e+06   2.0000000e+01
   2.2385910e+06   2.0000000e+01
   2.3283960e+06   2.1000000e+01
   2.3287870e+06   2.0000000e+01
   2.3291870e+06   2.0000000e+01
   2.3295870e+06   2.1000000e+01
   2.3299360e+06   2.8000000e+01
   2.3303260e+06   2.3000000e+01
   2.3306780e+06   2.1000000e+01
   2.3309820e+06   2.0000000e+01
   2.3310950e+06   2.0000000e+01
   2.3311300e+06   2.0000000e+01
   2.3313180e+06   2.1000000e+01
   2.3316900e+06   2.7000000e+01
   2.3317870e+06   2.2000000e+01
   2.3321480e+06   2.1000000e+01
   2.3324130e+06   2.0000000e+01
   2.4377430e+06   2.2000000e+01
   2.4378430e+06   2.1000000e+01
   2.4379890e+06   2.1000000e+01
   2.4382010e+06   2.2000000e+01
   2.4385790e+06   2.0000000e+01
   2.4387770e+06   2.1000000e+01
   2.4389870e+06   2.8000000e+01
   2.4390370e+06   2.0000000e+01
   2.4391430e+06   2.3000000e+01
   2.4393120e+06   2.2000000e+01
   2.4395390e+06   2.0000000e+01
   2.4396570e+06   2.1000000e+01
   2.4397930e+06   2.1000000e+01
   2.4398850e+06   2.0000000e+01
   2.4399100e+06   2.3000000e+01
   2.4402060e+06   2.0000000e+01
   2.4403500e+06   2.0000000e+01
   2.4404920e+06   2.2000000e+01
   2.4405850e+06   2.0000000e+01
   2.4406510e+06   2.5000000e+01
   2.4412540e+06   2.0000000e+01
   2.4414290e+06   2.0000000e+01
   2.4414930e+06   2.6000000e+01
   2.4415790e+06   2.1000000e+01
   2.4422330e+06   2.1000000e+01
   2.4434340e+06   2.0000000e+01
   2.4849990e+06   2.3000000e+01
   2.4873080e+06   2.0000000e+01
   2.5662270e+06   2.0000000e+01
   2.6119270e+06   2.2000000e+01
   2.6195210e+06   2.2000000e+01
   2.6199280e+06   2.0000000e+01
   2.6212620e+06   2.0000000e+01
   2.6230630e+06   2.0000000e+01
   2.6237040e+06   2.0000000e+01
   2.6716590e+06   2.1000000e+01
   2.6721660e+06   2.2000000e+01
   2.6722910e+06   2.0000000e+01
   2.6728680e+06   2.1000000e+01
   2.6772720e+06   2.0000000e+01
   2.7142030e+06   2.0000000e+01
   2.7145160e+06   2.1000000e+01
   2.7145930e+06   2.1000000e+01
   2.7785020e+06   2.0000000e+01
   2.7788370e+06   2.0000000e+01
   2.7793640e+06   2.0000000e+01
   2.7797270e+06   2.1000000e+01
   2.7805170e+06   2.2000000e+01
   2.7806250e+06   2.0000000e+01
   2.7848490e+06   2.0000000e+01
   2.7850840e+06   2.1000000e+01
   2.8529730e+06   2.2000000e+01
   2.8531860e+06   2.3000000e+01
   2.8533050e+06   2.1000000e+01
   2.8534950e+06   2.3000000e+01
   2.8535780e+06   2.3000000e+01
   2.8562120e+06   2.4000000e+01
   2.8564780e+06   2.0000000e+01
   2.8566190e+06   2.0000000e+01
   2.8570470e+06   2.2000000e+01
   2.9414330e+06   2.1000000e+01
   2.9417880e+06   2.2000000e+01
   2.9418880e+06   2.0000000e+01
   2.9420860e+06   2.0000000e+01
   2.9423380e+06   2.2000000e+01
   2.9424320e+06   2.0000000e+01
   2.9433720e+06   2.0000000e+01
   2.9433990e+06   2.1000000e+01
   2.9435780e+06   2.0000000e+01
   2.9437170e+06   2.9000000e+01
   2.9437750e+06   2.0000000e+01
   2.9438570e+06   2.2000000e+01
   2.9439030e+06   3.1000000e+01
   2.9439790e+06   2.8000000e+01
   2.9440380e+06   2.1000000e+01
   2.9441450e+06   2.1000000e+01
   2.9442830e+06   2.3000000e+01
   2.9444050e+06   2.0000000e+01
   2.9444760e+06   2.1000000e+01
   2.9446130e+06   2.3000000e+01
   2.9447070e+06   2.0000000e+01
   2.9448270e+06   3.1000000e+01
   2.9448620e+06   2.9000000e+01
   2.9451140e+06   2.7000000e+01
   2.9453340e+06   2.1000000e+01
   2.9454840e+06   2.0000000e+01
   2.9455400e+06   2.0000000e+01
   2.9459300e+06   2.1000000e+01
   2.9459920e+06   2.2000000e+01
   2.9470810e+06   2.0000000e+01
   3.0617480e+06   2.0000000e+01
   3.0619210e+06   2.0000000e+01
   3.0620490e+06   2.0000000e+01
   3.0620760e+06   2.4000000e+01
   3.0625580e+06   3.0000000e+01
   3.0626160e+06   2.1000000e+01
   3.0627510e+06   2.3000000e+01
   3.0627760e+06   2.7000000e+01
   3.0628370e+06   2.6000000e+01
   3.0630250e+06   2.0000000e+01
   3.0632580e+06   2.2000000e+01
   3.0635220e+06   2.1000000e+01
   3.0636640e+06   2.1000000e+01
   3.0643750e+06   2.0000000e+01
   3.0650940e+06   2.1000000e+01
   3.0654120e+06   2.0000000e+01
   3.0658070e+06   2.1000000e+01
   3.1468080e+06   2.2000000e+01
   3.1468690e+06   2.5000000e+01
   3.1474660e+06   2.1000000e+01
   3.1475690e+06   2.6000000e+01
   3.1476780e+06   2.1000000e+01
   3.1478600e+06   2.0000000e+01
   3.1479820e+06   2.0000000e+01
   3.1481100e+06   2.1000000e+01
   3.1482430e+06   2.3000000e+01
   3.1483440e+06   2.1000000e+01
   3.1483960e+06   2.1000000e+01
   3.1729310e+06   2.0000000e+01
   3.1736730e+06   2.2000000e+01
   3.1737220e+06   2.1000000e+01
   3.1741960e+06   2.0000000e+01
   3.1759020e+06   2.1000000e+01
   3.1761110e+06   2.2000000e+01
   3.1761380e+06   2.2000000e+01
   3.1774000e+06   2.0000000e+01
   3.1781320e+06   2.0000000e+01
   3.1785620e+06   2.6000000e+01
   3.1787750e+06   2.0000000e+01
   3.2315890e+06   2.1000000e+01
   3.2317080e+06   2.1000000e+01
   3.2324130e+06   2.1000000e+01
   3.2331050e+06   2.0000000e+01
   3.2334420e+06   2.0000000e+01
   3.2342660e+06   2.0000000e+01
   3.2344790e+06   2.0000000e+01
   3.2345810e+06   2.0000000e+01
   3.2349660e+06   2.8000000e+01
   3.2354510e+06   2.0000000e+01
   3.2355600e+06   2.0000000e+01
   3.2357180e+06   2.1000000e+01
   3.2359270e+06   2.3000000e+01
   3.2747890e+06   2.0000000e+01
   3.2748520e+06   2.2000000e+01
   3.2760950e+06   2.0000000e+01
   3.3030300e+06   2.1000000e+01
   3.3104650e+06   2.0000000e+01
   3.3112190e+06   2.1000000e+01
   3.3115320e+06   2.0000000e+01
   3.3433500e+06   2.0000000e+01
   3.3438810e+06   2.0000000e+01
   3.4226670e+06   2.0000000e+01
   3.4235150e+06   2.0000000e+01
   3.4310080e+06   2.1000000e+01
   3.4350440e+06   2.3000000e+01
   3.4353850e+06   2.0000000e+01
   3.4356230e+06   2.0000000e+01
   3.4363340e+06   2.4000000e+01
   3.4366200e+06   2.2000000e+01
   3.4369440e+06   2.1000000e+01
   3.4370710e+06   2.0000000e+01
   3.4373360e+06   2.0000000e+01
   3.4379170e+06   2.1000000e+01
   3.4400110e+06   2.1000000e+01
   3.4425040e+06   2.2000000e+01
   3.4470080e+06   2.0000000e+01
   3.5191020e+06   2.1000000e+01
   3.5193550e+06   2.3000000e+01
   3.5195780e+06   2.1000000e+01
   3.5197460e+06   2.4000000e+01
   3.5199060e+06   2.0000000e+01
   3.5203420e+06   2.5000000e+01
   3.5207950e+06   2.0000000e+01
   3.5208960e+06   2.3000000e+01
   3.5209940e+06   2.2000000e+01
   3.5210970e+06   2.1000000e+01
   3.5214280e+06   2.4000000e+01
   3.5756450e+06   2.0000000e+01
   3.5757070e+06   2.4000000e+01
   3.5759910e+06   2.2000000e+01
   3.5760210e+06   2.5000000e+01
   3.5761370e+06   2.7000000e+01
   3.5761680e+06   2.5000000e+01
   3.5762280e+06   2.2000000e+01
   3.5763700e+06   2.3000000e+01
   3.5765090e+06   2.1000000e+01
   3.5766430e+06   2.3000000e+01
   3.5766840e+06   2.5000000e+01
   3.5767180e+06   2.0000000e+01
   3.5767910e+06   2.6000000e+01
   3.5769080e+06   2.0000000e+01
   3.5770090e+06   3.0000000e+01
   3.5775640e+06   2.0000000e+01
   3.5776110e+06   2.1000000e+01
   3.5777700e+06   2.0000000e+01
   3.5784780e+06   2.1000000e+01
   3.7024230e+06   2.0000000e+01
   3.7039640e+06   2.0000000e+01
   3.7048970e+06   2.1000000e+01
   3.7064820e+06   2.1000000e+01
   3.7628300e+06   2.4000000e+01
   3.7629170e+06   2.1000000e+01
   3.7633260e+06   2.1000000e+01
   3.7635310e+06   2.3000000e+01
   3.7636680e+06   2.0000000e+01
   3.7636980e+06   2.3000000e+01
   3.7639000e+06   2.0000000e+01
   3.7642350e+06   2.3000000e+01
   3.7642900e+06   2.0000000e+01
   3.7644510e+06   2.0000000e+01
   3.7647730e+06   2.0000000e+01
   3.7649040e+06   2.0000000e+01
   3.7649450e+06   2.4000000e+01
   3.7651710e+06   2.3000000e+01
   3.7652640e+06   2.2000000e+01
   3.7653060e+06   2.3000000e+01
   3.7655330e+06   2.0000000e+01
   3.7657130e+06   2.2000000e+01
   3.7659070e+06   2.6000000e+01
   3.7674540e+06   2.0000000e+01
   3.7676620e+06   2.3000000e+01
   3.7677430e+06   2.1000000e+01
   3.7680860e+06   2.2000000e+01
   3.7681710e+06   2.0000000e+01
   3.7683610e+06   2.1000000e+01
   3.7686630e+06   2.2000000e+01
   3.7697700e+06   2.0000000e+01
   3.8463300e+06   2.0000000e+01
   3.9160620e+06   2.2000000e+01
   3.9170940e+06   2.0000000e+01
   3.9171980e+06   2.1000000e+01
   3.9174890e+06   2.0000000e+01
   3.9176220e+06   2.3000000e+01
   3.9177020e+06   3.2000000e+01
   3.9177520e+06   2.8000000e+01
   3.9182850e+06   2.0000000e+01
   3.9183460e+06   2.0000000e+01
   3.9187560e+06   2.4000000e+01
   3.9192950e+06   2.2000000e+01
   3.9203750e+06   2.0000000e+01
   3.9215360e+06   2.2000000e+01
   3.9218080e+06   2.5000000e+01
   3.9647470e+06   2.2000000e+01
   3.9648270e+06   2.1000000e+01
   3.9651950e+06   2.0000000e+01
   3.9653210e+06   2.4000000e+01
   3.9654390e+06   2.1000000e+01
   3.9655150e+06   2.4000000e+01
   3.9658550e+06   2.3000000e+01
   3.9659520e+06   2.3000000e+01
   3.9660680e+06   2.3000000e+01
   3.9661860e+06   2.2000000e+01
   3.9663690e+06   2.3000000e+01
   3.9664260e+06   2.0000000e+01
   3.9672180e+06   2.1000000e+01
   3.9673140e+06   2.0000000e+01
   3.9676030e+06   2.1000000e+01
   3.9682470e+06   2.1000000e+01
   3.9841670e+06   2.0000000e+01
   4.0604520e+06   2.0000000e+01
   4.0615330e+06   2.1000000e+01
   4.0616740e+06   2.0000000e+01
   4.0619460e+06   2.4000000e+01
   4.0623170e+06   2.1000000e+01
   4.0624950e+06   2.1000000e+01
   4.0631440e+06   2.0000000e+01
   4.0632030e+06   2.3000000e+01
   4.0632820e+06   2.0000000e+01
   4.0633370e+06   2.0000000e+01
   4.0634270e+06   2.2000000e+01
   4.0635310e+06   2.3000000e+01
   4.0638130e+06   2.1000000e+01
   4.0641200e+06   2.0000000e+01
   4.0643920e+06   2.2000000e+01
   4.0644470e+06   2.2000000e+01
   4.0654240e+06   2.0000000e+01
   4.1123710e+06   2.9000000e+01
   4.1642220e+06   2.0000000e+01
   4.1643300e+06   2.1000000e+01
   4.1645280e+06   2.0000000e+01
   4.1646380e+06   2.5000000e+01
   4.1647300e+06   2.3000000e+01
   4.1648170e+06   2.0000000e+01
   4.1648470e+06   2.4000000e+01
   4.1650130e+06   2.0000000e+01
   4.1651210e+06   2.1000000e+01
   4.1652210e+06   2.3000000e+01
   4.1652510e+06   2.1000000e+01
   4.1653460e+06   2.1000000e+01
   4.1654470e+06   2.6000000e+01
   4.1655570e+06   2.6000000e+01
   4.1656070e+06   2.1000000e+01
   4.1656870e+06   2.1000000e+01
   4.1657370e+06   2.2000000e+01
   4.1659340e+06   2.1000000e+01
   4.1659730e+06   2.4000000e+01
   4.1660330e+06   2.1000000e+01
   4.1661290e+06   2.2000000e+01
   4.1661870e+06   2.1000000e+01
   4.1663330e+06   2.2000000e+01
   4.1663920e+06   2.7000000e+01
   4.1664180e+06   2.4000000e+01
   4.1665380e+06   2.6000000e+01
   4.1671710e+06   2.0000000e+01
   4.1672100e+06   2.6000000e+01
   4.1678130e+06   2.3000000e+01
   4.1679170e+06   2.1000000e+01
   4.1681870e+06   2.1000000e+01
   4.1683940e+06   2.0000000e+01
   4.1689580e+06   2.4000000e+01
   4.1714720e+06   2.1000000e+01
   4.1719550e+06   2.0000000e+01
   4.1726340e+06   2.0000000e+01
   4.1729250e+06   2.0000000e+01
   4.1732000e+06   2.1000000e+01
   4.1733290e+06   2.1000000e+01
   4.1736990e+06   2.0000000e+01
   4.1737820e+06   2.0000000e+01
   4.1741280e+06   2.2000000e+01
   4.1746890e+06   2.0000000e+01
   4.1751610e+06   2.0000000e+01
   4.1752770e+06   2.0000000e+01
   4.2941450e+06   2.0000000e+01
   4.2954030e+06   2.1000000e+01
   4.2956490e+06   2.4000000e+01
   4.2960220e+06   2.1000000e+01
   4.2973970e+06   2.0000000e+01
   4.2981290e+06   2.5000000e+01
   4.2982230e+06   2.2000000e+01
   4.2991420e+06   2.0000000e+01
   4.2998890e+06   2.5000000e+01
   4.3003520e+06   2.0000000e+01
   4.3006270e+06   2.0000000e+01
   4.3009560e+06   2.1000000e+01
   4.3010350e+06   2.1000000e+01
   4.3012280e+06   2.4000000e+01
   4.3015790e+06   2.0000000e+01
   4.4071740e+06   2.2000000e+01
   4.4072290e+06   2.0000000e+01
   4.4080620e+06   2.0000000e+01
   4.4085740e+06   2.1000000e+01
   4.4093500e+06   2.1000000e+01
   4.4095310e+06   2.1000000e+01
   4.4640810e+06   2.0000000e+01
   4.4650800e+06   2.0000000e+01
   4.4657910e+06   2.2000000e+01
   4.5216830e+06   2.0000000e+01
   4.5220670e+06   2.0000000e+01
   4.5223500e+06   2.3000000e+01
   4.5227230e+06   2.0000000e+01
   4.5228770e+06   2.4000000e+01
   4.5229900e+06   2.0000000e+01
   4.5232980e+06   2.0000000e+01
   4.5234440e+06   2.0000000e+01
   4.5238410e+06   2.1000000e+01
   4.5239780e+06   2.1000000e+01
   4.5257110e+06   2.1000000e+01
   4.6282140e+06   2.0000000e+01
   4.6284000e+06   2.0000000e+01
   4.6288980e+06   2.4000000e+01
   4.6290640e+06   2.0000000e+01
   4.6292850e+06   2.0000000e+01
   4.6298110e+06   2.0000000e+01
   4.6303750e+06   2.4000000e+01
   4.6306740e+06   2.1000000e+01
   4.6348980e+06   2.1000000e+01
   4.7025260e+06   2.0000000e+01
   4.7028590e+06   2.1000000e+01
   4.7033540e+06   2.0000000e+01
   4.7493990e+06   2.1000000e+01
   4.7501380e+06   2.2000000e+01
   4.7520780e+06   2.1000000e+01
   4.7521660e+06   2.0000000e+01
   4.7522520e+06   2.0000000e+01
   4.7525340e+06   2.0000000e+01
   4.7528910e+06   2.0000000e+01
   4.7530040e+06   2.0000000e+01
   4.8182170e+06   2.0000000e+01
   4.8185780e+06   2.2000000e+01
   4.8191210e+06   2.3000000e+01
   4.8192640e+06   2.1000000e+01
   4.8198730e+06   2.1000000e+01
   4.8212510e+06   2.1000000e+01
   4.8227760e+06   2.6000000e+01
   4.8230610e+06   2.2000000e+01
   4.8231320e+06   2.2000000e+01
   4.8231900e+06   2.0000000e+01
   4.8232810e+06   2.1000000e+01
   4.8234410e+06   2.0000000e+01
   4.8235740e+06   2.3000000e+01
   4.8236130e+06   2.3000000e+01
   4.8237400e+06   2.0000000e+01
   4.8240540e+06   2.1000000e+01
   4.8240790e+06   2.9000000e+01
   4.8243100e+06   2.3000000e+01
   4.8245800e+06   2.0000000e+01
   4.8246850e+06   2.0000000e+01
   4.8247280e+06   2.0000000e+01
   4.8248320e+06   2.0000000e+01
   4.9061810e+06   2.1000000e+01
   4.9064780e+06   2.0000000e+01
   4.9065710e+06   2.0000000e+01
   4.9066710e+06   2.0000000e+01
   4.9074100e+06   2.0000000e+01
   4.9081190e+06   2.0000000e+01
   4.9085050e+06   2.3000000e+01
   4.9603670e+06   2.1000000e+01
   4.9605580e+06   2.0000000e+01
   4.9607870e+06   2.1000000e+01
   4.9610550e+06   2.4000000e+01
   4.9620970e+06   2.0000000e+01
   4.9749860e+06   2.0000000e+01
   4.9751520e+06   2.0000000e+01
   4.9757930e+06   2.0000000e+01
   4.9758260e+06   2.2000000e+01
   5.0222490e+06   2.1000000e+01
   5.0223400e+06   2.0000000e+01
   5.0229200e+06   2.0000000e+01
   5.0230320e+06   2.0000000e+01
   5.0230670e+06   2.2000000e+01
   5.0231530e+06   2.0000000e+01
   5.0233260e+06   2.0000000e+01
   5.0233910e+06   2.0000000e+01
   5.0238540e+06   2.0000000e+01
   5.0431100e+06   2.0000000e+01
   5.0432060e+06   2.2000000e+01
   5.0438370e+06   2.0000000e+01
   5.0439090e+06   2.1000000e+01
   5.0440180e+06   2.1000000e+01
   5.0733880e+06   2.0000000e+01
   5.0744190e+06   2.3000000e+01
   5.0762580e+06   2.0000000e+01
   5.0767920e+06   2.1000000e+01
   5.0771860e+06   2.4000000e+01
   5.0774640e+06   2.2000000e+01
   5.0775780e+06   2.5000000e+01
   5.0778870e+06   2.1000000e+01
   5.0779890e+06   2.0000000e+01
   5.0780140e+06   2.2000000e+01
   5.0781350e+06   2.6000000e+01
   5.0785960e+06   2.3000000e+01
   5.0786440e+06   2.5000000e+01
   5.0786750e+06   2.0000000e+01
   5.0788550e+06   2.8000000e+01
   5.0790490e+06   2.2000000e+01
   5.0791820e+06   2.1000000e+01
   5.0793280e+06   2.7000000e+01
   5.0793910e+06   2.3000000e+01
   5.0794690e+06   2.3000000e+01
   5.0797930e+06   2.6000000e+01
   5.0799690e+06   2.1000000e+01
   5.0802010e+06   2.4000000e+01
   5.0802520e+06   2.1000000e+01
   5.0804160e+06   2.1000000e+01
   5.0806740e+06   2.0000000e+01
   5.0807550e+06   2.2000000e+01
   5.0810090e+06   2.1000000e+01
   5.0813610e+06   2.1000000e+01
   5.0814430e+06   2.0000000e+01
   5.0817560e+06   2.0000000e+01
   5.0822950e+06   2.0000000e+01
   5.2138600e+06   2.3000000e+01
   5.2139210e+06   2.2000000e+01
   5.2140220e+06   2.1000000e+01
   5.2140910e+06   2.4000000e+01
   5.2141750e+06   2.1000000e+01
   5.2142920e+06   2.2000000e+01
   5.2143910e+06   2.1000000e+01
   5.2144630e+06   2.4000000e+01
   5.2145430e+06   3.0000000e+01
   5.2145960e+06   2.2000000e+01
   5.2148380e+06   2.0000000e+01
   5.2148960e+06   2.2000000e+01
   5.2149910e+06   2.4000000e+01
   5.2150660e+06   2.0000000e+01
   5.2152430e+06   2.2000000e+01
   5.2153320e+06   2.6000000e+01
   5.2154580e+06   2.9000000e+01
   5.2154830e+06   3.7000000e+01
   5.2155530e+06   2.7000000e+01
   5.2157500e+06   2.6000000e+01
   5.2157890e+06   2.3000000e+01
   5.2160160e+06   2.0000000e+01
   5.2161200e+06   2.0000000e+01
   5.2162840e+06   2.4000000e+01
   5.2163250e+06   2.6000000e+01
   5.2165640e+06   2.1000000e+01
   5.2166020e+06   2.2000000e+01
   5.2168340e+06   2.1000000e+01
   5.2169130e+06   2.0000000e+01
   5.2170000e+06   2.5000000e+01
   5.2178490e+06   2.2000000e+01
   5.2184730e+06   2.0000000e+01
   5.2192010e+06   2.1000000e+01
   5.2196170e+06   2.2000000e+01
   5.2199320e+06   2.0000000e+01
   5.2201450e+06   2.0000000e+01
   5.3215010e+06   2.0000000e+01
   5.3217600e+06   2.0000000e+01
   5.3219920e+06   2.1000000e+01
   5.3222030e+06   2.2000000e+01
   5.3223520e+06   2.2000000e+01
   5.3223920e+06   2.5000000e+01
   5.3225080e+06   2.0000000e+01
   5.3225530e+06   2.3000000e+01
   5.3227310e+06   2.0000000e+01
   5.3305890e+06   2.2000000e+01
   5.3354920e+06   2.1000000e+01
   5.4218840e+06   2.0000000e+01
   5.4221560e+06   2.0000000e+01
   5.4241820e+06   2.0000000e+01
   5.4254120e+06   2.2000000e+01
   5.4255990e+06   2.3000000e+01
   5.4256580e+06   2.5000000e+01
   5.4261490e+06   2.4000000e+01
   5.4265840e+06   2.1000000e+01
   5.4271070e+06   2.1000000e+01
   5.4271910e+06   2.0000000e+01
   5.4275450e+06   2.0000000e+01
   5.4286150e+06   2.0000000e+01
   5.4753120e+06   2.0000000e+01
   5.4753760e+06   2.0000000e+01
   5.4754440e+06   2.1000000e+01
   5.4755440e+06   2.0000000e+01
   5.4761470e+06   2.5000000e+01
   5.5605480e+06   2.3000000e+01
   5.5610520e+06   2.1000000e+01
   5.5612590e+06   2.1000000e+01
   5.5613000e+06   2.5000000e+01
   5.5613930e+06   2.2000000e+01
   5.5614510e+06   2.5000000e+01
   5.5615420e+06   2.1000000e+01
   5.5615970e+06   2.0000000e+01
   5.5617020e+06   2.0000000e+01
   5.5619780e+06   2.0000000e+01
   5.5620720e+06   2.0000000e+01
   5.5621040e+06   2.0000000e+01
   5.5622230e+06   2.2000000e+01
   5.5627930e+06   2.2000000e+01
   5.5632260e+06   2.2000000e+01
   5.5636150e+06   2.1000000e+01
   5.5640390e+06   2.0000000e+01
   5.5644520e+06   2.1000000e+01
   5.5649010e+06   2.1000000e+01
   5.6217320e+06   2.0000000e+01
   5.6223090e+06   2.1000000e+01
   5.6224460e+06   2.0000000e+01
   5.6225460e+06   2.6000000e+01
   5.6228850e+06   2.0000000e+01
   5.7139340e+06   2.0000000e+01
   5.7140800e+06   2.0000000e+01
   5.7143140e+06   2.1000000e+01
   5.7149640e+06   2.0000000e+01
   5.7150560e+06   2.1000000e+01
   5.7155790e+06   2.1000000e+01
   5.7164530e+06   2.1000000e+01
   5.7179380e+06   2.1000000e+01
   5.7185320e+06   2.1000000e+01
   5.7188620e+06   2.0000000e+01
   5.7193830e+06   2.1000000e+01
   5.7197140e+06   2.0000000e+01
   5.7198120e+06   2.2000000e+01
   5.7200250e+06   2.1000000e+01
   5.7201130e+06   2.3000000e+01
   5.7204720e+06   2.3000000e+01
   5.7205680e+06   2.0000000e+01
   5.7987290e+06   2.1000000e+01
   5.7994540e+06   2.1000000e+01
   5.8001090e+06   2.0000000e+01
   5.8008030e+06   2.1000000e+01
   5.8048430e+06   2.1000000e+01
   5.8353970e+06   2.0000000e+01
   5.8362290e+06   2.5000000e+01
   5.8821310e+06   2.2000000e+01
   5.8821910e+06   2.3000000e+01
   5.8822590e+06   2.3000000e+01
   5.8824070e+06   2.0000000e+01
   5.8834340e+06   2.0000000e+01
   5.8834850e+06   2.6000000e+01
   5.8836080e+06   2.1000000e+01
   5.8840930e+06   2.0000000e+01
   5.8842470e+06   2.0000000e+01
   5.8845090e+06   2.0000000e+01
   5.8856240e+06   2.3000000e+01
   5.8869220e+06   2.2000000e+01
   5.8877940e+06   2.4000000e+01
   5.8879350e+06   2.1000000e+01
   5.9349680e+06   2.2000000e+01
   5.9354740e+06   2.1000000e+01
   5.9379810e+06   2.2000000e+01
   5.9489320e+06   2.0000000e+01
   5.9494010e+06   2.1000000e+01
   6.0099690e+06   2.0000000e+01
   6.0101750e+06   2.0000000e+01
   6.0627640e+06   2.1000000e+01
   6.0628980e+06   2.3000000e+01
   6.0636310e+06   2.0000000e+01
   6.1485230e+06   2.0000000e+01
   6.1492410e+06   2.1000000e+01
   6.1496010e+06   2.0000000e+01
   6.1496380e+06   2.5000000e+01
   6.1497520e+06   2.7000000e+01
   6.1498270e+06   3.5000000e+01
   6.1498590e+06   2.1000000e+01
   6.1500790e+06   3.0000000e+01
   6.1502730e+06   2.4000000e+01
   6.1508090e+06   2.3000000e+01
   6.1509030e+06   2.3000000e+01
   6.1511870e+06   2.3000000e+01
   6.1512820e+06   2.2000000e+01
   6.1514470e+06   2.5000000e+01
   6.1514920e+06   2.1000000e+01
   6.1517250e+06   2.1000000e+01
   6.1517770e+06   2.3000000e+01
   6.1524550e+06   2.0000000e+01
   6.1526860e+06   2.1000000e+01
   6.2308780e+06   2.0000000e+01
   6.2309460e+06   2.0000000e+01
   6.2310790e+06   2.1000000e+01
   6.2311140e+06   2.2000000e+01
   6.2312190e+06   2.2000000e+01
   6.2313200e+06   3.2000000e+01
   6.2315060e+06   2.1000000e+01
   6.2315620e+06   2.5000000e+01
   6.2316090e+06   2.0000000e+01
   6.2319080e+06   2.0000000e+01
   6.2319890e+06   2.0000000e+01
   6.2320630e+06   3.2000000e+01
   6.2322110e+06   2.6000000e+01
   6.2322650e+06   2.2000000e+01
   6.2323280e+06   2.2000000e+01
   6.2323910e+06   2.1000000e+01
   6.2327330e+06   2.7000000e+01
   6.2328130e+06   2.4000000e+01
   6.2329890e+06   2.0000000e+01
   6.2334260e+06   2.1000000e+01
   6.2335090e+06   2.2000000e+01
   6.2337370e+06   2.1000000e+01
   6.2343030e+06   2.0000000e+01
   6.2994290e+06   2.5000000e+01
   6.3032710e+06   2.1000000e+01
   6.3392680e+06   2.2000000e+01
   6.3435990e+06   2.1000000e+01
   6.3441120e+06   2.2000000e+01
   6.3447900e+06   2.0000000e+01
   6.3449320e+06   2.6000000e+01
   6.3451880e+06   2.6000000e+01
   6.3455140e+06   2.0000000e+01
   6.3458450e+06   2.1000000e+01
   6.3460380e+06   2.0000000e+01
   6.3463280e+06   2.1000000e+01
   6.3465510e+06   2.0000000e+01
   6.3466240e+06   2.3000000e+01
   6.3958350e+06   2.0000000e+01
   6.4024110e+06   2.2000000e+01
   6.4963070e+06   2.0000000e+01
   6.4976200e+06   2.5000000e+01
   6.4980630e+06   2.2000000e+01
   6.4983050e+06   2.1000000e+01
   6.4986410e+06   2.3000000e+01
   6.4987710e+06   2.4000000e+01
   6.4992580e+06   2.0000000e+01
   6.4994320e+06   2.6000000e+01
   6.4994670e+06   2.1000000e+01
   6.4995400e+06   2.1000000e+01
   6.4996040e+06   2.7000000e+01
   6.4997190e+06   2.2000000e+01
   6.4997810e+06   2.2000000e+01
   6.4999530e+06   3.1000000e+01
   6.5001890e+06   2.2000000e+01
   6.5003450e+06   2.3000000e+01
   6.5004900e+06   2.0000000e+01
   6.5005890e+06   2.6000000e+01
   6.5006330e+06   2.0000000e+01
   6.5007330e+06   2.1000000e+01
   6.5008150e+06   2.4000000e+01
   6.5009630e+06   2.2000000e+01
   6.5010300e+06   2.5000000e+01
   6.5011100e+06   2.3000000e+01
   6.5011630e+06   2.3000000e+01
   6.5011970e+06   3.0000000e+01
   6.5012670e+06   2.3000000e+01
   6.5013440e+06   3.4000000e+01
   6.5014370e+06   2.0000000e+01
   6.5015400e+06   2.1000000e+01
   6.5017180e+06   2.1000000e+01
   6.5017760e+06   2.2000000e+01
   6.5018660e+06   2.0000000e+01
   6.5019550e+06   2.2000000e+01
   6.5020160e+06   2.1000000e+01
   6.5021070e+06   2.0000000e+01
   6.5023360e+06   2.3000000e+01
   6.5026900e+06   2.1000000e+01
   6.5029220e+06   2.0000000e+01
   6.5029770e+06   2.1000000e+01
   6.5034840e+06   2.6000000e+01
   6.5050780e+06   2.0000000e+01
   6.5993550e+06   2.0000000e+01
   6.5996950e+06   2.2000000e+01
   6.5997350e+06   2.9000000e+01
   6.5997930e+06   2.7000000e+01
   6.5998650e+06   2.6000000e+01
   6.6000050e+06   2.0000000e+01
   6.6000460e+06   2.1000000e+01
   6.6001430e+06   2.7000000e+01
   6.6001840e+06   2.1000000e+01
   6.6002700e+06   2.0000000e+01
   6.6004790e+06   2.0000000e+01
   6.6005640e+06   2.5000000e+01
   6.6006430e+06   2.0000000e+01
   6.6006780e+06   2.2000000e+01
   6.6009170e+06   2.0000000e+01
   6.6038710e+06   2.0000000e+01
   6.6848910e+06   2.1000000e+01
   6.6861370e+06   2.1000000e+01
   6.8232280e+06   2.0000000e+01
   6.8266960e+06   2.4000000e+01
   6.8267560e+06   2.0000000e+01
   6.8269670e+06   2.4000000e+01
   6.8274510e+06   2.6000000e+01
   6.8276530e+06   2.1000000e+01
   6.8277430e+06   2.1000000e+01
   6.8280100e+06   2.3000000e+01
   6.8281590e+06   2.1000000e+01
   6.8282430e+06   2.3000000e+01
   6.8283890e+06   2.1000000e+01
   6.8287920e+06   2.2000000e+01
   6.8289830e+06   2.1000000e+01
   6.8291540e+06   2.0000000e+01
   6.8292720e+06   2.1000000e+01
   6.8295970e+06   2.0000000e+01
   6.8297160e+06   2.1000000e+01
   6.8299290e+06   2.2000000e+01
   6.8301280e+06   2.0000000e+01
   6.8303360e+06   2.2000000e+01
   6.8305010e+06   2.0000000e+01
   6.8311660e+06   2.0000000e+01
   6.8467780e+06   2.0000000e+01
   6.9059840e+06   2.1000000e+01
   6.9066610e+06   2.0000000e+01
   6.9070210e+06   2.4000000e+01
   6.9070490e+06   2.3000000e+01
   6.9073360e+06   2.2000000e+01
   6.9074910e+06   2.4000000e+01
   6.9076470e+06   2.7000000e+01
   6.9077330e+06   2.6000000e+01
   6.9078540e+06   2.1000000e+01
   6.9079190e+06   2.3000000e+01
   6.9079790e+06   2.2000000e+01
   6.9080320e+06   2.5000000e+01
   6.9081220e+06   2.0000000e+01
   6.9081960e+06   2.2000000e+01
   6.9082900e+06   2.2000000e+01
   6.9085110e+06   2.0000000e+01
   6.9086020e+06   2.5000000e+01
   6.9086600e+06   2.0000000e+01
   6.9088100e+06   2.1000000e+01
   6.9088360e+06   2.4000000e+01
   6.9089360e+06   3.4000000e+01
   6.9089740e+06   3.0000000e+01
   6.9091840e+06   2.1000000e+01
   6.9092220e+06   4.1000000e+01
   6.9092880e+06   2.6000000e+01
   6.9093910e+06   3.2000000e+01
   6.9094510e+06   2.1000000e+01
   6.9095390e+06   2.7000000e+01
   6.9096450e+06   2.0000000e+01
   6.9097080e+06   2.1000000e+01
   6.9098060e+06   2.5000000e+01
   6.9098330e+06   2.1000000e+01
   6.9099840e+06   2.2000000e+01
   6.9100320e+06   2.1000000e+01
   6.9100880e+06   2.2000000e+01
   6.9101480e+06   2.1000000e+01
   6.9102510e+06   2.6000000e+01
   6.9103270e+06   4.2000000e+01
   6.9103550e+06   3.3000000e+01
   6.9105050e+06   2.2000000e+01
   6.9105430e+06   2.2000000e+01
   6.9107640e+06   2.6000000e+01
   6.9109230e+06   2.2000000e+01
   6.9109870e+06   2.2000000e+01
   6.9113890e+06   2.3000000e+01
   6.9117310e+06   2.2000000e+01
   6.9117910e+06   2.3000000e+01
   6.9118690e+06   2.0000000e+01
   6.9123000e+06   2.0000000e+01
   6.9129890e+06   2.1000000e+01
   6.9137230e+06   2.1000000e+01
   7.0364740e+06   2.1000000e+01
   7.0370310e+06   2.2000000e+01
   7.1243590e+06   2.1000000e+01
   7.1737620e+06   2.1000000e+01
   7.1741610e+06   2.0000000e+01
   7.1744430e+06   2.2000000e+01
   7.1745430e+06   2.8000000e+01
   7.1748700e+06   2.1000000e+01
   7.1749880e+06   2.2000000e+01
   7.1751480e+06   2.1000000e+01
   7.1752000e+06   2.1000000e+01
   7.1755310e+06   2.4000000e+01
   7.1755890e+06   2.0000000e+01
   7.1758120e+06   2.1000000e+01
   7.1758620e+06   2.0000000e+01
   7.1760010e+06   2.3000000e+01
   7.1761300e+06   2.2000000e+01
   7.1765420e+06   2.1000000e+01
   7.1769660e+06   2.1000000e+01
   7.1771410e+06   2.1000000e+01
   7.1772720e+06   2.0000000e+01
   7.1774860e+06   2.2000000e+01
   7.1775230e+06   2.0000000e+01
   7.1777340e+06   2.0000000e+01
   7.1778710e+06   2.3000000e+01
   7.1781510e+06   2.2000000e+01
   7.1783050e+06   2.0000000e+01
   7.1783800e+06   2.3000000e+01
   7.1788980e+06   2.0000000e+01
   7.1792360e+06   2.0000000e+01
   7.1793950e+06   2.3000000e+01
   7.1794350e+06   2.1000000e+01
   7.1796800e+06   2.2000000e+01
   7.1797880e+06   2.0000000e+01
   7.1807620e+06   2.3000000e+01
   7.3065830e+06   2.2000000e+01
   7.3066740e+06   2.4000000e+01
   7.3093850e+06   2.1000000e+01
   7.3094810e+06   2.0000000e+01
   7.3105680e+06   2.4000000e+01
   7.3106760e+06   2.0000000e+01
   7.3117610e+06   2.1000000e+01
   7.3707860e+06   2.1000000e+01
   7.3735130e+06   2.0000000e+01
   7.3749030e+06   2.0000000e+01
   7.3771390e+06   2.0000000e+01
   7.4566650e+06   2.0000000e+01
   7.4592350e+06   2.2000000e+01
   7.4598940e+06   2.1000000e+01
   7.4601550e+06   2.1000000e+01
   7.4605420e+06   2.5000000e+01
   7.4608490e+06   2.2000000e+01
   7.4611750e+06   2.1000000e+01
   7.4618490e+06   2.0000000e+01
