   7.5000000e+06   0.0000000e+00
   5.9180000e+03   1.5000000e+01
   5.9820000e+03   1.5000000e+01
   6.0800000e+03   1.6000000e+01
   6.2750000e+03   1.8000000e+01
   6.6040000e+03   1.6000000e+01
   6.8720000e+03   2.2000000e+01
   6.9670000e+03   2.0000000e+01
   7.1580000e+03   1.5000000e+01
   7.3030000e+03   1.5000000e+01
   7.3330000e+03   1.7000000e+01
   7.4100000e+03   1.5000000e+01
   8.7419000e+04   1.7000000e+01
   8.7599000e+04   2.0000000e+01
   8.7991000e+04   1.9000000e+01
   8.8209000e+04   1.5000000e+01
   8.8292000e+04   2.2000000e+01
   8.8541000e+04   1.6000000e+01
   8.8740000e+04   1.5000000e+01
   8.8818000e+04   1.7000000e+01
   8.9100000e+04   1.5000000e+01
   9.0018000e+04   1.5000000e+01
   9.1981000e+04   1.7000000e+01
   9.2228000e+04   1.5000000e+01
   9.2299000e+04   1.5000000e+01
   9.2498000e+04   1.6000000e+01
   9.2738000e+04   1.8000000e+01
   9.2771000e+04   1.5000000e+01
   9.2803000e+04   1.6000000e+01
   9.2877000e+04   1.6000000e+01
   9.3896000e+04   1.5000000e+01
   1.3917800e+05   1.6000000e+01
   1.9099300e+05   1.6000000e+01
   1.9277300e+05   1.6000000e+01
   1.9318000e+05   1.5000000e+01
   1.9326100e+05   1.7000000e+01
   1.9332500e+05   1.5000000e+01
   1.9337800e+05   1.7000000e+01
   1.9397600e+05   1.5000000e+01
   1.9463000e+05   1.5000000e+01
   1.9471500e+05   1.5000000e+01
   1.9480100e+05   1.9000000e+01
   1.9496500e+05   1.5000000e+01
   1.9506600e+05   1.7000000e+01
   1.9510500e+05   1.6000000e+01
   1.9522000e+05   1.5000000e+01
   1.9529900e+05   1.5000000e+01
   1.9539400e+05   1.8000000e+01
   1.9548000e+05   1.5000000e+01
   1.9563900e+05   1.6000000e+01
   1.9628300e+05   1.5000000e+01
   2.6252500e+05   1.5000000e+01
   2.6443700e+05   1.5000000e+01
   2.6456100e+05   1.5000000e+01
   2.6469600e+05   1.6000000e+01
   2.6477800e+05   1.5000000e+01
   2.6521300e+05   1.5000000e+01
   2.6577100e+05   1.5000000e+01
   2.7026700e+05   1.6000000e+01
   2.7037700e+05   1.5000000e+01
   2.7080200e+05   1.6000000e+01
   3.2515300e+05   1.6000000e+01
   3.2528600e+05   1.7000000e+01
   3.7721500e+05   1.5000000e+01
   3.8027000e+05   1.5000000e+01
   3.8039800e+05   1.8000000e+01
   3.8105800e+05   1.5000000e+01
   3.8133200e+05   1.6000000e+01
   3.8139600e+05   1.5000000e+01
   3.8145000e+05   1.7000000e+01
   3.8162000e+05   2.2000000e+01
   3.8172100e+05   1.6000000e+01
   3.8175700e+05   1.9000000e+01
   3.8194200e+05   2.3000000e+01
   3.8205500e+05   1.7000000e+01
   3.8211100e+05   1.7000000e+01
   3.8227400e+05   1.5000000e+01
   3.8252900e+05   1.5000000e+01
   3.8257900e+05   1.5000000e+01
   3.8266400e+05   1.6000000e+01
   3.8272800e+05   1.5000000e+01
   3.8276800e+05   1.5000000e+01
   3.8294400e+05   1.7000000e+01
   3.8300700e+05   1.5000000e+01
   3.8309000e+05   1.5000000e+01
   3.8317100e+05   1.8000000e+01
   3.8337500e+05   1.7000000e+01
   3.8360200e+05   1.5000000e+01
   3.8368500e+05   1.8000000e+01
   3.8372000e+05   1.5000000e+01
   4.0494700e+05   1.5000000e+01
   4.0661000e+05   1.7000000e+01
   4.9829300e+05   1.5000000e+01
   4.9854000e+05   1.8000000e+01
   4.9856700e+05   1.8000000e+01
   4.9868700e+05   1.6000000e+01
   4.9882000e+05   1.8000000e+01
   4.9894100e+05   2.4000000e+01
   4.9916200e+05   1.9000000e+01
   4.9920800e+05   2.1000000e+01
   4.9933800e+05   2.3000000e+01
   4.9942600e+05   3.1000000e+01
   4.9946900e+05   1.5000000e+01
   4.9955200e+05   1.9000000e+01
   4.9962500e+05   1.9000000e+01
   4.9976100e+05   1.8000000e+01
   4.9981000e+05   1.5000000e+01
   4.9991900e+05   2.1000000e+01
   5.0001500e+05   1.8000000e+01
   5.0010600e+05   1.6000000e+01
   5.0013400e+05   2.2000000e+01
   5.0023600e+05   1.7000000e+01
   5.0030000e+05   1.8000000e+01
   5.0035000e+05   1.5000000e+01
   5.0043800e+05   2.3000000e+01
   5.0054400e+05   1.9000000e+01
   5.0058700e+05   1.9000000e+01
   5.0063000e+05   1.8000000e+01
   5.0071400e+05   2.5000000e+01
   5.0073900e+05   1.6000000e+01
   5.0081700e+05   1.8000000e+01
   5.0085600e+05   1.8000000e+01
   5.0091400e+05   2.5000000e+01
   5.0097200e+05   1.7000000e+01
   5.0106600e+05   2.8000000e+01
   5.0116500e+05   1.5000000e+01
   5.0122400e+05   2.0000000e+01
   5.0132500e+05   1.5000000e+01
   5.0137800e+05   2.0000000e+01
   5.0144300e+05   1.9000000e+01
   5.0151200e+05   2.4000000e+01
   5.0162600e+05   1.6000000e+01
   5.0167500e+05   2.0000000e+01
   5.0178400e+05   2.1000000e+01
   5.0184800e+05   1.7000000e+01
   5.0193700e+05   1.9000000e+01
   5.0201200e+05   1.6000000e+01
   5.0210100e+05   2.0000000e+01
   5.0219400e+05   2.3000000e+01
   5.0222200e+05   1.7000000e+01
   5.0230900e+05   2.4000000e+01
   5.0242300e+05   1.8000000e+01
   5.0253200e+05   1.6000000e+01
   5.0263400e+05   1.8000000e+01
   5.0279800e+05   1.5000000e+01
   5.0303300e+05   1.6000000e+01
   5.0309200e+05   1.7000000e+01
   5.0330300e+05   1.7000000e+01
   5.0333400e+05   1.7000000e+01
   5.0345200e+05   1.6000000e+01
   5.0348400e+05   1.7000000e+01
   5.0361500e+05   1.9000000e+01
   5.0377600e+05   1.7000000e+01
   5.0384000e+05   1.7000000e+01
   5.0402800e+05   1.6000000e+01
   5.0413400e+05   1.5000000e+01
   5.0417600e+05   1.5000000e+01
   5.0429400e+05   1.5000000e+01
   5.0439300e+05   1.5000000e+01
   5.0446500e+05   1.5000000e+01
   5.0463400e+05   1.8000000e+01
   5.0474700e+05   1.7000000e+01
   5.0503800e+05   1.5000000e+01
   5.0522500e+05   1.6000000e+01
   5.0544100e+05   1.5000000e+01
   5.0553200e+05   1.5000000e+01
   5.0596800e+05   1.5000000e+01
   5.0728900e+05   1.7000000e+01
   5.0749300e+05   1.5000000e+01
   7.7649700e+05   1.6000000e+01
   7.7666000e+05   1.5000000e+01
   8.3894700e+05   1.5000000e+01
   8.4083600e+05   1.5000000e+01
   8.4122500e+05   1.5000000e+01
   8.4156200e+05   1.6000000e+01
   8.4220900e+05   1.5000000e+01
   8.4257600e+05   1.8000000e+01
   8.4357000e+05   1.7000000e+01
   8.4433500e+05   1.5000000e+01
   8.8888200e+05   1.6000000e+01
   8.8902300e+05   1.5000000e+01
   8.8912200e+05   1.6000000e+01
   8.8924500e+05   1.5000000e+01
   8.8941800e+05   1.6000000e+01
   8.8983400e+05   1.6000000e+01
   8.8986400e+05   1.6000000e+01
   8.9000500e+05   1.5000000e+01
   8.9011200e+05   2.0000000e+01
   8.9019700e+05   2.0000000e+01
   8.9027800e+05   1.8000000e+01
   8.9036700e+05   1.5000000e+01
   8.9047200e+05   1.9000000e+01
   8.9057400e+05   1.5000000e+01
   8.9071100e+05   1.6000000e+01
   8.9081600e+05   1.7000000e+01
   8.9099200e+05   1.7000000e+01
   8.9105500e+05   1.5000000e+01
   8.9113900e+05   1.7000000e+01
   8.9151100e+05   1.6000000e+01
   8.9203800e+05   1.7000000e+01
   8.9429500e+05   1.7000000e+01
   9.0334200e+05   1.6000000e+01
   9.0340100e+05   1.5000000e+01
   1.0192980e+06   2.1000000e+01
   1.0195710e+06   1.5000000e+01
   1.0197720e+06   1.6000000e+01
   1.0199930e+06   1.6000000e+01
   1.0201710e+06   1.5000000e+01
   1.0202220e+06   1.5000000e+01
   1.0203030e+06   1.7000000e+01
   1.0216690e+06   1.6000000e+01
   1.0217370e+06   1.7000000e+01
   1.0217990e+06   1.5000000e+01
   1.0221100e+06   1.5000000e+01
   1.0222250e+06   1.5000000e+01
   1.0223440e+06   1.5000000e+01
   1.0225630e+06   1.6000000e+01
   1.0226610e+06   1.5000000e+01
   1.0229860e+06   1.5000000e+01
   1.0253980e+06   1.6000000e+01
   1.0928820e+06   1.5000000e+01
   1.0932740e+06   1.5000000e+01
   1.0935760e+06   1.5000000e+01
   1.0940370e+06   1.5000000e+01
   1.0940650e+06   1.5000000e+01
   1.0944190e+06   1.6000000e+01
   1.0944730e+06   1.8000000e+01
   1.0946650e+06   1.7000000e+01
   1.0947440e+06   1.7000000e+01
   1.0947690e+06   1.8000000e+01
   1.0949690e+06   1.6000000e+01
   1.0953030e+06   1.7000000e+01
   1.0963390e+06   1.6000000e+01
   1.1774710e+06   1.6000000e+01
   1.2272010e+06   1.6000000e+01
   1.2274760e+06   1.6000000e+01
   1.2369760e+06   1.5000000e+01
   1.2370130e+06   1.5000000e+01
   1.2373710e+06   1.6000000e+01
   1.2374490e+06   1.6000000e+01
   1.2376210e+06   1.8000000e+01
   1.2376750e+06   1.5000000e+01
   1.2377380e+06   1.5000000e+01
   1.2378030e+06   1.7000000e+01
   1.2379290e+06   1.8000000e+01
   1.2379560e+06   1.5000000e+01
   1.2381310e+06   1.5000000e+01
   1.2382170e+06   1.5000000e+01
   1.2383760e+06   1.7000000e+01
   1.2385670e+06   1.5000000e+01
   1.2388030e+06   1.7000000e+01
   1.2388610e+06   1.7000000e+01
   1.2392650e+06   1.7000000e+01
   1.2392930e+06   1.5000000e+01
   1.2393390e+06   1.6000000e+01
   1.2402060e+06   1.5000000e+01
   1.2405880e+06   1.5000000e+01
   1.2431220e+06   1.7000000e+01
   1.3393500e+06   1.6000000e+01
   1.3396010e+06   1.5000000e+01
   1.3399400e+06   2.2000000e+01
   1.3399710e+06   1.5000000e+01
   1.3400830e+06   1.6000000e+01
   1.3401350e+06   1.8000000e+01
   1.3401790e+06   2.1000000e+01
   1.3403700e+06   1.6000000e+01
   1.3404560e+06   1.5000000e+01
   1.3405250e+06   1.6000000e+01
   1.3407410e+06   1.5000000e+01
   1.3409040e+06   2.2000000e+01
   1.3409490e+06   1.7000000e+01
   1.3410650e+06   1.6000000e+01
   1.3412180e+06   1.7000000e+01
   1.3413370e+06   1.7000000e+01
   1.3414690e+06   1.8000000e+01
   1.3415180e+06   2.2000000e+01
   1.3417320e+06   1.8000000e+01
   1.3417760e+06   1.5000000e+01
   1.3439970e+06   1.5000000e+01
   1.3449100e+06   1.6000000e+01
   1.4800770e+06   1.6000000e+01
   1.4802220e+06   1.8000000e+01
   1.4803840e+06   1.6000000e+01
   1.4804640e+06   1.5000000e+01
   1.4805920e+06   1.5000000e+01
   1.4806820e+06   1.7000000e+01
   1.4809020e+06   1.7000000e+01
   1.4810940e+06   1.7000000e+01
   1.4811650e+06   2.3000000e+01
   1.4812050e+06   1.8000000e+01
   1.4813090e+06   2.1000000e+01
   1.4813780e+06   2.5000000e+01
   1.4815340e+06   1.8000000e+01
   1.4815630e+06   2.3000000e+01
   1.4816450e+06   1.5000000e+01
   1.4817410e+06   1.6000000e+01
   1.4819520e+06   1.7000000e+01
   1.4820590e+06   1.9000000e+01
   1.4820890e+06   2.5000000e+01
   1.4822690e+06   1.6000000e+01
   1.4823440e+06   2.6000000e+01
   1.4823790e+06   2.0000000e+01
   1.4826280e+06   1.7000000e+01
   1.4827550e+06   1.6000000e+01
   1.4827850e+06   1.5000000e+01
   1.4828570e+06   1.5000000e+01
   1.4832160e+06   1.5000000e+01
   1.4841630e+06   2.0000000e+01
   1.4842360e+06   1.9000000e+01
   1.4846490e+06   1.7000000e+01
   1.4848750e+06   1.7000000e+01
   1.4851320e+06   1.5000000e+01
   1.4855080e+06   1.5000000e+01
   1.4892630e+06   1.6000000e+01
   1.5598890e+06   1.5000000e+01
   1.5602280e+06   1.6000000e+01
   1.5977690e+06   1.5000000e+01
   1.5981380e+06   1.5000000e+01
   1.5993400e+06   2.1000000e+01
   1.6808190e+06   2.0000000e+01
   1.6808810e+06   1.7000000e+01
   1.6809930e+06   1.6000000e+01
   1.6820380e+06   1.9000000e+01
   1.6837580e+06   1.7000000e+01
   1.6840690e+06   1.5000000e+01
   1.7462180e+06   1.5000000e+01
   1.7463520e+06   1.5000000e+01
   1.7468030e+06   1.5000000e+01
   1.7468730e+06   1.6000000e+01
   1.7469040e+06   1.5000000e+01
   1.7471730e+06   2.1000000e+01
   1.7473550e+06   1.6000000e+01
   1.7475280e+06   1.8000000e+01
   1.7479360e+06   1.6000000e+01
   1.7871650e+06   1.5000000e+01
   1.7890510e+06   1.6000000e+01
   1.7891660e+06   1.5000000e+01
   1.7893040e+06   1.7000000e+01
   1.7894390e+06   1.5000000e+01
   1.7897030e+06   1.5000000e+01
   1.7901010e+06   1.5000000e+01
   1.8433120e+06   1.5000000e+01
   1.8435530e+06   1.7000000e+01
   1.8436220e+06   1.5000000e+01
   1.8439560e+06   1.5000000e+01
   1.8441260e+06   1.6000000e+01
   1.8441780e+06   1.6000000e+01
   1.8442610e+06   1.5000000e+01
   1.8445720e+06   1.5000000e+01
   1.8447190e+06   1.5000000e+01
   1.8449360e+06   1.7000000e+01
   1.8454640e+06   1.6000000e+01
   1.8460890e+06   1.5000000e+01
   1.8462290e+06   1.6000000e+01
   1.8464830e+06   1.5000000e+01
   1.8466060e+06   1.5000000e+01
   1.8473280e+06   1.5000000e+01
   1.8477300e+06   1.5000000e+01
   1.8934050e+06   1.6000000e+01
   1.9522180e+06   1.5000000e+01
   1.9522770e+06   1.5000000e+01
   1.9523770e+06   1.5000000e+01
   1.9524440e+06   1.5000000e+01
   1.9528610e+06   1.7000000e+01
   1.9530090e+06   1.5000000e+01
   1.9531180e+06   1.5000000e+01
   1.9533250e+06   1.9000000e+01
   1.9639100e+06   1.6000000e+01
   1.9643080e+06   1.6000000e+01
   1.9671460e+06   1.5000000e+01
   1.9713330e+06   1.8000000e+01
   1.9716200e+06   1.6000000e+01
   1.9718990e+06   1.5000000e+01
   2.0396830e+06   1.5000000e+01
   2.0402750e+06   1.9000000e+01
   2.0403120e+06   1.5000000e+01
   2.0407370e+06   1.5000000e+01
   2.0408050e+06   1.6000000e+01
   2.0409920e+06   1.6000000e+01
   2.0423610e+06   1.6000000e+01
   2.0424540e+06   1.5000000e+01
   2.0433570e+06   1.8000000e+01
   2.0434830e+06   1.5000000e+01
   2.0447230e+06   1.6000000e+01
   2.0453420e+06   1.5000000e+01
   2.1128570e+06   1.5000000e+01
   2.1132640e+06   1.5000000e+01
   2.1134010e+06   1.8000000e+01
   2.1136020e+06   1.8000000e+01
   2.1136950e+06   1.7000000e+01
   2.1137660e+06   1.9000000e+01
   2.1138230e+06   1.7000000e+01
   2.1139260e+06   1.5000000e+01
   2.1139710e+06   1.5000000e+01
   2.1140510e+06   1.5000000e+01
   2.1141380e+06   1.5000000e+01
   2.1142640e+06   1.8000000e+01
   2.1143620e+06   2.0000000e+01
   2.1144830e+06   1.9000000e+01
   2.1145110e+06   2.6000000e+01
   2.1145950e+06   1.6000000e+01
   2.1146610e+06   2.2000000e+01
   2.1147060e+06   1.8000000e+01
   2.1147630e+06   1.6000000e+01
   2.1148620e+06   2.4000000e+01
   2.1149710e+06   2.5000000e+01
   2.1150020e+06   1.8000000e+01
   2.1151190e+06   2.0000000e+01
   2.1151490e+06   3.4000000e+01
   2.1151950e+06   2.3000000e+01
   2.1152930e+06   1.7000000e+01
   2.1153670e+06   2.5000000e+01
   2.1154060e+06   2.9000000e+01
   2.1154850e+06   1.6000000e+01
   2.1155790e+06   1.6000000e+01
   2.1156060e+06   1.5000000e+01
   2.1157320e+06   1.6000000e+01
   2.1157580e+06   2.2000000e+01
   2.1158420e+06   1.7000000e+01
   2.1158810e+06   1.6000000e+01
   2.1159490e+06   1.6000000e+01
   2.1159850e+06   2.0000000e+01
   2.1161370e+06   2.0000000e+01
   2.1162350e+06   1.5000000e+01
   2.1163310e+06   1.8000000e+01
   2.1163720e+06   1.5000000e+01
   2.1164630e+06   1.6000000e+01
   2.1164980e+06   2.4000000e+01
   2.1166030e+06   1.5000000e+01
   2.1166930e+06   1.7000000e+01
   2.1167220e+06   2.0000000e+01
   2.1168080e+06   1.7000000e+01
   2.1169010e+06   1.8000000e+01
   2.1170480e+06   1.9000000e+01
   2.1171650e+06   1.9000000e+01
   2.1171900e+06   1.7000000e+01
   2.1173340e+06   1.5000000e+01
   2.1173950e+06   1.5000000e+01
   2.1174720e+06   1.5000000e+01
   2.1176470e+06   1.8000000e+01
   2.1176770e+06   1.8000000e+01
   2.1177050e+06   1.5000000e+01
   2.1178400e+06   1.6000000e+01
   2.1180010e+06   1.6000000e+01
   2.1181960e+06   1.7000000e+01
   2.1183350e+06   1.5000000e+01
   2.1184460e+06   1.5000000e+01
   2.1185330e+06   1.6000000e+01
   2.1185960e+06   1.9000000e+01
   2.1188360e+06   1.5000000e+01
   2.1193540e+06   1.5000000e+01
   2.2342420e+06   1.5000000e+01
   2.2351150e+06   1.5000000e+01
   2.2354400e+06   1.5000000e+01
   2.3274950e+06   1.5000000e+01
   2.3281690e+06   1.5000000e+01
   2.3287880e+06   2.0000000e+01
   2.3291930e+06   1.5000000e+01
   2.3296870e+06   1.6000000e+01
   2.3316790e+06   1.7000000e+01
   2.3324410e+06   1.5000000e+01
   2.3326800e+06   1.6000000e+01
   2.4243250e+06   1.5000000e+01
   2.4353070e+06   1.5000000e+01
   2.4369650e+06   1.5000000e+01
   2.4382410e+06   1.6000000e+01
   2.4383530e+06   1.6000000e+01
   2.4385680e+06   1.5000000e+01
   2.4387640e+06   1.6000000e+01
   2.4389890e+06   1.9000000e+01
   2.4391360e+06   1.5000000e+01
   2.4392010e+06   1.6000000e+01
   2.4393490e+06   1.6000000e+01
   2.4395060e+06   1.7000000e+01
   2.4395750e+06   1.7000000e+01
   2.4396680e+06   1.8000000e+01
   2.4397950e+06   1.7000000e+01
   2.4399140e+06   1.9000000e+01
   2.4403220e+06   1.5000000e+01
   2.4404280e+06   1.7000000e+01
   2.4406030e+06   1.5000000e+01
   2.4835460e+06   1.5000000e+01
   2.4878400e+06   1.5000000e+01
   2.5656500e+06   1.5000000e+01
   2.5661300e+06   1.5000000e+01
   2.5662750e+06   1.5000000e+01
   2.6189570e+06   1.6000000e+01
   2.6210620e+06   1.6000000e+01
   2.6212190e+06   1.7000000e+01
   2.6221450e+06   1.5000000e+01
   2.6226050e+06   1.5000000e+01
   2.6711180e+06   1.6000000e+01
   2.6715850e+06   1.8000000e+01
   2.6716580e+06   2.1000000e+01
   2.6718770e+06   1.5000000e+01
   2.6720270e+06   1.6000000e+01
   2.6721610e+06   1.5000000e+01
   2.6721910e+06   1.8000000e+01
   2.6723020e+06   1.5000000e+01
   2.6750250e+06   1.5000000e+01
   2.7142030e+06   1.7000000e+01
   2.7155080e+06   1.5000000e+01
   2.7772900e+06   1.6000000e+01
   2.7774660e+06   1.7000000e+01
   2.7775430e+06   1.5000000e+01
   2.7776410e+06   1.6000000e+01
   2.7777310e+06   1.6000000e+01
   2.7780200e+06   1.5000000e+01
   2.7785490e+06   1.5000000e+01
   2.7786490e+06   1.5000000e+01
   2.7786990e+06   1.5000000e+01
   2.7787730e+06   1.7000000e+01
   2.7788440e+06   1.6000000e+01
   2.7789640e+06   1.5000000e+01
   2.7792850e+06   1.6000000e+01
   2.7795800e+06   1.5000000e+01
   2.7797200e+06   1.6000000e+01
   2.7800320e+06   1.6000000e+01
   2.7800770e+06   1.5000000e+01
   2.7812270e+06   1.7000000e+01
   2.7812700e+06   1.8000000e+01
   2.8519490e+06   1.6000000e+01
   2.8525330e+06   1.5000000e+01
   2.8529730e+06   2.0000000e+01
   2.8533010e+06   1.5000000e+01
   2.8535770e+06   1.8000000e+01
   2.8544100e+06   1.5000000e+01
   2.9415210e+06   1.7000000e+01
   2.9430540e+06   1.5000000e+01
   2.9431970e+06   1.9000000e+01
   2.9432850e+06   1.6000000e+01
   2.9433800e+06   1.9000000e+01
   2.9435120e+06   1.6000000e+01
   2.9435770e+06   1.9000000e+01
   2.9436660e+06   1.5000000e+01
   2.9437170e+06   2.7000000e+01
   2.9438660e+06   1.6000000e+01
   2.9439100e+06   1.7000000e+01
   2.9439790e+06   2.1000000e+01
   2.9440480e+06   2.3000000e+01
   2.9441410e+06   1.8000000e+01
   2.9442290e+06   1.5000000e+01
   2.9443360e+06   1.8000000e+01
   2.9445210e+06   1.7000000e+01
   2.9446270e+06   1.8000000e+01
   2.9447720e+06   1.5000000e+01
   2.9448190e+06   2.2000000e+01
   2.9448570e+06   2.1000000e+01
   2.9451210e+06   1.8000000e+01
   2.9451800e+06   1.5000000e+01
   2.9456680e+06   1.5000000e+01
   2.9457680e+06   1.6000000e+01
   3.0617440e+06   1.8000000e+01
   3.0619120e+06   1.6000000e+01
   3.0619590e+06   1.5000000e+01
   3.0620010e+06   1.8000000e+01
   3.0620440e+06   1.5000000e+01
   3.0623350e+06   2.1000000e+01
   3.0625060e+06   1.5000000e+01
   3.0627510e+06   1.9000000e+01
   3.0627860e+06   2.5000000e+01
   3.0628110e+06   1.5000000e+01
   3.0628590e+06   1.6000000e+01
   3.0630080e+06   2.2000000e+01
   3.0630730e+06   1.5000000e+01
   3.0631580e+06   1.6000000e+01
   3.0632590e+06   1.5000000e+01
   3.0632870e+06   1.6000000e+01
   3.0633790e+06   1.5000000e+01
   3.0634860e+06   1.8000000e+01
   3.0635540e+06   1.5000000e+01
   3.0636700e+06   1.5000000e+01
   3.0641780e+06   1.5000000e+01
   3.0654650e+06   1.5000000e+01
   3.1468070e+06   1.6000000e+01
   3.1468690e+06   2.1000000e+01
   3.1469270e+06   1.6000000e+01
   3.1470230e+06   1.5000000e+01
   3.1474640e+06   1.6000000e+01
   3.1475680e+06   1.6000000e+01
   3.1476980e+06   1.6000000e+01
   3.1477990e+06   1.7000000e+01
   3.1478880e+06   1.7000000e+01
   3.1479800e+06   1.7000000e+01
   3.1481100e+06   1.5000000e+01
   3.1481590e+06   2.2000000e+01
   3.1482610e+06   1.7000000e+01
   3.1483840e+06   1.5000000e+01
   3.1486220e+06   1.6000000e+01
   3.1487080e+06   1.5000000e+01
   3.1729430e+06   1.6000000e+01
   3.1735230e+06   1.5000000e+01
   3.1737810e+06   1.6000000e+01
   3.1739290e+06   1.6000000e+01
   3.1759020e+06   1.5000000e+01
   3.1781670e+06   1.5000000e+01
   3.1792480e+06   2.2000000e+01
   3.2322810e+06   1.5000000e+01
   3.2326620e+06   1.6000000e+01
   3.2328840e+06   1.6000000e+01
   3.2339760e+06   1.5000000e+01
   3.2355600e+06   1.6000000e+01
   3.2744090e+06   1.6000000e+01
   3.2744420e+06   1.5000000e+01
   3.2746670e+06   1.7000000e+01
   3.2747000e+06   1.6000000e+01
   3.2747920e+06   1.5000000e+01
   3.2748420e+06   1.5000000e+01
   3.2750410e+06   1.6000000e+01
   3.2751550e+06   1.6000000e+01
   3.2751870e+06   1.5000000e+01
   3.2755860e+06   1.5000000e+01
   3.3432570e+06   1.6000000e+01
   3.3432910e+06   2.0000000e+01
   3.3433610e+06   1.5000000e+01
   3.3436670e+06   1.5000000e+01
   3.3438240e+06   2.1000000e+01
   3.3442810e+06   1.6000000e+01
   3.3444060e+06   1.5000000e+01
   3.3965110e+06   1.5000000e+01
   3.4215860e+06   1.6000000e+01
   3.4216810e+06   1.5000000e+01
   3.4225100e+06   1.5000000e+01
   3.4227610e+06   1.5000000e+01
   3.4233310e+06   1.6000000e+01
   3.4234830e+06   1.6000000e+01
   3.4241100e+06   1.5000000e+01
   3.4370760e+06   1.5000000e+01
   3.4378580e+06   1.5000000e+01
   3.4418030e+06   1.5000000e+01
   3.4422560e+06   1.5000000e+01
   3.4424080e+06   1.6000000e+01
   3.4424530e+06   1.7000000e+01
   3.4425220e+06   1.8000000e+01
   3.5188720e+06   1.5000000e+01
   3.5192840e+06   1.6000000e+01
   3.5193270e+06   1.5000000e+01
   3.5194790e+06   1.7000000e+01
   3.5195810e+06   2.1000000e+01
   3.5196470e+06   1.9000000e+01
   3.5197090e+06   1.6000000e+01
   3.5197410e+06   1.5000000e+01
   3.5198570e+06   1.6000000e+01
   3.5199050e+06   1.5000000e+01
   3.5200310e+06   1.5000000e+01
   3.5201960e+06   1.6000000e+01
   3.5202970e+06   1.5000000e+01
   3.5203550e+06   1.5000000e+01
   3.5207930e+06   1.6000000e+01
   3.5732810e+06   1.5000000e+01
   3.5758820e+06   1.8000000e+01
   3.5760100e+06   1.6000000e+01
   3.5760690e+06   2.0000000e+01
   3.5762970e+06   1.9000000e+01
   3.5764350e+06   1.5000000e+01
   3.5766660e+06   1.5000000e+01
   3.5768300e+06   1.7000000e+01
   3.5770090e+06   1.8000000e+01
   3.5775550e+06   1.5000000e+01
   3.5776530e+06   1.8000000e+01
   3.5777650e+06   1.5000000e+01
   3.7013590e+06   1.8000000e+01
   3.7016480e+06   1.5000000e+01
   3.7017910e+06   1.5000000e+01
   3.7021090e+06   1.5000000e+01
   3.7626950e+06   1.8000000e+01
   3.7628290e+06   1.5000000e+01
   3.7629070e+06   1.5000000e+01
   3.7631250e+06   1.6000000e+01
   3.7632100e+06   1.6000000e+01
   3.7634380e+06   1.5000000e+01
   3.7634790e+06   1.5000000e+01
   3.7639050e+06   1.5000000e+01
   3.7640380e+06   1.5000000e+01
   3.7640670e+06   1.7000000e+01
   3.7641580e+06   1.5000000e+01
   3.7647150e+06   1.6000000e+01
   3.7649090e+06   1.9000000e+01
   3.7652130e+06   2.2000000e+01
   3.7653030e+06   2.5000000e+01
   3.7656120e+06   1.7000000e+01
   3.7657220e+06   1.7000000e+01
   3.7676740e+06   1.7000000e+01
   3.8403190e+06   1.5000000e+01
   3.8406730e+06   1.5000000e+01
   3.8458360e+06   1.5000000e+01
   3.9160620e+06   1.5000000e+01
   3.9164970e+06   1.5000000e+01
   3.9165550e+06   1.5000000e+01
   3.9166140e+06   1.5000000e+01
   3.9168330e+06   1.6000000e+01
   3.9169320e+06   1.5000000e+01
   3.9172090e+06   2.0000000e+01
   3.9173850e+06   1.6000000e+01
   3.9174120e+06   1.8000000e+01
   3.9174710e+06   1.9000000e+01
   3.9175180e+06   1.6000000e+01
   3.9176980e+06   2.1000000e+01
   3.9177550e+06   1.9000000e+01
   3.9178430e+06   1.6000000e+01
   3.9179820e+06   2.1000000e+01
   3.9182140e+06   1.5000000e+01
   3.9182990e+06   1.8000000e+01
   3.9183680e+06   1.9000000e+01
   3.9184690e+06   1.6000000e+01
   3.9184940e+06   1.5000000e+01
   3.9185540e+06   1.5000000e+01
   3.9187720e+06   1.6000000e+01
   3.9189960e+06   1.5000000e+01
   3.9218330e+06   1.5000000e+01
   3.9647090e+06   1.5000000e+01
   3.9651000e+06   1.6000000e+01
   3.9651980e+06   1.9000000e+01
   3.9653350e+06   1.7000000e+01
   3.9654500e+06   2.3000000e+01
   3.9655290e+06   2.0000000e+01
   3.9656430e+06   1.7000000e+01
   3.9656770e+06   1.8000000e+01
   3.9657880e+06   1.5000000e+01
   3.9658980e+06   1.8000000e+01
   3.9660060e+06   1.5000000e+01
   3.9660730e+06   1.7000000e+01
   3.9661810e+06   1.7000000e+01
   3.9662180e+06   2.0000000e+01
   3.9663660e+06   1.8000000e+01
   3.9668090e+06   1.9000000e+01
   3.9669280e+06   1.6000000e+01
   3.9671250e+06   1.6000000e+01
   3.9671860e+06   1.7000000e+01
   3.9681810e+06   1.5000000e+01
   4.0609730e+06   1.6000000e+01
   4.0610230e+06   1.5000000e+01
   4.0611090e+06   1.7000000e+01
   4.0611770e+06   1.5000000e+01
   4.0622200e+06   1.8000000e+01
   4.0624940e+06   1.6000000e+01
   4.0632340e+06   1.5000000e+01
   4.0641240e+06   1.5000000e+01
   4.0642890e+06   1.6000000e+01
   4.0643960e+06   1.6000000e+01
   4.0645770e+06   1.5000000e+01
   4.0671020e+06   1.5000000e+01
   4.0672010e+06   1.6000000e+01
   4.1123690e+06   1.6000000e+01
   4.1420070e+06   1.5000000e+01
   4.1638890e+06   1.5000000e+01
   4.1639380e+06   1.5000000e+01
   4.1640040e+06   1.5000000e+01
   4.1640860e+06   1.9000000e+01
   4.1642030e+06   1.7000000e+01
   4.1642370e+06   1.6000000e+01
   4.1643300e+06   2.3000000e+01
   4.1644140e+06   1.5000000e+01
   4.1644990e+06   1.7000000e+01
   4.1645280e+06   2.7000000e+01
   4.1645880e+06   1.5000000e+01
   4.1646390e+06   1.8000000e+01
   4.1647380e+06   1.5000000e+01
   4.1648160e+06   2.0000000e+01
   4.1649170e+06   1.7000000e+01
   4.1649710e+06   1.6000000e+01
   4.1650130e+06   2.4000000e+01
   4.1651200e+06   2.6000000e+01
   4.1652130e+06   1.7000000e+01
   4.1652470e+06   2.5000000e+01
   4.1653380e+06   1.5000000e+01
   4.1653890e+06   1.7000000e+01
   4.1654720e+06   1.6000000e+01
   4.1655580e+06   2.2000000e+01
   4.1656030e+06   2.4000000e+01
   4.1657170e+06   1.7000000e+01
   4.1658000e+06   3.2000000e+01
   4.1658390e+06   1.9000000e+01
   4.1659300e+06   2.0000000e+01
   4.1660020e+06   2.4000000e+01
   4.1660330e+06   2.3000000e+01
   4.1661250e+06   1.9000000e+01
   4.1661900e+06   2.0000000e+01
   4.1662550e+06   1.9000000e+01
   4.1663100e+06   1.8000000e+01
   4.1663910e+06   2.3000000e+01
   4.1664180e+06   1.6000000e+01
   4.1665020e+06   1.6000000e+01
   4.1665330e+06   2.0000000e+01
   4.1666370e+06   1.6000000e+01
   4.1667500e+06   2.0000000e+01
   4.1668290e+06   1.7000000e+01
   4.1668810e+06   1.5000000e+01
   4.1670470e+06   1.8000000e+01
   4.1672540e+06   2.1000000e+01
   4.1674810e+06   1.5000000e+01
   4.1676320e+06   1.5000000e+01
   4.1677100e+06   1.9000000e+01
   4.1678770e+06   1.6000000e+01
   4.1679160e+06   1.6000000e+01
   4.1682330e+06   2.0000000e+01
   4.1683330e+06   1.5000000e+01
   4.1683940e+06   1.6000000e+01
   4.1686320e+06   1.7000000e+01
   4.1689510e+06   1.5000000e+01
   4.1729260e+06   1.5000000e+01
   4.1733300e+06   1.6000000e+01
   4.2941970e+06   1.8000000e+01
   4.2943310e+06   1.7000000e+01
   4.2945720e+06   1.6000000e+01
   4.2968820e+06   1.5000000e+01
   4.2991650e+06   1.6000000e+01
   4.3006270e+06   1.6000000e+01
   4.3012350e+06   1.5000000e+01
   4.4075470e+06   1.6000000e+01
   4.4080930e+06   1.5000000e+01
   4.4083750e+06   1.8000000e+01
   4.4661510e+06   1.5000000e+01
   4.5194270e+06   1.5000000e+01
   4.5196040e+06   1.9000000e+01
   4.5232890e+06   1.6000000e+01
   4.5242110e+06   1.6000000e+01
   4.6288590e+06   1.5000000e+01
   4.6289490e+06   1.6000000e+01
   4.6290640e+06   1.7000000e+01
   4.6291730e+06   1.9000000e+01
   4.6293830e+06   1.8000000e+01
   4.6294230e+06   1.5000000e+01
   4.6298080e+06   1.6000000e+01
   4.6301190e+06   1.8000000e+01
   4.6304120e+06   1.5000000e+01
   4.6305250e+06   1.7000000e+01
   4.6306910e+06   1.5000000e+01
   4.6994610e+06   1.5000000e+01
   4.7028590e+06   1.5000000e+01
   4.7036130e+06   1.7000000e+01
   4.7489390e+06   1.5000000e+01
   4.7527770e+06   1.5000000e+01
   4.7565310e+06   1.6000000e+01
   4.8177940e+06   1.6000000e+01
   4.8183540e+06   1.7000000e+01
   4.8184070e+06   1.6000000e+01
   4.8184650e+06   2.2000000e+01
   4.8185520e+06   1.8000000e+01
   4.8187970e+06   1.6000000e+01
   4.8188970e+06   1.5000000e+01
   4.8190750e+06   1.5000000e+01
   4.8191050e+06   1.5000000e+01
   4.8194410e+06   1.5000000e+01
   4.8195430e+06   1.6000000e+01
   4.8199080e+06   1.5000000e+01
   4.8210180e+06   1.5000000e+01
   4.8212520e+06   1.5000000e+01
   4.8227110e+06   1.5000000e+01
   4.8227790e+06   1.9000000e+01
   4.8230650e+06   1.5000000e+01
   4.8232890e+06   1.6000000e+01
   4.8236070e+06   1.5000000e+01
   4.8237750e+06   1.5000000e+01
   4.8240550e+06   1.7000000e+01
   4.8241240e+06   1.5000000e+01
   4.8249330e+06   1.8000000e+01
   4.9081200e+06   1.5000000e+01
   4.9084910e+06   1.5000000e+01
   4.9088700e+06   1.9000000e+01
   4.9600360e+06   1.5000000e+01
   4.9604710e+06   1.5000000e+01
   4.9605520e+06   2.1000000e+01
   4.9606010e+06   1.5000000e+01
   4.9607910e+06   1.7000000e+01
   4.9759010e+06   1.5000000e+01
   5.0213740e+06   1.5000000e+01
   5.0218870e+06   1.5000000e+01
   5.0220890e+06   1.9000000e+01
   5.0222480e+06   1.6000000e+01
   5.0225360e+06   1.5000000e+01
   5.0229010e+06   1.6000000e+01
   5.0230280e+06   1.8000000e+01
   5.0231540e+06   1.7000000e+01
   5.0232800e+06   1.5000000e+01
   5.0233970e+06   1.5000000e+01
   5.0235330e+06   1.5000000e+01
   5.0735580e+06   1.5000000e+01
   5.0736310e+06   1.7000000e+01
   5.0736880e+06   1.8000000e+01
   5.0738670e+06   1.5000000e+01
   5.0742750e+06   1.6000000e+01
   5.0744050e+06   1.5000000e+01
   5.0746840e+06   1.8000000e+01
   5.0765890e+06   1.5000000e+01
   5.0777090e+06   1.8000000e+01
   5.0780220e+06   1.5000000e+01
   5.0781490e+06   1.5000000e+01
   5.0781830e+06   1.5000000e+01
   5.0784340e+06   1.5000000e+01
   5.0786620e+06   1.6000000e+01
   5.0789620e+06   2.3000000e+01
   5.0791280e+06   1.5000000e+01
   5.0793270e+06   1.6000000e+01
   5.0794690e+06   1.6000000e+01
   5.0799920e+06   1.6000000e+01
   5.0802430e+06   1.5000000e+01
   5.0807550e+06   1.6000000e+01
   5.0810250e+06   1.5000000e+01
   5.2136490e+06   1.8000000e+01
   5.2137950e+06   1.5000000e+01
   5.2139130e+06   2.6000000e+01
   5.2140150e+06   1.5000000e+01
   5.2141760e+06   1.5000000e+01
   5.2142740e+06   1.7000000e+01
   5.2143040e+06   1.5000000e+01
   5.2144110e+06   1.7000000e+01
   5.2145520e+06   2.6000000e+01
   5.2146080e+06   1.7000000e+01
   5.2147960e+06   1.5000000e+01
   5.2148610e+06   1.6000000e+01
   5.2149880e+06   1.7000000e+01
   5.2150490e+06   2.9000000e+01
   5.2150770e+06   2.2000000e+01
   5.2151890e+06   1.7000000e+01
   5.2152580e+06   1.8000000e+01
   5.2153140e+06   1.7000000e+01
   5.2153770e+06   1.5000000e+01
   5.2154570e+06   2.3000000e+01
   5.2155520e+06   3.1000000e+01
   5.2157160e+06   2.9000000e+01
   5.2157890e+06   2.3000000e+01
   5.2158650e+06   1.8000000e+01
   5.2159630e+06   1.7000000e+01
   5.2160490e+06   1.6000000e+01
   5.2161110e+06   2.0000000e+01
   5.2161910e+06   1.6000000e+01
   5.2162960e+06   2.0000000e+01
   5.2163260e+06   1.5000000e+01
   5.2163890e+06   1.5000000e+01
   5.2164880e+06   1.6000000e+01
   5.2165650e+06   2.3000000e+01
   5.2166010e+06   1.8000000e+01
   5.2166620e+06   1.7000000e+01
   5.2168140e+06   1.8000000e+01
   5.2168900e+06   1.6000000e+01
   5.2169420e+06   1.7000000e+01
   5.2170030e+06   2.1000000e+01
   5.2177730e+06   1.5000000e+01
   5.2178950e+06   1.5000000e+01
   5.2186630e+06   1.5000000e+01
   5.2188930e+06   1.9000000e+01
   5.2199310e+06   1.5000000e+01
   5.2204860e+06   1.5000000e+01
   5.3214100e+06   1.5000000e+01
   5.3215750e+06   1.7000000e+01
   5.3219620e+06   1.6000000e+01
   5.3220940e+06   1.6000000e+01
   5.3222460e+06   1.6000000e+01
   5.3222830e+06   1.6000000e+01
   5.3223910e+06   1.7000000e+01
   5.3230580e+06   1.5000000e+01
   5.4214510e+06   2.0000000e+01
   5.4215890e+06   1.5000000e+01
   5.4217990e+06   1.8000000e+01
   5.4219290e+06   1.7000000e+01
   5.4221680e+06   1.6000000e+01
   5.4256590e+06   1.5000000e+01
   5.4259610e+06   1.5000000e+01
   5.4748950e+06   1.5000000e+01
   5.4749430e+06   1.5000000e+01
   5.4750060e+06   1.5000000e+01
   5.4752120e+06   1.5000000e+01
   5.4753820e+06   1.5000000e+01
   5.4755040e+06   1.6000000e+01
   5.4755410e+06   1.6000000e+01
   5.4756140e+06   1.5000000e+01
   5.4757010e+06   1.8000000e+01
   5.4762110e+06   1.5000000e+01
   5.4769590e+06   1.5000000e+01
   5.5611750e+06   1.8000000e+01
   5.5612550e+06   1.5000000e+01
   5.5613840e+06   1.5000000e+01
   5.5614410e+06   1.8000000e+01
   5.5614770e+06   1.5000000e+01
   5.5615890e+06   1.9000000e+01
   5.5619090e+06   1.7000000e+01
   5.5619950e+06   1.7000000e+01
   5.5622230e+06   1.5000000e+01
   5.5626400e+06   1.6000000e+01
   5.5627460e+06   1.5000000e+01
   5.5630590e+06   1.7000000e+01
   5.5633080e+06   1.8000000e+01
   5.5648240e+06   1.5000000e+01
   5.6206580e+06   1.5000000e+01
   5.6215930e+06   1.5000000e+01
   5.6221870e+06   1.6000000e+01
   5.6222410e+06   1.5000000e+01
   5.6223120e+06   1.5000000e+01
   5.6224400e+06   1.5000000e+01
   5.6225440e+06   1.7000000e+01
   5.7131220e+06   1.5000000e+01
   5.7132810e+06   1.6000000e+01
   5.7137960e+06   1.5000000e+01
   5.7141670e+06   1.6000000e+01
   5.7143240e+06   1.5000000e+01
   5.7145110e+06   1.5000000e+01
   5.7145410e+06   1.5000000e+01
   5.7149190e+06   1.6000000e+01
   5.7152820e+06   1.5000000e+01
   5.7157970e+06   1.5000000e+01
   5.7991680e+06   1.7000000e+01
   5.7994680e+06   1.5000000e+01
   5.7996040e+06   1.5000000e+01
   5.8039970e+06   1.5000000e+01
   5.8348890e+06   1.9000000e+01
   5.8358900e+06   1.5000000e+01
   5.8362840e+06   1.9000000e+01
   5.8817390e+06   1.8000000e+01
   5.8818020e+06   1.6000000e+01
   5.8821400e+06   1.6000000e+01
   5.8821980e+06   1.7000000e+01
   5.8822850e+06   1.7000000e+01
   5.8824990e+06   1.7000000e+01
   5.8825660e+06   1.6000000e+01
   5.8826250e+06   1.5000000e+01
   5.8829670e+06   1.5000000e+01
   5.8830830e+06   1.6000000e+01
   5.8832320e+06   1.7000000e+01
   5.8834330e+06   1.8000000e+01
   5.8842570e+06   1.5000000e+01
   5.8856260e+06   1.5000000e+01
   5.8865330e+06   1.6000000e+01
   5.9351180e+06   1.5000000e+01
   5.9352540e+06   1.6000000e+01
   5.9354750e+06   2.1000000e+01
   5.9356160e+06   1.7000000e+01
   5.9357720e+06   1.7000000e+01
   5.9362200e+06   1.5000000e+01
   6.0092850e+06   2.0000000e+01
   6.0093250e+06   1.5000000e+01
   6.0099670e+06   1.5000000e+01
   6.0102190e+06   1.8000000e+01
   6.0112280e+06   1.6000000e+01
   6.0616880e+06   1.8000000e+01
   6.0617190e+06   1.5000000e+01
   6.0629380e+06   1.5000000e+01
   6.0630470e+06   1.5000000e+01
   6.0635070e+06   1.5000000e+01
   6.0635430e+06   1.6000000e+01
   6.0636320e+06   1.7000000e+01
   6.0636780e+06   1.5000000e+01
   6.0643330e+06   1.8000000e+01
   6.1492240e+06   1.5000000e+01
   6.1495380e+06   1.5000000e+01
   6.1496200e+06   2.1000000e+01
   6.1497580e+06   2.7000000e+01
   6.1500860e+06   2.4000000e+01
   6.1502450e+06   2.3000000e+01
   6.1504800e+06   1.5000000e+01
   6.1507640e+06   1.6000000e+01
   6.1511050e+06   1.5000000e+01
   6.1511970e+06   1.8000000e+01
   6.1512900e+06   1.7000000e+01
   6.1513860e+06   1.8000000e+01
   6.1514470e+06   2.3000000e+01
   6.1517660e+06   2.0000000e+01
   6.1525080e+06   1.6000000e+01
   6.1535040e+06   1.5000000e+01
   6.1538510e+06   1.5000000e+01
   6.2305290e+06   1.8000000e+01
   6.2306920e+06   1.7000000e+01
   6.2307570e+06   1.6000000e+01
   6.2308870e+06   1.5000000e+01
   6.2310700e+06   1.5000000e+01
   6.2311010e+06   2.1000000e+01
   6.2312210e+06   1.7000000e+01
   6.2313140e+06   1.5000000e+01
   6.2313540e+06   1.6000000e+01
   6.2314810e+06   1.7000000e+01
   6.2315700e+06   2.2000000e+01
   6.2316030e+06   2.1000000e+01
   6.2316720e+06   2.0000000e+01
   6.2317490e+06   1.8000000e+01
   6.2319120e+06   1.5000000e+01
   6.2319860e+06   1.7000000e+01
   6.2320180e+06   2.4000000e+01
   6.2321290e+06   1.7000000e+01
   6.2322560e+06   1.9000000e+01
   6.2323340e+06   2.2000000e+01
   6.2324130e+06   1.8000000e+01
   6.2325830e+06   1.6000000e+01
   6.2326790e+06   1.5000000e+01
   6.2327450e+06   2.4000000e+01
   6.2329870e+06   1.5000000e+01
   6.2330780e+06   1.5000000e+01
   6.2331460e+06   1.7000000e+01
   6.2333360e+06   1.6000000e+01
   6.2335100e+06   1.6000000e+01
   6.2338410e+06   1.7000000e+01
   6.2988930e+06   1.5000000e+01
   6.2990220e+06   1.7000000e+01
   6.2992300e+06   1.6000000e+01
   6.2993140e+06   1.5000000e+01
   6.2995150e+06   1.5000000e+01
   6.2998160e+06   1.6000000e+01
   6.3392790e+06   1.5000000e+01
   6.3953250e+06   1.5000000e+01
   6.3958680e+06   1.5000000e+01
   6.3961070e+06   1.5000000e+01
   6.4166290e+06   1.5000000e+01
   6.4955940e+06   1.6000000e+01
   6.4958390e+06   1.7000000e+01
   6.4958830e+06   1.6000000e+01
   6.4959790e+06   1.6000000e+01
   6.4960070e+06   1.7000000e+01
   6.4961780e+06   1.7000000e+01
   6.4962890e+06   1.5000000e+01
   6.4963790e+06   1.7000000e+01
   6.4966300e+06   1.6000000e+01
   6.4975050e+06   1.5000000e+01
   6.4976210e+06   1.8000000e+01
   6.4987630e+06   1.5000000e+01
   6.4989690e+06   1.5000000e+01
   6.4990620e+06   1.7000000e+01
   6.4991050e+06   1.5000000e+01
   6.4994340e+06   1.7000000e+01
   6.4995930e+06   2.2000000e+01
   6.4996430e+06   1.5000000e+01
   6.4997190e+06   1.9000000e+01
   6.4997810e+06   1.8000000e+01
   6.4999550e+06   2.1000000e+01
   6.5000360e+06   1.5000000e+01
   6.5001060e+06   1.7000000e+01
   6.5002190e+06   1.7000000e+01
   6.5003410e+06   1.5000000e+01
   6.5005890e+06   2.0000000e+01
   6.5006350e+06   1.9000000e+01
   6.5009780e+06   1.5000000e+01
   6.5010330e+06   1.6000000e+01
   6.5011110e+06   1.5000000e+01
   6.5012000e+06   1.5000000e+01
   6.5012700e+06   1.9000000e+01
   6.5013310e+06   1.6000000e+01
   6.5030830e+06   1.5000000e+01
   6.5067820e+06   1.6000000e+01
   6.5992520e+06   1.6000000e+01
   6.5993430e+06   1.5000000e+01
   6.5995740e+06   1.6000000e+01
   6.5996790e+06   1.8000000e+01
   6.5997340e+06   1.7000000e+01
   6.5998680e+06   2.0000000e+01
   6.6000080e+06   1.6000000e+01
   6.6000470e+06   1.7000000e+01
   6.6001210e+06   1.8000000e+01
   6.6001830e+06   2.2000000e+01
   6.6002210e+06   1.9000000e+01
   6.6004170e+06   2.4000000e+01
   6.6004840e+06   1.5000000e+01
   6.6005820e+06   1.9000000e+01
   6.6006500e+06   2.0000000e+01
   6.6011530e+06   1.5000000e+01
   6.6014240e+06   1.5000000e+01
   6.6014640e+06   1.5000000e+01
   6.6016490e+06   1.5000000e+01
   6.6018010e+06   1.5000000e+01
   6.6039670e+06   1.7000000e+01
   6.6513700e+06   1.5000000e+01
   6.6514900e+06   1.7000000e+01
   6.6517660e+06   1.8000000e+01
   6.6519380e+06   1.5000000e+01
   6.6520990e+06   1.5000000e+01
   6.6849380e+06   1.7000000e+01
   6.8271530e+06   1.5000000e+01
   6.8274370e+06   1.5000000e+01
   6.8277840e+06   1.5000000e+01
   6.8278790e+06   1.5000000e+01
   6.8280090e+06   1.5000000e+01
   6.8281520e+06   1.6000000e+01
   6.8282460e+06   1.7000000e+01
   6.8282720e+06   1.5000000e+01
   6.8283910e+06   1.5000000e+01
   6.8285360e+06   1.5000000e+01
   6.8287930e+06   1.5000000e+01
   6.8291690e+06   1.6000000e+01
   6.8292760e+06   1.6000000e+01
   6.8301600e+06   1.7000000e+01
   6.8303080e+06   1.5000000e+01
   6.9060930e+06   1.7000000e+01
   6.9063620e+06   1.5000000e+01
   6.9067870e+06   1.5000000e+01
   6.9068490e+06   1.6000000e+01
   6.9069760e+06   1.6000000e+01
   6.9070220e+06   1.5000000e+01
   6.9070700e+06   1.7000000e+01
   6.9071550e+06   1.7000000e+01
   6.9071900e+06   1.6000000e+01
   6.9073490e+06   1.7000000e+01
   6.9073990e+06   2.6000000e+01
   6.9074940e+06   2.3000000e+01
   6.9075380e+06   2.0000000e+01
   6.9076490e+06   1.8000000e+01
   6.9077190e+06   1.5000000e+01
   6.9078030e+06   2.0000000e+01
   6.9078540e+06   1.5000000e+01
   6.9079370e+06   2.5000000e+01
   6.9079790e+06   1.6000000e+01
   6.9080240e+06   2.3000000e+01
   6.9080680e+06   2.0000000e+01
   6.9081970e+06   1.7000000e+01
   6.9082680e+06   1.6000000e+01
   6.9083050e+06   1.5000000e+01
   6.9084290e+06   1.7000000e+01
   6.9084730e+06   1.7000000e+01
   6.9086020e+06   2.3000000e+01
   6.9086610e+06   1.7000000e+01
   6.9087140e+06   2.2000000e+01
   6.9088090e+06   2.3000000e+01
   6.9088340e+06   2.8000000e+01
   6.9089200e+06   1.9000000e+01
   6.9090030e+06   3.1000000e+01
   6.9091170e+06   1.5000000e+01
   6.9092100e+06   2.3000000e+01
   6.9092800e+06   2.0000000e+01
   6.9093910e+06   1.5000000e+01
   6.9094440e+06   1.9000000e+01
   6.9095370e+06   1.8000000e+01
   6.9095930e+06   2.1000000e+01
   6.9097130e+06   1.7000000e+01
   6.9098050e+06   1.5000000e+01
   6.9099010e+06   1.7000000e+01
   6.9099300e+06   1.6000000e+01
   6.9099900e+06   1.5000000e+01
   6.9100740e+06   1.5000000e+01
   6.9101360e+06   1.6000000e+01
   6.9102510e+06   2.2000000e+01
   6.9103330e+06   3.5000000e+01
   6.9103620e+06   2.2000000e+01
   6.9104600e+06   1.5000000e+01
   6.9105060e+06   1.6000000e+01
   6.9105430e+06   1.6000000e+01
   6.9106450e+06   1.7000000e+01
   6.9107740e+06   2.0000000e+01
   6.9109290e+06   1.9000000e+01
   6.9110470e+06   1.8000000e+01
   6.9113820e+06   1.6000000e+01
   6.9116000e+06   1.6000000e+01
   6.9116960e+06   1.7000000e+01
   6.9117940e+06   1.5000000e+01
   6.9119180e+06   1.6000000e+01
   6.9123040e+06   1.8000000e+01
   6.9123460e+06   1.5000000e+01
   6.9127120e+06   1.7000000e+01
   6.9136740e+06   1.6000000e+01
   6.9141310e+06   1.7000000e+01
   6.9141930e+06   1.6000000e+01
   6.9143360e+06   1.7000000e+01
   7.0382370e+06   1.6000000e+01
   7.1739120e+06   1.7000000e+01
   7.1745420e+06   1.6000000e+01
   7.1748710e+06   1.5000000e+01
   7.1755360e+06   1.8000000e+01
   7.1757580e+06   1.6000000e+01
   7.1758350e+06   1.5000000e+01
   7.1758960e+06   1.5000000e+01
   7.1760840e+06   1.5000000e+01
   7.1773000e+06   1.8000000e+01
   7.1777350e+06   1.5000000e+01
   7.1780510e+06   1.5000000e+01
   7.3065840e+06   1.6000000e+01
   7.3067260e+06   1.5000000e+01
   7.3070170e+06   1.5000000e+01
   7.3083140e+06   2.1000000e+01
   7.3093700e+06   1.6000000e+01
   7.3708010e+06   1.9000000e+01
   7.3708660e+06   1.7000000e+01
   7.4558430e+06   1.9000000e+01
   7.4559750e+06   1.7000000e+01
   7.4561060e+06   1.5000000e+01
   7.4566430e+06   1.5000000e+01
   7.4583250e+06   1.5000000e+01
   7.4605420e+06   1.6000000e+01
   7.4611800e+06   1.5000000e+01
   7.4614000e+06   1.5000000e+01
   7.4618490e+06   1.7000000e+01
