   7.5000000e+06   0.0000000e+00
   2.4800000e+03   2.1000000e+01
   4.7420000e+03   2.0000000e+01
   6.0660000e+03   2.1000000e+01
   6.2500000e+03   2.1000000e+01
   6.6400000e+03   2.0000000e+01
   6.8790000e+03   2.1000000e+01
   8.8774000e+04   2.0000000e+01
   8.9272000e+04   2.1000000e+01
   8.9478000e+04   2.0000000e+01
   9.1217000e+04   2.1000000e+01
   9.1307000e+04   2.1000000e+01
   9.1488000e+04   2.0000000e+01
   9.1613000e+04   2.7000000e+01
   9.1663000e+04   2.1000000e+01
   9.1794000e+04   2.1000000e+01
   9.1889000e+04   2.0000000e+01
   9.1979000e+04   2.9000000e+01
   9.2036000e+04   2.9000000e+01
   9.2106000e+04   2.2000000e+01
   9.2164000e+04   2.0000000e+01
   9.2220000e+04   2.0000000e+01
   9.2392000e+04   2.0000000e+01
   9.2418000e+04   2.3000000e+01
   9.2664000e+04   2.1000000e+01
   9.2695000e+04   2.4000000e+01
   9.2770000e+04   2.0000000e+01
   9.2826000e+04   2.1000000e+01
   9.3869000e+04   2.1000000e+01
   1.8937400e+05   2.0000000e+01
   1.9078800e+05   2.7000000e+01
   1.9083900e+05   2.0000000e+01
   1.9091400e+05   2.1000000e+01
   1.9109300e+05   2.1000000e+01
   1.9138800e+05   2.0000000e+01
   1.9151200e+05   2.5000000e+01
   1.9168900e+05   2.3000000e+01
   1.9175400e+05   2.0000000e+01
   1.9209800e+05   2.0000000e+01
   1.9328200e+05   2.1000000e+01
   1.9343700e+05   2.0000000e+01
   1.9382800e+05   2.1000000e+01
   1.9484300e+05   2.1000000e+01
   1.9566100e+05   2.0000000e+01
   1.9570800e+05   2.0000000e+01
   1.9628100e+05   2.0000000e+01
   2.6996700e+05   2.0000000e+01
   2.7004800e+05   2.7000000e+01
   2.7011000e+05   2.0000000e+01
   2.7030900e+05   2.3000000e+01
   2.7073700e+05   2.1000000e+01
   2.7678700e+05   2.0000000e+01
   2.7709700e+05   2.1000000e+01
   2.7819300e+05   2.0000000e+01
   2.7878900e+05   2.4000000e+01
   3.7841800e+05   2.0000000e+01
   3.8027900e+05   2.0000000e+01
   3.8084300e+05   2.4000000e+01
   3.8150500e+05   2.0000000e+01
   3.8181000e+05   2.1000000e+01
   3.8188600e+05   2.0000000e+01
   3.8219800e+05   2.0000000e+01
   3.8233200e+05   2.5000000e+01
   3.8240400e+05   2.2000000e+01
   3.8253900e+05   2.1000000e+01
   3.8266900e+05   2.7000000e+01
   3.8288100e+05   2.1000000e+01
   3.8320900e+05   2.0000000e+01
   3.8364600e+05   2.0000000e+01
   3.9395800e+05   2.0000000e+01
   3.9424800e+05   2.0000000e+01
   3.9448300e+05   2.0000000e+01
   3.9469300e+05   2.5000000e+01
   3.9484100e+05   2.0000000e+01
   3.9521700e+05   2.3000000e+01
   3.9544800e+05   2.0000000e+01
   3.9550000e+05   2.3000000e+01
   3.9557800e+05   2.1000000e+01
   3.9570600e+05   2.0000000e+01
   3.9596500e+05   2.1000000e+01
   3.9638400e+05   2.0000000e+01
   3.9683800e+05   2.2000000e+01
   4.0254200e+05   2.2000000e+01
   4.0510700e+05   2.1000000e+01
   4.9876600e+05   2.2000000e+01
   4.9893400e+05   2.5000000e+01
   4.9928500e+05   2.1000000e+01
   4.9934300e+05   2.0000000e+01
   4.9940700e+05   2.2000000e+01
   4.9982400e+05   2.3000000e+01
   4.9988800e+05   2.6000000e+01
   4.9998600e+05   2.7000000e+01
   5.0001400e+05   2.4000000e+01
   5.0018000e+05   2.0000000e+01
   5.0025500e+05   2.4000000e+01
   5.0048400e+05   2.1000000e+01
   5.0059900e+05   2.6000000e+01
   5.0063000e+05   2.2000000e+01
   5.0074600e+05   2.4000000e+01
   5.0080700e+05   2.1000000e+01
   5.0094300e+05   2.5000000e+01
   5.0101700e+05   2.0000000e+01
   5.0117200e+05   2.2000000e+01
   5.0127600e+05   2.1000000e+01
   5.0132900e+05   3.1000000e+01
   5.0135500e+05   2.2000000e+01
   5.0143000e+05   2.0000000e+01
   5.0146000e+05   2.9000000e+01
   5.0157200e+05   2.5000000e+01
   5.0163600e+05   4.1000000e+01
   5.0169300e+05   2.3000000e+01
   5.0175500e+05   3.4000000e+01
   5.0184000e+05   2.0000000e+01
   5.0192600e+05   2.0000000e+01
   5.0196600e+05   3.0000000e+01
   5.0202900e+05   2.5000000e+01
   5.0210100e+05   2.5000000e+01
   5.0212600e+05   3.0000000e+01
   5.0226900e+05   2.3000000e+01
   5.0237500e+05   2.2000000e+01
   5.0244200e+05   2.0000000e+01
   5.0251900e+05   2.2000000e+01
   5.0255800e+05   2.5000000e+01
   5.0263700e+05   2.3000000e+01
   5.0270000e+05   2.5000000e+01
   5.0282200e+05   2.1000000e+01
   5.0288700e+05   2.7000000e+01
   5.0293000e+05   2.0000000e+01
   5.0297800e+05   2.2000000e+01
   5.0301300e+05   2.3000000e+01
   5.0304800e+05   2.0000000e+01
   5.0311700e+05   2.2000000e+01
   5.0317300e+05   2.0000000e+01
   5.0327600e+05   2.2000000e+01
   5.0330400e+05   2.2000000e+01
   5.0337000e+05   2.4000000e+01
   5.0340800e+05   2.5000000e+01
   5.0348500e+05   2.1000000e+01
   5.0361000e+05   2.2000000e+01
   5.0366400e+05   2.5000000e+01
   5.0375300e+05   2.3000000e+01
   5.0380600e+05   2.9000000e+01
   5.0384700e+05   2.0000000e+01
   5.0389800e+05   2.3000000e+01
   5.0395000e+05   2.0000000e+01
   5.0407900e+05   2.0000000e+01
   5.0416000e+05   2.2000000e+01
   5.0427300e+05   2.8000000e+01
   5.0432800e+05   2.0000000e+01
   5.0445000e+05   2.0000000e+01
   5.0460800e+05   2.0000000e+01
   5.0467900e+05   2.0000000e+01
   5.0474900e+05   2.5000000e+01
   5.0479700e+05   2.6000000e+01
   5.0518200e+05   2.0000000e+01
   5.0526900e+05   2.0000000e+01
   5.0539900e+05   3.0000000e+01
   5.0543900e+05   3.2000000e+01
   5.0549100e+05   2.9000000e+01
   5.0582900e+05   2.0000000e+01
   5.0594000e+05   2.3000000e+01
   5.0610600e+05   2.3000000e+01
   5.0621300e+05   2.1000000e+01
   5.0638500e+05   2.4000000e+01
   5.0677600e+05   2.5000000e+01
   5.0713300e+05   2.1000000e+01
   5.0761400e+05   2.1000000e+01
   5.0873900e+05   2.2000000e+01
   6.1898600e+05   2.1000000e+01
   6.1903100e+05   2.3000000e+01
   6.1910900e+05   2.1000000e+01
   6.1934600e+05   2.3000000e+01
   7.7618700e+05   2.3000000e+01
   7.7685200e+05   2.2000000e+01
   7.7765200e+05   2.1000000e+01
   7.7965400e+05   2.1000000e+01
   8.4110200e+05   2.2000000e+01
   8.4172200e+05   2.0000000e+01
   8.4176900e+05   2.0000000e+01
   8.4184500e+05   2.4000000e+01
   8.4209900e+05   2.2000000e+01
   8.4213800e+05   2.3000000e+01
   8.4218900e+05   2.0000000e+01
   8.4223900e+05   2.0000000e+01
   8.4228500e+05   2.1000000e+01
   8.4232900e+05   2.1000000e+01
   8.4251000e+05   2.0000000e+01
   8.4259200e+05   2.2000000e+01
   8.4266200e+05   2.4000000e+01
   8.4284800e+05   2.4000000e+01
   8.4293600e+05   2.0000000e+01
   8.4300100e+05   2.3000000e+01
   8.4305700e+05   2.1000000e+01
   8.4344700e+05   2.1000000e+01
   8.4359700e+05   2.0000000e+01
   8.4374600e+05   2.0000000e+01
   8.4384300e+05   2.0000000e+01
   8.4431500e+05   2.0000000e+01
   8.8787900e+05   2.1000000e+01
   8.8850700e+05   2.2000000e+01
   8.8887000e+05   2.9000000e+01
   8.8889500e+05   2.5000000e+01
   8.8902100e+05   2.1000000e+01
   8.8926300e+05   2.1000000e+01
   8.8944100e+05   2.2000000e+01
   8.8979300e+05   2.0000000e+01
   8.8982300e+05   2.8000000e+01
   8.9001100e+05   2.1000000e+01
   8.9009700e+05   2.5000000e+01
   8.9020800e+05   2.4000000e+01
   8.9025700e+05   2.3000000e+01
   8.9042900e+05   2.5000000e+01
   8.9130900e+05   2.1000000e+01
   8.9153700e+05   2.4000000e+01
   8.9158300e+05   2.0000000e+01
   8.9263200e+05   2.0000000e+01
   8.9316000e+05   2.0000000e+01
   8.9354200e+05   2.0000000e+01
   8.9429700e+05   2.1000000e+01
   1.0198850e+06   2.0000000e+01
   1.0200820e+06   2.2000000e+01
   1.0201390e+06   2.1000000e+01
   1.0202550e+06   2.1000000e+01
   1.0203110e+06   2.6000000e+01
   1.0205590e+06   2.3000000e+01
   1.0206750e+06   2.0000000e+01
   1.0209950e+06   2.2000000e+01
   1.0210800e+06   2.0000000e+01
   1.0211350e+06   2.6000000e+01
   1.0212470e+06   2.8000000e+01
   1.0212790e+06   2.0000000e+01
   1.0215060e+06   2.8000000e+01
   1.0217240e+06   2.0000000e+01
   1.0218010e+06   2.1000000e+01
   1.0218760e+06   2.3000000e+01
   1.0219290e+06   2.8000000e+01
   1.0221920e+06   2.0000000e+01
   1.0222600e+06   3.0000000e+01
   1.0223380e+06   3.1000000e+01
   1.0224730e+06   2.2000000e+01
   1.0224980e+06   2.5000000e+01
   1.0226050e+06   2.3000000e+01
   1.0226640e+06   2.2000000e+01
   1.0227440e+06   2.0000000e+01
   1.0228260e+06   2.1000000e+01
   1.0229820e+06   2.1000000e+01
   1.0230560e+06   2.3000000e+01
   1.0234990e+06   2.1000000e+01
   1.0237220e+06   2.2000000e+01
   1.0247830e+06   2.4000000e+01
   1.0931430e+06   2.3000000e+01
   1.0933780e+06   2.1000000e+01
   1.0935160e+06   2.2000000e+01
   1.0936010e+06   2.3000000e+01
   1.0936910e+06   2.1000000e+01
   1.0939760e+06   2.0000000e+01
   1.0940730e+06   2.0000000e+01
   1.0941690e+06   2.2000000e+01
   1.0942680e+06   2.1000000e+01
   1.0944570e+06   2.6000000e+01
   1.0946600e+06   2.0000000e+01
   1.0946860e+06   2.1000000e+01
   1.0947650e+06   2.0000000e+01
   1.0951410e+06   2.2000000e+01
   1.0951920e+06   2.3000000e+01
   1.0952910e+06   2.6000000e+01
   1.0958370e+06   2.0000000e+01
   1.0963070e+06   2.0000000e+01
   1.0963720e+06   2.1000000e+01
   1.0964820e+06   2.3000000e+01
   1.1392880e+06   2.0000000e+01
   1.2367240e+06   2.0000000e+01
   1.2368500e+06   2.3000000e+01
   1.2369390e+06   2.1000000e+01
   1.2370160e+06   2.3000000e+01
   1.2370820e+06   3.4000000e+01
   1.2371740e+06   2.2000000e+01
   1.2373000e+06   2.2000000e+01
   1.2374100e+06   2.2000000e+01
   1.2374490e+06   2.3000000e+01
   1.2375910e+06   2.2000000e+01
   1.2376650e+06   2.0000000e+01
   1.2377500e+06   2.9000000e+01
   1.2377810e+06   2.2000000e+01
   1.2378530e+06   3.1000000e+01
   1.2379220e+06   2.4000000e+01
   1.2382010e+06   2.5000000e+01
   1.2382350e+06   3.1000000e+01
   1.2383270e+06   2.0000000e+01
   1.2383660e+06   2.0000000e+01
   1.2385380e+06   2.0000000e+01
   1.2385830e+06   3.5000000e+01
   1.2387070e+06   2.0000000e+01
   1.2387330e+06   2.0000000e+01
   1.2388000e+06   2.0000000e+01
   1.2388560e+06   2.1000000e+01
   1.2390020e+06   2.4000000e+01
   1.2390340e+06   2.6000000e+01
   1.2391190e+06   2.4000000e+01
   1.2392500e+06   3.1000000e+01
   1.2392750e+06   3.5000000e+01
   1.2393680e+06   2.5000000e+01
   1.2394510e+06   2.2000000e+01
   1.2395660e+06   2.3000000e+01
   1.2396180e+06   3.0000000e+01
   1.2397150e+06   2.1000000e+01
   1.2397680e+06   3.0000000e+01
   1.2398420e+06   2.0000000e+01
   1.2398960e+06   2.6000000e+01
   1.2399410e+06   2.1000000e+01
   1.2399890e+06   2.0000000e+01
   1.2400950e+06   2.5000000e+01
   1.2401300e+06   2.5000000e+01
   1.2402040e+06   2.1000000e+01
   1.2402510e+06   2.3000000e+01
   1.2403360e+06   2.5000000e+01
   1.2403710e+06   2.6000000e+01
   1.2404850e+06   2.1000000e+01
   1.2405380e+06   2.3000000e+01
   1.2405710e+06   2.2000000e+01
   1.2407090e+06   2.3000000e+01
   1.2407620e+06   2.2000000e+01
   1.2408970e+06   2.5000000e+01
   1.2410510e+06   2.2000000e+01
   1.2410790e+06   2.4000000e+01
   1.2412580e+06   2.2000000e+01
   1.2413430e+06   2.6000000e+01
   1.2414060e+06   2.2000000e+01
   1.2415310e+06   2.0000000e+01
   1.2417830e+06   2.2000000e+01
   1.2418250e+06   2.0000000e+01
   1.2420540e+06   2.1000000e+01
   1.2421310e+06   2.1000000e+01
   1.2423950e+06   2.0000000e+01
   1.2425570e+06   2.0000000e+01
   1.2431140e+06   2.0000000e+01
   1.2653310e+06   2.0000000e+01
   1.3404830e+06   2.0000000e+01
   1.3407650e+06   2.2000000e+01
   1.3409960e+06   2.2000000e+01
   1.3427970e+06   2.2000000e+01
   1.3429490e+06   2.5000000e+01
   1.3449180e+06   2.0000000e+01
   1.3455950e+06   2.3000000e+01
   1.4726410e+06   2.0000000e+01
   1.4730910e+06   2.0000000e+01
   1.4731830e+06   2.0000000e+01
   1.4734240e+06   2.1000000e+01
   1.4815530e+06   2.1000000e+01
   1.4820110e+06   2.1000000e+01
   1.4820740e+06   2.3000000e+01
   1.4822600e+06   2.0000000e+01
   1.4823960e+06   2.3000000e+01
   1.4827010e+06   2.0000000e+01
   1.4839670e+06   2.0000000e+01
   1.4840520e+06   2.1000000e+01
   1.4843100e+06   2.3000000e+01
   1.4844180e+06   2.2000000e+01
   1.4845300e+06   2.4000000e+01
   1.4846930e+06   2.2000000e+01
   1.4847510e+06   2.0000000e+01
   1.4849330e+06   2.0000000e+01
   1.4851580e+06   2.2000000e+01
   1.4851960e+06   2.0000000e+01
   1.4852780e+06   2.3000000e+01
   1.4856070e+06   2.0000000e+01
   1.5601840e+06   2.0000000e+01
   1.5643680e+06   2.0000000e+01
   1.5981800e+06   2.2000000e+01
   1.6756870e+06   2.0000000e+01
   1.6757550e+06   2.0000000e+01
   1.6760930e+06   2.1000000e+01
   1.6763100e+06   2.0000000e+01
   1.6765790e+06   2.1000000e+01
   1.6779530e+06   2.4000000e+01
   1.6784340e+06   2.0000000e+01
   1.6784730e+06   2.0000000e+01
   1.6786030e+06   2.1000000e+01
   1.6786500e+06   2.6000000e+01
   1.6789680e+06   2.2000000e+01
   1.6840770e+06   2.1000000e+01
   1.6844970e+06   2.0000000e+01
   1.6851790e+06   2.0000000e+01
   1.6856650e+06   2.0000000e+01
   1.6858660e+06   2.0000000e+01
   1.7471720e+06   2.0000000e+01
   1.7474240e+06   2.0000000e+01
   1.7495440e+06   2.0000000e+01
   1.7496760e+06   2.0000000e+01
   1.7499640e+06   2.0000000e+01
   1.7505690e+06   2.1000000e+01
   1.7529300e+06   2.1000000e+01
   1.7533260e+06   2.2000000e+01
   1.7534830e+06   2.0000000e+01
   1.7535650e+06   2.0000000e+01
   1.8432940e+06   2.0000000e+01
   1.8435950e+06   2.0000000e+01
   1.8437480e+06   2.0000000e+01
   1.8442050e+06   2.2000000e+01
   1.8444040e+06   2.1000000e+01
   1.8444820e+06   2.5000000e+01
   1.8454530e+06   2.1000000e+01
   1.8455270e+06   2.0000000e+01
   1.8456060e+06   2.1000000e+01
   1.8458430e+06   2.1000000e+01
   1.8459180e+06   2.7000000e+01
   1.8459940e+06   2.0000000e+01
   1.8461250e+06   2.1000000e+01
   1.8463460e+06   2.0000000e+01
   1.8464730e+06   2.1000000e+01
   1.8466110e+06   2.7000000e+01
   1.8466670e+06   2.1000000e+01
   1.8467810e+06   2.0000000e+01
   1.8468790e+06   2.0000000e+01
   1.8471850e+06   2.1000000e+01
   1.8473180e+06   2.2000000e+01
   1.8477260e+06   2.0000000e+01
   1.8477850e+06   2.1000000e+01
   1.8962020e+06   2.1000000e+01
   1.8985040e+06   2.0000000e+01
   1.8988890e+06   2.2000000e+01
   1.8991660e+06   2.2000000e+01
   1.9631670e+06   2.2000000e+01
   1.9635530e+06   2.1000000e+01
   1.9636470e+06   2.0000000e+01
   1.9637270e+06   2.4000000e+01
   1.9639010e+06   2.1000000e+01
   1.9642460e+06   2.4000000e+01
   1.9643220e+06   2.0000000e+01
   1.9644560e+06   2.5000000e+01
   1.9647100e+06   2.0000000e+01
   1.9648020e+06   2.2000000e+01
   1.9651800e+06   2.7000000e+01
   1.9652070e+06   2.2000000e+01
   1.9653390e+06   2.0000000e+01
   1.9653910e+06   2.1000000e+01
   1.9658010e+06   2.0000000e+01
   1.9660290e+06   2.3000000e+01
   1.9664470e+06   2.0000000e+01
   1.9667670e+06   2.1000000e+01
   1.9691780e+06   2.0000000e+01
   2.0410960e+06   2.0000000e+01
   2.0422310e+06   2.0000000e+01
   2.0425380e+06   2.2000000e+01
   2.0426140e+06   2.0000000e+01
   2.0429030e+06   2.5000000e+01
   2.0430490e+06   2.4000000e+01
   2.0430950e+06   2.2000000e+01
   2.0431840e+06   2.3000000e+01
   2.0432370e+06   2.5000000e+01
   2.0432620e+06   2.1000000e+01
   2.0433800e+06   2.7000000e+01
   2.0434340e+06   2.0000000e+01
   2.0434850e+06   2.0000000e+01
   2.0437990e+06   2.0000000e+01
   2.0438750e+06   2.0000000e+01
   2.0441200e+06   2.2000000e+01
   2.0442120e+06   2.0000000e+01
   2.0443140e+06   2.1000000e+01
   2.0443870e+06   2.0000000e+01
   2.0446630e+06   2.2000000e+01
   2.0447900e+06   2.2000000e+01
   2.0448850e+06   2.1000000e+01
   2.0450580e+06   2.1000000e+01
   2.0451410e+06   2.4000000e+01
   2.0489860e+06   2.0000000e+01
   2.1141690e+06   2.0000000e+01
   2.1146860e+06   2.0000000e+01
   2.1148580e+06   2.2000000e+01
   2.1149840e+06   2.2000000e+01
   2.1150330e+06   2.2000000e+01
   2.1151580e+06   2.0000000e+01
   2.1153110e+06   2.0000000e+01
   2.1157520e+06   2.0000000e+01
   2.1158730e+06   2.1000000e+01
   2.1160280e+06   2.0000000e+01
   2.1161600e+06   2.4000000e+01
   2.1162710e+06   2.1000000e+01
   2.1163780e+06   2.5000000e+01
   2.1164110e+06   2.0000000e+01
   2.1164860e+06   2.3000000e+01
   2.1165620e+06   3.1000000e+01
   2.1166120e+06   2.4000000e+01
   2.1167620e+06   2.0000000e+01
   2.1167870e+06   2.0000000e+01
   2.1168640e+06   2.3000000e+01
   2.1169930e+06   2.2000000e+01
   2.1170620e+06   2.0000000e+01
   2.1171380e+06   2.3000000e+01
   2.1173220e+06   2.0000000e+01
   2.1173910e+06   2.9000000e+01
   2.1175640e+06   2.4000000e+01
   2.1176870e+06   2.9000000e+01
   2.1177950e+06   2.4000000e+01
   2.1179170e+06   2.1000000e+01
   2.1182820e+06   2.0000000e+01
   2.1183320e+06   2.9000000e+01
   2.1184030e+06   2.2000000e+01
   2.1184330e+06   2.3000000e+01
   2.1184660e+06   2.3000000e+01
   2.1586840e+06   2.1000000e+01
   2.1591820e+06   2.0000000e+01
   2.2016920e+06   2.1000000e+01
   2.2338810e+06   2.1000000e+01
   2.2340070e+06   2.5000000e+01
   2.2341660e+06   2.3000000e+01
   2.2342440e+06   2.0000000e+01
   2.2343510e+06   2.2000000e+01
   2.2345530e+06   2.0000000e+01
   2.2346530e+06   2.3000000e+01
   2.2348370e+06   2.0000000e+01
   2.2349540e+06   2.0000000e+01
   2.2351280e+06   2.2000000e+01
   2.2354220e+06   2.0000000e+01
   2.2360940e+06   2.0000000e+01
   2.3030120e+06   2.0000000e+01
   2.3276790e+06   2.0000000e+01
   2.3280260e+06   2.0000000e+01
   2.3280730e+06   2.2000000e+01
   2.3282240e+06   2.1000000e+01
   2.3282530e+06   2.2000000e+01
   2.3283550e+06   2.1000000e+01
   2.3296910e+06   2.0000000e+01
   2.3302240e+06   2.2000000e+01
   2.3302620e+06   2.6000000e+01
   2.3303690e+06   2.3000000e+01
   2.3305960e+06   2.0000000e+01
   2.3308310e+06   2.1000000e+01
   2.3310400e+06   2.3000000e+01
   2.3310980e+06   2.5000000e+01
   2.3311270e+06   2.3000000e+01
   2.3311830e+06   2.1000000e+01
   2.3312340e+06   2.2000000e+01
   2.3313140e+06   2.1000000e+01
   2.3314230e+06   2.1000000e+01
   2.3314970e+06   2.4000000e+01
   2.3316940e+06   3.2000000e+01
   2.3319290e+06   2.0000000e+01
   2.3320870e+06   2.0000000e+01
   2.3321390e+06   2.2000000e+01
   2.3322090e+06   2.0000000e+01
   2.3323930e+06   2.2000000e+01
   2.3328680e+06   2.0000000e+01
   2.3331370e+06   2.0000000e+01
   2.4346860e+06   2.1000000e+01
   2.4348370e+06   2.0000000e+01
   2.4353810e+06   2.0000000e+01
   2.4361010e+06   2.2000000e+01
   2.4362380e+06   2.0000000e+01
   2.4376780e+06   2.0000000e+01
   2.4377170e+06   2.4000000e+01
   2.4379480e+06   2.3000000e+01
   2.4380480e+06   2.1000000e+01
   2.4382310e+06   2.0000000e+01
   2.4383490e+06   2.7000000e+01
   2.4383960e+06   2.5000000e+01
   2.4385970e+06   2.2000000e+01
   2.4387050e+06   2.0000000e+01
   2.4387570e+06   3.0000000e+01
   2.4387990e+06   2.3000000e+01
   2.4389920e+06   2.4000000e+01
   2.4390340e+06   2.6000000e+01
   2.4390720e+06   2.6000000e+01
   2.4391340e+06   2.2000000e+01
   2.4392400e+06   3.6000000e+01
   2.4394070e+06   2.5000000e+01
   2.4394430e+06   2.6000000e+01
   2.4397420e+06   2.1000000e+01
   2.4397950e+06   3.3000000e+01
   2.4398790e+06   2.5000000e+01
   2.4399300e+06   4.3000000e+01
   2.4399580e+06   2.1000000e+01
   2.4400790e+06   2.0000000e+01
   2.4401160e+06   2.4000000e+01
   2.4402200e+06   2.3000000e+01
   2.4402630e+06   2.1000000e+01
   2.4403470e+06   2.2000000e+01
   2.4404400e+06   2.3000000e+01
   2.4405970e+06   2.1000000e+01
   2.4406460e+06   2.4000000e+01
   2.4407450e+06   2.1000000e+01
   2.4409590e+06   2.0000000e+01
   2.4410310e+06   2.2000000e+01
   2.4412010e+06   2.5000000e+01
   2.4412290e+06   2.3000000e+01
   2.4413840e+06   2.0000000e+01
   2.4414250e+06   2.1000000e+01
   2.4415770e+06   2.0000000e+01
   2.4416150e+06   2.0000000e+01
   2.4416720e+06   2.3000000e+01
   2.4418350e+06   2.4000000e+01
   2.4418940e+06   2.3000000e+01
   2.4422060e+06   2.0000000e+01
   2.4425630e+06   2.3000000e+01
   2.4434310e+06   2.0000000e+01
   2.4838350e+06   2.0000000e+01
   2.4856950e+06   2.0000000e+01
   2.4858370e+06   2.3000000e+01
   2.4868570e+06   2.1000000e+01
   2.6105840e+06   2.4000000e+01
   2.6196080e+06   2.0000000e+01
   2.6198620e+06   2.0000000e+01
   2.6200640e+06   2.0000000e+01
   2.6216080e+06   2.1000000e+01
   2.6238580e+06   2.0000000e+01
   2.6242600e+06   2.0000000e+01
   2.6766850e+06   2.2000000e+01
   2.6809310e+06   2.3000000e+01
   2.7132460e+06   2.0000000e+01
   2.7136040e+06   2.2000000e+01
   2.7156950e+06   2.0000000e+01
   2.7181080e+06   2.1000000e+01
   2.7181700e+06   2.1000000e+01
   2.7827040e+06   2.0000000e+01
   2.8035870e+06   2.0000000e+01
   2.8036340e+06   2.2000000e+01
   2.8525090e+06   2.1000000e+01
   2.8542030e+06   2.0000000e+01
   2.8560840e+06   2.1000000e+01
   2.8562040e+06   2.3000000e+01
   2.8564730e+06   2.0000000e+01
   2.8565180e+06   2.0000000e+01
   2.8565840e+06   2.2000000e+01
   2.8566830e+06   2.2000000e+01
   2.8580870e+06   2.0000000e+01
   2.9429330e+06   2.0000000e+01
   2.9430880e+06   2.0000000e+01
   2.9431470e+06   2.3000000e+01
   2.9432410e+06   3.0000000e+01
   2.9433910e+06   2.2000000e+01
   2.9435490e+06   2.2000000e+01
   2.9435780e+06   2.9000000e+01
   2.9437250e+06   3.0000000e+01
   2.9437500e+06   2.1000000e+01
   2.9438510e+06   3.1000000e+01
   2.9438870e+06   2.0000000e+01
   2.9440030e+06   2.0000000e+01
   2.9440700e+06   3.2000000e+01
   2.9440980e+06   4.0000000e+01
   2.9442230e+06   2.1000000e+01
   2.9443370e+06   2.7000000e+01
   2.9444400e+06   2.1000000e+01
   2.9444780e+06   2.5000000e+01
   2.9445480e+06   2.6000000e+01
   2.9446180e+06   2.0000000e+01
   2.9447200e+06   2.1000000e+01
   2.9448220e+06   2.4000000e+01
   2.9448810e+06   2.0000000e+01
   2.9449600e+06   2.1000000e+01
   2.9450530e+06   2.2000000e+01
   2.9451120e+06   2.4000000e+01
   2.9452430e+06   2.0000000e+01
   2.9453170e+06   2.1000000e+01
   2.9454290e+06   2.0000000e+01
   2.9454820e+06   2.7000000e+01
   2.9455930e+06   2.8000000e+01
   2.9458600e+06   2.1000000e+01
   3.0617250e+06   2.2000000e+01
   3.0621070e+06   2.3000000e+01
   3.0626710e+06   2.0000000e+01
   3.0629560e+06   2.0000000e+01
   3.0630180e+06   2.2000000e+01
   3.0631270e+06   2.0000000e+01
   3.0631830e+06   2.5000000e+01
   3.0632760e+06   2.0000000e+01
   3.0635280e+06   2.1000000e+01
   3.0637010e+06   2.2000000e+01
   3.0643600e+06   2.0000000e+01
   3.0648700e+06   2.0000000e+01
   3.0650770e+06   2.0000000e+01
   3.0654050e+06   2.4000000e+01
   3.0655510e+06   2.3000000e+01
   3.0656430e+06   2.0000000e+01
   3.0658330e+06   2.0000000e+01
   3.0659530e+06   2.1000000e+01
   3.0661960e+06   2.0000000e+01
   3.0662690e+06   2.0000000e+01
   3.1477040e+06   2.2000000e+01
   3.1477990e+06   2.8000000e+01
   3.1481960e+06   2.0000000e+01
   3.1486070e+06   2.0000000e+01
   3.1488770e+06   2.0000000e+01
   3.1729350e+06   2.4000000e+01
   3.1729600e+06   2.0000000e+01
   3.1736230e+06   2.0000000e+01
   3.1738450e+06   2.0000000e+01
   3.1740760e+06   2.0000000e+01
   3.1741120e+06   2.3000000e+01
   3.1762500e+06   2.0000000e+01
   3.1763400e+06   2.1000000e+01
   3.1764250e+06   2.4000000e+01
   3.1764850e+06   2.0000000e+01
   3.1765500e+06   2.1000000e+01
   3.1765960e+06   2.2000000e+01
   3.1767590e+06   2.1000000e+01
   3.1770260e+06   2.0000000e+01
   3.1771020e+06   2.0000000e+01
   3.1771400e+06   2.1000000e+01
   3.1773720e+06   2.0000000e+01
   3.1774860e+06   2.1000000e+01
   3.1781040e+06   2.1000000e+01
   3.1781640e+06   2.1000000e+01
   3.1785590e+06   2.5000000e+01
   3.1792530e+06   2.3000000e+01
   3.2325790e+06   2.1000000e+01
   3.2340990e+06   2.0000000e+01
   3.2341980e+06   2.0000000e+01
   3.2344760e+06   2.1000000e+01
   3.2345850e+06   2.2000000e+01
   3.2348230e+06   2.1000000e+01
   3.2351840e+06   2.3000000e+01
   3.2353250e+06   2.0000000e+01
   3.2370190e+06   2.3000000e+01
   3.2371270e+06   2.4000000e+01
   3.3096050e+06   2.2000000e+01
   3.3104980e+06   2.0000000e+01
   3.3106330e+06   2.0000000e+01
   3.3107040e+06   2.2000000e+01
   3.3107760e+06   2.0000000e+01
   3.3108610e+06   2.2000000e+01
   3.3110650e+06   2.1000000e+01
   3.3111820e+06   2.1000000e+01
   3.3112760e+06   2.0000000e+01
   3.3114570e+06   2.2000000e+01
   3.3115290e+06   2.2000000e+01
   3.3116500e+06   2.0000000e+01
   3.3117550e+06   2.1000000e+01
   3.3124230e+06   2.2000000e+01
   3.3437160e+06   2.2000000e+01
   3.4177190e+06   2.1000000e+01
   3.4191660e+06   2.1000000e+01
   3.4236150e+06   2.0000000e+01
   3.4277510e+06   2.0000000e+01
   3.4342310e+06   2.0000000e+01
   3.4345680e+06   2.3000000e+01
   3.4350400e+06   2.4000000e+01
   3.4351370e+06   2.2000000e+01
   3.4353750e+06   2.3000000e+01
   3.4356800e+06   2.7000000e+01
   3.4357960e+06   2.1000000e+01
   3.4358830e+06   2.3000000e+01
   3.4359250e+06   2.3000000e+01
   3.4363320e+06   2.0000000e+01
   3.4365150e+06   2.1000000e+01
   3.4368940e+06   2.0000000e+01
   3.4371000e+06   2.2000000e+01
   3.4372600e+06   2.2000000e+01
   3.4374260e+06   2.1000000e+01
   3.4378310e+06   2.0000000e+01
   3.4379470e+06   2.4000000e+01
   3.4430720e+06   2.1000000e+01
   3.5204590e+06   2.1000000e+01
   3.5207760e+06   2.1000000e+01
   3.5208870e+06   2.4000000e+01
   3.5209910e+06   2.3000000e+01
   3.5212570e+06   2.0000000e+01
   3.5214310e+06   2.1000000e+01
   3.5215730e+06   2.0000000e+01
   3.5218440e+06   2.0000000e+01
   3.5223980e+06   2.0000000e+01
   3.5754200e+06   2.0000000e+01
   3.5757340e+06   2.1000000e+01
   3.5762250e+06   2.0000000e+01
   3.5764100e+06   2.1000000e+01
   3.5764560e+06   2.2000000e+01
   3.5764900e+06   2.0000000e+01
   3.5765660e+06   2.1000000e+01
   3.5766500e+06   2.1000000e+01
   3.5766780e+06   2.0000000e+01
   3.5767490e+06   2.0000000e+01
   3.5768570e+06   2.1000000e+01
   3.5770790e+06   2.3000000e+01
   3.5771710e+06   2.8000000e+01
   3.5773900e+06   2.1000000e+01
   3.5777810e+06   2.2000000e+01
   3.5779230e+06   2.2000000e+01
   3.5779700e+06   2.0000000e+01
   3.5781920e+06   2.2000000e+01
   3.5784830e+06   2.0000000e+01
   3.6524640e+06   2.0000000e+01
   3.7048700e+06   2.0000000e+01
   3.7057540e+06   2.0000000e+01
   3.7069600e+06   2.0000000e+01
   3.7628160e+06   2.0000000e+01
   3.7629070e+06   2.1000000e+01
   3.7631700e+06   2.1000000e+01
   3.7642870e+06   2.2000000e+01
   3.7645090e+06   2.0000000e+01
   3.7649830e+06   2.0000000e+01
   3.7651910e+06   2.1000000e+01
   3.7653170e+06   2.0000000e+01
   3.7658130e+06   2.1000000e+01
   3.7659030e+06   2.0000000e+01
   3.7667600e+06   2.3000000e+01
   3.7671530e+06   3.5000000e+01
   3.7673790e+06   2.3000000e+01
   3.7674810e+06   2.7000000e+01
   3.7675670e+06   2.3000000e+01
   3.7676670e+06   2.8000000e+01
   3.7677310e+06   3.4000000e+01
   3.7677710e+06   2.1000000e+01
   3.7679030e+06   2.1000000e+01
   3.7680790e+06   2.1000000e+01
   3.7682210e+06   2.2000000e+01
   3.7682670e+06   2.0000000e+01
   3.7683770e+06   2.1000000e+01
   3.7684400e+06   2.0000000e+01
   3.7685750e+06   2.2000000e+01
   3.7686650e+06   2.1000000e+01
   3.7689720e+06   2.1000000e+01
   3.7692200e+06   2.0000000e+01
   3.7699080e+06   2.0000000e+01
   3.8452950e+06   2.0000000e+01
   3.8459910e+06   2.0000000e+01
   3.8462380e+06   2.0000000e+01
   3.8515090e+06   2.0000000e+01
   3.8532430e+06   2.0000000e+01
   3.9187400e+06   2.1000000e+01
   3.9196260e+06   2.0000000e+01
   3.9203310e+06   2.0000000e+01
   3.9207550e+06   2.0000000e+01
   3.9208140e+06   2.3000000e+01
   3.9208590e+06   2.6000000e+01
   3.9212730e+06   2.0000000e+01
   3.9214620e+06   2.2000000e+01
   3.9215340e+06   2.1000000e+01
   3.9217210e+06   2.0000000e+01
   3.9222500e+06   2.3000000e+01
   3.9233920e+06   2.0000000e+01
   3.9654430e+06   2.0000000e+01
   3.9656210e+06   2.2000000e+01
   3.9663310e+06   2.3000000e+01
   3.9663930e+06   2.3000000e+01
   4.0063950e+06   2.1000000e+01
   4.0609330e+06   2.1000000e+01
   4.0610710e+06   2.0000000e+01
   4.0612110e+06   2.0000000e+01
   4.0616420e+06   2.1000000e+01
   4.0621700e+06   2.2000000e+01
   4.0624150e+06   2.2000000e+01
   4.0624830e+06   2.3000000e+01
   4.0625580e+06   2.1000000e+01
   4.0628430e+06   2.0000000e+01
   4.0629790e+06   2.0000000e+01
   4.0634350e+06   2.0000000e+01
   4.0635210e+06   2.1000000e+01
   4.0638920e+06   2.2000000e+01
   4.0646020e+06   2.0000000e+01
   4.0648340e+06   2.0000000e+01
   4.0652950e+06   2.0000000e+01
   4.0654020e+06   2.0000000e+01
   4.0737230e+06   2.2000000e+01
   4.1111510e+06   2.0000000e+01
   4.1119090e+06   2.1000000e+01
   4.1123670e+06   2.3000000e+01
   4.1642100e+06   2.1000000e+01
   4.1645200e+06   2.3000000e+01
   4.1648240e+06   2.0000000e+01
   4.1650290e+06   2.1000000e+01
   4.1651610e+06   2.3000000e+01
   4.1652640e+06   2.1000000e+01
   4.1656300e+06   2.4000000e+01
   4.1657370e+06   2.4000000e+01
   4.1658300e+06   2.2000000e+01
   4.1659090e+06   2.2000000e+01
   4.1660080e+06   2.2000000e+01
   4.1660610e+06   2.2000000e+01
   4.1666640e+06   2.0000000e+01
   4.1667090e+06   2.3000000e+01
   4.1672770e+06   2.0000000e+01
   4.1677120e+06   2.1000000e+01
   4.1689340e+06   2.1000000e+01
   4.1697110e+06   2.1000000e+01
   4.1714180e+06   2.0000000e+01
   4.1714660e+06   2.2000000e+01
   4.1716120e+06   2.0000000e+01
   4.1720760e+06   2.3000000e+01
   4.1722030e+06   2.3000000e+01
   4.1724450e+06   2.0000000e+01
   4.1726210e+06   2.0000000e+01
   4.1729950e+06   2.9000000e+01
   4.1730310e+06   2.2000000e+01
   4.1731830e+06   2.3000000e+01
   4.1733320e+06   2.2000000e+01
   4.1735720e+06   2.3000000e+01
   4.1737840e+06   2.0000000e+01
   4.1738230e+06   2.2000000e+01
   4.1739380e+06   2.6000000e+01
   4.1739950e+06   2.0000000e+01
   4.1740980e+06   2.1000000e+01
   4.1741260e+06   2.9000000e+01
   4.1741990e+06   2.0000000e+01
   4.1743680e+06   2.0000000e+01
   4.1747210e+06   3.0000000e+01
   4.1747820e+06   2.0000000e+01
   4.1748160e+06   2.8000000e+01
   4.1750070e+06   2.1000000e+01
   4.1759640e+06   2.2000000e+01
   4.1780850e+06   2.0000000e+01
   4.2944410e+06   2.0000000e+01
   4.2954310e+06   2.0000000e+01
   4.2963690e+06   2.2000000e+01
   4.2967180e+06   2.0000000e+01
   4.2969150e+06   2.4000000e+01
   4.2981050e+06   2.3000000e+01
   4.2986150e+06   2.1000000e+01
   4.2986550e+06   2.1000000e+01
   4.2987700e+06   2.1000000e+01
   4.2991090e+06   2.1000000e+01
   4.2991380e+06   2.3000000e+01
   4.2997160e+06   2.2000000e+01
   4.2998830e+06   2.3000000e+01
   4.3002010e+06   2.1000000e+01
   4.3006710e+06   2.8000000e+01
   4.3010330e+06   2.4000000e+01
   4.3012310e+06   2.2000000e+01
   4.3016030e+06   2.0000000e+01
   4.3017550e+06   2.5000000e+01
   4.3022950e+06   2.5000000e+01
   4.3027530e+06   2.1000000e+01
   4.3443490e+06   2.0000000e+01
   4.4027100e+06   2.0000000e+01
   4.4088770e+06   2.0000000e+01
   4.4089550e+06   2.0000000e+01
   4.4095660e+06   2.0000000e+01
   4.5191410e+06   2.0000000e+01
   4.5194900e+06   2.1000000e+01
   4.5195890e+06   2.3000000e+01
   4.5228070e+06   2.0000000e+01
   4.5228940e+06   2.0000000e+01
   4.5231320e+06   2.1000000e+01
   4.5238440e+06   2.1000000e+01
   4.5255110e+06   2.0000000e+01
   4.5711320e+06   2.0000000e+01
   4.6300820e+06   2.0000000e+01
   4.6301880e+06   2.8000000e+01
   4.6305900e+06   2.1000000e+01
   4.6312200e+06   2.0000000e+01
   4.7493620e+06   2.0000000e+01
   4.7503180e+06   2.0000000e+01
   4.7504560e+06   2.1000000e+01
   4.7516540e+06   2.1000000e+01
   4.7518530e+06   2.0000000e+01
   4.7520450e+06   2.1000000e+01
   4.7523460e+06   2.4000000e+01
   4.7524400e+06   2.1000000e+01
   4.7525280e+06   2.0000000e+01
   4.7527530e+06   2.2000000e+01
   4.7530000e+06   2.0000000e+01
   4.7531020e+06   2.3000000e+01
   4.7535060e+06   2.1000000e+01
   4.7537780e+06   2.4000000e+01
   4.7542490e+06   2.0000000e+01
   4.7549350e+06   2.2000000e+01
   4.8191060e+06   2.2000000e+01
   4.8196270e+06   2.0000000e+01
   4.8218670e+06   2.0000000e+01
   4.8223650e+06   2.0000000e+01
   4.8225450e+06   2.0000000e+01
   4.8227800e+06   2.5000000e+01
   4.8229260e+06   2.3000000e+01
   4.8230950e+06   2.3000000e+01
   4.8232240e+06   2.1000000e+01
   4.8232810e+06   2.1000000e+01
   4.8234810e+06   2.1000000e+01
   4.8236560e+06   2.1000000e+01
   4.8236850e+06   2.3000000e+01
   4.8238340e+06   2.0000000e+01
   4.8239310e+06   2.7000000e+01
   4.8243750e+06   2.5000000e+01
   4.8246800e+06   2.4000000e+01
   4.8247300e+06   2.1000000e+01
   4.8248440e+06   2.1000000e+01
   4.8252940e+06   2.2000000e+01
   4.9056930e+06   2.1000000e+01
   4.9062390e+06   2.1000000e+01
   4.9063610e+06   2.1000000e+01
   4.9064530e+06   2.1000000e+01
   4.9065610e+06   2.2000000e+01
   4.9074000e+06   2.4000000e+01
   4.9621980e+06   2.1000000e+01
   4.9643070e+06   2.0000000e+01
   4.9650180e+06   2.1000000e+01
   4.9651830e+06   2.0000000e+01
   4.9655460e+06   2.2000000e+01
   4.9722590e+06   2.0000000e+01
   4.9754650e+06   2.0000000e+01
   4.9758450e+06   2.0000000e+01
   4.9759900e+06   2.0000000e+01
   4.9764280e+06   2.0000000e+01
   5.0221250e+06   2.5000000e+01
   5.0226630e+06   2.1000000e+01
   5.0229790e+06   2.0000000e+01
   5.0434020e+06   2.1000000e+01
   5.0436550e+06   2.0000000e+01
   5.0763060e+06   2.4000000e+01
   5.0765050e+06   2.0000000e+01
   5.0765860e+06   2.2000000e+01
   5.0767080e+06   2.0000000e+01
   5.0767620e+06   2.0000000e+01
   5.0769010e+06   2.4000000e+01
   5.0769410e+06   2.3000000e+01
   5.0770840e+06   2.0000000e+01
   5.0771310e+06   2.1000000e+01
   5.0771890e+06   2.1000000e+01
   5.0772170e+06   2.5000000e+01
   5.0772990e+06   2.1000000e+01
   5.0773590e+06   2.5000000e+01
   5.0774280e+06   2.3000000e+01
   5.0775230e+06   2.1000000e+01
   5.0776550e+06   2.1000000e+01
   5.0778240e+06   2.5000000e+01
   5.0778840e+06   2.4000000e+01
   5.0779550e+06   2.4000000e+01
   5.0781380e+06   2.2000000e+01
   5.0781750e+06   2.7000000e+01
   5.0783020e+06   2.6000000e+01
   5.0783280e+06   2.2000000e+01
   5.0783840e+06   2.1000000e+01
   5.0785030e+06   2.1000000e+01
   5.0785900e+06   2.3000000e+01
   5.0786640e+06   3.3000000e+01
   5.0787450e+06   2.6000000e+01
   5.0788990e+06   3.2000000e+01
   5.0789770e+06   2.2000000e+01
   5.0790420e+06   2.0000000e+01
   5.0791780e+06   2.4000000e+01
   5.0792840e+06   2.2000000e+01
   5.0793260e+06   2.7000000e+01
   5.0795620e+06   2.1000000e+01
   5.0796350e+06   2.8000000e+01
   5.0797030e+06   2.2000000e+01
   5.0797450e+06   2.0000000e+01
   5.0799670e+06   2.2000000e+01
   5.0800320e+06   2.3000000e+01
   5.0801990e+06   2.6000000e+01
   5.0802530e+06   2.2000000e+01
   5.0802960e+06   2.5000000e+01
   5.0803440e+06   2.1000000e+01
   5.0804620e+06   2.1000000e+01
   5.0805760e+06   2.2000000e+01
   5.0806560e+06   2.0000000e+01
   5.0807530e+06   2.8000000e+01
   5.0809060e+06   2.0000000e+01
   5.0809870e+06   2.0000000e+01
   5.0812820e+06   2.6000000e+01
   5.0813470e+06   2.1000000e+01
   5.0814650e+06   2.1000000e+01
   5.0815850e+06   2.1000000e+01
   5.0817520e+06   2.0000000e+01
   5.0818220e+06   2.5000000e+01
   5.0822980e+06   2.2000000e+01
   5.0823790e+06   2.8000000e+01
   5.0824240e+06   2.0000000e+01
   5.0824830e+06   2.0000000e+01
   5.0832520e+06   2.1000000e+01
   5.0843920e+06   2.2000000e+01
   5.1509520e+06   2.0000000e+01
   5.2150040e+06   2.0000000e+01
   5.2154400e+06   2.0000000e+01
   5.2155270e+06   2.2000000e+01
   5.2160910e+06   2.0000000e+01
   5.2164340e+06   2.0000000e+01
   5.2167220e+06   2.0000000e+01
   5.2168240e+06   2.1000000e+01
   5.2169130e+06   2.0000000e+01
   5.2177240e+06   2.1000000e+01
   5.2179840e+06   2.2000000e+01
   5.2182840e+06   2.0000000e+01
   5.2186750e+06   2.8000000e+01
   5.2187390e+06   2.0000000e+01
   5.2189060e+06   2.1000000e+01
   5.2193820e+06   2.6000000e+01
   5.2194780e+06   2.1000000e+01
   5.2205080e+06   2.1000000e+01
   5.2734080e+06   2.0000000e+01
   5.3225270e+06   2.2000000e+01
   5.3228300e+06   2.0000000e+01
   5.4246590e+06   2.2000000e+01
   5.4247850e+06   2.1000000e+01
   5.4248100e+06   2.3000000e+01
   5.4251470e+06   2.7000000e+01
   5.4254500e+06   2.2000000e+01
   5.4256130e+06   2.2000000e+01
   5.4256840e+06   3.4000000e+01
   5.4261520e+06   2.0000000e+01
   5.4262900e+06   2.0000000e+01
   5.4267380e+06   2.3000000e+01
   5.4267890e+06   2.2000000e+01
   5.4269650e+06   2.2000000e+01
   5.4271110e+06   2.0000000e+01
   5.4271540e+06   2.4000000e+01
   5.4275910e+06   2.0000000e+01
   5.4276480e+06   2.3000000e+01
   5.4710740e+06   2.1000000e+01
   5.4717930e+06   2.0000000e+01
   5.4831430e+06   2.2000000e+01
   5.5604720e+06   2.0000000e+01
   5.5614630e+06   2.1000000e+01
   5.5618800e+06   2.0000000e+01
   5.5623970e+06   2.0000000e+01
   5.5624330e+06   2.2000000e+01
   5.5628740e+06   2.0000000e+01
   5.5629530e+06   2.0000000e+01
   5.5632500e+06   2.2000000e+01
   5.5633610e+06   2.6000000e+01
   5.5634370e+06   2.4000000e+01
   5.5638510e+06   2.2000000e+01
   5.5640430e+06   2.1000000e+01
   5.5641910e+06   2.4000000e+01
   5.5644340e+06   2.0000000e+01
   5.5646130e+06   2.0000000e+01
   5.5648190e+06   2.2000000e+01
   5.5648610e+06   2.1000000e+01
   5.5659190e+06   2.3000000e+01
   5.6207030e+06   2.0000000e+01
   5.6215930e+06   2.0000000e+01
   5.6226350e+06   2.0000000e+01
   5.7170540e+06   2.3000000e+01
   5.7177690e+06   2.2000000e+01
   5.7179360e+06   2.2000000e+01
   5.7180340e+06   2.1000000e+01
   5.7182940e+06   2.6000000e+01
   5.7183420e+06   2.5000000e+01
   5.7185760e+06   2.0000000e+01
   5.7187710e+06   2.1000000e+01
   5.7188190e+06   2.2000000e+01
   5.7196220e+06   2.0000000e+01
   5.7201290e+06   2.1000000e+01
   5.7220370e+06   2.0000000e+01
   5.7992780e+06   2.0000000e+01
   5.8021120e+06   2.0000000e+01
   5.8023240e+06   2.0000000e+01
   5.8024440e+06   2.0000000e+01
   5.8025440e+06   2.4000000e+01
   5.8027080e+06   2.2000000e+01
   5.8035470e+06   2.2000000e+01
   5.8040660e+06   2.1000000e+01
   5.8042510e+06   2.1000000e+01
   5.8043190e+06   2.0000000e+01
   5.8044990e+06   2.7000000e+01
   5.8048050e+06   2.2000000e+01
   5.8048960e+06   2.0000000e+01
   5.8050840e+06   2.1000000e+01
   5.8062150e+06   2.0000000e+01
   5.8823350e+06   2.1000000e+01
   5.8829440e+06   2.2000000e+01
   5.8830990e+06   2.1000000e+01
   5.8834190e+06   2.3000000e+01
   5.8837500e+06   2.0000000e+01
   5.8839370e+06   2.1000000e+01
   5.8844360e+06   2.1000000e+01
   5.8867770e+06   2.0000000e+01
   5.8875150e+06   2.2000000e+01
   5.8877110e+06   2.0000000e+01
   5.8877870e+06   2.1000000e+01
   5.9350400e+06   2.1000000e+01
   5.9362560e+06   2.0000000e+01
   5.9363020e+06   2.0000000e+01
   5.9380140e+06   2.2000000e+01
   5.9463790e+06   2.1000000e+01
   5.9493970e+06   2.0000000e+01
   6.0577780e+06   2.0000000e+01
   6.0580070e+06   2.0000000e+01
   6.0590900e+06   2.0000000e+01
   6.0615230e+06   2.4000000e+01
   6.0630630e+06   2.2000000e+01
   6.0631220e+06   2.0000000e+01
   6.0632960e+06   2.0000000e+01
   6.0638310e+06   2.2000000e+01
   6.0639940e+06   2.1000000e+01
   6.1485140e+06   2.0000000e+01
   6.1486900e+06   2.1000000e+01
   6.1488250e+06   2.1000000e+01
   6.1490350e+06   2.0000000e+01
   6.1495690e+06   2.1000000e+01
   6.1499960e+06   2.1000000e+01
   6.1506370e+06   2.1000000e+01
   6.1512400e+06   2.2000000e+01
   6.1513040e+06   2.1000000e+01
   6.1515770e+06   2.1000000e+01
   6.1517110e+06   2.0000000e+01
   6.1518770e+06   2.1000000e+01
   6.1526940e+06   2.1000000e+01
   6.1527540e+06   2.3000000e+01
   6.1538800e+06   2.0000000e+01
   6.2306300e+06   2.0000000e+01
   6.2307570e+06   2.1000000e+01
   6.2308940e+06   2.3000000e+01
   6.2312350e+06   2.4000000e+01
   6.2314620e+06   2.4000000e+01
   6.2315000e+06   2.5000000e+01
   6.2315850e+06   2.0000000e+01
   6.2316260e+06   2.4000000e+01
   6.2317060e+06   2.2000000e+01
   6.2318280e+06   2.3000000e+01
   6.2319080e+06   2.8000000e+01
   6.2320310e+06   2.1000000e+01
   6.2320620e+06   2.0000000e+01
   6.2321570e+06   2.1000000e+01
   6.2322030e+06   2.5000000e+01
   6.2327470e+06   2.4000000e+01
   6.2330250e+06   2.0000000e+01
   6.2332100e+06   2.2000000e+01
   6.2332790e+06   2.4000000e+01
   6.2334620e+06   2.1000000e+01
   6.2335220e+06   2.3000000e+01
   6.2337050e+06   2.0000000e+01
   6.2338520e+06   2.0000000e+01
   6.2347210e+06   2.0000000e+01
   6.2351740e+06   2.0000000e+01
   6.2359380e+06   2.0000000e+01
   6.2995990e+06   2.2000000e+01
   6.3005190e+06   2.0000000e+01
   6.3005540e+06   2.1000000e+01
   6.3388150e+06   2.2000000e+01
   6.3439380e+06   2.0000000e+01
   6.3440580e+06   2.3000000e+01
   6.3444840e+06   2.1000000e+01
   6.3456540e+06   2.0000000e+01
   6.3460460e+06   2.2000000e+01
   6.3463220e+06   2.0000000e+01
   6.3465040e+06   2.0000000e+01
   6.3466260e+06   2.0000000e+01
   6.3468210e+06   2.0000000e+01
   6.3471500e+06   2.4000000e+01
   6.3472770e+06   2.0000000e+01
   6.4024310e+06   2.0000000e+01
   6.4977960e+06   2.0000000e+01
   6.4979550e+06   2.1000000e+01
   6.4982010e+06   2.8000000e+01
   6.4983850e+06   2.1000000e+01
   6.4986390e+06   2.1000000e+01
   6.4986720e+06   2.0000000e+01
   6.4987270e+06   2.1000000e+01
   6.4988100e+06   3.4000000e+01
   6.4988740e+06   2.0000000e+01
   6.4989750e+06   2.5000000e+01
   6.4990470e+06   2.8000000e+01
   6.4990910e+06   2.6000000e+01
   6.4991800e+06   2.1000000e+01
   6.4992770e+06   2.5000000e+01
   6.4993100e+06   2.5000000e+01
   6.4994350e+06   2.7000000e+01
   6.4995110e+06   2.3000000e+01
   6.4995730e+06   2.1000000e+01
   6.4996470e+06   2.6000000e+01
   6.4997020e+06   3.1000000e+01
   6.4998090e+06   3.5000000e+01
   6.4999160e+06   2.6000000e+01
   6.4999890e+06   2.6000000e+01
   6.5001860e+06   2.4000000e+01
   6.5003040e+06   2.2000000e+01
   6.5003690e+06   2.2000000e+01
   6.5004290e+06   2.2000000e+01
   6.5004930e+06   2.4000000e+01
   6.5006310e+06   2.8000000e+01
   6.5008170e+06   2.0000000e+01
   6.5008660e+06   2.0000000e+01
   6.5009600e+06   2.5000000e+01
   6.5009870e+06   2.3000000e+01
   6.5010260e+06   3.6000000e+01
   6.5010970e+06   2.6000000e+01
   6.5011430e+06   3.0000000e+01
   6.5011950e+06   2.8000000e+01
   6.5012630e+06   3.0000000e+01
   6.5012880e+06   2.0000000e+01
   6.5013760e+06   2.4000000e+01
   6.5014120e+06   2.0000000e+01
   6.5015730e+06   2.3000000e+01
   6.5016470e+06   2.2000000e+01
   6.5017210e+06   2.5000000e+01
   6.5017470e+06   2.0000000e+01
   6.5018680e+06   2.4000000e+01
   6.5019140e+06   2.8000000e+01
   6.5020060e+06   2.1000000e+01
   6.5021250e+06   2.5000000e+01
   6.5021780e+06   2.0000000e+01
   6.5022640e+06   2.0000000e+01
   6.5024320e+06   2.1000000e+01
   6.5024910e+06   2.3000000e+01
   6.5026200e+06   2.3000000e+01
   6.5026920e+06   2.1000000e+01
   6.5027810e+06   2.0000000e+01
   6.5028510e+06   2.1000000e+01
   6.5029300e+06   2.0000000e+01
   6.5030100e+06   2.2000000e+01
   6.5031290e+06   2.2000000e+01
   6.5032280e+06   2.0000000e+01
   6.5035020e+06   3.0000000e+01
   6.5036650e+06   2.0000000e+01
   6.5038300e+06   2.1000000e+01
   6.5040410e+06   2.0000000e+01
   6.5051300e+06   2.1000000e+01
   6.5992180e+06   2.1000000e+01
   6.5997880e+06   2.2000000e+01
   6.5999950e+06   2.1000000e+01
   6.6001820e+06   2.1000000e+01
   6.6003890e+06   2.3000000e+01
   6.6004440e+06   2.3000000e+01
   6.6005690e+06   2.0000000e+01
   6.6006850e+06   2.2000000e+01
   6.6008060e+06   2.2000000e+01
   6.6010010e+06   2.1000000e+01
   6.6851040e+06   2.0000000e+01
   6.6857300e+06   2.1000000e+01
   6.8269450e+06   2.3000000e+01
   6.8274170e+06   2.0000000e+01
   6.8276050e+06   2.0000000e+01
   6.8278140e+06   2.2000000e+01
   6.8279630e+06   2.0000000e+01
   6.8284080e+06   2.0000000e+01
   6.8284920e+06   2.1000000e+01
   6.8286070e+06   2.0000000e+01
   6.8291490e+06   2.0000000e+01
   6.8294610e+06   2.0000000e+01
   6.8295070e+06   2.5000000e+01
   6.8296680e+06   2.4000000e+01
   6.8298820e+06   2.0000000e+01
   6.8300850e+06   2.1000000e+01
   6.8302290e+06   2.1000000e+01
   6.8303810e+06   2.0000000e+01
   6.8309370e+06   2.3000000e+01
   6.8311640e+06   2.0000000e+01
   6.9068380e+06   2.1000000e+01
   6.9072820e+06   2.1000000e+01
   6.9076900e+06   2.1000000e+01
   6.9077500e+06   2.6000000e+01
   6.9080520e+06   2.6000000e+01
   6.9082880e+06   2.1000000e+01
   6.9083510e+06   2.1000000e+01
   6.9084150e+06   2.1000000e+01
   6.9085260e+06   2.1000000e+01
   6.9086730e+06   2.5000000e+01
   6.9087990e+06   2.0000000e+01
   6.9089010e+06   2.0000000e+01
   6.9090920e+06   2.1000000e+01
   6.9092040e+06   2.1000000e+01
   6.9093080e+06   2.4000000e+01
   6.9094220e+06   2.1000000e+01
   6.9094770e+06   2.7000000e+01
   6.9095370e+06   2.1000000e+01
   6.9096770e+06   2.0000000e+01
   6.9099720e+06   2.1000000e+01
   6.9100570e+06   2.1000000e+01
   6.9101610e+06   2.3000000e+01
   6.9102650e+06   2.7000000e+01
   6.9103990e+06   2.0000000e+01
   6.9104760e+06   2.2000000e+01
   6.9105710e+06   2.1000000e+01
   6.9108400e+06   2.1000000e+01
   6.9109710e+06   2.1000000e+01
   6.9118310e+06   2.0000000e+01
   6.9122110e+06   2.0000000e+01
   6.9128260e+06   2.0000000e+01
   6.9130150e+06   2.0000000e+01
   6.9137060e+06   2.1000000e+01
   6.9856290e+06   2.0000000e+01
   7.0366590e+06   2.0000000e+01
   7.0374930e+06   2.2000000e+01
   7.0384720e+06   2.0000000e+01
   7.0398390e+06   2.0000000e+01
   7.1230630e+06   2.2000000e+01
   7.1232010e+06   2.2000000e+01
   7.1238270e+06   2.0000000e+01
   7.1242040e+06   2.0000000e+01
   7.1242450e+06   2.3000000e+01
   7.1699170e+06   2.0000000e+01
   7.1730110e+06   2.1000000e+01
   7.1738520e+06   2.0000000e+01
   7.1740290e+06   2.1000000e+01
   7.1742950e+06   2.3000000e+01
   7.1744910e+06   2.0000000e+01
   7.1746270e+06   2.2000000e+01
   7.1747810e+06   2.1000000e+01
   7.1748680e+06   2.0000000e+01
   7.1752130e+06   2.1000000e+01
   7.1753360e+06   2.1000000e+01
   7.1754830e+06   2.1000000e+01
   7.1756250e+06   2.2000000e+01
   7.1756720e+06   2.3000000e+01
   7.1757380e+06   2.2000000e+01
   7.1757860e+06   2.1000000e+01
   7.1760800e+06   2.3000000e+01
   7.1761860e+06   2.6000000e+01
   7.1764380e+06   2.3000000e+01
   7.1765080e+06   2.3000000e+01
   7.1766180e+06   2.1000000e+01
   7.1767060e+06   2.5000000e+01
   7.1767540e+06   2.7000000e+01
   7.1769750e+06   2.5000000e+01
   7.1770060e+06   2.0000000e+01
   7.1770750e+06   2.2000000e+01
   7.1772560e+06   2.0000000e+01
   7.1773680e+06   2.3000000e+01
   7.1774770e+06   2.5000000e+01
   7.1775190e+06   2.5000000e+01
   7.1776380e+06   2.0000000e+01
   7.1777000e+06   2.0000000e+01
   7.1777300e+06   2.6000000e+01
   7.1780040e+06   2.2000000e+01
   7.1780820e+06   2.0000000e+01
   7.1781440e+06   2.2000000e+01
   7.1782900e+06   2.5000000e+01
   7.1783400e+06   2.2000000e+01
   7.1784250e+06   2.2000000e+01
   7.1785230e+06   2.3000000e+01
   7.1786000e+06   2.0000000e+01
   7.1788240e+06   2.1000000e+01
   7.1790610e+06   2.0000000e+01
   7.1793520e+06   2.0000000e+01
   7.1798200e+06   2.3000000e+01
   7.1801500e+06   2.0000000e+01
   7.3070410e+06   2.2000000e+01
   7.3072900e+06   2.1000000e+01
   7.3095720e+06   2.0000000e+01
   7.3105710e+06   2.0000000e+01
   7.3106460e+06   2.1000000e+01
   7.3107610e+06   2.0000000e+01
   7.3109950e+06   2.6000000e+01
   7.3114370e+06   2.0000000e+01
   7.3117600e+06   2.0000000e+01
   7.3120640e+06   2.0000000e+01
   7.3122010e+06   2.1000000e+01
   7.3743930e+06   2.1000000e+01
   7.3746500e+06   2.0000000e+01
   7.4573020e+06   2.0000000e+01
   7.4574270e+06   2.1000000e+01
   7.4575860e+06   2.1000000e+01
   7.4586690e+06   2.0000000e+01
   7.4591940e+06   2.1000000e+01
   7.4600070e+06   2.2000000e+01
   7.4601680e+06   2.1000000e+01
   7.4602600e+06   2.4000000e+01
   7.4604430e+06   2.1000000e+01
   7.4604740e+06   2.0000000e+01
   7.4605720e+06   2.0000000e+01
   7.4610300e+06   2.0000000e+01
   7.4611490e+06   2.5000000e+01
   7.4612710e+06   2.1000000e+01
   7.4617810e+06   2.0000000e+01
   7.4619390e+06   2.0000000e+01
