   7.5000000e+06   0.0000000e+00
   4.7910000e+03   2.0000000e+01
   6.1830000e+03   2.2000000e+01
   6.5340000e+03   2.0000000e+01
   6.8790000e+03   2.0000000e+01
   7.1720000e+03   2.2000000e+01
   8.8774000e+04   2.1000000e+01
   9.1532000e+04   2.1000000e+01
   9.1566000e+04   2.1000000e+01
   9.1762000e+04   2.5000000e+01
   9.1798000e+04   2.4000000e+01
   9.1850000e+04   2.6000000e+01
   9.1979000e+04   3.1000000e+01
   9.2036000e+04   2.3000000e+01
   9.2112000e+04   2.0000000e+01
   9.2262000e+04   2.0000000e+01
   9.2355000e+04   2.1000000e+01
   9.2533000e+04   2.1000000e+01
   9.2696000e+04   2.0000000e+01
   9.2770000e+04   2.1000000e+01
   9.3205000e+04   2.0000000e+01
   9.3398000e+04   2.0000000e+01
   9.3457000e+04   2.0000000e+01
   9.3529000e+04   2.0000000e+01
   1.8937500e+05   2.0000000e+01
   1.9078800e+05   2.3000000e+01
   1.9089100e+05   2.0000000e+01
   1.9157900e+05   2.0000000e+01
   1.9164600e+05   2.0000000e+01
   1.9311100e+05   2.1000000e+01
   1.9328300e+05   2.0000000e+01
   1.9341600e+05   2.1000000e+01
   1.9360900e+05   2.1000000e+01
   1.9370000e+05   2.0000000e+01
   1.9427600e+05   2.0000000e+01
   1.9505000e+05   2.1000000e+01
   1.9516500e+05   2.1000000e+01
   1.9573100e+05   2.0000000e+01
   1.9742900e+05   2.0000000e+01
   2.6988400e+05   2.0000000e+01
   2.7004800e+05   2.6000000e+01
   2.7011600e+05   2.0000000e+01
   2.7019800e+05   2.0000000e+01
   2.7026800e+05   2.0000000e+01
   2.7029900e+05   2.2000000e+01
   2.7050600e+05   2.1000000e+01
   2.7072200e+05   2.4000000e+01
   2.7130700e+05   2.0000000e+01
   3.7888200e+05   2.1000000e+01
   3.8200000e+05   2.1000000e+01
   3.8236100e+05   3.0000000e+01
   3.8253800e+05   2.2000000e+01
   3.8261700e+05   2.3000000e+01
   3.8279400e+05   2.2000000e+01
   3.8287000e+05   2.3000000e+01
   3.8314900e+05   2.1000000e+01
   3.9544300e+05   2.0000000e+01
   3.9638100e+05   2.0000000e+01
   3.9642200e+05   2.2000000e+01
   3.9687700e+05   2.5000000e+01
   3.9903200e+05   2.0000000e+01
   4.9793600e+05   2.1000000e+01
   4.9843700e+05   2.3000000e+01
   4.9876500e+05   2.5000000e+01
   4.9890600e+05   2.0000000e+01
   4.9893400e+05   3.0000000e+01
   4.9905500e+05   2.1000000e+01
   4.9920200e+05   2.2000000e+01
   4.9931700e+05   2.2000000e+01
   4.9934800e+05   3.3000000e+01
   4.9955400e+05   2.1000000e+01
   4.9978900e+05   2.0000000e+01
   4.9995800e+05   2.0000000e+01
   5.0000500e+05   2.8000000e+01
   5.0014800e+05   2.0000000e+01
   5.0022500e+05   2.4000000e+01
   5.0025500e+05   2.6000000e+01
   5.0034700e+05   2.2000000e+01
   5.0043100e+05   2.6000000e+01
   5.0048100e+05   2.3000000e+01
   5.0054900e+05   2.2000000e+01
   5.0063000e+05   2.0000000e+01
   5.0068100e+05   2.1000000e+01
   5.0111400e+05   2.0000000e+01
   5.0122700e+05   2.1000000e+01
   5.0146600e+05   2.1000000e+01
   5.0150500e+05   2.2000000e+01
   5.0157200e+05   2.1000000e+01
   5.0162000e+05   3.1000000e+01
   5.0164700e+05   2.6000000e+01
   5.0167800e+05   2.0000000e+01
   5.0175500e+05   2.1000000e+01
   5.0184100e+05   2.2000000e+01
   5.0186600e+05   2.0000000e+01
   5.0193300e+05   2.1000000e+01
   5.0210100e+05   2.0000000e+01
   5.0212600e+05   2.2000000e+01
   5.0227800e+05   2.7000000e+01
   5.0237900e+05   2.1000000e+01
   5.0241300e+05   2.0000000e+01
   5.0254200e+05   2.5000000e+01
   5.0258000e+05   2.2000000e+01
   5.0270300e+05   2.4000000e+01
   5.0287000e+05   2.0000000e+01
   5.0291200e+05   2.0000000e+01
   5.0298800e+05   2.2000000e+01
   5.0317300e+05   2.2000000e+01
   5.0327900e+05   2.4000000e+01
   5.0333700e+05   2.7000000e+01
   5.0347600e+05   2.1000000e+01
   5.0361700e+05   2.0000000e+01
   5.0367700e+05   2.1000000e+01
   5.0427500e+05   2.1000000e+01
   5.0445100e+05   2.2000000e+01
   5.0467600e+05   2.2000000e+01
   5.0470200e+05   2.3000000e+01
   5.0539900e+05   2.0000000e+01
   5.0543900e+05   2.3000000e+01
   5.0552500e+05   2.0000000e+01
   5.0593500e+05   2.0000000e+01
   5.0607500e+05   2.1000000e+01
   5.0669300e+05   2.2000000e+01
   5.0690400e+05   2.2000000e+01
   6.1978200e+05   2.1000000e+01
   6.2148600e+05   2.0000000e+01
   6.2168800e+05   2.1000000e+01
   6.7502700e+05   2.3000000e+01
   6.7558800e+05   2.0000000e+01
   6.7569700e+05   2.2000000e+01
   7.7830400e+05   2.0000000e+01
   7.7899400e+05   2.2000000e+01
   8.4089500e+05   2.0000000e+01
   8.4099200e+05   2.8000000e+01
   8.4109400e+05   2.4000000e+01
   8.4116700e+05   2.0000000e+01
   8.4139600e+05   2.2000000e+01
   8.4172000e+05   2.4000000e+01
   8.4177000e+05   2.1000000e+01
   8.4184400e+05   2.4000000e+01
   8.4204100e+05   2.4000000e+01
   8.4209500e+05   2.5000000e+01
   8.4219100e+05   2.0000000e+01
   8.4226900e+05   2.0000000e+01
   8.4284700e+05   2.5000000e+01
   8.4306600e+05   2.2000000e+01
   8.4343900e+05   2.0000000e+01
   8.8851200e+05   2.2000000e+01
   8.8880600e+05   2.2000000e+01
   8.8887400e+05   2.4000000e+01
   8.8902100e+05   2.0000000e+01
   8.8917400e+05   2.6000000e+01
   8.8928100e+05   2.2000000e+01
   8.8940600e+05   2.2000000e+01
   8.8944500e+05   2.6000000e+01
   8.8961000e+05   2.0000000e+01
   8.8967300e+05   2.3000000e+01
   8.8971500e+05   2.0000000e+01
   8.8981400e+05   2.8000000e+01
   8.8987400e+05   3.3000000e+01
   8.9009600e+05   2.1000000e+01
   8.9020900e+05   2.0000000e+01
   8.9026100e+05   2.1000000e+01
   8.9035500e+05   2.0000000e+01
   8.9045500e+05   2.1000000e+01
   8.9059600e+05   2.1000000e+01
   8.9099600e+05   2.0000000e+01
   8.9130900e+05   2.4000000e+01
   8.9320300e+05   2.4000000e+01
   1.0194240e+06   2.0000000e+01
   1.0195480e+06   2.1000000e+01
   1.0198900e+06   2.3000000e+01
   1.0200940e+06   2.0000000e+01
   1.0202530e+06   2.0000000e+01
   1.0203130e+06   2.5000000e+01
   1.0206860e+06   2.3000000e+01
   1.0207490e+06   2.0000000e+01
   1.0211840e+06   2.1000000e+01
   1.0212500e+06   2.1000000e+01
   1.0212790e+06   2.1000000e+01
   1.0214100e+06   2.1000000e+01
   1.0215060e+06   2.1000000e+01
   1.0215840e+06   2.0000000e+01
   1.0216390e+06   2.0000000e+01
   1.0217240e+06   2.2000000e+01
   1.0219240e+06   2.1000000e+01
   1.0219540e+06   2.4000000e+01
   1.0221890e+06   2.1000000e+01
   1.0222450e+06   2.8000000e+01
   1.0223400e+06   3.1000000e+01
   1.0224530e+06   2.2000000e+01
   1.0226150e+06   2.3000000e+01
   1.0229820e+06   2.1000000e+01
   1.0230610e+06   2.5000000e+01
   1.0885100e+06   2.1000000e+01
   1.0933790e+06   2.1000000e+01
   1.0936040e+06   2.0000000e+01
   1.0938060e+06   2.1000000e+01
   1.0941140e+06   2.2000000e+01
   1.0942170e+06   2.0000000e+01
   1.0944590e+06   2.0000000e+01
   1.0945770e+06   2.3000000e+01
   1.0946860e+06   2.1000000e+01
   1.0951700e+06   2.0000000e+01
   1.0952670e+06   2.1000000e+01
   1.0953170e+06   2.5000000e+01
   1.0954000e+06   2.5000000e+01
   1.0954840e+06   2.1000000e+01
   1.0956060e+06   2.4000000e+01
   1.0957490e+06   2.0000000e+01
   1.0963070e+06   2.1000000e+01
   1.0964830e+06   2.0000000e+01
   1.1362380e+06   2.1000000e+01
   1.1770360e+06   2.0000000e+01
   1.2368640e+06   2.0000000e+01
   1.2369900e+06   2.0000000e+01
   1.2370150e+06   3.0000000e+01
   1.2370820e+06   2.3000000e+01
   1.2372260e+06   2.2000000e+01
   1.2374550e+06   2.1000000e+01
   1.2375100e+06   2.0000000e+01
   1.2375970e+06   2.0000000e+01
   1.2377440e+06   2.4000000e+01
   1.2377760e+06   2.3000000e+01
   1.2378140e+06   2.1000000e+01
   1.2379260e+06   2.0000000e+01
   1.2381860e+06   2.6000000e+01
   1.2382200e+06   2.3000000e+01
   1.2382840e+06   2.5000000e+01
   1.2383320e+06   3.0000000e+01
   1.2384000e+06   2.1000000e+01
   1.2385190e+06   2.3000000e+01
   1.2385850e+06   2.0000000e+01
   1.2388770e+06   2.0000000e+01
   1.2390340e+06   2.2000000e+01
   1.2392110e+06   2.0000000e+01
   1.2392630e+06   2.9000000e+01
   1.2393240e+06   2.1000000e+01
   1.2394270e+06   2.0000000e+01
   1.2397680e+06   2.8000000e+01
   1.2400650e+06   2.1000000e+01
   1.2401300e+06   2.0000000e+01
   1.2402470e+06   2.0000000e+01
   1.2403610e+06   2.1000000e+01
   1.2405190e+06   2.4000000e+01
   1.2405820e+06   2.0000000e+01
   1.2408790e+06   2.5000000e+01
   1.2413000e+06   2.0000000e+01
   1.2653320e+06   2.0000000e+01
   1.3399950e+06   2.2000000e+01
   1.3401740e+06   2.0000000e+01
   1.3403260e+06   2.3000000e+01
   1.3405100e+06   2.0000000e+01
   1.3406300e+06   2.0000000e+01
   1.3408100e+06   2.5000000e+01
   1.3414930e+06   2.4000000e+01
   1.3418090e+06   2.0000000e+01
   1.3446730e+06   2.1000000e+01
   1.3449620e+06   2.1000000e+01
   1.3453020e+06   2.2000000e+01
   1.3456840e+06   2.1000000e+01
   1.3460060e+06   2.3000000e+01
   1.4731420e+06   2.0000000e+01
   1.4807850e+06   2.4000000e+01
   1.4815530e+06   2.7000000e+01
   1.4820140e+06   2.2000000e+01
   1.4821860e+06   2.0000000e+01
   1.4822660e+06   2.2000000e+01
   1.4825870e+06   2.1000000e+01
   1.4827000e+06   2.1000000e+01
   1.4831150e+06   2.3000000e+01
   1.4834170e+06   2.0000000e+01
   1.4836770e+06   2.0000000e+01
   1.4837320e+06   2.5000000e+01
   1.4839550e+06   2.1000000e+01
   1.4840450e+06   2.3000000e+01
   1.4841150e+06   2.0000000e+01
   1.4844230e+06   2.3000000e+01
   1.4844990e+06   2.0000000e+01
   1.4846450e+06   2.3000000e+01
   1.4847510e+06   2.2000000e+01
   1.4849690e+06   2.2000000e+01
   1.4851550e+06   2.0000000e+01
   1.4851920e+06   2.0000000e+01
   1.4852560e+06   2.0000000e+01
   1.4854570e+06   2.2000000e+01
   1.4855380e+06   2.0000000e+01
   1.4862140e+06   2.0000000e+01
   1.5597560e+06   2.1000000e+01
   1.5598740e+06   2.0000000e+01
   1.5600010e+06   2.0000000e+01
   1.5621590e+06   2.0000000e+01
   1.5973980e+06   2.0000000e+01
   1.6784610e+06   2.5000000e+01
   1.6840780e+06   2.0000000e+01
   1.6843780e+06   2.0000000e+01
   1.6844980e+06   2.2000000e+01
   1.6847000e+06   2.1000000e+01
   1.6848410e+06   2.1000000e+01
   1.6848860e+06   2.0000000e+01
   1.6851500e+06   2.0000000e+01
   1.6853560e+06   2.1000000e+01
   1.7474250e+06   2.6000000e+01
   1.7477670e+06   2.0000000e+01
   1.7477950e+06   2.2000000e+01
   1.7510180e+06   2.0000000e+01
   1.7529160e+06   2.0000000e+01
   1.7534830e+06   2.0000000e+01
   1.7537440e+06   2.2000000e+01
   1.7548700e+06   2.0000000e+01
   1.8432810e+06   2.1000000e+01
   1.8440610e+06   2.1000000e+01
   1.8442050e+06   2.1000000e+01
   1.8443560e+06   2.1000000e+01
   1.8444830e+06   2.3000000e+01
   1.8448900e+06   2.0000000e+01
   1.8451990e+06   2.0000000e+01
   1.8453700e+06   2.0000000e+01
   1.8454900e+06   2.1000000e+01
   1.8458490e+06   2.1000000e+01
   1.8459180e+06   2.1000000e+01
   1.8461320e+06   2.0000000e+01
   1.8463680e+06   2.3000000e+01
   1.8466110e+06   2.3000000e+01
   1.8467040e+06   2.0000000e+01
   1.8472550e+06   2.1000000e+01
   1.8936760e+06   2.1000000e+01
   1.8953870e+06   2.0000000e+01
   1.8961990e+06   2.6000000e+01
   1.8978590e+06   2.0000000e+01
   1.8985040e+06   2.0000000e+01
   1.9574510e+06   2.1000000e+01
   1.9588330e+06   2.1000000e+01
   1.9631930e+06   2.1000000e+01
   1.9632330e+06   2.3000000e+01
   1.9636410e+06   2.0000000e+01
   1.9639120e+06   2.1000000e+01
   1.9642510e+06   2.2000000e+01
   1.9646580e+06   2.1000000e+01
   1.9652240e+06   2.3000000e+01
   1.9670190e+06   2.1000000e+01
   1.9678430e+06   2.0000000e+01
   1.9703820e+06   2.0000000e+01
   2.0430960e+06   2.1000000e+01
   2.0431520e+06   2.1000000e+01
   2.0432620e+06   2.6000000e+01
   2.0434120e+06   2.3000000e+01
   2.0434390e+06   2.0000000e+01
   2.0439040e+06   2.1000000e+01
   2.0440370e+06   2.2000000e+01
   2.0442120e+06   2.3000000e+01
   2.0443080e+06   2.4000000e+01
   2.0446740e+06   2.3000000e+01
   2.0447960e+06   2.4000000e+01
   2.0450660e+06   2.0000000e+01
   2.0451880e+06   2.1000000e+01
   2.0457790e+06   2.3000000e+01
   2.1146860e+06   2.0000000e+01
   2.1148600e+06   2.1000000e+01
   2.1149170e+06   2.2000000e+01
   2.1150340e+06   2.0000000e+01
   2.1151550e+06   2.0000000e+01
   2.1152410e+06   2.0000000e+01
   2.1153290e+06   2.4000000e+01
   2.1155050e+06   2.1000000e+01
   2.1157530e+06   2.2000000e+01
   2.1158270e+06   2.0000000e+01
   2.1158760e+06   2.4000000e+01
   2.1160240e+06   2.0000000e+01
   2.1161350e+06   2.0000000e+01
   2.1162710e+06   2.2000000e+01
   2.1163790e+06   2.1000000e+01
   2.1164460e+06   2.2000000e+01
   2.1165540e+06   2.0000000e+01
   2.1166130e+06   2.0000000e+01
   2.1166990e+06   2.4000000e+01
   2.1167650e+06   2.0000000e+01
   2.1172890e+06   2.1000000e+01
   2.1173890e+06   2.3000000e+01
   2.1175630e+06   2.2000000e+01
   2.1176870e+06   2.5000000e+01
   2.1177500e+06   2.3000000e+01
   2.1178430e+06   2.0000000e+01
   2.1179060e+06   2.2000000e+01
   2.1183380e+06   2.6000000e+01
   2.1184020e+06   2.0000000e+01
   2.1184370e+06   2.1000000e+01
   2.1184930e+06   2.0000000e+01
   2.1186880e+06   2.1000000e+01
   2.1187750e+06   2.0000000e+01
   2.1191660e+06   2.0000000e+01
   2.1194250e+06   2.2000000e+01
   2.1580570e+06   2.0000000e+01
   2.2338260e+06   2.0000000e+01
   2.2339340e+06   2.9000000e+01
   2.2342030e+06   2.1000000e+01
   2.2343320e+06   2.0000000e+01
   2.2344220e+06   2.4000000e+01
   2.2348360e+06   2.0000000e+01
   2.3274670e+06   2.0000000e+01
   2.3276800e+06   2.0000000e+01
   2.3279470e+06   2.6000000e+01
   2.3280080e+06   2.3000000e+01
   2.3281870e+06   2.0000000e+01
   2.3282400e+06   2.4000000e+01
   2.3285100e+06   2.3000000e+01
   2.3286020e+06   2.0000000e+01
   2.3298650e+06   2.1000000e+01
   2.3303230e+06   2.1000000e+01
   2.3310810e+06   2.0000000e+01
   2.3311680e+06   2.4000000e+01
   2.3314480e+06   2.2000000e+01
   2.3320590e+06   2.2000000e+01
   2.3329210e+06   2.3000000e+01
   2.4353810e+06   2.2000000e+01
   2.4359620e+06   2.0000000e+01
   2.4360950e+06   2.0000000e+01
   2.4372960e+06   2.0000000e+01
   2.4383610e+06   2.0000000e+01
   2.4386310e+06   2.2000000e+01
   2.4387430e+06   2.0000000e+01
   2.4387850e+06   2.7000000e+01
   2.4389920e+06   2.3000000e+01
   2.4390530e+06   2.1000000e+01
   2.4391320e+06   2.1000000e+01
   2.4392430e+06   2.2000000e+01
   2.4399270e+06   2.7000000e+01
   2.4402260e+06   2.3000000e+01
   2.4403190e+06   2.0000000e+01
   2.4406330e+06   2.3000000e+01
   2.4406960e+06   2.1000000e+01
   2.4413840e+06   2.1000000e+01
   2.4414950e+06   2.2000000e+01
   2.4416580e+06   2.0000000e+01
   2.4418810e+06   2.0000000e+01
   2.4866230e+06   2.0000000e+01
   2.6182710e+06   2.3000000e+01
   2.6192180e+06   2.0000000e+01
   2.6198480e+06   2.1000000e+01
   2.6200640e+06   2.0000000e+01
   2.6201820e+06   2.0000000e+01
   2.6242700e+06   2.2000000e+01
   2.6799320e+06   2.1000000e+01
   2.6809310e+06   2.0000000e+01
   2.7134360e+06   2.3000000e+01
   2.7136040e+06   2.3000000e+01
   2.7137040e+06   2.0000000e+01
   2.7137420e+06   2.1000000e+01
   2.8564680e+06   2.0000000e+01
   2.8567080e+06   2.4000000e+01
   2.9420820e+06   2.1000000e+01
   2.9421250e+06   2.1000000e+01
   2.9427280e+06   2.3000000e+01
   2.9428380e+06   2.0000000e+01
   2.9429870e+06   2.0000000e+01
   2.9431840e+06   2.2000000e+01
   2.9432430e+06   2.4000000e+01
   2.9433920e+06   2.3000000e+01
   2.9435870e+06   2.3000000e+01
   2.9437500e+06   2.4000000e+01
   2.9439950e+06   2.7000000e+01
   2.9440620e+06   2.9000000e+01
   2.9440980e+06   2.6000000e+01
   2.9441940e+06   2.0000000e+01
   2.9442310e+06   2.4000000e+01
   2.9443110e+06   2.2000000e+01
   2.9444390e+06   2.0000000e+01
   2.9445220e+06   3.0000000e+01
   2.9446090e+06   2.1000000e+01
   2.9446810e+06   2.5000000e+01
   2.9447790e+06   2.0000000e+01
   2.9448220e+06   4.7000000e+01
   2.9449950e+06   2.2000000e+01
   2.9450920e+06   2.3000000e+01
   2.9451380e+06   2.3000000e+01
   2.9454240e+06   2.1000000e+01
   2.9455340e+06   2.5000000e+01
   2.9475910e+06   2.0000000e+01
   3.0617510e+06   2.2000000e+01
   3.0622770e+06   2.0000000e+01
   3.0624380e+06   2.0000000e+01
   3.0626740e+06   2.2000000e+01
   3.0628090e+06   2.6000000e+01
   3.0629750e+06   2.1000000e+01
   3.0630690e+06   2.0000000e+01
   3.0631280e+06   2.5000000e+01
   3.0631830e+06   2.5000000e+01
   3.0635240e+06   2.1000000e+01
   3.0637000e+06   2.4000000e+01
   3.0640740e+06   2.0000000e+01
   3.0643140e+06   2.0000000e+01
   3.0648230e+06   2.0000000e+01
   3.0650780e+06   2.0000000e+01
   3.0656550e+06   2.0000000e+01
   3.0659570e+06   2.4000000e+01
   3.1477940e+06   2.1000000e+01
   3.1721270e+06   2.2000000e+01
   3.1726420e+06   2.1000000e+01
   3.1727880e+06   2.0000000e+01
   3.1728820e+06   2.1000000e+01
   3.1729510e+06   2.6000000e+01
   3.1735530e+06   2.0000000e+01
   3.1736200e+06   2.0000000e+01
   3.1740000e+06   2.0000000e+01
   3.1740400e+06   2.1000000e+01
   3.1742890e+06   2.0000000e+01
   3.1768660e+06   2.0000000e+01
   3.1775730e+06   2.1000000e+01
   3.1781280e+06   2.1000000e+01
   3.1785690e+06   2.1000000e+01
   3.2321210e+06   2.0000000e+01
   3.2323280e+06   2.1000000e+01
   3.2326110e+06   2.3000000e+01
   3.2326940e+06   2.0000000e+01
   3.2340990e+06   2.1000000e+01
   3.2341990e+06   2.0000000e+01
   3.2345870e+06   2.1000000e+01
   3.2351890e+06   2.0000000e+01
   3.2759410e+06   2.0000000e+01
   3.3011240e+06   2.2000000e+01
   3.3017600e+06   2.4000000e+01
   3.3437150e+06   2.0000000e+01
   3.4235710e+06   2.0000000e+01
   3.4285310e+06   2.0000000e+01
   3.4332710e+06   2.5000000e+01
   3.4366430e+06   2.1000000e+01
   3.4369530e+06   2.1000000e+01
   3.4380410e+06   2.1000000e+01
   3.5209910e+06   2.0000000e+01
   3.5214520e+06   2.1000000e+01
   3.5751080e+06   2.0000000e+01
   3.5757390e+06   2.6000000e+01
   3.5758410e+06   2.1000000e+01
   3.5759960e+06   2.1000000e+01
   3.5760950e+06   2.0000000e+01
   3.5762530e+06   2.0000000e+01
   3.5763580e+06   2.2000000e+01
   3.5764690e+06   2.1000000e+01
   3.5765540e+06   2.0000000e+01
   3.5766800e+06   2.3000000e+01
   3.5768630e+06   2.2000000e+01
   3.5771710e+06   2.2000000e+01
   3.5771990e+06   2.2000000e+01
   3.5779700e+06   2.1000000e+01
   3.5781010e+06   2.3000000e+01
   3.5782170e+06   2.0000000e+01
   3.5785840e+06   2.1000000e+01
   3.7014500e+06   2.0000000e+01
   3.7057850e+06   2.1000000e+01
   3.7631740e+06   2.5000000e+01
   3.7642120e+06   2.0000000e+01
   3.7645510e+06   2.0000000e+01
   3.7649880e+06   2.2000000e+01
   3.7654010e+06   2.6000000e+01
   3.7658680e+06   2.0000000e+01
   3.7665790e+06   2.2000000e+01
   3.7671300e+06   2.4000000e+01
   3.7675680e+06   2.3000000e+01
   3.7676770e+06   2.0000000e+01
   3.7680820e+06   2.1000000e+01
   3.7684680e+06   2.1000000e+01
   3.7689300e+06   2.0000000e+01
   3.7700590e+06   2.3000000e+01
   3.8515850e+06   2.0000000e+01
   3.9170070e+06   2.0000000e+01
   3.9173330e+06   2.1000000e+01
   3.9176520e+06   2.0000000e+01
   3.9181490e+06   2.0000000e+01
   3.9187460e+06   2.0000000e+01
   3.9207560e+06   2.2000000e+01
   3.9654420e+06   2.5000000e+01
   3.9655310e+06   2.0000000e+01
   3.9656220e+06   2.0000000e+01
   3.9657360e+06   2.2000000e+01
   3.9660910e+06   2.1000000e+01
   3.9663930e+06   2.0000000e+01
   3.9664890e+06   2.0000000e+01
   4.0610910e+06   2.1000000e+01
   4.0617010e+06   2.2000000e+01
   4.0620180e+06   2.1000000e+01
   4.0621810e+06   2.0000000e+01
   4.0624160e+06   2.1000000e+01
   4.0624830e+06   2.0000000e+01
   4.0629110e+06   2.2000000e+01
   4.0630260e+06   2.1000000e+01
   4.0634350e+06   2.0000000e+01
   4.0637040e+06   2.2000000e+01
   4.0638880e+06   2.4000000e+01
   4.0640640e+06   2.3000000e+01
   4.0642680e+06   2.0000000e+01
   4.0646830e+06   2.0000000e+01
   4.0648340e+06   2.3000000e+01
   4.0654030e+06   2.1000000e+01
   4.0655200e+06   2.1000000e+01
   4.1123830e+06   2.1000000e+01
   4.1645700e+06   2.0000000e+01
   4.1648310e+06   2.0000000e+01
   4.1650320e+06   2.0000000e+01
   4.1653190e+06   2.1000000e+01
   4.1654470e+06   2.0000000e+01
   4.1656290e+06   2.0000000e+01
   4.1658310e+06   2.0000000e+01
   4.1659230e+06   2.1000000e+01
   4.1659510e+06   2.1000000e+01
   4.1660840e+06   2.3000000e+01
   4.1665430e+06   2.0000000e+01
   4.1670290e+06   2.1000000e+01
   4.1681870e+06   2.0000000e+01
   4.1685150e+06   2.0000000e+01
   4.1689580e+06   2.1000000e+01
   4.1724450e+06   2.1000000e+01
   4.1727820e+06   2.1000000e+01
   4.1732530e+06   2.0000000e+01
   4.1733260e+06   2.8000000e+01
   4.1734410e+06   2.0000000e+01
   4.1737450e+06   2.0000000e+01
   4.1741700e+06   2.2000000e+01
   4.1747660e+06   2.0000000e+01
   4.2941330e+06   2.0000000e+01
   4.2956690e+06   2.0000000e+01
   4.2959010e+06   2.2000000e+01
   4.2963610e+06   2.3000000e+01
   4.2964340e+06   2.0000000e+01
   4.2965910e+06   2.1000000e+01
   4.2966540e+06   2.0000000e+01
   4.2968480e+06   2.0000000e+01
   4.2969010e+06   2.1000000e+01
   4.2991850e+06   2.0000000e+01
   4.3002000e+06   2.0000000e+01
   4.3006720e+06   2.1000000e+01
   4.3017970e+06   2.1000000e+01
   4.3023370e+06   2.0000000e+01
   4.3443470e+06   2.2000000e+01
   4.3449650e+06   2.0000000e+01
   4.4073660e+06   2.0000000e+01
   4.4075350e+06   2.2000000e+01
   4.4076500e+06   2.0000000e+01
   4.4080180e+06   2.1000000e+01
   4.4085280e+06   2.0000000e+01
   4.4096110e+06   2.1000000e+01
   4.5188060e+06   2.0000000e+01
   4.5194730e+06   2.0000000e+01
   4.5206580e+06   2.0000000e+01
   4.5223730e+06   2.1000000e+01
   4.5239130e+06   2.2000000e+01
   4.5247250e+06   2.0000000e+01
   4.6259770e+06   2.3000000e+01
   4.6297670e+06   2.0000000e+01
   4.6300110e+06   2.0000000e+01
   4.6301970e+06   2.4000000e+01
   4.6302700e+06   2.5000000e+01
   4.6303120e+06   2.1000000e+01
   4.7530050e+06   2.0000000e+01
   4.7535070e+06   2.1000000e+01
   4.8227340e+06   2.5000000e+01
   4.8229270e+06   2.4000000e+01
   4.8230880e+06   2.1000000e+01
   4.8231860e+06   2.0000000e+01
   4.8232570e+06   2.5000000e+01
   4.8234280e+06   2.9000000e+01
   4.8234540e+06   2.0000000e+01
   4.8236560e+06   2.2000000e+01
   4.8239030e+06   2.0000000e+01
   4.8243580e+06   2.0000000e+01
   4.8246810e+06   2.6000000e+01
   4.9030750e+06   2.1000000e+01
   4.9112710e+06   2.2000000e+01
   4.9119300e+06   2.0000000e+01
   4.9710570e+06   2.0000000e+01
   4.9758550e+06   2.1000000e+01
   5.0210170e+06   2.0000000e+01
   5.0218070e+06   2.0000000e+01
   5.0225360e+06   2.0000000e+01
   5.0229050e+06   2.2000000e+01
   5.0239000e+06   2.0000000e+01
   5.0762460e+06   2.1000000e+01
   5.0768160e+06   2.1000000e+01
   5.0769010e+06   2.2000000e+01
   5.0769520e+06   2.1000000e+01
   5.0773410e+06   2.1000000e+01
   5.0775030e+06   2.0000000e+01
   5.0776640e+06   2.1000000e+01
   5.0778240e+06   2.0000000e+01
   5.0780490e+06   2.5000000e+01
   5.0783020e+06   2.0000000e+01
   5.0783290e+06   2.0000000e+01
   5.0784370e+06   2.1000000e+01
   5.0785900e+06   2.4000000e+01
   5.0786470e+06   2.0000000e+01
   5.0787500e+06   2.4000000e+01
   5.0788830e+06   2.2000000e+01
   5.0789770e+06   2.5000000e+01
   5.0791390e+06   2.6000000e+01
   5.0792480e+06   2.3000000e+01
   5.0793270e+06   2.5000000e+01
   5.0795760e+06   2.2000000e+01
   5.0796870e+06   2.0000000e+01
   5.0801990e+06   2.3000000e+01
   5.0802440e+06   2.1000000e+01
   5.0802910e+06   2.2000000e+01
   5.0805770e+06   2.1000000e+01
   5.0807560e+06   2.1000000e+01
   5.0817610e+06   2.1000000e+01
   5.0819980e+06   2.2000000e+01
   5.2146040e+06   2.0000000e+01
   5.2149970e+06   2.0000000e+01
   5.2154850e+06   2.2000000e+01
   5.2161170e+06   2.6000000e+01
   5.2161530e+06   2.1000000e+01
   5.2164290e+06   2.0000000e+01
   5.2164820e+06   2.0000000e+01
   5.2165460e+06   2.4000000e+01
   5.2166020e+06   2.0000000e+01
   5.2177120e+06   2.0000000e+01
   5.2182850e+06   2.0000000e+01
   5.2186760e+06   2.6000000e+01
   5.2187630e+06   2.1000000e+01
   5.2191310e+06   2.1000000e+01
   5.2192010e+06   2.2000000e+01
   5.2193790e+06   2.4000000e+01
   5.2199440e+06   2.2000000e+01
   5.3222340e+06   2.0000000e+01
   5.3228980e+06   2.2000000e+01
   5.3231270e+06   2.2000000e+01
   5.3234860e+06   2.0000000e+01
   5.3247320e+06   2.0000000e+01
   5.3251300e+06   2.0000000e+01
   5.3252000e+06   2.0000000e+01
   5.4246270e+06   2.0000000e+01
   5.4252160e+06   2.0000000e+01
   5.4255700e+06   2.0000000e+01
   5.4256460e+06   2.0000000e+01
   5.4256840e+06   2.1000000e+01
   5.4261460e+06   2.1000000e+01
   5.4262620e+06   2.2000000e+01
   5.4266840e+06   2.0000000e+01
   5.4271320e+06   2.0000000e+01
   5.4274100e+06   2.0000000e+01
   5.4276490e+06   2.1000000e+01
   5.4710400e+06   2.1000000e+01
   5.4710780e+06   2.2000000e+01
   5.4725250e+06   2.0000000e+01
   5.4752000e+06   2.0000000e+01
   5.4759290e+06   2.0000000e+01
   5.5605100e+06   2.0000000e+01
   5.5610890e+06   2.3000000e+01
   5.5614770e+06   2.3000000e+01
   5.5620370e+06   2.1000000e+01
   5.5623980e+06   2.1000000e+01
   5.5628010e+06   2.1000000e+01
   5.5628730e+06   2.3000000e+01
   5.5632220e+06   2.6000000e+01
   5.5634330e+06   2.0000000e+01
   5.5635230e+06   2.1000000e+01
   5.5638850e+06   2.0000000e+01
   5.5640880e+06   2.0000000e+01
   5.5643540e+06   2.0000000e+01
   5.5644760e+06   2.0000000e+01
   5.5648670e+06   2.0000000e+01
   5.6215710e+06   2.2000000e+01
   5.6216030e+06   2.4000000e+01
   5.6221770e+06   2.3000000e+01
   5.6224570e+06   2.0000000e+01
   5.7147990e+06   2.1000000e+01
   5.7183510e+06   2.1000000e+01
   5.7188170e+06   2.0000000e+01
   5.7190600e+06   2.5000000e+01
   5.7191080e+06   2.2000000e+01
   5.8023410e+06   2.0000000e+01
   5.8044810e+06   2.0000000e+01
   5.8392570e+06   2.1000000e+01
   5.8833270e+06   2.2000000e+01
   5.8838340e+06   2.4000000e+01
   5.8839450e+06   2.6000000e+01
   5.8847780e+06   2.0000000e+01
   5.8852890e+06   2.2000000e+01
   5.8860910e+06   2.1000000e+01
   5.8863240e+06   2.0000000e+01
   5.8866550e+06   2.0000000e+01
   5.8867770e+06   2.2000000e+01
   5.8869410e+06   2.0000000e+01
   5.8873660e+06   2.0000000e+01
   5.8876320e+06   2.1000000e+01
   5.8878820e+06   2.1000000e+01
   5.9474460e+06   2.2000000e+01
   6.0101190e+06   2.1000000e+01
   6.0113580e+06   2.2000000e+01
   6.0620800e+06   2.1000000e+01
   6.0621230e+06   2.1000000e+01
   6.0630600e+06   2.3000000e+01
   6.0632960e+06   2.0000000e+01
   6.0634740e+06   2.1000000e+01
   6.0636150e+06   2.3000000e+01
   6.0640010e+06   2.0000000e+01
   6.1495560e+06   2.0000000e+01
   6.1496280e+06   2.2000000e+01
   6.1500150e+06   2.2000000e+01
   6.1502200e+06   2.1000000e+01
   6.1506720e+06   2.1000000e+01
   6.1512400e+06   2.0000000e+01
   6.1513060e+06   2.1000000e+01
   6.1516180e+06   2.3000000e+01
   6.1517190e+06   2.0000000e+01
   6.1521130e+06   2.3000000e+01
   6.1526440e+06   2.0000000e+01
   6.1527610e+06   2.1000000e+01
   6.2311530e+06   2.0000000e+01
   6.2313930e+06   2.0000000e+01
   6.2314570e+06   2.0000000e+01
   6.2315850e+06   2.2000000e+01
   6.2318280e+06   2.3000000e+01
   6.2318600e+06   2.3000000e+01
   6.2319820e+06   2.0000000e+01
   6.2320610e+06   3.6000000e+01
   6.2321530e+06   2.3000000e+01
   6.2322040e+06   2.9000000e+01
   6.2324700e+06   2.3000000e+01
   6.2327020e+06   2.0000000e+01
   6.2328260e+06   2.0000000e+01
   6.2330170e+06   2.0000000e+01
   6.2334900e+06   2.3000000e+01
   6.2335620e+06   2.4000000e+01
   6.2344690e+06   2.3000000e+01
   6.2995110e+06   2.0000000e+01
   6.3003280e+06   2.1000000e+01
   6.3388150e+06   2.0000000e+01
   6.3392680e+06   2.3000000e+01
   6.3444140e+06   2.0000000e+01
   6.3460470e+06   2.0000000e+01
   6.3465080e+06   2.2000000e+01
   6.4977270e+06   2.2000000e+01
   6.4979030e+06   2.2000000e+01
   6.4979500e+06   2.1000000e+01
   6.4985350e+06   2.1000000e+01
   6.4987620e+06   2.0000000e+01
   6.4988780e+06   2.0000000e+01
   6.4990070e+06   2.4000000e+01
   6.4990450e+06   2.0000000e+01
   6.4990920e+06   2.2000000e+01
   6.4992820e+06   2.5000000e+01
   6.4993110e+06   2.7000000e+01
   6.4993860e+06   2.5000000e+01
   6.4994400e+06   2.4000000e+01
   6.4995510e+06   2.4000000e+01
   6.4997060e+06   2.0000000e+01
   6.4997620e+06   2.3000000e+01
   6.4998040e+06   2.5000000e+01
   6.4999870e+06   2.6000000e+01
   6.5000690e+06   2.8000000e+01
   6.5002160e+06   2.0000000e+01
   6.5003690e+06   2.0000000e+01
   6.5004290e+06   2.1000000e+01
   6.5004930e+06   2.3000000e+01
   6.5006290e+06   2.2000000e+01
   6.5007040e+06   2.5000000e+01
   6.5008720e+06   2.0000000e+01
   6.5009660e+06   2.2000000e+01
   6.5010630e+06   2.3000000e+01
   6.5011150e+06   2.3000000e+01
   6.5011880e+06   2.3000000e+01
   6.5012640e+06   2.0000000e+01
   6.5015720e+06   2.1000000e+01
   6.5017550e+06   2.5000000e+01
   6.5018380e+06   2.0000000e+01
   6.5027810e+06   2.2000000e+01
   6.5028720e+06   2.1000000e+01
   6.5029850e+06   2.2000000e+01
   6.5031290e+06   2.1000000e+01
   6.5034810e+06   2.2000000e+01
   6.5036450e+06   2.0000000e+01
   6.5997890e+06   2.3000000e+01
   6.6000900e+06   2.1000000e+01
   6.6001820e+06   2.0000000e+01
   6.6003880e+06   2.2000000e+01
   6.6004360e+06   2.0000000e+01
   6.6005690e+06   2.2000000e+01
   6.6006940e+06   2.2000000e+01
   6.6009780e+06   2.2000000e+01
   6.6011390e+06   2.1000000e+01
   6.6851460e+06   2.1000000e+01
   6.6862070e+06   2.2000000e+01
   6.7398900e+06   2.0000000e+01
   6.7400930e+06   2.0000000e+01
   6.7402150e+06   2.1000000e+01
   6.7406280e+06   2.2000000e+01
   6.8268110e+06   2.0000000e+01
   6.8269380e+06   2.1000000e+01
   6.8270060e+06   2.2000000e+01
   6.8272920e+06   2.1000000e+01
   6.8273530e+06   2.2000000e+01
   6.8274650e+06   2.4000000e+01
   6.8275740e+06   2.0000000e+01
   6.8283480e+06   2.1000000e+01
   6.8284910e+06   2.0000000e+01
   6.8286050e+06   2.0000000e+01
   6.8293060e+06   2.2000000e+01
   6.8294730e+06   2.2000000e+01
   6.8295010e+06   2.5000000e+01
   6.8296810e+06   2.1000000e+01
   6.8298580e+06   2.2000000e+01
   6.8298940e+06   2.5000000e+01
   6.8300950e+06   2.5000000e+01
   6.8302290e+06   2.2000000e+01
   6.8309460e+06   2.0000000e+01
   6.8310800e+06   2.3000000e+01
   6.8311840e+06   2.3000000e+01
   6.9077630e+06   2.2000000e+01
   6.9080510e+06   2.1000000e+01
   6.9082730e+06   2.0000000e+01
   6.9084150e+06   2.1000000e+01
   6.9085170e+06   2.1000000e+01
   6.9085930e+06   2.5000000e+01
   6.9086730e+06   2.3000000e+01
   6.9089030e+06   2.4000000e+01
   6.9090920e+06   2.1000000e+01
   6.9092090e+06   2.1000000e+01
   6.9093080e+06   2.3000000e+01
   6.9094990e+06   2.4000000e+01
   6.9101610e+06   2.0000000e+01
   6.9102650e+06   2.7000000e+01
   6.9103900e+06   2.0000000e+01
   6.9104910e+06   2.2000000e+01
   6.9108480e+06   2.2000000e+01
   6.9109510e+06   2.5000000e+01
   6.9118390e+06   2.0000000e+01
   6.9128300e+06   2.0000000e+01
   6.9131650e+06   2.0000000e+01
   6.9137060e+06   2.6000000e+01
   7.0356580e+06   2.3000000e+01
   7.0361120e+06   2.1000000e+01
   7.0362730e+06   2.1000000e+01
   7.0365940e+06   2.1000000e+01
   7.0366380e+06   2.1000000e+01
   7.0367000e+06   2.0000000e+01
   7.0368090e+06   2.2000000e+01
   7.0372270e+06   2.1000000e+01
   7.0372980e+06   2.0000000e+01
   7.0375200e+06   2.0000000e+01
   7.0379470e+06   2.0000000e+01
   7.0385540e+06   2.5000000e+01
   7.0400090e+06   2.0000000e+01
   7.1230630e+06   2.0000000e+01
   7.1234230e+06   2.1000000e+01
   7.1237970e+06   2.2000000e+01
   7.1238270e+06   2.2000000e+01
   7.1240880e+06   2.0000000e+01
   7.1242040e+06   2.4000000e+01
   7.1242500e+06   2.2000000e+01
   7.1734840e+06   2.0000000e+01
   7.1745330e+06   2.2000000e+01
   7.1746650e+06   2.0000000e+01
   7.1753470e+06   2.0000000e+01
   7.1754550e+06   2.3000000e+01
   7.1757170e+06   2.1000000e+01
   7.1757670e+06   2.8000000e+01
   7.1761370e+06   2.2000000e+01
   7.1764520e+06   2.0000000e+01
   7.1767530e+06   2.1000000e+01
   7.1771290e+06   2.0000000e+01
   7.1773590e+06   2.0000000e+01
   7.1774830e+06   2.1000000e+01
   7.1775470e+06   2.0000000e+01
   7.1777290e+06   2.3000000e+01
   7.1779540e+06   2.1000000e+01
   7.1780360e+06   2.1000000e+01
   7.1791590e+06   2.0000000e+01
   7.1793910e+06   2.2000000e+01
   7.3062440e+06   2.2000000e+01
   7.3069670e+06   2.0000000e+01
   7.3100920e+06   2.0000000e+01
   7.3102340e+06   2.0000000e+01
   7.3106490e+06   2.0000000e+01
   7.3110010e+06   2.4000000e+01
   7.3110530e+06   2.0000000e+01
   7.3114260e+06   2.2000000e+01
   7.3115110e+06   2.0000000e+01
   7.3117850e+06   2.0000000e+01
   7.3121320e+06   2.1000000e+01
   7.3747350e+06   2.0000000e+01
   7.3747840e+06   2.0000000e+01
   7.4573080e+06   2.0000000e+01
   7.4575880e+06   2.0000000e+01
   7.4586350e+06   2.0000000e+01
   7.4589980e+06   2.5000000e+01
   7.4599840e+06   2.0000000e+01
   7.4600690e+06   2.1000000e+01
   7.4602600e+06   2.7000000e+01
   7.4604350e+06   2.2000000e+01
   7.4605660e+06   2.3000000e+01
   7.4610130e+06   2.2000000e+01
   7.4611490e+06   2.2000000e+01
   7.4612710e+06   2.4000000e+01
   7.4621810e+06   2.0000000e+01
   7.4808730e+06   2.0000000e+01
