   7.5000000e+06   0.0000000e+00
   6.8760000e+03   1.4000000e+01
   7.1610000e+03   1.5000000e+01
   8.7960000e+04   1.4000000e+01
   8.8418000e+04   1.4000000e+01
   8.8783000e+04   1.5000000e+01
   9.0354000e+04   1.4000000e+01
   9.1485000e+04   1.8000000e+01
   9.1628000e+04   1.5000000e+01
   9.1762000e+04   2.0000000e+01
   9.1862000e+04   1.4000000e+01
   9.1984000e+04   1.8000000e+01
   9.2180000e+04   1.4000000e+01
   9.2460000e+04   1.5000000e+01
   9.2666000e+04   2.2000000e+01
   9.2723000e+04   2.2000000e+01
   9.2787000e+04   1.7000000e+01
   9.2863000e+04   2.0000000e+01
   9.2947000e+04   1.9000000e+01
   9.3165000e+04   1.5000000e+01
   9.4470000e+04   1.5000000e+01
   1.6779700e+05   1.4000000e+01
   1.9078800e+05   1.5000000e+01
   1.9083900e+05   1.4000000e+01
   1.9093300e+05   1.4000000e+01
   1.9109000e+05   1.6000000e+01
   1.9154000e+05   1.4000000e+01
   1.9173800e+05   1.6000000e+01
   1.9214100e+05   1.4000000e+01
   1.9285700e+05   1.4000000e+01
   1.9313900e+05   1.4000000e+01
   1.9393100e+05   1.5000000e+01
   1.9483900e+05   1.4000000e+01
   1.9492800e+05   1.4000000e+01
   2.6476000e+05   1.5000000e+01
   2.6994900e+05   1.7000000e+01
   2.7004600e+05   1.9000000e+01
   2.7026800e+05   1.5000000e+01
   2.7029400e+05   1.5000000e+01
   2.7038500e+05   1.5000000e+01
   2.7042200e+05   1.4000000e+01
   2.7065600e+05   1.4000000e+01
   2.7073500e+05   1.6000000e+01
   2.7085700e+05   1.5000000e+01
   2.7092200e+05   1.5000000e+01
   2.7114600e+05   1.4000000e+01
   2.7118800e+05   2.4000000e+01
   2.7219500e+05   1.8000000e+01
   2.7628900e+05   1.6000000e+01
   3.7807000e+05   1.5000000e+01
   3.7810800e+05   1.6000000e+01
   3.7876700e+05   1.5000000e+01
   3.7887300e+05   1.5000000e+01
   3.7912400e+05   1.6000000e+01
   3.8084600e+05   1.7000000e+01
   3.8199800e+05   1.5000000e+01
   3.8218400e+05   1.7000000e+01
   3.8233300e+05   1.8000000e+01
   3.8254400e+05   1.4000000e+01
   3.8262200e+05   1.4000000e+01
   3.8277200e+05   1.8000000e+01
   3.8282000e+05   1.7000000e+01
   3.8388000e+05   1.4000000e+01
   3.9458100e+05   1.7000000e+01
   3.9544200e+05   1.4000000e+01
   3.9567400e+05   1.4000000e+01
   3.9834100e+05   1.5000000e+01
   3.9923500e+05   1.4000000e+01
   3.9933900e+05   1.5000000e+01
   3.9955800e+05   1.4000000e+01
   3.9987600e+05   1.4000000e+01
   4.0039100e+05   1.5000000e+01
   4.0254200e+05   1.5000000e+01
   4.0474600e+05   1.5000000e+01
   4.9793600e+05   1.5000000e+01
   4.9827400e+05   2.1000000e+01
   4.9843800e+05   1.6000000e+01
   4.9877000e+05   1.6000000e+01
   4.9892200e+05   1.5000000e+01
   4.9903500e+05   2.2000000e+01
   4.9918300e+05   1.4000000e+01
   4.9921000e+05   1.6000000e+01
   4.9929700e+05   1.5000000e+01
   4.9933100e+05   1.6000000e+01
   4.9942700e+05   1.7000000e+01
   4.9959100e+05   1.5000000e+01
   4.9963900e+05   1.4000000e+01
   4.9982400e+05   1.4000000e+01
   4.9988700e+05   1.8000000e+01
   4.9999900e+05   2.0000000e+01
   5.0023300e+05   1.4000000e+01
   5.0026200e+05   1.8000000e+01
   5.0035800e+05   2.4000000e+01
   5.0047000e+05   1.8000000e+01
   5.0054500e+05   1.5000000e+01
   5.0062500e+05   1.9000000e+01
   5.0068800e+05   1.8000000e+01
   5.0078600e+05   1.5000000e+01
   5.0095200e+05   1.8000000e+01
   5.0122700e+05   1.8000000e+01
   5.0127700e+05   1.4000000e+01
   5.0135100e+05   1.4000000e+01
   5.0145900e+05   1.4000000e+01
   5.0154000e+05   1.4000000e+01
   5.0162100e+05   1.9000000e+01
   5.0164600e+05   2.0000000e+01
   5.0175200e+05   1.7000000e+01
   5.0182900e+05   1.4000000e+01
   5.0194600e+05   1.4000000e+01
   5.0210300e+05   1.7000000e+01
   5.0227600e+05   1.5000000e+01
   5.0244300e+05   1.5000000e+01
   5.0256800e+05   1.4000000e+01
   5.0279400e+05   2.9000000e+01
   5.0288900e+05   1.4000000e+01
   5.0298000e+05   1.7000000e+01
   5.0316600e+05   1.4000000e+01
   5.0330100e+05   1.6000000e+01
   5.0334000e+05   1.6000000e+01
   5.0345600e+05   1.4000000e+01
   5.0361700e+05   1.4000000e+01
   5.0394700e+05   1.4000000e+01
   5.0398400e+05   1.6000000e+01
   5.0420300e+05   1.5000000e+01
   5.0760100e+05   1.5000000e+01
   5.7964300e+05   1.4000000e+01
   5.7990800e+05   1.4000000e+01
   6.1907800e+05   1.5000000e+01
   6.2156000e+05   1.4000000e+01
   6.2159500e+05   1.4000000e+01
   6.7559500e+05   1.7000000e+01
   6.7566800e+05   1.7000000e+01
   7.7168200e+05   1.5000000e+01
   7.7629800e+05   1.6000000e+01
   7.7642400e+05   1.4000000e+01
   7.7709600e+05   2.2000000e+01
   7.7771000e+05   1.4000000e+01
   7.7900100e+05   1.9000000e+01
   8.3574300e+05   1.4000000e+01
   8.3980000e+05   1.4000000e+01
   8.4066600e+05   1.5000000e+01
   8.4086400e+05   1.6000000e+01
   8.4097200e+05   1.5000000e+01
   8.4110200e+05   1.5000000e+01
   8.4145200e+05   1.4000000e+01
   8.4148900e+05   1.7000000e+01
   8.4171800e+05   1.4000000e+01
   8.4176900e+05   1.4000000e+01
   8.4184600e+05   1.5000000e+01
   8.4193900e+05   1.6000000e+01
   8.4208800e+05   1.5000000e+01
   8.4227300e+05   1.5000000e+01
   8.4266900e+05   1.4000000e+01
   8.4285200e+05   1.5000000e+01
   8.4335900e+05   1.4000000e+01
   8.4360700e+05   1.7000000e+01
   8.4415200e+05   1.4000000e+01
   8.4530500e+05   1.6000000e+01
   8.8851300e+05   1.4000000e+01
   8.8870000e+05   1.4000000e+01
   8.8886300e+05   1.9000000e+01
   8.8889400e+05   2.4000000e+01
   8.8903800e+05   1.4000000e+01
   8.8921900e+05   1.7000000e+01
   8.8928200e+05   1.8000000e+01
   8.8940600e+05   1.4000000e+01
   8.8943600e+05   1.5000000e+01
   8.8953000e+05   1.5000000e+01
   8.8958500e+05   1.8000000e+01
   8.8979400e+05   1.6000000e+01
   8.8982900e+05   1.8000000e+01
   8.9006700e+05   1.4000000e+01
   8.9010000e+05   2.0000000e+01
   8.9022100e+05   1.5000000e+01
   8.9032800e+05   1.7000000e+01
   8.9035600e+05   1.5000000e+01
   8.9052000e+05   1.4000000e+01
   8.9062900e+05   1.5000000e+01
   8.9110400e+05   1.4000000e+01
   8.9341500e+05   1.4000000e+01
   1.0196030e+06   1.5000000e+01
   1.0199440e+06   1.8000000e+01
   1.0200930e+06   1.4000000e+01
   1.0202560e+06   1.6000000e+01
   1.0203130e+06   1.5000000e+01
   1.0205180e+06   1.4000000e+01
   1.0206860e+06   1.4000000e+01
   1.0209910e+06   1.7000000e+01
   1.0210290e+06   1.4000000e+01
   1.0212800e+06   1.4000000e+01
   1.0213430e+06   1.4000000e+01
   1.0214560e+06   1.9000000e+01
   1.0217190e+06   1.5000000e+01
   1.0217470e+06   1.7000000e+01
   1.0222600e+06   1.8000000e+01
   1.0223420e+06   2.5000000e+01
   1.0225220e+06   1.4000000e+01
   1.0226050e+06   1.5000000e+01
   1.0229810e+06   1.6000000e+01
   1.0230580e+06   1.6000000e+01
   1.0233090e+06   1.4000000e+01
   1.0234580e+06   1.4000000e+01
   1.0254840e+06   1.7000000e+01
   1.0570590e+06   1.4000000e+01
   1.0892920e+06   1.7000000e+01
   1.0922270e+06   1.4000000e+01
   1.0930770e+06   1.6000000e+01
   1.0935620e+06   1.5000000e+01
   1.0940830e+06   2.0000000e+01
   1.0942370e+06   1.4000000e+01
   1.0944620e+06   1.4000000e+01
   1.0951680e+06   1.4000000e+01
   1.0956060e+06   1.4000000e+01
   1.0959620e+06   1.7000000e+01
   1.0963060e+06   1.8000000e+01
   1.0964160e+06   1.5000000e+01
   1.1362570e+06   1.5000000e+01
   1.1388010e+06   1.7000000e+01
   1.1398010e+06   1.5000000e+01
   1.1398390e+06   1.4000000e+01
   1.1783020e+06   1.4000000e+01
   1.2360850e+06   1.4000000e+01
   1.2367670e+06   1.6000000e+01
   1.2368000e+06   1.5000000e+01
   1.2369570e+06   1.4000000e+01
   1.2370160e+06   2.0000000e+01
   1.2370850e+06   1.6000000e+01
   1.2371970e+06   1.4000000e+01
   1.2374550e+06   1.4000000e+01
   1.2376110e+06   1.4000000e+01
   1.2378170e+06   1.5000000e+01
   1.2381850e+06   1.4000000e+01
   1.2382390e+06   1.4000000e+01
   1.2383410e+06   1.6000000e+01
   1.2384000e+06   1.5000000e+01
   1.2385860e+06   2.0000000e+01
   1.2386560e+06   1.4000000e+01
   1.2387690e+06   1.4000000e+01
   1.2388860e+06   1.4000000e+01
   1.2392510e+06   1.4000000e+01
   1.2393600e+06   1.9000000e+01
   1.2394260e+06   1.4000000e+01
   1.2395970e+06   1.4000000e+01
   1.2397710e+06   1.5000000e+01
   1.2402480e+06   1.6000000e+01
   1.2403320e+06   2.4000000e+01
   1.2405050e+06   1.8000000e+01
   1.2413280e+06   1.4000000e+01
   1.2422720e+06   1.4000000e+01
   1.2427620e+06   1.9000000e+01
   1.2437040e+06   1.5000000e+01
   1.2440650e+06   1.6000000e+01
   1.3401750e+06   2.0000000e+01
   1.3404900e+06   1.8000000e+01
   1.3407590e+06   1.6000000e+01
   1.3414410e+06   2.1000000e+01
   1.3415120e+06   1.6000000e+01
   1.3415890e+06   1.5000000e+01
   1.3416420e+06   1.7000000e+01
   1.3421090e+06   1.4000000e+01
   1.3427660e+06   1.4000000e+01
   1.3429530e+06   1.5000000e+01
   1.3447550e+06   1.5000000e+01
   1.3449730e+06   1.4000000e+01
   1.3450980e+06   1.5000000e+01
   1.3458260e+06   1.5000000e+01
   1.3468930e+06   1.9000000e+01
   1.4801240e+06   1.5000000e+01
   1.4807840e+06   1.5000000e+01
   1.4814800e+06   1.5000000e+01
   1.4815450e+06   1.4000000e+01
   1.4817620e+06   1.4000000e+01
   1.4818970e+06   1.7000000e+01
   1.4820540e+06   1.6000000e+01
   1.4822610e+06   1.6000000e+01
   1.4823630e+06   1.4000000e+01
   1.4824020e+06   1.4000000e+01
   1.4825750e+06   1.8000000e+01
   1.4827010e+06   1.5000000e+01
   1.4827360e+06   1.7000000e+01
   1.4834190e+06   1.5000000e+01
   1.4835630e+06   1.5000000e+01
   1.4836650e+06   1.6000000e+01
   1.4837330e+06   1.5000000e+01
   1.4839720e+06   1.8000000e+01
   1.4840580e+06   1.4000000e+01
   1.4842570e+06   1.6000000e+01
   1.4844250e+06   1.4000000e+01
   1.4844990e+06   1.7000000e+01
   1.4845300e+06   1.4000000e+01
   1.4846190e+06   1.4000000e+01
   1.4847520e+06   1.4000000e+01
   1.4848870e+06   1.4000000e+01
   1.4849730e+06   1.8000000e+01
   1.4852290e+06   1.8000000e+01
   1.4854650e+06   1.5000000e+01
   1.4855410e+06   1.5000000e+01
   1.4863310e+06   1.6000000e+01
   1.5550320e+06   1.4000000e+01
   1.5592430e+06   1.5000000e+01
   1.5597600e+06   1.4000000e+01
   1.5598210e+06   1.4000000e+01
   1.5599270e+06   1.6000000e+01
   1.5600020e+06   1.5000000e+01
   1.5601650e+06   1.7000000e+01
   1.5606850e+06   1.4000000e+01
   1.5619030e+06   1.4000000e+01
   1.5620830e+06   1.4000000e+01
   1.5622150e+06   1.4000000e+01
   1.5623370e+06   1.4000000e+01
   1.5630040e+06   1.4000000e+01
   1.5970770e+06   1.4000000e+01
   1.6781000e+06   1.4000000e+01
   1.6784620e+06   1.5000000e+01
   1.6787180e+06   1.4000000e+01
   1.6815860e+06   1.6000000e+01
   1.6841180e+06   1.5000000e+01
   1.6842650e+06   1.5000000e+01
   1.6843790e+06   1.6000000e+01
   1.6844990e+06   1.6000000e+01
   1.6847540e+06   1.4000000e+01
   1.6848410e+06   1.7000000e+01
   1.6851040e+06   1.4000000e+01
   1.6852030e+06   1.5000000e+01
   1.6853390e+06   1.4000000e+01
   1.6859820e+06   1.4000000e+01
   1.6866650e+06   1.4000000e+01
   1.7470160e+06   1.4000000e+01
   1.7483430e+06   1.4000000e+01
   1.7508400e+06   1.6000000e+01
   1.7512710e+06   2.3000000e+01
   1.7529300e+06   1.4000000e+01
   1.7530740e+06   1.7000000e+01
   1.7533950e+06   1.4000000e+01
   1.7535000e+06   1.5000000e+01
   1.7537360e+06   1.4000000e+01
   1.7887270e+06   1.4000000e+01
   1.8415260e+06   1.4000000e+01
   1.8431420e+06   1.4000000e+01
   1.8432800e+06   1.4000000e+01
   1.8440570e+06   1.6000000e+01
   1.8442050e+06   1.4000000e+01
   1.8443640e+06   1.7000000e+01
   1.8444820e+06   1.5000000e+01
   1.8447390e+06   1.4000000e+01
   1.8448470e+06   1.6000000e+01
   1.8452050e+06   1.5000000e+01
   1.8454930e+06   1.7000000e+01
   1.8458720e+06   1.5000000e+01
   1.8462160e+06   1.6000000e+01
   1.8466120e+06   1.6000000e+01
   1.8474520e+06   1.4000000e+01
   1.8936760e+06   1.4000000e+01
   1.8941070e+06   1.4000000e+01
   1.8953790e+06   1.4000000e+01
   1.8961980e+06   1.4000000e+01
   1.8978150e+06   1.4000000e+01
   1.9536140e+06   1.4000000e+01
   1.9584940e+06   1.4000000e+01
   1.9631990e+06   2.3000000e+01
   1.9632380e+06   1.4000000e+01
   1.9633250e+06   1.7000000e+01
   1.9636410e+06   1.4000000e+01
   1.9639570e+06   1.4000000e+01
   1.9642420e+06   1.6000000e+01
   1.9645030e+06   2.3000000e+01
   1.9666110e+06   1.4000000e+01
   1.9669370e+06   1.9000000e+01
   1.9676600e+06   1.4000000e+01
   2.0408920e+06   1.4000000e+01
   2.0413920e+06   1.5000000e+01
   2.0430790e+06   1.9000000e+01
   2.0431870e+06   1.4000000e+01
   2.0434130e+06   1.4000000e+01
   2.0439730e+06   1.4000000e+01
   2.0441300e+06   1.4000000e+01
   2.0442440e+06   1.4000000e+01
   2.0443160e+06   1.5000000e+01
   2.0443890e+06   1.4000000e+01
   2.0446040e+06   1.5000000e+01
   2.0449480e+06   1.6000000e+01
   2.0457790e+06   1.4000000e+01
   2.0462020e+06   2.3000000e+01
   2.0462770e+06   1.6000000e+01
   2.1140370e+06   1.4000000e+01
   2.1141110e+06   1.4000000e+01
   2.1142760e+06   1.4000000e+01
   2.1145630e+06   1.7000000e+01
   2.1146860e+06   1.4000000e+01
   2.1147450e+06   1.5000000e+01
   2.1149070e+06   1.7000000e+01
   2.1151870e+06   1.7000000e+01
   2.1152360e+06   1.5000000e+01
   2.1157020e+06   1.4000000e+01
   2.1158270e+06   1.5000000e+01
   2.1158750e+06   1.6000000e+01
   2.1159360e+06   1.5000000e+01
   2.1160360e+06   1.4000000e+01
   2.1161380e+06   1.5000000e+01
   2.1162810e+06   1.4000000e+01
   2.1164540e+06   1.4000000e+01
   2.1165580e+06   1.4000000e+01
   2.1167690e+06   1.6000000e+01
   2.1168770e+06   1.6000000e+01
   2.1169930e+06   1.5000000e+01
   2.1171390e+06   1.8000000e+01
   2.1171730e+06   2.0000000e+01
   2.1173970e+06   1.5000000e+01
   2.1176200e+06   1.4000000e+01
   2.1176880e+06   1.4000000e+01
   2.1177510e+06   1.4000000e+01
   2.1178000e+06   1.8000000e+01
   2.1179070e+06   1.4000000e+01
   2.1180600e+06   1.6000000e+01
   2.1182820e+06   1.5000000e+01
   2.1183340e+06   1.4000000e+01
   2.1184000e+06   2.1000000e+01
   2.1187900e+06   1.5000000e+01
   2.1487000e+06   1.4000000e+01
   2.2329030e+06   1.5000000e+01
   2.2333050e+06   1.6000000e+01
   2.2337680e+06   1.5000000e+01
   2.2338260e+06   1.5000000e+01
   2.2343270e+06   1.4000000e+01
   2.2356340e+06   2.0000000e+01
   2.2374740e+06   2.3000000e+01
   2.3270960e+06   1.5000000e+01
   2.3274780e+06   1.4000000e+01
   2.3276800e+06   1.4000000e+01
   2.3279430e+06   1.9000000e+01
   2.3280190e+06   1.5000000e+01
   2.3282250e+06   2.4000000e+01
   2.3283890e+06   1.9000000e+01
   2.3285080e+06   1.4000000e+01
   2.3286210e+06   1.7000000e+01
   2.3299230e+06   2.2000000e+01
   2.3299490e+06   1.5000000e+01
   2.3317860e+06   1.4000000e+01
   2.3329520e+06   1.7000000e+01
   2.3748980e+06   1.6000000e+01
   2.4347800e+06   1.9000000e+01
   2.4352560e+06   1.5000000e+01
   2.4360390e+06   1.5000000e+01
   2.4362350e+06   1.5000000e+01
   2.4367970e+06   1.5000000e+01
   2.4374270e+06   1.5000000e+01
   2.4383610e+06   1.4000000e+01
   2.4384200e+06   1.4000000e+01
   2.4386070e+06   1.4000000e+01
   2.4386850e+06   1.7000000e+01
   2.4387400e+06   1.6000000e+01
   2.4388020e+06   1.4000000e+01
   2.4393270e+06   1.5000000e+01
   2.4397340e+06   1.4000000e+01
   2.4399340e+06   2.0000000e+01
   2.4401640e+06   1.4000000e+01
   2.4402280e+06   1.5000000e+01
   2.4406330e+06   1.4000000e+01
   2.4407320e+06   1.4000000e+01
   2.4409590e+06   1.5000000e+01
   2.4813220e+06   1.4000000e+01
   2.4816670e+06   1.5000000e+01
   2.4827470e+06   1.4000000e+01
   2.4837910e+06   1.4000000e+01
   2.4838350e+06   1.7000000e+01
   2.4879030e+06   1.7000000e+01
   2.4918880e+06   2.0000000e+01
   2.4919150e+06   1.4000000e+01
   2.5654800e+06   1.5000000e+01
   2.6182060e+06   1.4000000e+01
   2.6185230e+06   1.5000000e+01
   2.6185830e+06   1.9000000e+01
   2.6198480e+06   1.4000000e+01
   2.6199930e+06   1.4000000e+01
   2.6203220e+06   2.3000000e+01
   2.6723150e+06   1.4000000e+01
   2.6746380e+06   2.3000000e+01
   2.6746700e+06   1.4000000e+01
   2.6762000e+06   1.5000000e+01
   2.6786450e+06   1.4000000e+01
   2.6787160e+06   1.4000000e+01
   2.6795270e+06   1.4000000e+01
   2.6800350e+06   1.4000000e+01
   2.6801870e+06   1.6000000e+01
   2.6827950e+06   1.5000000e+01
   2.7132490e+06   1.5000000e+01
   2.7134260e+06   1.5000000e+01
   2.7137430e+06   1.4000000e+01
   2.7139850e+06   1.5000000e+01
   2.7144890e+06   1.8000000e+01
   2.7180200e+06   2.1000000e+01
   2.7783700e+06   1.5000000e+01
   2.7804530e+06   1.5000000e+01
   2.7820180e+06   2.3000000e+01
   2.8493770e+06   1.5000000e+01
   2.8536620e+06   1.4000000e+01
   2.8564670e+06   1.4000000e+01
   2.8573730e+06   1.6000000e+01
   2.9420040e+06   1.5000000e+01
   2.9423350e+06   1.4000000e+01
   2.9427050e+06   2.4000000e+01
   2.9428710e+06   1.5000000e+01
   2.9429310e+06   1.4000000e+01
   2.9431870e+06   1.4000000e+01
   2.9432420e+06   1.4000000e+01
   2.9433010e+06   1.4000000e+01
   2.9433590e+06   1.7000000e+01
   2.9433920e+06   1.5000000e+01
   2.9435310e+06   1.6000000e+01
   2.9435790e+06   1.8000000e+01
   2.9436470e+06   1.4000000e+01
   2.9437250e+06   1.4000000e+01
   2.9439550e+06   1.8000000e+01
   2.9440660e+06   2.1000000e+01
   2.9440970e+06   2.2000000e+01
   2.9442180e+06   1.7000000e+01
   2.9442480e+06   3.8000000e+01
   2.9442820e+06   1.6000000e+01
   2.9443370e+06   1.8000000e+01
   2.9443920e+06   1.6000000e+01
   2.9444780e+06   1.9000000e+01
   2.9445230e+06   1.4000000e+01
   2.9446060e+06   1.5000000e+01
   2.9447700e+06   1.6000000e+01
   2.9448010e+06   3.0000000e+01
   2.9450030e+06   1.7000000e+01
   2.9451440e+06   2.3000000e+01
   2.9453750e+06   1.4000000e+01
   2.9454310e+06   1.6000000e+01
   2.9455270e+06   1.6000000e+01
   3.0600770e+06   2.0000000e+01
   3.0603100e+06   1.4000000e+01
   3.0611490e+06   1.4000000e+01
   3.0614100e+06   1.4000000e+01
   3.0620630e+06   1.4000000e+01
   3.0622830e+06   1.4000000e+01
   3.0623410e+06   1.6000000e+01
   3.0624650e+06   1.8000000e+01
   3.0627130e+06   1.6000000e+01
   3.0627700e+06   1.4000000e+01
   3.0628090e+06   1.5000000e+01
   3.0628630e+06   1.4000000e+01
   3.0629740e+06   1.7000000e+01
   3.0630690e+06   1.5000000e+01
   3.0630940e+06   1.5000000e+01
   3.0631850e+06   2.2000000e+01
   3.0633500e+06   1.4000000e+01
   3.0634190e+06   1.4000000e+01
   3.0635360e+06   1.5000000e+01
   3.0637070e+06   1.6000000e+01
   3.0640190e+06   1.7000000e+01
   3.0648250e+06   1.4000000e+01
   3.0649240e+06   1.4000000e+01
   3.0653510e+06   1.4000000e+01
   3.0655020e+06   1.4000000e+01
   3.1469230e+06   1.5000000e+01
   3.1472440e+06   1.6000000e+01
   3.1475410e+06   1.4000000e+01
   3.1476360e+06   1.4000000e+01
   3.1478550e+06   1.4000000e+01
   3.1481930e+06   1.5000000e+01
   3.1482640e+06   1.4000000e+01
   3.1703830e+06   1.5000000e+01
   3.1721160e+06   1.4000000e+01
   3.1728810e+06   1.5000000e+01
   3.1729530e+06   1.5000000e+01
   3.1730550e+06   2.3000000e+01
   3.1734630e+06   1.4000000e+01
   3.1736240e+06   1.6000000e+01
   3.1737010e+06   1.4000000e+01
   3.1739980e+06   1.4000000e+01
   3.1746960e+06   1.9000000e+01
   3.1763910e+06   1.4000000e+01
   3.1767700e+06   1.4000000e+01
   3.1776090e+06   1.5000000e+01
   3.1785670e+06   1.7000000e+01
   3.1798090e+06   2.1000000e+01
   3.2321290e+06   1.5000000e+01
   3.2323750e+06   1.4000000e+01
   3.2326080e+06   1.4000000e+01
   3.2326550e+06   1.6000000e+01
   3.2332430e+06   1.8000000e+01
   3.2334090e+06   2.2000000e+01
   3.2335170e+06   2.3000000e+01
   3.2340480e+06   1.4000000e+01
   3.2341950e+06   1.4000000e+01
   3.2345850e+06   1.5000000e+01
   3.2348090e+06   1.4000000e+01
   3.2349470e+06   1.5000000e+01
   3.2357020e+06   1.6000000e+01
   3.2379500e+06   2.1000000e+01
   3.3002630e+06   1.4000000e+01
   3.3009270e+06   1.4000000e+01
   3.3012460e+06   1.4000000e+01
   3.3098550e+06   1.4000000e+01
   3.3437140e+06   1.4000000e+01
   3.4177220e+06   1.4000000e+01
   3.4181760e+06   1.4000000e+01
   3.4232340e+06   1.4000000e+01
   3.4235390e+06   2.0000000e+01
   3.4277570e+06   1.4000000e+01
   3.4279520e+06   1.4000000e+01
   3.4282300e+06   1.5000000e+01
   3.4284360e+06   1.4000000e+01
   3.4285230e+06   1.4000000e+01
   3.4288900e+06   1.4000000e+01
   3.4290170e+06   1.5000000e+01
   3.4356790e+06   1.4000000e+01
   3.4369570e+06   1.4000000e+01
   3.4369990e+06   1.8000000e+01
   3.4397740e+06   1.4000000e+01
   3.4399260e+06   1.6000000e+01
   3.4403930e+06   1.6000000e+01
   3.5187810e+06   1.4000000e+01
   3.5203890e+06   1.6000000e+01
   3.5210380e+06   1.4000000e+01
   3.5223330e+06   1.4000000e+01
   3.5225200e+06   2.4000000e+01
   3.5229220e+06   1.4000000e+01
   3.5746410e+06   1.7000000e+01
   3.5749680e+06   1.4000000e+01
   3.5751860e+06   2.1000000e+01
   3.5757410e+06   1.6000000e+01
   3.5763720e+06   1.6000000e+01
   3.5764990e+06   1.5000000e+01
   3.5766840e+06   1.5000000e+01
   3.5767600e+06   1.7000000e+01
   3.5770130e+06   1.4000000e+01
   3.5771730e+06   1.8000000e+01
   3.5772030e+06   1.6000000e+01
   3.5775310e+06   1.4000000e+01
   3.5777810e+06   1.5000000e+01
   3.5782060e+06   1.6000000e+01
   3.6507970e+06   1.5000000e+01
   3.6513440e+06   1.4000000e+01
   3.7003250e+06   1.4000000e+01
   3.7011410e+06   1.4000000e+01
   3.7014540e+06   1.4000000e+01
   3.7019000e+06   1.5000000e+01
   3.7047890e+06   1.4000000e+01
   3.7048690e+06   1.4000000e+01
   3.7051780e+06   1.8000000e+01
   3.7056230e+06   1.6000000e+01
   3.7624410e+06   1.9000000e+01
   3.7625780e+06   1.4000000e+01
   3.7628170e+06   1.5000000e+01
   3.7633440e+06   1.4000000e+01
   3.7637160e+06   1.4000000e+01
   3.7639490e+06   1.5000000e+01
   3.7642880e+06   1.5000000e+01
   3.7643130e+06   3.1000000e+01
   3.7655140e+06   1.7000000e+01
   3.7668030e+06   1.6000000e+01
   3.7676670e+06   1.5000000e+01
   3.7680450e+06   1.4000000e+01
   3.7680910e+06   1.4000000e+01
   3.7691020e+06   2.0000000e+01
   3.8454120e+06   1.9000000e+01
   3.8454450e+06   1.5000000e+01
   3.8459620e+06   1.6000000e+01
   3.8486080e+06   1.4000000e+01
   3.8505920e+06   1.4000000e+01
   3.8511910e+06   1.4000000e+01
   3.8515050e+06   1.4000000e+01
   3.9182340e+06   2.4000000e+01
   3.9182600e+06   1.6000000e+01
   3.9194160e+06   1.8000000e+01
   3.9212840e+06   1.4000000e+01
   3.9223210e+06   1.4000000e+01
   3.9654600e+06   1.4000000e+01
   3.9656720e+06   1.5000000e+01
   3.9657220e+06   1.4000000e+01
   3.9658370e+06   1.6000000e+01
   3.9663420e+06   1.4000000e+01
   3.9663920e+06   1.4000000e+01
   3.9690140e+06   2.4000000e+01
   4.0064040e+06   1.4000000e+01
   4.0070030e+06   1.5000000e+01
   4.0071700e+06   1.4000000e+01
   4.0592840e+06   1.4000000e+01
   4.0602330e+06   1.6000000e+01
   4.0612340e+06   1.4000000e+01
   4.0620330e+06   1.5000000e+01
   4.0624830e+06   1.4000000e+01
   4.0625570e+06   1.7000000e+01
   4.0632360e+06   1.5000000e+01
   4.0635240e+06   1.4000000e+01
   4.0637070e+06   1.4000000e+01
   4.0640240e+06   1.5000000e+01
   4.0641200e+06   1.5000000e+01
   4.0641570e+06   1.4000000e+01
   4.0642860e+06   1.4000000e+01
   4.0644330e+06   1.4000000e+01
   4.0647680e+06   1.5000000e+01
   4.0653160e+06   1.5000000e+01
   4.0653900e+06   1.6000000e+01
   4.0677280e+06   2.3000000e+01
   4.1122310e+06   1.4000000e+01
   4.1123920e+06   1.4000000e+01
   4.1127120e+06   1.4000000e+01
   4.1646830e+06   1.6000000e+01
   4.1647230e+06   1.6000000e+01
   4.1650360e+06   1.5000000e+01
   4.1652620e+06   1.4000000e+01
   4.1654270e+06   1.7000000e+01
   4.1654790e+06   2.1000000e+01
   4.1655120e+06   1.5000000e+01
   4.1656380e+06   1.5000000e+01
   4.1657360e+06   1.4000000e+01
   4.1659180e+06   1.4000000e+01
   4.1659590e+06   1.6000000e+01
   4.1660620e+06   1.6000000e+01
   4.1669070e+06   1.4000000e+01
   4.1670760e+06   1.4000000e+01
   4.1684680e+06   1.4000000e+01
   4.1686160e+06   1.4000000e+01
   4.1710830e+06   1.4000000e+01
   4.1722960e+06   1.4000000e+01
   4.1729970e+06   1.5000000e+01
   4.1732720e+06   1.4000000e+01
   4.1733310e+06   1.5000000e+01
   4.1747820e+06   1.4000000e+01
   4.2939400e+06   1.7000000e+01
   4.2941390e+06   1.9000000e+01
   4.2963630e+06   1.5000000e+01
   4.2964390e+06   1.4000000e+01
   4.2967260e+06   1.4000000e+01
   4.2969150e+06   1.7000000e+01
   4.2969740e+06   1.5000000e+01
   4.2973580e+06   1.5000000e+01
   4.2991510e+06   1.4000000e+01
   4.3002020e+06   1.4000000e+01
   4.3006750e+06   1.6000000e+01
   4.3017800e+06   1.4000000e+01
   4.3443490e+06   1.4000000e+01
   4.3451000e+06   1.4000000e+01
   4.4022990e+06   1.4000000e+01
   4.4030720e+06   1.7000000e+01
   4.4067450e+06   1.5000000e+01
   4.4072010e+06   1.9000000e+01
   4.4074580e+06   1.4000000e+01
   4.4074970e+06   1.4000000e+01
   4.4076520e+06   1.4000000e+01
   4.4079770e+06   1.8000000e+01
   4.4082070e+06   1.6000000e+01
   4.4084200e+06   1.7000000e+01
   4.4095750e+06   1.4000000e+01
   4.4649290e+06   1.4000000e+01
   4.5194830e+06   1.8000000e+01
   4.5195890e+06   1.6000000e+01
   4.5210310e+06   1.6000000e+01
   4.5218150e+06   1.4000000e+01
   4.5221440e+06   1.4000000e+01
   4.5221880e+06   1.5000000e+01
   4.5222660e+06   1.4000000e+01
   4.5229130e+06   1.6000000e+01
   4.5562470e+06   1.4000000e+01
   4.6259510e+06   1.4000000e+01
   4.6293210e+06   1.7000000e+01
   4.6296900e+06   1.5000000e+01
   4.6300580e+06   1.5000000e+01
   4.6301970e+06   1.4000000e+01
   4.6302640e+06   2.1000000e+01
   4.6303170e+06   1.4000000e+01
   4.6306980e+06   1.4000000e+01
   4.6309640e+06   1.5000000e+01
   4.6328380e+06   2.1000000e+01
   4.6335850e+06   1.9000000e+01
   4.7489430e+06   2.7000000e+01
   4.7489680e+06   1.6000000e+01
   4.7537790e+06   1.5000000e+01
   4.7748620e+06   1.4000000e+01
   4.8189960e+06   1.5000000e+01
   4.8206810e+06   2.3000000e+01
   4.8225370e+06   1.6000000e+01
   4.8225900e+06   1.4000000e+01
   4.8226590e+06   1.4000000e+01
   4.8227340e+06   1.6000000e+01
   4.8229270e+06   1.6000000e+01
   4.8232250e+06   1.4000000e+01
   4.8232640e+06   2.8000000e+01
   4.8233160e+06   4.4000000e+01
   4.8234810e+06   1.5000000e+01
   4.8236560e+06   1.6000000e+01
   4.8237520e+06   1.7000000e+01
   4.8238100e+06   2.3000000e+01
   4.8238650e+06   1.4000000e+01
   4.8240050e+06   1.5000000e+01
   4.8242460e+06   1.4000000e+01
   4.8243810e+06   1.4000000e+01
   4.8249170e+06   1.4000000e+01
   4.8253480e+06   1.5000000e+01
   4.9034320e+06   1.4000000e+01
   4.9072750e+06   1.4000000e+01
   4.9085170e+06   1.5000000e+01
   4.9114660e+06   1.5000000e+01
   4.9615890e+06   1.4000000e+01
   4.9625630e+06   1.4000000e+01
   4.9647960e+06   1.9000000e+01
   4.9697500e+06   1.4000000e+01
   4.9719970e+06   1.9000000e+01
   4.9722600e+06   1.5000000e+01
   4.9749340e+06   1.8000000e+01
   4.9754750e+06   1.5000000e+01
   4.9758250e+06   1.5000000e+01
   4.9759750e+06   1.8000000e+01
   4.9760350e+06   1.9000000e+01
   5.0211970e+06   1.4000000e+01
   5.0225360e+06   1.5000000e+01
   5.0226680e+06   1.4000000e+01
   5.0239830e+06   1.4000000e+01
   5.0745530e+06   1.4000000e+01
   5.0760840e+06   1.7000000e+01
   5.0765970e+06   1.8000000e+01
   5.0767510e+06   1.5000000e+01
   5.0768940e+06   1.6000000e+01
   5.0769400e+06   1.8000000e+01
   5.0770480e+06   1.4000000e+01
   5.0771040e+06   1.4000000e+01
   5.0772610e+06   1.5000000e+01
   5.0773540e+06   1.5000000e+01
   5.0775340e+06   2.1000000e+01
   5.0778250e+06   1.5000000e+01
   5.0779450e+06   1.4000000e+01
   5.0780560e+06   1.6000000e+01
   5.0781440e+06   1.5000000e+01
   5.0783180e+06   1.4000000e+01
   5.0785880e+06   1.4000000e+01
   5.0789780e+06   1.4000000e+01
   5.0790440e+06   1.6000000e+01
   5.0791330e+06   1.4000000e+01
   5.0791990e+06   1.4000000e+01
   5.0793220e+06   1.6000000e+01
   5.0795790e+06   2.0000000e+01
   5.0797120e+06   1.4000000e+01
   5.0802000e+06   1.5000000e+01
   5.0802530e+06   1.4000000e+01
   5.0807640e+06   1.4000000e+01
   5.0817670e+06   1.4000000e+01
   5.0822930e+06   1.4000000e+01
   5.2145620e+06   1.8000000e+01
   5.2146040e+06   1.4000000e+01
   5.2150180e+06   1.4000000e+01
   5.2155310e+06   1.4000000e+01
   5.2160910e+06   1.5000000e+01
   5.2164370e+06   1.4000000e+01
   5.2165710e+06   1.6000000e+01
   5.2168470e+06   1.5000000e+01
   5.2169870e+06   1.4000000e+01
   5.2172550e+06   1.4000000e+01
   5.2181110e+06   1.4000000e+01
   5.2183390e+06   1.4000000e+01
   5.2184180e+06   1.7000000e+01
   5.2184460e+06   1.4000000e+01
   5.2186750e+06   1.9000000e+01
   5.2187330e+06   1.5000000e+01
   5.2191940e+06   1.5000000e+01
   5.2194990e+06   1.4000000e+01
   5.2197610e+06   2.2000000e+01
   5.3198940e+06   1.4000000e+01
   5.3205830e+06   1.4000000e+01
   5.3216680e+06   1.4000000e+01
   5.3220260e+06   1.6000000e+01
   5.3221010e+06   1.4000000e+01
   5.3222400e+06   1.5000000e+01
   5.3224270e+06   1.7000000e+01
   5.3228500e+06   1.4000000e+01
   5.3229940e+06   1.6000000e+01
   5.3250560e+06   1.8000000e+01
   5.3253710e+06   1.8000000e+01
   5.3257160e+06   1.6000000e+01
   5.3259020e+06   1.4000000e+01
   5.3316140e+06   1.5000000e+01
   5.4244320e+06   1.5000000e+01
   5.4253180e+06   1.5000000e+01
   5.4255680e+06   1.4000000e+01
   5.4256430e+06   1.6000000e+01
   5.4256850e+06   1.5000000e+01
   5.4259680e+06   1.5000000e+01
   5.4261020e+06   1.4000000e+01
   5.4265350e+06   1.5000000e+01
   5.4273320e+06   1.7000000e+01
   5.4289460e+06   1.4000000e+01
   5.4710730e+06   1.4000000e+01
   5.4728010e+06   1.8000000e+01
   5.4744270e+06   1.4000000e+01
   5.4749200e+06   1.4000000e+01
   5.4752400e+06   1.5000000e+01
   5.4754710e+06   1.4000000e+01
   5.4757200e+06   1.4000000e+01
   5.4758570e+06   1.6000000e+01
   5.5587880e+06   1.8000000e+01
   5.5604750e+06   1.5000000e+01
   5.5608570e+06   1.4000000e+01
   5.5614120e+06   2.0000000e+01
   5.5618730e+06   1.4000000e+01
   5.5619290e+06   1.5000000e+01
   5.5620380e+06   1.4000000e+01
   5.5622680e+06   1.4000000e+01
   5.5623990e+06   1.4000000e+01
   5.5627050e+06   1.4000000e+01
   5.5628750e+06   1.5000000e+01
   5.5629570e+06   1.5000000e+01
   5.5632010e+06   1.4000000e+01
   5.5633560e+06   1.4000000e+01
   5.5634480e+06   1.6000000e+01
   5.5638410e+06   1.5000000e+01
   5.5640160e+06   1.5000000e+01
   5.5640980e+06   2.3000000e+01
   5.5641360e+06   1.4000000e+01
   5.5644760e+06   1.4000000e+01
   5.5646240e+06   1.6000000e+01
   5.6214310e+06   1.4000000e+01
   5.6215710e+06   1.4000000e+01
   5.6216030e+06   1.4000000e+01
   5.6221680e+06   1.5000000e+01
   5.6224530e+06   1.6000000e+01
   5.6226300e+06   1.5000000e+01
   5.7138880e+06   1.4000000e+01
   5.7146390e+06   1.5000000e+01
   5.7157500e+06   1.5000000e+01
   5.7182640e+06   1.4000000e+01
   5.7183620e+06   1.4000000e+01
   5.7186330e+06   1.4000000e+01
   5.7188170e+06   1.4000000e+01
   5.7189390e+06   1.4000000e+01
   5.7193930e+06   1.5000000e+01
   5.7201510e+06   1.4000000e+01
   5.7210720e+06   1.7000000e+01
   5.7211200e+06   1.5000000e+01
   5.7216340e+06   1.4000000e+01
   5.7217410e+06   1.6000000e+01
   5.7221870e+06   1.4000000e+01
   5.7234120e+06   1.4000000e+01
   5.7990640e+06   1.4000000e+01
   5.8022350e+06   1.4000000e+01
   5.8032590e+06   1.4000000e+01
   5.8033140e+06   1.5000000e+01
   5.8043960e+06   1.4000000e+01
   5.8044810e+06   1.4000000e+01
   5.8049950e+06   1.4000000e+01
   5.8077970e+06   1.4000000e+01
   5.8363500e+06   1.4000000e+01
   5.8363750e+06   1.4000000e+01
   5.8366130e+06   1.4000000e+01
   5.8392120e+06   1.4000000e+01
   5.8831000e+06   1.5000000e+01
   5.8832400e+06   1.5000000e+01
   5.8836860e+06   1.4000000e+01
   5.8840980e+06   1.5000000e+01
   5.8853850e+06   1.4000000e+01
   5.8860390e+06   1.6000000e+01
   5.8860940e+06   1.5000000e+01
   5.8867760e+06   1.4000000e+01
   5.8870240e+06   1.5000000e+01
   5.8872460e+06   1.4000000e+01
   5.8873550e+06   2.5000000e+01
   5.8873930e+06   1.4000000e+01
   5.8877180e+06   1.6000000e+01
   5.8882370e+06   1.9000000e+01
   5.9380150e+06   1.4000000e+01
   5.9438030e+06   1.4000000e+01
   5.9474400e+06   1.5000000e+01
   5.9474710e+06   1.4000000e+01
   5.9482920e+06   1.4000000e+01
   5.9492280e+06   1.4000000e+01
   6.0099670e+06   1.5000000e+01
   6.0101320e+06   1.4000000e+01
   6.0105060e+06   1.5000000e+01
   6.0108060e+06   2.1000000e+01
   6.0110250e+06   1.4000000e+01
   6.0580140e+06   1.4000000e+01
   6.0590110e+06   1.5000000e+01
   6.0597390e+06   1.5000000e+01
   6.0615240e+06   1.4000000e+01
   6.0627770e+06   1.6000000e+01
   6.0629450e+06   1.4000000e+01
   6.0631200e+06   2.0000000e+01
   6.0632270e+06   1.5000000e+01
   6.0633010e+06   1.6000000e+01
   6.0636160e+06   1.4000000e+01
   6.1134930e+06   1.6000000e+01
   6.1495200e+06   1.4000000e+01
   6.1495510e+06   1.7000000e+01
   6.1496300e+06   1.6000000e+01
   6.1498820e+06   1.4000000e+01
   6.1499820e+06   2.5000000e+01
   6.1500160e+06   1.4000000e+01
   6.1513410e+06   2.6000000e+01
   6.1516260e+06   1.4000000e+01
   6.1517180e+06   1.6000000e+01
   6.1524990e+06   1.5000000e+01
   6.1526440e+06   1.4000000e+01
   6.1527610e+06   1.4000000e+01
   6.1530150e+06   1.4000000e+01
   6.1539500e+06   1.4000000e+01
   6.2304260e+06   1.4000000e+01
   6.2305240e+06   1.4000000e+01
   6.2306610e+06   1.6000000e+01
   6.2307060e+06   1.5000000e+01
   6.2310430e+06   1.4000000e+01
   6.2311100e+06   1.5000000e+01
   6.2312030e+06   1.4000000e+01
   6.2313120e+06   1.4000000e+01
   6.2314480e+06   1.6000000e+01
   6.2315470e+06   1.4000000e+01
   6.2317010e+06   1.5000000e+01
   6.2318360e+06   1.4000000e+01
   6.2319130e+06   1.5000000e+01
   6.2320330e+06   1.7000000e+01
   6.2322100e+06   1.4000000e+01
   6.2323940e+06   1.4000000e+01
   6.2326340e+06   1.4000000e+01
   6.2326870e+06   2.8000000e+01
   6.2327140e+06   1.6000000e+01
   6.2331440e+06   1.5000000e+01
   6.2335090e+06   1.4000000e+01
   6.2342300e+06   1.8000000e+01
   6.2342780e+06   1.4000000e+01
   6.2351760e+06   1.4000000e+01
   6.2357540e+06   1.5000000e+01
   6.2967620e+06   1.4000000e+01
   6.3388110e+06   1.4000000e+01
   6.3389180e+06   1.6000000e+01
   6.3393300e+06   1.6000000e+01
   6.3394500e+06   1.4000000e+01
   6.3415790e+06   1.5000000e+01
   6.3417590e+06   1.9000000e+01
   6.3450130e+06   1.4000000e+01
   6.4970340e+06   1.4000000e+01
   6.4970930e+06   1.4000000e+01
   6.4975420e+06   1.8000000e+01
   6.4976950e+06   1.4000000e+01
   6.4979550e+06   1.5000000e+01
   6.4981920e+06   1.5000000e+01
   6.4985170e+06   1.5000000e+01
   6.4987750e+06   1.7000000e+01
   6.4988810e+06   1.4000000e+01
   6.4990090e+06   1.6000000e+01
   6.4990920e+06   1.5000000e+01
   6.4991950e+06   1.4000000e+01
   6.4992450e+06   1.5000000e+01
   6.4992980e+06   1.8000000e+01
   6.4993860e+06   1.4000000e+01
   6.4994360e+06   1.7000000e+01
   6.4995890e+06   1.5000000e+01
   6.4996470e+06   1.6000000e+01
   6.4997000e+06   1.5000000e+01
   6.4997700e+06   2.1000000e+01
   6.4998030e+06   2.0000000e+01
   6.4999500e+06   1.6000000e+01
   6.5000080e+06   1.5000000e+01
   6.5000700e+06   1.8000000e+01
   6.5002270e+06   1.5000000e+01
   6.5003740e+06   1.4000000e+01
   6.5004330e+06   1.4000000e+01
   6.5004950e+06   1.8000000e+01
   6.5005720e+06   2.5000000e+01
   6.5009680e+06   1.5000000e+01
   6.5010580e+06   1.5000000e+01
   6.5011310e+06   1.6000000e+01
   6.5012010e+06   1.4000000e+01
   6.5012680e+06   1.5000000e+01
   6.5014770e+06   1.6000000e+01
   6.5017540e+06   1.4000000e+01
   6.5018390e+06   1.4000000e+01
   6.5021790e+06   1.5000000e+01
   6.5029610e+06   1.5000000e+01
   6.5034990e+06   1.5000000e+01
   6.5049810e+06   1.6000000e+01
   6.5273540e+06   1.5000000e+01
   6.5986560e+06   1.6000000e+01
   6.5990660e+06   2.2000000e+01
   6.5991670e+06   1.4000000e+01
   6.5996590e+06   2.0000000e+01
   6.5997890e+06   1.4000000e+01
   6.5998890e+06   2.0000000e+01
   6.5999190e+06   1.7000000e+01
   6.5999840e+06   1.5000000e+01
   6.6001860e+06   1.5000000e+01
   6.6003920e+06   2.0000000e+01
   6.6004430e+06   1.4000000e+01
   6.6006100e+06   1.4000000e+01
   6.6008210e+06   1.6000000e+01
   6.6042890e+06   2.1000000e+01
   6.6825360e+06   1.5000000e+01
   6.6851740e+06   1.6000000e+01
   6.6855500e+06   1.4000000e+01
   6.6856110e+06   1.4000000e+01
   6.6857210e+06   1.4000000e+01
   6.6863610e+06   1.4000000e+01
   6.6866530e+06   1.7000000e+01
   6.7399820e+06   1.4000000e+01
   6.7400860e+06   1.9000000e+01
   6.7402350e+06   1.4000000e+01
   6.8238800e+06   2.5000000e+01
   6.8243830e+06   2.2000000e+01
   6.8258870e+06   1.4000000e+01
   6.8260320e+06   1.4000000e+01
   6.8268570e+06   1.7000000e+01
   6.8269730e+06   1.4000000e+01
   6.8272770e+06   1.6000000e+01
   6.8274230e+06   1.4000000e+01
   6.8283540e+06   1.4000000e+01
   6.8284870e+06   1.4000000e+01
   6.8287580e+06   1.5000000e+01
   6.8291530e+06   1.4000000e+01
   6.8294730e+06   1.5000000e+01
   6.8295080e+06   1.7000000e+01
   6.8296260e+06   1.5000000e+01
   6.8296940e+06   1.5000000e+01
   6.8298920e+06   1.4000000e+01
   6.8300920e+06   2.2000000e+01
   6.8302300e+06   1.4000000e+01
   6.8307740e+06   1.9000000e+01
   6.8308270e+06   1.4000000e+01
   6.8310900e+06   1.4000000e+01
   6.8311750e+06   1.4000000e+01
   6.8313070e+06   1.4000000e+01
   6.8320500e+06   1.5000000e+01
   6.8557410e+06   1.4000000e+01
   6.9070490e+06   1.6000000e+01
   6.9071390e+06   1.5000000e+01
   6.9085910e+06   1.5000000e+01
   6.9086170e+06   1.4000000e+01
   6.9086770e+06   1.4000000e+01
   6.9090180e+06   1.4000000e+01
   6.9091600e+06   1.4000000e+01
   6.9091950e+06   1.4000000e+01
   6.9093270e+06   1.4000000e+01
   6.9094520e+06   1.4000000e+01
   6.9101640e+06   1.6000000e+01
   6.9102640e+06   1.6000000e+01
   6.9103810e+06   1.8000000e+01
   6.9104910e+06   1.4000000e+01
   6.9105980e+06   1.4000000e+01
   6.9109270e+06   1.4000000e+01
   6.9119870e+06   1.6000000e+01
   6.9128200e+06   1.5000000e+01
   6.9130200e+06   1.4000000e+01
   6.9131650e+06   1.4000000e+01
   6.9134850e+06   1.4000000e+01
   6.9136540e+06   1.5000000e+01
   6.9137190e+06   2.0000000e+01
   6.9137920e+06   1.4000000e+01
   6.9152270e+06   2.0000000e+01
   7.0355680e+06   1.4000000e+01
   7.0356710e+06   1.5000000e+01
   7.0358020e+06   1.4000000e+01
   7.0358420e+06   1.4000000e+01
   7.0359740e+06   1.4000000e+01
   7.0361780e+06   1.5000000e+01
   7.0365590e+06   1.4000000e+01
   7.0367050e+06   1.9000000e+01
   7.0372340e+06   1.4000000e+01
   7.0375910e+06   2.4000000e+01
   7.0377550e+06   1.4000000e+01
   7.0379470e+06   1.4000000e+01
   7.0386110e+06   1.4000000e+01
   7.0392440e+06   1.4000000e+01
   7.0396180e+06   1.5000000e+01
   7.0396790e+06   1.5000000e+01
   7.1231970e+06   1.4000000e+01
   7.1236600e+06   1.4000000e+01
   7.1237810e+06   1.5000000e+01
   7.1238150e+06   1.5000000e+01
   7.1239270e+06   1.4000000e+01
   7.1239810e+06   1.4000000e+01
   7.1240800e+06   1.5000000e+01
   7.1241890e+06   1.5000000e+01
   7.1242480e+06   1.5000000e+01
   7.1245130e+06   1.5000000e+01
   7.1734690e+06   2.1000000e+01
   7.1738240e+06   1.4000000e+01
   7.1740340e+06   1.5000000e+01
   7.1742730e+06   1.4000000e+01
   7.1745860e+06   1.5000000e+01
   7.1749610e+06   1.5000000e+01
   7.1753750e+06   1.7000000e+01
   7.1755140e+06   1.4000000e+01
   7.1759150e+06   1.5000000e+01
   7.1760100e+06   1.4000000e+01
   7.1761870e+06   1.4000000e+01
   7.1763990e+06   1.4000000e+01
   7.1764470e+06   1.5000000e+01
   7.1765690e+06   1.4000000e+01
   7.1767570e+06   1.5000000e+01
   7.1770700e+06   1.9000000e+01
   7.1771000e+06   1.6000000e+01
   7.1775380e+06   1.4000000e+01
   7.1777380e+06   1.4000000e+01
   7.1782890e+06   1.4000000e+01
   7.1785510e+06   1.4000000e+01
   7.1793270e+06   1.9000000e+01
   7.2103200e+06   1.4000000e+01
   7.3063620e+06   1.6000000e+01
   7.3067590e+06   1.8000000e+01
   7.3072050e+06   1.4000000e+01
   7.3103730e+06   1.4000000e+01
   7.3106430e+06   1.6000000e+01
   7.3111000e+06   1.4000000e+01
   7.3111260e+06   1.7000000e+01
   7.3115520e+06   1.5000000e+01
   7.3120320e+06   1.4000000e+01
   7.3120690e+06   1.5000000e+01
   7.3715530e+06   1.4000000e+01
   7.3721350e+06   1.7000000e+01
   7.3732870e+06   1.6000000e+01
   7.3746040e+06   1.5000000e+01
   7.4574280e+06   1.6000000e+01
   7.4575850e+06   1.5000000e+01
   7.4583270e+06   1.5000000e+01
   7.4586060e+06   1.4000000e+01
   7.4586310e+06   1.5000000e+01
   7.4602610e+06   1.8000000e+01
   7.4603100e+06   1.4000000e+01
   7.4606910e+06   1.4000000e+01
   7.4608830e+06   1.4000000e+01
   7.4609900e+06   1.4000000e+01
   7.4610330e+06   1.6000000e+01
   7.4611560e+06   1.9000000e+01
   7.4614630e+06   1.4000000e+01
   7.4617850e+06   1.4000000e+01
   7.4619150e+06   1.8000000e+01
   7.4619730e+06   2.3000000e+01
   7.4640280e+06   1.4000000e+01
