   7.5000000e+06   0.0000000e+00
   4.0110000e+03   2.3000000e+01
   5.7070000e+03   2.5000000e+01
   5.7930000e+03   2.1000000e+01
   5.9780000e+03   5.4000000e+01
   6.0200000e+03   2.2000000e+01
   6.1280000e+03   2.2000000e+01
   6.2660000e+03   2.1000000e+01
   6.3230000e+03   5.5000000e+01
   6.3620000e+03   2.1000000e+01
   6.5610000e+03   2.2000000e+01
   6.6120000e+03   2.8000000e+01
   6.7810000e+03   2.2000000e+01
   6.8580000e+03   2.1000000e+01
   6.9630000e+03   2.4000000e+01
   7.2090000e+03   3.9000000e+01
   7.2630000e+03   4.7000000e+01
   7.2890000e+03   2.3000000e+01
   7.4580000e+03   2.1000000e+01
   7.5120000e+03   3.8000000e+01
   7.6350000e+03   2.4000000e+01
   7.9700000e+03   4.9000000e+01
   8.2630000e+03   2.2000000e+01
   8.7416000e+04   2.2000000e+01
   8.7598000e+04   2.2000000e+01
   8.7999000e+04   2.1000000e+01
   8.8126000e+04   2.3000000e+01
   8.8288000e+04   2.7000000e+01
   8.8395000e+04   5.9000000e+01
   8.8431000e+04   3.8000000e+01
   8.8461000e+04   2.8000000e+01
   8.8746000e+04   2.6000000e+01
   8.8821000e+04   2.1000000e+01
   8.9059000e+04   2.2000000e+01
   8.9098000e+04   2.1000000e+01
   8.9461000e+04   2.7000000e+01
   9.0560000e+04   2.4000000e+01
   9.0861000e+04   2.3000000e+01
   9.1028000e+04   2.1000000e+01
   9.1702000e+04   2.1000000e+01
   9.2014000e+04   2.2000000e+01
   9.2333000e+04   2.5000000e+01
   9.2408000e+04   2.6000000e+01
   9.2610000e+04   2.3000000e+01
   9.2695000e+04   4.0000000e+01
   9.2730000e+04   3.1000000e+01
   9.2784000e+04   2.4000000e+01
   9.3422000e+04   2.1000000e+01
   9.3488000e+04   2.2000000e+01
   9.3725000e+04   2.3000000e+01
   1.3936500e+05   6.9000000e+01
   1.3976000e+05   2.1000000e+01
   1.9119100e+05   2.2000000e+01
   1.9167600e+05   2.5000000e+01
   1.9220500e+05   5.0000000e+01
   1.9227600e+05   3.1000000e+01
   1.9276900e+05   2.1000000e+01
   1.9284100e+05   2.1000000e+01
   1.9310400e+05   3.3000000e+01
   1.9319500e+05   2.1000000e+01
   1.9326400e+05   2.1000000e+01
   1.9332500e+05   2.3000000e+01
   1.9337300e+05   2.2000000e+01
   1.9344000e+05   2.4000000e+01
   1.9350600e+05   4.0000000e+01
   1.9353100e+05   2.4000000e+01
   1.9361800e+05   6.7000000e+01
   1.9366200e+05   3.9000000e+01
   1.9370400e+05   7.9000000e+01
   1.9389500e+05   2.1000000e+01
   1.9393400e+05   2.1000000e+01
   1.9416800e+05   2.5000000e+01
   1.9427000e+05   2.6000000e+01
   1.9445100e+05   2.4000000e+01
   1.9463200e+05   2.1000000e+01
   1.9477200e+05   3.1000000e+01
   1.9479900e+05   2.9000000e+01
   1.9487200e+05   2.7000000e+01
   1.9500600e+05   2.4000000e+01
   1.9505800e+05   2.1000000e+01
   1.9521800e+05   2.1000000e+01
   1.9540200e+05   2.5000000e+01
   1.9559500e+05   2.1000000e+01
   1.9563000e+05   7.7000000e+01
   1.9566300e+05   2.2000000e+01
   1.9578300e+05   2.2000000e+01
   1.9633100e+05   2.2000000e+01
   1.9764000e+05   2.1000000e+01
   1.9780200e+05   2.5000000e+01
   2.6444400e+05   2.2000000e+01
   2.7080800e+05   2.2000000e+01
   2.7107700e+05   2.1000000e+01
   2.7116300e+05   2.5000000e+01
   2.7136400e+05   3.2000000e+01
   2.7296400e+05   2.1000000e+01
   2.7300200e+05   2.1000000e+01
   2.7385600e+05   2.1000000e+01
   2.7679400e+05   2.2000000e+01
   2.7750700e+05   5.6000000e+01
   2.7759200e+05   3.0000000e+01
   2.7954000e+05   2.2000000e+01
   3.7896400e+05   2.3000000e+01
   3.7900900e+05   2.1000000e+01
   3.7997500e+05   2.4000000e+01
   3.8027000e+05   2.5000000e+01
   3.8051000e+05   2.4000000e+01
   3.8084700e+05   2.3000000e+01
   3.8097400e+05   2.3000000e+01
   3.8120900e+05   2.2000000e+01
   3.8132600e+05   6.0000000e+01
   3.8135300e+05   2.5000000e+01
   3.8144500e+05   2.1000000e+01
   3.8162000e+05   2.4000000e+01
   3.8167200e+05   2.5000000e+01
   3.8175700e+05   2.6000000e+01
   3.8180300e+05   4.1000000e+01
   3.8183100e+05   2.1000000e+01
   3.8194300e+05   2.4000000e+01
   3.8210100e+05   2.3000000e+01
   3.8217400e+05   2.1000000e+01
   3.8228500e+05   2.2000000e+01
   3.8258600e+05   2.2000000e+01
   3.8263800e+05   3.2000000e+01
   3.8274400e+05   2.3000000e+01
   3.8278700e+05   5.4000000e+01
   3.8283500e+05   2.3000000e+01
   3.8293100e+05   3.6000000e+01
   3.8310000e+05   2.1000000e+01
   3.8317100e+05   2.5000000e+01
   3.8330600e+05   2.5000000e+01
   3.8337100e+05   2.9000000e+01
   3.8343600e+05   2.9000000e+01
   3.8365300e+05   2.1000000e+01
   3.8373500e+05   2.8000000e+01
   3.8481000e+05   2.3000000e+01
   3.9450700e+05   2.4000000e+01
   3.9484500e+05   2.4000000e+01
   3.9522200e+05   2.1000000e+01
   3.9545300e+05   2.2000000e+01
   3.9571400e+05   2.3000000e+01
   3.9632400e+05   2.2000000e+01
   3.9662400e+05   2.3000000e+01
   3.9687000e+05   2.1000000e+01
   4.0006200e+05   2.5000000e+01
   4.0089600e+05   5.2000000e+01
   4.0135300e+05   2.1000000e+01
   4.0268200e+05   2.1000000e+01
   4.0319000e+05   2.4000000e+01
   4.0395400e+05   2.1000000e+01
   4.0441200e+05   2.6000000e+01
   4.0491500e+05   2.7000000e+01
   4.0539100e+05   2.1000000e+01
   4.0686100e+05   2.7000000e+01
   4.9803300e+05   2.3000000e+01
   4.9805800e+05   2.1000000e+01
   4.9838900e+05   2.1000000e+01
   4.9851500e+05   2.8000000e+01
   4.9890500e+05   2.2000000e+01
   4.9894600e+05   3.7000000e+01
   4.9906700e+05   2.3000000e+01
   4.9916200e+05   2.1000000e+01
   4.9919000e+05   2.5000000e+01
   4.9923300e+05   9.8000000e+01
   4.9933900e+05   2.1000000e+01
   4.9942700e+05   4.4000000e+01
   4.9950000e+05   1.1000000e+02
   4.9954400e+05   4.5000000e+01
   4.9983900e+05   2.9000000e+01
   4.9993100e+05   2.7000000e+01
   5.0002500e+05   2.7000000e+01
   5.0013200e+05   2.5000000e+01
   5.0019600e+05   2.5000000e+01
   5.0022300e+05   3.9000000e+01
   5.0030400e+05   5.6000000e+01
   5.0035700e+05   2.6000000e+01
   5.0038200e+05   2.5000000e+01
   5.0045800e+05   2.9000000e+01
   5.0053800e+05   4.0000000e+01
   5.0058700e+05   2.1000000e+01
   5.0063700e+05   2.1000000e+01
   5.0070900e+05   2.4000000e+01
   5.0083500e+05   3.9000000e+01
   5.0087200e+05   2.5000000e+01
   5.0096000e+05   2.4000000e+01
   5.0099500e+05   2.4000000e+01
   5.0108400e+05   4.4000000e+01
   5.0111500e+05   2.2000000e+01
   5.0116600e+05   2.7000000e+01
   5.0122400e+05   2.9000000e+01
   5.0125200e+05   7.2000000e+01
   5.0130500e+05   2.7000000e+01
   5.0138000e+05   2.7000000e+01
   5.0145700e+05   2.7000000e+01
   5.0151500e+05   3.0000000e+01
   5.0156700e+05   3.6000000e+01
   5.0161200e+05   2.1000000e+01
   5.0168100e+05   3.3000000e+01
   5.0173700e+05   2.4000000e+01
   5.0182600e+05   3.7000000e+01
   5.0187400e+05   2.3000000e+01
   5.0196000e+05   6.0000000e+01
   5.0201400e+05   2.6000000e+01
   5.0209900e+05   3.1000000e+01
   5.0217200e+05   4.3000000e+01
   5.0222500e+05   2.3000000e+01
   5.0232100e+05   3.2000000e+01
   5.0236400e+05   5.0000000e+01
   5.0241000e+05   3.5000000e+01
   5.0246100e+05   2.4000000e+01
   5.0252500e+05   4.2000000e+01
   5.0263400e+05   3.4000000e+01
   5.0268900e+05   2.4000000e+01
   5.0274100e+05   3.0000000e+01
   5.0288500e+05   2.9000000e+01
   5.0294700e+05   2.1000000e+01
   5.0301500e+05   2.2000000e+01
   5.0310100e+05   2.9000000e+01
   5.0324000e+05   2.3000000e+01
   5.0330800e+05   2.7000000e+01
   5.0333500e+05   3.2000000e+01
   5.0348500e+05   2.4000000e+01
   5.0355400e+05   2.6000000e+01
   5.0359100e+05   5.4000000e+01
   5.0372800e+05   2.2000000e+01
   5.0376600e+05   2.4000000e+01
   5.0385500e+05   2.1000000e+01
   5.0390600e+05   2.2000000e+01
   5.0398700e+05   2.2000000e+01
   5.0407400e+05   2.3000000e+01
   5.0409900e+05   2.3000000e+01
   5.0414400e+05   2.7000000e+01
   5.0423500e+05   2.1000000e+01
   5.0428900e+05   2.2000000e+01
   5.0442900e+05   2.1000000e+01
   5.0446600e+05   3.6000000e+01
   5.0457000e+05   2.1000000e+01
   5.0462800e+05   3.8000000e+01
   5.0467900e+05   2.2000000e+01
   5.0476900e+05   2.9000000e+01
   5.0483500e+05   2.1000000e+01
   5.0502300e+05   4.4000000e+01
   5.0507500e+05   2.5000000e+01
   5.0510000e+05   2.1000000e+01
   5.0518300e+05   2.2000000e+01
   5.0526100e+05   2.2000000e+01
   5.0529200e+05   2.4000000e+01
   5.0544100e+05   2.6000000e+01
   5.0551100e+05   2.1000000e+01
   5.0565700e+05   3.3000000e+01
   5.0568300e+05   2.8000000e+01
   5.0579500e+05   3.0000000e+01
   5.0583400e+05   2.9000000e+01
   5.0588600e+05   3.2000000e+01
   5.0593200e+05   2.6000000e+01
   5.0601100e+05   2.3000000e+01
   5.0606300e+05   2.4000000e+01
   5.0635300e+05   2.2000000e+01
   5.0677900e+05   2.5000000e+01
   5.0686400e+05   2.2000000e+01
   5.0724000e+05   2.7000000e+01
   5.0727600e+05   3.0000000e+01
   5.0766800e+05   2.9000000e+01
   5.0795300e+05   2.2000000e+01
   5.0834900e+05   2.3000000e+01
   5.0860400e+05   2.4000000e+01
   5.0958800e+05   2.4000000e+01
   5.0971500e+05   2.8000000e+01
   5.1156900e+05   2.3000000e+01
   6.1902700e+05   2.1000000e+01
   7.7681100e+05   2.2000000e+01
   7.7683700e+05   2.3000000e+01
   7.7692200e+05   2.7000000e+01
   7.7748300e+05   3.6000000e+01
   7.7761400e+05   2.4000000e+01
   7.7767000e+05   2.9000000e+01
   7.7800800e+05   2.1000000e+01
   7.7815500e+05   2.1000000e+01
   7.7832500e+05   2.7000000e+01
   7.7880300e+05   2.1000000e+01
   7.7898400e+05   2.8000000e+01
   7.7948400e+05   2.1000000e+01
   8.4115700e+05   2.1000000e+01
   8.4137900e+05   2.5000000e+01
   8.4141300e+05   2.2000000e+01
   8.4157900e+05   2.4000000e+01
   8.4178300e+05   2.2000000e+01
   8.4193400e+05   2.1000000e+01
   8.4203100e+05   2.6000000e+01
   8.4227700e+05   2.6000000e+01
   8.4259700e+05   2.4000000e+01
   8.4265900e+05   2.4000000e+01
   8.4269700e+05   3.0000000e+01
   8.4277100e+05   2.2000000e+01
   8.4301700e+05   2.2000000e+01
   8.4322900e+05   7.6000000e+01
   8.4325500e+05   2.7000000e+01
   8.4337900e+05   2.2000000e+01
   8.4344000e+05   2.2000000e+01
   8.4360900e+05   2.3000000e+01
   8.4365800e+05   2.2000000e+01
   8.4371300e+05   2.1000000e+01
   8.4494500e+05   2.4000000e+01
   8.4640300e+05   2.1000000e+01
   8.8888200e+05   2.1000000e+01
   8.8891800e+05   2.9000000e+01
   8.8901800e+05   2.6000000e+01
   8.8926400e+05   2.2000000e+01
   8.8949400e+05   2.2000000e+01
   8.8966800e+05   2.2000000e+01
   8.8971700e+05   2.6000000e+01
   8.8983700e+05   2.7000000e+01
   8.8999500e+05   5.7000000e+01
   8.9012600e+05   2.2000000e+01
   8.9019600e+05   2.7000000e+01
   8.9027800e+05   2.4000000e+01
   8.9032100e+05   2.2000000e+01
   8.9034900e+05   2.4000000e+01
   8.9042500e+05   2.2000000e+01
   8.9046600e+05   2.4000000e+01
   8.9057400e+05   2.7000000e+01
   8.9062900e+05   4.0000000e+01
   8.9069700e+05   2.1000000e+01
   8.9082500e+05   2.3000000e+01
   8.9102200e+05   2.3000000e+01
   8.9130700e+05   2.9000000e+01
   8.9140400e+05   2.5000000e+01
   8.9221500e+05   2.7000000e+01
   8.9291700e+05   2.9000000e+01
   8.9379600e+05   2.5000000e+01
   8.9429500e+05   2.2000000e+01
   8.9515500e+05   2.6000000e+01
   8.9690400e+05   2.2000000e+01
   1.0189870e+06   2.1000000e+01
   1.0190760e+06   2.2000000e+01
   1.0192580e+06   2.1000000e+01
   1.0193800e+06   5.0000000e+01
   1.0194080e+06   2.3000000e+01
   1.0195170e+06   2.1000000e+01
   1.0196300e+06   7.8000000e+01
   1.0196890e+06   2.1000000e+01
   1.0197740e+06   2.3000000e+01
   1.0198510e+06   3.1000000e+01
   1.0199370e+06   2.2000000e+01
   1.0199840e+06   2.3000000e+01
   1.0200810e+06   3.4000000e+01
   1.0201150e+06   2.2000000e+01
   1.0201850e+06   2.3000000e+01
   1.0202600e+06   3.9000000e+01
   1.0203150e+06   2.4000000e+01
   1.0205840e+06   2.1000000e+01
   1.0207030e+06   3.2000000e+01
   1.0207540e+06   2.1000000e+01
   1.0208140e+06   2.1000000e+01
   1.0209860e+06   2.2000000e+01
   1.0211540e+06   2.1000000e+01
   1.0211910e+06   3.1000000e+01
   1.0212230e+06   2.2000000e+01
   1.0212940e+06   2.2000000e+01
   1.0213330e+06   2.4000000e+01
   1.0216920e+06   2.4000000e+01
   1.0217270e+06   2.3000000e+01
   1.0217750e+06   2.7000000e+01
   1.0218480e+06   2.2000000e+01
   1.0219550e+06   2.1000000e+01
   1.0221420e+06   2.6000000e+01
   1.0222230e+06   2.4000000e+01
   1.0223850e+06   2.4000000e+01
   1.0224750e+06   3.0000000e+01
   1.0226120e+06   2.8000000e+01
   1.0226610e+06   2.8000000e+01
   1.0229220e+06   2.3000000e+01
   1.0231530e+06   2.3000000e+01
   1.0234580e+06   2.3000000e+01
   1.0889520e+06   2.1000000e+01
   1.0928510e+06   2.7000000e+01
   1.0928810e+06   2.1000000e+01
   1.0929970e+06   2.2000000e+01
   1.0930350e+06   2.1000000e+01
   1.0933530e+06   2.5000000e+01
   1.0935330e+06   2.4000000e+01
   1.0936550e+06   2.4000000e+01
   1.0936800e+06   2.3000000e+01
   1.0938700e+06   3.3000000e+01
   1.0939440e+06   2.1000000e+01
   1.0944260e+06   3.6000000e+01
   1.0944670e+06   2.7000000e+01
   1.0945310e+06   3.4000000e+01
   1.0946140e+06   3.4000000e+01
   1.0946510e+06   2.2000000e+01
   1.0947270e+06   2.3000000e+01
   1.0949510e+06   2.1000000e+01
   1.0949800e+06   2.7000000e+01
   1.0951520e+06   2.2000000e+01
   1.0952900e+06   2.4000000e+01
   1.0958950e+06   2.1000000e+01
   1.1363180e+06   2.1000000e+01
   1.1377660e+06   2.1000000e+01
   1.1379300e+06   2.1000000e+01
   1.1388010e+06   2.1000000e+01
   1.1389750e+06   5.5000000e+01
   1.1394480e+06   2.5000000e+01
   1.1395140e+06   2.1000000e+01
   1.1410620e+06   2.1000000e+01
   1.1414460e+06   2.3000000e+01
   1.1767740e+06   2.1000000e+01
   1.1774820e+06   2.2000000e+01
   1.2281650e+06   2.2000000e+01
   1.2343440e+06   6.0000000e+01
   1.2345130e+06   2.1000000e+01
   1.2345750e+06   2.2000000e+01
   1.2367130e+06   2.1000000e+01
   1.2368530e+06   2.8000000e+01
   1.2369770e+06   2.2000000e+01
   1.2370750e+06   2.4000000e+01
   1.2371930e+06   2.6000000e+01
   1.2372340e+06   2.2000000e+01
   1.2372820e+06   2.2000000e+01
   1.2373620e+06   3.7000000e+01
   1.2374520e+06   2.1000000e+01
   1.2375620e+06   7.8000000e+01
   1.2376000e+06   2.3000000e+01
   1.2376640e+06   2.6000000e+01
   1.2377410e+06   3.3000000e+01
   1.2378370e+06   2.6000000e+01
   1.2378680e+06   2.1000000e+01
   1.2379240e+06   2.5000000e+01
   1.2381310e+06   2.4000000e+01
   1.2381650e+06   3.5000000e+01
   1.2382150e+06   2.4000000e+01
   1.2383160e+06   3.7000000e+01
   1.2383720e+06   2.4000000e+01
   1.2384060e+06   2.6000000e+01
   1.2385150e+06   2.8000000e+01
   1.2385400e+06   2.1000000e+01
   1.2387420e+06   2.6000000e+01
   1.2388560e+06   2.7000000e+01
   1.2388830e+06   2.3000000e+01
   1.2389760e+06   2.7000000e+01
   1.2390300e+06   2.4000000e+01
   1.2391140e+06   4.0000000e+01
   1.2391510e+06   7.1000000e+01
   1.2391870e+06   2.3000000e+01
   1.2392650e+06   2.4000000e+01
   1.2393610e+06   2.4000000e+01
   1.2394610e+06   2.3000000e+01
   1.2395750e+06   2.3000000e+01
   1.2396310e+06   2.4000000e+01
   1.2397740e+06   2.6000000e+01
   1.2398550e+06   2.2000000e+01
   1.2398850e+06   2.1000000e+01
   1.2399860e+06   2.1000000e+01
   1.2400990e+06   3.4000000e+01
   1.2401260e+06   2.4000000e+01
   1.2403750e+06   2.1000000e+01
   1.2404030e+06   2.5000000e+01
   1.2405870e+06   2.6000000e+01
   1.2407830e+06   2.3000000e+01
   1.2408530e+06   2.9000000e+01
   1.2409030e+06   2.3000000e+01
   1.2412900e+06   2.1000000e+01
   1.2413470e+06   2.3000000e+01
   1.2414310e+06   2.3000000e+01
   1.2415350e+06   2.5000000e+01
   1.2421530e+06   2.2000000e+01
   1.2423930e+06   2.2000000e+01
   1.2431760e+06   2.3000000e+01
   1.3396050e+06   2.2000000e+01
   1.3398200e+06   2.4000000e+01
   1.3399580e+06   2.2000000e+01
   1.3399870e+06   2.4000000e+01
   1.3401850e+06   2.3000000e+01
   1.3402270e+06   2.3000000e+01
   1.3403160e+06   2.1000000e+01
   1.3403690e+06   2.4000000e+01
   1.3404580e+06   2.4000000e+01
   1.3405870e+06   2.4000000e+01
   1.3409040e+06   2.1000000e+01
   1.3409800e+06   2.7000000e+01
   1.3410410e+06   5.8000000e+01
   1.3410860e+06   5.9000000e+01
   1.3412570e+06   3.0000000e+01
   1.3413200e+06   2.4000000e+01
   1.3414280e+06   2.1000000e+01
   1.3415220e+06   3.0000000e+01
   1.3415860e+06   2.3000000e+01
   1.3417330e+06   2.1000000e+01
   1.3428150e+06   2.2000000e+01
   1.3430220e+06   5.9000000e+01
   1.3430670e+06   2.3000000e+01
   1.3431400e+06   2.3000000e+01
   1.3449060e+06   2.1000000e+01
   1.3451040e+06   2.6000000e+01
   1.3452170e+06   2.4000000e+01
   1.4731370e+06   2.1000000e+01
   1.4796700e+06   2.4000000e+01
   1.4798240e+06   6.3000000e+01
   1.4799230e+06   3.0000000e+01
   1.4802360e+06   2.7000000e+01
   1.4804630e+06   2.4000000e+01
   1.4805580e+06   2.5000000e+01
   1.4806860e+06   2.5000000e+01
   1.4807440e+06   2.3000000e+01
   1.4808010e+06   2.2000000e+01
   1.4810550e+06   2.1000000e+01
   1.4811120e+06   6.2000000e+01
   1.4811510e+06   3.2000000e+01
   1.4812080e+06   2.2000000e+01
   1.4813020e+06   2.6000000e+01
   1.4814420e+06   3.5000000e+01
   1.4814930e+06   3.1000000e+01
   1.4815610e+06   5.8000000e+01
   1.4816580e+06   2.6000000e+01
   1.4817330e+06   2.5000000e+01
   1.4818770e+06   2.1000000e+01
   1.4819450e+06   2.9000000e+01
   1.4820140e+06   6.5000000e+01
   1.4820390e+06   2.6000000e+01
   1.4820940e+06   2.3000000e+01
   1.4822310e+06   2.1000000e+01
   1.4822830e+06   2.3000000e+01
   1.4823870e+06   2.7000000e+01
   1.4824760e+06   2.2000000e+01
   1.4826340e+06   3.0000000e+01
   1.4827010e+06   2.6000000e+01
   1.4827820e+06   2.4000000e+01
   1.4832110e+06   2.3000000e+01
   1.4833370e+06   2.4000000e+01
   1.4839750e+06   2.2000000e+01
   1.4841580e+06   2.4000000e+01
   1.4841870e+06   2.7000000e+01
   1.4842580e+06   2.1000000e+01
   1.4843380e+06   2.7000000e+01
   1.4845870e+06   2.1000000e+01
   1.4846390e+06   2.4000000e+01
   1.4848300e+06   2.4000000e+01
   1.4849510e+06   3.1000000e+01
   1.4850290e+06   2.5000000e+01
   1.4851570e+06   2.5000000e+01
   1.4852030e+06   2.1000000e+01
   1.4853760e+06   2.1000000e+01
   1.4854470e+06   2.1000000e+01
   1.4855070e+06   2.2000000e+01
   1.4858690e+06   5.4000000e+01
   1.4859540e+06   5.0000000e+01
   1.4860170e+06   2.8000000e+01
   1.4862650e+06   2.3000000e+01
   1.5606160e+06   3.3000000e+01
   1.5609320e+06   3.0000000e+01
   1.5630220e+06   2.3000000e+01
   1.5633910e+06   2.4000000e+01
   1.5635980e+06   2.1000000e+01
   1.5967810e+06   2.1000000e+01
   1.5969090e+06   2.6000000e+01
   1.5970400e+06   2.2000000e+01
   1.5971170e+06   2.1000000e+01
   1.5972620e+06   2.5000000e+01
   1.5973640e+06   2.1000000e+01
   1.5975140e+06   5.0000000e+01
   1.5977090e+06   2.3000000e+01
   1.5977700e+06   2.2000000e+01
   1.5980520e+06   2.2000000e+01
   1.5981660e+06   5.9000000e+01
   1.5989120e+06   2.3000000e+01
   1.5991990e+06   2.2000000e+01
   1.6757170e+06   2.2000000e+01
   1.6772940e+06   2.1000000e+01
   1.6783690e+06   2.1000000e+01
   1.6787230e+06   3.0000000e+01
   1.6794890e+06   2.8000000e+01
   1.6801290e+06   5.7000000e+01
   1.6802390e+06   2.3000000e+01
   1.6806040e+06   2.4000000e+01
   1.6807360e+06   3.0000000e+01
   1.6807910e+06   2.6000000e+01
   1.6819580e+06   2.3000000e+01
   1.6823680e+06   2.1000000e+01
   1.6831800e+06   2.1000000e+01
   1.6843610e+06   2.1000000e+01
   1.6858040e+06   2.1000000e+01
   1.6859940e+06   2.7000000e+01
   1.7470150e+06   2.1000000e+01
   1.7470400e+06   2.3000000e+01
   1.7471390e+06   2.3000000e+01
   1.7472530e+06   2.9000000e+01
   1.7472890e+06   4.2000000e+01
   1.7473670e+06   6.2000000e+01
   1.7474100e+06   3.0000000e+01
   1.7475330e+06   2.9000000e+01
   1.7477360e+06   2.3000000e+01
   1.7479160e+06   2.7000000e+01
   1.7480320e+06   2.1000000e+01
   1.7480760e+06   3.7000000e+01
   1.7482100e+06   2.2000000e+01
   1.7482890e+06   2.3000000e+01
   1.7486490e+06   2.1000000e+01
   1.7489020e+06   3.0000000e+01
   1.7497090e+06   2.4000000e+01
   1.7498710e+06   2.2000000e+01
   1.7503380e+06   2.3000000e+01
   1.7508560e+06   2.2000000e+01
   1.7513350e+06   2.7000000e+01
   1.7529000e+06   2.2000000e+01
   1.7876100e+06   2.1000000e+01
   1.7890660e+06   2.1000000e+01
   1.7892590e+06   2.3000000e+01
   1.7897110e+06   2.4000000e+01
   1.7902620e+06   3.4000000e+01
   1.7902940e+06   2.1000000e+01
   1.8433290e+06   2.6000000e+01
   1.8434140e+06   4.8000000e+01
   1.8434400e+06   3.7000000e+01
   1.8435300e+06   2.4000000e+01
   1.8436060e+06   2.1000000e+01
   1.8437460e+06   2.3000000e+01
   1.8439170e+06   2.2000000e+01
   1.8439590e+06   2.1000000e+01
   1.8439890e+06   2.3000000e+01
   1.8440460e+06   2.3000000e+01
   1.8441240e+06   2.8000000e+01
   1.8441700e+06   2.5000000e+01
   1.8442610e+06   2.6000000e+01
   1.8442910e+06   3.9000000e+01
   1.8443770e+06   2.4000000e+01
   1.8444190e+06   2.4000000e+01
   1.8445720e+06   2.8000000e+01
   1.8447500e+06   2.2000000e+01
   1.8447790e+06   3.0000000e+01
   1.8449360e+06   2.2000000e+01
   1.8449730e+06   3.2000000e+01
   1.8450620e+06   4.2000000e+01
   1.8451100e+06   2.1000000e+01
   1.8453210e+06   2.3000000e+01
   1.8454580e+06   3.3000000e+01
   1.8455250e+06   2.9000000e+01
   1.8456190e+06   2.5000000e+01
   1.8457570e+06   2.3000000e+01
   1.8460690e+06   2.7000000e+01
   1.8461140e+06   7.1000000e+01
   1.8461840e+06   2.6000000e+01
   1.8462880e+06   2.3000000e+01
   1.8466070e+06   2.5000000e+01
   1.8466970e+06   2.2000000e+01
   1.8467930e+06   2.8000000e+01
   1.8472270e+06   2.1000000e+01
   1.8474230e+06   2.2000000e+01
   1.8475810e+06   2.1000000e+01
   1.8477810e+06   2.1000000e+01
   1.8481880e+06   2.7000000e+01
   1.8945220e+06   3.8000000e+01
   1.8953080e+06   2.2000000e+01
   1.8953780e+06   2.3000000e+01
   1.8964750e+06   2.1000000e+01
   1.8977330e+06   2.4000000e+01
   1.8990760e+06   2.1000000e+01
   1.9514610e+06   2.1000000e+01
   1.9518750e+06   2.2000000e+01
   1.9519190e+06   2.3000000e+01
   1.9523930e+06   2.6000000e+01
   1.9525160e+06   3.7000000e+01
   1.9527660e+06   3.1000000e+01
   1.9528520e+06   2.5000000e+01
   1.9530480e+06   2.1000000e+01
   1.9540510e+06   2.6000000e+01
   1.9542620e+06   2.1000000e+01
   1.9547110e+06   2.1000000e+01
   1.9631640e+06   2.1000000e+01
   1.9638850e+06   2.1000000e+01
   1.9639850e+06   2.1000000e+01
   1.9642540e+06   2.4000000e+01
   1.9643000e+06   2.7000000e+01
   1.9646570e+06   2.3000000e+01
   1.9647530e+06   2.2000000e+01
   1.9647810e+06   2.3000000e+01
   1.9648400e+06   3.2000000e+01
   1.9649290e+06   5.5000000e+01
   1.9649760e+06   2.2000000e+01
   1.9650180e+06   3.0000000e+01
   1.9650640e+06   2.6000000e+01
   1.9651390e+06   2.2000000e+01
   1.9655030e+06   2.1000000e+01
   1.9655620e+06   6.3000000e+01
   1.9656400e+06   3.5000000e+01
   1.9657850e+06   2.1000000e+01
   1.9680350e+06   2.9000000e+01
   1.9702650e+06   2.1000000e+01
   1.9703940e+06   2.1000000e+01
   1.9704910e+06   2.1000000e+01
   1.9718120e+06   2.4000000e+01
   1.9725680e+06   5.4000000e+01
   2.0407990e+06   4.5000000e+01
   2.0408290e+06   2.1000000e+01
   2.0408800e+06   2.5000000e+01
   2.0410880e+06   2.3000000e+01
   2.0411920e+06   2.1000000e+01
   2.0412560e+06   2.4000000e+01
   2.0420240e+06   2.5000000e+01
   2.0422010e+06   2.3000000e+01
   2.0422790e+06   2.1000000e+01
   2.0425090e+06   2.5000000e+01
   2.0426290e+06   6.9000000e+01
   2.0426550e+06   3.1000000e+01
   2.0428940e+06   2.2000000e+01
   2.0430770e+06   2.7000000e+01
   2.0431610e+06   2.2000000e+01
   2.0433180e+06   2.3000000e+01
   2.0434360e+06   2.2000000e+01
   2.0434650e+06   2.7000000e+01
   2.0436090e+06   2.2000000e+01
   2.0438050e+06   2.3000000e+01
   2.0441430e+06   2.5000000e+01
   2.0441740e+06   2.1000000e+01
   2.0443150e+06   2.1000000e+01
   2.0444060e+06   2.3000000e+01
   2.0444340e+06   3.2000000e+01
   2.0445580e+06   2.3000000e+01
   2.0447040e+06   2.2000000e+01
   2.0447660e+06   2.4000000e+01
   2.0449950e+06   2.4000000e+01
   2.0451610e+06   2.1000000e+01
   2.0452450e+06   2.1000000e+01
   2.0453420e+06   2.1000000e+01
   2.0459080e+06   3.8000000e+01
   2.0460880e+06   2.1000000e+01
   2.1130050e+06   2.1000000e+01
   2.1133030e+06   2.4000000e+01
   2.1139230e+06   2.1000000e+01
   2.1140560e+06   7.1000000e+01
   2.1140940e+06   2.3000000e+01
   2.1142060e+06   2.4000000e+01
   2.1142540e+06   2.3000000e+01
   2.1143650e+06   2.1000000e+01
   2.1144500e+06   2.7000000e+01
   2.1145150e+06   3.0000000e+01
   2.1145710e+06   2.3000000e+01
   2.1146230e+06   3.1000000e+01
   2.1146990e+06   2.6000000e+01
   2.1147710e+06   3.8000000e+01
   2.1148170e+06   5.8000000e+01
   2.1148710e+06   5.5000000e+01
   2.1148960e+06   2.3000000e+01
   2.1149630e+06   5.3000000e+01
   2.1150010e+06   2.7000000e+01
   2.1150870e+06   3.0000000e+01
   2.1151170e+06   2.4000000e+01
   2.1151840e+06   2.2000000e+01
   2.1153300e+06   2.4000000e+01
   2.1154060e+06   2.2000000e+01
   2.1154840e+06   2.2000000e+01
   2.1155280e+06   2.8000000e+01
   2.1156000e+06   2.5000000e+01
   2.1156620e+06   2.9000000e+01
   2.1157340e+06   2.2000000e+01
   2.1157690e+06   2.6000000e+01
   2.1158590e+06   2.2000000e+01
   2.1160240e+06   2.7000000e+01
   2.1160910e+06   2.7000000e+01
   2.1161170e+06   3.2000000e+01
   2.1162060e+06   3.1000000e+01
   2.1163400e+06   2.4000000e+01
   2.1163790e+06   2.2000000e+01
   2.1164890e+06   4.8000000e+01
   2.1165190e+06   3.9000000e+01
   2.1165900e+06   2.2000000e+01
   2.1166460e+06   2.3000000e+01
   2.1167230e+06   2.9000000e+01
   2.1167670e+06   3.5000000e+01
   2.1168070e+06   3.2000000e+01
   2.1168790e+06   2.4000000e+01
   2.1170260e+06   4.2000000e+01
   2.1170670e+06   5.0000000e+01
   2.1172240e+06   2.4000000e+01
   2.1173080e+06   2.4000000e+01
   2.1173720e+06   2.6000000e+01
   2.1175450e+06   2.5000000e+01
   2.1176450e+06   3.3000000e+01
   2.1176760e+06   2.2000000e+01
   2.1177200e+06   4.7000000e+01
   2.1178080e+06   2.7000000e+01
   2.1178520e+06   3.2000000e+01
   2.1179600e+06   2.7000000e+01
   2.1182020e+06   2.1000000e+01
   2.1183260e+06   2.7000000e+01
   2.1184290e+06   2.1000000e+01
   2.1184800e+06   2.7000000e+01
   2.1185970e+06   2.9000000e+01
   2.1187530e+06   2.2000000e+01
   2.1188360e+06   2.1000000e+01
   2.1189130e+06   3.2000000e+01
   2.1190290e+06   2.4000000e+01
   2.1190690e+06   2.1000000e+01
   2.1191720e+06   2.1000000e+01
   2.1194480e+06   2.1000000e+01
   2.1194800e+06   2.2000000e+01
   2.1199530e+06   2.3000000e+01
   2.1206270e+06   2.3000000e+01
   2.1211030e+06   2.7000000e+01
   2.2338320e+06   2.3000000e+01
   2.2340770e+06   2.6000000e+01
   2.2341020e+06   2.1000000e+01
   2.2341610e+06   2.2000000e+01
   2.2344580e+06   3.1000000e+01
   2.2345740e+06   3.0000000e+01
   2.2346000e+06   2.3000000e+01
   2.2350230e+06   4.0000000e+01
   2.2351150e+06   2.1000000e+01
   2.2353850e+06   2.4000000e+01
   2.2354400e+06   2.5000000e+01
   2.2355060e+06   2.1000000e+01
   2.2356250e+06   2.2000000e+01
   2.2357520e+06   2.1000000e+01
   2.2357940e+06   8.1000000e+01
   2.2358310e+06   2.1000000e+01
   2.2359210e+06   3.2000000e+01
   2.2360490e+06   2.1000000e+01
   2.2360750e+06   2.5000000e+01
   2.2361470e+06   2.1000000e+01
   2.2362460e+06   2.1000000e+01
   2.2365320e+06   2.1000000e+01
   2.2368490e+06   2.1000000e+01
   2.2370180e+06   2.4000000e+01
   2.3278030e+06   2.1000000e+01
   2.3281750e+06   2.1000000e+01
   2.3285600e+06   3.0000000e+01
   2.3286660e+06   2.4000000e+01
   2.3288130e+06   4.6000000e+01
   2.3288390e+06   4.8000000e+01
   2.3290140e+06   5.6000000e+01
   2.3291760e+06   3.3000000e+01
   2.3292140e+06   2.9000000e+01
   2.3296820e+06   2.3000000e+01
   2.3297720e+06   2.3000000e+01
   2.3299420e+06   2.6000000e+01
   2.3300960e+06   2.1000000e+01
   2.3301510e+06   2.8000000e+01
   2.3303260e+06   2.4000000e+01
   2.3304910e+06   2.6000000e+01
   2.3305420e+06   2.3000000e+01
   2.3306840e+06   2.2000000e+01
   2.3307260e+06   5.3000000e+01
   2.3307650e+06   2.7000000e+01
   2.3311250e+06   2.2000000e+01
   2.3311900e+06   2.1000000e+01
   2.3315070e+06   2.5000000e+01
   2.3316900e+06   2.9000000e+01
   2.3317840e+06   2.2000000e+01
   2.3318460e+06   2.4000000e+01
   2.3321450e+06   2.3000000e+01
   2.3322030e+06   2.5000000e+01
   2.3324380e+06   2.1000000e+01
   2.3325400e+06   3.9000000e+01
   2.3328730e+06   2.1000000e+01
   2.3330940e+06   2.3000000e+01
   2.3772720e+06   2.3000000e+01
   2.3787420e+06   5.0000000e+01
   2.4377670e+06   2.8000000e+01
   2.4378650e+06   2.2000000e+01
   2.4379100e+06   2.1000000e+01
   2.4380110e+06   2.9000000e+01
   2.4381990e+06   2.2000000e+01
   2.4382330e+06   2.1000000e+01
   2.4383310e+06   8.4000000e+01
   2.4383640e+06   2.2000000e+01
   2.4384730e+06   2.6000000e+01
   2.4385570e+06   2.5000000e+01
   2.4387630e+06   2.1000000e+01
   2.4389870e+06   2.7000000e+01
   2.4390330e+06   4.8000000e+01
   2.4391370e+06   2.9000000e+01
   2.4393070e+06   2.3000000e+01
   2.4394230e+06   2.4000000e+01
   2.4395870e+06   2.2000000e+01
   2.4396570e+06   2.6000000e+01
   2.4397990e+06   3.2000000e+01
   2.4398840e+06   2.3000000e+01
   2.4399250e+06   3.6000000e+01
   2.4400350e+06   2.9000000e+01
   2.4402210e+06   2.1000000e+01
   2.4402820e+06   2.9000000e+01
   2.4403220e+06   2.8000000e+01
   2.4404300e+06   2.3000000e+01
   2.4404650e+06   2.2000000e+01
   2.4406170e+06   2.5000000e+01
   2.4406500e+06   2.7000000e+01
   2.4408010e+06   6.3000000e+01
   2.4408280e+06   2.2000000e+01
   2.4409010e+06   3.3000000e+01
   2.4412790e+06   2.6000000e+01
   2.4414350e+06   2.2000000e+01
   2.4414670e+06   2.1000000e+01
   2.4415850e+06   2.3000000e+01
   2.4419010e+06   2.8000000e+01
   2.4419330e+06   2.2000000e+01
   2.4424480e+06   2.2000000e+01
   2.4424910e+06   2.3000000e+01
   2.4841490e+06   2.2000000e+01
   2.4850010e+06   2.2000000e+01
   2.4850440e+06   2.2000000e+01
   2.4850910e+06   2.6000000e+01
   2.4856090e+06   2.8000000e+01
   2.4883420e+06   3.7000000e+01
   2.4893410e+06   2.6000000e+01
   2.5655620e+06   2.3000000e+01
   2.5658310e+06   2.3000000e+01
   2.6190160e+06   2.3000000e+01
   2.6204870e+06   2.4000000e+01
   2.6206730e+06   6.7000000e+01
   2.6212430e+06   2.2000000e+01
   2.6212740e+06   3.3000000e+01
   2.6218590e+06   2.1000000e+01
   2.6219580e+06   3.3000000e+01
   2.6219910e+06   2.2000000e+01
   2.6228700e+06   2.1000000e+01
   2.6237610e+06   2.1000000e+01
   2.6242230e+06   2.2000000e+01
   2.6263460e+06   5.8000000e+01
   2.6716580e+06   2.3000000e+01
   2.6716950e+06   2.3000000e+01
   2.6718000e+06   2.2000000e+01
   2.6718310e+06   2.9000000e+01
   2.6720790e+06   2.7000000e+01
   2.6721610e+06   2.3000000e+01
   2.6722830e+06   2.1000000e+01
   2.6725910e+06   3.0000000e+01
   2.6728070e+06   3.2000000e+01
   2.6728670e+06   2.1000000e+01
   2.6729590e+06   2.1000000e+01
   2.6733090e+06   2.2000000e+01
   2.6733910e+06   3.0000000e+01
   2.6736050e+06   3.0000000e+01
   2.6752190e+06   2.1000000e+01
   2.6772720e+06   2.4000000e+01
   2.6778940e+06   2.3000000e+01
   2.6795230e+06   2.2000000e+01
   2.6798840e+06   2.1000000e+01
   2.7151150e+06   2.1000000e+01
   2.7151720e+06   2.6000000e+01
   2.7154530e+06   2.1000000e+01
   2.7160050e+06   5.6000000e+01
   2.7160850e+06   2.2000000e+01
   2.7173360e+06   2.1000000e+01
   2.7181050e+06   2.3000000e+01
   2.7183910e+06   2.1000000e+01
   2.7191540e+06   2.1000000e+01
   2.7782050e+06   2.1000000e+01
   2.7783050e+06   2.1000000e+01
   2.7787390e+06   2.3000000e+01
   2.7788440e+06   6.1000000e+01
   2.7788760e+06   2.1000000e+01
   2.7789630e+06   2.1000000e+01
   2.7790280e+06   3.0000000e+01
   2.7795330e+06   2.1000000e+01
   2.7797270e+06   2.4000000e+01
   2.7797610e+06   7.0000000e+01
   2.7800560e+06   2.5000000e+01
   2.7800900e+06   2.6000000e+01
   2.7806820e+06   2.6000000e+01
   2.7807590e+06   2.2000000e+01
   2.7810580e+06   5.5000000e+01
   2.7810970e+06   2.2000000e+01
   2.7812120e+06   2.2000000e+01
   2.7812760e+06   2.4000000e+01
   2.7813090e+06   2.1000000e+01
   2.7822350e+06   2.3000000e+01
   2.7824130e+06   3.1000000e+01
   2.7835150e+06   2.7000000e+01
   2.7836740e+06   4.4000000e+01
   2.7848550e+06   2.1000000e+01
   2.7864070e+06   2.7000000e+01
   2.8520460e+06   2.1000000e+01
   2.8529710e+06   2.2000000e+01
   2.8533050e+06   2.2000000e+01
   2.8533370e+06   8.6000000e+01
   2.8535770e+06   2.3000000e+01
   2.8536760e+06   2.4000000e+01
   2.8539640e+06   2.4000000e+01
   2.8540520e+06   2.3000000e+01
   2.8541820e+06   2.3000000e+01
   2.8544090e+06   2.1000000e+01
   2.8549950e+06   2.1000000e+01
   2.8562090e+06   2.1000000e+01
   2.8564770e+06   2.8000000e+01
   2.8565210e+06   2.3000000e+01
   2.8565970e+06   2.2000000e+01
   2.8567070e+06   2.2000000e+01
   2.8567980e+06   4.3000000e+01
   2.8570200e+06   2.2000000e+01
   2.9415560e+06   6.2000000e+01
   2.9416490e+06   2.2000000e+01
   2.9418740e+06   2.1000000e+01
   2.9419770e+06   5.6000000e+01
   2.9423370e+06   2.2000000e+01
   2.9424320e+06   2.6000000e+01
   2.9425050e+06   3.2000000e+01
   2.9427290e+06   3.1000000e+01
   2.9428460e+06   2.2000000e+01
   2.9429030e+06   2.1000000e+01
   2.9429350e+06   2.2000000e+01
   2.9432080e+06   2.3000000e+01
   2.9432900e+06   3.5000000e+01
   2.9433800e+06   2.7000000e+01
   2.9434050e+06   2.1000000e+01
   2.9435770e+06   2.1000000e+01
   2.9437170e+06   2.4000000e+01
   2.9438570e+06   2.5000000e+01
   2.9439260e+06   4.4000000e+01
   2.9440020e+06   6.1000000e+01
   2.9440330e+06   3.5000000e+01
   2.9442370e+06   4.0000000e+01
   2.9442930e+06   3.5000000e+01
   2.9443200e+06   2.4000000e+01
   2.9443900e+06   2.5000000e+01
   2.9444300e+06   2.9000000e+01
   2.9444820e+06   3.2000000e+01
   2.9445680e+06   2.2000000e+01
   2.9446120e+06   2.5000000e+01
   2.9446790e+06   2.6000000e+01
   2.9447090e+06   2.3000000e+01
   2.9448280e+06   3.3000000e+01
   2.9448550e+06   2.5000000e+01
   2.9449710e+06   2.1000000e+01
   2.9450720e+06   2.2000000e+01
   2.9451240e+06   2.6000000e+01
   2.9452320e+06   2.1000000e+01
   2.9452990e+06   2.1000000e+01
   2.9454220e+06   2.1000000e+01
   2.9455300e+06   2.3000000e+01
   2.9456760e+06   2.8000000e+01
   2.9458190e+06   3.3000000e+01
   2.9458550e+06   2.8000000e+01
   2.9459550e+06   4.9000000e+01
   2.9470730e+06   2.1000000e+01
   2.9472020e+06   2.5000000e+01
   2.9477550e+06   2.1000000e+01
   3.0608370e+06   2.5000000e+01
   3.0613260e+06   2.4000000e+01
   3.0617230e+06   2.1000000e+01
   3.0617480e+06   2.5000000e+01
   3.0621560e+06   2.6000000e+01
   3.0623680e+06   2.1000000e+01
   3.0625630e+06   3.1000000e+01
   3.0627440e+06   2.1000000e+01
   3.0627810e+06   3.0000000e+01
   3.0628310e+06   6.6000000e+01
   3.0628670e+06   2.1000000e+01
   3.0629190e+06   3.2000000e+01
   3.0630190e+06   2.2000000e+01
   3.0631360e+06   2.1000000e+01
   3.0631740e+06   4.9000000e+01
   3.0632180e+06   2.5000000e+01
   3.0633680e+06   2.5000000e+01
   3.0635490e+06   2.1000000e+01
   3.0636080e+06   5.0000000e+01
   3.0636540e+06   2.3000000e+01
   3.0637260e+06   2.4000000e+01
   3.0640370e+06   2.1000000e+01
   3.0641040e+06   2.7000000e+01
   3.0646140e+06   5.4000000e+01
   3.0646820e+06   3.0000000e+01
   3.0656080e+06   2.3000000e+01
   3.0656910e+06   2.5000000e+01
   3.0660520e+06   3.8000000e+01
   3.0660860e+06   2.4000000e+01
   3.1468560e+06   2.6000000e+01
   3.1468890e+06   2.3000000e+01
   3.1473760e+06   2.5000000e+01
   3.1474900e+06   3.2000000e+01
   3.1475690e+06   2.7000000e+01
   3.1476930e+06   2.4000000e+01
   3.1478230e+06   2.6000000e+01
   3.1478850e+06   2.1000000e+01
   3.1479990e+06   2.2000000e+01
   3.1481230e+06   2.3000000e+01
   3.1482260e+06   3.2000000e+01
   3.1482670e+06   6.1000000e+01
   3.1483080e+06   2.1000000e+01
   3.1486660e+06   2.2000000e+01
   3.1488000e+06   4.5000000e+01
   3.1492250e+06   5.1000000e+01
   3.1515300e+06   3.5000000e+01
   3.1727030e+06   2.1000000e+01
   3.1728960e+06   2.2000000e+01
   3.1733730e+06   2.5000000e+01
   3.1736110e+06   2.1000000e+01
   3.1738390e+06   3.0000000e+01
   3.1741700e+06   2.3000000e+01
   3.1742720e+06   2.5000000e+01
   3.1743720e+06   2.4000000e+01
   3.1748540e+06   4.0000000e+01
   3.1753270e+06   5.9000000e+01
   3.1759020e+06   2.6000000e+01
   3.1766930e+06   2.6000000e+01
   3.1770000e+06   2.8000000e+01
   3.1771040e+06   2.1000000e+01
   3.1772850e+06   2.8000000e+01
   3.1774880e+06   2.3000000e+01
   3.1781190e+06   2.1000000e+01
   3.1783310e+06   2.1000000e+01
   3.1784960e+06   3.0000000e+01
   3.1785430e+06   3.4000000e+01
   3.1786020e+06   4.3000000e+01
   3.1788820e+06   2.1000000e+01
   3.1792140e+06   2.1000000e+01
   3.1793180e+06   2.3000000e+01
   3.2316300e+06   2.4000000e+01
   3.2317790e+06   2.7000000e+01
   3.2319960e+06   2.2000000e+01
   3.2320740e+06   6.7000000e+01
   3.2321740e+06   2.2000000e+01
   3.2323600e+06   2.2000000e+01
   3.2327660e+06   2.6000000e+01
   3.2327930e+06   2.3000000e+01
   3.2328850e+06   2.1000000e+01
   3.2329520e+06   2.1000000e+01
   3.2330330e+06   3.8000000e+01
   3.2343470e+06   2.3000000e+01
   3.2344790e+06   2.1000000e+01
   3.2348070e+06   2.2000000e+01
   3.2348460e+06   3.1000000e+01
   3.2349660e+06   2.2000000e+01
   3.2349950e+06   2.1000000e+01
   3.2353440e+06   2.1000000e+01
   3.2357240e+06   2.3000000e+01
   3.2364000e+06   4.0000000e+01
   3.2367520e+06   2.3000000e+01
   3.2748330e+06   2.9000000e+01
   3.2751610e+06   2.2000000e+01
   3.2762260e+06   2.4000000e+01
   3.2771680e+06   2.2000000e+01
   3.3012490e+06   2.1000000e+01
   3.3107510e+06   2.1000000e+01
   3.3108570e+06   2.3000000e+01
   3.3118470e+06   2.2000000e+01
   3.3433490e+06   2.1000000e+01
   3.3437160e+06   2.2000000e+01
   3.3442890e+06   2.1000000e+01
   3.3446560e+06   2.1000000e+01
   3.4177220e+06   2.1000000e+01
   3.4224890e+06   2.2000000e+01
   3.4230950e+06   2.2000000e+01
   3.4232240e+06   2.2000000e+01
   3.4234740e+06   2.4000000e+01
   3.4235010e+06   2.1000000e+01
   3.4238300e+06   3.0000000e+01
   3.4252360e+06   2.4000000e+01
   3.4258940e+06   6.0000000e+01
   3.4270170e+06   2.3000000e+01
   3.4290770e+06   3.6000000e+01
   3.4350430e+06   2.3000000e+01
   3.4352660e+06   2.2000000e+01
   3.4353410e+06   2.7000000e+01
   3.4355410e+06   2.3000000e+01
   3.4356410e+06   2.3000000e+01
   3.4364890e+06   2.2000000e+01
   3.4365570e+06   2.1000000e+01
   3.4366630e+06   2.2000000e+01
   3.4368450e+06   3.0000000e+01
   3.4370020e+06   2.2000000e+01
   3.4371000e+06   2.6000000e+01
   3.4372050e+06   2.1000000e+01
   3.4373220e+06   2.2000000e+01
   3.4374290e+06   2.5000000e+01
   3.4376700e+06   4.7000000e+01
   3.4378600e+06   3.1000000e+01
   3.4379150e+06   2.3000000e+01
   3.4383020e+06   3.5000000e+01
   3.4384070e+06   3.2000000e+01
   3.4399400e+06   2.7000000e+01
   3.4401060e+06   2.1000000e+01
   3.4414390e+06   2.1000000e+01
   3.4419790e+06   2.3000000e+01
   3.4424720e+06   2.3000000e+01
   3.4425160e+06   2.3000000e+01
   3.4432340e+06   2.2000000e+01
   3.4463270e+06   2.2000000e+01
   3.5190290e+06   2.2000000e+01
   3.5196380e+06   2.5000000e+01
   3.5202930e+06   2.4000000e+01
   3.5203370e+06   3.7000000e+01
   3.5208840e+06   4.0000000e+01
   3.5209930e+06   2.7000000e+01
   3.5213560e+06   2.2000000e+01
   3.5215100e+06   2.1000000e+01
   3.5215800e+06   2.4000000e+01
   3.5221230e+06   3.4000000e+01
   3.5222080e+06   4.6000000e+01
   3.5222700e+06   2.3000000e+01
   3.5746470e+06   2.3000000e+01
   3.5755630e+06   2.2000000e+01
   3.5756580e+06   2.2000000e+01
   3.5758110e+06   2.2000000e+01
   3.5758750e+06   3.6000000e+01
   3.5759120e+06   2.8000000e+01
   3.5760120e+06   2.8000000e+01
   3.5760480e+06   2.9000000e+01
   3.5762280e+06   3.0000000e+01
   3.5762580e+06   2.5000000e+01
   3.5764350e+06   2.1000000e+01
   3.5765540e+06   2.1000000e+01
   3.5766010e+06   3.4000000e+01
   3.5766770e+06   2.3000000e+01
   3.5767080e+06   2.1000000e+01
   3.5767920e+06   2.4000000e+01
   3.5768360e+06   2.7000000e+01
   3.5769080e+06   2.7000000e+01
   3.5770060e+06   2.7000000e+01
   3.5771480e+06   3.2000000e+01
   3.5775690e+06   2.1000000e+01
   3.5782290e+06   2.1000000e+01
   3.5783690e+06   2.1000000e+01
   3.5790630e+06   3.1000000e+01
   3.5792110e+06   3.3000000e+01
   3.6506710e+06   2.4000000e+01
   3.6520350e+06   2.2000000e+01
   3.6523300e+06   2.2000000e+01
   3.6524710e+06   2.1000000e+01
   3.6527050e+06   2.1000000e+01
   3.7017060e+06   2.4000000e+01
   3.7032900e+06   2.6000000e+01
   3.7047670e+06   3.6000000e+01
   3.7048520e+06   2.1000000e+01
   3.7054120e+06   3.2000000e+01
   3.7056950e+06   2.6000000e+01
   3.7061510e+06   6.2000000e+01
   3.7626660e+06   2.1000000e+01
   3.7626940e+06   2.1000000e+01
   3.7628340e+06   2.1000000e+01
   3.7628700e+06   2.2000000e+01
   3.7632070e+06   2.1000000e+01
   3.7634480e+06   2.6000000e+01
   3.7634970e+06   3.6000000e+01
   3.7635330e+06   2.2000000e+01
   3.7637460e+06   2.3000000e+01
   3.7638210e+06   2.1000000e+01
   3.7638490e+06   2.8000000e+01
   3.7641070e+06   2.6000000e+01
   3.7641550e+06   3.1000000e+01
   3.7642830e+06   2.3000000e+01
   3.7643110e+06   6.6000000e+01
   3.7644000e+06   2.3000000e+01
   3.7644430e+06   3.3000000e+01
   3.7645290e+06   2.2000000e+01
   3.7649040e+06   3.0000000e+01
   3.7649460e+06   2.3000000e+01
   3.7650570e+06   2.1000000e+01
   3.7651830e+06   2.7000000e+01
   3.7652640e+06   2.3000000e+01
   3.7653020e+06   2.3000000e+01
   3.7654770e+06   2.1000000e+01
   3.7655860e+06   3.1000000e+01
   3.7656150e+06   2.2000000e+01
   3.7657140e+06   2.3000000e+01
   3.7658330e+06   2.1000000e+01
   3.7658720e+06   2.2000000e+01
   3.7660880e+06   2.6000000e+01
   3.7674430e+06   2.2000000e+01
   3.7676690e+06   2.2000000e+01
   3.7680810e+06   2.5000000e+01
   3.7683610e+06   2.6000000e+01
   3.7685550e+06   2.8000000e+01
   3.7691280e+06   2.3000000e+01
   3.8408980e+06   2.1000000e+01
   3.8412570e+06   2.3000000e+01
   3.8441920e+06   2.1000000e+01
   3.8459980e+06   2.2000000e+01
   3.8470130e+06   4.1000000e+01
   3.8492300e+06   2.2000000e+01
   3.8516360e+06   3.6000000e+01
   3.9170070e+06   2.1000000e+01
   3.9170650e+06   2.1000000e+01
   3.9174900e+06   2.3000000e+01
   3.9176250e+06   2.5000000e+01
   3.9176980e+06   2.1000000e+01
   3.9177690e+06   6.2000000e+01
   3.9178220e+06   6.9000000e+01
   3.9178470e+06   3.0000000e+01
   3.9180020e+06   2.3000000e+01
   3.9181370e+06   2.5000000e+01
   3.9183310e+06   2.6000000e+01
   3.9184960e+06   2.2000000e+01
   3.9186070e+06   2.2000000e+01
   3.9187580e+06   2.1000000e+01
   3.9188340e+06   4.5000000e+01
   3.9188670e+06   2.1000000e+01
   3.9192040e+06   5.4000000e+01
   3.9193200e+06   2.4000000e+01
   3.9195960e+06   2.5000000e+01
   3.9197570e+06   2.4000000e+01
   3.9203750e+06   2.1000000e+01
   3.9217210e+06   2.1000000e+01
   3.9218710e+06   2.7000000e+01
   3.9219200e+06   2.3000000e+01
   3.9222530e+06   2.1000000e+01
   3.9646770e+06   2.1000000e+01
   3.9648570e+06   2.2000000e+01
   3.9650110e+06   2.6000000e+01
   3.9651960e+06   2.1000000e+01
   3.9652990e+06   2.2000000e+01
   3.9653270e+06   2.1000000e+01
   3.9654260e+06   2.8000000e+01
   3.9654850e+06   7.4000000e+01
   3.9658440e+06   3.7000000e+01
   3.9660720e+06   2.3000000e+01
   3.9661870e+06   2.3000000e+01
   3.9663240e+06   2.2000000e+01
   3.9664250e+06   2.1000000e+01
   3.9665230e+06   2.1000000e+01
   3.9665740e+06   2.3000000e+01
   3.9666450e+06   2.7000000e+01
   3.9667500e+06   2.5000000e+01
   3.9669110e+06   2.2000000e+01
   3.9672160e+06   2.3000000e+01
   3.9673070e+06   3.1000000e+01
   3.9674130e+06   3.6000000e+01
   3.9676020e+06   2.4000000e+01
   3.9689090e+06   2.1000000e+01
   4.0607880e+06   2.8000000e+01
   4.0608620e+06   2.3000000e+01
   4.0615420e+06   2.2000000e+01
   4.0616500e+06   2.4000000e+01
   4.0619190e+06   2.4000000e+01
   4.0619510e+06   2.2000000e+01
   4.0620900e+06   5.7000000e+01
   4.0622740e+06   2.6000000e+01
   4.0624550e+06   6.8000000e+01
   4.0625000e+06   2.4000000e+01
   4.0627820e+06   2.5000000e+01
   4.0629060e+06   4.5000000e+01
   4.0629600e+06   2.2000000e+01
   4.0631350e+06   2.2000000e+01
   4.0631880e+06   4.9000000e+01
   4.0632340e+06   2.2000000e+01
   4.0633460e+06   2.1000000e+01
   4.0634370e+06   2.1000000e+01
   4.0635310e+06   2.1000000e+01
   4.0636480e+06   2.1000000e+01
   4.0638080e+06   2.1000000e+01
   4.0638600e+06   2.7000000e+01
   4.0642790e+06   2.3000000e+01
   4.0643570e+06   2.3000000e+01
   4.0645140e+06   2.2000000e+01
   4.0645530e+06   3.3000000e+01
   4.0646770e+06   2.2000000e+01
   4.0650620e+06   2.1000000e+01
   4.0675740e+06   4.9000000e+01
   4.0676050e+06   2.4000000e+01
   4.1123710e+06   2.3000000e+01
   4.1125050e+06   2.4000000e+01
   4.1129330e+06   3.5000000e+01
   4.1639810e+06   6.0000000e+01
   4.1642360e+06   2.5000000e+01
   4.1642720e+06   2.4000000e+01
   4.1643290e+06   2.4000000e+01
   4.1644460e+06   2.2000000e+01
   4.1645230e+06   2.1000000e+01
   4.1646410e+06   2.9000000e+01
   4.1647120e+06   2.6000000e+01
   4.1648000e+06   6.8000000e+01
   4.1648770e+06   3.7000000e+01
   4.1649580e+06   2.1000000e+01
   4.1650130e+06   3.5000000e+01
   4.1651050e+06   2.4000000e+01
   4.1652130e+06   2.6000000e+01
   4.1652390e+06   2.8000000e+01
   4.1653430e+06   3.9000000e+01
   4.1654460e+06   2.3000000e+01
   4.1655350e+06   2.4000000e+01
   4.1656130e+06   2.3000000e+01
   4.1656400e+06   2.5000000e+01
   4.1657100e+06   3.4000000e+01
   4.1657440e+06   5.2000000e+01
   4.1657770e+06   3.2000000e+01
   4.1659340e+06   2.8000000e+01
   4.1660260e+06   3.2000000e+01
   4.1661110e+06   2.3000000e+01
   4.1661870e+06   2.3000000e+01
   4.1662550e+06   2.5000000e+01
   4.1663250e+06   2.9000000e+01
   4.1663920e+06   3.5000000e+01
   4.1664280e+06   2.5000000e+01
   4.1665420e+06   2.3000000e+01
   4.1666660e+06   2.2000000e+01
   4.1667630e+06   2.4000000e+01
   4.1668830e+06   2.3000000e+01
   4.1669210e+06   2.1000000e+01
   4.1670380e+06   2.2000000e+01
   4.1671670e+06   2.5000000e+01
   4.1672160e+06   2.2000000e+01
   4.1674450e+06   2.7000000e+01
   4.1676360e+06   2.3000000e+01
   4.1677110e+06   2.5000000e+01
   4.1681870e+06   2.8000000e+01
   4.1682410e+06   2.9000000e+01
   4.1682870e+06   2.3000000e+01
   4.1688710e+06   2.5000000e+01
   4.1690960e+06   2.1000000e+01
   4.1693240e+06   2.2000000e+01
   4.1698750e+06   2.4000000e+01
   4.1702800e+06   2.3000000e+01
   4.1703100e+06   2.3000000e+01
   4.1722830e+06   2.3000000e+01
   4.1724480e+06   2.1000000e+01
   4.1726270e+06   2.2000000e+01
   4.1727480e+06   2.4000000e+01
   4.1731920e+06   4.9000000e+01
   4.1732260e+06   2.5000000e+01
   4.1733290e+06   2.1000000e+01
   4.1741240e+06   2.2000000e+01
   4.1752760e+06   2.2000000e+01
   4.1759690e+06   2.2000000e+01
   4.2934890e+06   5.5000000e+01
   4.2942030e+06   3.0000000e+01
   4.2942530e+06   2.1000000e+01
   4.2952430e+06   2.2000000e+01
   4.2970730e+06   2.7000000e+01
   4.2979510e+06   2.8000000e+01
   4.2981780e+06   3.5000000e+01
   4.2982290e+06   2.7000000e+01
   4.2982800e+06   7.3000000e+01
   4.2983180e+06   2.1000000e+01
   4.2985260e+06   2.2000000e+01
   4.2986170e+06   2.2000000e+01
   4.2987210e+06   2.1000000e+01
   4.2989120e+06   3.0000000e+01
   4.2990920e+06   2.2000000e+01
   4.2993940e+06   2.2000000e+01
   4.2994330e+06   2.1000000e+01
   4.2998890e+06   2.1000000e+01
   4.3004500e+06   2.1000000e+01
   4.3006270e+06   2.7000000e+01
   4.3008050e+06   2.1000000e+01
   4.3010350e+06   2.1000000e+01
   4.3012200e+06   2.3000000e+01
   4.3015680e+06   2.5000000e+01
   4.3017590e+06   2.1000000e+01
   4.4014590e+06   2.3000000e+01
   4.4014850e+06   5.4000000e+01
   4.4015330e+06   2.8000000e+01
   4.4016210e+06   2.3000000e+01
   4.4021500e+06   2.4000000e+01
   4.4021780e+06   2.1000000e+01
   4.4030320e+06   2.5000000e+01
   4.4068370e+06   2.2000000e+01
   4.4069310e+06   2.6000000e+01
   4.4070380e+06   2.3000000e+01
   4.4071740e+06   2.1000000e+01
   4.4080870e+06   3.1000000e+01
   4.4081250e+06   2.9000000e+01
   4.4082200e+06   6.8000000e+01
   4.4083020e+06   2.1000000e+01
   4.4085440e+06   2.1000000e+01
   4.4090200e+06   2.6000000e+01
   4.4095700e+06   2.2000000e+01
   4.4106720e+06   5.6000000e+01
   4.4643250e+06   2.2000000e+01
   4.4644760e+06   5.2000000e+01
   4.4647880e+06   2.4000000e+01
   4.4651350e+06   2.8000000e+01
   4.4655510e+06   7.7000000e+01
   4.4657090e+06   3.0000000e+01
   4.4657630e+06   2.1000000e+01
   4.5196130e+06   2.1000000e+01
   4.5201000e+06   2.1000000e+01
   4.5206020e+06   2.3000000e+01
   4.5207130e+06   2.1000000e+01
   4.5209320e+06   2.7000000e+01
   4.5215670e+06   2.1000000e+01
   4.5217150e+06   2.1000000e+01
   4.5217840e+06   3.2000000e+01
   4.5218180e+06   2.2000000e+01
   4.5220630e+06   3.5000000e+01
   4.5222000e+06   2.2000000e+01
   4.5222730e+06   2.3000000e+01
   4.5223810e+06   2.1000000e+01
   4.5224390e+06   2.3000000e+01
   4.5227220e+06   2.2000000e+01
   4.5227660e+06   2.2000000e+01
   4.5228530e+06   7.3000000e+01
   4.5228780e+06   3.5000000e+01
   4.5229420e+06   2.1000000e+01
   4.5230170e+06   2.7000000e+01
   4.5232800e+06   3.4000000e+01
   4.5233590e+06   4.2000000e+01
   4.5236740e+06   2.4000000e+01
   4.5237770e+06   2.2000000e+01
   4.5238630e+06   2.1000000e+01
   4.5239780e+06   2.4000000e+01
   4.5247300e+06   2.4000000e+01
   4.5249060e+06   2.8000000e+01
   4.5252220e+06   3.9000000e+01
   4.5252820e+06   2.8000000e+01
   4.5618140e+06   2.4000000e+01
   4.5622770e+06   2.2000000e+01
   4.6273790e+06   2.2000000e+01
   4.6286940e+06   2.1000000e+01
   4.6289480e+06   2.1000000e+01
   4.6296990e+06   2.2000000e+01
   4.6298120e+06   2.2000000e+01
   4.6298840e+06   2.4000000e+01
   4.6299610e+06   6.7000000e+01
   4.6300580e+06   2.1000000e+01
   4.6304120e+06   2.4000000e+01
   4.6305790e+06   2.7000000e+01
   4.6306760e+06   5.1000000e+01
   4.6307080e+06   2.7000000e+01
   4.6310330e+06   5.0000000e+01
   4.6312390e+06   2.3000000e+01
   4.6312700e+06   2.1000000e+01
   4.6350580e+06   2.2000000e+01
   4.6350990e+06   6.8000000e+01
   4.6368490e+06   2.3000000e+01
   4.7031470e+06   2.5000000e+01
   4.7497020e+06   3.3000000e+01
   4.7499450e+06   2.2000000e+01
   4.7501630e+06   2.3000000e+01
   4.7502350e+06   2.4000000e+01
   4.7502820e+06   7.7000000e+01
   4.7507290e+06   2.3000000e+01
   4.7513990e+06   2.4000000e+01
   4.7517410e+06   2.3000000e+01
   4.7520420e+06   2.3000000e+01
   4.7525280e+06   2.2000000e+01
   4.7528950e+06   5.4000000e+01
   4.7530040e+06   2.3000000e+01
   4.7531040e+06   2.4000000e+01
   4.7537300e+06   2.3000000e+01
   4.7541150e+06   3.2000000e+01
   4.7543190e+06   2.1000000e+01
   4.7562120e+06   3.4000000e+01
   4.8188590e+06   2.7000000e+01
   4.8191230e+06   2.1000000e+01
   4.8194200e+06   2.2000000e+01
   4.8196100e+06   2.1000000e+01
   4.8196500e+06   2.1000000e+01
   4.8197690e+06   2.2000000e+01
   4.8198470e+06   6.2000000e+01
   4.8201010e+06   2.4000000e+01
   4.8201510e+06   2.2000000e+01
   4.8202500e+06   2.1000000e+01
   4.8202930e+06   2.3000000e+01
   4.8206320e+06   2.1000000e+01
   4.8207310e+06   2.4000000e+01
   4.8209580e+06   2.2000000e+01
   4.8220880e+06   2.3000000e+01
   4.8225020e+06   2.2000000e+01
   4.8227720e+06   2.1000000e+01
   4.8230620e+06   2.2000000e+01
   4.8231330e+06   2.1000000e+01
   4.8231600e+06   2.1000000e+01
   4.8232790e+06   5.4000000e+01
   4.8234010e+06   3.8000000e+01
   4.8236210e+06   2.1000000e+01
   4.8237190e+06   2.4000000e+01
   4.8238750e+06   2.4000000e+01
   4.8240540e+06   2.5000000e+01
   4.8241240e+06   2.4000000e+01
   4.8243140e+06   2.2000000e+01
   4.8243470e+06   2.3000000e+01
   4.8243770e+06   6.7000000e+01
   4.8244640e+06   4.5000000e+01
   4.8245380e+06   4.6000000e+01
   4.8247250e+06   3.8000000e+01
   4.9065090e+06   2.4000000e+01
   4.9067050e+06   2.7000000e+01
   4.9067330e+06   7.0000000e+01
   4.9068050e+06   2.2000000e+01
   4.9069230e+06   2.5000000e+01
   4.9075630e+06   3.2000000e+01
   4.9079230e+06   2.1000000e+01
   4.9079920e+06   7.2000000e+01
   4.9081700e+06   2.3000000e+01
   4.9084440e+06   2.8000000e+01
   4.9085090e+06   2.7000000e+01
   4.9089570e+06   3.6000000e+01
   4.9597560e+06   2.1000000e+01
   4.9604910e+06   5.7000000e+01
   4.9605360e+06   2.3000000e+01
   4.9608270e+06   2.3000000e+01
   4.9621110e+06   2.4000000e+01
   4.9622860e+06   5.8000000e+01
   4.9623170e+06   2.3000000e+01
   4.9725680e+06   2.4000000e+01
   4.9728710e+06   2.1000000e+01
   4.9736420e+06   2.2000000e+01
   4.9738740e+06   4.6000000e+01
   4.9741030e+06   2.1000000e+01
   4.9741400e+06   2.3000000e+01
   4.9741810e+06   2.3000000e+01
   4.9742930e+06   2.1000000e+01
   4.9743660e+06   2.9000000e+01
   4.9744040e+06   2.3000000e+01
   4.9749350e+06   2.1000000e+01
   4.9749860e+06   2.1000000e+01
   4.9752540e+06   6.1000000e+01
   4.9753350e+06   2.3000000e+01
   4.9754590e+06   2.3000000e+01
   4.9763000e+06   4.0000000e+01
   4.9766510e+06   2.8000000e+01
   4.9769850e+06   2.2000000e+01
   4.9772530e+06   6.3000000e+01
   5.0201030e+06   2.2000000e+01
   5.0221350e+06   2.3000000e+01
   5.0222500e+06   2.2000000e+01
   5.0226450e+06   2.1000000e+01
   5.0228580e+06   5.9000000e+01
   5.0230240e+06   2.1000000e+01
   5.0230550e+06   4.3000000e+01
   5.0231030e+06   2.1000000e+01
   5.0231530e+06   2.2000000e+01
   5.0232790e+06   2.1000000e+01
   5.0260720e+06   3.1000000e+01
   5.0439990e+06   2.2000000e+01
   5.0441510e+06   2.7000000e+01
   5.0444690e+06   2.1000000e+01
   5.0452990e+06   2.4000000e+01
   5.0453500e+06   4.5000000e+01
   5.0745050e+06   2.1000000e+01
   5.0746280e+06   2.4000000e+01
   5.0746840e+06   2.7000000e+01
   5.0749000e+06   5.5000000e+01
   5.0753090e+06   2.2000000e+01
   5.0753500e+06   2.3000000e+01
   5.0764890e+06   2.7000000e+01
   5.0765870e+06   2.3000000e+01
   5.0767160e+06   5.6000000e+01
   5.0767460e+06   3.0000000e+01
   5.0768030e+06   2.4000000e+01
   5.0771180e+06   2.1000000e+01
   5.0772160e+06   2.5000000e+01
   5.0773350e+06   2.6000000e+01
   5.0774110e+06   2.4000000e+01
   5.0775380e+06   2.1000000e+01
   5.0776080e+06   2.2000000e+01
   5.0777590e+06   2.1000000e+01
   5.0780090e+06   2.7000000e+01
   5.0781390e+06   4.5000000e+01
   5.0782100e+06   3.5000000e+01
   5.0783150e+06   2.2000000e+01
   5.0784120e+06   2.3000000e+01
   5.0784620e+06   2.1000000e+01
   5.0786090e+06   2.2000000e+01
   5.0786630e+06   2.8000000e+01
   5.0788560e+06   2.5000000e+01
   5.0790020e+06   2.6000000e+01
   5.0790500e+06   2.2000000e+01
   5.0791830e+06   2.3000000e+01
   5.0793290e+06   2.7000000e+01
   5.0793900e+06   3.9000000e+01
   5.0794180e+06   2.6000000e+01
   5.0795720e+06   2.1000000e+01
   5.0796990e+06   2.3000000e+01
   5.0797430e+06   2.3000000e+01
   5.0797930e+06   2.2000000e+01
   5.0800020e+06   2.2000000e+01
   5.0800670e+06   2.4000000e+01
   5.0802010e+06   2.1000000e+01
   5.0806760e+06   2.2000000e+01
   5.0807540e+06   2.4000000e+01
   5.0810200e+06   2.5000000e+01
   5.0812890e+06   2.5000000e+01
   5.0813450e+06   2.3000000e+01
   5.0814430e+06   2.1000000e+01
   5.0815840e+06   2.3000000e+01
   5.0819970e+06   2.1000000e+01
   5.2138850e+06   2.3000000e+01
   5.2139290e+06   2.4000000e+01
   5.2140920e+06   2.2000000e+01
   5.2142880e+06   2.1000000e+01
   5.2144580e+06   2.1000000e+01
   5.2145410e+06   6.2000000e+01
   5.2145710e+06   4.0000000e+01
   5.2147430e+06   2.1000000e+01
   5.2148680e+06   2.3000000e+01
   5.2149920e+06   3.4000000e+01
   5.2151080e+06   5.6000000e+01
   5.2151640e+06   4.2000000e+01
   5.2152390e+06   2.9000000e+01
   5.2153320e+06   2.1000000e+01
   5.2154540e+06   4.3000000e+01
   5.2154810e+06   4.9000000e+01
   5.2155550e+06   3.0000000e+01
   5.2156630e+06   2.4000000e+01
   5.2157120e+06   3.3000000e+01
   5.2157910e+06   4.3000000e+01
   5.2158680e+06   2.9000000e+01
   5.2159380e+06   2.2000000e+01
   5.2160200e+06   2.5000000e+01
   5.2160620e+06   2.2000000e+01
   5.2161190e+06   2.1000000e+01
   5.2161520e+06   2.7000000e+01
   5.2162840e+06   2.2000000e+01
   5.2163180e+06   2.7000000e+01
   5.2163760e+06   2.2000000e+01
   5.2164660e+06   2.1000000e+01
   5.2164930e+06   2.5000000e+01
   5.2165210e+06   3.3000000e+01
   5.2166010e+06   2.6000000e+01
   5.2166980e+06   2.2000000e+01
   5.2169640e+06   2.2000000e+01
   5.2170570e+06   2.6000000e+01
   5.2173210e+06   2.3000000e+01
   5.2174050e+06   2.1000000e+01
   5.2176310e+06   2.1000000e+01
   5.2178900e+06   2.6000000e+01
   5.2182820e+06   4.0000000e+01
   5.2183920e+06   2.6000000e+01
   5.2186210e+06   2.2000000e+01
   5.2186620e+06   2.3000000e+01
   5.2187900e+06   2.5000000e+01
   5.2188830e+06   2.2000000e+01
   5.2191860e+06   2.4000000e+01
   5.2193620e+06   2.4000000e+01
   5.2196060e+06   2.1000000e+01
   5.2199180e+06   2.5000000e+01
   5.2199800e+06   2.6000000e+01
   5.2204480e+06   3.4000000e+01
   5.2206960e+06   2.7000000e+01
   5.3219150e+06   2.2000000e+01
   5.3219560e+06   2.3000000e+01
   5.3220040e+06   2.8000000e+01
   5.3220590e+06   2.8000000e+01
   5.3222200e+06   6.7000000e+01
   5.3222620e+06   2.7000000e+01
   5.3223960e+06   2.5000000e+01
   5.3225050e+06   2.8000000e+01
   5.3226300e+06   2.9000000e+01
   5.3227590e+06   3.2000000e+01
   5.3232910e+06   2.3000000e+01
   5.3292900e+06   2.1000000e+01
   5.3341100e+06   2.3000000e+01
   5.3344080e+06   2.2000000e+01
   5.3347040e+06   2.2000000e+01
   5.4221550e+06   2.2000000e+01
   5.4223090e+06   2.7000000e+01
   5.4234360e+06   2.4000000e+01
   5.4249560e+06   2.5000000e+01
   5.4254210e+06   2.2000000e+01
   5.4256590e+06   2.6000000e+01
   5.4257890e+06   2.2000000e+01
   5.4258800e+06   2.4000000e+01
   5.4259630e+06   3.9000000e+01
   5.4260890e+06   2.2000000e+01
   5.4261530e+06   7.0000000e+01
   5.4263000e+06   2.1000000e+01
   5.4265740e+06   2.1000000e+01
   5.4266260e+06   2.6000000e+01
   5.4269500e+06   2.8000000e+01
   5.4271840e+06   2.6000000e+01
   5.4276710e+06   3.6000000e+01
   5.4277440e+06   3.2000000e+01
   5.4278170e+06   2.5000000e+01
   5.4278440e+06   4.0000000e+01
   5.4281680e+06   2.7000000e+01
   5.4290690e+06   5.4000000e+01
   5.4718140e+06   2.2000000e+01
   5.4753090e+06   2.3000000e+01
   5.4754540e+06   2.7000000e+01
   5.4754970e+06   2.7000000e+01
   5.4755460e+06   2.3000000e+01
   5.4759770e+06   2.1000000e+01
   5.4760340e+06   4.6000000e+01
   5.5597320e+06   2.1000000e+01
   5.5600740e+06   2.3000000e+01
   5.5605750e+06   2.1000000e+01
   5.5607200e+06   2.4000000e+01
   5.5609920e+06   3.1000000e+01
   5.5612980e+06   3.0000000e+01
   5.5614130e+06   2.1000000e+01
   5.5614390e+06   2.7000000e+01
   5.5615040e+06   2.1000000e+01
   5.5615880e+06   2.2000000e+01
   5.5616770e+06   3.2000000e+01
   5.5617460e+06   2.4000000e+01
   5.5618470e+06   6.8000000e+01
   5.5619000e+06   3.9000000e+01
   5.5620460e+06   2.1000000e+01
   5.5620720e+06   2.6000000e+01
   5.5621320e+06   3.1000000e+01
   5.5622230e+06   2.1000000e+01
   5.5622570e+06   2.1000000e+01
   5.5623760e+06   2.1000000e+01
   5.5626400e+06   2.1000000e+01
   5.5628220e+06   6.2000000e+01
   5.5628550e+06   2.6000000e+01
   5.5629430e+06   2.3000000e+01
   5.5630380e+06   3.4000000e+01
   5.5635150e+06   2.2000000e+01
   5.5635860e+06   2.1000000e+01
   5.5639700e+06   2.8000000e+01
   5.5640400e+06   3.2000000e+01
   5.5641500e+06   6.1000000e+01
   5.5642040e+06   4.6000000e+01
   5.5643310e+06   2.2000000e+01
   5.5644790e+06   2.3000000e+01
   5.5648640e+06   2.5000000e+01
   5.6210120e+06   3.1000000e+01
   5.6210420e+06   2.1000000e+01
   5.6217590e+06   3.5000000e+01
   5.6222690e+06   4.2000000e+01
   5.6223300e+06   6.5000000e+01
   5.6223770e+06   2.5000000e+01
   5.6224050e+06   2.4000000e+01
   5.6225220e+06   2.5000000e+01
   5.6230020e+06   2.6000000e+01
   5.6230360e+06   2.9000000e+01
   5.7141530e+06   2.8000000e+01
   5.7148630e+06   6.4000000e+01
   5.7149800e+06   3.6000000e+01
   5.7150740e+06   2.2000000e+01
   5.7154260e+06   2.2000000e+01
   5.7155970e+06   3.0000000e+01
   5.7156830e+06   3.7000000e+01
   5.7157580e+06   5.2000000e+01
   5.7157830e+06   2.9000000e+01
   5.7159550e+06   2.2000000e+01
   5.7163210e+06   7.4000000e+01
   5.7163810e+06   2.2000000e+01
   5.7166090e+06   3.2000000e+01
   5.7167840e+06   3.0000000e+01
   5.7170570e+06   2.1000000e+01
   5.7172980e+06   2.1000000e+01
   5.7174630e+06   2.4000000e+01
   5.7175360e+06   2.1000000e+01
   5.7181040e+06   2.1000000e+01
   5.7184270e+06   2.5000000e+01
   5.7185310e+06   2.8000000e+01
   5.7185770e+06   3.4000000e+01
   5.7186100e+06   2.3000000e+01
   5.7187350e+06   2.3000000e+01
   5.7188620e+06   2.3000000e+01
   5.7189320e+06   2.1000000e+01
   5.7193830e+06   2.2000000e+01
   5.7195290e+06   2.3000000e+01
   5.7196230e+06   2.2000000e+01
   5.7197120e+06   2.4000000e+01
   5.7199370e+06   3.0000000e+01
   5.7201130e+06   2.2000000e+01
   5.7202100e+06   2.7000000e+01
   5.7212810e+06   2.9000000e+01
   5.7224220e+06   2.1000000e+01
   5.7990260e+06   2.2000000e+01
   5.7992580e+06   2.5000000e+01
   5.7993440e+06   2.4000000e+01
   5.7996090e+06   2.1000000e+01
   5.7997770e+06   3.0000000e+01
   5.8002420e+06   2.1000000e+01
   5.8003330e+06   2.1000000e+01
   5.8005930e+06   2.1000000e+01
   5.8018590e+06   2.1000000e+01
   5.8034270e+06   2.2000000e+01
   5.8035580e+06   4.8000000e+01
   5.8037630e+06   2.2000000e+01
   5.8039940e+06   2.1000000e+01
   5.8045020e+06   2.2000000e+01
   5.8047220e+06   2.1000000e+01
   5.8048200e+06   2.1000000e+01
   5.8050010e+06   2.5000000e+01
   5.8052880e+06   3.2000000e+01
   5.8063410e+06   3.4000000e+01
   5.8063820e+06   2.2000000e+01
   5.8362830e+06   2.2000000e+01
   5.8365260e+06   2.3000000e+01
   5.8368230e+06   2.1000000e+01
   5.8382200e+06   2.5000000e+01
   5.8818170e+06   2.1000000e+01
   5.8821970e+06   2.9000000e+01
   5.8822590e+06   2.4000000e+01
   5.8828320e+06   2.3000000e+01
   5.8832350e+06   2.3000000e+01
   5.8832950e+06   2.5000000e+01
   5.8834360e+06   2.2000000e+01
   5.8834930e+06   2.6000000e+01
   5.8837540e+06   6.0000000e+01
   5.8842850e+06   2.2000000e+01
   5.8843650e+06   2.9000000e+01
   5.8853050e+06   2.7000000e+01
   5.8856270e+06   2.7000000e+01
   5.8857180e+06   5.3000000e+01
   5.8863320e+06   3.0000000e+01
   5.8868490e+06   2.7000000e+01
   5.8875620e+06   2.2000000e+01
   5.8876170e+06   2.5000000e+01
   5.8877550e+06   2.1000000e+01
   5.8878030e+06   2.6000000e+01
   5.8879010e+06   4.0000000e+01
   5.8882420e+06   2.1000000e+01
   5.8888780e+06   2.6000000e+01
   5.8889680e+06   5.5000000e+01
   5.9342780e+06   2.3000000e+01
   5.9352570e+06   2.1000000e+01
   5.9354790e+06   2.1000000e+01
   5.9355700e+06   2.2000000e+01
   5.9356120e+06   2.1000000e+01
   5.9377780e+06   2.1000000e+01
   5.9381490e+06   2.6000000e+01
   5.9382420e+06   2.7000000e+01
   5.9384230e+06   7.2000000e+01
   5.9390150e+06   2.4000000e+01
   5.9391340e+06   2.2000000e+01
   5.9473930e+06   2.1000000e+01
   6.0103900e+06   3.0000000e+01
   6.0104420e+06   2.5000000e+01
   6.0112370e+06   6.9000000e+01
   6.0113040e+06   6.3000000e+01
   6.0113350e+06   3.0000000e+01
   6.0589180e+06   2.2000000e+01
   6.0590990e+06   2.2000000e+01
   6.0594570e+06   2.6000000e+01
   6.0612310e+06   2.6000000e+01
   6.0616560e+06   2.2000000e+01
   6.0616830e+06   2.6000000e+01
   6.0627050e+06   2.2000000e+01
   6.0628150e+06   2.3000000e+01
   6.0628680e+06   2.1000000e+01
   6.0629380e+06   2.1000000e+01
   6.0630040e+06   2.1000000e+01
   6.0636730e+06   2.2000000e+01
   6.0640270e+06   2.2000000e+01
   6.0642280e+06   2.6000000e+01
   6.0642600e+06   3.1000000e+01
   6.0655370e+06   3.7000000e+01
   6.1492370e+06   2.1000000e+01
   6.1495970e+06   2.9000000e+01
   6.1496390e+06   3.1000000e+01
   6.1497580e+06   3.0000000e+01
   6.1498720e+06   6.8000000e+01
   6.1500780e+06   2.5000000e+01
   6.1503530e+06   2.2000000e+01
   6.1504810e+06   2.5000000e+01
   6.1508100e+06   4.2000000e+01
   6.1508420e+06   2.1000000e+01
   6.1511650e+06   2.7000000e+01
   6.1511950e+06   2.5000000e+01
   6.1512650e+06   3.1000000e+01
   6.1513060e+06   2.1000000e+01
   6.1513630e+06   2.2000000e+01
   6.1514560e+06   2.9000000e+01
   6.1515000e+06   2.2000000e+01
   6.1516970e+06   2.1000000e+01
   6.1517450e+06   2.4000000e+01
   6.1517950e+06   5.5000000e+01
   6.1518290e+06   2.3000000e+01
   6.1518990e+06   2.5000000e+01
   6.1526770e+06   2.8000000e+01
   6.1527520e+06   2.1000000e+01
   6.1535400e+06   2.2000000e+01
   6.1546230e+06   5.0000000e+01
   6.1560540e+06   2.7000000e+01
   6.2117120e+06   2.2000000e+01
   6.2309060e+06   2.1000000e+01
   6.2310540e+06   2.4000000e+01
   6.2311000e+06   2.9000000e+01
   6.2312340e+06   7.7000000e+01
   6.2312700e+06   3.6000000e+01
   6.2312950e+06   3.3000000e+01
   6.2313580e+06   2.5000000e+01
   6.2313870e+06   2.3000000e+01
   6.2315620e+06   2.1000000e+01
   6.2316320e+06   2.4000000e+01
   6.2317100e+06   2.6000000e+01
   6.2318630e+06   2.8000000e+01
   6.2319380e+06   2.2000000e+01
   6.2320040e+06   2.4000000e+01
   6.2320390e+06   2.2000000e+01
   6.2321250e+06   2.1000000e+01
   6.2321640e+06   2.2000000e+01
   6.2322550e+06   2.6000000e+01
   6.2323060e+06   2.8000000e+01
   6.2323560e+06   5.6000000e+01
   6.2326740e+06   5.0000000e+01
   6.2327420e+06   2.1000000e+01
   6.2328220e+06   2.2000000e+01
   6.2329470e+06   2.1000000e+01
   6.2331990e+06   3.4000000e+01
   6.2334520e+06   2.1000000e+01
   6.2337360e+06   2.2000000e+01
   6.2341880e+06   2.1000000e+01
   6.2342900e+06   2.7000000e+01
   6.2343520e+06   6.5000000e+01
   6.2358030e+06   3.0000000e+01
   6.2359420e+06   2.5000000e+01
   6.2359870e+06   3.4000000e+01
   6.2980020e+06   3.1000000e+01
   6.2987900e+06   2.3000000e+01
   6.2992530e+06   5.0000000e+01
   6.2993730e+06   2.2000000e+01
   6.2995370e+06   2.1000000e+01
   6.3002510e+06   2.9000000e+01
   6.3005320e+06   2.1000000e+01
   6.3406560e+06   2.1000000e+01
   6.3418470e+06   2.5000000e+01
   6.3420710e+06   2.5000000e+01
   6.3436190e+06   5.0000000e+01
   6.3436540e+06   2.1000000e+01
   6.3437070e+06   2.3000000e+01
   6.3437880e+06   2.1000000e+01
   6.3441140e+06   2.1000000e+01
   6.3443990e+06   2.2000000e+01
   6.3447030e+06   2.4000000e+01
   6.3448300e+06   2.2000000e+01
   6.3449510e+06   3.7000000e+01
   6.3450930e+06   2.1000000e+01
   6.3451520e+06   2.2000000e+01
   6.3458450e+06   3.3000000e+01
   6.3459470e+06   2.1000000e+01
   6.3460760e+06   2.3000000e+01
   6.3472870e+06   2.2000000e+01
   6.3481310e+06   3.2000000e+01
   6.3498120e+06   3.2000000e+01
   6.3962180e+06   2.1000000e+01
   6.3993840e+06   2.3000000e+01
   6.3998910e+06   2.1000000e+01
   6.4965750e+06   2.8000000e+01
   6.4967120e+06   2.3000000e+01
   6.4970220e+06   6.7000000e+01
   6.4971430e+06   2.3000000e+01
   6.4972230e+06   4.5000000e+01
   6.4978580e+06   2.4000000e+01
   6.4980570e+06   2.7000000e+01
   6.4981300e+06   4.8000000e+01
   6.4984710e+06   5.2000000e+01
   6.4985350e+06   2.5000000e+01
   6.4986850e+06   2.5000000e+01
   6.4987530e+06   2.7000000e+01
   6.4987970e+06   3.1000000e+01
   6.4990970e+06   5.8000000e+01
   6.4991220e+06   2.7000000e+01
   6.4991910e+06   2.4000000e+01
   6.4992350e+06   3.0000000e+01
   6.4993420e+06   2.3000000e+01
   6.4994330e+06   3.3000000e+01
   6.4994650e+06   2.9000000e+01
   6.4995600e+06   2.1000000e+01
   6.4996040e+06   3.0000000e+01
   6.4997190e+06   3.0000000e+01
   6.4998070e+06   2.5000000e+01
   6.4999570e+06   2.6000000e+01
   6.4999970e+06   6.7000000e+01
   6.5001340e+06   6.1000000e+01
   6.5002220e+06   2.3000000e+01
   6.5003460e+06   2.3000000e+01
   6.5005890e+06   2.4000000e+01
   6.5006410e+06   3.1000000e+01
   6.5009590e+06   2.8000000e+01
   6.5010510e+06   2.8000000e+01
   6.5010890e+06   5.5000000e+01
   6.5011220e+06   2.9000000e+01
   6.5011930e+06   2.9000000e+01
   6.5012680e+06   2.5000000e+01
   6.5013440e+06   3.4000000e+01
   6.5015280e+06   2.2000000e+01
   6.5016500e+06   2.4000000e+01
   6.5017830e+06   2.2000000e+01
   6.5018400e+06   2.6000000e+01
   6.5019590e+06   2.2000000e+01
   6.5021060e+06   2.5000000e+01
   6.5021730e+06   2.1000000e+01
   6.5022730e+06   2.4000000e+01
   6.5023340e+06   2.3000000e+01
   6.5023900e+06   2.6000000e+01
   6.5026450e+06   2.1000000e+01
   6.5029280e+06   2.4000000e+01
   6.5031330e+06   2.4000000e+01
   6.5034730e+06   2.4000000e+01
   6.5036610e+06   2.2000000e+01
   6.5039550e+06   6.3000000e+01
   6.5040800e+06   2.2000000e+01
   6.5991940e+06   2.1000000e+01
   6.5993270e+06   2.9000000e+01
   6.5993540e+06   2.8000000e+01
   6.5995730e+06   2.4000000e+01
   6.5997350e+06   2.4000000e+01
   6.5997900e+06   3.0000000e+01
   6.5999660e+06   3.3000000e+01
   6.6000460e+06   2.7000000e+01
   6.6001200e+06   2.4000000e+01
   6.6001800e+06   2.2000000e+01
   6.6002760e+06   2.8000000e+01
   6.6003090e+06   2.5000000e+01
   6.6003420e+06   2.6000000e+01
   6.6004000e+06   2.5000000e+01
   6.6005340e+06   6.8000000e+01
   6.6005820e+06   4.2000000e+01
   6.6006490e+06   2.3000000e+01
   6.6007030e+06   2.3000000e+01
   6.6008990e+06   2.3000000e+01
   6.6012810e+06   2.1000000e+01
   6.6014220e+06   2.5000000e+01
   6.6015370e+06   2.1000000e+01
   6.6024350e+06   3.5000000e+01
   6.6025320e+06   2.4000000e+01
   6.6855510e+06   2.9000000e+01
   6.6859340e+06   2.4000000e+01
   6.6873840e+06   2.1000000e+01
   6.8227010e+06   2.8000000e+01
   6.8237790e+06   2.6000000e+01
   6.8254390e+06   2.1000000e+01
   6.8263860e+06   2.5000000e+01
   6.8266960e+06   2.1000000e+01
   6.8267350e+06   2.1000000e+01
   6.8268870e+06   2.1000000e+01
   6.8269580e+06   2.8000000e+01
   6.8272150e+06   2.4000000e+01
   6.8274360e+06   2.1000000e+01
   6.8276530e+06   2.8000000e+01
   6.8277270e+06   3.6000000e+01
   6.8277710e+06   2.1000000e+01
   6.8278500e+06   2.1000000e+01
   6.8279850e+06   2.4000000e+01
   6.8280700e+06   2.3000000e+01
   6.8281620e+06   2.5000000e+01
   6.8283000e+06   2.6000000e+01
   6.8283950e+06   2.7000000e+01
   6.8284680e+06   7.0000000e+01
   6.8286060e+06   2.1000000e+01
   6.8287600e+06   2.6000000e+01
   6.8288190e+06   2.4000000e+01
   6.8291690e+06   2.2000000e+01
   6.8292500e+06   2.5000000e+01
   6.8292770e+06   2.9000000e+01
   6.8294850e+06   2.2000000e+01
   6.8296010e+06   2.1000000e+01
   6.8297270e+06   2.4000000e+01
   6.8298510e+06   2.1000000e+01
   6.8299130e+06   2.8000000e+01
   6.8299470e+06   2.2000000e+01
   6.8299870e+06   2.3000000e+01
   6.8301270e+06   2.5000000e+01
   6.8301660e+06   2.5000000e+01
   6.8302150e+06   5.3000000e+01
   6.8303000e+06   2.1000000e+01
   6.8303310e+06   2.8000000e+01
   6.8304160e+06   2.1000000e+01
   6.8304970e+06   2.3000000e+01
   6.8306710e+06   2.3000000e+01
   6.8310070e+06   2.2000000e+01
   6.8310820e+06   2.1000000e+01
   6.8320530e+06   6.4000000e+01
   6.9059960e+06   2.1000000e+01
   6.9063420e+06   2.4000000e+01
   6.9067120e+06   2.2000000e+01
   6.9067660e+06   2.1000000e+01
   6.9070150e+06   2.2000000e+01
   6.9071080e+06   3.0000000e+01
   6.9071370e+06   2.1000000e+01
   6.9072270e+06   2.3000000e+01
   6.9073360e+06   2.2000000e+01
   6.9074270e+06   7.0000000e+01
   6.9074520e+06   6.2000000e+01
   6.9074920e+06   2.3000000e+01
   6.9075380e+06   2.2000000e+01
   6.9076470e+06   2.8000000e+01
   6.9077420e+06   2.1000000e+01
   6.9078280e+06   2.1000000e+01
   6.9078540e+06   2.5000000e+01
   6.9079190e+06   2.6000000e+01
   6.9079780e+06   2.5000000e+01
   6.9080350e+06   3.5000000e+01
   6.9081150e+06   2.1000000e+01
   6.9082010e+06   2.1000000e+01
   6.9082890e+06   2.3000000e+01
   6.9083290e+06   9.0000000e+01
   6.9083630e+06   2.2000000e+01
   6.9084460e+06   2.4000000e+01
   6.9085760e+06   2.3000000e+01
   6.9086080e+06   2.8000000e+01
   6.9087130e+06   2.3000000e+01
   6.9088090e+06   2.7000000e+01
   6.9088420e+06   2.3000000e+01
   6.9089390e+06   2.8000000e+01
   6.9089690e+06   3.0000000e+01
   6.9090080e+06   2.6000000e+01
   6.9090350e+06   3.0000000e+01
   6.9092220e+06   3.0000000e+01
   6.9092890e+06   2.3000000e+01
   6.9093900e+06   3.0000000e+01
   6.9094640e+06   2.1000000e+01
   6.9095230e+06   2.6000000e+01
   6.9095510e+06   3.4000000e+01
   6.9096470e+06   2.9000000e+01
   6.9097070e+06   2.1000000e+01
   6.9098080e+06   2.5000000e+01
   6.9099010e+06   2.2000000e+01
   6.9099330e+06   2.2000000e+01
   6.9099890e+06   3.7000000e+01
   6.9100840e+06   2.1000000e+01
   6.9101790e+06   2.4000000e+01
   6.9102220e+06   2.4000000e+01
   6.9102510e+06   4.2000000e+01
   6.9103330e+06   2.6000000e+01
   6.9103670e+06   2.3000000e+01
   6.9105050e+06   3.0000000e+01
   6.9105800e+06   2.3000000e+01
   6.9106250e+06   5.1000000e+01
   6.9106910e+06   2.2000000e+01
   6.9107860e+06   2.7000000e+01
   6.9108320e+06   2.1000000e+01
   6.9109380e+06   2.2000000e+01
   6.9109940e+06   2.2000000e+01
   6.9110780e+06   2.5000000e+01
   6.9112670e+06   2.1000000e+01
   6.9113810e+06   2.3000000e+01
   6.9115070e+06   2.2000000e+01
   6.9117320e+06   2.7000000e+01
   6.9118500e+06   2.1000000e+01
   6.9119180e+06   2.2000000e+01
   6.9121430e+06   2.2000000e+01
   6.9128760e+06   2.7000000e+01
   6.9137230e+06   2.1000000e+01
   6.9141930e+06   2.3000000e+01
   7.0364740e+06   2.2000000e+01
   7.0370520e+06   2.2000000e+01
   7.0378750e+06   2.4000000e+01
   7.0390830e+06   2.6000000e+01
   7.1220450e+06   5.0000000e+01
   7.1221400e+06   2.1000000e+01
   7.1233960e+06   2.1000000e+01
   7.1237670e+06   2.1000000e+01
   7.1244700e+06   2.3000000e+01
   7.1245410e+06   2.5000000e+01
   7.1252420e+06   2.4000000e+01
   7.1688960e+06   2.2000000e+01
   7.1739120e+06   2.3000000e+01
   7.1740320e+06   6.2000000e+01
   7.1742720e+06   2.6000000e+01
   7.1744760e+06   2.2000000e+01
   7.1745590e+06   4.6000000e+01
   7.1748120e+06   2.5000000e+01
   7.1748710e+06   2.5000000e+01
   7.1749630e+06   2.5000000e+01
   7.1749880e+06   2.4000000e+01
   7.1750430e+06   3.3000000e+01
   7.1752010e+06   2.7000000e+01
   7.1752980e+06   2.1000000e+01
   7.1755360e+06   2.6000000e+01
   7.1757040e+06   2.1000000e+01
   7.1757910e+06   2.3000000e+01
   7.1758620e+06   2.1000000e+01
   7.1759670e+06   2.1000000e+01
   7.1760480e+06   2.2000000e+01
   7.1762590e+06   2.2000000e+01
   7.1763390e+06   2.1000000e+01
   7.1765120e+06   2.2000000e+01
   7.1766260e+06   2.3000000e+01
   7.1767590e+06   2.5000000e+01
   7.1768270e+06   3.9000000e+01
   7.1769010e+06   2.1000000e+01
   7.1770420e+06   2.1000000e+01
   7.1770720e+06   2.2000000e+01
   7.1772680e+06   2.1000000e+01
   7.1774810e+06   2.5000000e+01
   7.1775500e+06   2.4000000e+01
   7.1776470e+06   3.9000000e+01
   7.1777310e+06   2.2000000e+01
   7.1778150e+06   2.3000000e+01
   7.1778710e+06   2.1000000e+01
   7.1780270e+06   2.1000000e+01
   7.1782990e+06   2.1000000e+01
   7.1783800e+06   2.1000000e+01
   7.1784620e+06   3.0000000e+01
   7.1785980e+06   2.2000000e+01
   7.1788270e+06   2.1000000e+01
   7.1791130e+06   2.2000000e+01
   7.1793570e+06   2.1000000e+01
   7.1793960e+06   2.1000000e+01
   7.1842410e+06   3.2000000e+01
   7.3065530e+06   2.2000000e+01
   7.3068810e+06   2.2000000e+01
   7.3069070e+06   8.0000000e+01
   7.3069430e+06   2.9000000e+01
   7.3069780e+06   2.9000000e+01
   7.3073070e+06   2.8000000e+01
   7.3073600e+06   2.1000000e+01
   7.3077630e+06   2.1000000e+01
   7.3079310e+06   2.6000000e+01
   7.3091860e+06   5.7000000e+01
   7.3094470e+06   2.2000000e+01
   7.3096280e+06   2.6000000e+01
   7.3097690e+06   2.1000000e+01
   7.3100110e+06   2.1000000e+01
   7.3101040e+06   6.8000000e+01
   7.3101540e+06   6.3000000e+01
   7.3102470e+06   2.3000000e+01
   7.3105680e+06   2.5000000e+01
   7.3106490e+06   2.1000000e+01
   7.3107020e+06   2.2000000e+01
   7.3114370e+06   2.6000000e+01
   7.3117610e+06   2.1000000e+01
   7.3118100e+06   2.9000000e+01
   7.3122230e+06   3.2000000e+01
   7.3124920e+06   2.7000000e+01
   7.3708330e+06   2.2000000e+01
   7.3723670e+06   2.5000000e+01
   7.3729370e+06   2.6000000e+01
   7.3732010e+06   2.2000000e+01
   7.3732610e+06   2.9000000e+01
   7.3733990e+06   2.1000000e+01
   7.3735130e+06   2.1000000e+01
   7.3739360e+06   2.4000000e+01
   7.3739990e+06   2.2000000e+01
   7.3744320e+06   2.2000000e+01
   7.3749020e+06   2.1000000e+01
   7.3750640e+06   2.3000000e+01
   7.4558510e+06   2.2000000e+01
   7.4565320e+06   2.1000000e+01
   7.4577490e+06   2.2000000e+01
   7.4581290e+06   3.0000000e+01
   7.4589630e+06   2.7000000e+01
   7.4593920e+06   6.8000000e+01
   7.4596160e+06   2.8000000e+01
   7.4599950e+06   2.4000000e+01
   7.4600370e+06   2.3000000e+01
   7.4601560e+06   2.3000000e+01
   7.4603600e+06   2.1000000e+01
   7.4607920e+06   3.9000000e+01
   7.4608490e+06   2.1000000e+01
   7.4610830e+06   2.3000000e+01
   7.4611380e+06   2.2000000e+01
   7.4611810e+06   8.1000000e+01
   7.4612240e+06   2.1000000e+01
   7.4613690e+06   2.1000000e+01
   7.4613980e+06   2.5000000e+01
   7.4618490e+06   2.1000000e+01
   7.4621950e+06   2.7000000e+01
