   7.5000000e+06   0.0000000e+00
   6.2510000e+03   2.0000000e+01
   6.6160000e+03   2.1000000e+01
   6.8800000e+03   2.0000000e+01
   7.1530000e+03   1.9000000e+01
   7.6960000e+03   1.9000000e+01
   8.8782000e+04   2.0000000e+01
   8.9271000e+04   2.1000000e+01
   8.9387000e+04   1.9000000e+01
   8.9514000e+04   2.1000000e+01
   9.0000000e+04   1.9000000e+01
   9.1150000e+04   2.2000000e+01
   9.1306000e+04   2.0000000e+01
   9.1532000e+04   2.3000000e+01
   9.1592000e+04   1.9000000e+01
   9.1663000e+04   2.1000000e+01
   9.1757000e+04   1.9000000e+01
   9.1945000e+04   2.1000000e+01
   9.2034000e+04   2.8000000e+01
   9.2106000e+04   2.3000000e+01
   9.2182000e+04   2.3000000e+01
   9.2252000e+04   2.0000000e+01
   9.2397000e+04   1.9000000e+01
   9.2490000e+04   2.2000000e+01
   9.2671000e+04   2.1000000e+01
   9.2696000e+04   2.5000000e+01
   9.2785000e+04   2.0000000e+01
   9.2907000e+04   1.9000000e+01
   9.3650000e+04   1.9000000e+01
   9.3988000e+04   1.9000000e+01
   1.3914200e+05   1.9000000e+01
   1.5909100e+05   2.0000000e+01
   1.9053300e+05   2.1000000e+01
   1.9073500e+05   1.9000000e+01
   1.9078700e+05   2.3000000e+01
   1.9084500e+05   1.9000000e+01
   1.9091400e+05   2.1000000e+01
   1.9209800e+05   1.9000000e+01
   1.9337500e+05   1.9000000e+01
   1.9382700e+05   1.9000000e+01
   1.9396300e+05   1.9000000e+01
   1.9435000e+05   2.0000000e+01
   1.9472200e+05   1.9000000e+01
   1.9480400e+05   2.3000000e+01
   1.9497200e+05   1.9000000e+01
   1.9566500e+05   1.9000000e+01
   1.9570900e+05   2.3000000e+01
   1.9578100e+05   1.9000000e+01
   1.9590900e+05   1.9000000e+01
   1.9621600e+05   2.1000000e+01
   1.9625000e+05   1.9000000e+01
   1.9698000e+05   2.0000000e+01
   2.6786900e+05   2.0000000e+01
   2.7004800e+05   2.0000000e+01
   2.7019800e+05   1.9000000e+01
   2.7030900e+05   2.0000000e+01
   2.7065600e+05   2.1000000e+01
   2.7073700e+05   1.9000000e+01
   2.7111000e+05   1.9000000e+01
   2.7629700e+05   1.9000000e+01
   2.7678700e+05   1.9000000e+01
   2.7708200e+05   1.9000000e+01
   2.7821300e+05   1.9000000e+01
   2.7883500e+05   2.1000000e+01
   3.7772300e+05   2.0000000e+01
   3.7809200e+05   2.1000000e+01
   3.7879000e+05   1.9000000e+01
   3.8052600e+05   2.0000000e+01
   3.8084300e+05   2.2000000e+01
   3.8129400e+05   1.9000000e+01
   3.8181000e+05   1.9000000e+01
   3.8194300e+05   2.1000000e+01
   3.8201300e+05   2.0000000e+01
   3.8219900e+05   2.0000000e+01
   3.8233200e+05   1.9000000e+01
   3.8240400e+05   2.0000000e+01
   3.8253900e+05   2.1000000e+01
   3.8258000e+05   1.9000000e+01
   3.8266800e+05   1.9000000e+01
   3.8287000e+05   2.2000000e+01
   3.8315100e+05   1.9000000e+01
   3.8320900e+05   1.9000000e+01
   3.8365100e+05   2.2000000e+01
   3.8444600e+05   2.0000000e+01
   3.9349600e+05   1.9000000e+01
   3.9424900e+05   1.9000000e+01
   3.9431300e+05   1.9000000e+01
   3.9439900e+05   2.0000000e+01
   3.9458100e+05   1.9000000e+01
   3.9470400e+05   2.0000000e+01
   3.9483800e+05   2.0000000e+01
   3.9507200e+05   1.9000000e+01
   3.9521700e+05   2.0000000e+01
   3.9544800e+05   2.1000000e+01
   3.9549800e+05   1.9000000e+01
   3.9573300e+05   2.1000000e+01
   3.9627400e+05   2.1000000e+01
   3.9635400e+05   1.9000000e+01
   3.9638900e+05   1.9000000e+01
   3.9683800e+05   2.2000000e+01
   4.0254200e+05   1.9000000e+01
   4.0510700e+05   2.0000000e+01
   4.1391900e+05   1.9000000e+01
   4.9834900e+05   1.9000000e+01
   4.9876500e+05   2.0000000e+01
   4.9893400e+05   2.6000000e+01
   4.9905500e+05   1.9000000e+01
   4.9918500e+05   1.9000000e+01
   4.9928800e+05   2.0000000e+01
   4.9933900e+05   2.3000000e+01
   4.9960900e+05   1.9000000e+01
   4.9982400e+05   2.2000000e+01
   4.9988800e+05   2.0000000e+01
   4.9998500e+05   2.9000000e+01
   5.0001100e+05   2.2000000e+01
   5.0014500e+05   2.0000000e+01
   5.0022300e+05   2.3000000e+01
   5.0025500e+05   2.0000000e+01
   5.0047300e+05   2.0000000e+01
   5.0054100e+05   1.9000000e+01
   5.0061800e+05   1.9000000e+01
   5.0075100e+05   2.2000000e+01
   5.0097100e+05   2.4000000e+01
   5.0100100e+05   1.9000000e+01
   5.0107000e+05   2.3000000e+01
   5.0122600e+05   1.9000000e+01
   5.0127700e+05   2.1000000e+01
   5.0134600e+05   2.8000000e+01
   5.0142800e+05   2.1000000e+01
   5.0145900e+05   2.9000000e+01
   5.0153200e+05   2.3000000e+01
   5.0162000e+05   3.7000000e+01
   5.0164700e+05   1.9000000e+01
   5.0172600e+05   3.1000000e+01
   5.0175400e+05   2.5000000e+01
   5.0184000e+05   2.2000000e+01
   5.0189200e+05   2.0000000e+01
   5.0192600e+05   2.1000000e+01
   5.0196600e+05   3.3000000e+01
   5.0203300e+05   2.5000000e+01
   5.0210100e+05   2.9000000e+01
   5.0213000e+05   2.5000000e+01
   5.0217500e+05   2.0000000e+01
   5.0227300e+05   2.2000000e+01
   5.0237900e+05   2.1000000e+01
   5.0247000e+05   1.9000000e+01
   5.0253200e+05   2.8000000e+01
   5.0258000e+05   1.9000000e+01
   5.0266600e+05   2.2000000e+01
   5.0289000e+05   3.0000000e+01
   5.0291600e+05   1.9000000e+01
   5.0298000e+05   2.3000000e+01
   5.0305000e+05   1.9000000e+01
   5.0317200e+05   1.9000000e+01
   5.0327900e+05   2.0000000e+01
   5.0330400e+05   2.4000000e+01
   5.0336900e+05   2.5000000e+01
   5.0361000e+05   2.6000000e+01
   5.0370900e+05   2.0000000e+01
   5.0380500e+05   2.5000000e+01
   5.0384700e+05   2.3000000e+01
   5.0393300e+05   2.1000000e+01
   5.0412400e+05   1.9000000e+01
   5.0418000e+05   1.9000000e+01
   5.0427300e+05   2.7000000e+01
   5.0435600e+05   2.1000000e+01
   5.0453500e+05   1.9000000e+01
   5.0467500e+05   2.5000000e+01
   5.0474900e+05   2.4000000e+01
   5.0479600e+05   2.4000000e+01
   5.0515800e+05   1.9000000e+01
   5.0525900e+05   2.0000000e+01
   5.0539500e+05   2.6000000e+01
   5.0543900e+05   2.7000000e+01
   5.0553000e+05   2.5000000e+01
   5.0559200e+05   1.9000000e+01
   5.0582900e+05   1.9000000e+01
   5.0594100e+05   2.3000000e+01
   5.0601700e+05   1.9000000e+01
   5.0612000e+05   2.3000000e+01
   5.0620400e+05   1.9000000e+01
   5.0638500e+05   1.9000000e+01
   5.0660600e+05   1.9000000e+01
   5.0669700e+05   1.9000000e+01
   5.0677600e+05   2.1000000e+01
   5.0690400e+05   2.1000000e+01
   5.0795100e+05   1.9000000e+01
   5.0822100e+05   1.9000000e+01
   5.0828100e+05   1.9000000e+01
   5.0838500e+05   2.0000000e+01
   5.0877900e+05   2.3000000e+01
   5.0888500e+05   2.0000000e+01
   5.0954600e+05   2.1000000e+01
   5.1018600e+05   1.9000000e+01
   6.1905600e+05   2.2000000e+01
   6.1934500e+05   2.0000000e+01
   6.7503000e+05   2.1000000e+01
   6.7548500e+05   2.0000000e+01
   6.7572800e+05   1.9000000e+01
   6.7817600e+05   1.9000000e+01
   7.7768700e+05   2.2000000e+01
   7.7945100e+05   1.9000000e+01
   8.4088600e+05   1.9000000e+01
   8.4109300e+05   2.0000000e+01
   8.4145500e+05   1.9000000e+01
   8.4171800e+05   2.3000000e+01
   8.4176900e+05   2.4000000e+01
   8.4184400e+05   2.2000000e+01
   8.4196200e+05   1.9000000e+01
   8.4204800e+05   2.0000000e+01
   8.4209800e+05   2.1000000e+01
   8.4213800e+05   2.2000000e+01
   8.4218900e+05   1.9000000e+01
   8.4224100e+05   2.2000000e+01
   8.4228200e+05   2.4000000e+01
   8.4233000e+05   2.7000000e+01
   8.4252200e+05   2.0000000e+01
   8.4257200e+05   2.2000000e+01
   8.4285200e+05   2.5000000e+01
   8.4299300e+05   2.0000000e+01
   8.4306500e+05   1.9000000e+01
   8.4357500e+05   2.0000000e+01
   8.4383400e+05   2.0000000e+01
   8.4396200e+05   1.9000000e+01
   8.4489700e+05   1.9000000e+01
   8.4537900e+05   1.9000000e+01
   8.8791900e+05   2.0000000e+01
   8.8797500e+05   2.0000000e+01
   8.8851100e+05   2.8000000e+01
   8.8880600e+05   2.2000000e+01
   8.8888200e+05   2.6000000e+01
   8.8901900e+05   2.1000000e+01
   8.8905700e+05   2.2000000e+01
   8.8917400e+05   1.9000000e+01
   8.8927800e+05   1.9000000e+01
   8.8944100e+05   2.2000000e+01
   8.8979300e+05   1.9000000e+01
   8.8982200e+05   2.7000000e+01
   8.9009700e+05   2.1000000e+01
   8.9020500e+05   1.9000000e+01
   8.9026100e+05   2.1000000e+01
   8.9042900e+05   2.2000000e+01
   8.9057100e+05   1.9000000e+01
   8.9069300e+05   2.1000000e+01
   8.9125600e+05   2.0000000e+01
   8.9153700e+05   2.1000000e+01
   8.9205200e+05   1.9000000e+01
   8.9249000e+05   1.9000000e+01
   8.9263200e+05   2.0000000e+01
   8.9307100e+05   2.1000000e+01
   8.9316100e+05   1.9000000e+01
   8.9322800e+05   2.1000000e+01
   8.9354200e+05   1.9000000e+01
   8.9371300e+05   1.9000000e+01
   9.1573900e+05   1.9000000e+01
   1.0194630e+06   1.9000000e+01
   1.0198900e+06   1.9000000e+01
   1.0201380e+06   2.1000000e+01
   1.0202550e+06   2.4000000e+01
   1.0203130e+06   2.9000000e+01
   1.0204490e+06   1.9000000e+01
   1.0205590e+06   2.0000000e+01
   1.0206870e+06   2.1000000e+01
   1.0208100e+06   1.9000000e+01
   1.0209530e+06   2.1000000e+01
   1.0209940e+06   2.0000000e+01
   1.0210760e+06   2.1000000e+01
   1.0211350e+06   2.2000000e+01
   1.0212100e+06   2.0000000e+01
   1.0212490e+06   3.2000000e+01
   1.0215070e+06   2.3000000e+01
   1.0216500e+06   2.1000000e+01
   1.0217300e+06   2.0000000e+01
   1.0217550e+06   1.9000000e+01
   1.0218010e+06   2.2000000e+01
   1.0218740e+06   2.1000000e+01
   1.0219290e+06   2.5000000e+01
   1.0222090e+06   2.4000000e+01
   1.0222600e+06   2.4000000e+01
   1.0223380e+06   3.5000000e+01
   1.0224640e+06   2.2000000e+01
   1.0224930e+06   2.0000000e+01
   1.0226050e+06   2.5000000e+01
   1.0226610e+06   1.9000000e+01
   1.0229810e+06   2.5000000e+01
   1.0230560e+06   2.3000000e+01
   1.0231950e+06   2.0000000e+01
   1.0234580e+06   1.9000000e+01
   1.0237230e+06   1.9000000e+01
   1.0896450e+06   2.0000000e+01
   1.0916520e+06   2.0000000e+01
   1.0925930e+06   1.9000000e+01
   1.0929100e+06   2.0000000e+01
   1.0931040e+06   2.1000000e+01
   1.0932470e+06   1.9000000e+01
   1.0933770e+06   2.1000000e+01
   1.0934990e+06   2.1000000e+01
   1.0936010e+06   1.9000000e+01
   1.0937120e+06   2.0000000e+01
   1.0938790e+06   1.9000000e+01
   1.0940730e+06   2.4000000e+01
   1.0941120e+06   1.9000000e+01
   1.0941690e+06   2.6000000e+01
   1.0941940e+06   1.9000000e+01
   1.0942720e+06   1.9000000e+01
   1.0944410e+06   2.2000000e+01
   1.0944680e+06   2.2000000e+01
   1.0945280e+06   2.6000000e+01
   1.0945770e+06   2.3000000e+01
   1.0946530e+06   2.5000000e+01
   1.0951410e+06   2.1000000e+01
   1.0952680e+06   1.9000000e+01
   1.0952950e+06   2.4000000e+01
   1.0957070e+06   1.9000000e+01
   1.0964090e+06   2.0000000e+01
   1.0964820e+06   2.4000000e+01
   1.1385870e+06   2.0000000e+01
   1.1398260e+06   1.9000000e+01
   1.1401580e+06   2.0000000e+01
   1.1736000e+06   1.9000000e+01
   1.2367240e+06   1.9000000e+01
   1.2368730e+06   2.2000000e+01
   1.2369590e+06   1.9000000e+01
   1.2370150e+06   2.6000000e+01
   1.2370860e+06   3.2000000e+01
   1.2371310e+06   1.9000000e+01
   1.2372090e+06   2.1000000e+01
   1.2373900e+06   1.9000000e+01
   1.2376860e+06   2.2000000e+01
   1.2377550e+06   2.7000000e+01
   1.2377810e+06   2.5000000e+01
   1.2378130e+06   2.8000000e+01
   1.2379220e+06   2.1000000e+01
   1.2381470e+06   1.9000000e+01
   1.2382200e+06   2.5000000e+01
   1.2382850e+06   2.6000000e+01
   1.2383280e+06   2.0000000e+01
   1.2384390e+06   2.0000000e+01
   1.2385380e+06   2.3000000e+01
   1.2385820e+06   1.9000000e+01
   1.2387380e+06   2.2000000e+01
   1.2388000e+06   2.6000000e+01
   1.2388760e+06   2.2000000e+01
   1.2389820e+06   2.0000000e+01
   1.2390410e+06   2.2000000e+01
   1.2391190e+06   2.3000000e+01
   1.2392470e+06   3.1000000e+01
   1.2392750e+06   3.1000000e+01
   1.2393490e+06   2.0000000e+01
   1.2394500e+06   2.1000000e+01
   1.2395660e+06   2.3000000e+01
   1.2397210e+06   2.2000000e+01
   1.2397680e+06   2.7000000e+01
   1.2398420e+06   2.2000000e+01
   1.2398670e+06   3.1000000e+01
   1.2398930e+06   2.0000000e+01
   1.2400690e+06   1.9000000e+01
   1.2400940e+06   2.8000000e+01
   1.2402510e+06   2.4000000e+01
   1.2403360e+06   2.3000000e+01
   1.2403710e+06   2.4000000e+01
   1.2404180e+06   2.0000000e+01
   1.2405030e+06   2.7000000e+01
   1.2407060e+06   2.0000000e+01
   1.2407710e+06   2.4000000e+01
   1.2409000e+06   2.4000000e+01
   1.2409660e+06   2.1000000e+01
   1.2410500e+06   2.1000000e+01
   1.2412580e+06   2.0000000e+01
   1.2412930e+06   2.3000000e+01
   1.2415800e+06   1.9000000e+01
   1.2418080e+06   2.0000000e+01
   1.2421560e+06   2.0000000e+01
   1.2423960e+06   1.9000000e+01
   1.2426950e+06   1.9000000e+01
   1.2431550e+06   2.0000000e+01
   1.2445230e+06   1.9000000e+01
   1.2453540e+06   1.9000000e+01
   1.3400020e+06   2.0000000e+01
   1.3403470e+06   1.9000000e+01
   1.3404880e+06   1.9000000e+01
   1.3406300e+06   2.0000000e+01
   1.3407650e+06   2.3000000e+01
   1.3419400e+06   1.9000000e+01
   1.3423050e+06   1.9000000e+01
   1.3429470e+06   2.0000000e+01
   1.3449410e+06   2.2000000e+01
   1.3451100e+06   1.9000000e+01
   1.3455510e+06   2.2000000e+01
   1.3467110e+06   1.9000000e+01
   1.4511730e+06   2.1000000e+01
   1.4726420e+06   2.2000000e+01
   1.4730910e+06   2.3000000e+01
   1.4731410e+06   2.3000000e+01
   1.4734940e+06   1.9000000e+01
   1.4751000e+06   1.9000000e+01
   1.4800830e+06   2.0000000e+01
   1.4807840e+06   1.9000000e+01
   1.4813510e+06   1.9000000e+01
   1.4815430e+06   2.4000000e+01
   1.4816690e+06   2.2000000e+01
   1.4818090e+06   1.9000000e+01
   1.4819090e+06   1.9000000e+01
   1.4820130e+06   2.3000000e+01
   1.4823500e+06   1.9000000e+01
   1.4823960e+06   2.1000000e+01
   1.4825750e+06   1.9000000e+01
   1.4827010e+06   1.9000000e+01
   1.4837280e+06   1.9000000e+01
   1.4840520e+06   1.9000000e+01
   1.4841880e+06   1.9000000e+01
   1.4843100e+06   2.1000000e+01
   1.4844170e+06   2.2000000e+01
   1.4845310e+06   2.0000000e+01
   1.4846830e+06   2.0000000e+01
   1.4849430e+06   2.3000000e+01
   1.4850420e+06   1.9000000e+01
   1.4851580e+06   2.0000000e+01
   1.4852300e+06   1.9000000e+01
   1.4854450e+06   2.1000000e+01
   1.5616550e+06   2.2000000e+01
   1.5620810e+06   1.9000000e+01
   1.5621590e+06   2.0000000e+01
   1.5630040e+06   2.2000000e+01
   1.5644410e+06   1.9000000e+01
   1.5656610e+06   2.0000000e+01
   1.5908560e+06   2.1000000e+01
   1.5912120e+06   1.9000000e+01
   1.6757080e+06   1.9000000e+01
   1.6763130e+06   1.9000000e+01
   1.6765390e+06   2.3000000e+01
   1.6768510e+06   1.9000000e+01
   1.6772880e+06   2.0000000e+01
   1.6779540e+06   2.2000000e+01
   1.6784360e+06   2.2000000e+01
   1.6786200e+06   2.2000000e+01
   1.6787920e+06   2.0000000e+01
   1.6840770e+06   2.0000000e+01
   1.6844960e+06   2.0000000e+01
   1.6851000e+06   2.1000000e+01
   1.6851790e+06   1.9000000e+01
   1.7471720e+06   1.9000000e+01
   1.7473710e+06   2.2000000e+01
   1.7474240e+06   1.9000000e+01
   1.7483940e+06   1.9000000e+01
   1.7496760e+06   1.9000000e+01
   1.7499070e+06   2.1000000e+01
   1.7499890e+06   2.2000000e+01
   1.7505190e+06   2.0000000e+01
   1.7506110e+06   1.9000000e+01
   1.7510670e+06   2.0000000e+01
   1.7529200e+06   1.9000000e+01
   1.7534830e+06   2.1000000e+01
   1.7535580e+06   1.9000000e+01
   1.7537910e+06   2.0000000e+01
   1.7545400e+06   1.9000000e+01
   1.7595690e+06   2.0000000e+01
   1.8432800e+06   1.9000000e+01
   1.8434700e+06   2.1000000e+01
   1.8442060e+06   2.3000000e+01
   1.8443550e+06   2.0000000e+01
   1.8444820e+06   1.9000000e+01
   1.8448300e+06   2.1000000e+01
   1.8450940e+06   2.0000000e+01
   1.8454510e+06   1.9000000e+01
   1.8455120e+06   2.1000000e+01
   1.8455460e+06   2.1000000e+01
   1.8456060e+06   2.0000000e+01
   1.8457530e+06   1.9000000e+01
   1.8458720e+06   1.9000000e+01
   1.8459180e+06   3.1000000e+01
   1.8459740e+06   1.9000000e+01
   1.8461250e+06   1.9000000e+01
   1.8463670e+06   2.4000000e+01
   1.8466110e+06   2.7000000e+01
   1.8467810e+06   1.9000000e+01
   1.8469220e+06   1.9000000e+01
   1.8471310e+06   1.9000000e+01
   1.8472420e+06   2.0000000e+01
   1.8472780e+06   1.9000000e+01
   1.8477250e+06   2.1000000e+01
   1.8953430e+06   2.0000000e+01
   1.8953780e+06   1.9000000e+01
   1.8962020e+06   2.1000000e+01
   1.8977160e+06   1.9000000e+01
   1.8985040e+06   2.0000000e+01
   1.8988470e+06   1.9000000e+01
   1.8990030e+06   1.9000000e+01
   1.8991660e+06   2.0000000e+01
   1.8996340e+06   2.1000000e+01
   1.9531730e+06   1.9000000e+01
   1.9588330e+06   2.1000000e+01
   1.9630590e+06   2.1000000e+01
   1.9631670e+06   2.1000000e+01
   1.9631940e+06   2.0000000e+01
   1.9633030e+06   2.1000000e+01
   1.9633540e+06   2.1000000e+01
   1.9635490e+06   2.2000000e+01
   1.9636470e+06   2.2000000e+01
   1.9638600e+06   2.0000000e+01
   1.9640930e+06   1.9000000e+01
   1.9641690e+06   1.9000000e+01
   1.9642510e+06   3.0000000e+01
   1.9643680e+06   2.1000000e+01
   1.9644560e+06   2.4000000e+01
   1.9645090e+06   2.0000000e+01
   1.9647270e+06   2.2000000e+01
   1.9650700e+06   2.1000000e+01
   1.9651800e+06   2.2000000e+01
   1.9652100e+06   2.0000000e+01
   1.9653910e+06   1.9000000e+01
   1.9657460e+06   2.1000000e+01
   1.9660290e+06   2.2000000e+01
   1.9661620e+06   1.9000000e+01
   1.9664480e+06   2.2000000e+01
   1.9666770e+06   1.9000000e+01
   2.0420000e+06   1.9000000e+01
   2.0422970e+06   1.9000000e+01
   2.0423550e+06   1.9000000e+01
   2.0425570e+06   1.9000000e+01
   2.0426500e+06   2.2000000e+01
   2.0429020e+06   2.2000000e+01
   2.0430490e+06   2.9000000e+01
   2.0431630e+06   2.0000000e+01
   2.0432030e+06   2.2000000e+01
   2.0432370e+06   2.7000000e+01
   2.0433550e+06   2.4000000e+01
   2.0434130e+06   2.3000000e+01
   2.0434850e+06   2.6000000e+01
   2.0435950e+06   1.9000000e+01
   2.0438040e+06   2.8000000e+01
   2.0440560e+06   1.9000000e+01
   2.0441200e+06   2.0000000e+01
   2.0443080e+06   2.2000000e+01
   2.0443870e+06   2.1000000e+01
   2.0446030e+06   2.2000000e+01
   2.0446740e+06   1.9000000e+01
   2.0447580e+06   1.9000000e+01
   2.0448850e+06   1.9000000e+01
   2.0450580e+06   2.0000000e+01
   2.0451410e+06   1.9000000e+01
   2.0457540e+06   1.9000000e+01
   2.1089500e+06   1.9000000e+01
   2.1144940e+06   1.9000000e+01
   2.1146860e+06   2.0000000e+01
   2.1148140e+06   2.1000000e+01
   2.1149270e+06   2.0000000e+01
   2.1150330e+06   1.9000000e+01
   2.1151560e+06   2.0000000e+01
   2.1151960e+06   1.9000000e+01
   2.1153900e+06   2.1000000e+01
   2.1155620e+06   2.1000000e+01
   2.1157490e+06   2.1000000e+01
   2.1158270e+06   1.9000000e+01
   2.1158610e+06   2.0000000e+01
   2.1161520e+06   1.9000000e+01
   2.1163790e+06   2.5000000e+01
   2.1164180e+06   2.2000000e+01
   2.1165580e+06   2.5000000e+01
   2.1166110e+06   2.2000000e+01
   2.1167630e+06   2.1000000e+01
   2.1168640e+06   2.4000000e+01
   2.1169060e+06   2.1000000e+01
   2.1169920e+06   2.0000000e+01
   2.1171390e+06   2.1000000e+01
   2.1172260e+06   2.6000000e+01
   2.1172920e+06   2.4000000e+01
   2.1173870e+06   2.9000000e+01
   2.1174620e+06   1.9000000e+01
   2.1175640e+06   2.3000000e+01
   2.1176330e+06   1.9000000e+01
   2.1176870e+06   2.8000000e+01
   2.1177950e+06   2.9000000e+01
   2.1179170e+06   2.1000000e+01
   2.1182950e+06   2.6000000e+01
   2.1183320e+06   2.5000000e+01
   2.1184030e+06   1.9000000e+01
   2.1184530e+06   2.5000000e+01
   2.1184930e+06   2.0000000e+01
   2.1187890e+06   1.9000000e+01
   2.1192120e+06   2.0000000e+01
   2.1195460e+06   2.0000000e+01
   2.1199760e+06   2.0000000e+01
   2.1587530e+06   1.9000000e+01
   2.2321970e+06   1.9000000e+01
   2.2337850e+06   2.0000000e+01
   2.2338830e+06   2.1000000e+01
   2.2340250e+06   2.6000000e+01
   2.2342330e+06   1.9000000e+01
   2.2345970e+06   1.9000000e+01
   2.2346530e+06   2.1000000e+01
   2.2348360e+06   1.9000000e+01
   2.2348780e+06   2.1000000e+01
   2.2349550e+06   2.1000000e+01
   2.2350420e+06   2.0000000e+01
   2.2351600e+06   1.9000000e+01
   2.2354140e+06   1.9000000e+01
   2.2361210e+06   2.0000000e+01
   2.2362700e+06   1.9000000e+01
   2.3276790e+06   2.2000000e+01
   2.3278020e+06   1.9000000e+01
   2.3279470e+06   1.9000000e+01
   2.3280130e+06   2.0000000e+01
   2.3280730e+06   2.1000000e+01
   2.3282240e+06   2.1000000e+01
   2.3282850e+06   1.9000000e+01
   2.3285830e+06   2.1000000e+01
   2.3299120e+06   2.0000000e+01
   2.3302230e+06   2.2000000e+01
   2.3302580e+06   2.3000000e+01
   2.3303220e+06   2.2000000e+01
   2.3307670e+06   1.9000000e+01
   2.3310650e+06   1.9000000e+01
   2.3311290e+06   2.1000000e+01
   2.3313130e+06   2.1000000e+01
   2.3314230e+06   1.9000000e+01
   2.3316920e+06   2.6000000e+01
   2.3318190e+06   2.2000000e+01
   2.3319300e+06   2.3000000e+01
   2.3320590e+06   1.9000000e+01
   2.3321180e+06   1.9000000e+01
   2.3322040e+06   2.1000000e+01
   2.3323930e+06   2.0000000e+01
   2.3328860e+06   1.9000000e+01
   2.3329730e+06   1.9000000e+01
   2.3331360e+06   2.0000000e+01
   2.4353810e+06   2.0000000e+01
   2.4359620e+06   1.9000000e+01
   2.4376820e+06   1.9000000e+01
   2.4377170e+06   2.3000000e+01
   2.4379480e+06   2.3000000e+01
   2.4381650e+06   1.9000000e+01
   2.4382380e+06   2.0000000e+01
   2.4383480e+06   2.3000000e+01
   2.4385970e+06   2.2000000e+01
   2.4387320e+06   2.3000000e+01
   2.4388010e+06   3.3000000e+01
   2.4388760e+06   2.0000000e+01
   2.4389920e+06   2.5000000e+01
   2.4390330e+06   2.1000000e+01
   2.4390600e+06   2.0000000e+01
   2.4391350e+06   2.1000000e+01
   2.4392420e+06   2.4000000e+01
   2.4394070e+06   2.3000000e+01
   2.4394740e+06   2.6000000e+01
   2.4396590e+06   2.0000000e+01
   2.4397370e+06   2.3000000e+01
   2.4397940e+06   2.6000000e+01
   2.4398820e+06   2.0000000e+01
   2.4399300e+06   3.1000000e+01
   2.4400250e+06   1.9000000e+01
   2.4401190e+06   2.0000000e+01
   2.4401600e+06   2.0000000e+01
   2.4402300e+06   2.5000000e+01
   2.4403480e+06   2.0000000e+01
   2.4404270e+06   2.0000000e+01
   2.4404810e+06   1.9000000e+01
   2.4406010e+06   2.2000000e+01
   2.4406570e+06   2.3000000e+01
   2.4410220e+06   2.1000000e+01
   2.4412010e+06   2.1000000e+01
   2.4412290e+06   2.0000000e+01
   2.4412720e+06   1.9000000e+01
   2.4413770e+06   2.0000000e+01
   2.4414240e+06   1.9000000e+01
   2.4415770e+06   2.3000000e+01
   2.4416230e+06   2.2000000e+01
   2.4418950e+06   1.9000000e+01
   2.4423200e+06   1.9000000e+01
   2.4432670e+06   2.0000000e+01
   2.4434310e+06   2.0000000e+01
   2.4856990e+06   1.9000000e+01
   2.4857400e+06   1.9000000e+01
   2.4933410e+06   1.9000000e+01
   2.5664660e+06   2.1000000e+01
   2.5699280e+06   2.0000000e+01
   2.6120300e+06   1.9000000e+01
   2.6189190e+06   1.9000000e+01
   2.6204570e+06   1.9000000e+01
   2.6214010e+06   2.0000000e+01
   2.6216080e+06   1.9000000e+01
   2.6237410e+06   2.1000000e+01
   2.6238910e+06   2.1000000e+01
   2.6242610e+06   2.1000000e+01
   2.6723250e+06   1.9000000e+01
   2.6729480e+06   1.9000000e+01
   2.6730350e+06   1.9000000e+01
   2.6757010e+06   1.9000000e+01
   2.6766860e+06   2.1000000e+01
   2.6772190e+06   2.3000000e+01
   2.6772680e+06   1.9000000e+01
   2.7132620e+06   2.0000000e+01
   2.7134260e+06   2.0000000e+01
   2.7136040e+06   1.9000000e+01
   2.7137620e+06   2.0000000e+01
   2.7141050e+06   1.9000000e+01
   2.7145840e+06   2.2000000e+01
   2.7155500e+06   1.9000000e+01
   2.7156070e+06   1.9000000e+01
   2.7156950e+06   1.9000000e+01
   2.7157390e+06   2.0000000e+01
   2.7174220e+06   2.0000000e+01
   2.7180650e+06   2.1000000e+01
   2.7788690e+06   2.1000000e+01
   2.7827040e+06   1.9000000e+01
   2.7831150e+06   2.0000000e+01
   2.7842520e+06   2.2000000e+01
   2.7848550e+06   1.9000000e+01
   2.7861760e+06   2.0000000e+01
   2.8031090e+06   2.0000000e+01
   2.8535890e+06   2.3000000e+01
   2.8546910e+06   2.0000000e+01
   2.8552990e+06   1.9000000e+01
   2.8559120e+06   2.1000000e+01
   2.8560830e+06   2.0000000e+01
   2.8562040e+06   2.0000000e+01
   2.8562860e+06   1.9000000e+01
   2.8564720e+06   2.0000000e+01
   2.8565060e+06   1.9000000e+01
   2.8566140e+06   2.0000000e+01
   2.8566900e+06   2.1000000e+01
   2.8570420e+06   2.2000000e+01
   2.9390650e+06   2.0000000e+01
   2.9420910e+06   1.9000000e+01
   2.9428680e+06   1.9000000e+01
   2.9430250e+06   2.0000000e+01
   2.9431460e+06   2.5000000e+01
   2.9431870e+06   2.0000000e+01
   2.9435480e+06   2.2000000e+01
   2.9435780e+06   2.8000000e+01
   2.9436810e+06   1.9000000e+01
   2.9437250e+06   2.7000000e+01
   2.9438130e+06   2.0000000e+01
   2.9438870e+06   2.1000000e+01
   2.9439770e+06   1.9000000e+01
   2.9440090e+06   2.2000000e+01
   2.9440980e+06   2.8000000e+01
   2.9442180e+06   2.7000000e+01
   2.9443370e+06   2.8000000e+01
   2.9443640e+06   2.1000000e+01
   2.9444400e+06   2.1000000e+01
   2.9444790e+06   2.1000000e+01
   2.9445480e+06   2.3000000e+01
   2.9446090e+06   1.9000000e+01
   2.9446770e+06   1.9000000e+01
   2.9448220e+06   3.6000000e+01
   2.9449520e+06   1.9000000e+01
   2.9450490e+06   2.1000000e+01
   2.9451390e+06   2.1000000e+01
   2.9454790e+06   2.1000000e+01
   2.9455270e+06   2.5000000e+01
   2.9455930e+06   2.1000000e+01
   2.9458610e+06   1.9000000e+01
   3.0621070e+06   2.0000000e+01
   3.0622900e+06   2.0000000e+01
   3.0626880e+06   1.9000000e+01
   3.0629560e+06   2.0000000e+01
   3.0631270e+06   2.0000000e+01
   3.0631830e+06   2.0000000e+01
   3.0633010e+06   1.9000000e+01
   3.0633530e+06   1.9000000e+01
   3.0635320e+06   2.2000000e+01
   3.0637280e+06   2.6000000e+01
   3.0643560e+06   1.9000000e+01
   3.0645780e+06   1.9000000e+01
   3.0648570e+06   2.0000000e+01
   3.0652570e+06   1.9000000e+01
   3.0654060e+06   1.9000000e+01
   3.0654610e+06   2.0000000e+01
   3.0655500e+06   2.3000000e+01
   3.0660320e+06   1.9000000e+01
   3.0661950e+06   2.1000000e+01
   3.1468850e+06   1.9000000e+01
   3.1477040e+06   1.9000000e+01
   3.1477990e+06   2.2000000e+01
   3.1485070e+06   1.9000000e+01
   3.1485620e+06   2.1000000e+01
   3.1726410e+06   1.9000000e+01
   3.1729310e+06   2.5000000e+01
   3.1729600e+06   2.1000000e+01
   3.1736230e+06   2.1000000e+01
   3.1759040e+06   2.0000000e+01
   3.1763400e+06   2.1000000e+01
   3.1764840e+06   1.9000000e+01
   3.1766470e+06   2.5000000e+01
   3.1767700e+06   2.2000000e+01
   3.1768440e+06   1.9000000e+01
   3.1771040e+06   1.9000000e+01
   3.1775910e+06   2.0000000e+01
   3.1779130e+06   1.9000000e+01
   3.1779720e+06   2.0000000e+01
   3.1781200e+06   2.5000000e+01
   3.1785700e+06   2.6000000e+01
   3.2292490e+06   1.9000000e+01
   3.2324010e+06   2.0000000e+01
   3.2325790e+06   2.0000000e+01
   3.2330480e+06   1.9000000e+01
   3.2333330e+06   1.9000000e+01
   3.2340990e+06   2.4000000e+01
   3.2341980e+06   1.9000000e+01
   3.2343030e+06   2.2000000e+01
   3.2344760e+06   1.9000000e+01
   3.2347960e+06   1.9000000e+01
   3.2350320e+06   1.9000000e+01
   3.2353260e+06   1.9000000e+01
   3.2355010e+06   1.9000000e+01
   3.2355590e+06   2.2000000e+01
   3.2357490e+06   2.0000000e+01
   3.2359250e+06   2.0000000e+01
   3.2361260e+06   1.9000000e+01
   3.2371270e+06   2.0000000e+01
   3.2751610e+06   1.9000000e+01
   3.2772950e+06   1.9000000e+01
   3.2997700e+06   2.0000000e+01
   3.3101460e+06   1.9000000e+01
   3.3106260e+06   2.0000000e+01
   3.3107470e+06   1.9000000e+01
   3.3108610e+06   2.0000000e+01
   3.3110540e+06   1.9000000e+01
   3.3111700e+06   2.0000000e+01
   3.3112840e+06   2.3000000e+01
   3.3113240e+06   1.9000000e+01
   3.3114190e+06   2.0000000e+01
   3.3115180e+06   2.3000000e+01
   3.3116560e+06   1.9000000e+01
   3.3118050e+06   2.2000000e+01
   3.3120290e+06   2.1000000e+01
   3.3123950e+06   1.9000000e+01
   3.3437160e+06   2.4000000e+01
   3.4173640e+06   2.3000000e+01
   3.4177200e+06   2.3000000e+01
   3.4180810e+06   2.1000000e+01
   3.4187860e+06   1.9000000e+01
   3.4230720e+06   2.1000000e+01
   3.4277510e+06   2.0000000e+01
   3.4283600e+06   1.9000000e+01
   3.4285300e+06   1.9000000e+01
   3.4288460e+06   2.0000000e+01
   3.4292180e+06   2.0000000e+01
   3.4328180e+06   1.9000000e+01
   3.4342530e+06   2.0000000e+01
   3.4345680e+06   1.9000000e+01
   3.4348090e+06   1.9000000e+01
   3.4350390e+06   2.3000000e+01
   3.4351380e+06   2.1000000e+01
   3.4353460e+06   2.2000000e+01
   3.4356770e+06   2.7000000e+01
   3.4357960e+06   1.9000000e+01
   3.4358830e+06   2.0000000e+01
   3.4359250e+06   2.0000000e+01
   3.4363320e+06   2.2000000e+01
   3.4365150e+06   2.1000000e+01
   3.4366430e+06   1.9000000e+01
   3.4368380e+06   1.9000000e+01
   3.4368920e+06   1.9000000e+01
   3.4370750e+06   2.0000000e+01
   3.4371150e+06   2.4000000e+01
   3.4372590e+06   1.9000000e+01
   3.4374240e+06   1.9000000e+01
   3.4379060e+06   2.0000000e+01
   3.4397730e+06   2.0000000e+01
   3.4430720e+06   2.1000000e+01
   3.5199670e+06   2.2000000e+01
   3.5206070e+06   1.9000000e+01
   3.5207760e+06   2.3000000e+01
   3.5208870e+06   1.9000000e+01
   3.5209900e+06   1.9000000e+01
   3.5212150e+06   2.0000000e+01
   3.5215350e+06   1.9000000e+01
   3.5218440e+06   1.9000000e+01
   3.5754200e+06   1.9000000e+01
   3.5762660e+06   1.9000000e+01
   3.5764110e+06   2.3000000e+01
   3.5764900e+06   2.3000000e+01
   3.5765670e+06   2.0000000e+01
   3.5766070e+06   2.2000000e+01
   3.5766500e+06   1.9000000e+01
   3.5767150e+06   1.9000000e+01
   3.5767940e+06   2.1000000e+01
   3.5770070e+06   2.0000000e+01
   3.5771220e+06   1.9000000e+01
   3.5771710e+06   2.2000000e+01
   3.5771980e+06   1.9000000e+01
   3.5777320e+06   2.0000000e+01
   3.5779230e+06   2.1000000e+01
   3.5779700e+06   2.0000000e+01
   3.5781230e+06   2.1000000e+01
   3.5782000e+06   2.3000000e+01
   3.5783920e+06   2.2000000e+01
   3.5785830e+06   1.9000000e+01
   3.5794860e+06   1.9000000e+01
   3.7042940e+06   1.9000000e+01
   3.7044570e+06   1.9000000e+01
   3.7048720e+06   2.3000000e+01
   3.7054470e+06   2.0000000e+01
   3.7057000e+06   2.2000000e+01
   3.7057850e+06   2.0000000e+01
   3.7064670e+06   2.0000000e+01
   3.7069600e+06   2.1000000e+01
   3.7130320e+06   1.9000000e+01
   3.7629070e+06   2.1000000e+01
   3.7631700e+06   1.9000000e+01
   3.7642870e+06   2.1000000e+01
   3.7643150e+06   2.2000000e+01
   3.7645090e+06   1.9000000e+01
   3.7649230e+06   1.9000000e+01
   3.7651670e+06   2.1000000e+01
   3.7653530e+06   1.9000000e+01
   3.7656610e+06   2.0000000e+01
   3.7657480e+06   1.9000000e+01
   3.7658690e+06   2.4000000e+01
   3.7659090e+06   1.9000000e+01
   3.7667610e+06   2.3000000e+01
   3.7671530e+06   2.9000000e+01
   3.7673220e+06   2.0000000e+01
   3.7675760e+06   2.1000000e+01
   3.7676670e+06   2.6000000e+01
   3.7677410e+06   3.1000000e+01
   3.7677920e+06   1.9000000e+01
   3.7678950e+06   2.3000000e+01
   3.7680780e+06   2.5000000e+01
   3.7682150e+06   1.9000000e+01
   3.7684680e+06   2.2000000e+01
   3.7686690e+06   2.4000000e+01
   3.7687860e+06   1.9000000e+01
   3.7688190e+06   2.0000000e+01
   3.7689380e+06   1.9000000e+01
   3.7693190e+06   1.9000000e+01
   3.7693630e+06   2.0000000e+01
   3.7697290e+06   1.9000000e+01
   3.7699080e+06   2.1000000e+01
   3.7700160e+06   1.9000000e+01
   3.7705300e+06   1.9000000e+01
   3.8162820e+06   1.9000000e+01
   3.8436020e+06   1.9000000e+01
   3.8451600e+06   2.0000000e+01
   3.8452960e+06   2.3000000e+01
   3.8455600e+06   1.9000000e+01
   3.8462830e+06   2.2000000e+01
   3.8480420e+06   1.9000000e+01
   3.8514590e+06   1.9000000e+01
   3.8515230e+06   1.9000000e+01
   3.9173330e+06   1.9000000e+01
   3.9174510e+06   1.9000000e+01
   3.9181500e+06   2.3000000e+01
   3.9182830e+06   2.0000000e+01
   3.9185450e+06   1.9000000e+01
   3.9203310e+06   2.2000000e+01
   3.9207550e+06   2.0000000e+01
   3.9217160e+06   2.1000000e+01
   3.9218370e+06   2.1000000e+01
   3.9223190e+06   2.0000000e+01
   3.9652580e+06   1.9000000e+01
   3.9655110e+06   1.9000000e+01
   3.9656220e+06   1.9000000e+01
   3.9660910e+06   2.0000000e+01
   3.9663300e+06   2.0000000e+01
   3.9663830e+06   2.5000000e+01
   4.0063950e+06   2.0000000e+01
   4.0190290e+06   1.9000000e+01
   4.0576670e+06   1.9000000e+01
   4.0608450e+06   2.0000000e+01
   4.0621800e+06   1.9000000e+01
   4.0622210e+06   2.0000000e+01
   4.0624160e+06   1.9000000e+01
   4.0624830e+06   2.0000000e+01
   4.0625380e+06   2.1000000e+01
   4.0628340e+06   2.0000000e+01
   4.0628930e+06   1.9000000e+01
   4.0629790e+06   2.6000000e+01
   4.0633330e+06   2.3000000e+01
   4.0633610e+06   2.1000000e+01
   4.0634320e+06   2.2000000e+01
   4.0636990e+06   2.0000000e+01
   4.0637640e+06   1.9000000e+01
   4.0638320e+06   2.0000000e+01
   4.0638920e+06   2.2000000e+01
   4.0648320e+06   2.4000000e+01
   4.0653080e+06   2.0000000e+01
   4.0654020e+06   1.9000000e+01
   4.0737230e+06   2.0000000e+01
   4.1100250e+06   1.9000000e+01
   4.1111210e+06   1.9000000e+01
   4.1119340e+06   2.1000000e+01
   4.1123760e+06   2.3000000e+01
   4.1127880e+06   2.0000000e+01
   4.1132820e+06   1.9000000e+01
   4.1642110e+06   1.9000000e+01
   4.1642830e+06   1.9000000e+01
   4.1645200e+06   2.1000000e+01
   4.1646010e+06   2.1000000e+01
   4.1649530e+06   2.0000000e+01
   4.1650280e+06   2.3000000e+01
   4.1652630e+06   1.9000000e+01
   4.1653800e+06   2.0000000e+01
   4.1656310e+06   2.1000000e+01
   4.1657370e+06   2.1000000e+01
   4.1658310e+06   1.9000000e+01
   4.1659090e+06   2.0000000e+01
   4.1659340e+06   1.9000000e+01
   4.1665010e+06   2.1000000e+01
   4.1669070e+06   1.9000000e+01
   4.1670100e+06   2.0000000e+01
   4.1671270e+06   2.2000000e+01
   4.1681870e+06   2.2000000e+01
   4.1693380e+06   2.2000000e+01
   4.1697070e+06   1.9000000e+01
   4.1709500e+06   1.9000000e+01
   4.1710560e+06   2.0000000e+01
   4.1710850e+06   1.9000000e+01
   4.1714030e+06   1.9000000e+01
   4.1716570e+06   1.9000000e+01
   4.1717030e+06   2.0000000e+01
   4.1718990e+06   1.9000000e+01
   4.1719780e+06   2.1000000e+01
   4.1721170e+06   2.6000000e+01
   4.1722020e+06   2.1000000e+01
   4.1723060e+06   2.1000000e+01
   4.1729210e+06   1.9000000e+01
   4.1729930e+06   2.5000000e+01
   4.1731800e+06   2.2000000e+01
   4.1732990e+06   1.9000000e+01
   4.1733330e+06   2.6000000e+01
   4.1737840e+06   2.2000000e+01
   4.1739380e+06   2.7000000e+01
   4.1741260e+06   2.2000000e+01
   4.1742080e+06   2.4000000e+01
   4.1743760e+06   2.0000000e+01
   4.1746830e+06   2.4000000e+01
   4.1747360e+06   2.2000000e+01
   4.1748160e+06   2.2000000e+01
   4.1780860e+06   2.0000000e+01
   4.1895080e+06   1.9000000e+01
   4.2944410e+06   2.1000000e+01
   4.2954370e+06   1.9000000e+01
   4.2959760e+06   1.9000000e+01
   4.2961820e+06   2.0000000e+01
   4.2964310e+06   2.0000000e+01
   4.2967110e+06   1.9000000e+01
   4.2968480e+06   1.9000000e+01
   4.2969140e+06   2.1000000e+01
   4.2969800e+06   2.0000000e+01
   4.2980190e+06   2.0000000e+01
   4.2981050e+06   2.0000000e+01
   4.2983090e+06   2.0000000e+01
   4.2986130e+06   2.0000000e+01
   4.2986980e+06   1.9000000e+01
   4.2987250e+06   1.9000000e+01
   4.2988690e+06   2.0000000e+01
   4.2991380e+06   1.9000000e+01
   4.2992880e+06   2.1000000e+01
   4.2993970e+06   2.2000000e+01
   4.2996780e+06   2.0000000e+01
   4.2997160e+06   2.2000000e+01
   4.2998840e+06   2.0000000e+01
   4.2999450e+06   1.9000000e+01
   4.3002000e+06   2.1000000e+01
   4.3003600e+06   1.9000000e+01
   4.3004920e+06   1.9000000e+01
   4.3006250e+06   2.0000000e+01
   4.3006760e+06   2.3000000e+01
   4.3008480e+06   1.9000000e+01
   4.3010330e+06   2.0000000e+01
   4.3011180e+06   2.3000000e+01
   4.3012310e+06   2.1000000e+01
   4.3014810e+06   1.9000000e+01
   4.3016510e+06   2.0000000e+01
   4.3017550e+06   2.1000000e+01
   4.3022930e+06   1.9000000e+01
   4.3443390e+06   2.2000000e+01
   4.4044450e+06   1.9000000e+01
   4.4067440e+06   2.0000000e+01
   4.4088840e+06   1.9000000e+01
   4.4089540e+06   2.0000000e+01
   4.4090370e+06   2.1000000e+01
   4.4096000e+06   2.2000000e+01
   4.5186770e+06   2.0000000e+01
   4.5194910e+06   2.2000000e+01
   4.5195780e+06   1.9000000e+01
   4.5216820e+06   2.2000000e+01
   4.5221240e+06   2.0000000e+01
   4.5223720e+06   1.9000000e+01
   4.5228070e+06   1.9000000e+01
   4.5228960e+06   2.2000000e+01
   4.5229740e+06   2.0000000e+01
   4.5233430e+06   2.0000000e+01
   4.5235700e+06   2.2000000e+01
   4.5247210e+06   2.0000000e+01
   4.6072830e+06   1.9000000e+01
   4.6301820e+06   2.4000000e+01
   4.6302200e+06   2.0000000e+01
   4.6305900e+06   2.4000000e+01
   4.6311960e+06   2.0000000e+01
   4.6346470e+06   1.9000000e+01
   4.7493620e+06   1.9000000e+01
   4.7503180e+06   1.9000000e+01
   4.7510700e+06   2.0000000e+01
   4.7518530e+06   1.9000000e+01
   4.7518930e+06   2.1000000e+01
   4.7523250e+06   1.9000000e+01
   4.7523970e+06   1.9000000e+01
   4.7525290e+06   1.9000000e+01
   4.7527740e+06   2.1000000e+01
   4.7530000e+06   2.4000000e+01
   4.7531070e+06   2.2000000e+01
   4.7532630e+06   1.9000000e+01
   4.7535070e+06   2.1000000e+01
   4.7537780e+06   1.9000000e+01
   4.7549350e+06   2.0000000e+01
   4.8191060e+06   1.9000000e+01
   4.8196270e+06   1.9000000e+01
   4.8209930e+06   1.9000000e+01
   4.8223660e+06   2.5000000e+01
   4.8225450e+06   2.1000000e+01
   4.8226710e+06   2.1000000e+01
   4.8227800e+06   2.6000000e+01
   4.8228490e+06   2.1000000e+01
   4.8229270e+06   2.0000000e+01
   4.8230940e+06   2.0000000e+01
   4.8232240e+06   2.4000000e+01
   4.8232810e+06   2.1000000e+01
   4.8233650e+06   2.0000000e+01
   4.8235550e+06   2.1000000e+01
   4.8236650e+06   2.3000000e+01
   4.8237080e+06   1.9000000e+01
   4.8238270e+06   1.9000000e+01
   4.8239310e+06   2.7000000e+01
   4.8239850e+06   1.9000000e+01
   4.8240500e+06   2.3000000e+01
   4.8243180e+06   1.9000000e+01
   4.8243590e+06   2.3000000e+01
   4.8244050e+06   1.9000000e+01
   4.8245080e+06   2.1000000e+01
   4.8246800e+06   2.4000000e+01
   4.8248450e+06   2.0000000e+01
   4.8252740e+06   2.0000000e+01
   4.9056940e+06   1.9000000e+01
   4.9060990e+06   1.9000000e+01
   4.9066690e+06   2.2000000e+01
   4.9068020e+06   2.0000000e+01
   4.9074400e+06   2.2000000e+01
   4.9621620e+06   2.0000000e+01
   4.9641290e+06   1.9000000e+01
   4.9641940e+06   1.9000000e+01
   4.9643200e+06   2.2000000e+01
   4.9655130e+06   1.9000000e+01
   4.9697350e+06   2.0000000e+01
   4.9722590e+06   2.0000000e+01
   4.9749990e+06   2.0000000e+01
   4.9754710e+06   1.9000000e+01
   4.9756230e+06   2.0000000e+01
   4.9758440e+06   2.1000000e+01
   4.9760160e+06   1.9000000e+01
   5.0220890e+06   1.9000000e+01
   5.0225350e+06   2.1000000e+01
   5.0226560e+06   2.1000000e+01
   5.0229700e+06   2.0000000e+01
   5.0431990e+06   1.9000000e+01
   5.0433800e+06   1.9000000e+01
   5.0447140e+06   1.9000000e+01
   5.0562260e+06   1.9000000e+01
   5.0764440e+06   2.0000000e+01
   5.0765850e+06   2.0000000e+01
   5.0767080e+06   2.1000000e+01
   5.0768410e+06   1.9000000e+01
   5.0769010e+06   3.2000000e+01
   5.0770010e+06   2.1000000e+01
   5.0771250e+06   1.9000000e+01
   5.0771890e+06   2.0000000e+01
   5.0772450e+06   2.7000000e+01
   5.0773620e+06   2.2000000e+01
   5.0774260e+06   2.3000000e+01
   5.0774610e+06   2.5000000e+01
   5.0775250e+06   2.1000000e+01
   5.0775560e+06   2.0000000e+01
   5.0776630e+06   1.9000000e+01
   5.0778250e+06   2.5000000e+01
   5.0779480e+06   1.9000000e+01
   5.0780780e+06   2.0000000e+01
   5.0781430e+06   1.9000000e+01
   5.0781760e+06   2.4000000e+01
   5.0782990e+06   2.1000000e+01
   5.0783260e+06   2.2000000e+01
   5.0785040e+06   2.2000000e+01
   5.0785870e+06   2.1000000e+01
   5.0786640e+06   3.0000000e+01
   5.0787440e+06   2.3000000e+01
   5.0788950e+06   3.0000000e+01
   5.0789770e+06   2.0000000e+01
   5.0790450e+06   2.1000000e+01
   5.0791780e+06   2.0000000e+01
   5.0793260e+06   2.4000000e+01
   5.0794580e+06   1.9000000e+01
   5.0795630e+06   2.8000000e+01
   5.0796340e+06   2.0000000e+01
   5.0797020e+06   2.0000000e+01
   5.0797440e+06   2.0000000e+01
   5.0799670e+06   2.1000000e+01
   5.0800310e+06   2.4000000e+01
   5.0801990e+06   2.4000000e+01
   5.0802440e+06   2.2000000e+01
   5.0802940e+06   2.5000000e+01
   5.0803420e+06   2.0000000e+01
   5.0804120e+06   1.9000000e+01
   5.0804440e+06   1.9000000e+01
   5.0805760e+06   2.0000000e+01
   5.0806560e+06   2.1000000e+01
   5.0807360e+06   2.3000000e+01
   5.0807650e+06   1.9000000e+01
   5.0809120e+06   1.9000000e+01
   5.0810010e+06   1.9000000e+01
   5.0811100e+06   2.2000000e+01
   5.0812630e+06   2.0000000e+01
   5.0813470e+06   1.9000000e+01
   5.0814570e+06   1.9000000e+01
   5.0815850e+06   1.9000000e+01
   5.0816980e+06   2.0000000e+01
   5.0817590e+06   2.4000000e+01
   5.0818180e+06   2.2000000e+01
   5.0819690e+06   1.9000000e+01
   5.0822930e+06   2.1000000e+01
   5.0823590e+06   1.9000000e+01
   5.0824830e+06   2.1000000e+01
   5.0827690e+06   1.9000000e+01
   5.0834530e+06   1.9000000e+01
   5.0841170e+06   2.0000000e+01
   5.0903790e+06   1.9000000e+01
   5.2150000e+06   2.3000000e+01
   5.2153420e+06   2.3000000e+01
   5.2154400e+06   1.9000000e+01
   5.2155270e+06   1.9000000e+01
   5.2157900e+06   2.0000000e+01
   5.2160910e+06   2.0000000e+01
   5.2165380e+06   1.9000000e+01
   5.2167390e+06   1.9000000e+01
   5.2168190e+06   1.9000000e+01
   5.2169130e+06   2.0000000e+01
   5.2177190e+06   2.1000000e+01
   5.2186750e+06   2.7000000e+01
   5.2187230e+06   2.0000000e+01
   5.2188640e+06   2.2000000e+01
   5.2191810e+06   1.9000000e+01
   5.2193820e+06   2.5000000e+01
   5.2194750e+06   1.9000000e+01
   5.2205070e+06   2.0000000e+01
   5.3224900e+06   1.9000000e+01
   5.3225310e+06   1.9000000e+01
   5.3226290e+06   1.9000000e+01
   5.3227060e+06   2.0000000e+01
   5.3228500e+06   1.9000000e+01
   5.3229070e+06   2.0000000e+01
   5.3246020e+06   1.9000000e+01
   5.3247890e+06   2.1000000e+01
   5.3250700e+06   2.0000000e+01
   5.3253710e+06   1.9000000e+01
   5.3255220e+06   2.0000000e+01
   5.3298710e+06   1.9000000e+01
   5.3331510e+06   2.0000000e+01
   5.4246270e+06   1.9000000e+01
   5.4248100e+06   2.3000000e+01
   5.4251480e+06   2.2000000e+01
   5.4252070e+06   2.0000000e+01
   5.4254490e+06   2.3000000e+01
   5.4256090e+06   2.2000000e+01
   5.4256850e+06   3.7000000e+01
   5.4258830e+06   2.0000000e+01
   5.4261650e+06   2.3000000e+01
   5.4264260e+06   2.0000000e+01
   5.4265950e+06   2.0000000e+01
   5.4266960e+06   1.9000000e+01
   5.4268190e+06   2.6000000e+01
   5.4269790e+06   2.0000000e+01
   5.4271000e+06   2.0000000e+01
   5.4271550e+06   2.3000000e+01
   5.4275920e+06   2.3000000e+01
   5.4276480e+06   2.1000000e+01
   5.4277110e+06   2.6000000e+01
   5.4360880e+06   2.1000000e+01
   5.4710750e+06   2.1000000e+01
   5.4713440e+06   1.9000000e+01
   5.4715700e+06   1.9000000e+01
   5.4759760e+06   2.0000000e+01
   5.4831430e+06   2.0000000e+01
   5.4836470e+06   1.9000000e+01
   5.5614620e+06   2.1000000e+01
   5.5617580e+06   2.0000000e+01
   5.5618730e+06   2.0000000e+01
   5.5620430e+06   2.0000000e+01
   5.5623980e+06   2.2000000e+01
   5.5624330e+06   2.1000000e+01
   5.5625940e+06   2.0000000e+01
   5.5627890e+06   2.0000000e+01
   5.5628740e+06   2.0000000e+01
   5.5630290e+06   1.9000000e+01
   5.5631290e+06   2.0000000e+01
   5.5632530e+06   2.2000000e+01
   5.5633800e+06   2.4000000e+01
   5.5634360e+06   2.2000000e+01
   5.5634950e+06   2.5000000e+01
   5.5638740e+06   2.0000000e+01
   5.5640220e+06   2.0000000e+01
   5.5641380e+06   2.0000000e+01
   5.5641910e+06   2.0000000e+01
   5.5642650e+06   2.1000000e+01
   5.5643230e+06   1.9000000e+01
   5.5643540e+06   2.0000000e+01
   5.5648160e+06   2.4000000e+01
   5.5648670e+06   2.7000000e+01
   5.6215930e+06   2.1000000e+01
   5.6217240e+06   2.0000000e+01
   5.6221440e+06   1.9000000e+01
   5.6221770e+06   2.1000000e+01
   5.6224490e+06   2.3000000e+01
   5.7156960e+06   2.0000000e+01
   5.7158890e+06   2.3000000e+01
   5.7170280e+06   2.2000000e+01
   5.7171460e+06   1.9000000e+01
   5.7174450e+06   1.9000000e+01
   5.7177690e+06   2.0000000e+01
   5.7179630e+06   2.1000000e+01
   5.7182790e+06   2.2000000e+01
   5.7183420e+06   2.3000000e+01
   5.7186150e+06   1.9000000e+01
   5.7188020e+06   2.0000000e+01
   5.7198460e+06   1.9000000e+01
   5.7199730e+06   1.9000000e+01
   5.7201530e+06   2.1000000e+01
   5.7205640e+06   2.0000000e+01
   5.7207370e+06   1.9000000e+01
   5.7212840e+06   2.1000000e+01
   5.7215790e+06   1.9000000e+01
   5.7220370e+06   1.9000000e+01
   5.7992140e+06   2.3000000e+01
   5.8025070e+06   2.2000000e+01
   5.8025900e+06   2.0000000e+01
   5.8035470e+06   2.3000000e+01
   5.8043180e+06   1.9000000e+01
   5.8044810e+06   1.9000000e+01
   5.8048810e+06   1.9000000e+01
   5.8051130e+06   1.9000000e+01
   5.8366560e+06   1.9000000e+01
   5.8392520e+06   2.0000000e+01
   5.8822520e+06   1.9000000e+01
   5.8829440e+06   2.1000000e+01
   5.8830990e+06   1.9000000e+01
   5.8834190e+06   2.1000000e+01
   5.8840890e+06   1.9000000e+01
   5.8842240e+06   2.1000000e+01
   5.8843210e+06   2.2000000e+01
   5.8846270e+06   1.9000000e+01
   5.8852700e+06   1.9000000e+01
   5.8858740e+06   2.2000000e+01
   5.8863360e+06   1.9000000e+01
   5.8866920e+06   1.9000000e+01
   5.8867760e+06   2.1000000e+01
   5.8869230e+06   2.1000000e+01
   5.8871940e+06   1.9000000e+01
   5.8875180e+06   1.9000000e+01
   5.8877870e+06   1.9000000e+01
   5.8883650e+06   1.9000000e+01
   5.8886070e+06   1.9000000e+01
   5.9350820e+06   2.0000000e+01
   5.9362200e+06   2.0000000e+01
   5.9380130e+06   2.2000000e+01
   5.9381460e+06   1.9000000e+01
   5.9463790e+06   2.0000000e+01
   5.9475890e+06   1.9000000e+01
   5.9488460e+06   2.0000000e+01
   5.9493980e+06   1.9000000e+01
   6.0101480e+06   2.0000000e+01
   6.0577230e+06   1.9000000e+01
   6.0585160e+06   1.9000000e+01
   6.0615230e+06   2.0000000e+01
   6.0628000e+06   2.2000000e+01
   6.0630050e+06   1.9000000e+01
   6.0630590e+06   1.9000000e+01
   6.0631220e+06   2.5000000e+01
   6.0632960e+06   1.9000000e+01
   6.0638330e+06   2.0000000e+01
   6.0639940e+06   2.0000000e+01
   6.0718210e+06   2.5000000e+01
   6.1487900e+06   1.9000000e+01
   6.1488180e+06   1.9000000e+01
   6.1490350e+06   1.9000000e+01
   6.1492110e+06   2.0000000e+01
   6.1496150e+06   2.2000000e+01
   6.1496420e+06   2.3000000e+01
   6.1500140e+06   2.0000000e+01
   6.1502000e+06   1.9000000e+01
   6.1506440e+06   2.1000000e+01
   6.1512390e+06   1.9000000e+01
   6.1516280e+06   2.4000000e+01
   6.1517110e+06   2.1000000e+01
   6.1518660e+06   1.9000000e+01
   6.1520050e+06   2.0000000e+01
   6.1520480e+06   2.0000000e+01
   6.1524280e+06   2.1000000e+01
   6.1525940e+06   1.9000000e+01
   6.1527530e+06   2.1000000e+01
   6.1531750e+06   2.0000000e+01
   6.2117600e+06   1.9000000e+01
   6.2121050e+06   1.9000000e+01
   6.2305210e+06   2.1000000e+01
   6.2306760e+06   2.0000000e+01
   6.2307440e+06   1.9000000e+01
   6.2308940e+06   1.9000000e+01
   6.2309690e+06   1.9000000e+01
   6.2311360e+06   1.9000000e+01
   6.2312390e+06   1.9000000e+01
   6.2314040e+06   1.9000000e+01
   6.2314630e+06   1.9000000e+01
   6.2316260e+06   2.0000000e+01
   6.2316520e+06   1.9000000e+01
   6.2317060e+06   1.9000000e+01
   6.2317910e+06   1.9000000e+01
   6.2318590e+06   2.1000000e+01
   6.2320310e+06   2.1000000e+01
   6.2321980e+06   2.1000000e+01
   6.2327470e+06   2.3000000e+01
   6.2328850e+06   1.9000000e+01
   6.2331430e+06   1.9000000e+01
   6.2332110e+06   2.0000000e+01
   6.2332800e+06   2.2000000e+01
   6.2334620e+06   2.0000000e+01
   6.2335260e+06   2.3000000e+01
   6.2338050e+06   1.9000000e+01
   6.2341580e+06   2.1000000e+01
   6.2352240e+06   2.0000000e+01
   6.2357920e+06   2.2000000e+01
   6.2996420e+06   2.1000000e+01
   6.3005460e+06   2.1000000e+01
   6.3388140e+06   2.2000000e+01
   6.3435990e+06   2.1000000e+01
   6.3437710e+06   2.1000000e+01
   6.3438600e+06   2.1000000e+01
   6.3443440e+06   1.9000000e+01
   6.3450710e+06   2.1000000e+01
   6.3451840e+06   2.0000000e+01
   6.3460440e+06   1.9000000e+01
   6.3463290e+06   1.9000000e+01
   6.3465090e+06   2.1000000e+01
   6.3466180e+06   2.1000000e+01
   6.3469040e+06   2.0000000e+01
   6.3471510e+06   1.9000000e+01
   6.3472660e+06   1.9000000e+01
   6.4957060e+06   1.9000000e+01
   6.4970900e+06   2.0000000e+01
   6.4977320e+06   2.1000000e+01
   6.4979560e+06   1.9000000e+01
   6.4981610e+06   2.0000000e+01
   6.4982020e+06   3.6000000e+01
   6.4986660e+06   2.0000000e+01
   6.4987750e+06   2.5000000e+01
   6.4988740e+06   2.0000000e+01
   6.4989760e+06   2.0000000e+01
   6.4990420e+06   1.9000000e+01
   6.4990920e+06   2.8000000e+01
   6.4991790e+06   1.9000000e+01
   6.4992440e+06   2.0000000e+01
   6.4992820e+06   2.6000000e+01
   6.4993330e+06   1.9000000e+01
   6.4993950e+06   2.0000000e+01
   6.4994400e+06   2.5000000e+01
   6.4994790e+06   2.1000000e+01
   6.4995110e+06   2.0000000e+01
   6.4995520e+06   1.9000000e+01
   6.4996470e+06   2.4000000e+01
   6.4997000e+06   2.9000000e+01
   6.4997490e+06   2.2000000e+01
   6.4998100e+06   3.0000000e+01
   6.4999170e+06   2.3000000e+01
   6.4999890e+06   3.0000000e+01
   6.5000190e+06   2.3000000e+01
   6.5001900e+06   2.8000000e+01
   6.5002270e+06   2.2000000e+01
   6.5003040e+06   2.1000000e+01
   6.5004280e+06   1.9000000e+01
   6.5004950e+06   2.4000000e+01
   6.5006290e+06   2.6000000e+01
   6.5007150e+06   1.9000000e+01
   6.5008660e+06   2.1000000e+01
   6.5009660e+06   2.6000000e+01
   6.5010270e+06   2.8000000e+01
   6.5010680e+06   2.0000000e+01
   6.5011350e+06   2.8000000e+01
   6.5011950e+06   3.0000000e+01
   6.5012630e+06   2.9000000e+01
   6.5013690e+06   2.6000000e+01
   6.5015570e+06   2.3000000e+01
   6.5015870e+06   2.4000000e+01
   6.5016450e+06   2.0000000e+01
   6.5017210e+06   2.1000000e+01
   6.5018210e+06   2.0000000e+01
   6.5019140e+06   2.0000000e+01
   6.5019570e+06   2.0000000e+01
   6.5020300e+06   3.1000000e+01
   6.5021650e+06   2.0000000e+01
   6.5022460e+06   1.9000000e+01
   6.5023870e+06   2.1000000e+01
   6.5024910e+06   2.2000000e+01
   6.5025860e+06   1.9000000e+01
   6.5026880e+06   2.1000000e+01
   6.5027810e+06   2.1000000e+01
   6.5029300e+06   2.0000000e+01
   6.5029840e+06   2.2000000e+01
   6.5031290e+06   2.0000000e+01
   6.5034750e+06   2.0000000e+01
   6.5035000e+06   2.2000000e+01
   6.5038340e+06   1.9000000e+01
   6.5040410e+06   1.9000000e+01
   6.5103480e+06   1.9000000e+01
   6.5992180e+06   2.4000000e+01
   6.5996650e+06   1.9000000e+01
   6.5997440e+06   1.9000000e+01
   6.5998650e+06   2.3000000e+01
   6.5999580e+06   1.9000000e+01
   6.6001820e+06   2.0000000e+01
   6.6003890e+06   1.9000000e+01
   6.6004380e+06   1.9000000e+01
   6.6005690e+06   1.9000000e+01
   6.6006840e+06   2.1000000e+01
   6.6007590e+06   1.9000000e+01
   6.6011370e+06   2.5000000e+01
   6.6851040e+06   2.0000000e+01
   6.6855780e+06   2.1000000e+01
   6.6857300e+06   2.1000000e+01
   6.7147580e+06   1.9000000e+01
   6.7400330e+06   1.9000000e+01
   6.7401140e+06   1.9000000e+01
   6.8269780e+06   2.3000000e+01
   6.8273690e+06   1.9000000e+01
   6.8274660e+06   2.4000000e+01
   6.8279000e+06   2.2000000e+01
   6.8284270e+06   1.9000000e+01
   6.8284920e+06   1.9000000e+01
   6.8286080e+06   2.1000000e+01
   6.8287420e+06   1.9000000e+01
   6.8291510e+06   1.9000000e+01
   6.8292690e+06   2.2000000e+01
   6.8294270e+06   1.9000000e+01
   6.8294820e+06   2.6000000e+01
   6.8296140e+06   2.1000000e+01
   6.8296830e+06   2.5000000e+01
   6.8298820e+06   2.1000000e+01
   6.8300880e+06   2.4000000e+01
   6.8301890e+06   1.9000000e+01
   6.8303810e+06   2.5000000e+01
   6.8305160e+06   2.0000000e+01
   6.8309370e+06   2.0000000e+01
   6.8310870e+06   1.9000000e+01
   6.8312230e+06   1.9000000e+01
   6.9068380e+06   1.9000000e+01
   6.9070490e+06   2.0000000e+01
   6.9073400e+06   1.9000000e+01
   6.9076900e+06   1.9000000e+01
   6.9078150e+06   2.0000000e+01
   6.9083510e+06   2.2000000e+01
   6.9085260e+06   2.1000000e+01
   6.9086840e+06   1.9000000e+01
   6.9087780e+06   1.9000000e+01
   6.9089020e+06   2.4000000e+01
   6.9090830e+06   1.9000000e+01
   6.9091550e+06   2.3000000e+01
   6.9092100e+06   1.9000000e+01
   6.9092940e+06   1.9000000e+01
   6.9095020e+06   2.5000000e+01
   6.9098240e+06   2.0000000e+01
   6.9099720e+06   2.1000000e+01
   6.9101630e+06   1.9000000e+01
   6.9102650e+06   2.1000000e+01
   6.9103830e+06   1.9000000e+01
   6.9105820e+06   2.1000000e+01
   6.9108470e+06   2.1000000e+01
   6.9109510e+06   1.9000000e+01
   6.9111310e+06   2.0000000e+01
   6.9113130e+06   1.9000000e+01
   6.9118360e+06   1.9000000e+01
   6.9128200e+06   1.9000000e+01
   6.9131650e+06   1.9000000e+01
   6.9137050e+06   2.2000000e+01
   6.9847870e+06   2.5000000e+01
   7.0356590e+06   2.0000000e+01
   7.0358020e+06   1.9000000e+01
   7.0363430e+06   1.9000000e+01
   7.0366440e+06   2.4000000e+01
   7.0372410e+06   1.9000000e+01
   7.0373110e+06   2.1000000e+01
   7.0374930e+06   1.9000000e+01
   7.0378190e+06   2.1000000e+01
   7.0385480e+06   1.9000000e+01
   7.0945630e+06   1.9000000e+01
   7.1148920e+06   1.9000000e+01
   7.1153190e+06   1.9000000e+01
   7.1225670e+06   2.0000000e+01
   7.1234240e+06   1.9000000e+01
   7.1238060e+06   2.2000000e+01
   7.1242100e+06   2.0000000e+01
   7.1242450e+06   2.4000000e+01
   7.1286110e+06   2.0000000e+01
   7.1736120e+06   2.0000000e+01
   7.1737140e+06   1.9000000e+01
   7.1743580e+06   2.0000000e+01
   7.1744380e+06   1.9000000e+01
   7.1745500e+06   2.1000000e+01
   7.1746270e+06   2.0000000e+01
   7.1747810e+06   2.4000000e+01
   7.1748420e+06   2.3000000e+01
   7.1751970e+06   1.9000000e+01
   7.1753090e+06   2.0000000e+01
   7.1754810e+06   1.9000000e+01
   7.1755310e+06   2.4000000e+01
   7.1756870e+06   2.2000000e+01
   7.1757350e+06   2.0000000e+01
   7.1757860e+06   2.2000000e+01
   7.1760100e+06   1.9000000e+01
   7.1761850e+06   2.6000000e+01
   7.1765080e+06   2.1000000e+01
   7.1765410e+06   2.3000000e+01
   7.1766250e+06   2.4000000e+01
   7.1767100e+06   2.1000000e+01
   7.1767540e+06   2.6000000e+01
   7.1769760e+06   2.2000000e+01
   7.1770130e+06   2.0000000e+01
   7.1770670e+06   1.9000000e+01
   7.1771380e+06   2.1000000e+01
   7.1772560e+06   2.0000000e+01
   7.1773620e+06   2.0000000e+01
   7.1774830e+06   2.9000000e+01
   7.1775260e+06   2.4000000e+01
   7.1776030e+06   2.1000000e+01
   7.1777000e+06   1.9000000e+01
   7.1777290e+06   2.1000000e+01
   7.1778220e+06   2.1000000e+01
   7.1779630e+06   1.9000000e+01
   7.1780280e+06   1.9000000e+01
   7.1781400e+06   2.1000000e+01
   7.1782700e+06   2.0000000e+01
   7.1783010e+06   2.3000000e+01
   7.1784310e+06   1.9000000e+01
   7.1788240e+06   2.2000000e+01
   7.1791600e+06   1.9000000e+01
   7.1801440e+06   2.0000000e+01
   7.1803950e+06   1.9000000e+01
   7.1807800e+06   1.9000000e+01
   7.1808160e+06   2.2000000e+01
   7.3070410e+06   2.4000000e+01
   7.3071260e+06   2.1000000e+01
   7.3098490e+06   1.9000000e+01
   7.3100650e+06   1.9000000e+01
   7.3103990e+06   1.9000000e+01
   7.3104870e+06   1.9000000e+01
   7.3107600e+06   2.0000000e+01
   7.3108640e+06   2.0000000e+01
   7.3110010e+06   2.1000000e+01
   7.3118060e+06   1.9000000e+01
   7.3120320e+06   1.9000000e+01
   7.3120730e+06   2.1000000e+01
   7.3122020e+06   2.0000000e+01
   7.3125410e+06   2.0000000e+01
   7.3708370e+06   2.0000000e+01
   7.3740040e+06   1.9000000e+01
   7.3745680e+06   2.0000000e+01
   7.3746430e+06   1.9000000e+01
   7.3748180e+06   1.9000000e+01
   7.3750020e+06   2.0000000e+01
   7.4577980e+06   1.9000000e+01
   7.4592060e+06   2.0000000e+01
   7.4599850e+06   2.0000000e+01
   7.4601780e+06   2.0000000e+01
   7.4602600e+06   2.0000000e+01
   7.4603570e+06   2.1000000e+01
   7.4604470e+06   2.4000000e+01
   7.4605670e+06   2.1000000e+01
   7.4608830e+06   2.2000000e+01
   7.4610090e+06   2.0000000e+01
   7.4611490e+06   2.3000000e+01
   7.4612710e+06   2.3000000e+01
   7.4617810e+06   1.9000000e+01
