   3.0000000e+06   0.0000000e+00
   3.5987000e+04   3.4851074e+01
   3.6000000e+04   4.8889160e+01
   3.6016000e+04   3.3935547e+01
   3.6034000e+04   4.9438477e+01
   3.6052000e+04   3.2226563e+01
   3.6076000e+04   4.6203613e+01
   3.6087000e+04   3.3935547e+01
   3.6097000e+04   3.2836914e+01
   3.6125000e+04   3.4790039e+01
   3.6146000e+04   3.4606934e+01
   3.6183000e+04   5.2368164e+01
   3.6210000e+04   3.6315918e+01
   3.6274000e+04   4.8339844e+01
   3.6386000e+04   3.4484863e+01
   3.6413000e+04   3.8452148e+01
   3.6440000e+04   3.5156250e+01
   3.6479000e+04   3.6499023e+01
   3.6551000e+04   3.2592773e+01
   3.6576000e+04   4.4860840e+01
   3.6618000e+04   3.3874512e+01
   3.6685000e+04   3.3508301e+01
   3.6735000e+04   3.3081055e+01
   3.7014000e+04   3.3874512e+01
   3.7052000e+04   3.9367676e+01
   3.7191000e+04   3.2226563e+01
   3.7313000e+04   3.4790039e+01
   3.7595000e+04   3.2470703e+01
   3.7623000e+04   3.4118652e+01
   3.7705000e+04   3.6437988e+01
   3.8373000e+04   3.5400391e+01
   8.6414000e+04   4.1442871e+01
   8.6437000e+04   5.4870605e+01
   8.6455000e+04   3.5461426e+01
   8.6473000e+04   3.8391113e+01
   8.6496000e+04   5.7861328e+01
   8.6519000e+04   3.8757324e+01
   8.6539000e+04   4.2053223e+01
   8.6572000e+04   4.7058105e+01
   8.6622000e+04   3.6865234e+01
   8.6639000e+04   3.3813477e+01
   8.6676000e+04   3.5705566e+01
   8.6701000e+04   4.1259766e+01
   8.6762000e+04   4.0405273e+01
   8.6846000e+04   3.4484863e+01
   8.6864000e+04   3.6865234e+01
   8.6940000e+04   3.7719727e+01
   8.6972000e+04   4.7973633e+01
   8.6998000e+04   4.0527344e+01
   8.7063000e+04   3.3691406e+01
   8.7146000e+04   3.5339355e+01
   8.7314000e+04   3.5522461e+01
   8.7413000e+04   3.5217285e+01
   8.7500000e+04   5.2612305e+01
   8.7627000e+04   3.9123535e+01
   8.7747000e+04   3.5095215e+01
   8.7992000e+04   3.7536621e+01
   8.8382000e+04   3.4179688e+01
   1.3570400e+05   3.6376953e+01
   1.3575100e+05   4.4067383e+01
   1.3579300e+05   3.7475586e+01
   1.3580900e+05   4.2419434e+01
   1.3583000e+05   3.5461426e+01
   1.3587300e+05   3.5400391e+01
   1.3590800e+05   4.4799805e+01
   1.3593400e+05   7.1838379e+01
   1.3601100e+05   3.3020020e+01
   1.3619600e+05   4.0527344e+01
   1.3621900e+05   4.6447754e+01
   1.3627800e+05   3.3813477e+01
   1.3631700e+05   4.9682617e+01
   1.3640800e+05   3.3630371e+01
   1.3654700e+05   3.2226563e+01
   1.3665000e+05   5.0598145e+01
   1.3738800e+05   4.7973633e+01
   1.3741000e+05   4.2724609e+01
   1.8254300e+05   3.6437988e+01
   1.8255500e+05   4.7973633e+01
   1.8257100e+05   3.2470703e+01
   1.8259200e+05   3.8757324e+01
   1.8261000e+05   7.4523926e+01
   1.8263800e+05   4.1809082e+01
   1.8266500e+05   4.5227051e+01
   1.8269500e+05   3.7902832e+01
   1.8291600e+05   3.3691406e+01
   1.8298900e+05   3.3325195e+01
   1.8304400e+05   3.4057617e+01
   1.8307700e+05   5.9143066e+01
   1.8310900e+05   3.6560059e+01
   1.8313600e+05   3.8635254e+01
   1.8321400e+05   3.9733887e+01
   1.8330300e+05   3.8330078e+01
   1.8339200e+05   3.4362793e+01
   1.8349400e+05   4.5166016e+01
   1.8374700e+05   3.8696289e+01
   2.3171000e+05   3.4484863e+01
   2.3173500e+05   3.9428711e+01
   2.3175200e+05   3.6621094e+01
   2.3178400e+05   3.2287598e+01
   2.3180100e+05   3.4179688e+01
   2.3183400e+05   5.9448242e+01
   2.3186700e+05   4.4189453e+01
   2.3189800e+05   3.4179688e+01
   2.3205400e+05   4.5837402e+01
   2.3217300e+05   5.1025391e+01
   2.3218400e+05   4.3029785e+01
   2.3221300e+05   4.2541504e+01
   2.3227000e+05   4.4555664e+01
   2.3228900e+05   3.3752441e+01
   2.3258500e+05   4.1137695e+01
   2.3267300e+05   3.4973145e+01
   2.3280400e+05   3.8818359e+01
   2.3289100e+05   3.7109375e+01
   2.3293100e+05   4.2846680e+01
   2.3323100e+05   3.3203125e+01
   2.8061800e+05   3.2958984e+01
   2.8065800e+05   5.9936523e+01
   2.8067600e+05   5.2001953e+01
   2.8069700e+05   3.3081055e+01
   2.8077900e+05   4.3945312e+01
   2.8081500e+05   3.2592773e+01
   2.8085400e+05   3.2897949e+01
   2.8103000e+05   3.4423828e+01
   2.8105600e+05   4.1259766e+01
   2.8116300e+05   3.7475586e+01
   2.8120800e+05   4.4250488e+01
   2.8123500e+05   3.3264160e+01
   2.8126600e+05   4.0893555e+01
   2.8132100e+05   3.4545898e+01
   2.8142100e+05   4.4921875e+01
   2.8154600e+05   3.3752441e+01
   2.8172500e+05   3.4545898e+01
   2.8207800e+05   4.2175293e+01
   3.2748500e+05   3.8146973e+01
   3.2752200e+05   3.6071777e+01
   3.2753900e+05   3.3142090e+01
   3.2758500e+05   3.3325195e+01
   3.2760700e+05   3.6254883e+01
   3.2763300e+05   4.6691895e+01
   3.2795500e+05   3.3264160e+01
   3.2799100e+05   3.4606934e+01
   3.2801100e+05   5.2185059e+01
   3.2808000e+05   3.9184570e+01
   3.2826500e+05   3.2958984e+01
   3.2828600e+05   3.3325195e+01
   3.2833700e+05   3.4790039e+01
   3.2837700e+05   4.4372559e+01
   3.2841700e+05   3.8085938e+01
   3.2849600e+05   3.8513184e+01
   3.2864000e+05   3.5278320e+01
   3.2875000e+05   4.3090820e+01
   3.2879200e+05   4.5349121e+01
   3.7664300e+05   4.1076660e+01
   3.7668000e+05   3.9184570e+01
   3.7670400e+05   4.4372559e+01
   3.7671600e+05   3.8208008e+01
   3.7682200e+05   4.3762207e+01
   3.7811000e+05   3.8452148e+01
   3.7813500e+05   3.4240723e+01
   3.7815700e+05   3.5949707e+01
   3.7818600e+05   3.7170410e+01
   3.7819900e+05   3.4179688e+01
   3.7821800e+05   4.5776367e+01
   3.7828400e+05   3.5278320e+01
   3.7830400e+05   3.2775879e+01
   3.7835400e+05   3.8085938e+01
   3.7851700e+05   4.3579102e+01
   3.7863100e+05   3.5461426e+01
   3.7901500e+05   3.4423828e+01
   3.7910100e+05   3.7353516e+01
   3.7919300e+05   3.6376953e+01
   3.7938100e+05   4.6264648e+01
   3.7945100e+05   4.0832520e+01
   3.7948600e+05   4.3945313e+01
   4.2076700e+05   5.3039551e+01
   4.2082400e+05   4.2724609e+01
   4.2088800e+05   4.0039063e+01
   4.2091100e+05   4.5898437e+01
   4.2094200e+05   3.9550781e+01
   4.2096900e+05   3.5522461e+01
   4.2164900e+05   5.9631348e+01
   4.2166800e+05   8.2580566e+01
   4.2171500e+05   4.9316406e+01
   4.2173600e+05   4.1564941e+01
   4.2176000e+05   5.5358887e+01
   4.2213400e+05   3.8940430e+01
   4.2214800e+05   5.2368164e+01
   4.2220500e+05   4.0222168e+01
   4.2223100e+05   3.7353516e+01
   4.2251200e+05   5.6335449e+01
   4.7046100e+05   3.4790039e+01
   4.7047800e+05   3.6865234e+01
   4.7052100e+05   3.3142090e+01
   4.7056500e+05   3.8818359e+01
   4.7062300e+05   3.6499023e+01
   4.7173800e+05   4.2236328e+01
   4.7185400e+05   3.2714844e+01
   4.8274700e+05   3.6987305e+01
   4.8281400e+05   3.3264160e+01
   4.8294900e+05   3.5156250e+01
   4.8302600e+05   4.3823242e+01
   4.8304900e+05   3.7231445e+01
   4.8321800e+05   3.2348633e+01
   4.8326100e+05   3.4851074e+01
   4.8328600e+05   4.0710449e+01
   4.8333100e+05   3.6376953e+01
   4.8369300e+05   4.5715332e+01
   4.8373000e+05   3.5705566e+01
   4.8374100e+05   3.4179688e+01
   4.8377100e+05   4.0161133e+01
   4.8386500e+05   3.6865234e+01
   4.8420400e+05   5.0598145e+01
   4.8424000e+05   4.3762207e+01
   4.8430600e+05   3.4484863e+01
   4.8457900e+05   4.8156738e+01
   4.8465300e+05   3.2592773e+01
   4.8471700e+05   3.6315918e+01
   5.4343200e+05   3.4606934e+01
   5.4354300e+05   3.3935547e+01
   5.4357100e+05   3.4790039e+01
   5.4359000e+05   3.3386230e+01
   5.4371400e+05   3.2409668e+01
   5.4394000e+05   4.5043945e+01
   5.4396000e+05   4.2419434e+01
   5.4399200e+05   3.3081055e+01
   5.4401400e+05   3.4301758e+01
   5.4405200e+05   3.5522461e+01
   5.4409000e+05   3.8757324e+01
   5.4417800e+05   3.6743164e+01
   5.4444200e+05   4.1381836e+01
   5.4452900e+05   4.4006348e+01
   5.4477000e+05   3.2897949e+01
   5.4486800e+05   3.3447266e+01
   5.4523700e+05   5.2734375e+01
   5.4528700e+05   3.4301758e+01
   5.4532000e+05   3.5827637e+01
   5.4539400e+05   4.8950195e+01
   5.4573500e+05   3.3630371e+01
   5.4575600e+05   4.6020508e+01
   5.4602000e+05   3.4667969e+01
   5.9795600e+05   3.6743164e+01
   5.9968800e+05   4.5837402e+01
   5.9972900e+05   3.8452148e+01
   5.9976800e+05   3.4118652e+01
   5.9983100e+05   3.7963867e+01
   6.0054200e+05   3.8146973e+01
   6.0056400e+05   4.0649414e+01
   6.0058500e+05   4.2907715e+01
   6.0061600e+05   3.3264160e+01
   6.0064300e+05   3.3813477e+01
   6.0067100e+05   3.3752441e+01
   6.0076400e+05   3.2287598e+01
   6.0094200e+05   3.7109375e+01
   6.0097500e+05   3.4057617e+01
   6.0105200e+05   4.0832520e+01
   6.0119300e+05   3.7658691e+01
   6.0132500e+05   3.8269043e+01
   6.0178400e+05   3.4545898e+01
   6.0182400e+05   5.7800293e+01
   6.0185100e+05   4.5349121e+01
   6.0192800e+05   3.6132813e+01
   6.0200800e+05   3.7841797e+01
   6.0228400e+05   3.3752441e+01
   6.0240200e+05   4.1320801e+01
   6.0280100e+05   3.5949707e+01
   6.0287200e+05   3.6987305e+01
   6.0369500e+05   3.7780762e+01
   6.0416000e+05   3.5644531e+01
   6.0431400e+05   3.3752441e+01
   6.0448900e+05   3.4118652e+01
   6.0495000e+05   3.4729004e+01
   6.0539200e+05   3.3691406e+01
   6.0557500e+05   3.3508301e+01
   6.0583400e+05   3.5766602e+01
   6.6034900e+05   3.4362793e+01
   6.6078900e+05   4.3762207e+01
   6.6081200e+05   4.0344238e+01
   6.6090700e+05   4.7790527e+01
   6.6169300e+05   3.8818359e+01
   6.6170600e+05   3.9184570e+01
   6.6172100e+05   3.5766602e+01
   6.6179600e+05   4.8828125e+01
   6.6180800e+05   3.3142090e+01
   6.6184700e+05   4.5104980e+01
   6.6190000e+05   3.3081055e+01
   6.6191000e+05   4.1259766e+01
   6.6202000e+05   3.6743164e+01
   6.6217600e+05   3.8085938e+01
   6.6271300e+05   3.9123535e+01
   6.6285500e+05   3.5339355e+01
   6.6310300e+05   3.3569336e+01
   6.6328700e+05   3.5400391e+01
   6.6336500e+05   3.3874512e+01
   7.1720100e+05   3.2836914e+01
   7.1726200e+05   3.9855957e+01
   7.1728300e+05   7.1716309e+01
   7.1731700e+05   3.4729004e+01
   7.1733700e+05   4.2968750e+01
   7.1736100e+05   3.6926270e+01
   7.1743200e+05   3.5217285e+01
   7.1746400e+05   3.6437988e+01
   7.1767400e+05   3.3081055e+01
   7.1776900e+05   3.3020020e+01
   7.1784400e+05   3.4057617e+01
   7.1789700e+05   3.4973145e+01
   7.1793000e+05   3.4729004e+01
   7.1799600e+05   3.5644531e+01
   7.1826600e+05   3.5827637e+01
   7.1851500e+05   3.6315918e+01
   7.7393400e+05   3.4545898e+01
   7.7427900e+05   3.7170410e+01
   7.7534100e+05   3.2653809e+01
   7.7542100e+05   3.7841797e+01
   7.7547900e+05   4.5715332e+01
   7.7776500e+05   3.6621094e+01
   7.7781400e+05   3.6865234e+01
   7.8469000e+05   4.5166016e+01
   7.8476200e+05   5.0415039e+01
   7.8478700e+05   3.2775879e+01
   7.8481300e+05   3.4851074e+01
   7.8485400e+05   4.3701172e+01
   7.8489900e+05   4.2114258e+01
   7.8493500e+05   3.3264160e+01
   7.8543500e+05   4.1198730e+01
   7.8548500e+05   3.2470703e+01
   7.8567000e+05   3.3264160e+01
   7.8575800e+05   3.9062500e+01
   7.8579200e+05   5.0659180e+01
   7.8582800e+05   3.5339355e+01
   7.8593400e+05   3.8696289e+01
   7.8599200e+05   3.3569336e+01
   7.8604600e+05   3.5034180e+01
   7.8614300e+05   3.7292480e+01
   7.8631900e+05   4.5471191e+01
   7.8643800e+05   3.3996582e+01
   7.8660400e+05   3.2531738e+01
   8.3857800e+05   3.2714844e+01
   8.3875700e+05   3.7902832e+01
   8.3886300e+05   4.5410156e+01
   8.4017000e+05   4.8339844e+01
   8.4021600e+05   3.7841797e+01
   8.4026300e+05   3.9855957e+01
   8.4028300e+05   3.8757324e+01
   8.4030700e+05   5.5603027e+01
   8.4060900e+05   3.5827637e+01
   8.4064100e+05   3.2836914e+01
   8.4074100e+05   5.0170898e+01
   8.4091500e+05   3.4973145e+01
   8.4120400e+05   5.1940918e+01
   8.4124100e+05   3.9428711e+01
   8.4180700e+05   3.4545898e+01
   8.9147500e+05   3.8330078e+01
   8.9153100e+05   3.2714844e+01
   8.9166700e+05   3.3874512e+01
   8.9170700e+05   4.4860840e+01
   8.9184100e+05   5.3344727e+01
   8.9310200e+05   3.5644531e+01
   8.9312900e+05   4.2663574e+01
   8.9315200e+05   4.0039063e+01
   8.9317400e+05   4.1320801e+01
   8.9318900e+05   4.1564941e+01
   8.9321500e+05   3.3874512e+01
   8.9336800e+05   3.3081055e+01
   8.9351600e+05   3.6499023e+01
   8.9353600e+05   4.2907715e+01
   8.9355300e+05   3.6132813e+01
   8.9361400e+05   3.6987305e+01
   8.9369300e+05   4.5227051e+01
   8.9381100e+05   3.6376953e+01
   8.9389200e+05   3.8208008e+01
   8.9397200e+05   4.0161133e+01
   8.9407100e+05   3.2775879e+01
   8.9409000e+05   4.3884277e+01
   8.9427600e+05   3.4179688e+01
   8.9456700e+05   4.6142578e+01
   8.9502400e+05   3.3081055e+01
   8.9522400e+05   3.2470703e+01
   9.4070500e+05   3.9306641e+01
   9.4337800e+05   3.3386230e+01
   9.4340600e+05   3.6560059e+01
   9.4345100e+05   4.6142578e+01
   9.4523900e+05   3.4545898e+01
   9.4536000e+05   3.4484863e+01
   9.4538900e+05   4.4738770e+01
   9.4546500e+05   4.8461914e+01
   9.4557300e+05   3.9611816e+01
   9.4565700e+05   4.0466309e+01
   9.4576300e+05   4.0039063e+01
   9.4588500e+05   3.6926270e+01
   9.4599800e+05   3.4912109e+01
   9.4700700e+05   3.3752441e+01
   9.9048500e+05   3.2653809e+01
   9.9128400e+05   3.7414551e+01
   9.9196600e+05   3.2653809e+01
   9.9215900e+05   4.0588379e+01
   9.9230000e+05   3.3508301e+01
   1.0366420e+06   4.2114258e+01
   1.0368810e+06   3.4484863e+01
   1.0370110e+06   3.3020020e+01
   1.0372140e+06   3.9245605e+01
   1.0372660e+06   3.4423828e+01
   1.0372900e+06   3.2897949e+01
   1.0378430e+06   3.3630371e+01
   1.0380150e+06   3.8757324e+01
   1.0382180e+06   3.6621094e+01
   1.0387600e+06   3.3142090e+01
   1.0847140e+06   3.5644531e+01
   1.0849220e+06   3.3325195e+01
   1.0854930e+06   3.7353516e+01
   1.0855330e+06   3.3020020e+01
   1.0860380e+06   3.6315918e+01
   1.0862260e+06   5.0048828e+01
   1.0864060e+06   3.5888672e+01
   1.0865100e+06   3.9184570e+01
   1.0870270e+06   3.5217285e+01
   1.1220620e+06   3.8024902e+01
   1.1221940e+06   3.8513184e+01
   1.1223250e+06   4.7485352e+01
   1.1229130e+06   3.7170410e+01
   1.1243590e+06   4.3579102e+01
   1.1279670e+06   3.4423828e+01
   1.1280110e+06   4.2114258e+01
   1.1332630e+06   3.3142090e+01
   1.1333040e+06   3.2409668e+01
   1.1353620e+06   4.4921875e+01
   1.1379990e+06   3.2897949e+01
   1.1421770e+06   3.3020020e+01
   1.1453350e+06   3.5888672e+01
   1.1472300e+06   3.2836914e+01
   1.1473390e+06   3.9916992e+01
   1.1473500e+06   4.6508789e+01
   1.1476300e+06   3.5278320e+01
   1.1479370e+06   3.9306641e+01
   1.1481130e+06   3.3447266e+01
   1.1482520e+06   4.3518066e+01
   1.1485060e+06   3.3508301e+01
   1.1863970e+06   4.0527344e+01
   1.1865400e+06   4.2297363e+01
   1.1866100e+06   4.3823242e+01
   1.1868070e+06   3.2714844e+01
   1.1868510e+06   3.8635254e+01
   1.1871620e+06   3.7658691e+01
   1.1876890e+06   3.2348633e+01
   1.2273610e+06   3.2470703e+01
   1.2278430e+06   5.6945801e+01
   1.2278710e+06   3.9550781e+01
   1.2284800e+06   3.4851074e+01
   1.2288570e+06   3.5766602e+01
   1.2291930e+06   4.1564941e+01
   1.2707480e+06   4.3823242e+01
   1.2707590e+06   5.6579590e+01
   1.2708190e+06   3.4179688e+01
   1.2708550e+06   4.4372559e+01
   1.2708660e+06   4.3212891e+01
   1.2712870e+06   3.7231445e+01
   1.2713910e+06   3.3508301e+01
   1.2719490e+06   3.3020020e+01
   1.2723570e+06   3.9794922e+01
   1.3200630e+06   4.5166016e+01
   1.3260220e+06   3.7597656e+01
   1.3260600e+06   6.1340332e+01
   1.3260760e+06   3.2348633e+01
   1.3261370e+06   3.3569336e+01
   1.3265630e+06   4.7180176e+01
   1.3267230e+06   4.0039063e+01
   1.3267420e+06   3.9245605e+01
   1.3268940e+06   3.9306641e+01
   1.3275010e+06   3.7414551e+01
   1.3278080e+06   4.3457031e+01
   1.3644720e+06   4.2175293e+01
   1.3649010e+06   3.2348633e+01
   1.3649910e+06   3.2836914e+01
   1.3651660e+06   4.1564941e+01
   1.3655390e+06   3.3752441e+01
   1.3657220e+06   3.3874512e+01
   1.3657490e+06   4.1870117e+01
   1.3658270e+06   4.3945312e+01
   1.3658780e+06   3.4790039e+01
   1.3687950e+06   3.7475586e+01
   1.3693830e+06   4.2114258e+01
   1.3978440e+06   3.3630371e+01
   1.3983860e+06   3.6987305e+01
   1.3984070e+06   3.3325195e+01
   1.3984640e+06   3.2287598e+01
   1.3984790e+06   3.4606934e+01
   1.3988390e+06   3.5644531e+01
   1.3988760e+06   5.5664063e+01
   1.3989530e+06   3.5949707e+01
   1.3997040e+06   4.4494629e+01
   1.4006710e+06   4.2907715e+01
   1.4460910e+06   3.8879395e+01
   1.4461300e+06   3.4362793e+01
   1.4461580e+06   3.5888672e+01
   1.4462240e+06   3.8146973e+01
   1.4462800e+06   3.5522461e+01
   1.4462920e+06   3.2470703e+01
   1.4466190e+06   3.6926270e+01
   1.4468630e+06   3.5400391e+01
   1.4468950e+06   4.2053223e+01
   1.4473970e+06   5.3588867e+01
   1.4474370e+06   3.8085938e+01
   1.4474840e+06   3.2653809e+01
   1.4475630e+06   3.6010742e+01
   1.4476820e+06   3.3752441e+01
   1.4482990e+06   3.3508301e+01
   1.4483760e+06   3.6560059e+01
   1.4879960e+06   4.1564941e+01
   1.4880370e+06   3.6193848e+01
   1.4880810e+06   3.2348633e+01
   1.4882310e+06   3.5095215e+01
   1.4882980e+06   3.4362793e+01
   1.4883370e+06   4.3518066e+01
   1.4883590e+06   3.8574219e+01
   1.4883790e+06   3.2531738e+01
   1.4884150e+06   4.6569824e+01
   1.4884690e+06   4.1198730e+01
   1.4887700e+06   4.4433594e+01
   1.4902520e+06   5.0170898e+01
   1.4907400e+06   3.4362793e+01
   1.4907790e+06   4.4860840e+01
   1.4914850e+06   3.7109375e+01
   1.4917230e+06   3.3203125e+01
   1.4918260e+06   4.3029785e+01
   1.4919160e+06   4.1809082e+01
   1.4944030e+06   3.7231445e+01
   1.5275590e+06   3.3935547e+01
   1.5276070e+06   3.3630371e+01
   1.5282560e+06   4.3884277e+01
   1.5283070e+06   4.5288086e+01
   1.5283290e+06   3.4118652e+01
   1.5283660e+06   4.4433594e+01
   1.5284250e+06   3.2897949e+01
   1.5286370e+06   3.3081055e+01
   1.5287170e+06   3.4545898e+01
   1.5287470e+06   3.5888672e+01
   1.5287990e+06   3.3325195e+01
   1.5289980e+06   3.2897949e+01
   1.5290760e+06   4.1015625e+01
   1.5292140e+06   3.5888672e+01
   1.5292530e+06   3.2897949e+01
   1.5294780e+06   3.9978027e+01
   1.5300890e+06   4.0100098e+01
   1.5301730e+06   3.8696289e+01
   1.5317930e+06   3.6499023e+01
   1.5640070e+06   3.8879395e+01
   1.5640780e+06   3.4973145e+01
   1.5640890e+06   3.4790039e+01
   1.5641290e+06   3.2287598e+01
   1.5641400e+06   4.2846680e+01
   1.5641620e+06   3.9794922e+01
   1.5641960e+06   4.0405273e+01
   1.5642170e+06   3.3264160e+01
   1.5642510e+06   4.7912598e+01
   1.5645150e+06   4.5837402e+01
   1.5646490e+06   3.4851074e+01
   1.5647110e+06   3.3447266e+01
   1.5647280e+06   3.3386230e+01
   1.5648030e+06   4.9377441e+01
   1.5648420e+06   3.5461426e+01
   1.5648570e+06   3.8085938e+01
   1.5648820e+06   4.1381836e+01
   1.5650930e+06   3.5400391e+01
   1.5652210e+06   3.8208008e+01
   1.5652540e+06   3.6804199e+01
   1.5653230e+06   3.3447266e+01
   1.5656870e+06   4.0649414e+01
   1.5657000e+06   3.6560059e+01
   1.5658150e+06   3.6987305e+01
   1.5659160e+06   4.1198730e+01
   1.5666050e+06   3.6315918e+01
   1.5668990e+06   3.3569336e+01
   1.6013980e+06   3.8085937e+01
   1.6014480e+06   3.9367676e+01
   1.6014580e+06   3.6315918e+01
   1.6015020e+06   3.6437988e+01
   1.6015230e+06   3.3813477e+01
   1.6018590e+06   3.2592773e+01
   1.6019060e+06   5.1208496e+01
   1.6019830e+06   3.5095215e+01
   1.6021440e+06   3.8757324e+01
   1.6022130e+06   4.6142578e+01
   1.6023050e+06   4.1381836e+01
   1.6026020e+06   4.4250488e+01
   1.6026340e+06   4.6569824e+01
   1.6026950e+06   4.0954590e+01
   1.6035950e+06   3.4667969e+01
   1.6037670e+06   3.2348633e+01
   1.6044000e+06   4.8156738e+01
   1.6416940e+06   4.2724609e+01
   1.6417870e+06   3.3813477e+01
   1.6418530e+06   4.0649414e+01
   1.6421840e+06   3.8024902e+01
   1.6423020e+06   3.2958984e+01
   1.6423890e+06   3.4057617e+01
   1.6431420e+06   3.3874512e+01
   1.6431790e+06   4.5715332e+01
   1.6432020e+06   4.5715332e+01
   1.6432320e+06   3.6071777e+01
   1.6432680e+06   3.3325195e+01
   1.6432980e+06   4.3579102e+01
   1.6433950e+06   3.8269043e+01
   1.6434760e+06   4.1931152e+01
   1.6435860e+06   3.3691406e+01
   1.6435980e+06   5.0659180e+01
   1.6436800e+06   3.2287598e+01
   1.6437910e+06   3.2714844e+01
   1.6439110e+06   3.7963867e+01
   1.6440160e+06   3.8330078e+01
   1.6441080e+06   3.4179688e+01
   1.6442070e+06   3.6071777e+01
   1.6449660e+06   4.2053223e+01
   1.6451460e+06   3.4851074e+01
   1.6805460e+06   3.4851074e+01
   1.6816340e+06   4.1809082e+01
   1.6820390e+06   5.4138184e+01
   1.6820910e+06   3.6865234e+01
   1.6821070e+06   3.5278320e+01
   1.6821360e+06   3.3996582e+01
   1.6823030e+06   4.6569824e+01
   1.6823320e+06   3.6132813e+01
   1.6823700e+06   3.9550781e+01
   1.6824310e+06   4.0039063e+01
   1.6824530e+06   5.4748535e+01
   1.6824730e+06   3.6376953e+01
   1.6825380e+06   3.9672852e+01
   1.6836370e+06   3.9367676e+01
   1.6836870e+06   3.4729004e+01
   1.6837120e+06   4.0039063e+01
   1.6838190e+06   4.1931152e+01
   1.6839390e+06   3.3935547e+01
   1.7253490e+06   3.7780762e+01
   1.7253930e+06   3.6499023e+01
   1.7254120e+06   3.6010742e+01
   1.7254540e+06   5.2795410e+01
   1.7255970e+06   3.7902832e+01
   1.7256880e+06   4.0283203e+01
   1.7261140e+06   3.7780762e+01
   1.7261580e+06   4.4799805e+01
   1.7262360e+06   3.9428711e+01
   1.7266620e+06   3.3447266e+01
   1.7633890e+06   3.9001465e+01
   1.7634240e+06   3.9123535e+01
   1.7639380e+06   3.4118652e+01
   1.7641000e+06   5.1147461e+01
   1.7641110e+06   3.6560059e+01
   1.7641390e+06   3.2653809e+01
   1.7641870e+06   3.2470703e+01
   1.7643070e+06   3.6193848e+01
   1.7644400e+06   3.4179688e+01
   1.7649470e+06   4.3884277e+01
   1.7651980e+06   3.6132813e+01
   1.8040830e+06   3.2592773e+01
   1.8041300e+06   3.7902832e+01
   1.8041660e+06   4.4189453e+01
   1.8041940e+06   5.6945801e+01
   1.8042310e+06   3.8146973e+01
   1.8042640e+06   4.2419434e+01
   1.8046960e+06   3.3630371e+01
   1.8048700e+06   5.0659180e+01
   1.8049030e+06   3.8757324e+01
   1.8049290e+06   4.4433594e+01
   1.8050410e+06   4.2175293e+01
   1.8053290e+06   3.6926270e+01
   1.8055590e+06   4.8461914e+01
   1.8058940e+06   3.6926270e+01
   1.8059570e+06   3.9062500e+01
   1.8063820e+06   3.4118652e+01
   1.8064770e+06   3.3264160e+01
   1.8448420e+06   4.7241211e+01
   1.8450290e+06   4.1992188e+01
   1.8459860e+06   3.9489746e+01
   1.8460120e+06   4.4189453e+01
   1.8460330e+06   4.3334961e+01
   1.8460530e+06   3.6193848e+01
   1.8460930e+06   3.5827637e+01
   1.8461110e+06   3.7536621e+01
   1.8461400e+06   5.0598145e+01
   1.8461700e+06   3.5217285e+01
   1.8463030e+06   3.9428711e+01
   1.8464370e+06   3.9611816e+01
   1.8465230e+06   3.4667969e+01
   1.8466520e+06   4.1198730e+01
   1.8467980e+06   3.5156250e+01
   1.8468900e+06   3.7170410e+01
   1.8469670e+06   3.5705566e+01
   1.8470670e+06   3.6376953e+01
   1.8471020e+06   3.4118652e+01
   1.8474280e+06   3.6804199e+01
   1.8475000e+06   3.9062500e+01
   1.8475890e+06   4.0100098e+01
   1.8477590e+06   3.2775879e+01
   1.8804160e+06   3.3996582e+01
   1.8805550e+06   3.3630371e+01
   1.8805860e+06   4.7546387e+01
   1.8806040e+06   5.8532715e+01
   1.8806280e+06   4.4128418e+01
   1.8806440e+06   3.6682129e+01
   1.8806790e+06   6.0119629e+01
   1.8807060e+06   3.9978027e+01
   1.8807370e+06   3.6987305e+01
   1.8808100e+06   3.6865234e+01
   1.8808840e+06   3.2592773e+01
   1.8810200e+06   3.4301758e+01
   1.8811260e+06   3.6743164e+01
   1.8811990e+06   4.1870117e+01
   1.8813550e+06   5.5175781e+01
   1.8814660e+06   3.7170410e+01
   1.8815970e+06   3.8146973e+01
   1.8821980e+06   3.7048340e+01
   1.8883080e+06   4.4372559e+01
   1.8894110e+06   4.1137695e+01
   1.8900720e+06   3.2653809e+01
   1.8900840e+06   3.2836914e+01
   1.8902030e+06   3.3813477e+01
   1.8902400e+06   4.5227051e+01
   1.8902620e+06   4.9011230e+01
   1.8902790e+06   4.7363281e+01
   1.8903160e+06   4.2480469e+01
   1.8903340e+06   3.9062500e+01
   1.8903880e+06   4.1259766e+01
   1.8904070e+06   3.5034180e+01
   1.8904270e+06   4.2480469e+01
   1.8904530e+06   4.1076660e+01
   1.8905240e+06   4.6447754e+01
   1.8905750e+06   3.6071777e+01
   1.8906550e+06   3.6315918e+01
   1.8908000e+06   3.7170410e+01
   1.8908400e+06   3.5583496e+01
   1.8910510e+06   3.7170410e+01
   1.8910610e+06   3.3447266e+01
   1.8911150e+06   4.7851562e+01
   1.8916020e+06   3.3874512e+01
   1.8921200e+06   3.6926270e+01
   1.8923240e+06   4.3640137e+01
   1.9348290e+06   3.2714844e+01
   1.9348650e+06   4.2175293e+01
   1.9348820e+06   4.9438477e+01
   1.9349140e+06   4.1381836e+01
   1.9349540e+06   4.3945312e+01
   1.9350100e+06   3.3874512e+01
   1.9350780e+06   3.3752441e+01
   1.9351000e+06   3.6743164e+01
   1.9351790e+06   3.5705566e+01
   1.9352580e+06   3.6987305e+01
   1.9353140e+06   4.5898438e+01
   1.9353630e+06   3.5461426e+01
   1.9354160e+06   4.7851562e+01
   1.9354760e+06   4.4738770e+01
   1.9355050e+06   5.8654785e+01
   1.9355930e+06   3.9916992e+01
   1.9357040e+06   3.4118652e+01
   1.9357300e+06   3.6437988e+01
   1.9359000e+06   3.3752441e+01
   1.9359200e+06   4.9804688e+01
   1.9362860e+06   3.8208008e+01
   1.9363110e+06   3.8818359e+01
   1.9363890e+06   3.9123535e+01
   1.9365170e+06   3.4606934e+01
   1.9365540e+06   3.5461426e+01
   1.9366450e+06   3.4301758e+01
   1.9368150e+06   3.5278320e+01
   1.9370240e+06   3.9611816e+01
   1.9371850e+06   3.4545898e+01
   1.9373010e+06   3.9978027e+01
   1.9374550e+06   3.6926270e+01
   1.9377870e+06   3.6682129e+01
   1.9391170e+06   3.4301758e+01
   1.9551850e+06   4.2419434e+01
   1.9552020e+06   4.2541504e+01
   1.9552330e+06   3.7780762e+01
   1.9552500e+06   5.7983398e+01
   1.9552660e+06   3.3508301e+01
   1.9553230e+06   6.5063477e+01
   1.9553420e+06   4.0771484e+01
   1.9553530e+06   4.7546387e+01
   1.9555900e+06   4.0161133e+01
   1.9556710e+06   3.5705566e+01
   1.9557390e+06   4.5837402e+01
   1.9557730e+06   3.2409668e+01
   1.9558260e+06   3.2714844e+01
   1.9558940e+06   3.5888672e+01
   1.9559090e+06   3.2287598e+01
   1.9560130e+06   3.6132813e+01
   1.9944590e+06   3.2836914e+01
   1.9958270e+06   4.3151855e+01
   1.9958680e+06   4.6875000e+01
   1.9958880e+06   4.8278809e+01
   1.9959530e+06   4.0405273e+01
   1.9959760e+06   3.9978027e+01
   1.9960050e+06   4.3823242e+01
   1.9960300e+06   3.4362793e+01
   1.9960480e+06   3.2287598e+01
   1.9960630e+06   3.3691406e+01
   1.9960900e+06   5.1818848e+01
   1.9961550e+06   5.4870605e+01
   1.9962180e+06   5.0170898e+01
   1.9962980e+06   3.2287598e+01
   1.9964070e+06   3.8574219e+01
   1.9964950e+06   3.4423828e+01
   1.9966020e+06   4.5898438e+01
   1.9966240e+06   3.6193848e+01
   1.9966370e+06   4.6020508e+01
   1.9966960e+06   5.1513672e+01
   1.9967220e+06   3.6010742e+01
   1.9967980e+06   3.4484863e+01
   1.9969190e+06   4.7363281e+01
   1.9969510e+06   3.2409668e+01
   1.9970010e+06   4.4799805e+01
   1.9971500e+06   3.6621094e+01
   1.9971900e+06   3.8024902e+01
   1.9973230e+06   4.1015625e+01
   1.9973720e+06   4.0710449e+01
   1.9974440e+06   4.5959473e+01
   1.9974760e+06   3.2836914e+01
   1.9975790e+06   3.2714844e+01
   1.9976070e+06   4.5043945e+01
   1.9976360e+06   3.8940430e+01
   1.9977440e+06   3.7353516e+01
   1.9978150e+06   3.3630371e+01
   1.9979360e+06   3.8146973e+01
   1.9979610e+06   3.8513184e+01
   1.9981810e+06   3.9245605e+01
   1.9982160e+06   3.6193848e+01
   1.9983990e+06   3.3935547e+01
   1.9985790e+06   3.3020020e+01
   1.9986900e+06   3.5278320e+01
   1.9987160e+06   3.2348633e+01
   1.9991970e+06   3.6560059e+01
   1.9992290e+06   3.6682129e+01
   1.9993800e+06   3.5278320e+01
   1.9995980e+06   3.2348633e+01
   1.9998790e+06   3.4179688e+01
   2.0004240e+06   3.4240723e+01
   2.0006250e+06   3.5461426e+01
   2.0008710e+06   3.4057617e+01
   2.0014430e+06   3.8879395e+01
   2.0399850e+06   4.0649414e+01
   2.0401920e+06   4.6447754e+01
   2.0402150e+06   3.6804199e+01
   2.0402570e+06   3.4790039e+01
   2.0402750e+06   4.0344238e+01
   2.0403010e+06   3.8940430e+01
   2.0403370e+06   5.3649902e+01
   2.0403540e+06   4.3151855e+01
   2.0404020e+06   3.4362793e+01
   2.0404290e+06   4.0100098e+01
   2.0405250e+06   3.6804199e+01
   2.0405370e+06   3.4545898e+01
   2.0406180e+06   4.2541504e+01
   2.0407880e+06   4.7119141e+01
   2.0408280e+06   4.5227051e+01
   2.0408910e+06   4.5166016e+01
   2.0409360e+06   3.3508301e+01
   2.0410550e+06   3.7780762e+01
   2.0411650e+06   3.6926270e+01
   2.0412640e+06   3.5827637e+01
   2.0413280e+06   4.1748047e+01
   2.0413710e+06   3.5888672e+01
   2.0413990e+06   3.7780762e+01
   2.0414660e+06   3.9001465e+01
   2.0415370e+06   3.4973145e+01
   2.0417610e+06   3.9428711e+01
   2.0417900e+06   4.2968750e+01
   2.0418560e+06   3.4667969e+01
   2.0419400e+06   4.3090820e+01
   2.0420850e+06   3.4179688e+01
   2.0425590e+06   3.9672852e+01
   2.0425930e+06   3.4545898e+01
   2.0429270e+06   4.9682617e+01
   2.0436990e+06   3.5888672e+01
   2.0444980e+06   3.8574219e+01
   2.0807270e+06   3.9428711e+01
   2.0809470e+06   3.3630371e+01
   2.0813480e+06   3.8757324e+01
   2.0813690e+06   3.8024902e+01
   2.0813910e+06   3.8208008e+01
   2.0814040e+06   6.1950684e+01
   2.0814440e+06   3.4362793e+01
   2.0814690e+06   3.9245605e+01
   2.0815320e+06   3.4423828e+01
   2.0815660e+06   3.7597656e+01
   2.0815990e+06   3.5827637e+01
   2.0816130e+06   3.2714844e+01
   2.0816460e+06   4.6386719e+01
   2.0817170e+06   5.4931641e+01
   2.0817790e+06   3.4790039e+01
   2.0818360e+06   3.3874512e+01
   2.0818580e+06   3.5888672e+01
   2.0818810e+06   3.3935547e+01
   2.0819720e+06   4.2541504e+01
   2.0820250e+06   5.0170898e+01
   2.0820470e+06   4.3151855e+01
   2.0820930e+06   4.1320801e+01
   2.0821390e+06   3.5461426e+01
   2.0821560e+06   3.9123535e+01
   2.0821940e+06   3.6804199e+01
   2.0822180e+06   3.2836914e+01
   2.0822300e+06   3.7841797e+01
   2.0822500e+06   4.1381836e+01
   2.0822860e+06   3.6437988e+01
   2.0825400e+06   4.3579102e+01
   2.0826280e+06   3.3874512e+01
   2.0827160e+06   3.7048340e+01
   2.0827480e+06   4.2175293e+01
   2.0828010e+06   3.3386230e+01
   2.0828160e+06   3.2897949e+01
   2.0829050e+06   4.0771484e+01
   2.0829280e+06   4.8278809e+01
   2.0830120e+06   3.5461426e+01
   2.0830390e+06   3.8391113e+01
   2.0830910e+06   3.4667969e+01
   2.0831270e+06   3.9855957e+01
   2.0831390e+06   3.8146973e+01
   2.0832480e+06   3.7292480e+01
   2.0833840e+06   3.3203125e+01
   2.0834200e+06   3.8269043e+01
   2.0835890e+06   3.4179688e+01
   2.0838320e+06   3.3569336e+01
   2.0839030e+06   3.6926270e+01
   2.0839620e+06   4.1137695e+01
   2.0840110e+06   3.7658691e+01
   2.0840690e+06   3.2836914e+01
   2.0840970e+06   3.8574219e+01
   2.0841990e+06   3.7414551e+01
   2.0842850e+06   4.1198730e+01
   2.0843110e+06   3.8085938e+01
   2.0843840e+06   3.3386230e+01
   2.0845540e+06   4.2846680e+01
   2.0846470e+06   4.0527344e+01
   2.0847240e+06   3.4118652e+01
   2.0847940e+06   4.0466309e+01
   2.0848710e+06   3.8818359e+01
   2.0849030e+06   4.1748047e+01
   2.0850530e+06   4.1809082e+01
   2.0850900e+06   4.4982910e+01
   2.0851480e+06   3.6071777e+01
   2.0852810e+06   3.5461426e+01
   2.0853070e+06   3.7475586e+01
   2.0855680e+06   3.7414551e+01
   2.0856020e+06   3.9245605e+01
   2.0856470e+06   4.6447754e+01
   2.0857420e+06   3.4790039e+01
   2.0857710e+06   4.7729492e+01
   2.0858020e+06   4.4799805e+01
   2.0859480e+06   3.2958984e+01
   2.0859810e+06   3.5827637e+01
   2.0862840e+06   3.2470703e+01
   2.0864230e+06   4.4677734e+01
   2.0865610e+06   3.4545898e+01
   2.0865860e+06   3.5095215e+01
   2.0867420e+06   3.2958984e+01
   2.0869860e+06   3.6010742e+01
   2.0871980e+06   3.2592773e+01
   2.0875030e+06   4.0100098e+01
   2.0876370e+06   3.3142090e+01
   2.0878120e+06   3.4667969e+01
   2.0882910e+06   4.0649414e+01
   2.0885350e+06   3.3996582e+01
   2.0885910e+06   3.8452148e+01
   2.0886810e+06   3.8818359e+01
   2.0889060e+06   3.8452148e+01
   2.0892080e+06   3.9428711e+01
   2.0895660e+06   3.7475586e+01
   2.0900550e+06   3.4667969e+01
   2.0905210e+06   3.2226563e+01
   2.0906350e+06   3.3081055e+01
   2.0908170e+06   4.4860840e+01
   2.0913630e+06   3.6682129e+01
   2.0915850e+06   4.1198730e+01
   2.0922140e+06   4.6020508e+01
   2.0925750e+06   3.3386230e+01
   2.0927480e+06   3.2470703e+01
   2.1193300e+06   4.0893555e+01
   2.1193640e+06   3.6743164e+01
   2.1193920e+06   3.6376953e+01
   2.1194260e+06   5.0109863e+01
   2.1194500e+06   3.4362793e+01
   2.1194750e+06   3.2592773e+01
   2.1195030e+06   3.8818359e+01
   2.1195640e+06   5.1147461e+01
   2.1196030e+06   3.6804199e+01
   2.1196850e+06   3.4301758e+01
   2.1197010e+06   3.7780762e+01
   2.1197830e+06   3.6254883e+01
   2.1198830e+06   3.4484863e+01
   2.1199940e+06   3.2592773e+01
   2.1200050e+06   4.0344238e+01
   2.1201910e+06   3.5461426e+01
   2.1202200e+06   3.9733887e+01
   2.1202490e+06   4.0283203e+01
   2.1202930e+06   3.4729004e+01
   2.1203920e+06   4.1442871e+01
   2.1204130e+06   3.2226563e+01
   2.1204880e+06   4.1687012e+01
   2.1205830e+06   3.2531738e+01
   2.1206070e+06   3.3691406e+01
   2.1206450e+06   4.7363281e+01
   2.1207660e+06   4.5166016e+01
   2.1208790e+06   3.2836914e+01
   2.1209280e+06   4.0954590e+01
   2.1209620e+06   3.8085938e+01
   2.1210980e+06   3.7475586e+01
   2.1212140e+06   4.5837402e+01
   2.1214380e+06   4.3273926e+01
   2.1215300e+06   4.4128418e+01
   2.1216960e+06   4.1564941e+01
   2.1217270e+06   3.5949707e+01
   2.1227880e+06   3.5156250e+01
   2.1553140e+06   3.6071777e+01
   2.1566530e+06   3.3142090e+01
   2.1594660e+06   3.5339355e+01
   2.1595280e+06   4.4006348e+01
   2.1595470e+06   5.3894043e+01
   2.1595710e+06   4.3395996e+01
   2.1595960e+06   4.4189453e+01
   2.1596200e+06   5.1940918e+01
   2.1596510e+06   5.8166504e+01
   2.1596740e+06   4.3457031e+01
   2.1596970e+06   5.2551270e+01
   2.1597080e+06   3.9978027e+01
   2.1597350e+06   3.2775879e+01
   2.1597490e+06   3.5888672e+01
   2.1597810e+06   3.7292480e+01
   2.1597960e+06   4.1198730e+01
   2.1599340e+06   3.4362793e+01
   2.1599690e+06   3.6132812e+01
   2.1600220e+06   4.3457031e+01
   2.1600510e+06   3.6315918e+01
   2.1600610e+06   3.2592773e+01
   2.1601170e+06   4.7607422e+01
   2.1601400e+06   3.8024902e+01
   2.1601660e+06   3.2287598e+01
   2.1603080e+06   4.0039063e+01
   2.1603470e+06   4.9804687e+01
   2.1605180e+06   5.4992676e+01
   2.1609430e+06   3.4545898e+01
   2.1610070e+06   3.7902832e+01
   2.1611220e+06   3.5583496e+01
   2.1611590e+06   3.8574219e+01
   2.1611840e+06   4.1503906e+01
   2.1612590e+06   3.7658691e+01
   2.1615410e+06   3.8879395e+01
   2.1617000e+06   4.7363281e+01
   2.1617340e+06   4.2114258e+01
   2.1618640e+06   3.7475586e+01
   2.1619040e+06   3.4606934e+01
   2.1619880e+06   4.7607422e+01
   2.1620490e+06   3.4179688e+01
   2.1621270e+06   3.3813477e+01
   2.1622890e+06   3.5888672e+01
   2.1623600e+06   3.4423828e+01
   2.1624690e+06   3.6071777e+01
   2.1625000e+06   3.8269043e+01
   2.1627240e+06   3.3325195e+01
   2.1628500e+06   3.3386230e+01
   2.1629630e+06   3.8269043e+01
   2.1631740e+06   3.9672852e+01
   2.1632080e+06   3.5827637e+01
   2.1632740e+06   3.4606934e+01
   2.1634890e+06   3.6010742e+01
   2.1636630e+06   3.6376953e+01
   2.1636880e+06   4.1381836e+01
   2.1637290e+06   3.3447266e+01
   2.1637920e+06   3.2653809e+01
   2.1639200e+06   3.4790039e+01
   2.1639520e+06   3.2836914e+01
   2.1642080e+06   3.4667969e+01
   2.1643360e+06   4.2602539e+01
   2.1643710e+06   4.5227051e+01
   2.1645720e+06   3.2287598e+01
   2.1645950e+06   3.3142090e+01
   2.1648770e+06   4.2541504e+01
   2.1651840e+06   3.4179688e+01
   2.1652510e+06   3.2531738e+01
   2.1653350e+06   3.6315918e+01
   2.1660370e+06   3.9855957e+01
   2.1665180e+06   3.7658691e+01
   2.1669680e+06   3.5766602e+01
   2.2253760e+06   4.7485352e+01
   2.2254550e+06   3.2470703e+01
   2.2255820e+06   5.1452637e+01
   2.2255970e+06   3.3935547e+01
   2.2256320e+06   5.7373047e+01
   2.2256590e+06   5.4504395e+01
   2.2256890e+06   3.8574219e+01
   2.2257140e+06   3.3752441e+01
   2.2257270e+06   3.3264160e+01
   2.2257540e+06   3.6987305e+01
   2.2257710e+06   3.5705566e+01
   2.2257970e+06   3.5339355e+01
   2.2258250e+06   4.6020508e+01
   2.2259280e+06   3.3447266e+01
   2.2259920e+06   3.8269043e+01
   2.2260600e+06   3.6071777e+01
   2.2260980e+06   3.3447266e+01
   2.2261680e+06   4.1381836e+01
   2.2261930e+06   3.4240723e+01
   2.2262680e+06   3.7719727e+01
   2.2263240e+06   3.3752441e+01
   2.2263380e+06   3.3081055e+01
   2.2265080e+06   3.3996582e+01
   2.2267290e+06   3.6193848e+01
   2.2267740e+06   3.3813477e+01
   2.2268270e+06   3.6132813e+01
   2.2269670e+06   3.3325195e+01
   2.2270790e+06   3.9184570e+01
   2.2271050e+06   3.3630371e+01
   2.2271430e+06   3.6743164e+01
   2.2271840e+06   3.3142090e+01
   2.2272110e+06   3.7292480e+01
   2.2273730e+06   4.1320801e+01
   2.2274080e+06   3.8818359e+01
   2.2274420e+06   4.4128418e+01
   2.2275160e+06   4.0527344e+01
   2.2275410e+06   4.0710449e+01
   2.2276520e+06   3.9062500e+01
   2.2277420e+06   3.4301758e+01
   2.2277740e+06   4.3884277e+01
   2.2278050e+06   4.2480469e+01
   2.2279750e+06   4.6508789e+01
   2.2280780e+06   3.2287598e+01
   2.2284800e+06   3.3996582e+01
   2.2285130e+06   3.2897949e+01
   2.2286540e+06   3.6560059e+01
   2.2286800e+06   3.3325195e+01
   2.2287230e+06   3.6437988e+01
   2.2288440e+06   3.2897949e+01
   2.2288710e+06   4.5471191e+01
   2.2290560e+06   3.4362793e+01
   2.2290880e+06   3.7658691e+01
   2.2291350e+06   4.2480469e+01
   2.2292490e+06   4.0283203e+01
   2.2293360e+06   3.6621094e+01
   2.2293630e+06   4.1503906e+01
   2.2294150e+06   4.3640137e+01
   2.2295110e+06   3.4301758e+01
   2.2295740e+06   3.4179688e+01
   2.2296020e+06   3.9184570e+01
   2.2297910e+06   4.1015625e+01
   2.2298180e+06   4.4433594e+01
   2.2298620e+06   3.3020020e+01
   2.2298970e+06   4.3395996e+01
   2.2300020e+06   3.5461426e+01
   2.2300370e+06   3.8879395e+01
   2.2301440e+06   3.5400391e+01
   2.2302600e+06   4.3029785e+01
   2.2302910e+06   5.0170898e+01
   2.2303890e+06   4.4433594e+01
   2.2304980e+06   3.4851074e+01
   2.2305560e+06   3.4118652e+01
   2.2307730e+06   3.9550781e+01
   2.2311050e+06   3.2531738e+01
   2.2311810e+06   3.2836914e+01
   2.2314400e+06   3.9123535e+01
   2.2320030e+06   3.3447266e+01
   2.2847900e+06   5.6091309e+01
   2.2848200e+06   3.7902832e+01
   2.2848410e+06   3.4423828e+01
   2.2848580e+06   4.0222168e+01
   2.2848830e+06   6.5979004e+01
   2.2849390e+06   4.0039062e+01
   2.2849830e+06   4.2053223e+01
   2.2850080e+06   4.3334961e+01
   2.2850430e+06   4.1320801e+01
   2.2850650e+06   3.5888672e+01
   2.2851050e+06   4.0954590e+01
   2.2851290e+06   3.2226562e+01
   2.2852010e+06   4.5959473e+01
   2.2852400e+06   3.3630371e+01
   2.2852570e+06   3.9062500e+01
   2.2853290e+06   3.5644531e+01
   2.2853530e+06   4.1259766e+01
   2.2854440e+06   3.4179688e+01
   2.2854760e+06   3.5766602e+01
   2.2854980e+06   3.6743164e+01
   2.2855330e+06   4.8950195e+01
   2.2855920e+06   3.9306641e+01
   2.2856720e+06   3.7658691e+01
   2.2856950e+06   3.7658691e+01
   2.2857590e+06   3.5888672e+01
   2.2857870e+06   4.4189453e+01
   2.2858360e+06   3.2287598e+01
   2.2860160e+06   3.5095215e+01
   2.2860490e+06   3.4729004e+01
   2.2861420e+06   4.0344238e+01
   2.2861590e+06   3.3813477e+01
   2.2862060e+06   3.8269043e+01
   2.2862880e+06   3.8208008e+01
   2.2863250e+06   3.6987305e+01
   2.2863610e+06   3.4973145e+01
   2.2864360e+06   4.5104980e+01
   2.2864830e+06   3.3386230e+01
   2.2865110e+06   3.2775879e+01
   2.2865890e+06   3.2958984e+01
   2.2866120e+06   3.4484863e+01
   2.2867290e+06   4.4799805e+01
   2.2867980e+06   3.4301758e+01
   2.2869410e+06   3.6193848e+01
   2.2869790e+06   3.7353516e+01
   2.2870290e+06   3.4606934e+01
   2.2870860e+06   3.3935547e+01
   2.2871840e+06   3.5400391e+01
   2.2872190e+06   3.8452148e+01
   2.2873230e+06   3.9062500e+01
   2.2874390e+06   3.5217285e+01
   2.2875480e+06   3.5461426e+01
   2.2877230e+06   3.6376953e+01
   2.2877510e+06   5.0415039e+01
   2.2878070e+06   4.1625977e+01
   2.2878660e+06   3.5583496e+01
   2.2879550e+06   3.9245605e+01
   2.2880440e+06   3.6926270e+01
   2.2881300e+06   4.1198730e+01
   2.2881700e+06   3.5888672e+01
   2.2882450e+06   3.2287598e+01
   2.2885290e+06   4.4067383e+01
   2.2886740e+06   4.3151855e+01
   2.2887010e+06   3.6315918e+01
   2.2887440e+06   4.3640137e+01
   2.2889570e+06   3.8085938e+01
   2.2889830e+06   3.2592773e+01
   2.2893080e+06   3.4912109e+01
   2.2895520e+06   3.3996582e+01
   2.3524020e+06   4.1564941e+01
   2.3524270e+06   3.6376953e+01
   2.3524540e+06   3.4545898e+01
   2.3524760e+06   5.4199219e+01
   2.3525040e+06   7.0678711e+01
   2.3525850e+06   3.4301758e+01
   2.3526130e+06   4.1198730e+01
   2.3526550e+06   5.9509277e+01
   2.3526770e+06   7.7392578e+01
   2.3527020e+06   3.2226563e+01
   2.3527410e+06   4.5166016e+01
   2.3527690e+06   4.6142578e+01
   2.3527950e+06   4.0832520e+01
   2.3529040e+06   3.4973145e+01
   2.3529340e+06   4.9743652e+01
   2.3529690e+06   3.8391113e+01
   2.3530640e+06   4.6691895e+01
   2.3531380e+06   3.4362793e+01
   2.3532100e+06   3.8391113e+01
   2.3532330e+06   3.9794922e+01
   2.3533530e+06   3.3996582e+01
   2.3533790e+06   4.9987793e+01
   2.3534250e+06   4.0039063e+01
   2.3535390e+06   4.0893555e+01
   2.3536200e+06   3.3569336e+01
   2.3537760e+06   3.5156250e+01
   2.3538250e+06   3.7536621e+01
   2.3538820e+06   3.8085938e+01
   2.3541080e+06   3.9550781e+01
   2.3541370e+06   3.2470703e+01
   2.3542310e+06   4.1381836e+01
   2.3542600e+06   3.2592773e+01
   2.3544200e+06   4.1076660e+01
   2.3545440e+06   4.0649414e+01
   2.3547470e+06   3.9978027e+01
   2.3547770e+06   3.2226563e+01
   2.3549770e+06   4.3762207e+01
   2.3551220e+06   4.5471191e+01
   2.3551550e+06   4.3395996e+01
   2.3552540e+06   3.4240723e+01
   2.3552990e+06   4.1503906e+01
   2.3556400e+06   3.6499023e+01
   2.3557470e+06   3.7536621e+01
   2.3559220e+06   4.1198730e+01
   2.3560000e+06   3.5217285e+01
   2.3561320e+06   3.5400391e+01
   2.3562780e+06   3.9550781e+01
   2.3565400e+06   4.0527344e+01
   2.4055050e+06   3.8818359e+01
   2.4055500e+06   3.6926270e+01
   2.4055670e+06   3.7780762e+01
   2.4055900e+06   3.9672852e+01
   2.4056060e+06   4.4128418e+01
   2.4056170e+06   3.5827637e+01
   2.4056310e+06   4.2114258e+01
   2.4056550e+06   3.8757324e+01
   2.4056730e+06   3.9001465e+01
   2.4056990e+06   3.9489746e+01
   2.4057100e+06   4.4677734e+01
   2.4057430e+06   3.6437988e+01
   2.4057720e+06   4.9316406e+01
   2.4058030e+06   3.3630371e+01
   2.4058710e+06   4.0771484e+01
   2.4059180e+06   3.6926270e+01
   2.4059440e+06   3.4118652e+01
   2.4059940e+06   3.3935547e+01
   2.4060250e+06   3.2836914e+01
   2.4060900e+06   3.4179688e+01
   2.4061180e+06   3.2653809e+01
   2.4062590e+06   4.6203613e+01
   2.4063620e+06   4.8583984e+01
   2.4065390e+06   4.1442871e+01
   2.4065650e+06   4.3273926e+01
   2.4066440e+06   3.3203125e+01
   2.4066780e+06   4.2480469e+01
   2.4067180e+06   3.5461426e+01
   2.4070910e+06   3.4545898e+01
   2.4071590e+06   4.0405273e+01
   2.4074320e+06   3.3264160e+01
   2.4075800e+06   3.5461426e+01
   2.4076160e+06   3.7048340e+01
   2.4077800e+06   4.3090820e+01
   2.4078280e+06   3.4973145e+01
   2.4080640e+06   3.9855957e+01
   2.4081330e+06   3.3935547e+01
   2.4082090e+06   3.2897949e+01
   2.4484650e+06   4.5166016e+01
   2.4484940e+06   4.7973633e+01
   2.4485200e+06   3.3142090e+01
   2.4485420e+06   3.7170410e+01
   2.4485630e+06   4.5410156e+01
   2.4485880e+06   4.5471191e+01
   2.4486160e+06   3.2470703e+01
   2.4486490e+06   4.5104980e+01
   2.4487000e+06   3.6071777e+01
   2.4487480e+06   4.3395996e+01
   2.4488080e+06   3.3264160e+01
   2.4488810e+06   4.8156738e+01
   2.4488920e+06   3.5461426e+01
   2.4489240e+06   4.1320801e+01
   2.4489590e+06   3.4729004e+01
   2.4490070e+06   3.5583496e+01
   2.4490540e+06   3.2348633e+01
   2.4491690e+06   4.1625977e+01
   2.4493420e+06   3.6865234e+01
   2.4494040e+06   4.3151855e+01
   2.4494800e+06   3.3874512e+01
   2.4495610e+06   4.4677734e+01
   2.4498460e+06   3.9672852e+01
   2.4499070e+06   3.5766602e+01
   2.4499740e+06   3.9978027e+01
   2.4502250e+06   3.6926270e+01
   2.4891090e+06   3.8757324e+01
   2.4891630e+06   4.3395996e+01
   2.4891830e+06   3.7963867e+01
   2.4892030e+06   6.1157227e+01
   2.4892350e+06   4.8522949e+01
   2.4892520e+06   3.5766602e+01
   2.4893220e+06   3.3569336e+01
   2.4893900e+06   4.1076660e+01
   2.4894550e+06   4.1870117e+01
   2.4896520e+06   3.6621094e+01
   2.4896770e+06   3.2287598e+01
   2.4897070e+06   3.4179688e+01
   2.4897470e+06   3.5095215e+01
   2.4897780e+06   3.4240723e+01
   2.4902610e+06   3.7658691e+01
   2.4904520e+06   4.8522949e+01
   2.4904750e+06   4.1625977e+01
   2.4907380e+06   3.8513184e+01
   2.4907620e+06   3.5766602e+01
   2.4908370e+06   3.3874512e+01
   2.4909150e+06   3.2836914e+01
   2.4911000e+06   3.8085938e+01
   2.4912880e+06   3.8452148e+01
   2.5321680e+06   4.5043945e+01
   2.5322030e+06   4.7729492e+01
   2.5323260e+06   3.8330078e+01
   2.5323950e+06   4.0771484e+01
   2.5324180e+06   4.3518066e+01
   2.5324320e+06   4.0771484e+01
   2.5324550e+06   3.2470703e+01
   2.5324820e+06   3.6071777e+01
   2.5324960e+06   3.5644531e+01
   2.5325670e+06   3.9062500e+01
   2.5327270e+06   3.3569336e+01
   2.5327410e+06   3.3630371e+01
   2.5327860e+06   3.8391113e+01
   2.5328680e+06   3.3203125e+01
   2.5328990e+06   3.7414551e+01
   2.5329890e+06   3.7475586e+01
   2.5330250e+06   3.3691406e+01
   2.5332230e+06   4.9194336e+01
   2.5332500e+06   4.7485352e+01
   2.5333870e+06   4.9499512e+01
   2.5335340e+06   3.5949707e+01
   2.5336100e+06   3.7658691e+01
   2.5337450e+06   3.7475586e+01
   2.5339120e+06   5.4138184e+01
   2.5722010e+06   3.6926270e+01
   2.5722280e+06   3.3630371e+01
   2.5722790e+06   4.5593262e+01
   2.5723210e+06   3.6987305e+01
   2.5723510e+06   4.5776367e+01
   2.5724290e+06   5.3649902e+01
   2.5726350e+06   4.2968750e+01
   2.5726650e+06   3.9306641e+01
   2.5727000e+06   3.5217285e+01
   2.5727410e+06   3.4423828e+01
   2.5728090e+06   3.7353516e+01
   2.5728210e+06   3.7536621e+01
   2.5728920e+06   3.6926270e+01
   2.5730040e+06   3.6071777e+01
   2.5730150e+06   3.2836914e+01
   2.5730370e+06   3.5949707e+01
   2.5731230e+06   3.4179688e+01
   2.5733040e+06   3.7536621e+01
   2.5734880e+06   4.3090820e+01
   2.5736260e+06   3.6437988e+01
   2.5737560e+06   4.1015625e+01
   2.5738530e+06   4.5959473e+01
   2.6141140e+06   3.7109375e+01
   2.6141520e+06   4.2907715e+01
   2.6141710e+06   3.4057617e+01
   2.6141950e+06   4.1931152e+01
   2.6142130e+06   4.1625977e+01
   2.6142400e+06   3.8208008e+01
   2.6142580e+06   3.6132813e+01
   2.6142890e+06   3.6010742e+01
   2.6143140e+06   3.5705566e+01
   2.6143590e+06   4.3762207e+01
   2.6145050e+06   3.8940430e+01
   2.6145920e+06   3.3874512e+01
   2.6146070e+06   3.8757324e+01
   2.6146340e+06   3.9978027e+01
   2.6146610e+06   4.4067383e+01
   2.6146950e+06   4.3029785e+01
   2.6147130e+06   4.0222168e+01
   2.6147860e+06   3.8940430e+01
   2.6148460e+06   4.6997070e+01
   2.6153080e+06   3.5522461e+01
   2.6153420e+06   3.6804199e+01
   2.6154350e+06   3.7963867e+01
   2.6155360e+06   3.7719727e+01
   2.6155820e+06   4.8950195e+01
   2.6158450e+06   4.4616699e+01
   2.6159320e+06   4.2602539e+01
   2.6161780e+06   4.9926758e+01
   2.6640900e+06   3.6621094e+01
   2.6641240e+06   4.1809082e+01
   2.6641840e+06   4.9072266e+01
   2.6642050e+06   4.2175293e+01
   2.6642510e+06   3.9978027e+01
   2.6643270e+06   3.4729004e+01
   2.6643960e+06   3.3752441e+01
   2.6644160e+06   4.5227051e+01
   2.6645870e+06   4.6142578e+01
   2.6646160e+06   4.3518066e+01
   2.6646710e+06   3.2287598e+01
   2.6647010e+06   3.9489746e+01
   2.6647330e+06   4.9194336e+01
   2.6647770e+06   3.8330078e+01
   2.6648400e+06   3.2287598e+01
   2.6649650e+06   3.9611816e+01
   2.6650950e+06   3.6254883e+01
   2.6652960e+06   3.4973145e+01
   2.6653160e+06   4.0710449e+01
   2.6654610e+06   3.7475586e+01
   2.6655600e+06   3.4973145e+01
   2.6655970e+06   3.6315918e+01
   2.7090670e+06   3.8513184e+01
   2.7091090e+06   3.2714844e+01
   2.7091680e+06   3.7048340e+01
   2.7092390e+06   4.1748047e+01
   2.7092840e+06   3.8452148e+01
   2.7093760e+06   3.6743164e+01
   2.7094130e+06   4.4494629e+01
   2.7097480e+06   3.3813477e+01
   2.7097590e+06   3.6987305e+01
   2.7098290e+06   3.2653809e+01
   2.7098690e+06   3.6865234e+01
   2.7099000e+06   3.9672852e+01
   2.7099280e+06   3.9062500e+01
   2.7099800e+06   3.4484863e+01
   2.7100080e+06   5.5969238e+01
   2.7100840e+06   4.2846680e+01
   2.7101180e+06   6.0852051e+01
   2.7101900e+06   3.4851074e+01
   2.7102090e+06   4.5410156e+01
   2.7102340e+06   3.8085938e+01
   2.7103870e+06   3.3142090e+01
   2.7106420e+06   4.0344238e+01
   2.7107150e+06   4.8767090e+01
   2.7107800e+06   3.2653809e+01
   2.7110410e+06   3.7658691e+01
   2.7110860e+06   4.8645020e+01
   2.7111630e+06   3.5583496e+01
   2.7115670e+06   4.1076660e+01
   2.7116060e+06   3.3996582e+01
   2.7121040e+06   3.2470703e+01
   2.7122870e+06   3.6987305e+01
   2.7128820e+06   3.5766602e+01
   2.7524190e+06   4.4982910e+01
   2.7525620e+06   4.2297363e+01
   2.7559940e+06   3.4179688e+01
   2.7592380e+06   3.9184570e+01
   2.7593180e+06   4.7119141e+01
   2.7593410e+06   3.9062500e+01
   2.7594450e+06   3.9733887e+01
   2.7596360e+06   4.6081543e+01
   2.7605780e+06   4.4189453e+01
   2.7606000e+06   3.3508301e+01
   2.7606150e+06   4.3945313e+01
   2.7606550e+06   4.3151855e+01
   2.7606880e+06   3.5461426e+01
   2.7607150e+06   3.6682129e+01
   2.7607430e+06   4.4921875e+01
   2.7608470e+06   3.2226563e+01
   2.7609250e+06   3.2226563e+01
   2.7609960e+06   3.6437988e+01
   2.7610740e+06   3.4118652e+01
   2.7611510e+06   4.1992188e+01
   2.7611790e+06   3.3142090e+01
   2.7613150e+06   4.2846680e+01
   2.7616970e+06   3.4729004e+01
   2.7618730e+06   3.2714844e+01
   2.7619010e+06   3.5278320e+01
   2.7619370e+06   3.9794922e+01
   2.8096310e+06   3.7780762e+01
   2.8097470e+06   3.6437988e+01
   2.8098340e+06   4.0771484e+01
   2.8099070e+06   3.2409668e+01
   2.8099570e+06   4.2053223e+01
   2.8100480e+06   4.9743652e+01
   2.8100670e+06   3.7170410e+01
   2.8101090e+06   3.7963867e+01
   2.8101240e+06   3.3447266e+01
   2.8101720e+06   3.5217285e+01
   2.8103910e+06   3.5949707e+01
   2.8104110e+06   3.6621094e+01
   2.8104400e+06   3.9550781e+01
   2.8105220e+06   3.8513184e+01
   2.8105520e+06   3.2836914e+01
   2.8107870e+06   3.8696289e+01
   2.8108240e+06   4.5593262e+01
   2.8108520e+06   4.2907715e+01
   2.8108900e+06   4.9865723e+01
   2.8109160e+06   3.5461426e+01
   2.8113510e+06   5.0537109e+01
   2.8115330e+06   3.3813477e+01
   2.8574430e+06   3.3691406e+01
   2.8575630e+06   3.6376953e+01
   2.8575960e+06   3.6926270e+01
   2.8576250e+06   4.4982910e+01
   2.8576510e+06   4.4494629e+01
   2.8577110e+06   3.5827637e+01
   2.8577760e+06   3.8330078e+01
   2.8578590e+06   4.8583984e+01
   2.8583320e+06   3.6804199e+01
   2.8583560e+06   4.3457031e+01
   2.8583660e+06   3.6315918e+01
   2.8583810e+06   3.6865234e+01
   2.8584260e+06   4.6325684e+01
   2.8584610e+06   4.8095703e+01
   2.8584890e+06   3.2409668e+01
   2.8585320e+06   3.4057617e+01
   2.8585560e+06   4.8767090e+01
   2.8588050e+06   3.3142090e+01
   2.8589040e+06   3.6987305e+01
   2.8589630e+06   3.3447266e+01
   2.8590560e+06   3.5217285e+01
   2.8590810e+06   3.3203125e+01
   2.8592440e+06   3.5217285e+01
   2.8593880e+06   3.5888672e+01
   2.9083200e+06   3.3142090e+01
   2.9083690e+06   3.7963867e+01
   2.9098540e+06   4.1259766e+01
   2.9098910e+06   5.5664062e+01
   2.9099380e+06   4.2846680e+01
   2.9099820e+06   3.5888672e+01
   2.9100090e+06   3.7475586e+01
   2.9103440e+06   3.3386230e+01
   2.9105780e+06   3.2287598e+01
   2.9107980e+06   3.3996582e+01
   2.9112630e+06   4.1015625e+01
   2.9113490e+06   3.3142090e+01
   2.9113700e+06   3.8208008e+01
   2.9113830e+06   3.8696289e+01
   2.9114220e+06   4.3701172e+01
   2.9114500e+06   4.4494629e+01
   2.9115130e+06   4.5349121e+01
   2.9115430e+06   3.2409668e+01
   2.9115880e+06   3.6682129e+01
   2.9116130e+06   3.2714844e+01
   2.9117430e+06   4.1259766e+01
   2.9122550e+06   4.6264648e+01
   2.9123100e+06   4.0100098e+01
   2.9128160e+06   3.2226563e+01
   2.9368230e+06   4.1015625e+01
   2.9370630e+06   4.1809082e+01
   2.9371080e+06   3.2226563e+01
   2.9371280e+06   4.7485352e+01
   2.9371460e+06   5.4260254e+01
   2.9371830e+06   3.6010742e+01
   2.9372110e+06   3.4545898e+01
   2.9372970e+06   3.7658691e+01
   2.9383610e+06   3.5583496e+01
   2.9384360e+06   3.3325195e+01
   2.9384620e+06   3.3203125e+01
   2.9385800e+06   3.8452148e+01
   2.9386040e+06   5.7128906e+01
   2.9386190e+06   3.3630371e+01
   2.9386410e+06   3.3386230e+01
   2.9389900e+06   3.2897949e+01
   2.9390170e+06   3.9428711e+01
   2.9390610e+06   4.8767090e+01
   2.9392680e+06   3.9855957e+01
   2.9393590e+06   3.6621094e+01
   2.9393950e+06   3.7414551e+01
   2.9394730e+06   3.4667969e+01
   2.9399900e+06   3.6499023e+01
   2.9406160e+06   4.1870117e+01
   2.9406600e+06   4.6142578e+01
   2.9406770e+06   4.6875000e+01
   2.9406960e+06   3.4484863e+01
   2.9407070e+06   4.7363281e+01
   2.9407210e+06   3.6804199e+01
   2.9407440e+06   4.1870117e+01
   2.9888810e+06   5.4321289e+01
   2.9889400e+06   4.3579102e+01
   2.9890050e+06   4.3334961e+01
   2.9892370e+06   4.0161133e+01
   2.9900510e+06   4.0893555e+01
   2.9901220e+06   3.2897949e+01
   2.9901650e+06   4.8889160e+01
   2.9902050e+06   3.8513184e+01
   2.9902400e+06   4.4677734e+01
   2.9902750e+06   4.1381836e+01
   2.9903000e+06   4.3884277e+01
   2.9903230e+06   3.4606934e+01
   2.9904350e+06   4.5532227e+01
   2.9906030e+06   3.6743164e+01
   2.9907370e+06   3.7170410e+01
   2.9908070e+06   4.0466309e+01
   2.9910480e+06   3.4179688e+01
   2.9910660e+06   4.8706055e+01
   2.9910940e+06   3.5583496e+01
   2.9911140e+06   3.4240723e+01
   2.9911390e+06   3.4729004e+01
   2.9911630e+06   3.8574219e+01
   2.9914630e+06   3.7109375e+01
   2.9916920e+06   3.3874512e+01
   2.9919720e+06   3.9367676e+01
   2.9920020e+06   3.3020020e+01
   2.9920380e+06   3.5522461e+01
   2.9920710e+06   4.2114258e+01
   2.9922700e+06   3.3325195e+01
   2.9929080e+06   3.7292480e+01
   2.9929810e+06   4.1259766e+01
