   3.0000000e+06   0.0000000e+00
   3.6065000e+04   4.4372559e+01
   3.6096000e+04   4.2785645e+01
   3.6164000e+04   3.5461426e+01
   3.6298000e+04   3.5217285e+01
   3.6726000e+04   3.8513184e+01
   8.6486000e+04   3.4606934e+01
   8.6520000e+04   3.3935547e+01
   8.6590000e+04   3.8208008e+01
   8.6653000e+04   3.3447266e+01
   8.6671000e+04   3.3813477e+01
   8.6932000e+04   3.6682129e+01
   8.6960000e+04   3.4729004e+01
   8.7229000e+04   3.6865234e+01
   1.3582700e+05   3.3569336e+01
   1.3594100e+05   3.7658691e+01
   1.3609200e+05   3.8513184e+01
   1.3623800e+05   4.1748047e+01
   1.3635100e+05   3.4851074e+01
   1.3637300e+05   3.2714844e+01
   1.3669900e+05   3.5278320e+01
   1.8263700e+05   3.4851074e+01
   1.8267400e+05   4.0771484e+01
   1.8275300e+05   3.2714844e+01
   2.3175700e+05   4.3884277e+01
   2.3183500e+05   3.5217285e+01
   2.3215500e+05   3.4851074e+01
   2.3226900e+05   3.2653809e+01
   2.3232100e+05   3.2592773e+01
   2.8071600e+05   4.6508789e+01
   2.8075300e+05   4.8217773e+01
   2.8085400e+05   3.4484863e+01
   2.8092800e+05   3.3752441e+01
   2.8107300e+05   3.5400391e+01
   2.8118200e+05   3.4790039e+01
   3.2755000e+05   3.7780762e+01
   3.2763300e+05   3.4606934e+01
   3.2768900e+05   3.5522461e+01
   3.2834300e+05   3.4851074e+01
   3.2838700e+05   3.2348633e+01
   3.7820500e+05   4.5593262e+01
   3.7853700e+05   3.7475586e+01
   3.7910800e+05   3.2531738e+01
   3.7914200e+05   3.2409668e+01
   4.2089000e+05   3.3203125e+01
   4.2103600e+05   3.6376953e+01
   4.2172400e+05   3.3935547e+01
   4.2177400e+05   3.8330078e+01
   4.2178500e+05   3.5827637e+01
   4.2187900e+05   3.3630371e+01
   4.2217500e+05   3.9672852e+01
   4.2221100e+05   3.7414551e+01
   4.8296700e+05   3.9367676e+01
   4.8375200e+05   3.7780762e+01
   4.8426300e+05   3.3752441e+01
   5.4360500e+05   3.4851074e+01
   5.4403900e+05   3.6560059e+01
   5.4492400e+05   3.5461426e+01
   6.0062500e+05   4.4006348e+01
   6.0077300e+05   3.7109375e+01
   6.0181800e+05   5.1940918e+01
   6.6088300e+05   3.8024902e+01
   6.6099800e+05   3.2836914e+01
   6.6165700e+05   3.5034180e+01
   6.6168700e+05   4.1748047e+01
   6.6177400e+05   3.6437988e+01
   7.1733100e+05   3.2592773e+01
   7.1737800e+05   3.7109375e+01
   7.1738900e+05   3.8330078e+01
   7.1772100e+05   3.4118652e+01
   7.1801200e+05   3.8269043e+01
   7.1812700e+05   3.5034180e+01
   7.1837000e+05   3.8696289e+01
   7.7606100e+05   3.4667969e+01
   7.8475700e+05   3.2287598e+01
   7.8537200e+05   4.4189453e+01
   7.8585500e+05   3.3020020e+01
   8.4027200e+05   5.2673340e+01
   8.4032700e+05   3.4423828e+01
   8.4052800e+05   3.6682129e+01
   8.9313600e+05   4.0527344e+01
   8.9326000e+05   4.1442871e+01
   8.9331300e+05   3.2287598e+01
   8.9354300e+05   3.9611816e+01
   8.9403800e+05   3.3752441e+01
   9.4333300e+05   3.5400391e+01
   9.4515900e+05   3.4118652e+01
   9.4523900e+05   3.2409668e+01
   9.4545900e+05   3.5217285e+01
   9.9088200e+05   3.4057617e+01
   9.9099200e+05   3.3203125e+01
   9.9116300e+05   3.3630371e+01
   9.9150300e+05   3.4484863e+01
   9.9168900e+05   3.2348633e+01
   9.9199400e+05   3.6315918e+01
   1.0375300e+06   3.8818359e+01
   1.0376870e+06   3.3081055e+01
   1.0377980e+06   3.6071777e+01
   1.0854590e+06   3.8696289e+01
   1.0857580e+06   4.1870117e+01
   1.0861370e+06   3.3447266e+01
   1.0869030e+06   3.3386230e+01
   1.1469570e+06   4.2480469e+01
   1.1470690e+06   3.2470703e+01
   1.1473550e+06   3.5095215e+01
   1.1480590e+06   3.3142090e+01
   1.1862370e+06   3.3203125e+01
   1.1871360e+06   3.9794922e+01
   1.2271640e+06   3.4240723e+01
   1.2275590e+06   4.3212891e+01
   1.2278880e+06   3.6743164e+01
   1.2707900e+06   3.9123535e+01
   1.2708490e+06   3.6621094e+01
   1.2708780e+06   3.9001465e+01
   1.2709260e+06   3.2592773e+01
   1.2711900e+06   3.2592773e+01
   1.3259610e+06   4.6508789e+01
   1.3260190e+06   4.1931152e+01
   1.3260540e+06   3.6926270e+01
   1.3262390e+06   3.2897949e+01
   1.3262800e+06   3.8696289e+01
   1.3270850e+06   3.7536621e+01
   1.3649400e+06   3.7475586e+01
   1.3658030e+06   3.3630371e+01
   1.3977710e+06   3.3142090e+01
   1.3982500e+06   3.3325195e+01
   1.3983840e+06   3.8085938e+01
   1.3987780e+06   3.3874512e+01
   1.3988570e+06   3.3508301e+01
   1.4462260e+06   4.4494629e+01
   1.4474000e+06   3.3081055e+01
   1.4474230e+06   4.1992188e+01
   1.4474530e+06   3.6376953e+01
   1.4474900e+06   3.2836914e+01
   1.4875470e+06   4.1625977e+01
   1.4880620e+06   4.0405273e+01
   1.4883600e+06   3.3630371e+01
   1.4884610e+06   3.7414551e+01
   1.5282350e+06   4.8889160e+01
   1.5282500e+06   3.8085938e+01
   1.5283140e+06   4.1931152e+01
   1.5287900e+06   3.9123535e+01
   1.5641680e+06   3.6560059e+01
   1.5642190e+06   3.2287598e+01
   1.5642790e+06   3.2592773e+01
   1.6013620e+06   3.8879395e+01
   1.6013960e+06   3.3264160e+01
   1.6014180e+06   3.7170410e+01
   1.6014670e+06   4.4921875e+01
   1.6018950e+06   3.8391113e+01
   1.6027240e+06   3.5400391e+01
   1.6431620e+06   3.4240723e+01
   1.6432140e+06   3.3691406e+01
   1.6432800e+06   3.5583496e+01
   1.6435820e+06   3.8330078e+01
   1.6442360e+06   3.2958984e+01
   1.6814870e+06   4.8095703e+01
   1.6820200e+06   3.4851074e+01
   1.6820440e+06   4.0832520e+01
   1.6820710e+06   3.3081055e+01
   1.6824700e+06   3.4057617e+01
   1.6836460e+06   3.7841797e+01
   1.6836730e+06   4.2358398e+01
   1.7254040e+06   4.0893555e+01
   1.7254600e+06   3.2714844e+01
   1.7254790e+06   3.2470703e+01
   1.7254890e+06   4.4189453e+01
   1.7255810e+06   4.1137695e+01
   1.7256530e+06   3.5827637e+01
   1.7257420e+06   3.2836914e+01
   1.7258580e+06   3.3935547e+01
   1.7259540e+06   3.5644531e+01
   1.7260520e+06   3.5827637e+01
   1.7633170e+06   3.8879395e+01
   1.7634110e+06   3.4729004e+01
   1.7637570e+06   3.4729004e+01
   1.7648540e+06   3.2287598e+01
   1.8044740e+06   3.3752441e+01
   1.8047080e+06   3.3996582e+01
   1.8460640e+06   3.8757324e+01
   1.8461000e+06   4.6508789e+01
   1.8461240e+06   3.7353516e+01
   1.8462030e+06   3.5278320e+01
   1.8467270e+06   3.3752441e+01
   1.8806280e+06   3.2775879e+01
   1.8806690e+06   3.8146973e+01
   1.8807040e+06   3.4545898e+01
   1.8807980e+06   3.3386230e+01
   1.8808370e+06   3.2714844e+01
   1.8903080e+06   3.2897949e+01
   1.8905650e+06   3.4118652e+01
   1.8912370e+06   3.9916992e+01
   1.9349290e+06   3.2409668e+01
   1.9349400e+06   3.3264160e+01
   1.9349670e+06   3.3081055e+01
   1.9353570e+06   3.6804199e+01
   1.9372800e+06   3.4606934e+01
   1.9552460e+06   3.4057617e+01
   1.9552860e+06   4.0222168e+01
   1.9553780e+06   3.2348633e+01
   1.9557460e+06   3.2409668e+01
   1.9959700e+06   3.3081055e+01
   1.9959830e+06   3.5217285e+01
   1.9962630e+06   3.3142090e+01
   1.9964390e+06   3.4301758e+01
   1.9967150e+06   3.3813477e+01
   1.9981990e+06   3.3691406e+01
   1.9995630e+06   3.6560059e+01
   2.0403270e+06   3.7597656e+01
   2.0403930e+06   3.5217285e+01
   2.0404200e+06   3.9489746e+01
   2.0425350e+06   3.3020020e+01
   2.0425660e+06   3.5461426e+01
   2.0814100e+06   4.2541504e+01
   2.0814780e+06   3.8757324e+01
   2.0816020e+06   4.1564941e+01
   2.1193920e+06   3.7109375e+01
   2.1194400e+06   3.8269043e+01
   2.1194890e+06   3.2653809e+01
   2.1195090e+06   4.0649414e+01
   2.1198230e+06   3.7353516e+01
   2.1204660e+06   3.4118652e+01
   2.1208920e+06   3.3325195e+01
   2.1211600e+06   3.7841797e+01
   2.1595750e+06   3.5461426e+01
   2.1596000e+06   3.4606934e+01
   2.1596230e+06   3.4118652e+01
   2.1596820e+06   3.6193848e+01
   2.1596970e+06   3.8330078e+01
   2.1600350e+06   3.4484863e+01
   2.1646450e+06   3.5522461e+01
   2.2255550e+06   3.7109375e+01
   2.2256350e+06   3.4484863e+01
   2.2256600e+06   4.2785645e+01
   2.2256740e+06   3.8574219e+01
   2.2257370e+06   3.3020020e+01
   2.2257530e+06   4.1015625e+01
   2.2264400e+06   3.6437988e+01
   2.2266630e+06   3.2958984e+01
   2.2280690e+06   3.4729004e+01
   2.2848740e+06   3.4606934e+01
   2.2848920e+06   3.4484863e+01
   2.2849190e+06   3.6132813e+01
   2.2849600e+06   3.6193848e+01
   2.2849880e+06   3.3569336e+01
   2.2851980e+06   3.2348633e+01
   2.2871020e+06   3.2592773e+01
   2.3525540e+06   3.5583496e+01
   2.3526310e+06   3.5217285e+01
   2.3527130e+06   3.3386230e+01
   2.3528860e+06   3.7353516e+01
   2.4056210e+06   3.6621094e+01
   2.4056540e+06   3.2897949e+01
   2.4056800e+06   4.6508789e+01
   2.4057090e+06   3.7597656e+01
   2.4058570e+06   3.9367676e+01
   2.4485440e+06   4.4311523e+01
   2.4485700e+06   4.0161133e+01
   2.4486080e+06   3.6926270e+01
   2.4892150e+06   3.5034180e+01
   2.4892360e+06   3.6865234e+01
   2.4892910e+06   3.8635254e+01
   2.4893640e+06   3.9672852e+01
   2.4898050e+06   3.5034180e+01
   2.5323680e+06   3.7475586e+01
   2.5722580e+06   3.7902832e+01
   2.5723150e+06   3.3020020e+01
   2.5723320e+06   3.8696289e+01
   2.5726790e+06   3.4118652e+01
   2.5735780e+06   3.3569336e+01
   2.6142090e+06   5.1025391e+01
   2.6143130e+06   3.2775879e+01
   2.6146390e+06   4.3212891e+01
   2.6147840e+06   3.3386230e+01
   2.6154410e+06   3.4729004e+01
   2.6641720e+06   3.7170410e+01
   2.6642330e+06   3.9916992e+01
   2.6646390e+06   3.3935547e+01
   2.6646680e+06   3.3447266e+01
   2.7101280e+06   3.4729004e+01
   2.7102440e+06   3.2836914e+01
   2.7107320e+06   3.3325195e+01
   2.7107760e+06   3.2714844e+01
   2.7606400e+06   3.3935547e+01
   2.7607560e+06   3.2714844e+01
   2.8097150e+06   4.4921875e+01
   2.8098850e+06   3.9611816e+01
   2.8099000e+06   4.3273926e+01
   2.8101210e+06   3.4851074e+01
   2.8104580e+06   3.4545898e+01
   2.8112650e+06   3.6010742e+01
   2.8584710e+06   3.4790039e+01
   2.9117260e+06   3.2531738e+01
   2.9372700e+06   3.6865234e+01
   2.9383240e+06   3.5156250e+01
   2.9385580e+06   4.0039063e+01
   2.9386020e+06   4.3518066e+01
   2.9406910e+06   3.3508301e+01
   2.9901820e+06   3.7780762e+01
   2.9904050e+06   3.7475586e+01
   2.9911270e+06   3.8696289e+01
   2.9911380e+06   4.6203613e+01
   2.9920040e+06   3.3630371e+01
