   3.0000000e+06   0.0000000e+00
   3.6039000e+04   4.6508789e+01
   3.6076000e+04   3.1311035e+01
   3.6087000e+04   4.1564941e+01
   3.6234000e+04   3.0090332e+01
   3.6804000e+04   3.1188965e+01
   3.7025000e+04   3.5827637e+01
   3.7236000e+04   3.4362793e+01
   8.6496000e+04   3.4362793e+01
   8.6573000e+04   3.4484863e+01
   8.6670000e+04   3.6071777e+01
   8.6707000e+04   3.3386230e+01
   8.6790000e+04   3.4301758e+01
   8.6951000e+04   3.4301758e+01
   8.7007000e+04   3.3386230e+01
   8.7029000e+04   3.2714844e+01
   8.7330000e+04   3.0944824e+01
   8.7787000e+04   3.0334473e+01
   8.7870000e+04   3.1250000e+01
   1.3577900e+05   3.2104492e+01
   1.3583000e+05   3.6499023e+01
   1.3585000e+05   3.2592773e+01
   1.3590100e+05   3.5034180e+01
   1.3592700e+05   4.0893555e+01
   1.3602900e+05   3.4179688e+01
   1.3610000e+05   3.1799316e+01
   1.3626700e+05   3.6376953e+01
   1.3634200e+05   3.7414551e+01
   1.3643700e+05   3.0639648e+01
   1.3654100e+05   3.3752441e+01
   1.3740800e+05   3.0151367e+01
   1.8275000e+05   3.9855957e+01
   1.8307500e+05   3.3508301e+01
   1.8310000e+05   3.4545898e+01
   1.8317300e+05   3.1311035e+01
   1.8320000e+05   3.5400391e+01
   1.8342000e+05   3.8940430e+01
   1.8354900e+05   3.0761719e+01
   1.8360000e+05   3.1066895e+01
   1.8418100e+05   3.3569336e+01
   2.3174500e+05   3.0822754e+01
   2.3186400e+05   3.2165527e+01
   2.3188400e+05   3.0822754e+01
   2.3201100e+05   3.2104492e+01
   2.3229800e+05   3.5583496e+01
   2.3232100e+05   4.2419434e+01
   2.3284500e+05   3.0517578e+01
   2.3291000e+05   3.5034180e+01
   2.3294100e+05   3.1677246e+01
   2.8074200e+05   3.0639648e+01
   2.8076100e+05   2.9968262e+01
   2.8097500e+05   3.1127930e+01
   2.8106900e+05   3.4301758e+01
   2.8110000e+05   3.6743164e+01
   2.8113000e+05   3.8757324e+01
   2.8118600e+05   3.1250000e+01
   2.8140900e+05   3.3874512e+01
   2.8157900e+05   3.9001465e+01
   2.8165700e+05   3.1494141e+01
   2.8292100e+05   3.0456543e+01
   3.2832600e+05   3.5522461e+01
   3.2834800e+05   3.0090332e+01
   3.2838400e+05   3.1677246e+01
   3.2841500e+05   3.5949707e+01
   3.2845400e+05   3.1616211e+01
   3.2862700e+05   3.0456543e+01
   3.2881000e+05   3.7841797e+01
   3.6995300e+05   3.5034180e+01
   3.7662800e+05   3.1799316e+01
   3.7856700e+05   3.1127930e+01
   3.7868700e+05   4.0649414e+01
   3.7874600e+05   3.0456543e+01
   3.7905300e+05   4.0405273e+01
   3.7914700e+05   3.1188965e+01
   3.7965800e+05   3.2836914e+01
   3.7974900e+05   3.0883789e+01
   3.7983100e+05   3.0212402e+01
   3.8015600e+05   3.5949707e+01
   4.2173100e+05   3.2226563e+01
   4.2182700e+05   3.8513184e+01
   4.2205500e+05   3.1921387e+01
   4.2210400e+05   3.2409668e+01
   4.2216200e+05   3.6499023e+01
   4.2225600e+05   3.4851074e+01
   4.2231300e+05   3.0822754e+01
   4.2235500e+05   3.0334473e+01
   4.2239800e+05   3.5095215e+01
   4.2249800e+05   3.0334473e+01
   4.2277600e+05   3.1066895e+01
   4.2301000e+05   3.1616211e+01
   4.2314500e+05   3.1616211e+01
   4.7067500e+05   3.0151367e+01
   4.8329300e+05   3.1188965e+01
   4.8343100e+05   3.4118652e+01
   4.8374400e+05   3.0883789e+01
   4.8377100e+05   3.6987305e+01
   4.8413200e+05   3.0883789e+01
   4.8419300e+05   3.0822754e+01
   4.8456800e+05   3.0456543e+01
   4.8458900e+05   3.4240723e+01
   4.8466400e+05   3.5278320e+01
   4.8469600e+05   3.9428711e+01
   4.8472200e+05   3.6193848e+01
   5.1410800e+05   3.1799316e+01
   5.4033200e+05   3.0090332e+01
   5.4357000e+05   3.8024902e+01
   5.4393700e+05   3.1677246e+01
   5.4484900e+05   4.1320801e+01
   5.4499600e+05   3.5583496e+01
   5.4510400e+05   3.0090332e+01
   5.4528800e+05   3.0273438e+01
   5.4531500e+05   3.1066895e+01
   5.4621100e+05   3.0761719e+01
   5.8295600e+05   3.1250000e+01
   6.0056700e+05   3.1555176e+01
   6.0059600e+05   3.6315918e+01
   6.0067800e+05   3.2409668e+01
   6.0073400e+05   3.4484863e+01
   6.0107200e+05   3.0578613e+01
   6.0129200e+05   3.1372070e+01
   6.0175900e+05   3.0029297e+01
   6.0187400e+05   3.5217285e+01
   6.0196000e+05   3.2592773e+01
   6.0226500e+05   3.1738281e+01
   6.0268900e+05   3.0639648e+01
   6.0275600e+05   3.1372070e+01
   6.0351900e+05   3.0334473e+01
   6.0370200e+05   3.3874512e+01
   6.0398900e+05   3.0700684e+01
   6.0408600e+05   3.5583496e+01
   6.6083900e+05   3.4057617e+01
   6.6092100e+05   3.2226563e+01
   6.6096800e+05   3.0883789e+01
   6.6166800e+05   3.9062500e+01
   6.6183900e+05   3.5522461e+01
   6.6219700e+05   4.1259766e+01
   6.6226700e+05   3.6193848e+01
   7.0342600e+05   3.2531738e+01
   7.1738800e+05   5.2978516e+01
   7.1741600e+05   3.9367676e+01
   7.1776600e+05   3.4423828e+01
   7.1784900e+05   3.8757324e+01
   7.1795100e+05   3.0639648e+01
   7.1802400e+05   3.2409668e+01
   7.1812000e+05   3.0395508e+01
   7.1814700e+05   3.1921387e+01
   7.1832100e+05   3.7902832e+01
   7.1855100e+05   3.1372070e+01
   7.5799600e+05   3.4545898e+01
   7.8170400e+05   3.0395508e+01
   7.8481200e+05   3.0517578e+01
   7.8485500e+05   3.0334473e+01
   7.8550100e+05   3.2165527e+01
   7.8568000e+05   3.0456543e+01
   7.8577900e+05   3.8635254e+01
   7.8581200e+05   3.1799316e+01
   7.8612400e+05   3.2226563e+01
   7.8630300e+05   3.0822754e+01
   7.8647900e+05   3.7597656e+01
   7.8795300e+05   3.0578613e+01
   8.4027100e+05   3.0456543e+01
   8.4035400e+05   4.3884277e+01
   8.4057200e+05   3.6987305e+01
   8.4059400e+05   3.0090332e+01
   8.4080500e+05   3.0822754e+01
   8.4151900e+05   4.2175293e+01
   8.4170000e+05   3.2165527e+01
   8.4235000e+05   3.3142090e+01
   8.4342600e+05   3.4057617e+01
   8.4850600e+05   3.1738281e+01
   8.4892100e+05   3.1860352e+01
   8.9188400e+05   3.0395508e+01
   8.9311900e+05   3.0700684e+01
   8.9317300e+05   3.4973145e+01
   8.9325100e+05   4.1015625e+01
   8.9345600e+05   3.4912109e+01
   8.9349700e+05   3.2409668e+01
   8.9362300e+05   3.2409668e+01
   8.9367800e+05   3.0517578e+01
   8.9378400e+05   3.0700684e+01
   8.9398600e+05   2.9968262e+01
   9.4224400e+05   3.3813477e+01
   9.4278100e+05   3.4729004e+01
   9.4333800e+05   3.2897949e+01
   9.4338200e+05   3.6010742e+01
   9.4341900e+05   3.4240723e+01
   9.4345100e+05   3.4057617e+01
   9.4350900e+05   3.1738281e+01
   9.4540400e+05   3.8146973e+01
   9.4548000e+05   3.5949707e+01
   9.4568200e+05   3.1555176e+01
   9.4580200e+05   3.1311035e+01
   9.4612800e+05   3.1677246e+01
   9.4664000e+05   3.1494141e+01
   9.4789100e+05   3.5766602e+01
   9.5071500e+05   3.1188965e+01
   9.5108900e+05   3.0029297e+01
   9.9123500e+05   3.0761719e+01
   9.9126000e+05   3.6560059e+01
   9.9128400e+05   3.2775879e+01
   9.9130800e+05   3.1250000e+01
   9.9139500e+05   3.0700684e+01
   9.9143600e+05   3.5278320e+01
   9.9156400e+05   3.3386230e+01
   9.9178200e+05   3.0822754e+01
   9.9199300e+05   3.0578613e+01
   9.9255000e+05   3.1433105e+01
   9.9312600e+05   3.1066895e+01
   1.0373550e+06   3.0639648e+01
   1.0378240e+06   3.1921387e+01
   1.0381090e+06   3.0090332e+01
   1.0381730e+06   3.4118652e+01
   1.0383400e+06   3.1311035e+01
   1.0392070e+06   3.1799316e+01
   1.0855810e+06   3.0090332e+01
   1.0857540e+06   3.3020020e+01
   1.0861760e+06   3.3935547e+01
   1.0862890e+06   3.3874512e+01
   1.0864770e+06   3.4545898e+01
   1.0865570e+06   3.1127930e+01
   1.0865880e+06   3.3264160e+01
   1.0874170e+06   3.0456543e+01
   1.0879360e+06   3.1372070e+01
   1.1260480e+06   4.2358398e+01
   1.1261150e+06   3.4729004e+01
   1.1262710e+06   3.2348633e+01
   1.1475040e+06   3.4484863e+01
   1.1476610e+06   3.7841797e+01
   1.1478440e+06   2.9968262e+01
   1.1485400e+06   3.8024902e+01
   1.1485950e+06   3.2592773e+01
   1.1502850e+06   3.0334473e+01
   1.1505980e+06   3.7170410e+01
   1.1870790e+06   3.1677246e+01
   1.1875310e+06   3.0334473e+01
   1.1875730e+06   3.0212402e+01
   1.1876430e+06   3.1066895e+01
   1.1879800e+06   3.0029297e+01
   1.2277710e+06   3.2714844e+01
   1.2277920e+06   3.3264160e+01
   1.2281230e+06   3.1127930e+01
   1.2282150e+06   3.0395508e+01
   1.2285030e+06   3.0639648e+01
   1.2286560e+06   3.0151367e+01
   1.2287590e+06   3.1066895e+01
   1.2708570e+06   3.7414551e+01
   1.2709410e+06   3.0029297e+01
   1.2711900e+06   3.0944824e+01
   1.2712390e+06   3.9611816e+01
   1.2718380e+06   3.1188965e+01
   1.2745870e+06   3.1494141e+01
   1.3199280e+06   3.1372070e+01
   1.3231390e+06   3.1311035e+01
   1.3231690e+06   3.3264160e+01
   1.3261920e+06   3.1066895e+01
   1.3263180e+06   3.4057617e+01
   1.3265380e+06   3.1433105e+01
   1.3270020e+06   3.0273438e+01
   1.3271410e+06   3.2104492e+01
   1.3295480e+06   3.4118652e+01
   1.3527770e+06   3.0090332e+01
   1.3645350e+06   3.9428711e+01
   1.3646000e+06   3.1982422e+01
   1.3648770e+06   3.0090332e+01
   1.3651580e+06   3.1555176e+01
   1.3660970e+06   3.0578613e+01
   1.3665120e+06   3.3325195e+01
   1.3670740e+06   3.5095215e+01
   1.3972540e+06   3.0822754e+01
   1.3981290e+06   2.9968262e+01
   1.3984320e+06   3.8635254e+01
   1.3987480e+06   3.3203125e+01
   1.3988620e+06   2.9968262e+01
   1.3991540e+06   3.2287598e+01
   1.4002450e+06   3.3569336e+01
   1.4240210e+06   3.1982422e+01
   1.4461230e+06   3.0944824e+01
   1.4462120e+06   3.1188965e+01
   1.4462880e+06   3.2592773e+01
   1.4473850e+06   3.0212402e+01
   1.4474330e+06   3.2104492e+01
   1.4475140e+06   3.2287598e+01
   1.4475480e+06   3.2287598e+01
   1.4476350e+06   3.2287598e+01
   1.4476720e+06   4.7668457e+01
   1.4477070e+06   3.3325195e+01
   1.4477820e+06   3.0883789e+01
   1.4481460e+06   3.3508301e+01
   1.4482720e+06   3.0029297e+01
   1.4488400e+06   3.4057617e+01
   1.4489520e+06   3.7109375e+01
   1.4492890e+06   3.4301758e+01
   1.4506180e+06   3.0151367e+01
   1.4516480e+06   3.0578613e+01
   1.4531740e+06   3.0395508e+01
   1.4875950e+06   3.1311035e+01
   1.4879040e+06   3.2714844e+01
   1.4879840e+06   3.0151367e+01
   1.4880260e+06   3.3386230e+01
   1.4881020e+06   3.2226563e+01
   1.4882840e+06   3.0700684e+01
   1.4883120e+06   3.4973145e+01
   1.4883800e+06   3.4851074e+01
   1.4884080e+06   3.4301758e+01
   1.4890690e+06   3.2653809e+01
   1.4896570e+06   3.6254883e+01
   1.4898760e+06   3.1311035e+01
   1.4910130e+06   3.1433105e+01
   1.5283190e+06   3.0944824e+01
   1.5283990e+06   3.7170410e+01
   1.5286400e+06   3.3508301e+01
   1.5286610e+06   3.0151367e+01
   1.5291390e+06   3.4973145e+01
   1.5299990e+06   4.3395996e+01
   1.5305450e+06   3.2531738e+01
   1.5641990e+06   3.5400391e+01
   1.5642990e+06   3.1799316e+01
   1.5645430e+06   3.0761719e+01
   1.5646100e+06   4.3457031e+01
   1.5646570e+06   3.1677246e+01
   1.5646820e+06   3.4118652e+01
   1.5647170e+06   3.3935547e+01
   1.5647860e+06   3.6804199e+01
   1.5648520e+06   3.1616211e+01
   1.5649320e+06   3.0212402e+01
   1.5649620e+06   3.8452148e+01
   1.5653280e+06   3.1066895e+01
   1.5654320e+06   3.0395508e+01
   1.5658270e+06   3.0029297e+01
   1.5661320e+06   3.0639648e+01
   1.5668880e+06   3.1494141e+01
   1.5679310e+06   3.2714844e+01
   1.5684480e+06   3.5034180e+01
   1.6014170e+06   3.0395508e+01
   1.6018070e+06   3.2531738e+01
   1.6018850e+06   3.1127930e+01
   1.6020690e+06   3.6010742e+01
   1.6023480e+06   3.0029297e+01
   1.6023830e+06   3.0151367e+01
   1.6030650e+06   3.0151367e+01
   1.6031040e+06   3.1738281e+01
   1.6032890e+06   3.2653809e+01
   1.6034160e+06   3.1799316e+01
   1.6035950e+06   3.4179688e+01
   1.6406350e+06   3.3874512e+01
   1.6415350e+06   3.4179688e+01
   1.6416670e+06   3.3203125e+01
   1.6418690e+06   3.4545898e+01
   1.6423660e+06   3.0395508e+01
   1.6431020e+06   3.0944824e+01
   1.6431870e+06   3.0273438e+01
   1.6432670e+06   3.3386230e+01
   1.6432930e+06   3.0883789e+01
   1.6437000e+06   3.0090332e+01
   1.6437960e+06   3.5583496e+01
   1.6441020e+06   3.1250000e+01
   1.6443770e+06   3.3813477e+01
   1.6446360e+06   3.2775879e+01
   1.6455170e+06   3.1311035e+01
   1.6457270e+06   3.0700684e+01
   1.6467780e+06   3.2531738e+01
   1.6819500e+06   3.4057617e+01
   1.6819740e+06   4.1748047e+01
   1.6820120e+06   3.1738281e+01
   1.6820330e+06   3.2226563e+01
   1.6820590e+06   3.1494141e+01
   1.6823660e+06   3.0090332e+01
   1.6827370e+06   3.0456543e+01
   1.6828600e+06   3.0090332e+01
   1.6829940e+06   3.2592773e+01
   1.6830240e+06   3.2104492e+01
   1.6830380e+06   3.1921387e+01
   1.6831080e+06   3.1799316e+01
   1.6836410e+06   3.0151367e+01
   1.6836930e+06   3.4484863e+01
   1.6837710e+06   3.2775879e+01
   1.6839180e+06   3.0334473e+01
   1.6839750e+06   3.5095215e+01
   1.6842060e+06   3.4179688e+01
   1.7174750e+06   3.5644531e+01
   1.7254410e+06   3.1005859e+01
   1.7254800e+06   3.0883789e+01
   1.7255360e+06   3.1188965e+01
   1.7255970e+06   3.7719727e+01
   1.7258340e+06   3.1982422e+01
   1.7258960e+06   3.2287598e+01
   1.7260130e+06   3.2775879e+01
   1.7260390e+06   3.0334473e+01
   1.7262160e+06   2.9968262e+01
   1.7263910e+06   3.2958984e+01
   1.7272020e+06   3.0334473e+01
   1.7275080e+06   3.3264160e+01
   1.7289410e+06   3.0700684e+01
   1.7635250e+06   3.5949707e+01
   1.7636140e+06   3.3386230e+01
   1.7639290e+06   3.1188965e+01
   1.7641050e+06   3.6376953e+01
   1.7641850e+06   3.1433105e+01
   1.7645770e+06   3.8269043e+01
   1.7648260e+06   3.0761719e+01
   1.7651250e+06   3.0151367e+01
   1.7994900e+06   3.3203125e+01
   1.8039430e+06   3.3264160e+01
   1.8042320e+06   3.3447266e+01
   1.8042730e+06   4.1625977e+01
   1.8043320e+06   3.2043457e+01
   1.8043540e+06   4.2236328e+01
   1.8044050e+06   3.0883789e+01
   1.8045840e+06   3.0273438e+01
   1.8046130e+06   3.2897949e+01
   1.8046420e+06   3.7231445e+01
   1.8047630e+06   3.4912109e+01
   1.8049660e+06   3.3691406e+01
   1.8050280e+06   3.2470703e+01
   1.8051410e+06   3.2287598e+01
   1.8058730e+06   3.2104492e+01
   1.8060690e+06   3.0700684e+01
   1.8062840e+06   3.4057617e+01
   1.8066840e+06   3.0883789e+01
   1.8086400e+06   3.0883789e+01
   1.8447620e+06   3.0090332e+01
   1.8448600e+06   3.0944824e+01
   1.8448880e+06   3.3752441e+01
   1.8460010e+06   3.0334473e+01
   1.8460700e+06   3.1433105e+01
   1.8461460e+06   2.9968262e+01
   1.8461980e+06   3.3325195e+01
   1.8462250e+06   3.0151367e+01
   1.8462440e+06   3.4118652e+01
   1.8463140e+06   3.4729004e+01
   1.8463480e+06   3.1188965e+01
   1.8464830e+06   3.7353516e+01
   1.8465110e+06   3.0761719e+01
   1.8466250e+06   3.0700684e+01
   1.8466480e+06   3.1982422e+01
   1.8467880e+06   3.0334473e+01
   1.8468180e+06   3.5339355e+01
   1.8468420e+06   3.3630371e+01
   1.8470720e+06   3.0578613e+01
   1.8470980e+06   3.0212402e+01
   1.8472200e+06   3.5949707e+01
   1.8477750e+06   3.6865234e+01
   1.8805990e+06   3.0517578e+01
   1.8806460e+06   3.5827637e+01
   1.8806710e+06   3.5095215e+01
   1.8808480e+06   3.1555176e+01
   1.8809680e+06   3.5217285e+01
   1.8810280e+06   3.1066895e+01
   1.8811280e+06   4.2114258e+01
   1.8812630e+06   3.2836914e+01
   1.8813910e+06   3.1799316e+01
   1.8818480e+06   3.1250000e+01
   1.8823080e+06   3.2165527e+01
   1.8903380e+06   3.2104492e+01
   1.8903710e+06   3.3691406e+01
   1.8903960e+06   2.9968262e+01
   1.8905170e+06   3.8391113e+01
   1.8905700e+06   3.4301758e+01
   1.8906020e+06   3.4423828e+01
   1.8907430e+06   3.6254883e+01
   1.8910640e+06   3.4179688e+01
   1.8911550e+06   3.1250000e+01
   1.8912190e+06   2.9968262e+01
   1.8914720e+06   3.8757324e+01
   1.8916170e+06   3.3386230e+01
   1.8927410e+06   2.9968262e+01
   1.8927820e+06   3.0822754e+01
   1.9349240e+06   3.4973145e+01
   1.9349490e+06   4.0832520e+01
   1.9350030e+06   3.3020020e+01
   1.9350530e+06   3.2470703e+01
   1.9351150e+06   3.2531738e+01
   1.9351980e+06   3.2226563e+01
   1.9352350e+06   3.0944824e+01
   1.9353540e+06   3.2531738e+01
   1.9354590e+06   3.1616211e+01
   1.9355950e+06   4.0161133e+01
   1.9356260e+06   3.3264160e+01
   1.9358190e+06   3.2531738e+01
   1.9363090e+06   3.2592773e+01
   1.9368610e+06   3.1311035e+01
   1.9371670e+06   3.5766602e+01
   1.9373080e+06   3.5583496e+01
   1.9386580e+06   3.1005859e+01
   1.9553480e+06   3.9184570e+01
   1.9553770e+06   3.6987305e+01
   1.9554840e+06   3.7475586e+01
   1.9557970e+06   3.4729004e+01
   1.9565810e+06   3.0761719e+01
   1.9945260e+06   3.6010742e+01
   1.9945890e+06   3.0456543e+01
   1.9948710e+06   3.0517578e+01
   1.9960890e+06   3.3813477e+01
   1.9961250e+06   3.0273438e+01
   1.9962780e+06   3.2409668e+01
   1.9963250e+06   3.0822754e+01
   1.9964160e+06   3.1555176e+01
   1.9965450e+06   3.2226563e+01
   1.9966260e+06   3.2409668e+01
   1.9969450e+06   3.2836914e+01
   1.9971400e+06   3.2958984e+01
   1.9973470e+06   3.3569336e+01
   1.9974640e+06   3.0944824e+01
   1.9974790e+06   3.0578613e+01
   1.9975320e+06   3.1860352e+01
   1.9975600e+06   3.3386230e+01
   1.9977160e+06   3.2958984e+01
   1.9977520e+06   3.0456543e+01
   1.9980190e+06   3.0395508e+01
   1.9984010e+06   3.0761719e+01
   1.9995580e+06   3.1066895e+01
   1.9997360e+06   3.0517578e+01
   1.9998100e+06   3.0639648e+01
   2.0001260e+06   2.9968262e+01
   2.0010860e+06   3.1433105e+01
   2.0011370e+06   3.0029297e+01
   2.0013460e+06   3.5339355e+01
   2.0402950e+06   3.6682129e+01
   2.0403620e+06   3.0029297e+01
   2.0403870e+06   3.7597656e+01
   2.0404380e+06   4.0222168e+01
   2.0404870e+06   3.6743164e+01
   2.0405170e+06   3.1799316e+01
   2.0405360e+06   3.1372070e+01
   2.0405950e+06   4.0161133e+01
   2.0406230e+06   3.4851074e+01
   2.0407260e+06   3.0761719e+01
   2.0407610e+06   3.7841797e+01
   2.0408540e+06   3.0090332e+01
   2.0408970e+06   3.0273438e+01
   2.0409350e+06   3.2165527e+01
   2.0410870e+06   3.8269043e+01
   2.0411980e+06   3.5522461e+01
   2.0412450e+06   3.0029297e+01
   2.0413010e+06   3.0395508e+01
   2.0414720e+06   4.1870117e+01
   2.0417870e+06   3.0334473e+01
   2.0418550e+06   3.5156250e+01
   2.0425590e+06   3.0761719e+01
   2.0432640e+06   4.1687012e+01
   2.0434510e+06   3.0578613e+01
   2.0807900e+06   3.1433105e+01
   2.0808520e+06   3.4057617e+01
   2.0814050e+06   3.4423828e+01
   2.0814650e+06   3.2043457e+01
   2.0815720e+06   3.4301758e+01
   2.0816070e+06   3.1372070e+01
   2.0816190e+06   3.1616211e+01
   2.0817580e+06   3.3142090e+01
   2.0817960e+06   3.6010742e+01
   2.0818590e+06   3.2348633e+01
   2.0819610e+06   3.0639648e+01
   2.0820520e+06   3.0395508e+01
   2.0821620e+06   4.0161133e+01
   2.0822620e+06   3.0700684e+01
   2.0824630e+06   3.1066895e+01
   2.0826330e+06   3.0761719e+01
   2.0829620e+06   3.8146973e+01
   2.0830660e+06   3.1433105e+01
   2.0831830e+06   3.0517578e+01
   2.0833320e+06   3.0639648e+01
   2.0834770e+06   3.1738281e+01
   2.0835660e+06   3.0639648e+01
   2.0838900e+06   3.8208008e+01
   2.0841420e+06   3.6743164e+01
   2.0843070e+06   3.2897949e+01
   2.0845400e+06   3.3386230e+01
   2.0849300e+06   3.3508301e+01
   2.0850640e+06   3.6376953e+01
   2.0851250e+06   3.1677246e+01
   2.0851490e+06   3.4484863e+01
   2.0856660e+06   3.1616211e+01
   2.0866600e+06   3.0090332e+01
   2.0869920e+06   3.2714844e+01
   2.0871470e+06   3.2470703e+01
   2.1194650e+06   3.1005859e+01
   2.1194930e+06   3.0639648e+01
   2.1196080e+06   3.1616211e+01
   2.1199760e+06   3.3203125e+01
   2.1202510e+06   3.2287598e+01
   2.1204310e+06   3.6865234e+01
   2.1207210e+06   3.0212402e+01
   2.1210520e+06   3.1860352e+01
   2.1217090e+06   3.3325195e+01
   2.1596030e+06   3.3813477e+01
   2.1596930e+06   3.1799316e+01
   2.1597400e+06   3.1372070e+01
   2.1597590e+06   3.0578613e+01
   2.1597790e+06   3.5644531e+01
   2.1599680e+06   3.3813477e+01
   2.1599950e+06   3.5461426e+01
   2.1600500e+06   3.7109375e+01
   2.1600800e+06   3.5339355e+01
   2.1601550e+06   3.0090332e+01
   2.1602520e+06   3.2287598e+01
   2.1605370e+06   3.4423828e+01
   2.1605720e+06   3.5400391e+01
   2.1607170e+06   3.6010742e+01
   2.1609220e+06   3.1677246e+01
   2.1611830e+06   3.2165527e+01
   2.1612150e+06   3.4545898e+01
   2.1613030e+06   3.2775879e+01
   2.1614630e+06   3.2348633e+01
   2.1620670e+06   3.4667969e+01
   2.1621520e+06   3.0395508e+01
   2.1621740e+06   3.1311035e+01
   2.1644110e+06   3.0517578e+01
   2.1644560e+06   3.1188965e+01
   2.1653930e+06   3.1433105e+01
   2.2256220e+06   3.2653809e+01
   2.2256570e+06   3.2348633e+01
   2.2256770e+06   3.5827637e+01
   2.2257190e+06   3.0944824e+01
   2.2257930e+06   4.1809082e+01
   2.2258450e+06   3.3935547e+01
   2.2258640e+06   3.8085938e+01
   2.2259820e+06   3.0944824e+01
   2.2261320e+06   3.0944824e+01
   2.2262140e+06   3.2409668e+01
   2.2262800e+06   3.0517578e+01
   2.2263040e+06   3.4851074e+01
   2.2264450e+06   3.6132813e+01
   2.2267730e+06   3.1066895e+01
   2.2274930e+06   4.0405273e+01
   2.2276120e+06   3.4362793e+01
   2.2279410e+06   3.0578613e+01
   2.2279690e+06   3.1494141e+01
   2.2286040e+06   3.1799316e+01
   2.2286840e+06   3.6743164e+01
   2.2288170e+06   3.0212402e+01
   2.2288580e+06   3.0334473e+01
   2.2289120e+06   3.2592773e+01
   2.2296120e+06   3.3508301e+01
   2.2300490e+06   3.0395508e+01
   2.2302710e+06   3.2470703e+01
   2.2849830e+06   3.1921387e+01
   2.2850350e+06   3.2775879e+01
   2.2850790e+06   3.4729004e+01
   2.2851780e+06   3.2287598e+01
   2.2852640e+06   3.3508301e+01
   2.2853350e+06   3.7719727e+01
   2.2853810e+06   3.1738281e+01
   2.2854960e+06   3.0761719e+01
   2.2862970e+06   3.7048340e+01
   2.2866370e+06   3.0639648e+01
   2.2866830e+06   3.0517578e+01
   2.2867770e+06   3.5522461e+01
   2.2868340e+06   3.7536621e+01
   2.2871050e+06   3.0517578e+01
   2.2872530e+06   3.1005859e+01
   2.2878140e+06   3.0395508e+01
   2.2884610e+06   3.3020020e+01
   2.2889520e+06   3.1311035e+01
   2.2890530e+06   3.3447266e+01
   2.2894300e+06   4.1625977e+01
   2.3524720e+06   4.0100098e+01
   2.3525280e+06   3.2775879e+01
   2.3525510e+06   3.0456543e+01
   2.3525730e+06   3.8330078e+01
   2.3526210e+06   3.5705566e+01
   2.3526420e+06   3.6132813e+01
   2.3527710e+06   3.2897949e+01
   2.3528370e+06   3.4057617e+01
   2.3529130e+06   3.0944824e+01
   2.3530090e+06   3.1066895e+01
   2.3531230e+06   3.0029297e+01
   2.3531830e+06   3.0212402e+01
   2.3534740e+06   3.7963867e+01
   2.3536080e+06   3.8330078e+01
   2.3539970e+06   3.2104492e+01
   2.3542800e+06   3.0883789e+01
   2.3548510e+06   3.1982422e+01
   2.4055910e+06   3.1738281e+01
   2.4056300e+06   3.2287598e+01
   2.4056560e+06   4.5349121e+01
   2.4056730e+06   3.6315918e+01
   2.4056950e+06   3.1372070e+01
   2.4057810e+06   3.0212402e+01
   2.4058310e+06   3.2226563e+01
   2.4058630e+06   3.2043457e+01
   2.4058890e+06   3.0090332e+01
   2.4060260e+06   3.2592773e+01
   2.4062480e+06   3.4667969e+01
   2.4065070e+06   3.1494141e+01
   2.4067720e+06   3.0029297e+01
   2.4070080e+06   3.2653809e+01
   2.4073790e+06   3.1738281e+01
   2.4076300e+06   3.7048340e+01
   2.4078480e+06   3.2226563e+01
   2.4485400e+06   3.2775879e+01
   2.4485850e+06   4.1320801e+01
   2.4486090e+06   3.5034180e+01
   2.4487060e+06   3.2592773e+01
   2.4487540e+06   3.0517578e+01
   2.4488290e+06   3.2226563e+01
   2.4488880e+06   3.0700684e+01
   2.4489760e+06   3.3020020e+01
   2.4490700e+06   3.4057617e+01
   2.4491560e+06   3.7353516e+01
   2.4491850e+06   3.1433105e+01
   2.4495530e+06   3.1921387e+01
   2.4496280e+06   3.0273438e+01
   2.4497940e+06   3.3264160e+01
   2.4498590e+06   3.0944824e+01
   2.4892810e+06   4.6569824e+01
   2.4893050e+06   3.4973145e+01
   2.4893340e+06   3.0700684e+01
   2.4893880e+06   3.6621094e+01
   2.4897030e+06   2.9968262e+01
   2.4897620e+06   3.3386230e+01
   2.4898140e+06   3.2165527e+01
   2.4901930e+06   3.4362793e+01
   2.4902890e+06   3.3813477e+01
   2.4905110e+06   3.9489746e+01
   2.4906990e+06   3.1005859e+01
   2.4908630e+06   3.0090332e+01
   2.4941590e+06   3.2714844e+01
   2.4956090e+06   3.1616211e+01
   2.4958940e+06   3.0944824e+01
   2.5323700e+06   3.4057617e+01
   2.5324020e+06   3.5705566e+01
   2.5324550e+06   3.5156250e+01
   2.5325290e+06   3.0517578e+01
   2.5327750e+06   3.0761719e+01
   2.5328660e+06   4.8156738e+01
   2.5332070e+06   3.0395508e+01
   2.5332630e+06   3.4606934e+01
   2.5335120e+06   3.8391113e+01
   2.5335480e+06   3.1127930e+01
   2.5337590e+06   3.0090332e+01
   2.5344990e+06   3.2775879e+01
   2.5345690e+06   3.0090332e+01
   2.5723000e+06   4.1076660e+01
   2.5723260e+06   3.5705566e+01
   2.5725540e+06   3.2104492e+01
   2.5726430e+06   3.1311035e+01
   2.5726700e+06   4.1320801e+01
   2.5727570e+06   3.1616211e+01
   2.5728480e+06   3.3142090e+01
   2.5730550e+06   4.3090820e+01
   2.5731720e+06   3.5888672e+01
   2.5733020e+06   3.5095215e+01
   2.5734250e+06   3.3264160e+01
   2.5737270e+06   3.5156250e+01
   2.5737790e+06   3.0822754e+01
   2.5741260e+06   3.2897949e+01
   2.6142290e+06   3.3630371e+01
   2.6142610e+06   3.2775879e+01
   2.6142790e+06   3.2226563e+01
   2.6143130e+06   3.2043457e+01
   2.6144060e+06   3.7231445e+01
   2.6146220e+06   3.1738281e+01
   2.6146590e+06   3.2409668e+01
   2.6148670e+06   3.2470703e+01
   2.6149500e+06   3.1311035e+01
   2.6149780e+06   3.4545898e+01
   2.6150390e+06   3.0334473e+01
   2.6153180e+06   3.1982422e+01
   2.6154740e+06   3.1738281e+01
   2.6155230e+06   3.1982422e+01
   2.6155560e+06   3.4423828e+01
   2.6156290e+06   3.6132813e+01
   2.6158360e+06   3.0212402e+01
   2.6158940e+06   3.0029297e+01
   2.6161670e+06   3.1982422e+01
   2.6162020e+06   4.6081543e+01
   2.6641800e+06   3.3386230e+01
   2.6642190e+06   4.0283203e+01
   2.6642930e+06   3.1738281e+01
   2.6643400e+06   3.9550781e+01
   2.6645610e+06   3.0700684e+01
   2.6646130e+06   3.1494141e+01
   2.6646230e+06   3.2409668e+01
   2.6647130e+06   3.2775879e+01
   2.6647350e+06   4.0222168e+01
   2.6649000e+06   3.5095215e+01
   2.6649620e+06   3.4240723e+01
   2.6650590e+06   3.0700684e+01
   2.6650970e+06   3.2775879e+01
   2.6651390e+06   3.3386230e+01
   2.6652030e+06   3.4606934e+01
   2.6652520e+06   3.3081055e+01
   2.6655830e+06   2.9968262e+01
   2.6658450e+06   3.5095215e+01
   2.6662050e+06   3.2226563e+01
   2.6673670e+06   3.2409668e+01
   2.7098850e+06   3.1066895e+01
   2.7099190e+06   4.2114258e+01
   2.7099940e+06   2.9968262e+01
   2.7101960e+06   3.2348633e+01
   2.7102240e+06   3.3508301e+01
   2.7102820e+06   3.4851074e+01
   2.7103190e+06   3.2287598e+01
   2.7107210e+06   3.2104492e+01
   2.7107780e+06   3.1311035e+01
   2.7112960e+06   3.0639648e+01
   2.7116260e+06   3.3813477e+01
   2.7119190e+06   3.8513184e+01
   2.7605620e+06   3.1188965e+01
   2.7606290e+06   3.2958984e+01
   2.7606470e+06   2.9968262e+01
   2.7606630e+06   3.1188965e+01
   2.7606870e+06   4.0527344e+01
   2.7608880e+06   3.3691406e+01
   2.7611720e+06   3.0456543e+01
   2.7612740e+06   3.2409668e+01
   2.7615490e+06   3.3569336e+01
   2.7616730e+06   3.0151367e+01
   2.7622050e+06   3.2653809e+01
   2.8049120e+06   3.1372070e+01
   2.8097550e+06   2.9968262e+01
   2.8099980e+06   3.2714844e+01
   2.8101010e+06   3.2104492e+01
   2.8104800e+06   3.7658691e+01
   2.8108450e+06   3.2714844e+01
   2.8108700e+06   3.6804199e+01
   2.8109670e+06   3.2226563e+01
   2.8124200e+06   3.4606934e+01
   2.8577420e+06   3.0700684e+01
   2.8578800e+06   3.1127930e+01
   2.8583660e+06   3.4851074e+01
   2.8584090e+06   3.2226563e+01
   2.8584520e+06   3.3569336e+01
   2.8584700e+06   3.0090332e+01
   2.8584880e+06   3.0090332e+01
   2.8585470e+06   3.5766602e+01
   2.8589130e+06   3.8879395e+01
   2.8589390e+06   3.0700684e+01
   2.8594340e+06   3.3081055e+01
   2.8595020e+06   3.1555176e+01
   2.8598060e+06   3.4240723e+01
   2.9079670e+06   3.5705566e+01
   2.9115310e+06   3.5827637e+01
   2.9123120e+06   3.1738281e+01
   2.9126970e+06   3.4423828e+01
   2.9127530e+06   3.2165527e+01
   2.9133340e+06   2.9968262e+01
   2.9390630e+06   3.0883789e+01
   2.9399330e+06   3.0090332e+01
   2.9889130e+06   3.1250000e+01
   2.9902470e+06   3.4484863e+01
   2.9903590e+06   3.1860352e+01
   2.9910450e+06   3.5339355e+01
   2.9911610e+06   3.4301758e+01
   2.9911890e+06   2.9968262e+01
   2.9914370e+06   3.1250000e+01
   2.9916610e+06   3.1311035e+01
   2.9919270e+06   3.0578613e+01
   2.9919780e+06   3.0944824e+01
   2.9920220e+06   3.3203125e+01
   2.9921530e+06   3.3020020e+01
   2.9928270e+06   3.1738281e+01
   2.9930380e+06   3.0883789e+01
