   3.0000000e+06   0.0000000e+00
   3.6015000e+04   1.4300537e+02
   3.6037000e+04   6.2133789e+01
   3.6048000e+04   8.3984375e+01
   3.6082000e+04   6.8054199e+01
   3.6094000e+04   3.9367676e+01
   3.6133000e+04   3.9245605e+01
   3.6146000e+04   3.7719727e+01
   3.6162000e+04   4.1992188e+01
   3.6193000e+04   4.5288086e+01
   3.6204000e+04   4.3029785e+01
   3.6247000e+04   3.2653809e+01
   3.6271000e+04   3.6682129e+01
   3.6282000e+04   3.0029297e+01
   3.6303000e+04   3.6315918e+01
   3.6352000e+04   3.3874512e+01
   3.6371000e+04   2.9846191e+01
   3.6388000e+04   3.4912109e+01
   3.6406000e+04   3.6682129e+01
   3.6416000e+04   3.0334473e+01
   3.6442000e+04   3.0029297e+01
   3.6462000e+04   3.5522461e+01
   3.6486000e+04   6.1340332e+01
   3.6506000e+04   3.6193848e+01
   3.6532000e+04   3.0090332e+01
   3.6577000e+04   4.5898438e+01
   3.6621000e+04   3.2592773e+01
   3.6767000e+04   3.6987305e+01
   3.6792000e+04   3.8513184e+01
   3.6806000e+04   3.1555176e+01
   3.6849000e+04   3.2287598e+01
   3.6867000e+04   3.1738281e+01
   3.6916000e+04   3.0151367e+01
   3.6943000e+04   3.0090332e+01
   3.7027000e+04   4.8522949e+01
   3.7113000e+04   3.7170410e+01
   3.7126000e+04   3.1982422e+01
   3.7161000e+04   3.3874512e+01
   3.7194000e+04   3.2043457e+01
   3.7414000e+04   8.7463379e+01
   3.7432000e+04   3.2104492e+01
   3.7742000e+04   2.9479980e+01
   3.7919000e+04   3.0639648e+01
   3.7932000e+04   1.0894775e+02
   3.8092000e+04   2.9418945e+01
   3.8583000e+04   3.1250000e+01
   8.6447000e+04   5.6579590e+01
   8.6471000e+04   8.7341309e+01
   8.6487000e+04   6.4331055e+01
   8.6527000e+04   6.6528320e+01
   8.6557000e+04   3.8269043e+01
   8.6595000e+04   7.4340820e+01
   8.6605000e+04   3.9855957e+01
   8.6647000e+04   4.8278809e+01
   8.6670000e+04   3.4545898e+01
   8.6721000e+04   3.2470703e+01
   8.6772000e+04   3.1860352e+01
   8.6827000e+04   3.1555176e+01
   8.6891000e+04   3.1982422e+01
   8.6903000e+04   8.2580566e+01
   8.6957000e+04   3.4973145e+01
   8.6973000e+04   3.9184570e+01
   8.6996000e+04   4.2846680e+01
   8.7072000e+04   3.1188965e+01
   8.7155000e+04   3.6499023e+01
   8.7179000e+04   3.3752441e+01
   8.7212000e+04   3.1433105e+01
   8.7233000e+04   3.5156250e+01
   8.7298000e+04   3.2531738e+01
   8.7355000e+04   2.9357910e+01
   8.7373000e+04   3.0944824e+01
   8.7421000e+04   3.0334473e+01
   8.7608000e+04   3.2409668e+01
   8.7781000e+04   3.2409668e+01
   8.7834000e+04   3.1433105e+01
   8.7874000e+04   2.9602051e+01
   8.7994000e+04   3.0212402e+01
   1.3578300e+05   6.3537598e+01
   1.3579800e+05   8.1237793e+01
   1.3581900e+05   4.2541504e+01
   1.3583500e+05   4.1992188e+01
   1.3584700e+05   3.2531738e+01
   1.3586700e+05   7.4279785e+01
   1.3588700e+05   4.6630859e+01
   1.3590200e+05   3.6560059e+01
   1.3593100e+05   6.2255859e+01
   1.3594700e+05   3.3874512e+01
   1.3596100e+05   3.3935547e+01
   1.3597600e+05   3.6743164e+01
   1.3598600e+05   7.4096680e+01
   1.3600300e+05   3.2348633e+01
   1.3611200e+05   3.1860352e+01
   1.3618200e+05   3.4667969e+01
   1.3623200e+05   3.7597656e+01
   1.3625900e+05   3.3081055e+01
   1.3628500e+05   5.1879883e+01
   1.3631100e+05   5.5297852e+01
   1.3633000e+05   3.5095215e+01
   1.3634800e+05   3.0090332e+01
   1.3637500e+05   3.5888672e+01
   1.3646600e+05   3.4057617e+01
   1.3648100e+05   2.9907227e+01
   1.3660300e+05   4.1992188e+01
   1.3668000e+05   4.2114258e+01
   1.3697300e+05   2.9724121e+01
   1.3704800e+05   3.6071777e+01
   1.3741800e+05   5.1513672e+01
   1.8257300e+05   3.6987305e+01
   1.8261100e+05   1.0974121e+02
   1.8263400e+05   4.6325684e+01
   1.8265000e+05   3.1616211e+01
   1.8266600e+05   5.5603027e+01
   1.8269100e+05   3.4118652e+01
   1.8272800e+05   3.9367676e+01
   1.8274700e+05   3.3142090e+01
   1.8280600e+05   3.3264160e+01
   1.8284300e+05   3.2592773e+01
   1.8286400e+05   3.7414551e+01
   1.8288900e+05   2.9602051e+01
   1.8289900e+05   3.4545898e+01
   1.8297600e+05   3.1433105e+01
   1.8299900e+05   3.2226563e+01
   1.8302600e+05   3.0822754e+01
   1.8305200e+05   1.1151123e+02
   1.8306300e+05   4.1320801e+01
   1.8307600e+05   4.1198730e+01
   1.8310700e+05   8.4289551e+01
   1.8314000e+05   4.0527344e+01
   1.8315900e+05   3.5827637e+01
   1.8318300e+05   4.0283203e+01
   1.8321700e+05   3.3081055e+01
   1.8326500e+05   3.6499023e+01
   1.8359100e+05   3.2287598e+01
   1.8381100e+05   3.5461426e+01
   1.8407800e+05   3.5888672e+01
   2.3172000e+05   3.2531738e+01
   2.3173200e+05   1.2921143e+02
   2.3174600e+05   4.9682617e+01
   2.3177100e+05   1.1010742e+02
   2.3179300e+05   3.6315918e+01
   2.3181000e+05   6.8420410e+01
   2.3183000e+05   3.6682129e+01
   2.3185900e+05   2.9541016e+01
   2.3187300e+05   7.5439453e+01
   2.3190100e+05   3.3142090e+01
   2.3193100e+05   8.5632324e+01
   2.3195700e+05   3.4423828e+01
   2.3197300e+05   2.9541016e+01
   2.3200400e+05   3.2836914e+01
   2.3202300e+05   3.8513184e+01
   2.3208000e+05   3.2775879e+01
   2.3210600e+05   3.6315918e+01
   2.3220900e+05   3.9123535e+01
   2.3223100e+05   3.2104492e+01
   2.3224200e+05   3.6926270e+01
   2.3226700e+05   3.0639648e+01
   2.3229000e+05   3.5217285e+01
   2.3230000e+05   3.4179688e+01
   2.3239500e+05   3.3813477e+01
   2.3249400e+05   3.8269043e+01
   2.3257400e+05   3.6926270e+01
   2.3262600e+05   3.2348633e+01
   2.3279800e+05   3.5583496e+01
   2.3289000e+05   3.1250000e+01
   2.3317600e+05   3.1188965e+01
   2.8065900e+05   6.0729980e+01
   2.8067700e+05   5.2307129e+01
   2.8069900e+05   1.0864258e+02
   2.8072600e+05   3.8208008e+01
   2.8073600e+05   8.5693359e+01
   2.8076700e+05   3.6376953e+01
   2.8079700e+05   2.9724121e+01
   2.8081000e+05   4.9804688e+01
   2.8082200e+05   3.2287598e+01
   2.8086300e+05   4.7119141e+01
   2.8088100e+05   3.2348633e+01
   2.8103900e+05   3.4851074e+01
   2.8106800e+05   3.6987305e+01
   2.8112100e+05   3.1433105e+01
   2.8114600e+05   5.3039551e+01
   2.8116400e+05   3.4423828e+01
   2.8119400e+05   3.0822754e+01
   2.8123200e+05   3.3874512e+01
   2.8124200e+05   3.0395508e+01
   2.8127100e+05   3.0090332e+01
   2.8155800e+05   3.0212402e+01
   2.8159100e+05   3.0761719e+01
   2.8204000e+05   3.2104492e+01
   3.2746500e+05   3.0761719e+01
   3.2751500e+05   1.5417480e+02
   3.2754600e+05   3.7780762e+01
   3.2756000e+05   1.1175537e+02
   3.2757600e+05   3.9062500e+01
   3.2761600e+05   5.6213379e+01
   3.2770200e+05   3.3081055e+01
   3.2777100e+05   3.0212402e+01
   3.2787800e+05   3.3569336e+01
   3.2791700e+05   3.1372070e+01
   3.2797600e+05   4.3090820e+01
   3.2800200e+05   3.3813477e+01
   3.2802400e+05   3.8146973e+01
   3.2803700e+05   2.9541016e+01
   3.2827600e+05   3.0334473e+01
   3.2831500e+05   1.2963867e+02
   3.2834500e+05   5.4992676e+01
   3.2837700e+05   3.4057617e+01
   3.2840800e+05   3.1311035e+01
   3.2844000e+05   3.0700684e+01
   3.2847400e+05   3.5034180e+01
   3.2851200e+05   3.0578613e+01
   3.2880100e+05   3.5217285e+01
   3.6162700e+05   2.9418945e+01
   3.7806800e+05   3.0334473e+01
   3.7812100e+05   2.9724121e+01
   3.7815200e+05   3.2775879e+01
   3.7818300e+05   3.8513184e+01
   3.7821200e+05   4.0100098e+01
   3.7825900e+05   3.2958984e+01
   3.7828800e+05   4.2968750e+01
   3.7842300e+05   3.1188965e+01
   3.7846200e+05   4.6813965e+01
   3.7848300e+05   4.4921875e+01
   3.7851100e+05   3.0334473e+01
   3.7859100e+05   3.0395508e+01
   3.7860600e+05   1.1553955e+02
   3.7866000e+05   3.0883789e+01
   3.7868800e+05   3.4790039e+01
   3.7901200e+05   3.2226563e+01
   3.7909300e+05   4.5349121e+01
   3.7916700e+05   3.1494141e+01
   3.7941200e+05   3.0761719e+01
   3.9176400e+05   2.9663086e+01
   4.2037400e+05   3.3264160e+01
   4.2065200e+05   2.9357910e+01
   4.2078500e+05   1.1151123e+02
   4.2081200e+05   2.9541016e+01
   4.2086200e+05   1.0882568e+02
   4.2088000e+05   4.7485352e+01
   4.2091100e+05   3.1921387e+01
   4.2092900e+05   1.1315918e+02
   4.2096600e+05   3.0578613e+01
   4.2098000e+05   5.0231934e+01
   4.2100400e+05   3.6865234e+01
   4.2165300e+05   1.5600586e+02
   4.2169200e+05   1.0638428e+02
   4.2171100e+05   3.5095215e+01
   4.2173600e+05   5.9082031e+01
   4.2175500e+05   4.1137695e+01
   4.2176900e+05   4.1992188e+01
   4.2181500e+05   3.6682129e+01
   4.2184700e+05   4.2480469e+01
   4.2191300e+05   3.1860352e+01
   4.2197000e+05   3.0761719e+01
   4.2207900e+05   5.5053711e+01
   4.2212100e+05   3.6376953e+01
   4.2215600e+05   3.9978027e+01
   4.2217800e+05   3.0334473e+01
   4.2222400e+05   2.9724121e+01
   4.2224000e+05   3.5888672e+01
   4.2230300e+05   3.5278320e+01
   4.2235400e+05   3.4423828e+01
   4.2237600e+05   3.0334473e+01
   4.2240000e+05   4.0527344e+01
   4.2245700e+05   3.1127930e+01
   4.2267400e+05   4.7729492e+01
   4.5979200e+05   3.0517578e+01
   4.7050400e+05   3.5339355e+01
   4.7051900e+05   1.3232422e+02
   4.7055400e+05   3.0395508e+01
   4.7058400e+05   1.2683105e+02
   4.7066900e+05   3.9733887e+01
   4.8290100e+05   2.9663086e+01
   4.8293400e+05   1.5539551e+02
   4.8294900e+05   3.8085938e+01
   4.8298600e+05   3.7170410e+01
   4.8300900e+05   4.4616699e+01
   4.8303300e+05   3.8085938e+01
   4.8304300e+05   3.6254883e+01
   4.8329300e+05   3.1860352e+01
   4.8330700e+05   3.1799316e+01
   4.8339300e+05   2.9418945e+01
   4.8369400e+05   4.7424316e+01
   4.8371700e+05   4.1259766e+01
   4.8373900e+05   3.1005859e+01
   4.8375300e+05   4.6630859e+01
   4.8377700e+05   9.1796875e+01
   4.8380900e+05   3.3813477e+01
   4.8386800e+05   3.3996582e+01
   4.8407800e+05   3.0517578e+01
   4.8421900e+05   1.2072754e+02
   4.8422900e+05   4.2297363e+01
   4.8426900e+05   3.5888672e+01
   4.8438600e+05   2.9785156e+01
   4.8476400e+05   3.0517578e+01
   5.1076900e+05   3.2043457e+01
   5.1594000e+05   2.9663086e+01
   5.4346800e+05   3.0578613e+01
   5.4348400e+05   3.4240723e+01
   5.4353100e+05   4.1503906e+01
   5.4356700e+05   3.6560059e+01
   5.4357900e+05   1.2677002e+02
   5.4359500e+05   4.3212891e+01
   5.4361200e+05   3.2287598e+01
   5.4363100e+05   1.2408447e+02
   5.4395300e+05   4.3640137e+01
   5.4396400e+05   3.0456543e+01
   5.4398400e+05   3.5156250e+01
   5.4400000e+05   3.6315918e+01
   5.4401700e+05   1.1016846e+02
   5.4404600e+05   2.9541016e+01
   5.4412300e+05   3.0212402e+01
   5.4414700e+05   4.6386719e+01
   5.4441100e+05   3.1250000e+01
   5.4449500e+05   3.0273438e+01
   5.4452100e+05   3.1738281e+01
   5.4460300e+05   4.2419434e+01
   5.4474200e+05   3.4973145e+01
   5.4476300e+05   3.3935547e+01
   5.4488700e+05   3.5461426e+01
   5.4494300e+05   3.0456543e+01
   5.4521700e+05   4.8706055e+01
   5.4524700e+05   5.0231934e+01
   5.4528400e+05   9.9975586e+01
   5.4529700e+05   3.2470703e+01
   5.4532800e+05   2.9663086e+01
   5.4534600e+05   3.0639648e+01
   5.4537600e+05   4.0100098e+01
   5.4576100e+05   3.1433105e+01
   5.9972600e+05   3.2043457e+01
   5.9974400e+05   1.5295410e+02
   5.9977700e+05   2.9357910e+01
   5.9980000e+05   3.3874512e+01
   5.9983000e+05   4.7058105e+01
   6.0021600e+05   3.0334473e+01
   6.0053300e+05   4.5593262e+01
   6.0054400e+05   4.0283203e+01
   6.0058300e+05   1.1370850e+02
   6.0059400e+05   5.1757813e+01
   6.0061400e+05   3.2470703e+01
   6.0063200e+05   3.9367676e+01
   6.0065700e+05   1.0308838e+02
   6.0070300e+05   3.8513184e+01
   6.0072400e+05   3.9306641e+01
   6.0074500e+05   4.5715332e+01
   6.0099600e+05   4.1503906e+01
   6.0104600e+05   3.3508301e+01
   6.0113200e+05   3.2592773e+01
   6.0138300e+05   3.2958984e+01
   6.0140200e+05   3.1066895e+01
   6.0143500e+05   3.8452148e+01
   6.0164600e+05   2.9479980e+01
   6.0172700e+05   3.1250000e+01
   6.0177800e+05   6.7932129e+01
   6.0178800e+05   4.3823242e+01
   6.0183400e+05   9.5153809e+01
   6.0184900e+05   3.3081055e+01
   6.0186900e+05   3.7048340e+01
   6.0193300e+05   3.1127930e+01
   6.0204500e+05   3.0578613e+01
   6.0232400e+05   3.0029297e+01
   6.0246900e+05   2.9907227e+01
   6.0439500e+05   3.2775879e+01
   6.0496200e+05   3.3142090e+01
   6.3957200e+05   3.0944824e+01
   6.5838100e+05   3.5888672e+01
   6.6078900e+05   3.3630371e+01
   6.6081400e+05   4.0832520e+01
   6.6083400e+05   5.8959961e+01
   6.6085900e+05   5.8959961e+01
   6.6087900e+05   2.9541016e+01
   6.6091700e+05   3.2592773e+01
   6.6093500e+05   3.9733887e+01
   6.6095400e+05   3.8879395e+01
   6.6097000e+05   3.2897949e+01
   6.6100500e+05   3.2165527e+01
   6.6159200e+05   3.1555176e+01
   6.6168000e+05   4.4433594e+01
   6.6169900e+05   4.0039063e+01
   6.6172000e+05   1.1242676e+02
   6.6175400e+05   3.7658691e+01
   6.6178700e+05   6.2011719e+01
   6.6181400e+05   3.2470703e+01
   6.6183800e+05   3.0273438e+01
   6.6197700e+05   3.1738281e+01
   6.6212200e+05   2.9663086e+01
   7.0484800e+05   3.1982422e+01
   7.0744100e+05   3.2531738e+01
   7.1729900e+05   3.7719727e+01
   7.1732500e+05   6.8176270e+01
   7.1733900e+05   1.0900879e+02
   7.1736900e+05   5.4809570e+01
   7.1738200e+05   8.4777832e+01
   7.1739500e+05   3.9672852e+01
   7.1743600e+05   3.3203125e+01
   7.1745200e+05   3.9123535e+01
   7.1746700e+05   4.2419434e+01
   7.1757400e+05   3.0151367e+01
   7.1762600e+05   3.0029297e+01
   7.1766700e+05   3.0273438e+01
   7.1772700e+05   2.9602051e+01
   7.1781300e+05   3.9245605e+01
   7.1784600e+05   4.8583984e+01
   7.1787300e+05   3.2958984e+01
   7.1790600e+05   3.3813477e+01
   7.1792900e+05   4.2724609e+01
   7.1798400e+05   2.9479980e+01
   7.1800000e+05   2.9418945e+01
   7.1802500e+05   3.3691406e+01
   7.1822800e+05   3.2348633e+01
   7.1827100e+05   3.2409668e+01
   7.1840400e+05   3.0456543e+01
   7.1844200e+05   3.0395508e+01
   7.1855600e+05   3.9794922e+01
   7.1915900e+05   3.0273438e+01
   7.6185300e+05   3.0639648e+01
   7.7546100e+05   3.3142090e+01
   7.7553900e+05   4.4433594e+01
   7.7565200e+05   2.9602051e+01
   7.7786300e+05   2.9663086e+01
   7.8468400e+05   1.5075684e+02
   7.8471600e+05   3.7719727e+01
   7.8472600e+05   1.1981201e+02
   7.8477100e+05   4.0527344e+01
   7.8478100e+05   9.3811035e+01
   7.8482400e+05   3.1250000e+01
   7.8485900e+05   3.0090332e+01
   7.8489600e+05   3.9062500e+01
   7.8490600e+05   4.2053223e+01
   7.8496700e+05   3.4301758e+01
   7.8519600e+05   3.0944824e+01
   7.8542800e+05   3.5827637e+01
   7.8544700e+05   4.1259766e+01
   7.8547300e+05   4.4128418e+01
   7.8552800e+05   3.7292480e+01
   7.8558500e+05   3.2226563e+01
   7.8561100e+05   5.3588867e+01
   7.8562300e+05   3.5705566e+01
   7.8564200e+05   3.4667969e+01
   7.8566100e+05   3.1433105e+01
   7.8571700e+05   2.9479980e+01
   7.8576600e+05   3.6376953e+01
   7.8579300e+05   3.5217285e+01
   7.8582600e+05   3.1188965e+01
   7.8599600e+05   3.2409668e+01
   7.8614700e+05   3.0700684e+01
   7.8632500e+05   3.2165527e+01
   7.8643100e+05   3.2592773e+01
   7.8679200e+05   3.2165527e+01
   8.0404800e+05   2.9907227e+01
   8.2887000e+05   2.9541016e+01
   8.3878500e+05   3.4057617e+01
   8.3890400e+05   3.0395508e+01
   8.3965400e+05   3.3386230e+01
   8.4020700e+05   1.6546631e+02
   8.4023100e+05   3.2958984e+01
   8.4025400e+05   1.4282227e+02
   8.4028200e+05   5.7495117e+01
   8.4029200e+05   3.1982422e+01
   8.4031500e+05   1.1157227e+02
   8.4036800e+05   3.4729004e+01
   8.4038200e+05   1.1883545e+02
   8.4040800e+05   3.3325195e+01
   8.4047800e+05   3.5339355e+01
   8.4049800e+05   3.1066895e+01
   8.4057500e+05   3.6804199e+01
   8.4059500e+05   3.2348633e+01
   8.4061500e+05   3.2836914e+01
   8.4064700e+05   3.2409668e+01
   8.4066100e+05   4.3395996e+01
   8.4070900e+05   3.7536621e+01
   8.4074400e+05   3.9611816e+01
   8.4076800e+05   2.9479980e+01
   8.4081100e+05   3.1921387e+01
   8.4092600e+05   3.4240723e+01
   8.4098200e+05   3.1372070e+01
   8.4105600e+05   2.9968262e+01
   8.4112100e+05   3.2653809e+01
   8.4114400e+05   3.0761719e+01
   8.4119800e+05   3.4179688e+01
   8.4136100e+05   3.4484863e+01
   8.4139100e+05   2.9541016e+01
   8.4166500e+05   3.3935547e+01
   8.4175400e+05   3.1127930e+01
   8.4198500e+05   3.0822754e+01
   8.5989000e+05   3.2653809e+01
   8.9162400e+05   3.5705566e+01
   8.9172200e+05   3.4179688e+01
   8.9193000e+05   3.3081055e+01
   8.9307200e+05   3.7658691e+01
   8.9309800e+05   3.8513184e+01
   8.9314300e+05   1.5057373e+02
   8.9315700e+05   4.7668457e+01
   8.9318200e+05   8.1298828e+01
   8.9319800e+05   4.0039063e+01
   8.9321200e+05   3.5522461e+01
   8.9324500e+05   4.5166016e+01
   8.9325600e+05   3.4973145e+01
   8.9329000e+05   2.9846191e+01
   8.9333500e+05   3.3142090e+01
   8.9343200e+05   3.5705566e+01
   8.9346300e+05   3.0029297e+01
   8.9351700e+05   3.5949707e+01
   8.9353000e+05   3.7048340e+01
   8.9355100e+05   3.3752441e+01
   8.9361200e+05   4.0954590e+01
   8.9364100e+05   3.1494141e+01
   8.9367500e+05   2.9785156e+01
   8.9375200e+05   3.6682129e+01
   8.9393100e+05   3.0456543e+01
   8.9416200e+05   3.1799316e+01
   8.9464700e+05   2.9602051e+01
   9.4097000e+05   3.0273438e+01
   9.4335000e+05   3.0029297e+01
   9.4337800e+05   1.5063477e+02
   9.4339200e+05   4.7302246e+01
   9.4363100e+05   3.0456543e+01
   9.4466800e+05   3.6987305e+01
   9.4498400e+05   3.1860352e+01
   9.4506200e+05   3.4545898e+01
   9.4513800e+05   3.5461426e+01
   9.4516200e+05   3.3569336e+01
   9.4520300e+05   5.0170898e+01
   9.4526500e+05   3.0517578e+01
   9.4531700e+05   3.4118652e+01
   9.4535800e+05   3.0517578e+01
   9.4537400e+05   3.2775879e+01
   9.4543000e+05   3.1311035e+01
   9.4545800e+05   3.0334473e+01
   9.4559700e+05   3.0212402e+01
   9.4562000e+05   4.2175293e+01
   9.4569100e+05   4.7302246e+01
   9.4574400e+05   3.0151367e+01
   9.4594800e+05   3.0273438e+01
   9.4634000e+05   2.9907227e+01
   9.4655300e+05   3.0334473e+01
   9.6171300e+05   2.9418945e+01
   9.8986100e+05   4.0649414e+01
   9.9095300e+05   2.9479980e+01
   9.9099600e+05   3.1250000e+01
   9.9103700e+05   3.0578613e+01
   9.9111900e+05   3.1860352e+01
   9.9119500e+05   2.9785156e+01
   9.9121900e+05   3.6926270e+01
   9.9128600e+05   3.7353516e+01
   9.9135600e+05   3.8696289e+01
   9.9138100e+05   2.9785156e+01
   9.9142100e+05   3.3386230e+01
   9.9150500e+05   3.1188965e+01
   9.9156500e+05   3.0944824e+01
   9.9160100e+05   3.1005859e+01
   9.9176000e+05   2.9846191e+01
   9.9191000e+05   3.1188965e+01
   9.9193800e+05   3.7536621e+01
   9.9229900e+05   4.5715332e+01
   9.9240400e+05   3.1860352e+01
   9.9259100e+05   2.9907227e+01
   9.9271600e+05   2.9479980e+01
   1.0083290e+06   2.9541016e+01
   1.0177760e+06   2.9968262e+01
   1.0237690e+06   3.1433105e+01
   1.0354160e+06   3.2592773e+01
   1.0371370e+06   3.5583496e+01
   1.0372510e+06   3.0334473e+01
   1.0375810e+06   3.4484863e+01
   1.0376180e+06   3.1982422e+01
   1.0377260e+06   3.0761719e+01
   1.0377530e+06   3.8757324e+01
   1.0377700e+06   3.2958984e+01
   1.0377840e+06   2.9663086e+01
   1.0378360e+06   4.6447754e+01
   1.0378660e+06   3.7170410e+01
   1.0378800e+06   3.8330078e+01
   1.0379100e+06   3.3813477e+01
   1.0379360e+06   3.0090332e+01
   1.0379570e+06   3.4606934e+01
   1.0379900e+06   3.0883789e+01
   1.0380750e+06   3.2409668e+01
   1.0381300e+06   3.2531738e+01
   1.0381520e+06   3.3874512e+01
   1.0381700e+06   3.4179688e+01
   1.0382030e+06   3.3142090e+01
   1.0382180e+06   3.6682129e+01
   1.0382490e+06   3.1555176e+01
   1.0383210e+06   3.7902832e+01
   1.0384090e+06   3.6987305e+01
   1.0385480e+06   3.0090332e+01
   1.0388150e+06   3.0578613e+01
   1.0389990e+06   3.2470703e+01
   1.0854850e+06   3.8757324e+01
   1.0855630e+06   3.5095215e+01
   1.0857070e+06   2.9479980e+01
   1.0858520e+06   3.3813477e+01
   1.0859110e+06   3.1127930e+01
   1.0859250e+06   2.9724121e+01
   1.0859560e+06   3.5339355e+01
   1.0859860e+06   4.2724609e+01
   1.0860410e+06   2.9479980e+01
   1.0861050e+06   3.2165527e+01
   1.0861330e+06   3.2897949e+01
   1.0862990e+06   3.3386230e+01
   1.0863160e+06   3.4301758e+01
   1.0864240e+06   4.0039063e+01
   1.0864740e+06   3.1982422e+01
   1.0864980e+06   3.3996582e+01
   1.0866190e+06   3.4790039e+01
   1.0866540e+06   3.0151367e+01
   1.0868890e+06   3.0212402e+01
   1.0869710e+06   3.0761719e+01
   1.0870830e+06   3.0151367e+01
   1.1082760e+06   2.9724121e+01
   1.1122550e+06   3.0578613e+01
   1.1220350e+06   3.1555176e+01
   1.1221790e+06   3.0578613e+01
   1.1222100e+06   3.2531738e+01
   1.1463850e+06   3.0029297e+01
   1.1469100e+06   4.0344238e+01
   1.1469720e+06   2.9724121e+01
   1.1469840e+06   3.4179688e+01
   1.1470530e+06   2.9724121e+01
   1.1471680e+06   3.1188965e+01
   1.1472000e+06   3.0761719e+01
   1.1472230e+06   3.0273438e+01
   1.1472460e+06   4.0649414e+01
   1.1472920e+06   3.0517578e+01
   1.1473390e+06   3.6132813e+01
   1.1473580e+06   3.2409668e+01
   1.1473840e+06   3.3203125e+01
   1.1474360e+06   3.6926270e+01
   1.1474850e+06   3.0151367e+01
   1.1475420e+06   3.3142090e+01
   1.1477380e+06   3.2287598e+01
   1.1481260e+06   3.3874512e+01
   1.1482040e+06   3.0090332e+01
   1.1483400e+06   2.9968262e+01
   1.1862270e+06   3.0883789e+01
   1.1863100e+06   3.1555176e+01
   1.1863820e+06   2.9479980e+01
   1.1864280e+06   3.2348633e+01
   1.1864540e+06   3.9611816e+01
   1.1865270e+06   3.0578613e+01
   1.1865380e+06   3.0883789e+01
   1.1866490e+06   3.5583496e+01
   1.1866690e+06   3.2775879e+01
   1.1866930e+06   3.1799316e+01
   1.1868530e+06   3.1982422e+01
   1.1870520e+06   3.0761719e+01
   1.1873660e+06   3.4545898e+01
   1.1875640e+06   2.9846191e+01
   1.1876340e+06   3.0395508e+01
   1.2153140e+06   3.4423828e+01
   1.2271930e+06   3.0517578e+01
   1.2272830e+06   3.1433105e+01
   1.2274430e+06   3.0822754e+01
   1.2274710e+06   3.0273438e+01
   1.2275270e+06   3.5156250e+01
   1.2275510e+06   3.1494141e+01
   1.2276080e+06   5.0109863e+01
   1.2276420e+06   3.2165527e+01
   1.2278480e+06   2.9602051e+01
   1.2278620e+06   3.0151367e+01
   1.2278870e+06   3.5339355e+01
   1.2280000e+06   3.5644531e+01
   1.2280550e+06   3.3325195e+01
   1.2281510e+06   3.1738281e+01
   1.2291680e+06   2.9602051e+01
   1.2393020e+06   3.1372070e+01
   1.2439520e+06   3.2165527e+01
   1.2525160e+06   3.0578613e+01
   1.2707050e+06   3.3447266e+01
   1.2707500e+06   5.9936523e+01
   1.2707710e+06   3.5339355e+01
   1.2707940e+06   9.7229004e+01
   1.2708090e+06   5.5419922e+01
   1.2708250e+06   3.1311035e+01
   1.2708600e+06   1.1614990e+02
   1.2708780e+06   4.9255371e+01
   1.2709000e+06   3.0944824e+01
   1.2709260e+06   4.1198730e+01
   1.2709360e+06   1.0888672e+02
   1.2709570e+06   3.2104492e+01
   1.2710110e+06   3.7170410e+01
   1.2712440e+06   5.0537109e+01
   1.2712770e+06   3.0578613e+01
   1.2712980e+06   3.6315918e+01
   1.2713820e+06   3.7414551e+01
   1.2714030e+06   4.1809082e+01
   1.2714630e+06   3.6010742e+01
   1.2715180e+06   3.0456543e+01
   1.2715370e+06   2.9724121e+01
   1.2716370e+06   2.9418945e+01
   1.2717960e+06   3.1005859e+01
   1.3260190e+06   1.4196777e+02
   1.3260360e+06   3.6865234e+01
   1.3260530e+06   9.2956543e+01
   1.3260780e+06   3.8391113e+01
   1.3261020e+06   3.4240723e+01
   1.3261170e+06   1.1456299e+02
   1.3261430e+06   3.3874512e+01
   1.3261890e+06   3.2836914e+01
   1.3262370e+06   3.0151367e+01
   1.3262830e+06   3.9916992e+01
   1.3263500e+06   3.0517578e+01
   1.3263820e+06   2.9479980e+01
   1.3264330e+06   3.0151367e+01
   1.3264770e+06   2.9724121e+01
   1.3264890e+06   3.3630371e+01
   1.3265160e+06   3.5156250e+01
   1.3265550e+06   3.2958984e+01
   1.3265810e+06   3.2714844e+01
   1.3266350e+06   3.2531738e+01
   1.3266460e+06   3.1799316e+01
   1.3268170e+06   4.1992188e+01
   1.3268880e+06   3.1494141e+01
   1.3638550e+06   4.2053223e+01
   1.3638760e+06   1.5631104e+02
   1.3643520e+06   3.6071777e+01
   1.3643960e+06   2.9479980e+01
   1.3644350e+06   1.4746094e+02
   1.3644530e+06   3.3203125e+01
   1.3645590e+06   3.6865234e+01
   1.3645950e+06   3.0151367e+01
   1.3646670e+06   4.7851563e+01
   1.3646820e+06   3.1005859e+01
   1.3647880e+06   3.7231445e+01
   1.3647980e+06   3.1677246e+01
   1.3648550e+06   3.0273438e+01
   1.3649030e+06   4.4250488e+01
   1.3650120e+06   3.0944824e+01
   1.3650580e+06   3.0700684e+01
   1.3650890e+06   3.3691406e+01
   1.3651460e+06   2.9541016e+01
   1.3653400e+06   3.0700684e+01
   1.3653540e+06   3.0822754e+01
   1.3654840e+06   4.4738770e+01
   1.3655690e+06   3.0761719e+01
   1.3657080e+06   3.2104492e+01
   1.3657370e+06   3.1188965e+01
   1.3657490e+06   1.2255859e+02
   1.3657980e+06   3.4912109e+01
   1.3658400e+06   3.6071777e+01
   1.3663980e+06   3.0761719e+01
   1.3705310e+06   3.2409668e+01
   1.3977780e+06   3.0273438e+01
   1.3978810e+06   5.6152344e+01
   1.3979730e+06   4.0466309e+01
   1.3980340e+06   3.0700684e+01
   1.3981620e+06   3.9306641e+01
   1.3983340e+06   3.1982422e+01
   1.3984020e+06   6.3537598e+01
   1.3984310e+06   1.5905762e+02
   1.3984450e+06   4.3640137e+01
   1.3984740e+06   3.2592773e+01
   1.3984990e+06   4.5104980e+01
   1.3985390e+06   3.6437988e+01
   1.3986230e+06   3.3752441e+01
   1.3987650e+06   3.1616211e+01
   1.3988300e+06   3.1372070e+01
   1.3988430e+06   3.2287598e+01
   1.3988680e+06   4.6203613e+01
   1.3989780e+06   2.9479980e+01
   1.3989900e+06   3.1494141e+01
   1.3991820e+06   4.6020508e+01
   1.3993210e+06   3.8269043e+01
   1.4436260e+06   2.9724121e+01
   1.4461320e+06   1.6925049e+02
   1.4461560e+06   3.0456543e+01
   1.4462210e+06   3.0395508e+01
   1.4462360e+06   4.3212891e+01
   1.4462870e+06   4.3518066e+01
   1.4467180e+06   3.0517578e+01
   1.4469370e+06   3.2348633e+01
   1.4469600e+06   4.2358398e+01
   1.4469770e+06   3.5217285e+01
   1.4473030e+06   3.1311035e+01
   1.4473910e+06   2.9907227e+01
   1.4474020e+06   1.3690186e+02
   1.4474200e+06   2.9418945e+01
   1.4474520e+06   4.3457031e+01
   1.4474620e+06   3.1738281e+01
   1.4474840e+06   1.1370850e+02
   1.4474940e+06   3.2043457e+01
   1.4475140e+06   3.9367676e+01
   1.4475410e+06   4.1198730e+01
   1.4475570e+06   3.3813477e+01
   1.4476270e+06   2.9602051e+01
   1.4476810e+06   3.5400391e+01
   1.4478310e+06   3.2287598e+01
   1.4478510e+06   3.6254883e+01
   1.4479590e+06   3.1311035e+01
   1.4480040e+06   6.8115234e+01
   1.4481910e+06   3.1677246e+01
   1.4875730e+06   1.4373779e+02
   1.4875860e+06   3.0456543e+01
   1.4876040e+06   3.3264160e+01
   1.4876170e+06   1.2005615e+02
   1.4877020e+06   4.2846680e+01
   1.4877250e+06   3.1921387e+01
   1.4878540e+06   3.0700684e+01
   1.4879380e+06   3.8452148e+01
   1.4880000e+06   4.2846680e+01
   1.4880340e+06   4.2846680e+01
   1.4880710e+06   2.9602051e+01
   1.4881170e+06   3.0273438e+01
   1.4881600e+06   3.2592773e+01
   1.4882220e+06   2.9479980e+01
   1.4883100e+06   3.1311035e+01
   1.4883420e+06   3.3996582e+01
   1.4883660e+06   3.0761719e+01
   1.4884290e+06   1.3879395e+02
   1.4884450e+06   3.5095215e+01
   1.4885000e+06   3.9916992e+01
   1.4885220e+06   3.0029297e+01
   1.4885550e+06   3.9489746e+01
   1.4890050e+06   3.7109375e+01
   1.4902560e+06   3.3264160e+01
   1.4908140e+06   3.0883789e+01
   1.5282580e+06   2.9663086e+01
   1.5282790e+06   1.5844727e+02
   1.5282930e+06   3.2287598e+01
   1.5283180e+06   5.0415039e+01
   1.5283320e+06   3.5095215e+01
   1.5283600e+06   1.0839844e+02
   1.5283750e+06   3.7048340e+01
   1.5283910e+06   3.3264160e+01
   1.5284220e+06   3.1982422e+01
   1.5284710e+06   3.7292480e+01
   1.5286490e+06   3.1982422e+01
   1.5286660e+06   3.5705566e+01
   1.5286790e+06   3.0090332e+01
   1.5287550e+06   3.6254883e+01
   1.5288820e+06   3.4790039e+01
   1.5289270e+06   3.6193848e+01
   1.5290210e+06   4.6936035e+01
   1.5290710e+06   2.9602051e+01
   1.5291480e+06   3.2653809e+01
   1.5291690e+06   3.1005859e+01
   1.5292750e+06   3.3630371e+01
   1.5294050e+06   3.0273438e+01
   1.5297170e+06   3.0334473e+01
   1.5554730e+06   3.6254883e+01
   1.5564760e+06   3.0639648e+01
   1.5640840e+06   3.5034180e+01
   1.5641180e+06   1.4996338e+02
   1.5641320e+06   4.7851563e+01
   1.5641480e+06   4.5166016e+01
   1.5641700e+06   1.0137939e+02
   1.5641830e+06   3.3630371e+01
   1.5642040e+06   4.6752930e+01
   1.5642340e+06   3.5949707e+01
   1.5642440e+06   3.2958984e+01
   1.5642780e+06   5.3649902e+01
   1.5642890e+06   9.8632813e+01
   1.5644150e+06   3.1188965e+01
   1.5645100e+06   3.5217285e+01
   1.5646320e+06   3.2348633e+01
   1.5646540e+06   3.1188965e+01
   1.5646880e+06   3.2531738e+01
   1.5647090e+06   4.8522949e+01
   1.5647350e+06   6.3293457e+01
   1.5647920e+06   3.9184570e+01
   1.5648240e+06   4.2785645e+01
   1.5648390e+06   3.9855957e+01
   1.5648580e+06   2.9968262e+01
   1.5649610e+06   3.0029297e+01
   1.5650080e+06   3.0456543e+01
   1.5653370e+06   3.0700684e+01
   1.5656290e+06   3.0883789e+01
   1.6013940e+06   3.6743164e+01
   1.6014070e+06   5.2551270e+01
   1.6014560e+06   1.1938477e+02
   1.6014720e+06   5.2246094e+01
   1.6014970e+06   3.0944824e+01
   1.6015310e+06   3.0029297e+01
   1.6017830e+06   3.0944824e+01
   1.6018240e+06   3.1127930e+01
   1.6018540e+06   5.9936523e+01
   1.6018660e+06   3.2714844e+01
   1.6019270e+06   3.0700684e+01
   1.6019670e+06   3.0334473e+01
   1.6020050e+06   2.9907227e+01
   1.6020490e+06   3.3203125e+01
   1.6020800e+06   3.5827637e+01
   1.6021640e+06   2.9663086e+01
   1.6021870e+06   4.4555664e+01
   1.6022600e+06   3.2287598e+01
   1.6022710e+06   3.1250000e+01
   1.6023350e+06   3.0334473e+01
   1.6023960e+06   3.1677246e+01
   1.6026660e+06   3.0395508e+01
   1.6027040e+06   4.0283203e+01
   1.6027150e+06   4.7790527e+01
   1.6027340e+06   2.9541016e+01
   1.6028000e+06   3.2104492e+01
   1.6030790e+06   3.1250000e+01
   1.6208740e+06   2.9968262e+01
   1.6419500e+06   3.2226563e+01
   1.6422010e+06   3.1005859e+01
   1.6422780e+06   3.2409668e+01
   1.6424370e+06   3.9062500e+01
   1.6430970e+06   3.3630371e+01
   1.6431340e+06   5.2978516e+01
   1.6431440e+06   5.5053711e+01
   1.6431720e+06   1.0180664e+02
   1.6431990e+06   3.4423828e+01
   1.6432130e+06   7.3791504e+01
   1.6432330e+06   3.4912109e+01
   1.6432610e+06   4.2785645e+01
   1.6432830e+06   4.2358398e+01
   1.6433120e+06   4.0344238e+01
   1.6433360e+06   4.4921875e+01
   1.6433640e+06   3.6499023e+01
   1.6433750e+06   3.8574219e+01
   1.6433870e+06   5.2551270e+01
   1.6434270e+06   3.5095215e+01
   1.6434880e+06   3.5278320e+01
   1.6435200e+06   3.0761719e+01
   1.6435910e+06   3.8940430e+01
   1.6436050e+06   3.4423828e+01
   1.6436930e+06   3.5095215e+01
   1.6437400e+06   2.9724121e+01
   1.6438370e+06   2.9357910e+01
   1.6439260e+06   3.3508301e+01
   1.6441080e+06   3.6621094e+01
   1.6442720e+06   2.9418945e+01
   1.6448580e+06   3.3630371e+01
   1.6449670e+06   2.9846191e+01
   1.6774210e+06   2.9357910e+01
   1.6815390e+06   3.3142090e+01
   1.6816280e+06   3.0700684e+01
   1.6818850e+06   3.2531738e+01
   1.6819730e+06   4.2175293e+01
   1.6820150e+06   3.5461426e+01
   1.6820390e+06   1.3519287e+02
   1.6820530e+06   3.8635254e+01
   1.6820770e+06   4.0405273e+01
   1.6820990e+06   3.6132813e+01
   1.6821500e+06   2.9968262e+01
   1.6821950e+06   3.2714844e+01
   1.6822560e+06   3.1494141e+01
   1.6823190e+06   3.6071777e+01
   1.6823580e+06   3.7048340e+01
   1.6824130e+06   3.0578613e+01
   1.6824310e+06   4.3029785e+01
   1.6825270e+06   3.0639648e+01
   1.6825370e+06   3.6254883e+01
   1.6827160e+06   3.5705566e+01
   1.6827750e+06   2.9663086e+01
   1.6830670e+06   3.0639648e+01
   1.6835980e+06   1.4532471e+02
   1.6836270e+06   3.8513184e+01
   1.6836440e+06   4.5776367e+01
   1.6836550e+06   4.8706055e+01
   1.6836700e+06   4.2175293e+01
   1.6836880e+06   3.7048340e+01
   1.6837280e+06   8.3129883e+01
   1.6837550e+06   3.7719727e+01
   1.6838780e+06   3.1127930e+01
   1.7177590e+06   3.0822754e+01
   1.7253140e+06   3.9367676e+01
   1.7253350e+06   4.0893555e+01
   1.7253630e+06   3.9245605e+01
   1.7253920e+06   4.6691895e+01
   1.7254170e+06   4.1381836e+01
   1.7254350e+06   1.0070801e+02
   1.7254550e+06   4.8217773e+01
   1.7254690e+06   3.4545898e+01
   1.7254850e+06   3.4240723e+01
   1.7255010e+06   6.4758301e+01
   1.7255140e+06   4.3395996e+01
   1.7255360e+06   3.7109375e+01
   1.7255470e+06   3.4423828e+01
   1.7255800e+06   3.9855957e+01
   1.7255980e+06   1.0809326e+02
   1.7256260e+06   2.9785156e+01
   1.7256710e+06   2.9602051e+01
   1.7256870e+06   3.4484863e+01
   1.7256990e+06   2.9663086e+01
   1.7257860e+06   4.0893555e+01
   1.7258620e+06   3.3447266e+01
   1.7258840e+06   3.3447266e+01
   1.7259130e+06   2.9724121e+01
   1.7260050e+06   2.9785156e+01
   1.7260230e+06   3.3630371e+01
   1.7261190e+06   3.4545898e+01
   1.7263490e+06   3.0578613e+01
   1.7416640e+06   2.9907227e+01
   1.7588780e+06   3.1433105e+01
   1.7623310e+06   3.3813477e+01
   1.7633640e+06   3.4667969e+01
   1.7633910e+06   4.4921875e+01
   1.7634210e+06   3.4179688e+01
   1.7634740e+06   3.5583496e+01
   1.7634870e+06   4.1076660e+01
   1.7635030e+06   2.9602051e+01
   1.7635200e+06   3.0151367e+01
   1.7635790e+06   3.0334473e+01
   1.7636000e+06   3.3264160e+01
   1.7636650e+06   3.0090332e+01
   1.7636810e+06   3.5949707e+01
   1.7637280e+06   3.1372070e+01
   1.7637790e+06   2.9968262e+01
   1.7638040e+06   3.0273438e+01
   1.7638200e+06   3.9184570e+01
   1.7639120e+06   3.5339355e+01
   1.7639560e+06   3.6987305e+01
   1.7640100e+06   4.0405273e+01
   1.7640380e+06   3.4606934e+01
   1.7640840e+06   3.4118652e+01
   1.7640950e+06   4.2968750e+01
   1.7641080e+06   4.2724609e+01
   1.7641270e+06   3.8452148e+01
   1.7641630e+06   3.0883789e+01
   1.7641930e+06   3.0578613e+01
   1.7642480e+06   2.9357910e+01
   1.7642640e+06   3.5888672e+01
   1.7642750e+06   3.2531738e+01
   1.7644190e+06   3.2836914e+01
   1.7644760e+06   3.1860352e+01
   1.7648580e+06   3.2287598e+01
   1.7649220e+06   3.9062500e+01
   1.7649440e+06   2.9785156e+01
   1.7652020e+06   3.2714844e+01
   1.7652800e+06   3.4057617e+01
   1.7653350e+06   3.3447266e+01
   1.7886900e+06   3.0090332e+01
   1.8041210e+06   3.3630371e+01
   1.8041390e+06   1.7181396e+02
   1.8041570e+06   4.1076660e+01
   1.8041880e+06   4.5043945e+01
   1.8042200e+06   1.3580322e+02
   1.8042480e+06   3.0151367e+01
   1.8042690e+06   3.1738281e+01
   1.8043020e+06   3.0517578e+01
   1.8043410e+06   1.2097168e+02
   1.8043530e+06   3.2531738e+01
   1.8043810e+06   3.8940430e+01
   1.8045020e+06   3.4729004e+01
   1.8045200e+06   3.0151367e+01
   1.8046250e+06   3.1433105e+01
   1.8046940e+06   3.4423828e+01
   1.8047230e+06   3.2653809e+01
   1.8047450e+06   4.4250488e+01
   1.8048100e+06   3.1494141e+01
   1.8048330e+06   4.3273926e+01
   1.8048730e+06   3.1066895e+01
   1.8049270e+06   3.0761719e+01
   1.8049490e+06   3.0578613e+01
   1.8049750e+06   3.2348633e+01
   1.8051380e+06   3.1738281e+01
   1.8053190e+06   2.9663086e+01
   1.8054360e+06   2.9357910e+01
   1.8059480e+06   2.9418945e+01
   1.8064840e+06   2.9724121e+01
   1.8428030e+06   3.2714844e+01
   1.8448830e+06   3.5827637e+01
   1.8449070e+06   2.9846191e+01
   1.8459790e+06   3.1982422e+01
   1.8460210e+06   3.7902832e+01
   1.8460370e+06   4.8461914e+01
   1.8460530e+06   3.4301758e+01
   1.8460810e+06   1.0406494e+02
   1.8460960e+06   4.1137695e+01
   1.8461110e+06   3.8269043e+01
   1.8461230e+06   3.8146973e+01
   1.8461500e+06   7.9528809e+01
   1.8461840e+06   4.2297363e+01
   1.8462000e+06   3.8879395e+01
   1.8462200e+06   4.0832520e+01
   1.8462400e+06   3.2287598e+01
   1.8462540e+06   4.5715332e+01
   1.8462930e+06   3.3203125e+01
   1.8463600e+06   4.3090820e+01
   1.8464040e+06   3.6682129e+01
   1.8465070e+06   3.9855957e+01
   1.8465330e+06   3.3081055e+01
   1.8465610e+06   3.2409668e+01
   1.8465930e+06   3.1982422e+01
   1.8466260e+06   3.2653809e+01
   1.8466940e+06   3.5156250e+01
   1.8468110e+06   3.9123535e+01
   1.8468730e+06   3.7292480e+01
   1.8468990e+06   3.3508301e+01
   1.8471870e+06   3.0883789e+01
   1.8803790e+06   3.3752441e+01
   1.8805800e+06   5.6762695e+01
   1.8806110e+06   3.0334473e+01
   1.8806250e+06   5.7067871e+01
   1.8806370e+06   4.8095703e+01
   1.8806700e+06   8.4472656e+01
   1.8806880e+06   3.9489746e+01
   1.8807100e+06   5.5725098e+01
   1.8807600e+06   3.7963867e+01
   1.8807990e+06   4.0283203e+01
   1.8808520e+06   3.7780762e+01
   1.8808740e+06   3.0517578e+01
   1.8808940e+06   4.6447754e+01
   1.8809910e+06   3.4484863e+01
   1.8810790e+06   3.7109375e+01
   1.8810970e+06   3.1250000e+01
   1.8811320e+06   3.4118652e+01
   1.8811590e+06   3.2409668e+01
   1.8811780e+06   4.2297363e+01
   1.8811910e+06   4.0405273e+01
   1.8812190e+06   4.4372559e+01
   1.8812780e+06   3.3752441e+01
   1.8813700e+06   4.8706055e+01
   1.8813980e+06   3.2409668e+01
   1.8814490e+06   2.9968262e+01
   1.8815730e+06   3.2531738e+01
   1.8818020e+06   2.9541016e+01
   1.8883230e+06   3.6804199e+01
   1.8883340e+06   3.9978027e+01
   1.8902440e+06   3.9916992e+01
   1.8902750e+06   5.7617188e+01
   1.8902850e+06   1.1138916e+02
   1.8903100e+06   3.3630371e+01
   1.8903370e+06   3.2714844e+01
   1.8903560e+06   4.4128418e+01
   1.8903910e+06   4.9560547e+01
   1.8904010e+06   3.3020020e+01
   1.8904190e+06   3.3264160e+01
   1.8904320e+06   8.7707520e+01
   1.8904680e+06   3.5522461e+01
   1.8904870e+06   3.8391113e+01
   1.8905190e+06   3.2104492e+01
   1.8905300e+06   3.1860352e+01
   1.8906110e+06   2.9663086e+01
   1.8906390e+06   3.4851074e+01
   1.8907350e+06   3.7292480e+01
   1.8907930e+06   3.3691406e+01
   1.8908050e+06   2.9663086e+01
   1.8908420e+06   3.4667969e+01
   1.8909070e+06   3.4301758e+01
   1.8909800e+06   2.9418945e+01
   1.8910530e+06   3.2043457e+01
   1.8911110e+06   4.3334961e+01
   1.8911750e+06   3.0273438e+01
   1.8914180e+06   3.3325195e+01
   1.8916490e+06   3.0212402e+01
   1.8921200e+06   3.0944824e+01
   1.9348180e+06   1.5734863e+02
   1.9348300e+06   3.1616211e+01
   1.9348560e+06   3.8269043e+01
   1.9349050e+06   1.0205078e+02
   1.9349230e+06   4.5532227e+01
   1.9349350e+06   4.2419434e+01
   1.9349640e+06   7.0007324e+01
   1.9349880e+06   4.4006348e+01
   1.9350000e+06   3.3386230e+01
   1.9350390e+06   3.1433105e+01
   1.9350840e+06   4.0161133e+01
   1.9350990e+06   6.7321777e+01
   1.9351380e+06   3.6315918e+01
   1.9351640e+06   3.4851074e+01
   1.9351960e+06   5.0659180e+01
   1.9352210e+06   4.1442871e+01
   1.9352420e+06   3.1433105e+01
   1.9352650e+06   3.6499023e+01
   1.9352980e+06   1.1083984e+02
   1.9353220e+06   3.3386230e+01
   1.9353390e+06   2.9357910e+01
   1.9353690e+06   4.5043945e+01
   1.9353820e+06   4.0222168e+01
   1.9354470e+06   3.1982422e+01
   1.9354780e+06   3.3081055e+01
   1.9355120e+06   4.1137695e+01
   1.9355460e+06   3.4423828e+01
   1.9355630e+06   3.2897949e+01
   1.9355920e+06   3.1188965e+01
   1.9356240e+06   3.0578613e+01
   1.9356930e+06   2.9418945e+01
   1.9357050e+06   4.2785645e+01
   1.9357300e+06   2.9907227e+01
   1.9357810e+06   3.4057617e+01
   1.9358510e+06   3.1127930e+01
   1.9358930e+06   2.9785156e+01
   1.9359280e+06   3.1921387e+01
   1.9359760e+06   3.0517578e+01
   1.9359950e+06   7.9223633e+01
   1.9362420e+06   3.0517578e+01
   1.9362820e+06   3.3081055e+01
   1.9363540e+06   3.1433105e+01
   1.9365570e+06   2.9541016e+01
   1.9366440e+06   4.4738770e+01
   1.9368220e+06   3.6315918e+01
   1.9374700e+06   3.7841797e+01
   1.9551950e+06   5.8959961e+01
   1.9552230e+06   5.2307129e+01
   1.9552390e+06   1.1505127e+02
   1.9552540e+06   5.1513672e+01
   1.9552840e+06   6.9396973e+01
   1.9552980e+06   3.0944824e+01
   1.9553300e+06   5.4809570e+01
   1.9553520e+06   4.9926758e+01
   1.9553660e+06   3.2470703e+01
   1.9553770e+06   3.3264160e+01
   1.9553990e+06   3.2592773e+01
   1.9554180e+06   2.9846191e+01
   1.9554750e+06   3.1677246e+01
   1.9554960e+06   2.9602051e+01
   1.9555420e+06   3.5156250e+01
   1.9556960e+06   4.1748047e+01
   1.9557860e+06   3.1555176e+01
   1.9558070e+06   3.3386230e+01
   1.9559230e+06   3.3691406e+01
   1.9560680e+06   2.9479980e+01
   1.9814100e+06   3.3081055e+01
   1.9956750e+06   3.0273438e+01
   1.9958800e+06   3.2165527e+01
   1.9958950e+06   1.5618896e+02
   1.9959310e+06   3.9184570e+01
   1.9959520e+06   3.0944824e+01
   1.9959650e+06   3.2897949e+01
   1.9960010e+06   4.2968750e+01
   1.9960280e+06   9.8449707e+01
   1.9960620e+06   5.3039551e+01
   1.9960980e+06   7.2143555e+01
   1.9961360e+06   3.0029297e+01
   1.9961550e+06   3.8330078e+01
   1.9961760e+06   6.0241699e+01
   1.9962010e+06   3.3447266e+01
   1.9962220e+06   3.2226563e+01
   1.9962390e+06   3.4790039e+01
   1.9962620e+06   3.6682129e+01
   1.9962730e+06   3.0639648e+01
   1.9963350e+06   8.8684082e+01
   1.9963710e+06   3.6071777e+01
   1.9963890e+06   3.9855957e+01
   1.9964370e+06   3.2958984e+01
   1.9964580e+06   3.8024902e+01
   1.9964730e+06   6.3293457e+01
   1.9965030e+06   3.1921387e+01
   1.9965770e+06   4.7424316e+01
   1.9966170e+06   3.2897949e+01
   1.9966630e+06   2.9541016e+01
   1.9966910e+06   4.6875000e+01
   1.9967060e+06   2.9846191e+01
   1.9967850e+06   3.8940430e+01
   1.9968020e+06   3.6560059e+01
   1.9968780e+06   3.1066895e+01
   1.9969140e+06   3.8757324e+01
   1.9969750e+06   3.0395508e+01
   1.9970290e+06   3.9001465e+01
   1.9970680e+06   3.4667969e+01
   1.9971260e+06   3.2653809e+01
   1.9971860e+06   3.2165527e+01
   1.9972270e+06   3.7414551e+01
   1.9972530e+06   3.4790039e+01
   1.9972820e+06   2.9418945e+01
   1.9973110e+06   3.1799316e+01
   1.9973320e+06   2.9357910e+01
   1.9973620e+06   3.0456543e+01
   1.9974840e+06   3.5034180e+01
   1.9975680e+06   3.1799316e+01
   1.9977560e+06   7.7636719e+01
   1.9977700e+06   3.0334473e+01
   1.9979380e+06   4.1198730e+01
   1.9979530e+06   2.9541016e+01
   1.9981680e+06   4.3090820e+01
   1.9982060e+06   2.9357910e+01
   1.9983570e+06   5.2856445e+01
   1.9983730e+06   3.0273438e+01
   1.9984150e+06   3.0334473e+01
   1.9985180e+06   3.6987305e+01
   1.9985380e+06   3.0456543e+01
   1.9985500e+06   2.9479980e+01
   1.9986320e+06   4.0039063e+01
   1.9986880e+06   4.4189453e+01
   1.9989990e+06   5.2551270e+01
   1.9990150e+06   3.1982422e+01
   1.9990310e+06   3.2165527e+01
   1.9993460e+06   5.7617187e+01
   1.9994220e+06   3.3813477e+01
   1.9995450e+06   6.1401367e+01
   1.9995630e+06   3.1799316e+01
   2.0005820e+06   2.9479980e+01
   2.0401990e+06   4.5043945e+01
   2.0402220e+06   3.9550781e+01
   2.0402490e+06   1.2060547e+02
   2.0402590e+06   4.5837402e+01
   2.0402980e+06   3.3325195e+01
   2.0403120e+06   3.2531738e+01
   2.0403440e+06   5.2246094e+01
   2.0403730e+06   8.8867188e+01
   2.0404180e+06   4.5410156e+01
   2.0404480e+06   6.6345215e+01
   2.0404580e+06   5.0048828e+01
   2.0404840e+06   3.5461426e+01
   2.0405110e+06   3.6193848e+01
   2.0405240e+06   5.5847168e+01
   2.0405490e+06   4.7180176e+01
   2.0405720e+06   4.9255371e+01
   2.0406050e+06   4.2968750e+01
   2.0406210e+06   3.0151367e+01
   2.0406470e+06   4.1503906e+01
   2.0406730e+06   3.1066895e+01
   2.0407130e+06   4.3579102e+01
   2.0407270e+06   3.3264160e+01
   2.0407520e+06   3.8391113e+01
   2.0407630e+06   3.2165527e+01
   2.0407780e+06   3.1494141e+01
   2.0407910e+06   4.5227051e+01
   2.0408180e+06   3.4484863e+01
   2.0408580e+06   3.1555176e+01
   2.0408680e+06   3.8085938e+01
   2.0408860e+06   4.0771484e+01
   2.0409470e+06   3.2287598e+01
   2.0409580e+06   3.7475586e+01
   2.0410320e+06   3.0151367e+01
   2.0410630e+06   3.1982422e+01
   2.0410920e+06   5.9020996e+01
   2.0411330e+06   4.1259766e+01
   2.0411460e+06   3.6315918e+01
   2.0411720e+06   3.2775879e+01
   2.0412310e+06   3.5705566e+01
   2.0412470e+06   3.3630371e+01
   2.0413320e+06   3.0944824e+01
   2.0413460e+06   3.9062500e+01
   2.0414750e+06   5.1879883e+01
   2.0415160e+06   3.9184570e+01
   2.0415680e+06   2.9418945e+01
   2.0417330e+06   5.4748535e+01
   2.0417960e+06   2.9907227e+01
   2.0419440e+06   5.3710938e+01
   2.0419920e+06   3.0517578e+01
   2.0422150e+06   6.3354492e+01
   2.0423030e+06   2.9541016e+01
   2.0425460e+06   4.2480469e+01
   2.0425710e+06   3.4118652e+01
   2.0427360e+06   6.3781738e+01
   2.0429190e+06   5.8471680e+01
   2.0430520e+06   6.0241699e+01
   2.0432470e+06   5.5175781e+01
   2.0432870e+06   3.6499023e+01
   2.0813570e+06   3.3386230e+01
   2.0813800e+06   3.0761719e+01
   2.0813990e+06   1.0382080e+02
   2.0814220e+06   5.0537109e+01
   2.0814420e+06   8.8439941e+01
   2.0814540e+06   4.0954590e+01
   2.0814860e+06   4.7180176e+01
   2.0815000e+06   6.2133789e+01
   2.0815350e+06   3.3264160e+01
   2.0815610e+06   4.6142578e+01
   2.0815870e+06   3.1555176e+01
   2.0815980e+06   3.1555176e+01
   2.0816130e+06   3.3020020e+01
   2.0816500e+06   5.2490234e+01
   2.0816640e+06   3.5888672e+01
   2.0816950e+06   2.9724121e+01
   2.0817190e+06   3.9672852e+01
   2.0817760e+06   3.8696289e+01
   2.0817900e+06   3.6621094e+01
   2.0818170e+06   3.6560059e+01
   2.0818600e+06   3.0517578e+01
   2.0819070e+06   3.4973145e+01
   2.0819470e+06   3.3264160e+01
   2.0819790e+06   3.8574219e+01
   2.0821030e+06   3.2470703e+01
   2.0821810e+06   3.8940430e+01
   2.0822090e+06   3.1738281e+01
   2.0823260e+06   3.7536621e+01
   2.0825280e+06   3.2714844e+01
   2.0826490e+06   3.3508301e+01
   2.0830160e+06   4.4433594e+01
   2.0830260e+06   3.4423828e+01
   2.0831170e+06   2.9663086e+01
   2.0831820e+06   2.9418945e+01
   2.0832130e+06   3.0395508e+01
   2.0832720e+06   3.0456543e+01
   2.0834370e+06   2.9968262e+01
   2.0835710e+06   3.4179688e+01
   2.0838130e+06   3.6437988e+01
   2.0839030e+06   3.0822754e+01
   2.0839350e+06   3.4912109e+01
   2.0843290e+06   3.2531738e+01
   2.0843830e+06   3.0944824e+01
   2.0846290e+06   3.2104492e+01
   2.0851120e+06   3.3874512e+01
   2.0855580e+06   3.5766602e+01
   2.0857900e+06   3.0334473e+01
   2.0859010e+06   3.2409668e+01
   2.0859300e+06   3.5400391e+01
   2.0861350e+06   3.4667969e+01
   2.0861830e+06   2.9846191e+01
   2.0863490e+06   3.2592773e+01
   2.0867380e+06   4.5593262e+01
   2.0883290e+06   3.2165527e+01
   2.0900080e+06   3.1250000e+01
   2.0907970e+06   3.2531738e+01
   2.0924420e+06   3.5095215e+01
   2.1193170e+06   3.1066895e+01
   2.1193420e+06   3.1982422e+01
   2.1193540e+06   1.4605713e+02
   2.1193660e+06   4.6020508e+01
   2.1193920e+06   9.0026855e+01
   2.1194150e+06   3.2226563e+01
   2.1194380e+06   9.2895508e+01
   2.1194550e+06   3.3996582e+01
   2.1194770e+06   3.8208008e+01
   2.1195020e+06   5.1513672e+01
   2.1195200e+06   6.4636230e+01
   2.1195530e+06   3.2104492e+01
   2.1196270e+06   3.5095215e+01
   2.1196460e+06   4.4677734e+01
   2.1196640e+06   3.1250000e+01
   2.1196810e+06   5.0354004e+01
   2.1196960e+06   2.9479980e+01
   2.1197270e+06   3.1250000e+01
   2.1197550e+06   4.6325684e+01
   2.1198080e+06   3.2897949e+01
   2.1198430e+06   2.9357910e+01
   2.1198900e+06   3.1005859e+01
   2.1199070e+06   3.4851074e+01
   2.1199340e+06   4.8522949e+01
   2.1199780e+06   4.1992188e+01
   2.1200200e+06   3.3935547e+01
   2.1200490e+06   3.6499023e+01
   2.1201590e+06   4.0588379e+01
   2.1201900e+06   2.9785156e+01
   2.1202290e+06   3.2470703e+01
   2.1202640e+06   3.1250000e+01
   2.1203920e+06   3.5095215e+01
   2.1204890e+06   3.4851074e+01
   2.1206010e+06   4.3090820e+01
   2.1206220e+06   4.2785645e+01
   2.1207640e+06   5.1391602e+01
   2.1207800e+06   3.2714844e+01
   2.1210910e+06   5.2978516e+01
   2.1212970e+06   2.9724121e+01
   2.1213110e+06   3.5766602e+01
   2.1214880e+06   3.2714844e+01
   2.1215110e+06   4.1198730e+01
   2.1216660e+06   5.4382324e+01
   2.1216870e+06   3.5461426e+01
   2.1217390e+06   3.6071777e+01
   2.1218840e+06   4.7790527e+01
   2.1220750e+06   3.0822754e+01
   2.1222310e+06   3.2226563e+01
   2.1224890e+06   5.2185059e+01
   2.1227080e+06   3.6437988e+01
   2.1595270e+06   5.7556152e+01
   2.1595510e+06   3.1555176e+01
   2.1595640e+06   1.5478516e+02
   2.1595930e+06   4.2236328e+01
   2.1596220e+06   3.6010742e+01
   2.1596320e+06   4.4250488e+01
   2.1596550e+06   3.9978027e+01
   2.1596720e+06   3.7048340e+01
   2.1597060e+06   5.0903320e+01
   2.1597310e+06   3.2653809e+01
   2.1597550e+06   2.9907227e+01
   2.1597920e+06   3.0212402e+01
   2.1598110e+06   2.9968262e+01
   2.1598380e+06   3.4545898e+01
   2.1599320e+06   2.9846191e+01
   2.1599640e+06   3.4790039e+01
   2.1600460e+06   2.9785156e+01
   2.1600650e+06   3.3447266e+01
   2.1600790e+06   3.3447266e+01
   2.1601080e+06   3.5827637e+01
   2.1601210e+06   3.3508301e+01
   2.1601420e+06   3.3813477e+01
   2.1601670e+06   3.0456543e+01
   2.1602090e+06   3.5949707e+01
   2.1602880e+06   3.5888672e+01
   2.1603070e+06   3.4667969e+01
   2.1603220e+06   3.1250000e+01
   2.1603890e+06   3.1188965e+01
   2.1605000e+06   3.5156250e+01
   2.1605630e+06   2.9479980e+01
   2.1606660e+06   3.0822754e+01
   2.1607250e+06   3.1066895e+01
   2.1607680e+06   3.2287598e+01
   2.1609230e+06   3.7048340e+01
   2.1610460e+06   3.2836914e+01
   2.1611510e+06   4.0283203e+01
   2.1611930e+06   4.4311523e+01
   2.1612650e+06   3.6682129e+01
   2.1612900e+06   3.7475586e+01
   2.1613710e+06   3.4729004e+01
   2.1614780e+06   3.5217285e+01
   2.1616120e+06   3.1433105e+01
   2.1617270e+06   3.0944824e+01
   2.1618000e+06   3.9550781e+01
   2.1618760e+06   3.1250000e+01
   2.1619140e+06   3.5095215e+01
   2.1619620e+06   3.0761719e+01
   2.1620130e+06   3.1005859e+01
   2.1621280e+06   3.0883789e+01
   2.1621560e+06   3.3813477e+01
   2.1625620e+06   3.2592773e+01
   2.1626720e+06   3.7231445e+01
   2.1626980e+06   3.0944824e+01
   2.1630050e+06   3.2226563e+01
   2.1630360e+06   2.9846191e+01
   2.1632010e+06   2.9479980e+01
   2.1632400e+06   3.8513184e+01
   2.1633050e+06   3.1860352e+01
   2.1635510e+06   2.9846191e+01
   2.1635650e+06   3.0639648e+01
   2.1639690e+06   3.0517578e+01
   2.1641510e+06   3.2226563e+01
   2.1642300e+06   3.3630371e+01
   2.1643170e+06   2.9663086e+01
   2.1646210e+06   2.9541016e+01
   2.1652520e+06   3.7475586e+01
   2.1652950e+06   4.2358398e+01
   2.1655790e+06   3.0700684e+01
   2.1657480e+06   5.7250977e+01
   2.2255020e+06   3.2409668e+01
   2.2255250e+06   3.1860352e+01
   2.2255460e+06   3.4179688e+01
   2.2255750e+06   1.1547852e+02
   2.2255880e+06   3.1127930e+01
   2.2256220e+06   8.5205078e+01
   2.2256440e+06   4.2480469e+01
   2.2256690e+06   3.9245605e+01
   2.2256910e+06   4.7607422e+01
   2.2257040e+06   6.3232422e+01
   2.2257230e+06   3.4912109e+01
   2.2257550e+06   4.3334961e+01
   2.2257770e+06   4.3212891e+01
   2.2258070e+06   3.3935547e+01
   2.2258270e+06   3.5400391e+01
   2.2258560e+06   3.5949707e+01
   2.2258890e+06   4.0283203e+01
   2.2259060e+06   4.6264648e+01
   2.2259900e+06   4.8217773e+01
   2.2260010e+06   5.2673340e+01
   2.2260650e+06   3.0334473e+01
   2.2261330e+06   4.1442871e+01
   2.2261690e+06   3.3996582e+01
   2.2262310e+06   3.2348633e+01
   2.2262450e+06   5.4870605e+01
   2.2262730e+06   3.1494141e+01
   2.2264320e+06   3.1372070e+01
   2.2264840e+06   3.6499023e+01
   2.2265230e+06   3.4667969e+01
   2.2265630e+06   2.9663086e+01
   2.2266360e+06   3.3996582e+01
   2.2266660e+06   3.8452148e+01
   2.2267040e+06   4.1076660e+01
   2.2267590e+06   3.1494141e+01
   2.2268220e+06   2.9357910e+01
   2.2268770e+06   3.0090332e+01
   2.2269120e+06   2.9724121e+01
   2.2269330e+06   3.2470703e+01
   2.2270760e+06   3.0700684e+01
   2.2271000e+06   3.4667969e+01
   2.2273150e+06   3.2531738e+01
   2.2273550e+06   3.0517578e+01
   2.2274480e+06   3.1188965e+01
   2.2275680e+06   3.5888672e+01
   2.2275890e+06   3.3325195e+01
   2.2276430e+06   3.5339355e+01
   2.2277690e+06   3.1005859e+01
   2.2279790e+06   2.9357910e+01
   2.2280670e+06   3.2897949e+01
   2.2284090e+06   2.9846191e+01
   2.2284850e+06   3.3203125e+01
   2.2286530e+06   2.9602051e+01
   2.2286880e+06   3.4545898e+01
   2.2288660e+06   3.3630371e+01
   2.2288820e+06   3.1188965e+01
   2.2291430e+06   3.4484863e+01
   2.2291610e+06   3.3630371e+01
   2.2294730e+06   3.0456543e+01
   2.2295840e+06   3.3630371e+01
   2.2296110e+06   3.1494141e+01
   2.2298960e+06   3.2958984e+01
   2.2300030e+06   2.9602051e+01
   2.2300650e+06   2.9724121e+01
   2.2301420e+06   3.0212402e+01
   2.2311290e+06   3.9855957e+01
   2.2848300e+06   5.2001953e+01
   2.2848470e+06   3.2592773e+01
   2.2848660e+06   9.7167969e+01
   2.2848800e+06   5.3283691e+01
   2.2849020e+06   4.1748047e+01
   2.2849130e+06   3.9611816e+01
   2.2849310e+06   3.1433105e+01
   2.2849620e+06   3.7109375e+01
   2.2849730e+06   5.0903320e+01
   2.2849940e+06   4.9987793e+01
   2.2850210e+06   3.8635254e+01
   2.2850630e+06   3.8085938e+01
   2.2850830e+06   3.8818359e+01
   2.2850980e+06   4.8156738e+01
   2.2851350e+06   6.1279297e+01
   2.2851600e+06   3.7353516e+01
   2.2851810e+06   3.3569336e+01
   2.2852040e+06   3.5522461e+01
   2.2852190e+06   4.2846680e+01
   2.2852390e+06   3.4790039e+01
   2.2852740e+06   4.6081543e+01
   2.2852880e+06   2.9357910e+01
   2.2853200e+06   3.1555176e+01
   2.2853300e+06   3.0273437e+01
   2.2853540e+06   3.1555176e+01
   2.2854360e+06   3.3935547e+01
   2.2854600e+06   3.0578613e+01
   2.2854910e+06   3.2897949e+01
   2.2855370e+06   3.1860352e+01
   2.2856970e+06   2.9357910e+01
   2.2857480e+06   2.9785156e+01
   2.2858320e+06   3.5461426e+01
   2.2859050e+06   3.0822754e+01
   2.2859330e+06   2.9541016e+01
   2.2860560e+06   3.0944824e+01
   2.2861030e+06   3.1066895e+01
   2.2865950e+06   3.0639648e+01
   2.2866170e+06   3.5461426e+01
   2.2866690e+06   3.3630371e+01
   2.2868140e+06   4.1137695e+01
   2.2869130e+06   3.4118652e+01
   2.2871840e+06   3.3630371e+01
   2.2873470e+06   3.0029297e+01
   2.2875250e+06   3.1250000e+01
   2.2876020e+06   3.0151367e+01
   2.2883390e+06   3.1188965e+01
   2.2884480e+06   3.1311035e+01
   2.2884580e+06   2.9968262e+01
   2.2890020e+06   3.2653809e+01
   2.3524440e+06   4.0405273e+01
   2.3524740e+06   7.2753906e+01
   2.3524880e+06   3.6132813e+01
   2.3525070e+06   7.0617676e+01
   2.3525350e+06   4.7729492e+01
   2.3525460e+06   4.8767090e+01
   2.3525690e+06   4.4494629e+01
   2.3526140e+06   3.4240723e+01
   2.3526240e+06   3.9367676e+01
   2.3526580e+06   3.5461426e+01
   2.3526920e+06   3.5522461e+01
   2.3527120e+06   3.7109375e+01
   2.3527380e+06   3.4912109e+01
   2.3527700e+06   3.0456543e+01
   2.3527810e+06   3.1433105e+01
   2.3528510e+06   3.1188965e+01
   2.3528620e+06   4.8034668e+01
   2.3528920e+06   3.4240723e+01
   2.3529080e+06   3.2043457e+01
   2.3529360e+06   3.7109375e+01
   2.3529720e+06   3.0700684e+01
   2.3530100e+06   3.0273437e+01
   2.3530340e+06   4.1870117e+01
   2.3530740e+06   2.9724121e+01
   2.3531020e+06   3.1677246e+01
   2.3531200e+06   3.6682129e+01
   2.3531960e+06   3.2775879e+01
   2.3533410e+06   2.9724121e+01
   2.3533520e+06   3.0029297e+01
   2.3533730e+06   3.2226563e+01
   2.3533940e+06   3.7902832e+01
   2.3534650e+06   4.1015625e+01
   2.3536390e+06   3.1982422e+01
   2.3538720e+06   3.2043457e+01
   2.3538980e+06   3.1433105e+01
   2.3539460e+06   3.1127930e+01
   2.3540380e+06   3.6743164e+01
   2.3541710e+06   3.1188965e+01
   2.3541920e+06   3.3508301e+01
   2.3542630e+06   3.6437988e+01
   2.3547440e+06   2.9663086e+01
   2.3547880e+06   3.6743164e+01
   2.3549740e+06   4.0344238e+01
   2.3550050e+06   3.2470703e+01
   2.3550820e+06   3.3020020e+01
   2.3551910e+06   3.0639648e+01
   2.3559160e+06   3.5217285e+01
   2.3564870e+06   5.5725098e+01
   2.4055540e+06   3.0822754e+01
   2.4055810e+06   1.4739990e+02
   2.4056080e+06   4.4677734e+01
   2.4056420e+06   6.1157227e+01
   2.4056560e+06   5.2612305e+01
   2.4056680e+06   4.9072266e+01
   2.4057110e+06   3.9978027e+01
   2.4057260e+06   3.6071777e+01
   2.4057560e+06   4.6386719e+01
   2.4057690e+06   3.5095215e+01
   2.4057960e+06   3.6071777e+01
   2.4058200e+06   3.0151367e+01
   2.4058540e+06   4.7668457e+01
   2.4058920e+06   3.3386230e+01
   2.4059230e+06   3.7170410e+01
   2.4059410e+06   3.4851074e+01
   2.4059850e+06   2.9907227e+01
   2.4060230e+06   5.3405762e+01
   2.4060330e+06   4.8278809e+01
   2.4060810e+06   3.1677246e+01
   2.4060970e+06   3.7841797e+01
   2.4061100e+06   3.0212402e+01
   2.4061260e+06   3.1494141e+01
   2.4061620e+06   3.1066895e+01
   2.4061920e+06   3.8574219e+01
   2.4062200e+06   3.0883789e+01
   2.4062690e+06   2.9785156e+01
   2.4062990e+06   3.1372070e+01
   2.4063240e+06   4.7485352e+01
   2.4063470e+06   3.0761719e+01
   2.4063950e+06   3.9245605e+01
   2.4065270e+06   3.2165527e+01
   2.4066830e+06   3.0395508e+01
   2.4068030e+06   3.1250000e+01
   2.4068160e+06   3.0090332e+01
   2.4070540e+06   3.1188965e+01
   2.4070810e+06   6.5002441e+01
   2.4072080e+06   3.6865234e+01
   2.4072540e+06   3.1555176e+01
   2.4073790e+06   3.0212402e+01
   2.4074800e+06   3.0090332e+01
   2.4076080e+06   9.6252441e+01
   2.4077970e+06   6.0974121e+01
   2.4081830e+06   6.0791016e+01
   2.4485060e+06   3.8818359e+01
   2.4485180e+06   6.6345215e+01
   2.4485450e+06   1.0388184e+02
   2.4485700e+06   4.1503906e+01
   2.4485860e+06   4.8828125e+01
   2.4485960e+06   3.8452148e+01
   2.4486160e+06   3.2226563e+01
   2.4486260e+06   4.4616699e+01
   2.4486510e+06   3.1799316e+01
   2.4486820e+06   5.2429199e+01
   2.4487090e+06   3.4484863e+01
   2.4487310e+06   3.1066895e+01
   2.4487510e+06   3.4667969e+01
   2.4487860e+06   3.8330078e+01
   2.4487970e+06   3.1127930e+01
   2.4488280e+06   3.5339355e+01
   2.4488510e+06   5.9387207e+01
   2.4488710e+06   3.5766602e+01
   2.4488890e+06   4.9499512e+01
   2.4489230e+06   3.1860352e+01
   2.4489430e+06   4.8339844e+01
   2.4489740e+06   3.2653809e+01
   2.4490010e+06   4.0283203e+01
   2.4490210e+06   3.7231445e+01
   2.4491170e+06   4.9438477e+01
   2.4491290e+06   5.3527832e+01
   2.4494260e+06   3.6315918e+01
   2.4495360e+06   3.0273438e+01
   2.4497240e+06   3.1860352e+01
   2.4498630e+06   7.9406738e+01
   2.4499920e+06   8.3435059e+01
   2.4502340e+06   3.1127930e+01
   2.4504270e+06   3.0822754e+01
   2.4891830e+06   4.4677734e+01
   2.4891980e+06   5.6457520e+01
   2.4892220e+06   8.3435059e+01
   2.4892330e+06   5.7495117e+01
   2.4892630e+06   7.7087402e+01
   2.4892800e+06   3.9550781e+01
   2.4893050e+06   6.1950684e+01
   2.4893350e+06   3.0761719e+01
   2.4893690e+06   4.4677734e+01
   2.4893830e+06   3.3935547e+01
   2.4894060e+06   4.0344238e+01
   2.4894510e+06   3.4484863e+01
   2.4894790e+06   3.5461426e+01
   2.4895740e+06   3.4484863e+01
   2.4896500e+06   3.6132813e+01
   2.4896640e+06   1.0827637e+02
   2.4896880e+06   4.5043945e+01
   2.4897290e+06   4.0283203e+01
   2.4897430e+06   3.1066895e+01
   2.4898220e+06   7.8247070e+01
   2.4899180e+06   3.6804199e+01
   2.4899370e+06   3.5156250e+01
   2.4901710e+06   2.9418945e+01
   2.4904520e+06   1.1749268e+02
   2.4904960e+06   3.3142090e+01
   2.4905250e+06   3.0456543e+01
   2.4906190e+06   3.0029297e+01
   2.4907350e+06   3.0761719e+01
   2.4907540e+06   9.1796875e+01
   2.4907640e+06   3.6987305e+01
   2.4908290e+06   3.0578613e+01
   2.5321810e+06   3.7048340e+01
   2.5322180e+06   3.0456543e+01
   2.5322470e+06   1.5515137e+02
   2.5322620e+06   5.1696777e+01
   2.5322890e+06   3.2165527e+01
   2.5323180e+06   4.2053223e+01
   2.5323470e+06   7.0800781e+01
   2.5323600e+06   4.0466309e+01
   2.5323990e+06   5.7006836e+01
   2.5324120e+06   4.0222168e+01
   2.5324330e+06   3.1372070e+01
   2.5324580e+06   5.0170898e+01
   2.5324810e+06   3.4118652e+01
   2.5325100e+06   3.6682129e+01
   2.5325470e+06   2.9907227e+01
   2.5326180e+06   3.1433105e+01
   2.5326850e+06   3.0639648e+01
   2.5327400e+06   3.0273437e+01
   2.5327600e+06   3.9794922e+01
   2.5327790e+06   1.3012695e+02
   2.5327940e+06   3.5827637e+01
   2.5328300e+06   3.4912109e+01
   2.5328430e+06   3.1188965e+01
   2.5328770e+06   3.1982422e+01
   2.5330410e+06   3.4362793e+01
   2.5331260e+06   3.0273438e+01
   2.5332080e+06   3.5583496e+01
   2.5332850e+06   3.3142090e+01
   2.5334930e+06   3.9428711e+01
   2.5335040e+06   3.7048340e+01
   2.5335330e+06   6.7504883e+01
   2.5335490e+06   3.5522461e+01
   2.5335840e+06   4.3884277e+01
   2.5335990e+06   3.0517578e+01
   2.5338310e+06   3.0090332e+01
   2.5339750e+06   1.0394287e+02
   2.5722140e+06   3.8452148e+01
   2.5722290e+06   4.5471191e+01
   2.5722610e+06   1.1389160e+02
   2.5722750e+06   3.0822754e+01
   2.5723060e+06   9.0881348e+01
   2.5723180e+06   3.9672852e+01
   2.5723640e+06   7.7941895e+01
   2.5723850e+06   4.0344238e+01
   2.5724070e+06   2.9357910e+01
   2.5724190e+06   6.9274902e+01
   2.5724920e+06   3.7719727e+01
   2.5726260e+06   3.1921387e+01
   2.5726440e+06   9.6069336e+01
   2.5726560e+06   4.3090820e+01
   2.5726920e+06   3.1799316e+01
   2.5727110e+06   5.9753418e+01
   2.5727440e+06   4.8889160e+01
   2.5727970e+06   3.2836914e+01
   2.5728090e+06   3.8513184e+01
   2.5729180e+06   2.9907227e+01
   2.5729680e+06   3.0883789e+01
   2.5729970e+06   3.3386230e+01
   2.5730140e+06   4.4555664e+01
   2.5730370e+06   2.9968262e+01
   2.5730600e+06   9.8205566e+01
   2.5732100e+06   3.3874512e+01
   2.5732790e+06   3.4179688e+01
   2.5734960e+06   2.9357910e+01
   2.5735680e+06   1.2884521e+02
   2.5736220e+06   3.6682129e+01
   2.5738110e+06   1.1956787e+02
   2.5738690e+06   3.0761719e+01
   2.6141220e+06   3.4423828e+01
   2.6141590e+06   1.5625000e+02
   2.6141750e+06   4.2358398e+01
   2.6141950e+06   1.1340332e+02
   2.6142070e+06   5.3955078e+01
   2.6142460e+06   5.8776855e+01
   2.6142800e+06   4.1198730e+01
   2.6143060e+06   5.2734375e+01
   2.6143210e+06   3.9611816e+01
   2.6143550e+06   3.0334473e+01
   2.6143760e+06   7.7331543e+01
   2.6144670e+06   3.1738281e+01
   2.6145490e+06   2.9541016e+01
   2.6145990e+06   3.3508301e+01
   2.6146220e+06   3.2653809e+01
   2.6146470e+06   3.0273438e+01
   2.6146680e+06   3.9978027e+01
   2.6146920e+06   3.3508301e+01
   2.6147120e+06   4.9316406e+01
   2.6147270e+06   3.6743164e+01
   2.6147550e+06   3.5949707e+01
   2.6148000e+06   2.9541016e+01
   2.6148140e+06   3.6132813e+01
   2.6148860e+06   3.0700684e+01
   2.6150370e+06   3.2531738e+01
   2.6153250e+06   1.5209961e+02
   2.6153350e+06   3.5827637e+01
   2.6153620e+06   3.1188965e+01
   2.6153900e+06   3.5217285e+01
   2.6154870e+06   3.2165527e+01
   2.6159190e+06   1.4257813e+02
   2.6159290e+06   3.1005859e+01
   2.6641350e+06   1.3916016e+02
   2.6641550e+06   5.5908203e+01
   2.6641730e+06   1.0247803e+02
   2.6641850e+06   4.5593262e+01
   2.6642170e+06   6.3171387e+01
   2.6642300e+06   4.6997070e+01
   2.6642520e+06   3.2409668e+01
   2.6642720e+06   3.2897949e+01
   2.6642960e+06   4.2785645e+01
   2.6643250e+06   3.0822754e+01
   2.6644490e+06   3.3813477e+01
   2.6644690e+06   4.4128418e+01
   2.6645590e+06   3.1494141e+01
   2.6646200e+06   3.7597656e+01
   2.6646440e+06   3.8085938e+01
   2.6646540e+06   3.9978027e+01
   2.6646940e+06   3.3264160e+01
   2.6647350e+06   3.4362793e+01
   2.6647970e+06   3.7475586e+01
   2.6648300e+06   3.3020020e+01
   2.6648470e+06   2.9907227e+01
   2.6648870e+06   3.4179688e+01
   2.6649130e+06   3.0517578e+01
   2.6650710e+06   3.1372070e+01
   2.6650970e+06   3.0883789e+01
   2.6652510e+06   3.3325195e+01
   2.6656130e+06   3.3630371e+01
   2.7041160e+06   3.4240723e+01
   2.7092910e+06   3.0700684e+01
   2.7093050e+06   3.8085938e+01
   2.7093520e+06   1.5295410e+02
   2.7093820e+06   3.3386230e+01
   2.7094180e+06   4.3518066e+01
   2.7097500e+06   3.4118652e+01
   2.7098200e+06   3.2653809e+01
   2.7099170e+06   4.6691895e+01
   2.7099320e+06   3.6865234e+01
   2.7099480e+06   2.9846191e+01
   2.7100410e+06   1.2030029e+02
   2.7101480e+06   1.0107422e+02
   2.7101670e+06   3.3874512e+01
   2.7101990e+06   3.0456543e+01
   2.7102280e+06   6.3476563e+01
   2.7102480e+06   4.3395996e+01
   2.7102720e+06   2.9663086e+01
   2.7103130e+06   3.3447266e+01
   2.7103320e+06   3.4667969e+01
   2.7104020e+06   4.3945313e+01
   2.7105840e+06   3.1188965e+01
   2.7106880e+06   3.7963867e+01
   2.7107010e+06   3.9489746e+01
   2.7107370e+06   3.0700684e+01
   2.7107470e+06   3.1433105e+01
   2.7107820e+06   4.8522949e+01
   2.7108000e+06   3.7658691e+01
   2.7108850e+06   3.1738281e+01
   2.7110470e+06   3.0456543e+01
   2.7524850e+06   3.1005859e+01
   2.7545210e+06   3.2043457e+01
   2.7569410e+06   3.1982422e+01
   2.7593060e+06   2.9846191e+01
   2.7593940e+06   3.0029297e+01
   2.7596200e+06   3.0029297e+01
   2.7596950e+06   4.0710449e+01
   2.7605560e+06   3.0029297e+01
   2.7605760e+06   5.2917480e+01
   2.7605970e+06   7.6843262e+01
   2.7606240e+06   4.9194336e+01
   2.7606560e+06   6.7260742e+01
   2.7606740e+06   2.9541016e+01
   2.7606900e+06   3.1433105e+01
   2.7607140e+06   4.5227051e+01
   2.7607440e+06   3.6926270e+01
   2.7607780e+06   3.0395508e+01
   2.7609250e+06   4.4433594e+01
   2.7609460e+06   3.2348633e+01
   2.7609690e+06   3.9123535e+01
   2.7610100e+06   3.4545898e+01
   2.7610490e+06   3.6071777e+01
   2.7610880e+06   3.0761719e+01
   2.7611060e+06   3.5156250e+01
   2.7611720e+06   3.0517578e+01
   2.7612000e+06   3.8635254e+01
   2.7612180e+06   3.6376953e+01
   2.7612300e+06   3.5217285e+01
   2.7613020e+06   2.9357910e+01
   2.7619120e+06   2.9785156e+01
   2.7991900e+06   3.0700684e+01
   2.8095900e+06   3.0395508e+01
   2.8096510e+06   2.9479980e+01
   2.8096620e+06   1.6442871e+02
   2.8097000e+06   4.7241211e+01
   2.8097130e+06   5.4626465e+01
   2.8097600e+06   4.5288086e+01
   2.8098590e+06   3.0273438e+01
   2.8098710e+06   1.2640381e+02
   2.8099740e+06   2.9541016e+01
   2.8100540e+06   3.7292480e+01
   2.8100720e+06   4.4006348e+01
   2.8101020e+06   3.8085938e+01
   2.8101300e+06   3.1005859e+01
   2.8101670e+06   3.3325195e+01
   2.8101890e+06   3.0761719e+01
   2.8102070e+06   3.3630371e+01
   2.8102690e+06   3.1127930e+01
   2.8104240e+06   4.3579102e+01
   2.8104480e+06   1.3952637e+02
   2.8104610e+06   4.2968750e+01
   2.8104910e+06   3.0456543e+01
   2.8105310e+06   3.8757324e+01
   2.8105610e+06   3.1738281e+01
   2.8106550e+06   3.6437988e+01
   2.8107990e+06   3.9916992e+01
   2.8108310e+06   3.8024902e+01
   2.8108480e+06   1.0626221e+02
   2.8108780e+06   3.0395508e+01
   2.8109000e+06   3.3996582e+01
   2.8111600e+06   2.9724121e+01
   2.8112660e+06   2.9907227e+01
   2.8112960e+06   2.9418945e+01
   2.8575500e+06   3.1860352e+01
   2.8576060e+06   3.4851074e+01
   2.8576200e+06   3.4973145e+01
   2.8576500e+06   3.6376953e+01
   2.8576740e+06   3.1005859e+01
   2.8577040e+06   3.6376953e+01
   2.8577180e+06   1.1334229e+02
   2.8577750e+06   3.0883789e+01
   2.8577870e+06   3.9245605e+01
   2.8583640e+06   4.8461914e+01
   2.8584040e+06   8.1359863e+01
   2.8584340e+06   4.1687012e+01
   2.8584500e+06   3.6987305e+01
   2.8584950e+06   6.9213867e+01
   2.8585230e+06   3.4179688e+01
   2.8585550e+06   4.9072266e+01
   2.8585670e+06   3.4729004e+01
   2.8586390e+06   5.6884766e+01
   2.8587200e+06   2.9968262e+01
   2.8588730e+06   3.2043457e+01
   2.8588900e+06   4.6325684e+01
   2.8589000e+06   3.1921387e+01
   2.8589270e+06   3.2287598e+01
   2.8589460e+06   3.1921387e+01
   2.8589970e+06   3.9855957e+01
   2.8600430e+06   3.4240723e+01
   2.8961600e+06   3.0273438e+01
   2.9079820e+06   2.9479980e+01
   2.9099600e+06   1.5478516e+02
   2.9099900e+06   3.6926270e+01
   2.9100150e+06   3.1188965e+01
   2.9112140e+06   3.0090332e+01
   2.9112490e+06   1.6790771e+02
   2.9112680e+06   3.1066895e+01
   2.9112900e+06   3.7109375e+01
   2.9113020e+06   1.2414551e+02
   2.9113390e+06   3.1005859e+01
   2.9113590e+06   9.0454102e+01
   2.9113790e+06   3.7414551e+01
   2.9114260e+06   3.8208008e+01
   2.9114360e+06   3.1066895e+01
   2.9114680e+06   3.5217285e+01
   2.9114950e+06   2.9541016e+01
   2.9115250e+06   3.4545898e+01
   2.9115710e+06   3.3630371e+01
   2.9115810e+06   3.5034180e+01
   2.9116130e+06   8.8684082e+01
   2.9116330e+06   3.7292480e+01
   2.9116830e+06   2.9541016e+01
   2.9117090e+06   3.1677246e+01
   2.9121390e+06   2.9846191e+01
   2.9122720e+06   3.5095215e+01
   2.9122900e+06   4.4189453e+01
   2.9123070e+06   3.1066895e+01
   2.9127670e+06   3.8269043e+01
   2.9128300e+06   3.2714844e+01
   2.9362300e+06   3.0883789e+01
   2.9371490e+06   2.9479980e+01
   2.9371970e+06   4.3518066e+01
   2.9372180e+06   4.1015625e+01
   2.9372280e+06   3.0090332e+01
   2.9372660e+06   3.0761719e+01
   2.9383950e+06   2.9418945e+01
   2.9384090e+06   3.0700684e+01
   2.9384330e+06   1.4959717e+02
   2.9384430e+06   3.1555176e+01
   2.9384720e+06   3.2653809e+01
   2.9385020e+06   1.2524414e+02
   2.9385180e+06   4.0893555e+01
   2.9385610e+06   7.4707031e+01
   2.9385770e+06   4.4372559e+01
   2.9386000e+06   3.7353516e+01
   2.9386510e+06   3.3569336e+01
   2.9387080e+06   3.3020020e+01
   2.9387410e+06   3.7231445e+01
   2.9387550e+06   1.1169434e+02
   2.9390250e+06   3.0700684e+01
   2.9390470e+06   3.1188965e+01
   2.9390710e+06   2.9541016e+01
   2.9390950e+06   4.2968750e+01
   2.9391170e+06   3.2287598e+01
   2.9393500e+06   4.0832520e+01
   2.9394820e+06   3.2470703e+01
   2.9406410e+06   3.3752441e+01
   2.9406880e+06   1.4129639e+02
   2.9407330e+06   3.3874512e+01
   2.9408180e+06   3.6560059e+01
   2.9408300e+06   9.8144531e+01
   2.9408710e+06   2.9541016e+01
   2.9542080e+06   3.0029297e+01
   2.9853780e+06   2.9968262e+01
   2.9889600e+06   3.1616211e+01
   2.9889740e+06   3.9611816e+01
   2.9889940e+06   5.1208496e+01
   2.9890040e+06   3.4301758e+01
   2.9901410e+06   3.0944824e+01
   2.9901890e+06   5.0292969e+01
   2.9902020e+06   4.2480469e+01
   2.9902310e+06   4.7119141e+01
   2.9902460e+06   1.1541748e+02
   2.9902560e+06   3.4973145e+01
   2.9902790e+06   4.9499512e+01
   2.9903310e+06   3.3264160e+01
   2.9903560e+06   1.0162354e+02
   2.9904220e+06   3.8635254e+01
   2.9904370e+06   3.3569336e+01
   2.9904730e+06   3.0639648e+01
   2.9906760e+06   3.3569336e+01
   2.9906920e+06   2.9724121e+01
   2.9910710e+06   4.4616699e+01
   2.9910980e+06   4.9316406e+01
   2.9911110e+06   4.4677734e+01
   2.9911420e+06   1.3214111e+02
   2.9911650e+06   4.6386719e+01
   2.9911940e+06   3.1799316e+01
   2.9912780e+06   3.2165527e+01
   2.9914160e+06   4.0527344e+01
   2.9920060e+06   3.5888672e+01
   2.9920300e+06   2.9846191e+01
   2.9929150e+06   4.8767090e+01
