   7.5000000e+06   0.0000000e+00
   5.5423000e+04   1.3000000e+01
   3.2188900e+05   1.4000000e+01
   3.2220500e+05   1.3000000e+01
   3.2231300e+05   1.3000000e+01
   3.2244300e+05   1.4000000e+01
   3.2247900e+05   2.3000000e+01
   3.2260100e+05   1.5000000e+01
   3.2268700e+05   1.7000000e+01
   3.2277300e+05   1.3000000e+01
   3.2292800e+05   1.4000000e+01
   3.2300900e+05   1.7000000e+01
   3.2322900e+05   1.3000000e+01
   3.2339100e+05   1.3000000e+01
   7.4767800e+05   1.4000000e+01
   7.4982500e+05   1.4000000e+01
   7.4998000e+05   1.3000000e+01
   7.5017700e+05   1.9000000e+01
   7.5022300e+05   1.3000000e+01
   1.1769330e+06   1.3000000e+01
   1.1773460e+06   1.3000000e+01
   1.1774880e+06   1.3000000e+01
   1.1776640e+06   1.3000000e+01
   1.1777790e+06   1.6000000e+01
   1.1778450e+06   1.3000000e+01
   1.1780860e+06   1.3000000e+01
   1.2694730e+06   1.3000000e+01
   1.3918470e+06   1.3000000e+01
   1.3937910e+06   1.5000000e+01
   1.3968410e+06   1.3000000e+01
   1.3975870e+06   1.3000000e+01
   1.4031550e+06   1.4000000e+01
   1.4033330e+06   1.3000000e+01
   1.4054920e+06   1.4000000e+01
   1.6927920e+06   1.3000000e+01
   1.6951820e+06   1.3000000e+01
   1.7057280e+06   1.6000000e+01
   1.7059840e+06   1.4000000e+01
   1.9429960e+06   1.3000000e+01
   2.0687140e+06   1.3000000e+01
   2.2604650e+06   1.5000000e+01
   2.3826260e+06   1.3000000e+01
   2.3835070e+06   1.5000000e+01
   2.4821890e+06   1.3000000e+01
   2.9355120e+06   1.3000000e+01
   3.0017030e+06   1.3000000e+01
   3.3919650e+06   1.4000000e+01
   3.3922400e+06   1.5000000e+01
   3.3922670e+06   1.8000000e+01
   3.3925510e+06   1.3000000e+01
   3.3928500e+06   1.3000000e+01
   3.3932770e+06   1.4000000e+01
   3.3943350e+06   1.4000000e+01
   3.4576140e+06   1.4000000e+01
   3.4578840e+06   1.4000000e+01
   3.6452980e+06   1.3000000e+01
   4.0143560e+06   1.4000000e+01
   4.0149730e+06   1.3000000e+01
   4.1815080e+06   1.3000000e+01
   4.1905970e+06   1.3000000e+01
   4.4719040e+06   1.3000000e+01
   4.4730420e+06   1.4000000e+01
   4.6942140e+06   1.4000000e+01
   4.8824740e+06   1.3000000e+01
   5.0330030e+06   1.4000000e+01
   5.0338410e+06   1.3000000e+01
   5.0342000e+06   1.3000000e+01
   5.0360870e+06   1.4000000e+01
   5.0361800e+06   1.3000000e+01
   5.1100350e+06   1.3000000e+01
   5.2706870e+06   1.3000000e+01
   5.3232590e+06   1.3000000e+01
   5.3334870e+06   1.5000000e+01
   5.3335160e+06   1.6000000e+01
   5.3336480e+06   1.5000000e+01
   5.3336810e+06   2.4000000e+01
   5.3337870e+06   1.3000000e+01
   5.3338490e+06   1.3000000e+01
   5.3339320e+06   1.6000000e+01
   5.3339600e+06   1.5000000e+01
   5.3340440e+06   2.1000000e+01
   5.3340960e+06   2.1000000e+01
   5.3341780e+06   1.4000000e+01
   5.3342120e+06   3.0000000e+01
   5.3343190e+06   2.0000000e+01
   5.3344070e+06   1.8000000e+01
   5.3344380e+06   3.1000000e+01
   5.3345730e+06   1.7000000e+01
   5.3346540e+06   3.6000000e+01
   5.3346880e+06   2.4000000e+01
   5.3347660e+06   1.7000000e+01
   5.3348690e+06   2.7000000e+01
   5.3349150e+06   1.3000000e+01
   5.3350720e+06   2.0000000e+01
   5.3351520e+06   1.6000000e+01
   5.3354770e+06   1.3000000e+01
   5.3355480e+06   1.3000000e+01
   5.3356000e+06   1.3000000e+01
   5.3357050e+06   1.4000000e+01
   5.3357470e+06   1.3000000e+01
   5.3358500e+06   1.5000000e+01
   5.3359890e+06   1.3000000e+01
   5.3360630e+06   1.8000000e+01
   5.3360900e+06   1.5000000e+01
   5.3362310e+06   1.7000000e+01
   5.3363270e+06   2.3000000e+01
   5.3363580e+06   2.1000000e+01
   5.3364550e+06   1.6000000e+01
   5.3364800e+06   1.5000000e+01
   5.3365280e+06   1.3000000e+01
   5.3366750e+06   1.4000000e+01
   5.3368820e+06   1.5000000e+01
   5.3370940e+06   1.3000000e+01
   5.3372240e+06   1.5000000e+01
   5.3373240e+06   1.3000000e+01
   5.3373780e+06   1.4000000e+01
   5.3375450e+06   1.5000000e+01
   5.3377980e+06   1.5000000e+01
   5.3477770e+06   1.3000000e+01
   5.9562080e+06   1.3000000e+01
   5.9624620e+06   1.3000000e+01
   5.9627750e+06   1.3000000e+01
   5.9632060e+06   1.4000000e+01
   6.1306600e+06   1.3000000e+01
   6.1307690e+06   1.4000000e+01
   6.1308790e+06   1.3000000e+01
   6.1311800e+06   1.6000000e+01
   6.1312130e+06   1.6000000e+01
   6.2316930e+06   1.3000000e+01
   6.2337030e+06   1.3000000e+01
   6.2337910e+06   1.4000000e+01
   6.2339070e+06   1.3000000e+01
   6.2340080e+06   2.5000000e+01
   6.2340450e+06   1.7000000e+01
   6.2340860e+06   1.6000000e+01
   6.2342040e+06   1.5000000e+01
   6.2342850e+06   2.7000000e+01
   6.2343140e+06   2.1000000e+01
   6.2344590e+06   1.4000000e+01
   6.2345370e+06   2.0000000e+01
   6.2345870e+06   1.3000000e+01
   6.2347280e+06   1.9000000e+01
   6.2348130e+06   3.0000000e+01
   6.2348390e+06   1.8000000e+01
   6.2348920e+06   2.0000000e+01
   6.2349880e+06   1.7000000e+01
   6.2350470e+06   1.3000000e+01
   6.2354610e+06   1.3000000e+01
   6.4631370e+06   1.4000000e+01
   6.4632310e+06   1.3000000e+01
   6.4634880e+06   1.3000000e+01
   6.4636810e+06   1.4000000e+01
   6.4638170e+06   1.4000000e+01
   6.4639500e+06   1.6000000e+01
   6.4640660e+06   1.3000000e+01
   6.4641720e+06   1.3000000e+01
   6.5895500e+06   1.4000000e+01
   6.5896350e+06   1.3000000e+01
   6.5900960e+06   1.3000000e+01
   6.5903240e+06   1.4000000e+01
   6.7297730e+06   1.3000000e+01
   6.7375980e+06   1.3000000e+01
   6.7376450e+06   1.4000000e+01
   6.7377690e+06   1.4000000e+01
   6.7380080e+06   1.3000000e+01
   6.7381580e+06   1.4000000e+01
   6.7383340e+06   1.5000000e+01
   7.1089560e+06   1.3000000e+01
   7.2044170e+06   1.3000000e+01
   7.2047050e+06   1.8000000e+01
   7.2047900e+06   1.8000000e+01
   7.2048940e+06   1.8000000e+01
   7.2049400e+06   1.6000000e+01
   7.2049750e+06   1.9000000e+01
   7.2051070e+06   1.4000000e+01
   7.2051830e+06   2.2000000e+01
   7.2052300e+06   1.4000000e+01
   7.2053310e+06   1.6000000e+01
   7.2054170e+06   1.6000000e+01
   7.2055010e+06   2.5000000e+01
   7.2055270e+06   1.6000000e+01
   7.2056260e+06   2.1000000e+01
   7.2056580e+06   1.4000000e+01
   7.2057660e+06   2.0000000e+01
   7.2058050e+06   1.5000000e+01
   7.2059780e+06   1.4000000e+01
   7.2098050e+06   1.3000000e+01
   7.2995480e+06   1.3000000e+01
   7.2998560e+06   1.4000000e+01
   7.2999540e+06   1.5000000e+01
