   7.5000000e+06   0.0000000e+00
   4.3333000e+04   2.2000000e+01
   4.4056000e+04   2.1000000e+01
   4.4452000e+04   2.0000000e+01
   4.4709000e+04   1.8000000e+01
   4.4879000e+04   1.9000000e+01
   4.4977000e+04   1.8000000e+01
   4.5253000e+04   1.9000000e+01
   4.5438000e+04   2.2000000e+01
   4.5868000e+04   2.4000000e+01
   4.5954000e+04   2.0000000e+01
   4.6816000e+04   1.9000000e+01
   4.7426000e+04   1.8000000e+01
   4.8034000e+04   1.9000000e+01
   4.8363000e+04   2.0000000e+01
   4.8713000e+04   1.8000000e+01
   4.9168000e+04   2.0000000e+01
   4.9923000e+04   1.9000000e+01
   5.0146000e+04   1.8000000e+01
   5.0296000e+04   1.9000000e+01
   5.0380000e+04   2.0000000e+01
   5.0463000e+04   1.8000000e+01
   5.0545000e+04   1.9000000e+01
   5.0667000e+04   2.3000000e+01
   5.1081000e+04   2.0000000e+01
   5.1221000e+04   1.9000000e+01
   5.1311000e+04   2.3000000e+01
   5.1423000e+04   1.8000000e+01
   5.1630000e+04   1.8000000e+01
   5.1912000e+04   1.8000000e+01
   5.1974000e+04   2.4000000e+01
   5.2361000e+04   2.2000000e+01
   5.2421000e+04   1.8000000e+01
   5.3253000e+04   1.8000000e+01
   5.4397000e+04   1.8000000e+01
   5.4551000e+04   1.9000000e+01
   5.6325000e+04   1.9000000e+01
   5.7178000e+04   1.9000000e+01
   5.8064000e+04   1.9000000e+01
   1.4924100e+05   1.8000000e+01
   1.5005100e+05   1.8000000e+01
   1.5017300e+05   1.9000000e+01
   1.5042600e+05   2.1000000e+01
   1.5047900e+05   2.0000000e+01
   1.5052900e+05   2.3000000e+01
   1.5057600e+05   1.9000000e+01
   1.5079600e+05   2.1000000e+01
   1.5103700e+05   1.8000000e+01
   1.5106700e+05   2.0000000e+01
   1.5132900e+05   2.2000000e+01
   1.5140500e+05   2.0000000e+01
   1.5164800e+05   1.8000000e+01
   1.5171000e+05   2.5000000e+01
   1.5194200e+05   2.0000000e+01
   1.5218300e+05   2.1000000e+01
   1.5239100e+05   1.8000000e+01
   1.5340700e+05   1.8000000e+01
   1.5517100e+05   2.0000000e+01
   1.5643400e+05   1.9000000e+01
   1.5728900e+05   2.2000000e+01
   1.5759400e+05   1.8000000e+01
   1.5761900e+05   1.8000000e+01
   1.5764400e+05   2.1000000e+01
   1.5786600e+05   1.9000000e+01
   1.5795300e+05   1.8000000e+01
   1.5806700e+05   2.1000000e+01
   1.5815500e+05   1.9000000e+01
   1.5820500e+05   1.9000000e+01
   1.5836200e+05   1.9000000e+01
   1.5849900e+05   1.8000000e+01
   1.5863000e+05   2.0000000e+01
   1.5876700e+05   2.1000000e+01
   1.6103700e+05   1.8000000e+01
   3.1320500e+05   2.2000000e+01
   3.1520000e+05   1.9000000e+01
   3.1622000e+05   1.9000000e+01
   3.1626600e+05   1.8000000e+01
   3.1643700e+05   2.0000000e+01
   3.1689700e+05   1.9000000e+01
   3.1701700e+05   2.0000000e+01
   3.1719400e+05   2.3000000e+01
   3.1783300e+05   2.0000000e+01
   3.1814700e+05   2.0000000e+01
   3.1978000e+05   1.9000000e+01
   3.1998800e+05   1.8000000e+01
   3.2086400e+05   1.9000000e+01
   3.2233000e+05   2.4000000e+01
   3.2243400e+05   2.1000000e+01
   3.2248300e+05   3.4000000e+01
   3.2261300e+05   2.0000000e+01
   3.2271100e+05   2.7000000e+01
   3.2293700e+05   1.8000000e+01
   3.2302100e+05   1.8000000e+01
   3.2331900e+05   2.5000000e+01
   3.2336100e+05   2.0000000e+01
   3.2440200e+05   1.8000000e+01
   3.2642200e+05   1.9000000e+01
   3.2651100e+05   2.2000000e+01
   3.2710200e+05   1.9000000e+01
   3.2802300e+05   2.0000000e+01
   3.2806800e+05   1.8000000e+01
   3.2863000e+05   2.3000000e+01
   3.2893200e+05   2.1000000e+01
   3.2994500e+05   1.8000000e+01
   3.3005400e+05   2.0000000e+01
   3.3091700e+05   1.9000000e+01
   3.3207800e+05   1.9000000e+01
   3.3261300e+05   1.8000000e+01
   3.3306000e+05   1.9000000e+01
   3.3490700e+05   1.8000000e+01
   4.7286100e+05   2.2000000e+01
   4.7418800e+05   2.4000000e+01
   4.7558400e+05   2.0000000e+01
   4.7604400e+05   2.0000000e+01
   4.7640000e+05   1.9000000e+01
   4.7726300e+05   1.9000000e+01
   4.7800300e+05   2.0000000e+01
   4.7816000e+05   2.0000000e+01
   4.7916500e+05   2.0000000e+01
   4.7928900e+05   1.9000000e+01
   4.7952700e+05   1.8000000e+01
   4.7977300e+05   2.2000000e+01
   4.8017700e+05   1.8000000e+01
   5.9152900e+05   2.6000000e+01
   5.9295500e+05   2.1000000e+01
   5.9309800e+05   1.8000000e+01
   5.9365200e+05   1.9000000e+01
   5.9386000e+05   2.6000000e+01
   5.9399100e+05   1.9000000e+01
   5.9620000e+05   1.8000000e+01
   5.9704300e+05   1.8000000e+01
   5.9712200e+05   1.9000000e+01
   5.9719100e+05   2.0000000e+01
   5.9749800e+05   2.1000000e+01
   5.9780100e+05   1.9000000e+01
   5.9820800e+05   2.1000000e+01
   5.9826900e+05   1.8000000e+01
   5.9831800e+05   1.8000000e+01
   5.9840000e+05   1.8000000e+01
   5.9969900e+05   2.2000000e+01
   5.9985400e+05   1.8000000e+01
   6.0014200e+05   2.1000000e+01
   6.0026100e+05   1.8000000e+01
   6.0033500e+05   1.9000000e+01
   6.0036900e+05   2.0000000e+01
   6.0062100e+05   1.9000000e+01
   6.0065800e+05   2.0000000e+01
   6.0079500e+05   1.9000000e+01
   6.0089500e+05   1.9000000e+01
   6.0096400e+05   1.9000000e+01
   6.0161000e+05   1.9000000e+01
   6.0190500e+05   2.0000000e+01
   6.0259700e+05   1.8000000e+01
   7.4104000e+05   1.8000000e+01
   7.4192400e+05   1.9000000e+01
   7.4538600e+05   1.9000000e+01
   7.4549400e+05   1.8000000e+01
   7.4554400e+05   2.4000000e+01
   7.4574300e+05   2.0000000e+01
   7.4588500e+05   1.9000000e+01
   7.4596700e+05   1.9000000e+01
   7.4604200e+05   2.4000000e+01
   7.4626100e+05   2.3000000e+01
   7.4634200e+05   1.8000000e+01
   7.4641400e+05   1.8000000e+01
   7.4657800e+05   2.2000000e+01
   7.4668200e+05   2.1000000e+01
   7.4690600e+05   2.0000000e+01
   7.4696600e+05   2.8000000e+01
   7.4710800e+05   1.9000000e+01
   7.4723000e+05   2.1000000e+01
   7.4736400e+05   1.8000000e+01
   7.4745000e+05   2.3000000e+01
   7.4766200e+05   1.8000000e+01
   7.4784800e+05   1.8000000e+01
   7.4793700e+05   1.9000000e+01
   7.4800600e+05   2.1000000e+01
   7.4809200e+05   1.8000000e+01
   7.4827200e+05   1.8000000e+01
   7.4848200e+05   1.8000000e+01
   7.4927000e+05   1.8000000e+01
   7.4942400e+05   2.0000000e+01
   7.4972900e+05   1.9000000e+01
   7.4980800e+05   2.1000000e+01
   7.4983300e+05   2.0000000e+01
   7.5005900e+05   1.8000000e+01
   7.5016800e+05   2.1000000e+01
   7.5022200e+05   2.2000000e+01
   7.5033500e+05   1.9000000e+01
   7.5049000e+05   2.2000000e+01
   7.5209900e+05   1.9000000e+01
   8.1838800e+05   1.9000000e+01
   8.2272600e+05   2.1000000e+01
   8.2320100e+05   2.8000000e+01
   8.2360200e+05   2.2000000e+01
   8.2367400e+05   1.8000000e+01
   8.2371000e+05   1.8000000e+01
   8.2387700e+05   2.0000000e+01
   8.2395900e+05   1.8000000e+01
   8.2401000e+05   1.9000000e+01
   8.2419500e+05   1.8000000e+01
   8.2921100e+05   2.0000000e+01
   8.3281400e+05   2.0000000e+01
   8.3484300e+05   2.2000000e+01
   9.2656100e+05   1.9000000e+01
   9.2730900e+05   2.2000000e+01
   9.2745300e+05   2.1000000e+01
   9.2748400e+05   1.8000000e+01
   9.2771800e+05   2.4000000e+01
   9.2783800e+05   2.1000000e+01
   9.2811200e+05   1.9000000e+01
   9.2823700e+05   2.2000000e+01
   9.3015700e+05   2.0000000e+01
   9.3023100e+05   2.2000000e+01
   9.3034000e+05   1.8000000e+01
   9.3037100e+05   1.9000000e+01
   9.3044200e+05   2.2000000e+01
   9.3068200e+05   1.9000000e+01
   9.3106900e+05   2.1000000e+01
   9.3117600e+05   2.1000000e+01
   9.3121700e+05   2.1000000e+01
   9.3177600e+05   1.8000000e+01
   9.3262800e+05   2.1000000e+01
   9.3313100e+05   2.3000000e+01
   9.3326700e+05   1.8000000e+01
   9.3362900e+05   1.8000000e+01
   9.3391200e+05   1.8000000e+01
   9.3533800e+05   1.9000000e+01
   9.3556600e+05   2.0000000e+01
   9.3583000e+05   1.9000000e+01
   9.3597900e+05   1.9000000e+01
   9.3616500e+05   2.0000000e+01
   9.3660600e+05   2.5000000e+01
   9.3671500e+05   1.8000000e+01
   9.3690500e+05   1.8000000e+01
   9.3728400e+05   1.8000000e+01
   1.0115330e+06   2.0000000e+01
   1.0125640e+06   2.1000000e+01
   1.0126500e+06   1.9000000e+01
   1.0132720e+06   2.2000000e+01
   1.0137220e+06   2.3000000e+01
   1.0143070e+06   1.9000000e+01
   1.0153750e+06   1.9000000e+01
   1.0182300e+06   1.8000000e+01
   1.1641420e+06   1.9000000e+01
   1.1672170e+06   2.2000000e+01
   1.1672940e+06   2.0000000e+01
   1.1678130e+06   1.8000000e+01
   1.1682290e+06   1.8000000e+01
   1.1683690e+06   1.8000000e+01
   1.1684530e+06   1.8000000e+01
   1.1686200e+06   1.8000000e+01
   1.1692260e+06   1.9000000e+01
   1.1705860e+06   2.1000000e+01
   1.1711260e+06   1.8000000e+01
   1.1716050e+06   1.9000000e+01
   1.1722440e+06   1.8000000e+01
   1.1723030e+06   2.0000000e+01
   1.1726120e+06   1.8000000e+01
   1.1735710e+06   1.8000000e+01
   1.1745800e+06   2.3000000e+01
   1.1756330e+06   2.1000000e+01
   1.1762420e+06   2.1000000e+01
   1.1764580e+06   2.1000000e+01
   1.1769390e+06   1.8000000e+01
   1.1774140e+06   2.3000000e+01
   1.1774540e+06   1.8000000e+01
   1.1775740e+06   1.8000000e+01
   1.1776990e+06   2.0000000e+01
   1.1781100e+06   1.8000000e+01
   1.1793540e+06   1.9000000e+01
   1.1824820e+06   1.8000000e+01
   1.2660720e+06   1.9000000e+01
   1.2663990e+06   2.1000000e+01
   1.2665210e+06   2.1000000e+01
   1.2666600e+06   2.0000000e+01
   1.2667330e+06   1.8000000e+01
   1.2669500e+06   1.9000000e+01
   1.2670010e+06   1.8000000e+01
   1.2675320e+06   1.9000000e+01
   1.2682140e+06   2.0000000e+01
   1.2685320e+06   2.1000000e+01
   1.2685660e+06   1.8000000e+01
   1.2687460e+06   1.9000000e+01
   1.2689540e+06   1.9000000e+01
   1.3785920e+06   1.9000000e+01
   1.3790610e+06   2.0000000e+01
   1.3815250e+06   1.8000000e+01
   1.3820400e+06   2.0000000e+01
   1.3823580e+06   2.1000000e+01
   1.3824590e+06   2.1000000e+01
   1.3827860e+06   2.7000000e+01
   1.3830910e+06   1.9000000e+01
   1.3831650e+06   1.9000000e+01
   1.3833760e+06   1.9000000e+01
   1.3838370e+06   1.9000000e+01
   1.3839170e+06   1.9000000e+01
   1.3842980e+06   2.0000000e+01
   1.3896200e+06   2.1000000e+01
   1.3899430e+06   1.9000000e+01
   1.3899800e+06   1.9000000e+01
   1.3902430e+06   1.8000000e+01
   1.3904450e+06   2.0000000e+01
   1.3907450e+06   1.8000000e+01
   1.3908360e+06   2.5000000e+01
   1.3908690e+06   1.8000000e+01
   1.3910240e+06   2.3000000e+01
   1.3911050e+06   2.6000000e+01
   1.3911350e+06   2.1000000e+01
   1.3912310e+06   2.4000000e+01
   1.3912600e+06   2.3000000e+01
   1.3913490e+06   1.9000000e+01
   1.3914440e+06   2.2000000e+01
   1.3915740e+06   2.2000000e+01
   1.3916360e+06   1.8000000e+01
   1.3917430e+06   1.8000000e+01
   1.3917890e+06   2.3000000e+01
   1.3919210e+06   2.0000000e+01
   1.3920530e+06   2.3000000e+01
   1.3920860e+06   1.8000000e+01
   1.3923590e+06   1.8000000e+01
   1.3924600e+06   1.9000000e+01
   1.3925420e+06   2.4000000e+01
   1.3928490e+06   1.9000000e+01
   1.3929070e+06   1.8000000e+01
   1.3932920e+06   1.8000000e+01
   1.3933700e+06   2.0000000e+01
   1.3937150e+06   1.8000000e+01
   1.3945290e+06   1.9000000e+01
   1.3960620e+06   1.9000000e+01
   1.3967580e+06   1.8000000e+01
   1.3976080e+06   2.1000000e+01
   1.3977960e+06   1.8000000e+01
   1.3988080e+06   1.8000000e+01
   1.3989000e+06   2.0000000e+01
   1.3990080e+06   2.0000000e+01
   1.3993850e+06   1.8000000e+01
   1.3997210e+06   2.7000000e+01
   1.3998480e+06   1.8000000e+01
   1.3998920e+06   1.8000000e+01
   1.3999860e+06   2.1000000e+01
   1.4000550e+06   2.2000000e+01
   1.4001220e+06   2.7000000e+01
   1.4002230e+06   2.7000000e+01
   1.4002630e+06   1.9000000e+01
   1.4003520e+06   2.4000000e+01
   1.4004850e+06   2.0000000e+01
   1.4005510e+06   1.8000000e+01
   1.4006520e+06   2.3000000e+01
   1.4007040e+06   2.1000000e+01
   1.4007590e+06   2.4000000e+01
   1.4008330e+06   1.8000000e+01
   1.4009120e+06   2.0000000e+01
   1.4009620e+06   2.3000000e+01
   1.4009960e+06   2.0000000e+01
   1.4011230e+06   2.1000000e+01
   1.4012350e+06   2.2000000e+01
   1.4012970e+06   3.5000000e+01
   1.4013230e+06   3.3000000e+01
   1.4014700e+06   1.9000000e+01
   1.4015180e+06   1.9000000e+01
   1.4015720e+06   2.2000000e+01
   1.4016170e+06   2.1000000e+01
   1.4016580e+06   2.5000000e+01
   1.4017010e+06   1.9000000e+01
   1.4018140e+06   1.9000000e+01
   1.4019010e+06   1.9000000e+01
   1.4019530e+06   3.0000000e+01
   1.4020450e+06   1.8000000e+01
   1.4021070e+06   2.0000000e+01
   1.4022030e+06   2.2000000e+01
   1.4022300e+06   2.3000000e+01
   1.4024600e+06   2.1000000e+01
   1.4025470e+06   2.1000000e+01
   1.4026150e+06   2.0000000e+01
   1.4026660e+06   2.0000000e+01
   1.4027280e+06   1.9000000e+01
   1.4028050e+06   2.0000000e+01
   1.4028680e+06   2.1000000e+01
   1.4029570e+06   1.9000000e+01
   1.4030250e+06   2.6000000e+01
   1.4030830e+06   2.4000000e+01
   1.4031360e+06   1.8000000e+01
   1.4032500e+06   2.3000000e+01
   1.4032780e+06   2.6000000e+01
   1.4033630e+06   1.9000000e+01
   1.4034170e+06   2.3000000e+01
   1.4034690e+06   2.2000000e+01
   1.4036050e+06   1.8000000e+01
   1.4037500e+06   2.8000000e+01
   1.4038150e+06   2.6000000e+01
   1.4038730e+06   1.8000000e+01
   1.4039390e+06   1.9000000e+01
   1.4041180e+06   2.0000000e+01
   1.4042310e+06   1.9000000e+01
   1.4042680e+06   2.0000000e+01
   1.4043420e+06   2.0000000e+01
   1.4043760e+06   3.8000000e+01
   1.4044440e+06   2.1000000e+01
   1.4045850e+06   2.3000000e+01
   1.4047090e+06   1.9000000e+01
   1.4047970e+06   2.0000000e+01
   1.4049450e+06   1.8000000e+01
   1.4050270e+06   3.1000000e+01
   1.4050570e+06   2.6000000e+01
   1.4052840e+06   1.8000000e+01
   1.4053800e+06   2.2000000e+01
   1.4055140e+06   1.8000000e+01
   1.4056170e+06   1.9000000e+01
   1.4056670e+06   2.2000000e+01
   1.4057290e+06   2.1000000e+01
   1.4060000e+06   1.9000000e+01
   1.4060690e+06   2.1000000e+01
   1.4061720e+06   2.1000000e+01
   1.4062330e+06   1.9000000e+01
   1.4063240e+06   1.9000000e+01
   1.4065850e+06   2.0000000e+01
   1.4066870e+06   2.1000000e+01
   1.4068890e+06   1.8000000e+01
   1.4070210e+06   1.8000000e+01
   1.4072490e+06   2.2000000e+01
   1.4074340e+06   1.8000000e+01
   1.4074800e+06   2.1000000e+01
   1.4075620e+06   2.1000000e+01
   1.4076210e+06   1.8000000e+01
   1.4079340e+06   1.8000000e+01
   1.4079790e+06   2.2000000e+01
   1.4083270e+06   2.0000000e+01
   1.4085760e+06   2.3000000e+01
   1.4086050e+06   2.2000000e+01
   1.4086610e+06   1.9000000e+01
   1.4091580e+06   1.9000000e+01
   1.4092840e+06   1.8000000e+01
   1.4106160e+06   1.9000000e+01
   1.4117130e+06   2.0000000e+01
   1.4119020e+06   1.8000000e+01
   1.4137160e+06   1.9000000e+01
   1.6820430e+06   2.0000000e+01
   1.6821330e+06   1.9000000e+01
   1.6932190e+06   1.8000000e+01
   1.7038730e+06   1.8000000e+01
   1.7044170e+06   2.1000000e+01
   1.7045190e+06   2.4000000e+01
   1.7045500e+06   3.6000000e+01
   1.7046550e+06   2.0000000e+01
   1.7046880e+06   4.0000000e+01
   1.7047830e+06   2.0000000e+01
   1.7048170e+06   1.8000000e+01
   1.7049260e+06   1.8000000e+01
   1.7049510e+06   2.1000000e+01
   1.7050380e+06   1.9000000e+01
   1.7052000e+06   2.0000000e+01
   1.7052680e+06   2.0000000e+01
   1.7053550e+06   1.8000000e+01
   1.7053910e+06   2.2000000e+01
   1.7055060e+06   2.4000000e+01
   1.7055940e+06   2.9000000e+01
   1.7056390e+06   1.8000000e+01
   1.7057360e+06   3.2000000e+01
   1.7057980e+06   4.4000000e+01
   1.7058700e+06   2.0000000e+01
   1.7059220e+06   3.6000000e+01
   1.7059960e+06   2.0000000e+01
   1.7060390e+06   2.1000000e+01
   1.7061360e+06   1.8000000e+01
   1.7062170e+06   3.1000000e+01
   1.7062650e+06   2.1000000e+01
   1.7063710e+06   1.9000000e+01
   1.7064470e+06   4.6000000e+01
   1.7064730e+06   2.6000000e+01
   1.7066140e+06   1.9000000e+01
   1.7067160e+06   3.0000000e+01
   1.7067420e+06   2.8000000e+01
   1.7068350e+06   2.6000000e+01
   1.7068620e+06   3.8000000e+01
   1.7069620e+06   1.8000000e+01
   1.7070480e+06   2.6000000e+01
   1.7071090e+06   2.1000000e+01
   1.7072020e+06   1.9000000e+01
   1.7072740e+06   2.1000000e+01
   1.7074720e+06   1.8000000e+01
   1.7077740e+06   2.2000000e+01
   1.7078220e+06   1.8000000e+01
   1.7089010e+06   2.0000000e+01
   1.7090560e+06   1.8000000e+01
   1.7119750e+06   1.8000000e+01
   1.9318670e+06   2.6000000e+01
   1.9344040e+06   1.9000000e+01
   1.9347070e+06   1.9000000e+01
   1.9350770e+06   1.8000000e+01
   1.9383600e+06   1.8000000e+01
   1.9390000e+06   1.9000000e+01
   1.9391150e+06   2.2000000e+01
   1.9392210e+06   1.9000000e+01
   1.9394000e+06   2.4000000e+01
   1.9394260e+06   2.0000000e+01
   1.9395100e+06   1.8000000e+01
   1.9395460e+06   1.8000000e+01
   1.9396940e+06   2.0000000e+01
   1.9397710e+06   1.9000000e+01
   1.9398810e+06   1.8000000e+01
   1.9430060e+06   1.8000000e+01
   2.0588430e+06   1.8000000e+01
   2.0593250e+06   2.7000000e+01
   2.0593620e+06   2.5000000e+01
   2.0595070e+06   2.0000000e+01
   2.0598080e+06   2.0000000e+01
   2.0598690e+06   1.9000000e+01
   2.0600030e+06   2.8000000e+01
   2.0601210e+06   1.9000000e+01
   2.0602090e+06   1.9000000e+01
   2.0604960e+06   2.4000000e+01
   2.0607020e+06   1.9000000e+01
   2.0633140e+06   2.2000000e+01
   2.0650550e+06   1.8000000e+01
   2.0651190e+06   1.9000000e+01
   2.0655410e+06   1.9000000e+01
   2.0690590e+06   1.8000000e+01
   2.0695940e+06   1.9000000e+01
   2.0697340e+06   1.9000000e+01
   2.0698160e+06   1.8000000e+01
   2.1473170e+06   1.9000000e+01
   2.1496400e+06   1.8000000e+01
   2.1498590e+06   2.0000000e+01
   2.1509870e+06   2.4000000e+01
   2.1512600e+06   2.0000000e+01
   2.1537270e+06   1.8000000e+01
   2.1539500e+06   1.8000000e+01
   2.1540710e+06   1.9000000e+01
   2.1546700e+06   2.0000000e+01
   2.1547530e+06   2.1000000e+01
   2.1594570e+06   1.8000000e+01
   2.2527580e+06   2.1000000e+01
   2.2536910e+06   1.9000000e+01
   2.2540790e+06   2.3000000e+01
   2.2548230e+06   1.9000000e+01
   2.2548750e+06   1.9000000e+01
   2.2553300e+06   1.9000000e+01
   2.2554440e+06   2.1000000e+01
   2.2555270e+06   2.2000000e+01
   2.2558010e+06   2.0000000e+01
   2.2564870e+06   1.8000000e+01
   2.2565790e+06   2.0000000e+01
   2.2566480e+06   1.9000000e+01
   2.2568620e+06   1.9000000e+01
   2.2569440e+06   1.9000000e+01
   2.2570800e+06   1.9000000e+01
   2.2571690e+06   1.9000000e+01
   2.2572720e+06   2.1000000e+01
   2.2573060e+06   2.1000000e+01
   2.2575420e+06   2.0000000e+01
   2.2576210e+06   2.0000000e+01
   2.2577970e+06   2.2000000e+01
   2.2580020e+06   2.2000000e+01
   2.2582880e+06   1.8000000e+01
   2.2583130e+06   2.8000000e+01
   2.2583430e+06   1.9000000e+01
   2.2585420e+06   1.9000000e+01
   2.2598490e+06   1.8000000e+01
   2.2603670e+06   1.8000000e+01
   2.2608390e+06   1.8000000e+01
   2.3717740e+06   1.8000000e+01
   2.3739270e+06   2.1000000e+01
   2.3741200e+06   1.8000000e+01
   2.3755630e+06   2.0000000e+01
   2.3758030e+06   2.0000000e+01
   2.3760090e+06   1.9000000e+01
   2.3762930e+06   1.9000000e+01
   2.3765090e+06   2.2000000e+01
   2.3771710e+06   1.8000000e+01
   2.3781480e+06   1.8000000e+01
   2.3784690e+06   1.9000000e+01
   2.3792580e+06   1.8000000e+01
   2.3794050e+06   1.9000000e+01
   2.3796670e+06   2.2000000e+01
   2.3803660e+06   2.0000000e+01
   2.3804100e+06   2.0000000e+01
   2.3804460e+06   2.5000000e+01
   2.3804950e+06   2.0000000e+01
   2.3805700e+06   2.0000000e+01
   2.3810690e+06   1.8000000e+01
   2.3812190e+06   1.8000000e+01
   2.3813290e+06   1.8000000e+01
   2.3813590e+06   2.5000000e+01
   2.3821160e+06   2.3000000e+01
   2.3821920e+06   1.8000000e+01
   2.3824320e+06   2.0000000e+01
   2.3825710e+06   1.8000000e+01
   2.3826830e+06   1.9000000e+01
   2.3828910e+06   2.2000000e+01
   2.3830110e+06   2.0000000e+01
   2.3831870e+06   1.9000000e+01
   2.3833440e+06   2.0000000e+01
   2.3835160e+06   1.8000000e+01
   2.3836950e+06   1.8000000e+01
   2.3838750e+06   1.9000000e+01
   2.4783380e+06   1.8000000e+01
   2.4787200e+06   2.1000000e+01
   2.4793610e+06   2.3000000e+01
   2.4794230e+06   2.0000000e+01
   2.4795730e+06   1.8000000e+01
   2.4796790e+06   2.6000000e+01
   2.4797450e+06   2.3000000e+01
   2.4799440e+06   2.0000000e+01
   2.4803960e+06   1.8000000e+01
   2.4804600e+06   1.9000000e+01
   2.4807690e+06   2.0000000e+01
   2.4811170e+06   1.8000000e+01
   2.4818530e+06   2.0000000e+01
   2.4819470e+06   2.0000000e+01
   2.5679810e+06   1.9000000e+01
   2.5680580e+06   2.0000000e+01
   2.5681280e+06   1.8000000e+01
   2.5682830e+06   1.8000000e+01
   2.5685020e+06   2.0000000e+01
   2.5689460e+06   2.0000000e+01
   2.5691200e+06   2.8000000e+01
   2.5695400e+06   1.8000000e+01
   2.5696230e+06   1.9000000e+01
   2.5699690e+06   1.8000000e+01
   2.5701450e+06   2.2000000e+01
   2.5701990e+06   1.9000000e+01
   2.5713670e+06   1.9000000e+01
   2.5719870e+06   1.9000000e+01
   2.5745140e+06   1.8000000e+01
   2.5750520e+06   1.9000000e+01
   2.5755560e+06   2.1000000e+01
   2.5756710e+06   1.9000000e+01
   2.5757490e+06   2.0000000e+01
   2.5765330e+06   1.9000000e+01
   2.7398980e+06   2.0000000e+01
   2.7411260e+06   1.8000000e+01
   2.7419300e+06   2.0000000e+01
   2.7422260e+06   1.9000000e+01
   2.7423230e+06   3.8000000e+01
   2.7425510e+06   1.8000000e+01
   2.7425860e+06   1.8000000e+01
   2.7426730e+06   1.8000000e+01
   2.7427080e+06   2.7000000e+01
   2.7427560e+06   2.0000000e+01
   2.7428300e+06   2.8000000e+01
   2.7428670e+06   1.9000000e+01
   2.7429680e+06   2.3000000e+01
   2.7430650e+06   1.8000000e+01
   2.7431510e+06   1.8000000e+01
   2.7432450e+06   2.0000000e+01
   2.7433260e+06   1.9000000e+01
   2.7433750e+06   2.1000000e+01
   2.7434880e+06   1.9000000e+01
   2.7436010e+06   2.2000000e+01
   2.7437560e+06   2.5000000e+01
   2.7443350e+06   1.8000000e+01
   2.7448950e+06   1.8000000e+01
   2.7452910e+06   1.9000000e+01
   2.7459600e+06   1.8000000e+01
   2.7470910e+06   1.8000000e+01
   2.7472350e+06   1.8000000e+01
   2.7473110e+06   1.9000000e+01
   2.7479780e+06   1.8000000e+01
   2.7496780e+06   1.8000000e+01
   2.7499540e+06   1.8000000e+01
   2.7499940e+06   2.5000000e+01
   2.7502660e+06   2.1000000e+01
   2.7503680e+06   2.4000000e+01
   2.7504480e+06   2.3000000e+01
   2.7506250e+06   2.1000000e+01
   2.7507160e+06   1.9000000e+01
   2.8608860e+06   2.4000000e+01
   2.8613290e+06   2.0000000e+01
   2.8613540e+06   1.9000000e+01
   2.8614550e+06   1.8000000e+01
   2.8618960e+06   1.9000000e+01
   2.8628530e+06   2.3000000e+01
   2.8628890e+06   2.1000000e+01
   2.8629950e+06   2.0000000e+01
   2.8631120e+06   1.9000000e+01
   2.8631730e+06   2.2000000e+01
   2.8633480e+06   1.9000000e+01
   2.8635150e+06   1.8000000e+01
   2.8638950e+06   1.8000000e+01
   2.8642320e+06   1.9000000e+01
   2.8644430e+06   1.8000000e+01
   2.8646060e+06   1.8000000e+01
   2.8652310e+06   2.4000000e+01
   2.8654570e+06   1.8000000e+01
   2.8656600e+06   1.9000000e+01
   2.8658210e+06   2.3000000e+01
   2.8662730e+06   1.8000000e+01
   2.8664030e+06   1.8000000e+01
   2.8666350e+06   2.1000000e+01
   2.8668730e+06   2.2000000e+01
   2.9353630e+06   2.1000000e+01
   2.9355160e+06   1.8000000e+01
   2.9360830e+06   2.0000000e+01
   2.9361810e+06   2.1000000e+01
   2.9366500e+06   1.9000000e+01
   2.9367100e+06   1.8000000e+01
   2.9369090e+06   2.3000000e+01
   2.9874860e+06   1.8000000e+01
   2.9878860e+06   1.9000000e+01
   2.9894620e+06   2.2000000e+01
   2.9922500e+06   2.2000000e+01
   2.9927140e+06   2.0000000e+01
   2.9928610e+06   2.3000000e+01
   2.9931830e+06   1.8000000e+01
   2.9939730e+06   2.2000000e+01
   2.9941600e+06   1.9000000e+01
   2.9942170e+06   2.6000000e+01
   2.9943150e+06   1.8000000e+01
   2.9944110e+06   2.1000000e+01
   2.9944780e+06   2.1000000e+01
   2.9945330e+06   2.0000000e+01
   2.9947720e+06   2.4000000e+01
   2.9948010e+06   2.2000000e+01
   2.9948970e+06   1.9000000e+01
   2.9950140e+06   2.2000000e+01
   2.9950920e+06   2.0000000e+01
   2.9952220e+06   1.8000000e+01
   2.9953260e+06   2.0000000e+01
   2.9956650e+06   1.9000000e+01
   2.9957670e+06   2.3000000e+01
   2.9959650e+06   1.8000000e+01
   2.9960540e+06   1.9000000e+01
   2.9961040e+06   2.1000000e+01
   2.9962540e+06   2.1000000e+01
   2.9965460e+06   1.8000000e+01
   2.9985170e+06   1.9000000e+01
   2.9986830e+06   1.9000000e+01
   2.9998070e+06   1.9000000e+01
   3.1725690e+06   1.9000000e+01
   3.1728290e+06   1.9000000e+01
   3.1729130e+06   2.0000000e+01
   3.1729880e+06   1.8000000e+01
   3.1730410e+06   2.1000000e+01
   3.1732730e+06   2.2000000e+01
   3.1733100e+06   2.0000000e+01
   3.1734420e+06   1.8000000e+01
   3.1735950e+06   2.0000000e+01
   3.1737070e+06   1.8000000e+01
   3.1739250e+06   1.9000000e+01
   3.1739760e+06   2.5000000e+01
   3.1741430e+06   2.0000000e+01
   3.1744710e+06   2.0000000e+01
   3.1746080e+06   1.8000000e+01
   3.1748500e+06   2.0000000e+01
   3.1751950e+06   1.8000000e+01
   3.1752260e+06   1.9000000e+01
   3.1752740e+06   2.4000000e+01
   3.1753100e+06   2.2000000e+01
   3.1758770e+06   1.9000000e+01
   3.1761720e+06   2.2000000e+01
   3.1764100e+06   1.8000000e+01
   3.1764760e+06   2.0000000e+01
   3.1766950e+06   1.9000000e+01
   3.1799490e+06   1.8000000e+01
   3.1838040e+06   1.8000000e+01
   3.3853510e+06   2.1000000e+01
   3.3856940e+06   1.8000000e+01
   3.3857670e+06   1.8000000e+01
   3.3861510e+06   2.7000000e+01
   3.3861940e+06   2.3000000e+01
   3.3877180e+06   2.2000000e+01
   3.3879250e+06   1.8000000e+01
   3.3879880e+06   1.8000000e+01
   3.3880720e+06   1.8000000e+01
   3.3882360e+06   2.0000000e+01
   3.3882980e+06   2.4000000e+01
   3.3883300e+06   2.1000000e+01
   3.3883820e+06   1.8000000e+01
   3.3884600e+06   2.1000000e+01
   3.3885040e+06   3.0000000e+01
   3.3885570e+06   2.7000000e+01
   3.3887770e+06   2.3000000e+01
   3.3888910e+06   2.1000000e+01
   3.3889420e+06   1.8000000e+01
   3.3890090e+06   1.9000000e+01
   3.3890920e+06   2.0000000e+01
   3.3892380e+06   1.8000000e+01
   3.3892860e+06   2.0000000e+01
   3.3894240e+06   1.9000000e+01
   3.3894930e+06   1.8000000e+01
   3.3901300e+06   1.9000000e+01
   3.3904420e+06   1.9000000e+01
   3.3919600e+06   2.1000000e+01
   3.3921540e+06   2.0000000e+01
   3.3922010e+06   1.9000000e+01
   3.3922970e+06   2.6000000e+01
   3.3925710e+06   1.8000000e+01
   3.3927920e+06   1.8000000e+01
   3.3928600e+06   1.9000000e+01
   3.3931640e+06   2.0000000e+01
   3.3934740e+06   1.8000000e+01
   3.3935110e+06   2.1000000e+01
   3.4052510e+06   1.8000000e+01
   3.4058530e+06   1.8000000e+01
   3.4064150e+06   1.8000000e+01
   3.4078800e+06   1.8000000e+01
   3.4080000e+06   2.3000000e+01
   3.4080920e+06   1.9000000e+01
   3.4081320e+06   1.9000000e+01
   3.4082170e+06   1.8000000e+01
   3.4083380e+06   1.8000000e+01
   3.4084280e+06   2.0000000e+01
   3.4084780e+06   2.1000000e+01
   3.4085210e+06   1.8000000e+01
   3.4085950e+06   2.1000000e+01
   3.4086370e+06   2.3000000e+01
   3.4086960e+06   2.8000000e+01
   3.4087380e+06   1.8000000e+01
   3.4087990e+06   2.2000000e+01
   3.4088620e+06   2.3000000e+01
   3.4089590e+06   2.0000000e+01
   3.4092580e+06   2.1000000e+01
   3.4093170e+06   1.9000000e+01
   3.4094260e+06   1.9000000e+01
   3.4095030e+06   2.5000000e+01
   3.4096450e+06   2.0000000e+01
   3.4099390e+06   1.8000000e+01
   3.4099720e+06   1.9000000e+01
   3.4101870e+06   2.0000000e+01
   3.4102360e+06   2.0000000e+01
   3.4103730e+06   1.9000000e+01
   3.4104050e+06   2.0000000e+01
   3.4104730e+06   2.1000000e+01
   3.4105450e+06   2.2000000e+01
   3.4107790e+06   2.3000000e+01
   3.4108350e+06   2.1000000e+01
   3.4109290e+06   1.8000000e+01
   3.4109570e+06   2.9000000e+01
   3.4110040e+06   1.8000000e+01
   3.4112250e+06   1.8000000e+01
   3.4114850e+06   2.2000000e+01
   3.4119300e+06   2.1000000e+01
   3.4124490e+06   2.1000000e+01
   3.4129700e+06   1.8000000e+01
   3.4578840e+06   1.9000000e+01
   3.5025690e+06   1.9000000e+01
   3.5027830e+06   2.2000000e+01
   3.5032480e+06   1.9000000e+01
   3.5050290e+06   1.8000000e+01
   3.5050940e+06   2.5000000e+01
   3.5053020e+06   2.0000000e+01
   3.5054120e+06   2.0000000e+01
   3.5057290e+06   1.8000000e+01
   3.5059730e+06   2.0000000e+01
   3.5060310e+06   1.9000000e+01
   3.5065320e+06   2.2000000e+01
   3.5066850e+06   1.8000000e+01
   3.5068580e+06   1.8000000e+01
   3.5072370e+06   1.9000000e+01
   3.5073260e+06   2.0000000e+01
   3.5078410e+06   1.9000000e+01
   3.6370950e+06   1.8000000e+01
   3.6371970e+06   2.1000000e+01
   3.6372710e+06   1.8000000e+01
   3.6374730e+06   1.9000000e+01
   3.6377410e+06   1.8000000e+01
   3.6378240e+06   2.0000000e+01
   3.6378600e+06   2.2000000e+01
   3.6379180e+06   2.4000000e+01
   3.6379440e+06   1.9000000e+01
   3.6380470e+06   1.9000000e+01
   3.6381100e+06   2.1000000e+01
   3.6382790e+06   2.0000000e+01
   3.6383440e+06   1.9000000e+01
   3.6387830e+06   1.9000000e+01
   3.6388760e+06   1.8000000e+01
   3.6389500e+06   2.2000000e+01
   3.6390050e+06   2.3000000e+01
   3.6390470e+06   2.1000000e+01
   3.6391800e+06   1.9000000e+01
   3.6392500e+06   1.9000000e+01
   3.6397190e+06   2.0000000e+01
   3.6400070e+06   1.9000000e+01
   3.6402010e+06   1.9000000e+01
   3.6409960e+06   1.8000000e+01
   3.6415720e+06   1.8000000e+01
   3.6416960e+06   2.0000000e+01
   3.6419480e+06   2.2000000e+01
   3.6420180e+06   2.0000000e+01
   3.6421820e+06   1.9000000e+01
   3.6452690e+06   1.8000000e+01
   3.7158490e+06   2.3000000e+01
   3.7158920e+06   1.9000000e+01
   3.7160290e+06   2.4000000e+01
   3.7161300e+06   1.9000000e+01
   3.7162640e+06   2.1000000e+01
   3.7186840e+06   2.1000000e+01
   3.7208410e+06   2.1000000e+01
   3.7661390e+06   2.0000000e+01
   3.7672540e+06   1.8000000e+01
   3.7679550e+06   2.3000000e+01
   3.7689540e+06   2.5000000e+01
   3.7690530e+06   2.1000000e+01
   3.7691090e+06   2.0000000e+01
   3.7694710e+06   1.8000000e+01
   3.7695220e+06   1.8000000e+01
   3.7697800e+06   2.4000000e+01
   3.7698550e+06   2.8000000e+01
   3.7698940e+06   2.8000000e+01
   3.7699780e+06   1.9000000e+01
   3.7701950e+06   2.2000000e+01
   3.7702570e+06   1.8000000e+01
   3.7703360e+06   1.8000000e+01
   3.7704840e+06   1.8000000e+01
   3.7706850e+06   1.9000000e+01
   3.7711550e+06   1.9000000e+01
   3.8933500e+06   1.9000000e+01
   3.8933990e+06   1.8000000e+01
   3.8936890e+06   2.0000000e+01
   3.8953660e+06   2.1000000e+01
   3.8956570e+06   2.1000000e+01
   3.8956970e+06   2.0000000e+01
   3.8957760e+06   1.9000000e+01
   3.8958630e+06   1.8000000e+01
   3.8959300e+06   2.1000000e+01
   3.8959840e+06   1.8000000e+01
   3.8962310e+06   1.8000000e+01
   3.8963930e+06   1.9000000e+01
   3.8964970e+06   1.9000000e+01
   3.8965970e+06   1.9000000e+01
   3.8972070e+06   2.5000000e+01
   3.8996670e+06   2.2000000e+01
   4.0109330e+06   2.4000000e+01
   4.0116740e+06   2.2000000e+01
   4.0117740e+06   1.9000000e+01
   4.0120570e+06   2.0000000e+01
   4.0135660e+06   1.8000000e+01
   4.0136360e+06   2.0000000e+01
   4.0140140e+06   2.2000000e+01
   4.0141550e+06   2.1000000e+01
   4.0143440e+06   1.8000000e+01
   4.0145010e+06   1.9000000e+01
   4.0145380e+06   2.1000000e+01
   4.0150620e+06   1.9000000e+01
   4.0158810e+06   1.8000000e+01
   4.0166520e+06   2.0000000e+01
   4.0181730e+06   1.8000000e+01
   4.0235400e+06   1.8000000e+01
   4.0237080e+06   1.9000000e+01
   4.0249450e+06   2.0000000e+01
   4.0269790e+06   1.8000000e+01
   4.0270280e+06   2.1000000e+01
   4.0272970e+06   1.9000000e+01
   4.0290350e+06   1.8000000e+01
   4.1036200e+06   2.4000000e+01
   4.1043560e+06   2.0000000e+01
   4.1043820e+06   1.8000000e+01
   4.1045310e+06   2.9000000e+01
   4.1047100e+06   1.8000000e+01
   4.1048180e+06   2.3000000e+01
   4.1049420e+06   2.3000000e+01
   4.1055790e+06   1.9000000e+01
   4.1060480e+06   1.8000000e+01
   4.1691280e+06   1.8000000e+01
   4.1693410e+06   1.8000000e+01
   4.1696560e+06   2.7000000e+01
   4.1696870e+06   3.1000000e+01
   4.1698720e+06   1.8000000e+01
   4.1700030e+06   2.2000000e+01
   4.1700290e+06   2.7000000e+01
   4.1700850e+06   1.8000000e+01
   4.1703370e+06   1.8000000e+01
   4.1708680e+06   2.1000000e+01
   4.1791670e+06   2.4000000e+01
   4.1792200e+06   1.9000000e+01
   4.1794070e+06   2.0000000e+01
   4.1795240e+06   1.8000000e+01
   4.1795790e+06   1.9000000e+01
   4.1796570e+06   1.8000000e+01
   4.1797510e+06   2.4000000e+01
   4.1799100e+06   1.9000000e+01
   4.1799970e+06   2.6000000e+01
   4.1800300e+06   2.1000000e+01
   4.1801180e+06   3.1000000e+01
   4.1801760e+06   2.0000000e+01
   4.1802780e+06   2.6000000e+01
   4.1803520e+06   1.9000000e+01
   4.1805030e+06   1.8000000e+01
   4.1805580e+06   1.8000000e+01
   4.1806620e+06   1.9000000e+01
   4.1807580e+06   2.1000000e+01
   4.1808270e+06   2.1000000e+01
   4.1810930e+06   1.9000000e+01
   4.1812730e+06   1.8000000e+01
   4.1813490e+06   1.8000000e+01
   4.1817830e+06   1.8000000e+01
   4.1821740e+06   1.8000000e+01
   4.1822570e+06   2.1000000e+01
   4.1823870e+06   2.6000000e+01
   4.1824750e+06   2.0000000e+01
   4.1826830e+06   2.3000000e+01
   4.1827100e+06   2.2000000e+01
   4.1829250e+06   1.9000000e+01
   4.1833170e+06   2.1000000e+01
   4.1834840e+06   1.9000000e+01
   4.1835310e+06   1.8000000e+01
   4.1836630e+06   2.1000000e+01
   4.1837500e+06   2.2000000e+01
   4.1838220e+06   1.8000000e+01
   4.1839280e+06   2.0000000e+01
   4.1840950e+06   1.8000000e+01
   4.1842030e+06   2.3000000e+01
   4.1842360e+06   2.2000000e+01
   4.1844810e+06   2.0000000e+01
   4.1845770e+06   1.8000000e+01
   4.1846650e+06   1.9000000e+01
   4.1850050e+06   2.0000000e+01
   4.1851020e+06   2.8000000e+01
   4.1852120e+06   2.2000000e+01
   4.1854680e+06   2.0000000e+01
   4.1857110e+06   1.9000000e+01
   4.1860870e+06   1.9000000e+01
   4.1862720e+06   1.8000000e+01
   4.1865540e+06   2.3000000e+01
   4.1865920e+06   2.5000000e+01
   4.1868190e+06   2.0000000e+01
   4.1870780e+06   1.8000000e+01
   4.1871050e+06   2.0000000e+01
   4.1871700e+06   1.9000000e+01
   4.1873100e+06   1.9000000e+01
   4.1874730e+06   1.9000000e+01
   4.1875240e+06   1.9000000e+01
   4.1876320e+06   1.8000000e+01
   4.1878470e+06   1.9000000e+01
   4.1880700e+06   2.1000000e+01
   4.1882950e+06   2.3000000e+01
   4.1883270e+06   1.8000000e+01
   4.1884540e+06   2.1000000e+01
   4.1886020e+06   2.1000000e+01
   4.1887740e+06   1.8000000e+01
   4.1888760e+06   1.8000000e+01
   4.1889250e+06   2.3000000e+01
   4.1895240e+06   1.8000000e+01
   4.1896170e+06   1.9000000e+01
   4.1899120e+06   2.1000000e+01
   4.1902320e+06   1.9000000e+01
   4.1902940e+06   1.8000000e+01
   4.2034580e+06   2.0000000e+01
   4.3167120e+06   2.0000000e+01
   4.3177010e+06   2.0000000e+01
   4.3178100e+06   2.0000000e+01
   4.3179530e+06   2.2000000e+01
   4.3180770e+06   2.9000000e+01
   4.3181640e+06   2.6000000e+01
   4.3182630e+06   1.8000000e+01
   4.3183280e+06   3.0000000e+01
   4.3184060e+06   2.0000000e+01
   4.3185120e+06   1.8000000e+01
   4.3185670e+06   1.9000000e+01
   4.3186640e+06   3.3000000e+01
   4.3187200e+06   2.8000000e+01
   4.3188080e+06   2.3000000e+01
   4.3188390e+06   2.6000000e+01
   4.3190340e+06   2.2000000e+01
   4.3191540e+06   1.8000000e+01
   4.3194460e+06   2.0000000e+01
   4.3195340e+06   2.0000000e+01
   4.3196520e+06   1.9000000e+01
   4.3198470e+06   1.8000000e+01
   4.3200410e+06   1.9000000e+01
   4.3256120e+06   1.8000000e+01
   4.3258540e+06   1.9000000e+01
   4.3266470e+06   1.9000000e+01
   4.3269360e+06   1.8000000e+01
   4.3794270e+06   1.9000000e+01
   4.3812060e+06   2.0000000e+01
   4.3812410e+06   1.9000000e+01
   4.3821630e+06   1.9000000e+01
   4.3831660e+06   1.9000000e+01
   4.3840770e+06   1.8000000e+01
   4.4587230e+06   2.6000000e+01
   4.4587600e+06   1.9000000e+01
   4.4595240e+06   1.9000000e+01
   4.4595600e+06   1.9000000e+01
   4.4597540e+06   1.8000000e+01
   4.4598110e+06   1.9000000e+01
   4.4599410e+06   1.9000000e+01
   4.4603250e+06   1.8000000e+01
   4.4604920e+06   1.8000000e+01
   4.4605230e+06   2.1000000e+01
   4.4610050e+06   1.8000000e+01
   4.4621060e+06   2.0000000e+01
   4.4622680e+06   1.9000000e+01
   4.4631500e+06   1.8000000e+01
   4.4679320e+06   2.0000000e+01
   4.4684940e+06   2.0000000e+01
   4.4710060e+06   1.8000000e+01
   4.4717840e+06   2.2000000e+01
   4.4718580e+06   2.0000000e+01
   4.4719610e+06   3.9000000e+01
   4.4719910e+06   2.8000000e+01
   4.4720900e+06   2.1000000e+01
   4.4722980e+06   1.9000000e+01
   4.4723810e+06   3.2000000e+01
   4.4725460e+06   1.9000000e+01
   4.4726000e+06   1.9000000e+01
   4.4726800e+06   2.1000000e+01
   4.4727330e+06   1.8000000e+01
   4.4728410e+06   1.8000000e+01
   4.4729300e+06   2.4000000e+01
   4.4729570e+06   3.6000000e+01
   4.4730650e+06   1.8000000e+01
   4.4730940e+06   3.9000000e+01
   4.4731640e+06   2.0000000e+01
   4.4732460e+06   1.8000000e+01
   4.4733410e+06   2.0000000e+01
   4.4734760e+06   2.2000000e+01
   4.4736070e+06   2.5000000e+01
   4.4739020e+06   1.8000000e+01
   4.4739280e+06   2.4000000e+01
   4.4742190e+06   1.9000000e+01
   4.4744440e+06   2.0000000e+01
   4.4745180e+06   2.1000000e+01
   4.4760600e+06   2.5000000e+01
   4.4786790e+06   1.8000000e+01
   4.5699230e+06   2.2000000e+01
   4.5737900e+06   2.0000000e+01
   4.5739540e+06   1.8000000e+01
   4.5740490e+06   2.3000000e+01
   4.5741330e+06   1.8000000e+01
   4.5742930e+06   1.8000000e+01
   4.5745420e+06   2.0000000e+01
   4.5745840e+06   1.8000000e+01
   4.5746230e+06   1.9000000e+01
   4.5747640e+06   1.8000000e+01
   4.5747970e+06   2.2000000e+01
   4.5749230e+06   1.8000000e+01
   4.5750080e+06   2.2000000e+01
   4.5751430e+06   2.2000000e+01
   4.5752500e+06   1.9000000e+01
   4.5753560e+06   2.1000000e+01
   4.5754070e+06   1.8000000e+01
   4.5760910e+06   2.2000000e+01
   4.5762000e+06   1.9000000e+01
   4.5823700e+06   1.9000000e+01
   4.5828070e+06   2.1000000e+01
   4.6919110e+06   2.3000000e+01
   4.6923180e+06   2.0000000e+01
   4.6934630e+06   1.9000000e+01
   4.6936090e+06   2.1000000e+01
   4.6936930e+06   1.9000000e+01
   4.6937860e+06   1.9000000e+01
   4.6941080e+06   2.6000000e+01
   4.6942000e+06   2.6000000e+01
   4.6942830e+06   1.8000000e+01
   4.6944260e+06   2.2000000e+01
   4.6944990e+06   2.1000000e+01
   4.6945470e+06   2.4000000e+01
   4.6946080e+06   2.1000000e+01
   4.6946530e+06   1.9000000e+01
   4.6948660e+06   2.4000000e+01
   4.6949310e+06   2.1000000e+01
   4.6950560e+06   2.1000000e+01
   4.6954210e+06   1.8000000e+01
   4.6955000e+06   1.8000000e+01
   4.6955880e+06   2.1000000e+01
   4.6961750e+06   2.0000000e+01
   4.6999350e+06   1.8000000e+01
   4.7002630e+06   1.9000000e+01
   4.7010370e+06   1.8000000e+01
   4.7804700e+06   1.8000000e+01
   4.7814480e+06   2.4000000e+01
   4.7815630e+06   2.0000000e+01
   4.7816940e+06   1.8000000e+01
   4.7818460e+06   1.8000000e+01
   4.7819800e+06   1.9000000e+01
   4.7821160e+06   1.8000000e+01
   4.7822130e+06   1.9000000e+01
   4.7822480e+06   1.9000000e+01
   4.7823630e+06   2.0000000e+01
   4.7832760e+06   1.8000000e+01
   4.8700770e+06   2.0000000e+01
   4.8703310e+06   1.8000000e+01
   4.8704000e+06   1.9000000e+01
   4.8706760e+06   2.6000000e+01
   4.8707130e+06   2.6000000e+01
   4.8708100e+06   1.9000000e+01
   4.8708800e+06   1.8000000e+01
   4.8709420e+06   1.8000000e+01
   4.8710000e+06   1.9000000e+01
   4.8711230e+06   2.3000000e+01
   4.8711520e+06   2.1000000e+01
   4.8712390e+06   1.8000000e+01
   4.8713240e+06   2.2000000e+01
   4.8713760e+06   2.2000000e+01
   4.8715530e+06   2.6000000e+01
   4.8715900e+06   2.0000000e+01
   4.8720510e+06   1.8000000e+01
   4.8721730e+06   1.8000000e+01
   4.8726900e+06   1.9000000e+01
   4.8735180e+06   1.9000000e+01
   4.8757750e+06   1.8000000e+01
   4.8762720e+06   1.8000000e+01
   4.8765170e+06   1.9000000e+01
   4.8772170e+06   1.9000000e+01
   4.8772840e+06   1.9000000e+01
   4.8795190e+06   1.8000000e+01
   5.0281830e+06   2.5000000e+01
   5.0282530e+06   2.0000000e+01
   5.0283540e+06   1.9000000e+01
   5.0284170e+06   1.9000000e+01
   5.0285670e+06   1.8000000e+01
   5.0286520e+06   2.2000000e+01
   5.0287750e+06   2.0000000e+01
   5.0288450e+06   2.4000000e+01
   5.0290730e+06   1.8000000e+01
   5.0292770e+06   1.9000000e+01
   5.0294620e+06   1.8000000e+01
   5.0295060e+06   2.9000000e+01
   5.0295900e+06   2.1000000e+01
   5.0296500e+06   1.8000000e+01
   5.0298370e+06   1.9000000e+01
   5.0306540e+06   1.8000000e+01
   5.0321770e+06   2.0000000e+01
   5.0323430e+06   1.9000000e+01
   5.0324260e+06   2.2000000e+01
   5.0326790e+06   1.8000000e+01
   5.0329340e+06   2.2000000e+01
   5.0330630e+06   1.9000000e+01
   5.0336040e+06   2.0000000e+01
   5.0338060e+06   2.0000000e+01
   5.0338520e+06   1.9000000e+01
   5.0339460e+06   2.5000000e+01
   5.0342560e+06   1.8000000e+01
   5.0344950e+06   1.8000000e+01
   5.0347510e+06   2.0000000e+01
   5.0348470e+06   1.8000000e+01
   5.0349470e+06   1.8000000e+01
   5.0351310e+06   1.8000000e+01
   5.0352070e+06   1.8000000e+01
   5.0361080e+06   2.0000000e+01
   5.1078090e+06   1.9000000e+01
   5.1092710e+06   1.8000000e+01
   5.1095540e+06   2.2000000e+01
   5.1096100e+06   2.5000000e+01
   5.1097500e+06   2.2000000e+01
   5.1098200e+06   1.9000000e+01
   5.1099650e+06   1.8000000e+01
   5.1100280e+06   1.9000000e+01
   5.1101340e+06   2.3000000e+01
   5.1101960e+06   2.2000000e+01
   5.1102850e+06   2.1000000e+01
   5.1103460e+06   2.1000000e+01
   5.1103990e+06   2.1000000e+01
   5.1104950e+06   2.2000000e+01
   5.1106020e+06   1.8000000e+01
   5.1106760e+06   1.8000000e+01
   5.1107080e+06   1.9000000e+01
   5.1111390e+06   1.8000000e+01
   5.1112300e+06   2.0000000e+01
   5.1112630e+06   1.8000000e+01
   5.1115210e+06   2.0000000e+01
   5.1185740e+06   2.0000000e+01
   5.1186780e+06   1.8000000e+01
   5.1191770e+06   1.8000000e+01
   5.1200170e+06   1.8000000e+01
   5.1206090e+06   2.0000000e+01
   5.1208150e+06   2.0000000e+01
   5.1209040e+06   2.0000000e+01
   5.1213410e+06   1.9000000e+01
   5.1867990e+06   2.5000000e+01
   5.1870580e+06   2.0000000e+01
   5.1874240e+06   2.0000000e+01
   5.1888600e+06   2.0000000e+01
   5.1893790e+06   1.9000000e+01
   5.1901130e+06   1.8000000e+01
   5.2645310e+06   1.8000000e+01
   5.2649100e+06   2.5000000e+01
   5.2650140e+06   1.8000000e+01
   5.2651520e+06   2.4000000e+01
   5.2653900e+06   2.0000000e+01
   5.2654950e+06   2.0000000e+01
   5.2655530e+06   1.8000000e+01
   5.2664650e+06   1.8000000e+01
   5.2704230e+06   1.9000000e+01
   5.2711210e+06   2.0000000e+01
   5.2747340e+06   1.9000000e+01
   5.2760480e+06   2.3000000e+01
   5.2762800e+06   2.1000000e+01
   5.2763700e+06   2.1000000e+01
   5.2764550e+06   2.2000000e+01
   5.2765500e+06   2.1000000e+01
   5.2766530e+06   2.2000000e+01
   5.2767000e+06   2.3000000e+01
   5.2769000e+06   1.9000000e+01
   5.3216550e+06   1.9000000e+01
   5.3225750e+06   2.6000000e+01
   5.3228340e+06   1.8000000e+01
   5.3229180e+06   1.8000000e+01
   5.3230700e+06   2.1000000e+01
   5.3231140e+06   1.9000000e+01
   5.3231760e+06   2.0000000e+01
   5.3233190e+06   1.9000000e+01
   5.3234730e+06   1.8000000e+01
   5.3235830e+06   2.0000000e+01
   5.3237520e+06   1.8000000e+01
   5.3238530e+06   2.0000000e+01
   5.3238990e+06   1.9000000e+01
   5.3240170e+06   2.3000000e+01
   5.3241690e+06   1.9000000e+01
   5.3242350e+06   2.3000000e+01
   5.3242960e+06   2.2000000e+01
   5.3243620e+06   2.3000000e+01
   5.3244060e+06   1.8000000e+01
   5.3244990e+06   1.9000000e+01
   5.3245280e+06   1.8000000e+01
   5.3246010e+06   1.8000000e+01
   5.3247120e+06   1.8000000e+01
   5.3248930e+06   1.8000000e+01
   5.3249300e+06   1.8000000e+01
   5.3253030e+06   1.8000000e+01
   5.3255790e+06   1.8000000e+01
   5.3258900e+06   1.8000000e+01
   5.3279880e+06   1.9000000e+01
   5.3321440e+06   1.8000000e+01
   5.3334880e+06   2.4000000e+01
   5.3335270e+06   1.8000000e+01
   5.3336690e+06   1.8000000e+01
   5.3337800e+06   1.9000000e+01
   5.3339250e+06   2.1000000e+01
   5.3339730e+06   2.4000000e+01
   5.3340770e+06   1.8000000e+01
   5.3341600e+06   4.0000000e+01
   5.3341880e+06   3.0000000e+01
   5.3343080e+06   2.1000000e+01
   5.3343900e+06   3.7000000e+01
   5.3344230e+06   2.6000000e+01
   5.3345130e+06   3.0000000e+01
   5.3345740e+06   2.2000000e+01
   5.3346610e+06   3.9000000e+01
   5.3346870e+06   3.8000000e+01
   5.3347730e+06   1.9000000e+01
   5.3348780e+06   2.5000000e+01
   5.3350110e+06   1.9000000e+01
   5.3353950e+06   1.8000000e+01
   5.3354650e+06   2.1000000e+01
   5.3355270e+06   2.1000000e+01
   5.3356150e+06   1.8000000e+01
   5.3357290e+06   1.9000000e+01
   5.3357960e+06   2.3000000e+01
   5.3358650e+06   2.1000000e+01
   5.3359950e+06   2.1000000e+01
   5.3360870e+06   1.9000000e+01
   5.3361370e+06   2.7000000e+01
   5.3362400e+06   1.9000000e+01
   5.3363230e+06   2.4000000e+01
   5.3363810e+06   2.2000000e+01
   5.3365180e+06   2.1000000e+01
   5.3370510e+06   1.8000000e+01
   5.3372020e+06   1.8000000e+01
   5.3372380e+06   2.4000000e+01
   5.3374230e+06   2.1000000e+01
   5.3378480e+06   1.9000000e+01
   5.3378820e+06   2.1000000e+01
   5.3383270e+06   1.9000000e+01
   5.3384580e+06   1.8000000e+01
   5.3387940e+06   2.2000000e+01
   5.3392300e+06   2.1000000e+01
   5.3392550e+06   2.1000000e+01
   5.3394550e+06   1.9000000e+01
   5.3394860e+06   2.1000000e+01
   5.3396340e+06   2.0000000e+01
   5.3399930e+06   2.4000000e+01
   5.3402600e+06   1.9000000e+01
   5.3405270e+06   1.9000000e+01
   5.3406330e+06   1.9000000e+01
   5.3407130e+06   2.3000000e+01
   5.3408080e+06   1.9000000e+01
   5.3409310e+06   2.0000000e+01
   5.3412510e+06   1.9000000e+01
   5.3415200e+06   1.9000000e+01
   5.3415610e+06   1.9000000e+01
   5.3416430e+06   2.1000000e+01
   5.3419200e+06   1.8000000e+01
   5.3420570e+06   1.8000000e+01
   5.3421450e+06   1.9000000e+01
   5.3423090e+06   2.0000000e+01
   5.3431560e+06   1.8000000e+01
   5.3438150e+06   2.0000000e+01
   5.3438950e+06   2.1000000e+01
   5.3440550e+06   1.8000000e+01
   5.3442360e+06   2.2000000e+01
   5.3443010e+06   2.0000000e+01
   5.3444740e+06   1.8000000e+01
   5.3445620e+06   1.9000000e+01
   5.3447070e+06   1.9000000e+01
   5.3449060e+06   2.1000000e+01
   5.3449320e+06   2.1000000e+01
   5.3450300e+06   1.9000000e+01
   5.3451770e+06   1.8000000e+01
   5.3453230e+06   1.9000000e+01
   5.3454510e+06   2.2000000e+01
   5.3455800e+06   1.8000000e+01
   5.3457750e+06   2.0000000e+01
   5.3458990e+06   1.8000000e+01
   5.3460010e+06   1.9000000e+01
   5.3460480e+06   2.6000000e+01
   5.3462620e+06   2.5000000e+01
   5.3463900e+06   1.9000000e+01
   5.3464190e+06   3.5000000e+01
   5.3465130e+06   2.1000000e+01
   5.3465640e+06   1.8000000e+01
   5.3468150e+06   1.8000000e+01
   5.3469940e+06   2.5000000e+01
   5.3470770e+06   2.0000000e+01
   5.3471540e+06   2.2000000e+01
   5.3474980e+06   1.9000000e+01
   5.3475730e+06   1.9000000e+01
   5.3476400e+06   2.8000000e+01
   5.3477000e+06   2.0000000e+01
   5.3477850e+06   1.9000000e+01
   5.3478320e+06   2.7000000e+01
   5.3478590e+06   2.3000000e+01
   5.3479120e+06   2.0000000e+01
   5.3480240e+06   2.3000000e+01
   5.3481330e+06   2.3000000e+01
   5.3482590e+06   2.0000000e+01
   5.3483110e+06   2.5000000e+01
   5.3483540e+06   2.0000000e+01
   5.3484290e+06   2.0000000e+01
   5.3485910e+06   1.8000000e+01
   5.3487520e+06   3.2000000e+01
   5.3487830e+06   2.8000000e+01
   5.3490680e+06   2.3000000e+01
   5.3491090e+06   2.3000000e+01
   5.3492430e+06   1.9000000e+01
   5.3493120e+06   2.0000000e+01
   5.3494350e+06   2.2000000e+01
   5.3496690e+06   2.4000000e+01
   5.3497030e+06   2.0000000e+01
   5.3497730e+06   2.2000000e+01
   5.3498100e+06   2.2000000e+01
   5.3499190e+06   2.2000000e+01
   5.3499520e+06   1.9000000e+01
   5.3502420e+06   1.9000000e+01
   5.3502880e+06   2.2000000e+01
   5.3504140e+06   2.2000000e+01
   5.3504850e+06   1.8000000e+01
   5.3505950e+06   2.3000000e+01
   5.3508090e+06   1.8000000e+01
   5.3511360e+06   2.0000000e+01
   5.3514020e+06   1.8000000e+01
   5.3515270e+06   2.1000000e+01
   5.3517640e+06   2.0000000e+01
   5.3518330e+06   1.8000000e+01
   5.3521540e+06   2.5000000e+01
   5.3523100e+06   1.8000000e+01
   5.3524050e+06   2.3000000e+01
   5.6628790e+06   1.9000000e+01
   5.6647670e+06   1.9000000e+01
   5.6685670e+06   2.3000000e+01
   5.6689180e+06   1.8000000e+01
   5.7645880e+06   1.9000000e+01
   5.8086490e+06   1.8000000e+01
   5.8092120e+06   1.9000000e+01
   5.8092780e+06   1.9000000e+01
   5.8095380e+06   1.8000000e+01
   5.8095710e+06   2.7000000e+01
   5.8104180e+06   1.8000000e+01
   5.8112190e+06   1.9000000e+01
   5.8143580e+06   2.1000000e+01
   5.8149510e+06   1.8000000e+01
   5.8151240e+06   1.8000000e+01
   5.8156640e+06   1.8000000e+01
   5.9531360e+06   1.9000000e+01
   5.9537570e+06   1.8000000e+01
   5.9539860e+06   2.2000000e+01
   5.9540470e+06   2.2000000e+01
   5.9553810e+06   2.0000000e+01
   5.9555040e+06   1.8000000e+01
   5.9556540e+06   2.0000000e+01
   5.9557290e+06   1.8000000e+01
   5.9558720e+06   1.9000000e+01
   5.9559120e+06   2.2000000e+01
   5.9560070e+06   2.0000000e+01
   5.9560950e+06   2.1000000e+01
   5.9561550e+06   1.9000000e+01
   5.9565590e+06   1.9000000e+01
   5.9565970e+06   2.1000000e+01
   5.9566980e+06   1.9000000e+01
   5.9568270e+06   2.0000000e+01
   5.9569660e+06   1.9000000e+01
   5.9576040e+06   1.8000000e+01
   5.9579620e+06   2.0000000e+01
   5.9579940e+06   1.8000000e+01
   5.9622880e+06   1.8000000e+01
   5.9624000e+06   2.1000000e+01
   5.9624620e+06   1.9000000e+01
   5.9625650e+06   2.0000000e+01
   5.9627260e+06   2.0000000e+01
   5.9630520e+06   2.2000000e+01
   5.9632270e+06   1.9000000e+01
   5.9632700e+06   2.9000000e+01
   5.9633790e+06   2.5000000e+01
   5.9637020e+06   1.9000000e+01
   5.9639110e+06   1.8000000e+01
   5.9640180e+06   1.8000000e+01
   5.9641280e+06   1.8000000e+01
   5.9644560e+06   2.0000000e+01
   5.9667730e+06   1.8000000e+01
   6.0468980e+06   1.9000000e+01
   6.0473420e+06   1.9000000e+01
   6.0473850e+06   2.3000000e+01
   6.0475400e+06   1.8000000e+01
   6.0480220e+06   2.0000000e+01
   6.0481150e+06   1.9000000e+01
   6.0482130e+06   1.8000000e+01
   6.0482580e+06   1.8000000e+01
   6.0484170e+06   1.8000000e+01
   6.0484420e+06   2.0000000e+01
   6.0485270e+06   1.8000000e+01
   6.0485560e+06   1.9000000e+01
   6.0487050e+06   1.9000000e+01
   6.0488010e+06   1.8000000e+01
   6.0491430e+06   2.3000000e+01
   6.1256380e+06   2.2000000e+01
   6.1261040e+06   2.0000000e+01
   6.1264650e+06   2.7000000e+01
   6.1265050e+06   1.9000000e+01
   6.1265540e+06   1.8000000e+01
   6.1266520e+06   2.3000000e+01
   6.1267110e+06   1.8000000e+01
   6.1269520e+06   1.8000000e+01
   6.1270500e+06   1.9000000e+01
   6.1271710e+06   1.8000000e+01
   6.1272680e+06   1.8000000e+01
   6.1273320e+06   1.8000000e+01
   6.1307850e+06   2.2000000e+01
   6.1310680e+06   1.8000000e+01
   6.1314060e+06   1.8000000e+01
   6.1315290e+06   2.2000000e+01
   6.1338660e+06   1.9000000e+01
   6.1339220e+06   1.8000000e+01
   6.1340500e+06   2.3000000e+01
   6.1349140e+06   2.2000000e+01
   6.1360700e+06   1.8000000e+01
   6.1364960e+06   1.8000000e+01
   6.1366170e+06   1.8000000e+01
   6.1367080e+06   1.9000000e+01
   6.1374590e+06   1.8000000e+01
   6.1388660e+06   1.8000000e+01
   6.1394140e+06   1.8000000e+01
   6.1397890e+06   1.8000000e+01
   6.1402370e+06   2.3000000e+01
   6.1405320e+06   3.1000000e+01
   6.1406110e+06   1.8000000e+01
   6.1407520e+06   1.8000000e+01
   6.1408850e+06   2.0000000e+01
   6.1409300e+06   2.1000000e+01
   6.1410230e+06   2.2000000e+01
   6.1412060e+06   1.8000000e+01
   6.1412470e+06   2.0000000e+01
   6.1413320e+06   1.8000000e+01
   6.1414690e+06   2.0000000e+01
   6.1415190e+06   2.6000000e+01
   6.1416120e+06   2.2000000e+01
   6.1418590e+06   1.8000000e+01
   6.1421600e+06   1.8000000e+01
   6.1423540e+06   2.8000000e+01
   6.1423870e+06   2.3000000e+01
   6.2232540e+06   2.2000000e+01
   6.2250140e+06   2.1000000e+01
   6.2250550e+06   1.9000000e+01
   6.2251150e+06   2.1000000e+01
   6.2253310e+06   1.8000000e+01
   6.2256550e+06   1.8000000e+01
   6.2258430e+06   1.8000000e+01
   6.2258730e+06   2.2000000e+01
   6.2281400e+06   1.8000000e+01
   6.2303080e+06   2.4000000e+01
   6.2338530e+06   1.8000000e+01
   6.2339270e+06   2.2000000e+01
   6.2340140e+06   2.5000000e+01
   6.2340390e+06   1.8000000e+01
   6.2340960e+06   2.8000000e+01
   6.2342080e+06   1.8000000e+01
   6.2342930e+06   3.8000000e+01
   6.2343210e+06   2.5000000e+01
   6.2344570e+06   1.9000000e+01
   6.2345530e+06   2.7000000e+01
   6.2346060e+06   2.0000000e+01
   6.2346990e+06   2.7000000e+01
   6.2347520e+06   1.9000000e+01
   6.2348270e+06   3.4000000e+01
   6.2348590e+06   3.2000000e+01
   6.2350290e+06   1.9000000e+01
   6.2351750e+06   1.9000000e+01
   6.2353210e+06   1.8000000e+01
   6.3421490e+06   2.1000000e+01
   6.3423890e+06   2.0000000e+01
   6.3425560e+06   1.9000000e+01
   6.3431860e+06   2.1000000e+01
   6.3443500e+06   1.8000000e+01
   6.3443750e+06   2.8000000e+01
   6.3447820e+06   1.8000000e+01
   6.3449120e+06   2.0000000e+01
   6.3450440e+06   1.9000000e+01
   6.3450790e+06   2.0000000e+01
   6.3453010e+06   2.4000000e+01
   6.3453420e+06   1.9000000e+01
   6.3455700e+06   2.0000000e+01
   6.3457220e+06   1.9000000e+01
   6.3458920e+06   1.9000000e+01
   6.3468190e+06   1.9000000e+01
   6.3468760e+06   2.0000000e+01
   6.3471560e+06   1.8000000e+01
   6.3473470e+06   1.8000000e+01
   6.3474150e+06   1.8000000e+01
   6.4323240e+06   2.1000000e+01
   6.4325270e+06   1.8000000e+01
   6.4326420e+06   2.2000000e+01
   6.4327050e+06   1.8000000e+01
   6.4327370e+06   1.9000000e+01
   6.4328120e+06   1.9000000e+01
   6.4328680e+06   2.4000000e+01
   6.4328940e+06   2.3000000e+01
   6.4330200e+06   1.8000000e+01
   6.4330490e+06   2.2000000e+01
   6.4331160e+06   2.0000000e+01
   6.4333020e+06   2.0000000e+01
   6.4333390e+06   1.8000000e+01
   6.4336090e+06   1.9000000e+01
   6.4338090e+06   1.9000000e+01
   6.4339430e+06   1.9000000e+01
   6.4341900e+06   2.1000000e+01
   6.4348120e+06   1.9000000e+01
   6.4352760e+06   2.2000000e+01
   6.4354750e+06   2.2000000e+01
   6.4357930e+06   1.9000000e+01
   6.4358470e+06   2.3000000e+01
   6.4360200e+06   1.9000000e+01
   6.4361830e+06   1.8000000e+01
   6.4362430e+06   2.2000000e+01
   6.4363360e+06   2.3000000e+01
   6.4364230e+06   1.9000000e+01
   6.4365420e+06   1.9000000e+01
   6.4367280e+06   2.1000000e+01
   6.4371540e+06   1.8000000e+01
   6.4374500e+06   1.9000000e+01
   6.4381190e+06   1.9000000e+01
   6.4384780e+06   1.9000000e+01
   6.4631450e+06   1.8000000e+01
   6.4635040e+06   1.8000000e+01
   6.4636460e+06   1.9000000e+01
   6.4637000e+06   1.9000000e+01
   6.4639110e+06   1.8000000e+01
   6.4639650e+06   2.5000000e+01
   6.4640470e+06   2.1000000e+01
   6.5037940e+06   2.0000000e+01
   6.5044970e+06   1.9000000e+01
   6.5045840e+06   2.4000000e+01
   6.5051420e+06   2.1000000e+01
   6.5051710e+06   2.6000000e+01
   6.5052820e+06   1.8000000e+01
   6.5054540e+06   1.8000000e+01
   6.5054850e+06   3.4000000e+01
   6.5055750e+06   2.0000000e+01
   6.5056360e+06   1.8000000e+01
   6.5057600e+06   1.8000000e+01
   6.5060220e+06   1.9000000e+01
   6.5061280e+06   2.0000000e+01
   6.5064190e+06   1.8000000e+01
   6.5065510e+06   2.1000000e+01
   6.5068950e+06   1.8000000e+01
   6.5069710e+06   1.9000000e+01
   6.5070230e+06   1.9000000e+01
   6.5073510e+06   1.9000000e+01
   6.5079790e+06   2.0000000e+01
   6.5082220e+06   1.8000000e+01
   6.5083270e+06   1.8000000e+01
   6.5125390e+06   2.2000000e+01
   6.5144950e+06   2.1000000e+01
   6.5784190e+06   1.8000000e+01
   6.5787630e+06   1.8000000e+01
   6.5789190e+06   1.8000000e+01
   6.5789710e+06   1.8000000e+01
   6.5796470e+06   1.8000000e+01
   6.5797420e+06   2.3000000e+01
   6.5800720e+06   1.9000000e+01
   6.5804500e+06   1.8000000e+01
   6.5807120e+06   1.9000000e+01
   6.5807790e+06   2.1000000e+01
   6.5810060e+06   1.8000000e+01
   6.5810320e+06   1.9000000e+01
   6.5811540e+06   1.8000000e+01
   6.5812480e+06   1.9000000e+01
   6.5813750e+06   1.8000000e+01
   6.5816200e+06   1.8000000e+01
   6.5817410e+06   1.8000000e+01
   6.5864580e+06   2.1000000e+01
   6.5865970e+06   1.9000000e+01
   6.5893590e+06   1.9000000e+01
   6.5895380e+06   2.0000000e+01
   6.5896490e+06   1.9000000e+01
   6.5897310e+06   2.0000000e+01
   6.5898570e+06   2.2000000e+01
   6.5899510e+06   1.8000000e+01
   6.5900870e+06   2.2000000e+01
   6.5901170e+06   3.8000000e+01
   6.5902210e+06   2.3000000e+01
   6.5902520e+06   3.7000000e+01
   6.5903440e+06   2.1000000e+01
   6.5904440e+06   2.5000000e+01
   6.5904970e+06   2.3000000e+01
   6.5905900e+06   3.5000000e+01
   6.5906360e+06   1.8000000e+01
   6.5907250e+06   3.3000000e+01
   6.5909080e+06   3.5000000e+01
   6.5910080e+06   2.5000000e+01
   6.5911730e+06   2.1000000e+01
   6.5912030e+06   1.9000000e+01
   6.5913260e+06   2.0000000e+01
   6.5917920e+06   1.8000000e+01
   6.6700220e+06   1.9000000e+01
   6.6700600e+06   2.3000000e+01
   6.6703700e+06   2.4000000e+01
   6.6710180e+06   2.2000000e+01
   6.6710590e+06   1.8000000e+01
   6.6720450e+06   1.8000000e+01
   6.6730860e+06   1.9000000e+01
   6.6731110e+06   1.8000000e+01
   6.6731470e+06   1.9000000e+01
   6.6732280e+06   2.2000000e+01
   6.6733690e+06   1.8000000e+01
   6.6734580e+06   1.9000000e+01
   6.6735340e+06   2.2000000e+01
   6.6735640e+06   1.8000000e+01
   6.6736830e+06   2.1000000e+01
   6.6737110e+06   2.5000000e+01
   6.6739390e+06   2.0000000e+01
   6.6741010e+06   2.0000000e+01
   6.7289900e+06   2.4000000e+01
   6.7296350e+06   2.0000000e+01
   6.7297210e+06   1.9000000e+01
   6.7297570e+06   2.0000000e+01
   6.7298720e+06   2.2000000e+01
   6.7299340e+06   2.0000000e+01
   6.7300490e+06   2.0000000e+01
   6.7302620e+06   2.0000000e+01
   6.7303360e+06   2.2000000e+01
   6.7303770e+06   2.3000000e+01
   6.7305210e+06   2.2000000e+01
   6.7305500e+06   2.0000000e+01
   6.7306310e+06   1.9000000e+01
   6.7309960e+06   2.0000000e+01
   6.7312030e+06   2.1000000e+01
   6.7312730e+06   2.0000000e+01
   6.7314400e+06   1.8000000e+01
   6.7317690e+06   2.1000000e+01
   6.7317960e+06   1.9000000e+01
   6.7319040e+06   2.0000000e+01
   6.7319610e+06   1.9000000e+01
   6.7319950e+06   1.8000000e+01
   6.7321750e+06   1.8000000e+01
   6.7323080e+06   1.9000000e+01
   6.7323400e+06   2.1000000e+01
   6.7324050e+06   1.8000000e+01
   6.7325650e+06   2.4000000e+01
   6.7326980e+06   2.2000000e+01
   6.7327660e+06   2.0000000e+01
   6.7328200e+06   2.1000000e+01
   6.7329110e+06   1.8000000e+01
   6.7329400e+06   2.0000000e+01
   6.7330160e+06   2.1000000e+01
   6.7377170e+06   1.9000000e+01
   6.7377700e+06   1.9000000e+01
   6.7379320e+06   1.8000000e+01
   6.7380480e+06   1.8000000e+01
   6.7382500e+06   1.8000000e+01
   6.7447410e+06   2.0000000e+01
   6.8607560e+06   1.8000000e+01
   6.8609640e+06   1.8000000e+01
   6.8624990e+06   1.8000000e+01
   6.8627900e+06   1.9000000e+01
   6.8628580e+06   1.9000000e+01
   6.8630270e+06   1.9000000e+01
   6.8630660e+06   2.0000000e+01
   6.8631190e+06   2.2000000e+01
   6.8632050e+06   2.4000000e+01
   6.8632830e+06   2.5000000e+01
   6.8633200e+06   3.1000000e+01
   6.8633700e+06   2.2000000e+01
   6.8636080e+06   2.1000000e+01
   6.8639700e+06   2.2000000e+01
   6.8640100e+06   1.9000000e+01
   6.8641750e+06   1.8000000e+01
   6.8643670e+06   2.1000000e+01
   6.8644780e+06   2.0000000e+01
   6.8647700e+06   1.9000000e+01
   6.8648520e+06   1.9000000e+01
   6.8650490e+06   1.8000000e+01
   6.8651240e+06   2.1000000e+01
   6.8653210e+06   1.8000000e+01
   6.8654120e+06   2.0000000e+01
   6.8657540e+06   2.1000000e+01
   6.8661680e+06   1.8000000e+01
   6.8665080e+06   1.9000000e+01
   6.8677580e+06   1.9000000e+01
   6.8722390e+06   1.8000000e+01
   6.8722910e+06   1.9000000e+01
   6.8732320e+06   1.8000000e+01
   6.8735630e+06   2.0000000e+01
   6.8736860e+06   2.0000000e+01
   6.8738980e+06   2.1000000e+01
   6.8739290e+06   2.1000000e+01
   6.8740860e+06   2.2000000e+01
   6.9046680e+06   2.1000000e+01
   6.9917990e+06   1.9000000e+01
   6.9926560e+06   2.2000000e+01
   6.9927520e+06   2.1000000e+01
   6.9927840e+06   2.1000000e+01
   6.9929030e+06   1.8000000e+01
   6.9931550e+06   1.8000000e+01
   6.9934170e+06   1.9000000e+01
   6.9935900e+06   1.8000000e+01
   6.9943550e+06   1.8000000e+01
   6.9953650e+06   1.9000000e+01
   6.9955900e+06   1.8000000e+01
   6.9960780e+06   2.0000000e+01
   6.9962540e+06   1.9000000e+01
   6.9962840e+06   1.8000000e+01
   6.9963780e+06   2.3000000e+01
   6.9971210e+06   2.0000000e+01
   6.9972800e+06   2.2000000e+01
   6.9974070e+06   1.8000000e+01
   6.9989470e+06   1.8000000e+01
   7.1058610e+06   2.1000000e+01
   7.1065650e+06   2.1000000e+01
   7.1067180e+06   2.3000000e+01
   7.1067640e+06   2.6000000e+01
   7.1067970e+06   1.8000000e+01
   7.1069540e+06   2.0000000e+01
   7.1069990e+06   2.2000000e+01
   7.1070930e+06   2.3000000e+01
   7.1072400e+06   1.8000000e+01
   7.1073010e+06   2.0000000e+01
   7.1075760e+06   1.8000000e+01
   7.1076420e+06   2.5000000e+01
   7.1078120e+06   2.0000000e+01
   7.1079040e+06   2.1000000e+01
   7.1080770e+06   2.3000000e+01
   7.1081060e+06   1.9000000e+01
   7.1081420e+06   1.9000000e+01
   7.1082180e+06   1.8000000e+01
   7.1082960e+06   2.5000000e+01
   7.1084650e+06   2.1000000e+01
   7.1085120e+06   1.8000000e+01
   7.1086380e+06   2.0000000e+01
   7.1087050e+06   2.3000000e+01
   7.1087320e+06   2.5000000e+01
   7.1088290e+06   1.8000000e+01
   7.1096440e+06   1.8000000e+01
   7.2042910e+06   2.1000000e+01
   7.2046260e+06   2.0000000e+01
   7.2047240e+06   2.3000000e+01
   7.2048050e+06   2.3000000e+01
   7.2049110e+06   2.4000000e+01
   7.2049410e+06   2.9000000e+01
   7.2050250e+06   2.2000000e+01
   7.2051100e+06   2.2000000e+01
   7.2051770e+06   2.9000000e+01
   7.2052740e+06   2.3000000e+01
   7.2054080e+06   1.9000000e+01
   7.2055050e+06   3.3000000e+01
   7.2055350e+06   1.9000000e+01
   7.2055670e+06   2.1000000e+01
   7.2056510e+06   2.0000000e+01
   7.2056810e+06   1.8000000e+01
   7.2057620e+06   1.9000000e+01
   7.2057910e+06   1.9000000e+01
   7.2059170e+06   2.4000000e+01
   7.2060630e+06   1.9000000e+01
   7.2061330e+06   2.0000000e+01
   7.2062090e+06   1.8000000e+01
   7.2062750e+06   2.2000000e+01
   7.2067550e+06   1.8000000e+01
   7.2070230e+06   1.8000000e+01
   7.2072440e+06   1.9000000e+01
   7.2073740e+06   1.9000000e+01
   7.2075320e+06   2.2000000e+01
   7.2080830e+06   2.0000000e+01
   7.2081210e+06   2.0000000e+01
   7.2082000e+06   1.8000000e+01
   7.2089870e+06   1.8000000e+01
   7.2094040e+06   1.9000000e+01
   7.2100950e+06   1.8000000e+01
   7.2101910e+06   1.8000000e+01
   7.2110470e+06   1.9000000e+01
   7.2117180e+06   1.8000000e+01
   7.2117470e+06   2.0000000e+01
   7.2118460e+06   1.9000000e+01
   7.2118770e+06   2.4000000e+01
   7.2119940e+06   2.2000000e+01
   7.2121560e+06   1.8000000e+01
   7.2123200e+06   1.8000000e+01
   7.2124410e+06   2.1000000e+01
   7.2125180e+06   1.8000000e+01
   7.2130090e+06   1.9000000e+01
   7.2995460e+06   2.0000000e+01
   7.2998660e+06   1.8000000e+01
   7.2999560e+06   1.9000000e+01
   7.3003000e+06   1.9000000e+01
   7.3007850e+06   2.1000000e+01
   7.3010660e+06   2.2000000e+01
   7.3011380e+06   1.9000000e+01
   7.3012330e+06   2.0000000e+01
   7.3013920e+06   2.3000000e+01
   7.3014510e+06   1.9000000e+01
   7.3015650e+06   2.0000000e+01
   7.3017240e+06   1.9000000e+01
   7.3019730e+06   2.1000000e+01
   7.3020000e+06   2.3000000e+01
   7.3023660e+06   1.8000000e+01
   7.3026380e+06   1.8000000e+01
   7.3029330e+06   2.3000000e+01
   7.3031330e+06   1.9000000e+01
   7.3031630e+06   2.0000000e+01
   7.3033980e+06   2.2000000e+01
   7.3034300e+06   1.8000000e+01
   7.3035140e+06   1.9000000e+01
   7.3035580e+06   2.3000000e+01
   7.3037090e+06   1.8000000e+01
   7.3037610e+06   1.9000000e+01
   7.3038350e+06   2.1000000e+01
   7.3040220e+06   2.2000000e+01
   7.3041360e+06   2.2000000e+01
   7.3041770e+06   2.0000000e+01
   7.3043430e+06   2.2000000e+01
   7.3045480e+06   1.8000000e+01
   7.3047380e+06   2.4000000e+01
   7.3050260e+06   1.9000000e+01
   7.3917650e+06   2.6000000e+01
   7.4588410e+06   2.0000000e+01
   7.4589100e+06   1.9000000e+01
   7.4590060e+06   1.8000000e+01
   7.4590520e+06   2.2000000e+01
   7.4591160e+06   2.0000000e+01
   7.4592480e+06   2.2000000e+01
   7.4593130e+06   2.5000000e+01
   7.4593580e+06   2.2000000e+01
   7.4594430e+06   2.0000000e+01
   7.4595170e+06   2.7000000e+01
   7.4596180e+06   1.9000000e+01
   7.4598520e+06   2.3000000e+01
   7.4598810e+06   2.3000000e+01
   7.4599720e+06   2.4000000e+01
   7.4600430e+06   2.1000000e+01
   7.4603080e+06   2.0000000e+01
   7.4604960e+06   1.8000000e+01
   7.4606660e+06   2.0000000e+01
   7.4608510e+06   1.9000000e+01
   7.4672500e+06   1.8000000e+01
   7.4690220e+06   2.1000000e+01
   7.4697590e+06   2.3000000e+01
   7.4702810e+06   1.8000000e+01
   7.4709580e+06   1.9000000e+01
   7.4711020e+06   2.2000000e+01
   7.4711670e+06   1.8000000e+01
   7.4713020e+06   1.9000000e+01
   7.4714650e+06   1.9000000e+01
   7.4715500e+06   1.8000000e+01
   7.4716450e+06   2.3000000e+01
   7.4717210e+06   2.0000000e+01
   7.4719300e+06   1.8000000e+01
   7.4720120e+06   2.0000000e+01
   7.4720580e+06   1.9000000e+01
   7.4722280e+06   1.8000000e+01
   7.4723030e+06   2.6000000e+01
   7.4723510e+06   2.0000000e+01
   7.4724700e+06   2.2000000e+01
   7.4725020e+06   1.8000000e+01
