   7.5000000e+06   0.0000000e+00
   3.2240200e+05   1.3000000e+01
   3.2247500e+05   1.3000000e+01
   7.4690900e+05   1.3000000e+01
   1.3912690e+06   1.5000000e+01
   1.4032840e+06   1.4000000e+01
   1.7044850e+06   1.4000000e+01
   1.7045190e+06   1.3000000e+01
   1.7046660e+06   1.3000000e+01
   1.7055300e+06   1.4000000e+01
   1.7056400e+06   1.7000000e+01
   1.7057380e+06   1.3000000e+01
   1.7057970e+06   1.3000000e+01
   1.7059990e+06   1.3000000e+01
   1.7061360e+06   1.3000000e+01
   1.7063450e+06   1.3000000e+01
   1.7063720e+06   1.4000000e+01
   1.7066490e+06   1.3000000e+01
   1.7068550e+06   1.3000000e+01
   1.7070040e+06   1.3000000e+01
   1.7072550e+06   1.3000000e+01
   2.5756050e+06   1.3000000e+01
   4.0237190e+06   1.5000000e+01
   4.1800400e+06   1.3000000e+01
   4.1802510e+06   1.4000000e+01
   4.3180940e+06   1.3000000e+01
   4.3181730e+06   1.5000000e+01
   4.3182800e+06   1.3000000e+01
   4.3186450e+06   1.4000000e+01
   4.4717880e+06   1.3000000e+01
   4.4718590e+06   1.3000000e+01
   4.4719620e+06   1.4000000e+01
   4.4720020e+06   1.4000000e+01
   4.4723350e+06   1.3000000e+01
   4.4725630e+06   1.4000000e+01
   4.4729620e+06   1.3000000e+01
   4.4730340e+06   2.0000000e+01
   4.4730700e+06   1.3000000e+01
   4.4735930e+06   1.3000000e+01
   5.3339330e+06   1.3000000e+01
   5.3341010e+06   1.3000000e+01
   5.3342290e+06   1.4000000e+01
   5.3343160e+06   1.3000000e+01
   5.3344450e+06   1.3000000e+01
   5.3346410e+06   1.3000000e+01
   5.3346850e+06   1.3000000e+01
   5.3348120e+06   1.3000000e+01
   5.3361500e+06   1.3000000e+01
   5.3363970e+06   1.3000000e+01
   5.3374280e+06   1.3000000e+01
   5.3465640e+06   1.3000000e+01
   5.9627240e+06   1.4000000e+01
   6.2340800e+06   1.4000000e+01
   6.2342190e+06   1.4000000e+01
   6.2344980e+06   1.3000000e+01
   6.2347450e+06   1.4000000e+01
   6.2348580e+06   1.3000000e+01
   6.5900550e+06   1.7000000e+01
   6.5900940e+06   1.4000000e+01
   6.5901890e+06   1.4000000e+01
   6.5902410e+06   1.4000000e+01
   6.5903810e+06   1.4000000e+01
   6.5906800e+06   1.5000000e+01
   7.2049730e+06   1.3000000e+01
   7.2051180e+06   1.4000000e+01
   7.2052600e+06   1.3000000e+01
   7.2055000e+06   1.3000000e+01
