   7.5000000e+06   0.0000000e+00
   4.4319000e+04   1.8000000e+01
   4.5249000e+04   1.8000000e+01
   4.8382000e+04   2.0000000e+01
   4.9970000e+04   2.1000000e+01
   5.0168000e+04   1.8000000e+01
   5.0288000e+04   1.8000000e+01
   5.0449000e+04   2.1000000e+01
   5.0529000e+04   2.0000000e+01
   5.0667000e+04   1.8000000e+01
   5.1223000e+04   1.9000000e+01
   5.1287000e+04   2.1000000e+01
   5.4408000e+04   1.8000000e+01
   1.5052400e+05   1.8000000e+01
   1.5060400e+05   2.0000000e+01
   1.5065800e+05   1.8000000e+01
   1.5132500e+05   1.8000000e+01
   1.5140800e+05   2.0000000e+01
   1.5197000e+05   2.2000000e+01
   1.5503400e+05   1.9000000e+01
   1.5637700e+05   1.8000000e+01
   1.5658600e+05   1.8000000e+01
   1.5703200e+05   1.9000000e+01
   1.5722900e+05   1.8000000e+01
   1.5757200e+05   1.9000000e+01
   1.5787800e+05   1.9000000e+01
   1.5815500e+05   2.2000000e+01
   1.5876900e+05   2.2000000e+01
   3.1626500e+05   1.8000000e+01
   3.1651100e+05   1.9000000e+01
   3.1671700e+05   2.0000000e+01
   3.1689700e+05   2.1000000e+01
   3.1730800e+05   1.9000000e+01
   3.1739900e+05   1.8000000e+01
   3.1748200e+05   1.9000000e+01
   3.1791400e+05   1.8000000e+01
   3.2232400e+05   1.9000000e+01
   3.2240600e+05   2.5000000e+01
   3.2243900e+05   3.5000000e+01
   3.2253900e+05   3.4000000e+01
   3.2262100e+05   2.9000000e+01
   3.2294200e+05   1.8000000e+01
   3.2302100e+05   2.2000000e+01
   3.2305500e+05   2.7000000e+01
   3.2335600e+05   1.8000000e+01
   3.2340900e+05   1.9000000e+01
   3.2418000e+05   1.9000000e+01
   3.2430200e+05   1.8000000e+01
   3.2438700e+05   1.8000000e+01
   3.2441700e+05   1.8000000e+01
   3.2480000e+05   1.9000000e+01
   3.2499300e+05   1.8000000e+01
   3.2598800e+05   1.9000000e+01
   3.2652300e+05   2.0000000e+01
   3.2665400e+05   1.8000000e+01
   3.2683200e+05   1.8000000e+01
   3.2729600e+05   1.8000000e+01
   3.2757800e+05   1.8000000e+01
   3.2770700e+05   1.8000000e+01
   3.2802100e+05   2.0000000e+01
   3.2858700e+05   1.8000000e+01
   3.2891700e+05   1.8000000e+01
   3.2906600e+05   1.9000000e+01
   4.7604300e+05   2.1000000e+01
   4.7949500e+05   1.8000000e+01
   4.7953600e+05   2.3000000e+01
   4.7985200e+05   2.0000000e+01
   5.9309800e+05   1.9000000e+01
   5.9384900e+05   1.8000000e+01
   5.9387500e+05   1.8000000e+01
   5.9394300e+05   1.9000000e+01
   5.9458600e+05   1.8000000e+01
   5.9472400e+05   2.0000000e+01
   5.9703100e+05   1.8000000e+01
   5.9840100e+05   1.9000000e+01
   5.9906000e+05   1.9000000e+01
   6.0005100e+05   1.8000000e+01
   6.0011500e+05   1.8000000e+01
   6.0031600e+05   2.6000000e+01
   6.0037100e+05   1.9000000e+01
   6.0058500e+05   2.1000000e+01
   6.0115400e+05   1.9000000e+01
   6.0128300e+05   1.8000000e+01
   6.0190400e+05   2.0000000e+01
   7.4575400e+05   1.8000000e+01
   7.4588100e+05   2.3000000e+01
   7.4626200e+05   1.8000000e+01
   7.4668700e+05   1.9000000e+01
   7.4690600e+05   1.9000000e+01
   7.4745200e+05   2.0000000e+01
   7.4762700e+05   1.9000000e+01
   7.4794900e+05   1.8000000e+01
   7.4797400e+05   1.9000000e+01
   7.4828600e+05   1.8000000e+01
   7.4848300e+05   1.9000000e+01
   7.4854800e+05   1.8000000e+01
   7.4884500e+05   1.8000000e+01
   7.4931600e+05   1.8000000e+01
   7.4949300e+05   1.8000000e+01
   7.4959100e+05   1.8000000e+01
   7.4973000e+05   1.9000000e+01
   7.4981400e+05   1.9000000e+01
   7.4984300e+05   1.8000000e+01
   7.5001100e+05   1.8000000e+01
   7.5018300e+05   2.1000000e+01
   7.5021700e+05   1.9000000e+01
   7.5033800e+05   1.9000000e+01
   7.5048900e+05   2.3000000e+01
   8.2302400e+05   1.9000000e+01
   8.2364500e+05   2.0000000e+01
   8.2367000e+05   2.4000000e+01
   8.2377500e+05   1.8000000e+01
   8.3400600e+05   1.9000000e+01
   9.2740300e+05   1.9000000e+01
   9.2771700e+05   2.0000000e+01
   9.2814700e+05   1.8000000e+01
   9.2846800e+05   1.8000000e+01
   9.2908800e+05   1.8000000e+01
   9.2990600e+05   1.8000000e+01
   9.3050100e+05   2.0000000e+01
   9.3080000e+05   1.8000000e+01
   9.3106900e+05   1.8000000e+01
   9.3115200e+05   2.0000000e+01
   9.3307500e+05   1.9000000e+01
   9.3353200e+05   1.8000000e+01
   9.3362900e+05   1.8000000e+01
   9.3418100e+05   1.8000000e+01
   9.3523100e+05   1.8000000e+01
   9.3613800e+05   1.8000000e+01
   9.3655000e+05   1.8000000e+01
   9.3660600e+05   2.4000000e+01
   9.3671700e+05   1.8000000e+01
   9.3688000e+05   1.9000000e+01
   1.0128890e+06   1.9000000e+01
   1.0138110e+06   1.8000000e+01
   1.1717580e+06   1.8000000e+01
   1.1720610e+06   1.8000000e+01
   1.1722420e+06   2.0000000e+01
   1.1723120e+06   2.1000000e+01
   1.1728910e+06   2.0000000e+01
   1.1757320e+06   1.9000000e+01
   1.1767780e+06   1.9000000e+01
   1.1768670e+06   1.8000000e+01
   1.1769320e+06   2.1000000e+01
   1.1769800e+06   2.1000000e+01
   1.1773540e+06   1.8000000e+01
   1.1775080e+06   2.0000000e+01
   1.1776690e+06   1.8000000e+01
   1.1777730e+06   2.1000000e+01
   1.1778000e+06   1.9000000e+01
   1.1779830e+06   1.8000000e+01
   1.1780710e+06   1.8000000e+01
   1.1794900e+06   2.0000000e+01
   1.2666870e+06   1.8000000e+01
   1.2668420e+06   1.8000000e+01
   1.2680620e+06   1.8000000e+01
   1.2683160e+06   1.9000000e+01
   1.2694140e+06   1.8000000e+01
   1.2702810e+06   1.8000000e+01
   1.3785980e+06   2.1000000e+01
   1.3823800e+06   1.8000000e+01
   1.3834920e+06   1.8000000e+01
   1.3839170e+06   1.8000000e+01
   1.3896100e+06   1.9000000e+01
   1.3899660e+06   2.0000000e+01
   1.3904440e+06   2.0000000e+01
   1.3906830e+06   1.9000000e+01
   1.3907450e+06   2.2000000e+01
   1.3908360e+06   2.5000000e+01
   1.3908610e+06   2.2000000e+01
   1.3909900e+06   1.8000000e+01
   1.3911040e+06   2.5000000e+01
   1.3911290e+06   1.9000000e+01
   1.3912200e+06   2.6000000e+01
   1.3912540e+06   2.2000000e+01
   1.3913370e+06   2.7000000e+01
   1.3913680e+06   2.0000000e+01
   1.3914850e+06   1.8000000e+01
   1.3915640e+06   2.2000000e+01
   1.3916350e+06   2.2000000e+01
   1.3917360e+06   1.9000000e+01
   1.3917950e+06   2.5000000e+01
   1.3919120e+06   2.1000000e+01
   1.3921100e+06   1.8000000e+01
   1.3924390e+06   1.8000000e+01
   1.3924810e+06   2.1000000e+01
   1.3927400e+06   1.8000000e+01
   1.3928490e+06   2.3000000e+01
   1.3933000e+06   1.9000000e+01
   1.3935680e+06   1.8000000e+01
   1.3947930e+06   1.8000000e+01
   1.3967780e+06   1.9000000e+01
   1.3976110e+06   2.0000000e+01
   1.3981190e+06   1.9000000e+01
   1.3984780e+06   1.9000000e+01
   1.3987750e+06   1.9000000e+01
   1.3993530e+06   2.1000000e+01
   1.3997210e+06   1.9000000e+01
   1.4000160e+06   1.9000000e+01
   1.4000950e+06   2.0000000e+01
   1.4001220e+06   1.9000000e+01
   1.4002240e+06   2.6000000e+01
   1.4002900e+06   2.0000000e+01
   1.4006550e+06   1.9000000e+01
   1.4007040e+06   2.0000000e+01
   1.4007590e+06   2.3000000e+01
   1.4009480e+06   1.9000000e+01
   1.4011720e+06   2.4000000e+01
   1.4013540e+06   1.8000000e+01
   1.4014670e+06   1.8000000e+01
   1.4015720e+06   1.8000000e+01
   1.4016180e+06   1.9000000e+01
   1.4016770e+06   2.3000000e+01
   1.4018110e+06   1.8000000e+01
   1.4019480e+06   1.9000000e+01
   1.4020450e+06   1.9000000e+01
   1.4021610e+06   2.2000000e+01
   1.4022740e+06   2.1000000e+01
   1.4023020e+06   2.1000000e+01
   1.4025150e+06   2.0000000e+01
   1.4025550e+06   2.0000000e+01
   1.4026160e+06   1.9000000e+01
   1.4027380e+06   1.8000000e+01
   1.4028770e+06   1.9000000e+01
   1.4029570e+06   1.9000000e+01
   1.4030210e+06   1.8000000e+01
   1.4031100e+06   2.0000000e+01
   1.4032820e+06   2.3000000e+01
   1.4033620e+06   2.1000000e+01
   1.4034630e+06   2.2000000e+01
   1.4034890e+06   2.0000000e+01
   1.4036950e+06   2.0000000e+01
   1.4040780e+06   1.8000000e+01
   1.4043300e+06   2.3000000e+01
   1.4043710e+06   2.2000000e+01
   1.4045420e+06   2.0000000e+01
   1.4045850e+06   2.1000000e+01
   1.4047090e+06   2.1000000e+01
   1.4047910e+06   1.9000000e+01
   1.4049480e+06   2.0000000e+01
   1.4050560e+06   2.4000000e+01
   1.4052820e+06   2.1000000e+01
   1.4053480e+06   2.1000000e+01
   1.4055310e+06   2.0000000e+01
   1.4055800e+06   1.8000000e+01
   1.4057300e+06   2.3000000e+01
   1.4059270e+06   1.8000000e+01
   1.4060380e+06   2.4000000e+01
   1.4062550e+06   2.1000000e+01
   1.4065120e+06   1.9000000e+01
   1.4066540e+06   2.0000000e+01
   1.4067100e+06   2.7000000e+01
   1.4070170e+06   1.9000000e+01
   1.4071500e+06   1.8000000e+01
   1.4074730e+06   2.2000000e+01
   1.4075930e+06   2.5000000e+01
   1.4077450e+06   2.1000000e+01
   1.4079340e+06   1.8000000e+01
   1.4081880e+06   1.9000000e+01
   1.4083030e+06   1.9000000e+01
   1.4085670e+06   1.9000000e+01
   1.4096270e+06   2.0000000e+01
   1.4126950e+06   1.8000000e+01
   1.6815790e+06   1.9000000e+01
   1.6821090e+06   2.0000000e+01
   1.6821440e+06   2.0000000e+01
   1.6822460e+06   1.8000000e+01
   1.6823130e+06   1.9000000e+01
   1.6931510e+06   1.8000000e+01
   1.7039880e+06   1.8000000e+01
   1.7044170e+06   2.9000000e+01
   1.7045190e+06   2.2000000e+01
   1.7046080e+06   3.6000000e+01
   1.7046630e+06   1.9000000e+01
   1.7047470e+06   3.9000000e+01
   1.7047790e+06   2.8000000e+01
   1.7048260e+06   1.9000000e+01
   1.7049250e+06   1.9000000e+01
   1.7050050e+06   2.7000000e+01
   1.7050820e+06   2.9000000e+01
   1.7051870e+06   1.9000000e+01
   1.7052290e+06   2.0000000e+01
   1.7053550e+06   1.8000000e+01
   1.7053850e+06   2.5000000e+01
   1.7054950e+06   2.3000000e+01
   1.7055300e+06   2.8000000e+01
   1.7056380e+06   2.0000000e+01
   1.7057270e+06   6.5000000e+01
   1.7057550e+06   2.9000000e+01
   1.7058520e+06   4.8000000e+01
   1.7058780e+06   3.2000000e+01
   1.7059850e+06   3.6000000e+01
   1.7060210e+06   2.7000000e+01
   1.7061200e+06   2.8000000e+01
   1.7061450e+06   2.8000000e+01
   1.7062170e+06   2.8000000e+01
   1.7062620e+06   1.8000000e+01
   1.7063450e+06   2.5000000e+01
   1.7063820e+06   3.5000000e+01
   1.7064630e+06   2.3000000e+01
   1.7065570e+06   3.0000000e+01
   1.7066220e+06   2.1000000e+01
   1.7067160e+06   2.9000000e+01
   1.7067450e+06   2.6000000e+01
   1.7068620e+06   1.9000000e+01
   1.7069360e+06   2.7000000e+01
   1.7069650e+06   2.7000000e+01
   1.7070570e+06   2.0000000e+01
   1.7071090e+06   1.8000000e+01
   1.7072560e+06   1.8000000e+01
   1.7073300e+06   1.9000000e+01
   1.7075180e+06   2.3000000e+01
   1.7077670e+06   1.9000000e+01
   1.7078560e+06   2.3000000e+01
   1.7079740e+06   1.8000000e+01
   1.7080890e+06   2.1000000e+01
   1.7086680e+06   1.8000000e+01
   1.9374130e+06   1.9000000e+01
   1.9392700e+06   1.9000000e+01
   1.9429630e+06   1.8000000e+01
   1.9441220e+06   1.9000000e+01
   2.0593540e+06   2.0000000e+01
   2.0597690e+06   1.9000000e+01
   2.0601260e+06   1.8000000e+01
   2.0603330e+06   1.8000000e+01
   2.0651660e+06   2.0000000e+01
   2.0691600e+06   1.8000000e+01
   2.0696460e+06   2.3000000e+01
   2.0697340e+06   2.4000000e+01
   2.0697930e+06   1.9000000e+01
   2.1498590e+06   1.8000000e+01
   2.1549710e+06   1.8000000e+01
   2.1594580e+06   2.1000000e+01
   2.2561890e+06   1.9000000e+01
   2.2573590e+06   1.8000000e+01
   2.2577960e+06   1.8000000e+01
   2.2579420e+06   1.8000000e+01
   2.2603530e+06   1.9000000e+01
   2.2605110e+06   1.9000000e+01
   2.3741200e+06   1.8000000e+01
   2.3764860e+06   2.0000000e+01
   2.3765400e+06   1.9000000e+01
   2.3779800e+06   1.8000000e+01
   2.3805530e+06   1.8000000e+01
   2.3812920e+06   1.8000000e+01
   2.3813520e+06   2.4000000e+01
   2.3820870e+06   1.8000000e+01
   2.3821140e+06   2.1000000e+01
   2.3822090e+06   1.8000000e+01
   2.3823180e+06   1.9000000e+01
   2.3825740e+06   1.8000000e+01
   2.3826830e+06   2.1000000e+01
   2.3829090e+06   2.3000000e+01
   2.3830080e+06   2.6000000e+01
   2.3835340e+06   1.9000000e+01
   2.3837060e+06   1.8000000e+01
   2.3838460e+06   1.8000000e+01
   2.4777590e+06   1.8000000e+01
   2.4798230e+06   2.0000000e+01
   2.4799680e+06   1.8000000e+01
   2.4807880e+06   1.9000000e+01
   2.4811210e+06   1.9000000e+01
   2.5677980e+06   1.8000000e+01
   2.5682740e+06   1.8000000e+01
   2.5683710e+06   2.0000000e+01
   2.5684790e+06   2.0000000e+01
   2.5689030e+06   2.0000000e+01
   2.5692650e+06   1.8000000e+01
   2.5697470e+06   1.9000000e+01
   2.5699390e+06   2.0000000e+01
   2.5700200e+06   1.8000000e+01
   2.5717060e+06   1.9000000e+01
   2.5742080e+06   1.8000000e+01
   2.5750590e+06   1.8000000e+01
   2.5753460e+06   2.0000000e+01
   2.5756150e+06   1.9000000e+01
   2.5756830e+06   1.9000000e+01
   2.5765330e+06   1.8000000e+01
   2.7401960e+06   1.8000000e+01
   2.7403860e+06   1.8000000e+01
   2.7423050e+06   1.9000000e+01
   2.7426930e+06   2.1000000e+01
   2.7427560e+06   1.9000000e+01
   2.7428280e+06   2.5000000e+01
   2.7430120e+06   1.9000000e+01
   2.7431600e+06   1.9000000e+01
   2.7432420e+06   2.0000000e+01
   2.7433160e+06   1.8000000e+01
   2.7437550e+06   2.1000000e+01
   2.7448940e+06   2.3000000e+01
   2.7452900e+06   1.9000000e+01
   2.7455770e+06   1.8000000e+01
   2.7459650e+06   1.9000000e+01
   2.7465700e+06   1.9000000e+01
   2.7469130e+06   2.0000000e+01
   2.7471410e+06   1.8000000e+01
   2.7472350e+06   1.8000000e+01
   2.7479740e+06   1.9000000e+01
   2.7496620e+06   2.1000000e+01
   2.7499630e+06   1.8000000e+01
   2.7499890e+06   2.2000000e+01
   2.7500670e+06   1.8000000e+01
   2.7502050e+06   1.9000000e+01
   2.7506200e+06   2.2000000e+01
   2.8635270e+06   2.1000000e+01
   2.8642270e+06   1.8000000e+01
   2.8644950e+06   2.1000000e+01
   2.8647270e+06   2.0000000e+01
   2.8648670e+06   1.8000000e+01
   2.8652710e+06   1.8000000e+01
   2.8653170e+06   1.8000000e+01
   2.8654580e+06   1.8000000e+01
   2.8657950e+06   1.8000000e+01
   2.9354660e+06   2.0000000e+01
   2.9360830e+06   1.9000000e+01
   2.9371440e+06   1.8000000e+01
   2.9927540e+06   2.1000000e+01
   2.9931820e+06   1.9000000e+01
   2.9941510e+06   1.8000000e+01
   2.9943440e+06   1.9000000e+01
   2.9946230e+06   1.9000000e+01
   2.9953190e+06   2.1000000e+01
   2.9954970e+06   2.0000000e+01
   2.9956780e+06   1.9000000e+01
   2.9964540e+06   1.8000000e+01
   3.0024690e+06   2.1000000e+01
   3.1725120e+06   1.8000000e+01
   3.1726330e+06   1.8000000e+01
   3.1728330e+06   1.8000000e+01
   3.1728800e+06   1.8000000e+01
   3.1730240e+06   1.8000000e+01
   3.1732790e+06   1.8000000e+01
   3.1733420e+06   1.9000000e+01
   3.1733920e+06   1.9000000e+01
   3.1734350e+06   1.8000000e+01
   3.1735950e+06   2.3000000e+01
   3.1737570e+06   1.8000000e+01
   3.1739480e+06   2.0000000e+01
   3.1740280e+06   1.8000000e+01
   3.1746010e+06   1.8000000e+01
   3.1747290e+06   1.9000000e+01
   3.1748500e+06   2.0000000e+01
   3.1752720e+06   1.8000000e+01
   3.1754920e+06   1.8000000e+01
   3.1759120e+06   1.9000000e+01
   3.1761350e+06   2.1000000e+01
   3.1763760e+06   1.8000000e+01
   3.1765090e+06   1.8000000e+01
   3.1801360e+06   1.9000000e+01
   3.1803590e+06   2.0000000e+01
   3.1811750e+06   1.8000000e+01
   3.1813140e+06   1.8000000e+01
   3.1813500e+06   2.1000000e+01
   3.1839860e+06   1.8000000e+01
   3.1843930e+06   2.0000000e+01
   3.3856930e+06   1.9000000e+01
   3.3881670e+06   1.9000000e+01
   3.3885980e+06   1.9000000e+01
   3.3888810e+06   2.0000000e+01
   3.3889470e+06   1.8000000e+01
   3.3890460e+06   1.9000000e+01
   3.3892330e+06   2.1000000e+01
   3.3895070e+06   1.8000000e+01
   3.3897680e+06   1.8000000e+01
   3.3915660e+06   2.1000000e+01
   3.3915940e+06   2.0000000e+01
   3.3916510e+06   1.9000000e+01
   3.3918370e+06   1.9000000e+01
   3.3920270e+06   1.9000000e+01
   3.3921540e+06   2.2000000e+01
   3.3922010e+06   2.1000000e+01
   3.3922940e+06   2.3000000e+01
   3.3927430e+06   2.1000000e+01
   3.3928820e+06   1.9000000e+01
   3.3931550e+06   1.9000000e+01
   3.3931810e+06   1.9000000e+01
   3.3932940e+06   1.8000000e+01
   3.3935110e+06   2.4000000e+01
   3.4048230e+06   1.8000000e+01
   3.4080510e+06   1.9000000e+01
   3.4080980e+06   2.1000000e+01
   3.4085230e+06   1.9000000e+01
   3.4085900e+06   2.2000000e+01
   3.4089270e+06   2.0000000e+01
   3.4089740e+06   2.5000000e+01
   3.4092130e+06   1.9000000e+01
   3.4096250e+06   2.2000000e+01
   3.4099720e+06   1.8000000e+01
   3.4104120e+06   2.2000000e+01
   3.4105320e+06   1.8000000e+01
   3.5050300e+06   2.1000000e+01
   3.5050830e+06   2.3000000e+01
   3.5051610e+06   1.8000000e+01
   3.5053020e+06   2.0000000e+01
   3.5053700e+06   1.9000000e+01
   3.5057310e+06   1.8000000e+01
   3.5059650e+06   2.0000000e+01
   3.5060310e+06   2.0000000e+01
   3.5063550e+06   1.8000000e+01
   3.5065350e+06   1.8000000e+01
   3.5068390e+06   1.8000000e+01
   3.5069920e+06   1.8000000e+01
   3.5072470e+06   2.0000000e+01
   3.5073270e+06   2.0000000e+01
   3.5076130e+06   2.1000000e+01
   3.6378260e+06   1.9000000e+01
   3.6379160e+06   2.4000000e+01
   3.6379720e+06   1.8000000e+01
   3.6380940e+06   2.3000000e+01
   3.6383210e+06   1.8000000e+01
   3.6383700e+06   1.9000000e+01
   3.6391890e+06   1.8000000e+01
   3.6397690e+06   2.1000000e+01
   3.6400080e+06   1.8000000e+01
   3.6416930e+06   1.9000000e+01
   3.6419570e+06   2.1000000e+01
   3.6420620e+06   1.9000000e+01
   3.6432720e+06   1.9000000e+01
   3.6447940e+06   1.8000000e+01
   3.7158300e+06   1.8000000e+01
   3.7160410e+06   1.8000000e+01
   3.7164730e+06   1.8000000e+01
   3.7186850e+06   1.8000000e+01
   3.7197310e+06   1.9000000e+01
   3.7690170e+06   1.9000000e+01
   3.7691090e+06   1.8000000e+01
   3.7694890e+06   1.8000000e+01
   3.7698090e+06   1.9000000e+01
   3.7699730e+06   2.0000000e+01
   3.7702780e+06   2.0000000e+01
   3.7704020e+06   2.1000000e+01
   3.7708370e+06   1.8000000e+01
   3.8941350e+06   1.8000000e+01
   3.8956200e+06   1.9000000e+01
   3.8956810e+06   2.1000000e+01
   3.8957770e+06   1.9000000e+01
   3.8959120e+06   1.8000000e+01
   3.8961510e+06   1.8000000e+01
   3.8964970e+06   2.0000000e+01
   3.8972070e+06   1.8000000e+01
   3.8984690e+06   1.8000000e+01
   4.0113260e+06   2.0000000e+01
   4.0114250e+06   1.9000000e+01
   4.0116160e+06   2.0000000e+01
   4.0119750e+06   1.8000000e+01
   4.0136310e+06   2.0000000e+01
   4.0141530e+06   2.0000000e+01
   4.0145010e+06   2.1000000e+01
   4.0150840e+06   1.9000000e+01
   4.0153740e+06   1.8000000e+01
   4.0158890e+06   2.0000000e+01
   4.0165990e+06   1.9000000e+01
   4.0179990e+06   1.9000000e+01
   4.0192950e+06   1.8000000e+01
   4.0196870e+06   1.9000000e+01
   4.0235490e+06   1.9000000e+01
   4.0236880e+06   1.8000000e+01
   4.1037200e+06   1.8000000e+01
   4.1047790e+06   1.8000000e+01
   4.1048480e+06   2.0000000e+01
   4.1049420e+06   1.9000000e+01
   4.1052750e+06   1.8000000e+01
   4.1053920e+06   1.8000000e+01
   4.1062300e+06   1.8000000e+01
   4.1697640e+06   2.0000000e+01
   4.1698810e+06   2.1000000e+01
   4.1700230e+06   1.8000000e+01
   4.1791580e+06   1.8000000e+01
   4.1794130e+06   1.8000000e+01
   4.1795310e+06   1.9000000e+01
   4.1797580e+06   2.1000000e+01
   4.1798230e+06   1.8000000e+01
   4.1799170e+06   1.9000000e+01
   4.1800290e+06   2.2000000e+01
   4.1801130e+06   2.3000000e+01
   4.1801760e+06   1.8000000e+01
   4.1802660e+06   2.8000000e+01
   4.1804180e+06   2.0000000e+01
   4.1805170e+06   2.1000000e+01
   4.1805570e+06   2.5000000e+01
   4.1806480e+06   1.9000000e+01
   4.1807610e+06   1.8000000e+01
   4.1808360e+06   2.4000000e+01
   4.1811010e+06   1.8000000e+01
   4.1812650e+06   1.9000000e+01
   4.1816990e+06   1.8000000e+01
   4.1822060e+06   1.9000000e+01
   4.1824640e+06   1.8000000e+01
   4.1825210e+06   2.2000000e+01
   4.1829950e+06   2.1000000e+01
   4.1835570e+06   2.0000000e+01
   4.1835890e+06   2.2000000e+01
   4.1837540e+06   2.2000000e+01
   4.1838450e+06   1.9000000e+01
   4.1839290e+06   2.0000000e+01
   4.1840560e+06   1.9000000e+01
   4.1842360e+06   1.8000000e+01
   4.1845880e+06   1.9000000e+01
   4.1850990e+06   1.9000000e+01
   4.1852680e+06   2.0000000e+01
   4.1854380e+06   1.9000000e+01
   4.1854660e+06   2.3000000e+01
   4.1857330e+06   1.8000000e+01
   4.1858750e+06   1.9000000e+01
   4.1862610e+06   2.0000000e+01
   4.1865990e+06   1.8000000e+01
   4.1866930e+06   1.8000000e+01
   4.1868060e+06   1.8000000e+01
   4.1870920e+06   1.8000000e+01
   4.1871650e+06   2.0000000e+01
   4.1874770e+06   1.8000000e+01
   4.1876040e+06   1.8000000e+01
   4.1882940e+06   1.9000000e+01
   4.1885750e+06   1.8000000e+01
   4.1887280e+06   1.8000000e+01
   4.1888860e+06   1.9000000e+01
   4.3174140e+06   1.9000000e+01
   4.3176750e+06   1.8000000e+01
   4.3177040e+06   1.8000000e+01
   4.3178000e+06   1.9000000e+01
   4.3179500e+06   2.0000000e+01
   4.3180510e+06   2.0000000e+01
   4.3180850e+06   2.7000000e+01
   4.3181630e+06   2.9000000e+01
   4.3182410e+06   1.9000000e+01
   4.3183350e+06   2.7000000e+01
   4.3184000e+06   2.1000000e+01
   4.3185080e+06   2.2000000e+01
   4.3185950e+06   1.8000000e+01
   4.3186810e+06   1.9000000e+01
   4.3187830e+06   2.7000000e+01
   4.3188390e+06   2.9000000e+01
   4.3189250e+06   1.8000000e+01
   4.3190280e+06   1.8000000e+01
   4.3192060e+06   2.1000000e+01
   4.3193620e+06   1.8000000e+01
   4.3194530e+06   1.8000000e+01
   4.3196600e+06   1.9000000e+01
   4.3237810e+06   1.8000000e+01
   4.3248680e+06   1.9000000e+01
   4.3265060e+06   1.9000000e+01
   4.3812020e+06   2.0000000e+01
   4.3812270e+06   2.4000000e+01
   4.3821630e+06   1.9000000e+01
   4.3841790e+06   1.8000000e+01
   4.4595020e+06   1.8000000e+01
   4.4597040e+06   1.9000000e+01
   4.4597540e+06   2.0000000e+01
   4.4602820e+06   1.8000000e+01
   4.4615550e+06   1.8000000e+01
   4.4717890e+06   1.8000000e+01
   4.4718790e+06   1.8000000e+01
   4.4719610e+06   4.4000000e+01
   4.4719860e+06   2.8000000e+01
   4.4720910e+06   2.2000000e+01
   4.4722990e+06   1.8000000e+01
   4.4723740e+06   2.3000000e+01
   4.4724000e+06   2.4000000e+01
   4.4725470e+06   2.2000000e+01
   4.4726080e+06   1.8000000e+01
   4.4726770e+06   2.3000000e+01
   4.4727410e+06   2.0000000e+01
   4.4729570e+06   3.0000000e+01
   4.4730280e+06   5.6000000e+01
   4.4730560e+06   3.6000000e+01
   4.4731630e+06   2.7000000e+01
   4.4731900e+06   2.1000000e+01
   4.4732470e+06   2.0000000e+01
   4.4733320e+06   2.0000000e+01
   4.4733590e+06   2.4000000e+01
   4.4734640e+06   1.8000000e+01
   4.4735490e+06   2.0000000e+01
   4.4739030e+06   2.2000000e+01
   4.4739290e+06   2.0000000e+01
   4.4742650e+06   1.9000000e+01
   4.5740490e+06   1.8000000e+01
   4.5740800e+06   1.8000000e+01
   4.5744730e+06   1.8000000e+01
   4.5748440e+06   1.8000000e+01
   4.5749650e+06   1.9000000e+01
   4.5750860e+06   1.8000000e+01
   4.5751480e+06   2.0000000e+01
   4.5752570e+06   1.8000000e+01
   4.5753340e+06   1.8000000e+01
   4.5758000e+06   1.8000000e+01
   4.5766950e+06   1.8000000e+01
   4.6932460e+06   1.8000000e+01
   4.6933100e+06   2.1000000e+01
   4.6936230e+06   1.8000000e+01
   4.6936940e+06   1.9000000e+01
   4.6940540e+06   2.3000000e+01
   4.6942080e+06   2.4000000e+01
   4.6944260e+06   1.9000000e+01
   4.6944920e+06   2.0000000e+01
   4.6946220e+06   1.8000000e+01
   4.6955000e+06   2.2000000e+01
   4.7007130e+06   1.8000000e+01
   4.7814300e+06   2.0000000e+01
   4.7815630e+06   1.8000000e+01
   4.7816240e+06   1.8000000e+01
   4.7818410e+06   1.8000000e+01
   4.7821250e+06   1.8000000e+01
   4.7822140e+06   2.0000000e+01
   4.7824170e+06   1.9000000e+01
   4.8701030e+06   2.0000000e+01
   4.8706930e+06   1.8000000e+01
   4.8708080e+06   1.8000000e+01
   4.8712290e+06   1.8000000e+01
   4.8712930e+06   2.1000000e+01
   4.8713610e+06   2.4000000e+01
   4.8716120e+06   1.9000000e+01
   4.8717770e+06   2.2000000e+01
   4.8720230e+06   1.8000000e+01
   4.8723590e+06   1.9000000e+01
   4.8728860e+06   1.8000000e+01
   4.8795120e+06   1.9000000e+01
   5.0275800e+06   1.8000000e+01
   5.0283650e+06   1.8000000e+01
   5.0287830e+06   1.9000000e+01
   5.0288350e+06   2.0000000e+01
   5.0289490e+06   2.1000000e+01
   5.0290700e+06   1.9000000e+01
   5.0293590e+06   1.8000000e+01
   5.0295060e+06   2.1000000e+01
   5.0300910e+06   1.8000000e+01
   5.0313050e+06   2.0000000e+01
   5.0323570e+06   1.9000000e+01
   5.0324270e+06   2.4000000e+01
   5.0329170e+06   2.2000000e+01
   5.0329640e+06   1.8000000e+01
   5.0330630e+06   1.8000000e+01
   5.0338020e+06   2.0000000e+01
   5.0338590e+06   2.3000000e+01
   5.0342560e+06   1.9000000e+01
   5.0348460e+06   1.9000000e+01
   5.0349450e+06   1.8000000e+01
   5.0361080e+06   1.9000000e+01
   5.1094860e+06   1.8000000e+01
   5.1095970e+06   1.8000000e+01
   5.1097020e+06   1.8000000e+01
   5.1098930e+06   2.1000000e+01
   5.1100290e+06   2.3000000e+01
   5.1101030e+06   1.8000000e+01
   5.1101340e+06   2.6000000e+01
   5.1102850e+06   1.8000000e+01
   5.1103460e+06   1.9000000e+01
   5.1104320e+06   1.8000000e+01
   5.1109700e+06   1.8000000e+01
   5.1111920e+06   1.9000000e+01
   5.1112240e+06   1.9000000e+01
   5.1113190e+06   1.8000000e+01
   5.1175840e+06   1.9000000e+01
   5.1186740e+06   2.2000000e+01
   5.1191290e+06   1.8000000e+01
   5.1194920e+06   1.9000000e+01
   5.1207660e+06   1.8000000e+01
   5.1863610e+06   1.9000000e+01
   5.1867690e+06   1.8000000e+01
   5.1874240e+06   1.8000000e+01
   5.2650140e+06   2.4000000e+01
   5.2650780e+06   1.8000000e+01
   5.2651760e+06   2.1000000e+01
   5.2652100e+06   1.9000000e+01
   5.2655520e+06   1.9000000e+01
   5.2657340e+06   1.8000000e+01
   5.2711220e+06   1.9000000e+01
   5.2717550e+06   1.8000000e+01
   5.2744740e+06   1.9000000e+01
   5.2747350e+06   1.8000000e+01
   5.2759960e+06   1.9000000e+01
   5.2762760e+06   2.1000000e+01
   5.2763700e+06   1.8000000e+01
   5.2766340e+06   2.2000000e+01
   5.2766930e+06   1.9000000e+01
   5.3230770e+06   1.8000000e+01
   5.3231310e+06   2.2000000e+01
   5.3239350e+06   2.0000000e+01
   5.3239860e+06   2.2000000e+01
   5.3244890e+06   1.8000000e+01
   5.3246020e+06   1.8000000e+01
   5.3246620e+06   1.8000000e+01
   5.3334910e+06   2.1000000e+01
   5.3335260e+06   1.9000000e+01
   5.3336250e+06   1.8000000e+01
   5.3336760e+06   2.0000000e+01
   5.3337600e+06   2.0000000e+01
   5.3337930e+06   2.2000000e+01
   5.3338760e+06   1.9000000e+01
   5.3339550e+06   2.0000000e+01
   5.3340320e+06   2.3000000e+01
   5.3340770e+06   2.0000000e+01
   5.3341700e+06   3.7000000e+01
   5.3341980e+06   3.1000000e+01
   5.3343120e+06   1.9000000e+01
   5.3343900e+06   4.1000000e+01
   5.3344280e+06   2.7000000e+01
   5.3345120e+06   3.6000000e+01
   5.3345720e+06   2.0000000e+01
   5.3346600e+06   3.9000000e+01
   5.3346960e+06   3.4000000e+01
   5.3347740e+06   1.8000000e+01
   5.3348540e+06   2.2000000e+01
   5.3348960e+06   1.8000000e+01
   5.3349980e+06   1.9000000e+01
   5.3354010e+06   2.2000000e+01
   5.3355190e+06   1.9000000e+01
   5.3357280e+06   2.3000000e+01
   5.3357580e+06   2.3000000e+01
   5.3358790e+06   1.9000000e+01
   5.3359910e+06   1.9000000e+01
   5.3360910e+06   2.8000000e+01
   5.3361290e+06   2.1000000e+01
   5.3362390e+06   2.1000000e+01
   5.3363390e+06   3.2000000e+01
   5.3363680e+06   2.1000000e+01
   5.3365260e+06   2.3000000e+01
   5.3370680e+06   1.8000000e+01
   5.3371990e+06   1.9000000e+01
   5.3372320e+06   1.9000000e+01
   5.3374100e+06   1.9000000e+01
   5.3379540e+06   1.9000000e+01
   5.3383350e+06   1.9000000e+01
   5.3387770e+06   1.9000000e+01
   5.3392590e+06   1.9000000e+01
   5.3394430e+06   1.9000000e+01
   5.3395390e+06   1.9000000e+01
   5.3396610e+06   1.9000000e+01
   5.3397120e+06   2.1000000e+01
   5.3400320e+06   2.1000000e+01
   5.3402370e+06   1.8000000e+01
   5.3402950e+06   2.2000000e+01
   5.3405250e+06   2.0000000e+01
   5.3405530e+06   2.2000000e+01
   5.3406970e+06   2.0000000e+01
   5.3409840e+06   1.9000000e+01
   5.3411400e+06   1.8000000e+01
   5.3415940e+06   1.9000000e+01
   5.3416420e+06   2.0000000e+01
   5.3417280e+06   2.1000000e+01
   5.3420100e+06   2.0000000e+01
   5.3421720e+06   2.1000000e+01
   5.3444720e+06   1.8000000e+01
   5.3445610e+06   1.8000000e+01
   5.3445860e+06   2.0000000e+01
   5.3447080e+06   1.8000000e+01
   5.3449320e+06   1.8000000e+01
   5.3453270e+06   2.1000000e+01
   5.3454310e+06   1.8000000e+01
   5.3457520e+06   1.9000000e+01
   5.3460060e+06   1.9000000e+01
   5.3464190e+06   2.0000000e+01
   5.3465140e+06   1.8000000e+01
   5.3466350e+06   1.9000000e+01
   5.3467360e+06   1.9000000e+01
   5.3470830e+06   2.2000000e+01
   5.3476080e+06   1.8000000e+01
   5.3477540e+06   1.8000000e+01
   5.3478270e+06   1.9000000e+01
   5.3479070e+06   2.4000000e+01
   5.3480200e+06   2.4000000e+01
   5.3483060e+06   2.0000000e+01
   5.3483680e+06   1.8000000e+01
   5.3484200e+06   2.2000000e+01
   5.3487520e+06   2.0000000e+01
   5.3490130e+06   1.9000000e+01
   5.3490990e+06   2.0000000e+01
   5.3492680e+06   1.8000000e+01
   5.3497120e+06   2.5000000e+01
   5.3497730e+06   1.8000000e+01
   5.3499520e+06   1.9000000e+01
   5.3502080e+06   1.9000000e+01
   5.3503370e+06   1.8000000e+01
   5.3503870e+06   1.8000000e+01
   5.3507780e+06   1.8000000e+01
   5.3521980e+06   1.9000000e+01
   5.3523660e+06   2.0000000e+01
   5.3542600e+06   1.8000000e+01
   5.3544600e+06   1.8000000e+01
   5.6619700e+06   1.8000000e+01
   5.8096350e+06   1.8000000e+01
   5.8149180e+06   1.9000000e+01
   5.8153470e+06   2.0000000e+01
   5.9540860e+06   1.8000000e+01
   5.9555050e+06   2.1000000e+01
   5.9558640e+06   2.0000000e+01
   5.9561550e+06   1.9000000e+01
   5.9562090e+06   1.8000000e+01
   5.9566280e+06   1.8000000e+01
   5.9568680e+06   1.8000000e+01
   5.9572610e+06   1.9000000e+01
   5.9622420e+06   2.0000000e+01
   5.9623530e+06   1.8000000e+01
   5.9624520e+06   1.9000000e+01
   5.9625690e+06   2.2000000e+01
   5.9626230e+06   1.8000000e+01
   5.9627220e+06   2.1000000e+01
   5.9630600e+06   2.2000000e+01
   5.9632000e+06   2.3000000e+01
   5.9632550e+06   2.1000000e+01
   5.9633670e+06   2.2000000e+01
   5.9636960e+06   1.9000000e+01
   5.9637400e+06   2.1000000e+01
   5.9638700e+06   1.8000000e+01
   5.9644550e+06   1.9000000e+01
   5.9667500e+06   1.8000000e+01
   5.9667800e+06   1.9000000e+01
   6.0477160e+06   1.8000000e+01
   6.0486010e+06   1.9000000e+01
   6.1264660e+06   1.8000000e+01
   6.1266890e+06   1.8000000e+01
   6.1268070e+06   2.0000000e+01
   6.1271040e+06   1.8000000e+01
   6.1307710e+06   2.1000000e+01
   6.1312380e+06   1.8000000e+01
   6.1314400e+06   2.0000000e+01
   6.1332840e+06   1.9000000e+01
   6.1335050e+06   1.8000000e+01
   6.1338200e+06   1.8000000e+01
   6.1339220e+06   1.8000000e+01
   6.1340610e+06   1.8000000e+01
   6.1362200e+06   1.8000000e+01
   6.1362610e+06   1.9000000e+01
   6.1363690e+06   1.8000000e+01
   6.1365440e+06   1.8000000e+01
   6.1367080e+06   1.9000000e+01
   6.1394100e+06   1.9000000e+01
   6.1399330e+06   1.8000000e+01
   6.1412630e+06   1.8000000e+01
   6.1412880e+06   2.2000000e+01
   6.2255800e+06   2.0000000e+01
   6.2268530e+06   1.9000000e+01
   6.2281210e+06   1.8000000e+01
   6.2337740e+06   1.8000000e+01
   6.2338720e+06   2.2000000e+01
   6.2339320e+06   2.2000000e+01
   6.2340100e+06   2.3000000e+01
   6.2340450e+06   2.2000000e+01
   6.2341400e+06   2.3000000e+01
   6.2341970e+06   2.7000000e+01
   6.2343060e+06   2.1000000e+01
   6.2344470e+06   1.8000000e+01
   6.2345530e+06   2.9000000e+01
   6.2345940e+06   1.9000000e+01
   6.2346980e+06   2.5000000e+01
   6.2347310e+06   2.0000000e+01
   6.2348190e+06   3.0000000e+01
   6.2348590e+06   1.9000000e+01
   6.2348920e+06   2.6000000e+01
   6.2350320e+06   1.8000000e+01
   6.2351760e+06   2.1000000e+01
   6.2352800e+06   2.0000000e+01
   6.2354000e+06   1.8000000e+01
   6.3468190e+06   1.9000000e+01
   6.3469590e+06   1.9000000e+01
   6.3469940e+06   2.1000000e+01
   6.3470680e+06   1.8000000e+01
   6.3475630e+06   1.8000000e+01
   6.4323260e+06   2.1000000e+01
   6.4323770e+06   1.8000000e+01
   6.4325810e+06   1.9000000e+01
   6.4327280e+06   1.8000000e+01
   6.4327820e+06   2.3000000e+01
   6.4328910e+06   1.9000000e+01
   6.4332780e+06   1.8000000e+01
   6.4336090e+06   1.8000000e+01
   6.4339430e+06   1.8000000e+01
   6.4342360e+06   1.8000000e+01
   6.4347120e+06   1.9000000e+01
   6.4357470e+06   1.9000000e+01
   6.4358650e+06   1.8000000e+01
   6.4364610e+06   1.8000000e+01
   6.4367220e+06   2.5000000e+01
   6.4374410e+06   2.1000000e+01
   6.4375160e+06   1.8000000e+01
   6.4385250e+06   2.0000000e+01
   6.4631420e+06   1.9000000e+01
   6.4634880e+06   1.8000000e+01
   6.4636360e+06   1.8000000e+01
   6.4637000e+06   1.8000000e+01
   6.4637880e+06   2.1000000e+01
   6.4639530e+06   1.9000000e+01
   6.4640510e+06   2.1000000e+01
   6.5048760e+06   1.8000000e+01
   6.5055220e+06   1.8000000e+01
   6.5057580e+06   2.1000000e+01
   6.5061010e+06   1.9000000e+01
   6.5067840e+06   1.8000000e+01
   6.5072220e+06   1.9000000e+01
   6.5074530e+06   2.0000000e+01
   6.5124010e+06   2.0000000e+01
   6.5784180e+06   1.8000000e+01
   6.5787930e+06   1.8000000e+01
   6.5789700e+06   1.8000000e+01
   6.5812440e+06   1.8000000e+01
   6.5813630e+06   1.9000000e+01
   6.5860270e+06   2.0000000e+01
   6.5892660e+06   1.8000000e+01
   6.5893770e+06   1.8000000e+01
   6.5896070e+06   1.8000000e+01
   6.5896510e+06   2.1000000e+01
   6.5897790e+06   1.9000000e+01
   6.5898570e+06   1.8000000e+01
   6.5899500e+06   1.8000000e+01
   6.5900310e+06   2.5000000e+01
   6.5900860e+06   2.3000000e+01
   6.5901720e+06   4.4000000e+01
   6.5902140e+06   2.4000000e+01
   6.5902530e+06   3.7000000e+01
   6.5903370e+06   1.9000000e+01
   6.5903880e+06   3.2000000e+01
   6.5904940e+06   1.9000000e+01
   6.5905710e+06   3.3000000e+01
   6.5906230e+06   2.0000000e+01
   6.5907250e+06   3.4000000e+01
   6.5907720e+06   1.8000000e+01
   6.5908500e+06   1.9000000e+01
   6.5910040e+06   1.9000000e+01
   6.5911190e+06   1.8000000e+01
   6.5911980e+06   1.8000000e+01
   6.5913330e+06   1.8000000e+01
   6.5914400e+06   2.0000000e+01
   6.5915210e+06   1.8000000e+01
   6.5916630e+06   1.8000000e+01
   6.6706100e+06   1.8000000e+01
   6.6710190e+06   1.8000000e+01
   6.6733690e+06   1.8000000e+01
   6.6737320e+06   1.9000000e+01
   6.6741060e+06   2.0000000e+01
   6.6743150e+06   1.9000000e+01
   6.7297470e+06   1.9000000e+01
   6.7298910e+06   2.0000000e+01
   6.7300560e+06   1.8000000e+01
   6.7301740e+06   1.8000000e+01
   6.7302620e+06   2.4000000e+01
   6.7303470e+06   2.2000000e+01
   6.7303790e+06   2.2000000e+01
   6.7305770e+06   1.8000000e+01
   6.7306640e+06   1.8000000e+01
   6.7308530e+06   1.9000000e+01
   6.7310390e+06   1.8000000e+01
   6.7311540e+06   2.2000000e+01
   6.7314390e+06   2.1000000e+01
   6.7315620e+06   2.0000000e+01
   6.7317520e+06   1.8000000e+01
   6.7319330e+06   1.9000000e+01
   6.7322640e+06   2.2000000e+01
   6.7323390e+06   1.8000000e+01
   6.7324500e+06   1.9000000e+01
   6.7324760e+06   1.8000000e+01
   6.7327020e+06   1.8000000e+01
   6.7337030e+06   1.8000000e+01
   6.7376570e+06   1.8000000e+01
   6.7377780e+06   2.1000000e+01
   6.7380480e+06   1.8000000e+01
   6.7382350e+06   1.8000000e+01
   6.7440350e+06   1.8000000e+01
   6.7448880e+06   1.9000000e+01
   6.8632580e+06   2.1000000e+01
   6.8633410e+06   2.3000000e+01
   6.8634080e+06   1.8000000e+01
   6.8634700e+06   1.8000000e+01
   6.8635920e+06   1.9000000e+01
   6.8640110e+06   1.8000000e+01
   6.8640710e+06   1.8000000e+01
   6.8648440e+06   1.9000000e+01
   6.8649850e+06   1.8000000e+01
   6.8657600e+06   2.0000000e+01
   6.8669630e+06   1.8000000e+01
   6.8733140e+06   1.8000000e+01
   6.8735280e+06   1.9000000e+01
   6.8736180e+06   2.0000000e+01
   6.8736650e+06   1.8000000e+01
   6.8738240e+06   2.1000000e+01
   6.8739390e+06   1.8000000e+01
   6.8740820e+06   1.9000000e+01
   6.8746540e+06   1.9000000e+01
   6.9918940e+06   2.0000000e+01
   6.9923210e+06   2.2000000e+01
   6.9924190e+06   2.0000000e+01
   6.9927020e+06   1.9000000e+01
   6.9931550e+06   1.8000000e+01
   6.9959100e+06   1.9000000e+01
   6.9965360e+06   1.8000000e+01
   6.9984000e+06   1.8000000e+01
   6.9989470e+06   2.0000000e+01
   7.1056380e+06   1.8000000e+01
   7.1064190e+06   1.8000000e+01
   7.1066790e+06   1.9000000e+01
   7.1068580e+06   1.9000000e+01
   7.1069900e+06   1.9000000e+01
   7.1072960e+06   1.8000000e+01
   7.1075240e+06   1.8000000e+01
   7.1076390e+06   1.9000000e+01
   7.1078040e+06   1.8000000e+01
   7.1079750e+06   2.0000000e+01
   7.1081420e+06   1.8000000e+01
   7.1082080e+06   2.1000000e+01
   7.1085820e+06   1.8000000e+01
   7.1087110e+06   2.0000000e+01
   7.1088390e+06   1.9000000e+01
   7.1095270e+06   1.9000000e+01
   7.2046310e+06   2.2000000e+01
   7.2047310e+06   2.4000000e+01
   7.2048100e+06   2.4000000e+01
   7.2049530e+06   2.1000000e+01
   7.2049790e+06   3.0000000e+01
   7.2051150e+06   1.8000000e+01
   7.2051420e+06   2.7000000e+01
   7.2052710e+06   2.3000000e+01
   7.2053400e+06   2.0000000e+01
   7.2054080e+06   1.9000000e+01
   7.2055090e+06   2.6000000e+01
   7.2055370e+06   1.9000000e+01
   7.2056260e+06   2.2000000e+01
   7.2056800e+06   1.8000000e+01
   7.2057960e+06   2.2000000e+01
   7.2060180e+06   2.0000000e+01
   7.2061320e+06   2.3000000e+01
   7.2062650e+06   1.9000000e+01
   7.2062920e+06   1.8000000e+01
   7.2067590e+06   2.1000000e+01
   7.2076540e+06   1.8000000e+01
   7.2078700e+06   1.8000000e+01
   7.2081190e+06   1.9000000e+01
   7.2082370e+06   1.9000000e+01
   7.2082710e+06   1.8000000e+01
   7.2093620e+06   1.8000000e+01
   7.2097330e+06   1.8000000e+01
   7.2116970e+06   1.8000000e+01
   7.2117610e+06   2.3000000e+01
   7.2118480e+06   2.0000000e+01
   7.2118830e+06   2.6000000e+01
   7.2119900e+06   2.0000000e+01
   7.2121250e+06   2.4000000e+01
   7.2121670e+06   2.1000000e+01
   7.2123990e+06   2.3000000e+01
   7.2129380e+06   1.8000000e+01
   7.2995180e+06   2.0000000e+01
   7.2998600e+06   1.9000000e+01
   7.3006210e+06   1.8000000e+01
   7.3011440e+06   2.0000000e+01
   7.3013870e+06   1.8000000e+01
   7.3019180e+06   1.9000000e+01
   7.3029260e+06   2.2000000e+01
   7.3031580e+06   1.8000000e+01
   7.3032860e+06   1.8000000e+01
   7.3034940e+06   1.9000000e+01
   7.3037000e+06   2.1000000e+01
   7.3040470e+06   2.0000000e+01
   7.3045610e+06   1.8000000e+01
   7.3050180e+06   1.8000000e+01
   7.4593590e+06   2.5000000e+01
   7.4594410e+06   1.9000000e+01
   7.4595140e+06   2.5000000e+01
   7.4597510e+06   1.9000000e+01
   7.4598520e+06   1.8000000e+01
   7.4598910e+06   2.1000000e+01
   7.4600440e+06   2.2000000e+01
   7.4603030e+06   1.8000000e+01
   7.4604950e+06   1.8000000e+01
   7.4606640e+06   1.8000000e+01
   7.4687780e+06   1.8000000e+01
   7.4698940e+06   2.1000000e+01
   7.4709980e+06   1.9000000e+01
   7.4712840e+06   2.2000000e+01
   7.4714640e+06   2.2000000e+01
   7.4715540e+06   1.9000000e+01
   7.4716350e+06   2.6000000e+01
   7.4717300e+06   1.8000000e+01
   7.4717940e+06   1.8000000e+01
   7.4718790e+06   2.0000000e+01
   7.4719440e+06   1.8000000e+01
   7.4720650e+06   2.1000000e+01
   7.4722140e+06   2.6000000e+01
   7.4723130e+06   1.8000000e+01
   7.4727730e+06   1.9000000e+01
