   7.5000000e+06   0.0000000e+00
   4.9271000e+04   1.3000000e+01
   4.9442000e+04   1.4000000e+01
   5.0063000e+04   1.3000000e+01
   5.0147000e+04   1.5000000e+01
   5.0220000e+04   1.4000000e+01
   5.0277000e+04   1.6000000e+01
   5.0342000e+04   1.8000000e+01
   5.0452000e+04   1.3000000e+01
   5.0510000e+04   1.4000000e+01
   5.0649000e+04   1.6000000e+01
   5.0771000e+04   1.6000000e+01
   5.0901000e+04   1.6000000e+01
   5.1220000e+04   1.9000000e+01
   5.1251000e+04   1.4000000e+01
   5.1433000e+04   1.3000000e+01
   5.1552000e+04   1.3000000e+01
   5.1618000e+04   1.3000000e+01
   1.5726700e+05   1.7000000e+01
   1.5756800e+05   1.3000000e+01
   1.5773200e+05   1.3000000e+01
   1.5787500e+05   1.3000000e+01
   1.5804800e+05   1.7000000e+01
   1.5815700e+05   1.4000000e+01
   1.5876200e+05   1.3000000e+01
   3.2240000e+05   1.4000000e+01
   3.2243200e+05   1.3000000e+01
   3.2253400e+05   1.3000000e+01
   3.2301000e+05   1.5000000e+01
   3.2394400e+05   1.3000000e+01
   3.2425600e+05   1.7000000e+01
   3.2437900e+05   1.3000000e+01
   3.2456400e+05   1.5000000e+01
   3.2477300e+05   1.3000000e+01
   3.2485700e+05   1.4000000e+01
   3.2558800e+05   1.4000000e+01
   3.2596300e+05   1.7000000e+01
   3.2631700e+05   1.9000000e+01
   3.2650600e+05   1.9000000e+01
   3.2653300e+05   1.6000000e+01
   3.2663800e+05   1.5000000e+01
   3.2677200e+05   1.3000000e+01
   3.2680700e+05   1.6000000e+01
   3.2690100e+05   1.3000000e+01
   3.2706700e+05   1.3000000e+01
   3.2711000e+05   1.3000000e+01
   3.2727700e+05   1.3000000e+01
   3.2740000e+05   1.7000000e+01
   3.2750200e+05   1.3000000e+01
   3.2757500e+05   1.8000000e+01
   3.2761000e+05   1.4000000e+01
   3.2794500e+05   1.5000000e+01
   3.2803700e+05   1.3000000e+01
   3.2811500e+05   1.4000000e+01
   3.2835100e+05   1.4000000e+01
   3.2891800e+05   1.5000000e+01
   3.2981700e+05   1.3000000e+01
   5.9385900e+05   1.3000000e+01
   5.9392200e+05   1.3000000e+01
   5.9398600e+05   1.4000000e+01
   5.9491200e+05   1.3000000e+01
   5.9616600e+05   1.5000000e+01
   5.9641400e+05   1.3000000e+01
   5.9678500e+05   1.3000000e+01
   5.9687600e+05   1.3000000e+01
   7.4728800e+05   1.3000000e+01
   7.4879200e+05   1.3000000e+01
   7.5012200e+05   1.7000000e+01
   7.5021400e+05   1.7000000e+01
   7.5027600e+05   1.4000000e+01
   7.5038300e+05   1.4000000e+01
   9.3280500e+05   1.4000000e+01
   9.3306400e+05   1.4000000e+01
   9.3363100e+05   1.7000000e+01
   9.3370300e+05   1.4000000e+01
   9.3379900e+05   1.4000000e+01
   9.3444500e+05   1.5000000e+01
   9.3486200e+05   1.3000000e+01
   9.3557500e+05   1.3000000e+01
   9.3602300e+05   1.7000000e+01
   9.3606800e+05   1.4000000e+01
   9.3654200e+05   1.8000000e+01
   9.3659700e+05   1.7000000e+01
   9.3674700e+05   1.3000000e+01
   9.3690200e+05   1.4000000e+01
   1.1766600e+06   1.4000000e+01
   1.1768410e+06   1.4000000e+01
   1.1772050e+06   1.3000000e+01
   1.1772890e+06   1.3000000e+01
   1.1777180e+06   1.4000000e+01
   1.3903660e+06   1.3000000e+01
   1.3904350e+06   1.3000000e+01
   1.3906740e+06   1.4000000e+01
   1.3907370e+06   2.4000000e+01
   1.3908220e+06   1.8000000e+01
   1.3908690e+06   2.0000000e+01
   1.3909520e+06   1.5000000e+01
   1.3910050e+06   1.5000000e+01
   1.3910850e+06   2.6000000e+01
   1.3911120e+06   1.8000000e+01
   1.3911960e+06   2.5000000e+01
   1.3912300e+06   2.1000000e+01
   1.3913150e+06   3.1000000e+01
   1.3913440e+06   2.8000000e+01
   1.3914410e+06   1.5000000e+01
   1.3914850e+06   1.7000000e+01
   1.3915900e+06   1.8000000e+01
   1.3916180e+06   2.4000000e+01
   1.3917200e+06   1.4000000e+01
   1.3917490e+06   1.5000000e+01
   1.3918000e+06   2.6000000e+01
   1.3919220e+06   1.5000000e+01
   1.3919770e+06   1.5000000e+01
   1.3920690e+06   1.6000000e+01
   1.3921360e+06   1.5000000e+01
   1.3923530e+06   1.3000000e+01
   1.3924540e+06   1.5000000e+01
   1.3927120e+06   1.4000000e+01
   1.3927440e+06   1.3000000e+01
   1.3927900e+06   1.6000000e+01
   1.6520240e+06   1.3000000e+01
   1.6807600e+06   1.3000000e+01
   1.6811470e+06   1.3000000e+01
   1.6811910e+06   1.5000000e+01
   1.6815680e+06   1.3000000e+01
   1.6817500e+06   1.4000000e+01
   1.6818580e+06   1.3000000e+01
   1.6819880e+06   1.3000000e+01
   1.6820640e+06   1.3000000e+01
   1.6821250e+06   1.9000000e+01
   1.6823040e+06   1.3000000e+01
   1.7023080e+06   1.3000000e+01
   1.7030170e+06   1.3000000e+01
   1.7038600e+06   1.4000000e+01
   1.7040970e+06   1.3000000e+01
   1.7043160e+06   1.3000000e+01
   1.7044180e+06   2.2000000e+01
   1.7044820e+06   4.1000000e+01
   1.7045180e+06   3.7000000e+01
   1.7046080e+06   3.0000000e+01
   1.7046450e+06   2.2000000e+01
   1.7047300e+06   4.2000000e+01
   1.7047740e+06   2.8000000e+01
   1.7048020e+06   1.8000000e+01
   1.7049080e+06   2.5000000e+01
   1.7049950e+06   2.7000000e+01
   1.7050780e+06   2.3000000e+01
   1.7052120e+06   1.3000000e+01
   1.7052740e+06   1.5000000e+01
   1.7053540e+06   2.4000000e+01
   1.7053890e+06   2.5000000e+01
   1.7054810e+06   1.4000000e+01
   1.7055720e+06   3.5000000e+01
   1.7056470e+06   2.9000000e+01
   1.7057290e+06   1.9000000e+01
   1.7058260e+06   3.6000000e+01
   1.7058570e+06   1.8000000e+01
   1.7059540e+06   4.3000000e+01
   1.7059850e+06   3.0000000e+01
   1.7060390e+06   2.3000000e+01
   1.7061270e+06   2.0000000e+01
   1.7062110e+06   2.9000000e+01
   1.7062360e+06   2.0000000e+01
   1.7063370e+06   2.4000000e+01
   1.7063650e+06   4.4000000e+01
   1.7064400e+06   1.6000000e+01
   1.7064950e+06   2.3000000e+01
   1.7066160e+06   1.5000000e+01
   1.7066960e+06   3.3000000e+01
   1.7067210e+06   2.1000000e+01
   1.7068070e+06   2.3000000e+01
   1.7068350e+06   3.1000000e+01
   1.7069680e+06   1.5000000e+01
   1.7070450e+06   1.9000000e+01
   1.7071000e+06   1.4000000e+01
   1.7071740e+06   2.1000000e+01
   1.7072430e+06   1.7000000e+01
   1.7074610e+06   1.6000000e+01
   1.7075470e+06   1.7000000e+01
   1.7077030e+06   1.4000000e+01
   1.7077720e+06   2.0000000e+01
   1.7078210e+06   1.4000000e+01
   1.7079840e+06   1.7000000e+01
   1.7080790e+06   1.5000000e+01
   1.7081640e+06   1.4000000e+01
   1.7082320e+06   1.5000000e+01
   2.0652590e+06   1.3000000e+01
   2.0690570e+06   1.4000000e+01
   2.0691590e+06   1.6000000e+01
   2.0696140e+06   1.8000000e+01
   2.0696440e+06   1.7000000e+01
   2.0697590e+06   1.5000000e+01
   2.0698160e+06   1.5000000e+01
   2.1603570e+06   1.3000000e+01
   2.1608200e+06   1.4000000e+01
   2.3805120e+06   1.3000000e+01
   2.3808090e+06   1.3000000e+01
   2.3813470e+06   1.4000000e+01
   2.3814110e+06   1.4000000e+01
   2.3816040e+06   1.3000000e+01
   2.3820210e+06   1.3000000e+01
   2.3821490e+06   1.5000000e+01
   2.3822170e+06   1.5000000e+01
   2.3823940e+06   1.4000000e+01
   2.3824210e+06   1.5000000e+01
   2.3826080e+06   1.3000000e+01
   2.3827010e+06   1.3000000e+01
   2.3828020e+06   1.4000000e+01
   2.3828890e+06   1.7000000e+01
   2.3830100e+06   1.3000000e+01
   2.3835350e+06   1.4000000e+01
   2.3837370e+06   1.3000000e+01
   2.5737520e+06   1.3000000e+01
   2.5744390e+06   1.4000000e+01
   2.5750490e+06   1.8000000e+01
   2.5753170e+06   1.3000000e+01
   2.5755440e+06   1.3000000e+01
   2.5756570e+06   1.6000000e+01
   2.5758370e+06   1.3000000e+01
   2.5759340e+06   1.3000000e+01
   2.5760550e+06   1.3000000e+01
   2.5762510e+06   1.4000000e+01
   2.5764730e+06   1.4000000e+01
   2.5765600e+06   1.4000000e+01
   2.5767170e+06   1.6000000e+01
   2.7468410e+06   1.5000000e+01
   2.7470710e+06   1.4000000e+01
   2.7479430e+06   1.4000000e+01
   2.7479690e+06   1.4000000e+01
   2.7494140e+06   1.5000000e+01
   2.7496360e+06   1.4000000e+01
   2.7496740e+06   1.6000000e+01
   2.7499430e+06   1.6000000e+01
   2.7499880e+06   1.9000000e+01
   2.7500300e+06   1.3000000e+01
   2.7501310e+06   1.3000000e+01
   2.7501850e+06   1.5000000e+01
   2.7503050e+06   1.4000000e+01
   2.7503350e+06   1.3000000e+01
   2.7505240e+06   1.6000000e+01
   2.7506320e+06   1.4000000e+01
   3.0003110e+06   1.3000000e+01
   3.0017520e+06   1.4000000e+01
   3.0019090e+06   1.5000000e+01
   3.0020140e+06   1.4000000e+01
   3.0020870e+06   1.3000000e+01
   3.0021660e+06   1.3000000e+01
   3.0022170e+06   1.5000000e+01
   3.0024390e+06   1.4000000e+01
   3.1803630e+06   1.3000000e+01
   3.1808420e+06   1.4000000e+01
   3.1810790e+06   1.4000000e+01
   3.1811500e+06   1.5000000e+01
   3.1812430e+06   1.4000000e+01
   3.1833280e+06   1.3000000e+01
   3.1835400e+06   1.5000000e+01
   3.1836720e+06   1.7000000e+01
   3.1839100e+06   1.3000000e+01
   3.1840380e+06   1.3000000e+01
   3.1841250e+06   1.8000000e+01
   3.1843840e+06   1.3000000e+01
   3.1846090e+06   1.5000000e+01
   3.3916890e+06   1.3000000e+01
   3.3918370e+06   1.4000000e+01
   3.3919550e+06   1.3000000e+01
   3.3922810e+06   1.3000000e+01
   3.3927490e+06   1.3000000e+01
   3.3930900e+06   1.3000000e+01
   3.3931800e+06   1.5000000e+01
   3.3932680e+06   1.3000000e+01
   3.3935620e+06   1.3000000e+01
   3.5048630e+06   1.3000000e+01
   3.5050280e+06   1.6000000e+01
   3.5050800e+06   1.4000000e+01
   3.5051430e+06   2.2000000e+01
   3.5052380e+06   1.7000000e+01
   3.5053600e+06   1.6000000e+01
   3.5055080e+06   2.2000000e+01
   3.5056760e+06   1.5000000e+01
   3.5057240e+06   1.8000000e+01
   3.5058770e+06   1.3000000e+01
   3.5059500e+06   1.8000000e+01
   3.5059820e+06   1.6000000e+01
   3.5060680e+06   1.4000000e+01
   3.5061240e+06   1.3000000e+01
   3.5062370e+06   1.4000000e+01
   3.5065220e+06   1.3000000e+01
   3.5069460e+06   1.3000000e+01
   3.5069900e+06   1.3000000e+01
   3.5071460e+06   1.3000000e+01
   3.5072220e+06   1.5000000e+01
   3.5072980e+06   1.4000000e+01
   3.5073450e+06   1.8000000e+01
   3.5074090e+06   1.3000000e+01
   3.5075010e+06   1.3000000e+01
   3.5079820e+06   1.3000000e+01
   3.5088050e+06   1.4000000e+01
   3.6416870e+06   1.4000000e+01
   3.6417810e+06   1.4000000e+01
   3.6419560e+06   1.3000000e+01
   3.6420040e+06   1.7000000e+01
   3.6423300e+06   1.3000000e+01
   3.6428600e+06   1.5000000e+01
   3.6431040e+06   1.7000000e+01
   3.6431430e+06   1.3000000e+01
   3.6435710e+06   1.4000000e+01
   3.7688790e+06   1.5000000e+01
   3.7690500e+06   2.2000000e+01
   3.7691010e+06   1.8000000e+01
   3.7691610e+06   1.4000000e+01
   3.7694680e+06   1.7000000e+01
   3.7697940e+06   1.4000000e+01
   3.7698950e+06   1.4000000e+01
   3.7701270e+06   1.4000000e+01
   4.0222340e+06   1.3000000e+01
   4.0228600e+06   1.5000000e+01
   4.0233520e+06   1.3000000e+01
   4.0234250e+06   1.4000000e+01
   4.0235080e+06   1.6000000e+01
   4.0235820e+06   1.9000000e+01
   4.0236940e+06   1.6000000e+01
   4.0238490e+06   1.4000000e+01
   4.0239630e+06   1.3000000e+01
   4.0241240e+06   1.3000000e+01
   4.0246280e+06   1.7000000e+01
   4.0246570e+06   1.4000000e+01
   4.0249610e+06   1.3000000e+01
   4.0252990e+06   1.4000000e+01
   4.1790700e+06   1.3000000e+01
   4.1791640e+06   1.3000000e+01
   4.1792030e+06   1.9000000e+01
   4.1793050e+06   1.3000000e+01
   4.1793840e+06   1.3000000e+01
   4.1794780e+06   1.5000000e+01
   4.1795130e+06   1.9000000e+01
   4.1795860e+06   1.5000000e+01
   4.1796330e+06   1.6000000e+01
   4.1797100e+06   1.8000000e+01
   4.1797470e+06   2.8000000e+01
   4.1798720e+06   1.4000000e+01
   4.1799910e+06   2.4000000e+01
   4.1800250e+06   2.4000000e+01
   4.1801400e+06   1.5000000e+01
   4.1802390e+06   3.2000000e+01
   4.1802670e+06   1.4000000e+01
   4.1803510e+06   1.5000000e+01
   4.1804240e+06   1.3000000e+01
   4.1805000e+06   1.4000000e+01
   4.1805990e+06   1.8000000e+01
   4.1806260e+06   1.4000000e+01
   4.1806990e+06   1.4000000e+01
   4.1807520e+06   1.4000000e+01
   4.1808890e+06   1.3000000e+01
   4.1810760e+06   1.5000000e+01
   4.1811600e+06   1.3000000e+01
   4.1812460e+06   1.3000000e+01
   4.3175860e+06   1.3000000e+01
   4.3176540e+06   1.5000000e+01
   4.3176960e+06   2.5000000e+01
   4.3177960e+06   1.7000000e+01
   4.3178560e+06   1.6000000e+01
   4.3179460e+06   1.8000000e+01
   4.3180570e+06   1.3000000e+01
   4.3181510e+06   3.0000000e+01
   4.3182570e+06   1.5000000e+01
   4.3183380e+06   1.7000000e+01
   4.3183880e+06   2.5000000e+01
   4.3184910e+06   2.5000000e+01
   4.3185550e+06   1.3000000e+01
   4.3186560e+06   3.4000000e+01
   4.3186960e+06   2.2000000e+01
   4.3187900e+06   2.6000000e+01
   4.3188250e+06   3.8000000e+01
   4.3189210e+06   1.6000000e+01
   4.3190290e+06   1.4000000e+01
   4.3191040e+06   1.4000000e+01
   4.3192560e+06   1.5000000e+01
   4.3193740e+06   1.3000000e+01
   4.3195190e+06   1.7000000e+01
   4.3196800e+06   1.3000000e+01
   4.3198050e+06   1.4000000e+01
   4.3793530e+06   1.5000000e+01
   4.3796300e+06   1.3000000e+01
   4.3799490e+06   1.3000000e+01
   4.3810470e+06   1.3000000e+01
   4.3811620e+06   1.9000000e+01
   4.3812110e+06   2.2000000e+01
   4.3813790e+06   1.3000000e+01
   4.3817760e+06   1.5000000e+01
   4.3821130e+06   1.3000000e+01
   4.3822170e+06   1.5000000e+01
   4.4715960e+06   1.3000000e+01
   4.4717780e+06   1.6000000e+01
   4.4718440e+06   2.0000000e+01
   4.4719490e+06   1.6000000e+01
   4.4719860e+06   3.1000000e+01
   4.4720900e+06   3.0000000e+01
   4.4721340e+06   1.7000000e+01
   4.4722900e+06   1.6000000e+01
   4.4723640e+06   2.0000000e+01
   4.4725320e+06   1.8000000e+01
   4.4725630e+06   1.7000000e+01
   4.4726470e+06   3.4000000e+01
   4.4726870e+06   1.7000000e+01
   4.4727200e+06   1.6000000e+01
   4.4728230e+06   1.4000000e+01
   4.4729420e+06   1.9000000e+01
   4.4730430e+06   1.5000000e+01
   4.4730830e+06   3.9000000e+01
   4.4731490e+06   1.3000000e+01
   4.4732490e+06   2.3000000e+01
   4.4733120e+06   1.6000000e+01
   4.4733520e+06   1.9000000e+01
   4.4734580e+06   1.4000000e+01
   4.4735170e+06   1.4000000e+01
   4.4735490e+06   2.3000000e+01
   4.4738210e+06   1.3000000e+01
   4.4739090e+06   1.8000000e+01
   4.4739390e+06   2.2000000e+01
   4.4740000e+06   1.4000000e+01
   4.4741320e+06   1.3000000e+01
   4.4742000e+06   1.3000000e+01
   4.4742720e+06   1.3000000e+01
   4.4743710e+06   1.4000000e+01
   4.4744610e+06   1.3000000e+01
   4.4745960e+06   1.3000000e+01
   4.4747730e+06   1.6000000e+01
   4.7005950e+06   1.3000000e+01
   4.7008200e+06   1.3000000e+01
   4.7009320e+06   1.3000000e+01
   4.7009940e+06   1.4000000e+01
   4.7814310e+06   1.6000000e+01
   4.7814960e+06   1.8000000e+01
   4.7815890e+06   1.4000000e+01
   4.7816990e+06   1.4000000e+01
   4.7818220e+06   1.6000000e+01
   4.7819720e+06   1.5000000e+01
   4.7821090e+06   1.5000000e+01
   5.0320730e+06   1.3000000e+01
   5.0321780e+06   1.3000000e+01
   5.0323370e+06   1.3000000e+01
   5.0323640e+06   1.5000000e+01
   5.0324790e+06   1.5000000e+01
   5.0328380e+06   1.4000000e+01
   5.0329360e+06   1.4000000e+01
   5.0330640e+06   1.3000000e+01
   5.0335440e+06   1.6000000e+01
   5.0337560e+06   1.5000000e+01
   5.0338720e+06   1.3000000e+01
   5.0349400e+06   1.3000000e+01
   5.1184130e+06   1.3000000e+01
   5.1185350e+06   1.3000000e+01
   5.1186520e+06   1.4000000e+01
   5.1187470e+06   1.5000000e+01
   5.1190680e+06   1.3000000e+01
   5.1191210e+06   1.5000000e+01
   5.1192410e+06   1.3000000e+01
   5.1196330e+06   1.4000000e+01
   5.1199770e+06   1.5000000e+01
   5.1201610e+06   1.4000000e+01
   5.1202580e+06   1.5000000e+01
   5.1203340e+06   2.0000000e+01
   5.1204340e+06   1.5000000e+01
   5.1205610e+06   1.5000000e+01
   5.1207480e+06   1.4000000e+01
   5.1208310e+06   2.1000000e+01
   5.1208590e+06   1.4000000e+01
   5.1210080e+06   1.4000000e+01
   5.1212650e+06   1.3000000e+01
   5.2734480e+06   1.3000000e+01
   5.2735680e+06   1.3000000e+01
   5.2736960e+06   1.8000000e+01
   5.2744090e+06   1.3000000e+01
   5.2746720e+06   1.3000000e+01
   5.2747380e+06   1.4000000e+01
   5.2749230e+06   1.3000000e+01
   5.2759950e+06   1.6000000e+01
   5.2761820e+06   1.3000000e+01
   5.2762750e+06   2.0000000e+01
   5.2763430e+06   1.6000000e+01
   5.2765740e+06   1.5000000e+01
   5.2766780e+06   1.5000000e+01
   5.2769640e+06   1.3000000e+01
   5.3339410e+06   1.3000000e+01
   5.3339740e+06   1.3000000e+01
   5.3341600e+06   1.5000000e+01
   5.3341930e+06   1.5000000e+01
   5.3342850e+06   1.3000000e+01
   5.3343280e+06   1.5000000e+01
   5.3344280e+06   1.5000000e+01
   5.3345020e+06   1.4000000e+01
   5.3345810e+06   1.4000000e+01
   5.3346780e+06   1.6000000e+01
   5.3348060e+06   1.6000000e+01
   5.3353930e+06   1.3000000e+01
   5.3354530e+06   1.3000000e+01
   5.3358770e+06   1.3000000e+01
   5.3360590e+06   1.4000000e+01
   5.3361310e+06   1.4000000e+01
   5.3363130e+06   1.4000000e+01
   5.3364610e+06   1.3000000e+01
   5.3365260e+06   1.3000000e+01
   5.3372050e+06   1.3000000e+01
   5.3374220e+06   1.3000000e+01
   5.3382180e+06   1.4000000e+01
   5.6608950e+06   1.4000000e+01
   5.6614870e+06   1.3000000e+01
   5.6616490e+06   1.3000000e+01
   5.6619680e+06   1.6000000e+01
   5.6622230e+06   1.3000000e+01
   5.9632280e+06   1.4000000e+01
   5.9633640e+06   1.3000000e+01
   5.9637160e+06   1.3000000e+01
   5.9638000e+06   1.5000000e+01
   5.9642440e+06   1.3000000e+01
   5.9663350e+06   1.3000000e+01
   5.9666340e+06   1.4000000e+01
   5.9667720e+06   1.6000000e+01
   5.9669040e+06   1.7000000e+01
   5.9674140e+06   1.4000000e+01
   6.1339850e+06   1.3000000e+01
   6.1340420e+06   1.3000000e+01
   6.2281200e+06   1.9000000e+01
   6.2281810e+06   1.4000000e+01
   6.2282230e+06   1.3000000e+01
   6.2293420e+06   1.3000000e+01
   6.2302930e+06   1.4000000e+01
   6.2339260e+06   1.3000000e+01
   6.2340710e+06   1.5000000e+01
   6.2342220e+06   1.4000000e+01
   6.2343400e+06   1.3000000e+01
   6.2344640e+06   1.3000000e+01
   6.2346120e+06   1.3000000e+01
   6.2347560e+06   1.6000000e+01
   6.2349020e+06   1.3000000e+01
   6.2352800e+06   1.3000000e+01
   6.4367180e+06   1.3000000e+01
   6.4367750e+06   1.3000000e+01
   6.4414030e+06   1.3000000e+01
   6.5145790e+06   1.3000000e+01
   6.5880120e+06   1.4000000e+01
   6.5882370e+06   1.3000000e+01
   6.5884210e+06   1.3000000e+01
   6.5885520e+06   1.4000000e+01
   6.5892680e+06   1.3000000e+01
   6.5895320e+06   1.3000000e+01
   6.5896520e+06   1.4000000e+01
   6.5897700e+06   1.3000000e+01
   6.5898430e+06   1.3000000e+01
   6.5899130e+06   2.0000000e+01
   6.5899490e+06   1.5000000e+01
   6.5899960e+06   2.7000000e+01
   6.5900800e+06   1.8000000e+01
   6.5901050e+06   4.4000000e+01
   6.5901960e+06   2.4000000e+01
   6.5902330e+06   3.2000000e+01
   6.5903360e+06   1.6000000e+01
   6.5903740e+06   2.8000000e+01
   6.5904690e+06   1.7000000e+01
   6.5905220e+06   3.0000000e+01
   6.5906170e+06   1.3000000e+01
   6.5906440e+06   2.8000000e+01
   6.5907650e+06   1.4000000e+01
   6.5908470e+06   1.6000000e+01
   6.5909240e+06   1.4000000e+01
   6.5910000e+06   1.8000000e+01
   6.5911080e+06   1.6000000e+01
   6.5911850e+06   1.6000000e+01
   6.5913070e+06   1.4000000e+01
   6.5913340e+06   1.4000000e+01
   6.5914280e+06   1.5000000e+01
   6.5914840e+06   1.4000000e+01
   6.5916760e+06   1.4000000e+01
   6.7380510e+06   1.4000000e+01
   6.7408660e+06   1.3000000e+01
   6.8725790e+06   1.3000000e+01
   6.8727050e+06   1.4000000e+01
   6.8729140e+06   1.6000000e+01
   6.8731580e+06   1.3000000e+01
   6.8732950e+06   1.9000000e+01
   6.8733370e+06   1.8000000e+01
   6.8733920e+06   1.5000000e+01
   6.8735130e+06   1.4000000e+01
   6.8736090e+06   1.9000000e+01
   6.8736680e+06   1.7000000e+01
   6.8737220e+06   1.5000000e+01
   6.8737700e+06   1.3000000e+01
   6.8738870e+06   1.8000000e+01
   6.8739120e+06   1.6000000e+01
   6.8740770e+06   1.3000000e+01
   6.8742340e+06   1.3000000e+01
   6.9989490e+06   1.4000000e+01
   6.9995940e+06   1.3000000e+01
   6.9999270e+06   1.3000000e+01
   7.0009690e+06   1.5000000e+01
   7.0013710e+06   1.3000000e+01
   7.1124190e+06   1.3000000e+01
   7.1130250e+06   1.8000000e+01
   7.2049590e+06   1.3000000e+01
   7.2051200e+06   1.6000000e+01
   7.2054940e+06   1.7000000e+01
   7.2057580e+06   1.4000000e+01
   7.2058320e+06   1.3000000e+01
   7.2116280e+06   1.3000000e+01
   7.2117410e+06   1.7000000e+01
   7.2118270e+06   2.2000000e+01
   7.2118540e+06   2.2000000e+01
   7.2120010e+06   2.1000000e+01
   7.2121290e+06   1.4000000e+01
   7.2121730e+06   1.7000000e+01
   7.2123800e+06   1.6000000e+01
   7.2127090e+06   1.6000000e+01
   7.4690010e+06   1.3000000e+01
   7.4696140e+06   1.3000000e+01
   7.4704430e+06   1.3000000e+01
   7.4708640e+06   1.5000000e+01
   7.4709530e+06   1.7000000e+01
   7.4710860e+06   2.0000000e+01
   7.4712280e+06   1.7000000e+01
   7.4713010e+06   2.0000000e+01
   7.4713690e+06   1.5000000e+01
   7.4714530e+06   1.4000000e+01
   7.4715090e+06   1.4000000e+01
   7.4716060e+06   1.9000000e+01
   7.4716410e+06   3.8000000e+01
   7.4717190e+06   1.6000000e+01
   7.4719280e+06   1.7000000e+01
   7.4720430e+06   1.6000000e+01
   7.4722030e+06   1.5000000e+01
   7.4722840e+06   2.7000000e+01
   7.4723100e+06   1.6000000e+01
   7.4724240e+06   1.5000000e+01
   7.4724720e+06   1.4000000e+01
   7.4725490e+06   1.5000000e+01
   7.4727580e+06   1.4000000e+01
   7.4729710e+06   1.4000000e+01
