   7.5000000e+06   0.0000000e+00
   4.4190000e+04   1.8000000e+01
   4.4341000e+04   1.9000000e+01
   4.4367000e+04   3.1000000e+01
   4.4533000e+04   1.8000000e+01
   4.4605000e+04   1.9000000e+01
   4.4685000e+04   1.7000000e+01
   4.4855000e+04   1.7000000e+01
   4.5139000e+04   1.8000000e+01
   4.5199000e+04   2.0000000e+01
   4.5958000e+04   1.7000000e+01
   4.6761000e+04   1.8000000e+01
   4.6798000e+04   2.0000000e+01
   4.7125000e+04   1.7000000e+01
   4.7326000e+04   1.9000000e+01
   4.7919000e+04   2.3000000e+01
   4.8173000e+04   1.7000000e+01
   4.8273000e+04   2.2000000e+01
   4.8514000e+04   1.8000000e+01
   4.8568000e+04   2.4000000e+01
   4.8636000e+04   1.7000000e+01
   4.8709000e+04   1.8000000e+01
   4.8905000e+04   2.0000000e+01
   4.9070000e+04   1.9000000e+01
   4.9105000e+04   2.0000000e+01
   4.9460000e+04   1.7000000e+01
   4.9663000e+04   1.7000000e+01
   5.0092000e+04   1.7000000e+01
   5.0474000e+04   2.0000000e+01
   5.0992000e+04   1.7000000e+01
   5.1263000e+04   1.8000000e+01
   5.1292000e+04   1.8000000e+01
   5.1782000e+04   1.9000000e+01
   5.2093000e+04   1.7000000e+01
   5.2521000e+04   1.7000000e+01
   5.2643000e+04   1.7000000e+01
   5.3540000e+04   1.7000000e+01
   5.3650000e+04   1.8000000e+01
   5.3721000e+04   2.1000000e+01
   5.4100000e+04   1.7000000e+01
   5.4203000e+04   1.7000000e+01
   5.4256000e+04   1.9000000e+01
   5.4385000e+04   1.7000000e+01
   5.4531000e+04   1.9000000e+01
   5.4696000e+04   1.9000000e+01
   5.4882000e+04   1.7000000e+01
   5.5088000e+04   1.8000000e+01
   5.5429000e+04   1.7000000e+01
   5.6544000e+04   1.7000000e+01
   1.4820900e+05   1.8000000e+01
   1.4825500e+05   1.7000000e+01
   1.4916500e+05   2.1000000e+01
   1.4921800e+05   1.7000000e+01
   1.5028500e+05   1.7000000e+01
   1.5036100e+05   2.3000000e+01
   1.5042000e+05   1.9000000e+01
   1.5045300e+05   1.7000000e+01
   1.5054100e+05   2.7000000e+01
   1.5063200e+05   1.9000000e+01
   1.5079400e+05   1.7000000e+01
   1.5086600e+05   2.1000000e+01
   1.5096000e+05   1.9000000e+01
   1.5104000e+05   1.8000000e+01
   1.5116300e+05   2.0000000e+01
   1.5127200e+05   1.8000000e+01
   1.5158000e+05   1.8000000e+01
   1.5175100e+05   1.7000000e+01
   1.5180900e+05   1.8000000e+01
   1.5191500e+05   1.7000000e+01
   1.5222300e+05   1.8000000e+01
   1.5243400e+05   1.8000000e+01
   1.5254700e+05   1.7000000e+01
   1.5275700e+05   1.9000000e+01
   1.5402200e+05   1.7000000e+01
   1.5425800e+05   1.7000000e+01
   1.5635400e+05   1.7000000e+01
   1.5646500e+05   2.1000000e+01
   1.5775300e+05   1.7000000e+01
   1.5779600e+05   1.7000000e+01
   1.5813600e+05   1.8000000e+01
   1.5931800e+05   1.8000000e+01
   1.5943100e+05   1.7000000e+01
   1.5964900e+05   2.0000000e+01
   1.5982100e+05   1.7000000e+01
   1.5995200e+05   1.7000000e+01
   1.5998500e+05   1.8000000e+01
   2.6881900e+05   1.7000000e+01
   3.1376800e+05   3.5000000e+01
   3.1600000e+05   1.8000000e+01
   3.1625700e+05   1.7000000e+01
   3.1634300e+05   2.1000000e+01
   3.1639000e+05   1.7000000e+01
   3.1665000e+05   1.7000000e+01
   3.1687000e+05   1.7000000e+01
   3.1698400e+05   2.0000000e+01
   3.1714000e+05   2.0000000e+01
   3.1731300e+05   1.9000000e+01
   3.1739500e+05   2.1000000e+01
   3.1745800e+05   2.4000000e+01
   3.1753000e+05   3.6000000e+01
   3.1755500e+05   2.0000000e+01
   3.1773200e+05   1.9000000e+01
   3.1821300e+05   1.7000000e+01
   3.1848400e+05   1.8000000e+01
   3.1870500e+05   2.4000000e+01
   3.1876600e+05   2.0000000e+01
   3.1894900e+05   2.7000000e+01
   3.1959100e+05   1.8000000e+01
   3.1971000e+05   1.7000000e+01
   3.2033500e+05   1.8000000e+01
   3.2147500e+05   1.8000000e+01
   3.2152400e+05   1.7000000e+01
   3.2178300e+05   1.7000000e+01
   3.2188900e+05   1.8000000e+01
   3.2192400e+05   2.3000000e+01
   3.2205300e+05   1.9000000e+01
   3.2213300e+05   1.8000000e+01
   3.2220700e+05   2.4000000e+01
   3.2232200e+05   1.7000000e+01
   3.2240300e+05   4.9000000e+01
   3.2243400e+05   3.1000000e+01
   3.2253600e+05   4.9000000e+01
   3.2257700e+05   1.7000000e+01
   3.2262900e+05   4.6000000e+01
   3.2272800e+05   2.0000000e+01
   3.2278300e+05   2.0000000e+01
   3.2290800e+05   2.1000000e+01
   3.2299500e+05   3.8000000e+01
   3.2302100e+05   4.6000000e+01
   3.2311500e+05   1.9000000e+01
   3.2322100e+05   1.8000000e+01
   3.2331800e+05   2.2000000e+01
   3.2335700e+05   2.5000000e+01
   3.2356800e+05   1.7000000e+01
   3.2389300e+05   1.7000000e+01
   3.2459500e+05   1.7000000e+01
   3.2489800e+05   1.9000000e+01
   3.2515000e+05   2.0000000e+01
   3.2525600e+05   1.7000000e+01
   3.2682300e+05   1.7000000e+01
   3.2685100e+05   1.7000000e+01
   3.2694400e+05   1.8000000e+01
   3.2718700e+05   1.8000000e+01
   4.7270800e+05   2.0000000e+01
   4.7275600e+05   2.7000000e+01
   4.7532300e+05   2.1000000e+01
   4.7545000e+05   1.7000000e+01
   4.7595400e+05   1.8000000e+01
   4.7657800e+05   2.1000000e+01
   4.7662200e+05   1.9000000e+01
   4.7727600e+05   1.7000000e+01
   4.7753500e+05   1.7000000e+01
   4.7767400e+05   1.7000000e+01
   4.7780800e+05   2.3000000e+01
   4.7789200e+05   1.7000000e+01
   4.7795500e+05   2.0000000e+01
   4.7819200e+05   1.8000000e+01
   4.7907300e+05   1.8000000e+01
   4.7940200e+05   2.2000000e+01
   4.7968200e+05   1.7000000e+01
   4.7975100e+05   2.0000000e+01
   4.7978900e+05   1.7000000e+01
   4.7989700e+05   1.7000000e+01
   4.8007900e+05   1.8000000e+01
   4.8032500e+05   1.8000000e+01
   4.8054900e+05   1.7000000e+01
   5.6736700e+05   1.7000000e+01
   5.8979200e+05   1.9000000e+01
   5.9094300e+05   1.7000000e+01
   5.9254700e+05   1.7000000e+01
   5.9260500e+05   1.8000000e+01
   5.9269700e+05   2.3000000e+01
   5.9310400e+05   2.2000000e+01
   5.9335400e+05   1.8000000e+01
   5.9353700e+05   1.7000000e+01
   5.9360100e+05   1.8000000e+01
   5.9369200e+05   1.7000000e+01
   5.9377500e+05   1.7000000e+01
   5.9381500e+05   2.1000000e+01
   5.9408800e+05   1.8000000e+01
   5.9428800e+05   1.8000000e+01
   5.9460000e+05   1.8000000e+01
   5.9705000e+05   1.7000000e+01
   5.9749500e+05   1.9000000e+01
   5.9872400e+05   1.7000000e+01
   6.0004800e+05   2.0000000e+01
   6.0011600e+05   2.2000000e+01
   6.0015700e+05   1.7000000e+01
   6.0026200e+05   2.1000000e+01
   6.0043500e+05   2.2000000e+01
   6.0053100e+05   2.6000000e+01
   6.0058100e+05   2.0000000e+01
   6.0063000e+05   2.1000000e+01
   6.0074300e+05   2.0000000e+01
   6.0081200e+05   1.7000000e+01
   6.0105700e+05   2.7000000e+01
   6.0112200e+05   2.4000000e+01
   6.0145600e+05   1.8000000e+01
   6.0229700e+05   2.2000000e+01
   6.0238800e+05   1.7000000e+01
   6.5179100e+05   1.8000000e+01
   7.4033700e+05   1.8000000e+01
   7.4039100e+05   1.7000000e+01
   7.4134100e+05   2.0000000e+01
   7.4178600e+05   2.1000000e+01
   7.4188700e+05   2.0000000e+01
   7.4252900e+05   1.7000000e+01
   7.4337000e+05   1.7000000e+01
   7.4412700e+05   1.8000000e+01
   7.4525200e+05   1.8000000e+01
   7.4528800e+05   2.7000000e+01
   7.4543000e+05   1.8000000e+01
   7.4548000e+05   2.3000000e+01
   7.4556400e+05   2.2000000e+01
   7.4572500e+05   1.7000000e+01
   7.4582200e+05   2.2000000e+01
   7.4586400e+05   1.8000000e+01
   7.4626000e+05   2.0000000e+01
   7.4631900e+05   3.1000000e+01
   7.4637900e+05   1.9000000e+01
   7.4656300e+05   2.0000000e+01
   7.4668600e+05   1.9000000e+01
   7.4673500e+05   1.7000000e+01
   7.4683000e+05   1.7000000e+01
   7.4687800e+05   1.7000000e+01
   7.4695100e+05   1.8000000e+01
   7.4722600e+05   1.8000000e+01
   7.4760200e+05   1.8000000e+01
   7.4762900e+05   2.0000000e+01
   7.4768900e+05   1.8000000e+01
   7.4785200e+05   1.7000000e+01
   7.4797100e+05   1.8000000e+01
   7.4801100e+05   1.9000000e+01
   7.4813800e+05   1.8000000e+01
   7.4844600e+05   1.8000000e+01
   7.4916100e+05   1.7000000e+01
   7.4933300e+05   1.7000000e+01
   7.4945700e+05   2.1000000e+01
   7.4957000e+05   2.3000000e+01
   7.4965200e+05   1.8000000e+01
   7.4971800e+05   2.2000000e+01
   7.4979800e+05   1.9000000e+01
   7.4996500e+05   1.8000000e+01
   7.5012300e+05   2.0000000e+01
   7.5022200e+05   1.7000000e+01
   7.5029500e+05   2.9000000e+01
   7.5048800e+05   1.8000000e+01
   7.5076700e+05   2.2000000e+01
   7.5144300e+05   1.8000000e+01
   7.5445400e+05   1.7000000e+01
   8.2262600e+05   2.9000000e+01
   8.2268300e+05   1.8000000e+01
   8.2272800e+05   2.7000000e+01
   8.2312800e+05   1.9000000e+01
   8.2335900e+05   1.7000000e+01
   8.2339800e+05   1.8000000e+01
   8.2353500e+05   1.8000000e+01
   8.2359800e+05   2.3000000e+01
   8.2367500e+05   1.7000000e+01
   8.2371600e+05   2.1000000e+01
   8.2421300e+05   1.8000000e+01
   8.2436300e+05   1.8000000e+01
   8.2447200e+05   1.8000000e+01
   8.2462800e+05   1.8000000e+01
   8.2520000e+05   2.1000000e+01
   8.3119600e+05   1.8000000e+01
   9.0870500e+05   1.8000000e+01
   9.2716100e+05   1.9000000e+01
   9.2718900e+05   1.7000000e+01
   9.2792800e+05   1.7000000e+01
   9.2822200e+05   1.7000000e+01
   9.2881900e+05   2.4000000e+01
   9.2888000e+05   1.9000000e+01
   9.2905600e+05   2.5000000e+01
   9.2913300e+05   2.8000000e+01
   9.2918000e+05   2.4000000e+01
   9.2922900e+05   1.8000000e+01
   9.2940300e+05   1.7000000e+01
   9.2964600e+05   1.7000000e+01
   9.2980100e+05   1.7000000e+01
   9.3009300e+05   2.0000000e+01
   9.3016700e+05   1.8000000e+01
   9.3025900e+05   1.7000000e+01
   9.3063900e+05   1.7000000e+01
   9.3068400e+05   1.7000000e+01
   9.3075600e+05   1.8000000e+01
   9.3127000e+05   2.1000000e+01
   9.3142200e+05   1.8000000e+01
   9.3154000e+05   1.8000000e+01
   9.3165400e+05   1.7000000e+01
   9.3190800e+05   2.0000000e+01
   9.3233700e+05   1.7000000e+01
   9.3242500e+05   1.8000000e+01
   9.3342500e+05   1.7000000e+01
   9.3374500e+05   1.7000000e+01
   9.3399600e+05   1.7000000e+01
   9.3520500e+05   1.8000000e+01
   9.3587200e+05   1.7000000e+01
   9.3669500e+05   1.8000000e+01
   9.3689600e+05   1.7000000e+01
   9.3727400e+05   1.8000000e+01
   9.3814400e+05   1.7000000e+01
   9.3819500e+05   1.7000000e+01
   9.3869600e+05   1.7000000e+01
   9.3915700e+05   1.8000000e+01
   9.3964000e+05   1.8000000e+01
   9.3974700e+05   1.7000000e+01
   9.3985000e+05   1.9000000e+01
   9.4123000e+05   1.7000000e+01
   1.0114770e+06   2.8000000e+01
   1.0116480e+06   2.1000000e+01
   1.0118030e+06   2.2000000e+01
   1.0125360e+06   1.7000000e+01
   1.0133150e+06   1.7000000e+01
   1.0133740e+06   1.8000000e+01
   1.0137210e+06   1.7000000e+01
   1.0138060e+06   1.7000000e+01
   1.0151060e+06   1.8000000e+01
   1.0152640e+06   1.7000000e+01
   1.0163080e+06   1.7000000e+01
   1.0165160e+06   2.1000000e+01
   1.0169520e+06   1.8000000e+01
   1.0173100e+06   2.6000000e+01
   1.0173910e+06   1.9000000e+01
   1.0179530e+06   1.7000000e+01
   1.0191900e+06   1.7000000e+01
   1.0622810e+06   1.7000000e+01
   1.1645730e+06   2.9000000e+01
   1.1679500e+06   1.9000000e+01
   1.1686760e+06   1.7000000e+01
   1.1695790e+06   1.7000000e+01
   1.1711920e+06   1.7000000e+01
   1.1717750e+06   1.8000000e+01
   1.1718480e+06   2.0000000e+01
   1.1721440e+06   1.8000000e+01
   1.1722130e+06   1.7000000e+01
   1.1722940e+06   2.5000000e+01
   1.1723550e+06   1.9000000e+01
   1.1727500e+06   2.0000000e+01
   1.1728920e+06   1.7000000e+01
   1.1729790e+06   2.0000000e+01
   1.1732170e+06   2.3000000e+01
   1.1733590e+06   1.7000000e+01
   1.1738590e+06   1.7000000e+01
   1.1739480e+06   2.4000000e+01
   1.1742100e+06   1.9000000e+01
   1.1745750e+06   1.7000000e+01
   1.1752730e+06   1.7000000e+01
   1.1753770e+06   1.9000000e+01
   1.1754320e+06   1.7000000e+01
   1.1757280e+06   1.7000000e+01
   1.1759960e+06   1.7000000e+01
   1.1760920e+06   1.7000000e+01
   1.1763060e+06   1.7000000e+01
   1.1764520e+06   1.9000000e+01
   1.1765130e+06   1.9000000e+01
   1.1767880e+06   1.8000000e+01
   1.1769070e+06   1.7000000e+01
   1.1769930e+06   1.8000000e+01
   1.1771280e+06   1.8000000e+01
   1.1772910e+06   2.6000000e+01
   1.1773410e+06   2.3000000e+01
   1.1774880e+06   1.8000000e+01
   1.1775960e+06   2.4000000e+01
   1.1776740e+06   1.7000000e+01
   1.1777590e+06   2.2000000e+01
   1.1778120e+06   2.3000000e+01
   1.1779420e+06   1.9000000e+01
   1.1780300e+06   1.8000000e+01
   1.1780670e+06   2.3000000e+01
   1.1783320e+06   1.7000000e+01
   1.1785050e+06   1.8000000e+01
   1.1786730e+06   1.8000000e+01
   1.1797770e+06   1.7000000e+01
   1.1800610e+06   2.4000000e+01
   1.1805100e+06   1.8000000e+01
   1.2624830e+06   2.0000000e+01
   1.2627040e+06   1.7000000e+01
   1.2645910e+06   1.8000000e+01
   1.2653110e+06   1.8000000e+01
   1.2659020e+06   1.7000000e+01
   1.2660970e+06   1.7000000e+01
   1.2661920e+06   1.9000000e+01
   1.2664020e+06   1.8000000e+01
   1.2664640e+06   1.9000000e+01
   1.2665770e+06   1.9000000e+01
   1.2666180e+06   2.2000000e+01
   1.2667170e+06   1.7000000e+01
   1.2668970e+06   1.7000000e+01
   1.2670500e+06   1.7000000e+01
   1.2671820e+06   2.1000000e+01
   1.3777700e+06   2.5000000e+01
   1.3778180e+06   1.8000000e+01
   1.3779290e+06   1.7000000e+01
   1.3785530e+06   1.9000000e+01
   1.3786520e+06   1.8000000e+01
   1.3794330e+06   1.8000000e+01
   1.3798480e+06   1.8000000e+01
   1.3831550e+06   1.8000000e+01
   1.3836450e+06   2.1000000e+01
   1.3838120e+06   1.9000000e+01
   1.3845980e+06   1.9000000e+01
   1.3854890e+06   1.9000000e+01
   1.3870650e+06   1.9000000e+01
   1.3899560e+06   1.7000000e+01
   1.3900050e+06   1.7000000e+01
   1.3903740e+06   1.8000000e+01
   1.3905290e+06   1.7000000e+01
   1.3906870e+06   2.0000000e+01
   1.3907460e+06   1.7000000e+01
   1.3909130e+06   2.2000000e+01
   1.3910140e+06   2.1000000e+01
   1.3912220e+06   1.7000000e+01
   1.3912600e+06   1.8000000e+01
   1.3913320e+06   2.5000000e+01
   1.3914380e+06   1.9000000e+01
   1.3918410e+06   2.0000000e+01
   1.3920400e+06   1.8000000e+01
   1.3921220e+06   1.7000000e+01
   1.3921810e+06   1.8000000e+01
   1.3925210e+06   1.7000000e+01
   1.3926240e+06   1.7000000e+01
   1.3931730e+06   1.7000000e+01
   1.3932650e+06   2.0000000e+01
   1.3933310e+06   1.8000000e+01
   1.3934450e+06   1.9000000e+01
   1.3935140e+06   1.7000000e+01
   1.3936810e+06   1.7000000e+01
   1.3937780e+06   1.7000000e+01
   1.3941950e+06   1.7000000e+01
   1.3943710e+06   1.7000000e+01
   1.3947630e+06   1.9000000e+01
   1.3964860e+06   1.9000000e+01
   1.3966040e+06   1.9000000e+01
   1.3967740e+06   1.7000000e+01
   1.3969020e+06   1.8000000e+01
   1.3971640e+06   1.7000000e+01
   1.3973300e+06   1.7000000e+01
   1.3976540e+06   2.2000000e+01
   1.3977950e+06   1.7000000e+01
   1.3979730e+06   1.7000000e+01
   1.3980630e+06   2.2000000e+01
   1.3980950e+06   2.3000000e+01
   1.3985070e+06   1.7000000e+01
   1.3986640e+06   1.7000000e+01
   1.3989370e+06   1.9000000e+01
   1.3992330e+06   1.7000000e+01
   1.3996580e+06   1.7000000e+01
   1.3997600e+06   1.8000000e+01
   1.3998740e+06   1.9000000e+01
   1.3999700e+06   1.9000000e+01
   1.4000130e+06   1.8000000e+01
   1.4001030e+06   2.0000000e+01
   1.4001750e+06   2.1000000e+01
   1.4002260e+06   2.2000000e+01
   1.4002960e+06   3.4000000e+01
   1.4003880e+06   2.0000000e+01
   1.4004650e+06   1.7000000e+01
   1.4005630e+06   1.8000000e+01
   1.4006250e+06   1.7000000e+01
   1.4007020e+06   2.9000000e+01
   1.4007300e+06   2.4000000e+01
   1.4008320e+06   2.4000000e+01
   1.4009010e+06   1.9000000e+01
   1.4009710e+06   1.7000000e+01
   1.4010800e+06   2.8000000e+01
   1.4011250e+06   2.3000000e+01
   1.4011510e+06   1.8000000e+01
   1.4012310e+06   3.1000000e+01
   1.4013650e+06   3.0000000e+01
   1.4013940e+06   1.7000000e+01
   1.4014640e+06   2.1000000e+01
   1.4015300e+06   1.8000000e+01
   1.4015700e+06   2.1000000e+01
   1.4016240e+06   1.8000000e+01
   1.4017130e+06   2.4000000e+01
   1.4017580e+06   2.0000000e+01
   1.4018330e+06   2.4000000e+01
   1.4018760e+06   1.8000000e+01
   1.4019250e+06   1.8000000e+01
   1.4019900e+06   1.7000000e+01
   1.4020480e+06   2.2000000e+01
   1.4021570e+06   2.3000000e+01
   1.4022560e+06   1.8000000e+01
   1.4024420e+06   2.9000000e+01
   1.4025200e+06   3.0000000e+01
   1.4025680e+06   1.8000000e+01
   1.4026760e+06   2.9000000e+01
   1.4027170e+06   1.7000000e+01
   1.4027830e+06   2.0000000e+01
   1.4028310e+06   2.1000000e+01
   1.4029010e+06   3.0000000e+01
   1.4029300e+06   2.0000000e+01
   1.4030930e+06   1.9000000e+01
   1.4032880e+06   2.4000000e+01
   1.4033520e+06   1.9000000e+01
   1.4034400e+06   1.9000000e+01
   1.4034930e+06   2.5000000e+01
   1.4035200e+06   1.9000000e+01
   1.4035950e+06   1.7000000e+01
   1.4036460e+06   1.8000000e+01
   1.4036910e+06   1.8000000e+01
   1.4037440e+06   1.8000000e+01
   1.4038180e+06   3.1000000e+01
   1.4038520e+06   2.0000000e+01
   1.4039180e+06   2.2000000e+01
   1.4039610e+06   2.0000000e+01
   1.4040800e+06   1.8000000e+01
   1.4041260e+06   1.7000000e+01
   1.4042910e+06   1.8000000e+01
   1.4043310e+06   1.7000000e+01
   1.4043800e+06   3.0000000e+01
   1.4044430e+06   2.0000000e+01
   1.4045210e+06   3.8000000e+01
   1.4045770e+06   1.9000000e+01
   1.4046190e+06   1.7000000e+01
   1.4046990e+06   1.7000000e+01
   1.4047330e+06   2.2000000e+01
   1.4047950e+06   2.0000000e+01
   1.4048460e+06   1.9000000e+01
   1.4049520e+06   1.9000000e+01
   1.4049890e+06   1.8000000e+01
   1.4051460e+06   2.1000000e+01
   1.4051880e+06   1.8000000e+01
   1.4052870e+06   1.9000000e+01
   1.4053760e+06   1.8000000e+01
   1.4054580e+06   1.9000000e+01
   1.4057270e+06   2.2000000e+01
   1.4058050e+06   2.8000000e+01
   1.4058500e+06   2.5000000e+01
   1.4060410e+06   2.1000000e+01
   1.4063350e+06   1.8000000e+01
   1.4063810e+06   2.2000000e+01
   1.4064590e+06   2.0000000e+01
   1.4065020e+06   1.9000000e+01
   1.4066010e+06   2.4000000e+01
   1.4066580e+06   2.0000000e+01
   1.4069050e+06   1.8000000e+01
   1.4070070e+06   2.2000000e+01
   1.4070710e+06   2.6000000e+01
   1.4071160e+06   1.9000000e+01
   1.4072190e+06   1.9000000e+01
   1.4072470e+06   1.8000000e+01
   1.4073850e+06   1.7000000e+01
   1.4074350e+06   2.0000000e+01
   1.4075660e+06   2.0000000e+01
   1.4076080e+06   1.9000000e+01
   1.4076910e+06   3.1000000e+01
   1.4077910e+06   1.7000000e+01
   1.4079530e+06   1.7000000e+01
   1.4080710e+06   2.1000000e+01
   1.4082160e+06   1.8000000e+01
   1.4083050e+06   2.4000000e+01
   1.4085560e+06   1.7000000e+01
   1.4087430e+06   1.9000000e+01
   1.4088580e+06   2.1000000e+01
   1.4089250e+06   2.0000000e+01
   1.4090070e+06   1.8000000e+01
   1.4091600e+06   1.7000000e+01
   1.4094000e+06   2.0000000e+01
   1.4097750e+06   1.8000000e+01
   1.4100160e+06   1.7000000e+01
   1.4101440e+06   1.7000000e+01
   1.4103570e+06   2.0000000e+01
   1.4111780e+06   2.1000000e+01
   1.4116820e+06   1.7000000e+01
   1.4119540e+06   1.7000000e+01
   1.4123640e+06   1.7000000e+01
   1.5454590e+06   1.7000000e+01
   1.6849020e+06   1.7000000e+01
   1.6918000e+06   2.0000000e+01
   1.6920600e+06   1.8000000e+01
   1.6920980e+06   1.9000000e+01
   1.6923580e+06   1.8000000e+01
   1.6924020e+06   1.7000000e+01
   1.6927760e+06   1.8000000e+01
   1.6929290e+06   1.7000000e+01
   1.6930380e+06   1.8000000e+01
   1.6931240e+06   2.4000000e+01
   1.6931540e+06   2.1000000e+01
   1.6933260e+06   1.8000000e+01
   1.6935660e+06   1.7000000e+01
   1.6954210e+06   1.7000000e+01
   1.6954820e+06   1.7000000e+01
   1.6962160e+06   1.7000000e+01
   1.6963690e+06   1.7000000e+01
   1.6964340e+06   2.0000000e+01
   1.6968370e+06   1.9000000e+01
   1.6968960e+06   2.4000000e+01
   1.7014660e+06   1.7000000e+01
   1.7044340e+06   1.7000000e+01
   1.7045280e+06   1.8000000e+01
   1.7046200e+06   2.1000000e+01
   1.7046740e+06   1.8000000e+01
   1.7047550e+06   1.9000000e+01
   1.7048440e+06   1.8000000e+01
   1.7049640e+06   1.7000000e+01
   1.7050490e+06   1.9000000e+01
   1.7055190e+06   1.7000000e+01
   1.7056120e+06   1.7000000e+01
   1.7056550e+06   1.9000000e+01
   1.7057290e+06   2.8000000e+01
   1.7057600e+06   1.9000000e+01
   1.7058480e+06   2.6000000e+01
   1.7058850e+06   1.7000000e+01
   1.7059960e+06   2.3000000e+01
   1.7060230e+06   2.4000000e+01
   1.7061240e+06   1.7000000e+01
   1.7061550e+06   2.2000000e+01
   1.7062780e+06   1.7000000e+01
   1.7063900e+06   2.2000000e+01
   1.7067450e+06   1.7000000e+01
   1.7068820e+06   1.8000000e+01
   1.7069800e+06   1.7000000e+01
   1.7071080e+06   1.8000000e+01
   1.7072360e+06   2.3000000e+01
   1.7072850e+06   1.9000000e+01
   1.7075590e+06   1.7000000e+01
   1.7080760e+06   1.7000000e+01
   1.7089200e+06   1.7000000e+01
   1.7109400e+06   2.0000000e+01
   1.7292130e+06   1.7000000e+01
   1.7847260e+06   2.2000000e+01
   1.7847930e+06   1.8000000e+01
   1.8191340e+06   1.7000000e+01
   1.9317260e+06   1.7000000e+01
   1.9331290e+06   1.7000000e+01
   1.9332820e+06   1.7000000e+01
   1.9333750e+06   1.8000000e+01
   1.9334790e+06   1.7000000e+01
   1.9339480e+06   1.7000000e+01
   1.9341830e+06   1.7000000e+01
   1.9344360e+06   1.8000000e+01
   1.9347010e+06   1.9000000e+01
   1.9347850e+06   1.8000000e+01
   1.9348610e+06   2.1000000e+01
   1.9348980e+06   2.0000000e+01
   1.9349750e+06   1.7000000e+01
   1.9350320e+06   1.8000000e+01
   1.9351730e+06   1.7000000e+01
   1.9352650e+06   2.5000000e+01
   1.9354700e+06   1.7000000e+01
   1.9355710e+06   1.8000000e+01
   1.9367930e+06   1.7000000e+01
   1.9378260e+06   2.0000000e+01
   1.9380170e+06   1.7000000e+01
   1.9387660e+06   1.8000000e+01
   1.9389830e+06   2.8000000e+01
   1.9390250e+06   3.4000000e+01
   1.9391290e+06   1.9000000e+01
   1.9391730e+06   1.9000000e+01
   1.9392620e+06   2.0000000e+01
   1.9393150e+06   2.0000000e+01
   1.9393720e+06   2.2000000e+01
   1.9394690e+06   1.9000000e+01
   1.9394940e+06   2.3000000e+01
   1.9400810e+06   1.7000000e+01
   1.9402180e+06   1.7000000e+01
   1.9402840e+06   1.7000000e+01
   1.9403950e+06   1.7000000e+01
   1.9406340e+06   1.8000000e+01
   1.9421940e+06   1.7000000e+01
   1.9423090e+06   1.7000000e+01
   1.9429940e+06   1.8000000e+01
   1.9436490e+06   1.9000000e+01
   1.9437170e+06   1.8000000e+01
   1.9438580e+06   1.8000000e+01
   1.9439620e+06   1.7000000e+01
   1.9445170e+06   2.0000000e+01
   1.9450890e+06   2.1000000e+01
   1.9453450e+06   1.9000000e+01
   2.0593150e+06   2.1000000e+01
   2.0594110e+06   1.8000000e+01
   2.0596900e+06   1.7000000e+01
   2.0598190e+06   2.3000000e+01
   2.0599310e+06   2.6000000e+01
   2.0600160e+06   1.8000000e+01
   2.0601240e+06   1.7000000e+01
   2.0602760e+06   1.7000000e+01
   2.0603360e+06   1.7000000e+01
   2.0603810e+06   1.8000000e+01
   2.0604590e+06   2.6000000e+01
   2.0605310e+06   2.3000000e+01
   2.0605690e+06   2.0000000e+01
   2.0606180e+06   1.8000000e+01
   2.0606930e+06   1.8000000e+01
   2.0610350e+06   1.7000000e+01
   2.0641150e+06   1.7000000e+01
   2.0649600e+06   2.0000000e+01
   2.0654430e+06   1.9000000e+01
   2.0663220e+06   1.7000000e+01
   2.0684470e+06   1.7000000e+01
   2.0684980e+06   1.8000000e+01
   2.0686540e+06   1.8000000e+01
   2.0687580e+06   1.8000000e+01
   2.0690740e+06   2.1000000e+01
   2.0691750e+06   2.0000000e+01
   2.0695040e+06   1.8000000e+01
   2.0697820e+06   1.9000000e+01
   2.1482070e+06   1.7000000e+01
   2.1482490e+06   3.0000000e+01
   2.1483090e+06   1.8000000e+01
   2.1488290e+06   1.7000000e+01
   2.1492530e+06   1.7000000e+01
   2.1497350e+06   1.7000000e+01
   2.1498990e+06   2.1000000e+01
   2.1499530e+06   1.8000000e+01
   2.1500590e+06   1.7000000e+01
   2.1504980e+06   2.0000000e+01
   2.1506030e+06   1.7000000e+01
   2.1514530e+06   1.7000000e+01
   2.1521600e+06   2.1000000e+01
   2.1533590e+06   1.7000000e+01
   2.1541460e+06   1.8000000e+01
   2.1544740e+06   2.2000000e+01
   2.1550680e+06   1.7000000e+01
   2.1557340e+06   1.7000000e+01
   2.2530170e+06   2.9000000e+01
   2.2531670e+06   1.9000000e+01
   2.2535180e+06   2.0000000e+01
   2.2535510e+06   1.8000000e+01
   2.2536410e+06   1.7000000e+01
   2.2545290e+06   2.5000000e+01
   2.2546010e+06   1.9000000e+01
   2.2546490e+06   2.0000000e+01
   2.2547080e+06   2.4000000e+01
   2.2547510e+06   1.9000000e+01
   2.2549200e+06   1.9000000e+01
   2.2550890e+06   1.8000000e+01
   2.2565670e+06   1.7000000e+01
   2.2567440e+06   2.0000000e+01
   2.2568000e+06   2.0000000e+01
   2.2568430e+06   1.7000000e+01
   2.2574680e+06   2.1000000e+01
   2.2575070e+06   2.4000000e+01
   2.2579670e+06   1.7000000e+01
   2.2581490e+06   2.2000000e+01
   2.2581830e+06   1.8000000e+01
   2.2582560e+06   1.8000000e+01
   2.2583370e+06   1.9000000e+01
   2.2586660e+06   1.7000000e+01
   2.2593370e+06   1.8000000e+01
   2.2598210e+06   1.9000000e+01
   2.2600050e+06   1.7000000e+01
   2.2602780e+06   2.1000000e+01
   2.2603570e+06   1.9000000e+01
   2.2604650e+06   2.6000000e+01
   2.2604930e+06   2.1000000e+01
   2.2605490e+06   2.0000000e+01
   2.2607050e+06   2.1000000e+01
   2.2617100e+06   1.8000000e+01
   2.3731260e+06   1.7000000e+01
   2.3740530e+06   1.7000000e+01
   2.3741150e+06   2.9000000e+01
   2.3755220e+06   2.1000000e+01
   2.3755960e+06   2.2000000e+01
   2.3758940e+06   2.1000000e+01
   2.3760330e+06   2.2000000e+01
   2.3765370e+06   2.0000000e+01
   2.3766260e+06   1.7000000e+01
   2.3770010e+06   1.9000000e+01
   2.3771900e+06   2.0000000e+01
   2.3775090e+06   1.7000000e+01
   2.3775970e+06   1.7000000e+01
   2.3777550e+06   1.7000000e+01
   2.3778390e+06   1.9000000e+01
   2.3779810e+06   2.4000000e+01
   2.3796470e+06   2.6000000e+01
   2.3797930e+06   2.4000000e+01
   2.3798720e+06   1.8000000e+01
   2.3801780e+06   1.8000000e+01
   2.3804660e+06   1.8000000e+01
   2.3806460e+06   1.7000000e+01
   2.3808450e+06   2.0000000e+01
   2.3816540e+06   1.7000000e+01
   2.3820740e+06   1.8000000e+01
   2.3825560e+06   1.8000000e+01
   2.3826500e+06   1.9000000e+01
   2.3826820e+06   1.7000000e+01
   2.3828540e+06   1.8000000e+01
   2.3828900e+06   1.7000000e+01
   2.3829810e+06   1.9000000e+01
   2.3830520e+06   1.7000000e+01
   2.3831500e+06   1.8000000e+01
   2.3833570e+06   1.7000000e+01
   2.3834810e+06   1.7000000e+01
   2.3835060e+06   2.7000000e+01
   2.3838180e+06   1.9000000e+01
   2.3841230e+06   1.8000000e+01
   2.3843970e+06   1.7000000e+01
   2.3847850e+06   1.7000000e+01
   2.3848930e+06   1.9000000e+01
   2.4764790e+06   1.8000000e+01
   2.4775970e+06   3.8000000e+01
   2.4776560e+06   2.1000000e+01
   2.4782740e+06   2.0000000e+01
   2.4784530e+06   1.7000000e+01
   2.4790590e+06   1.7000000e+01
   2.4794610e+06   1.8000000e+01
   2.4796210e+06   2.2000000e+01
   2.4797450e+06   2.5000000e+01
   2.4797930e+06   2.2000000e+01
   2.4798960e+06   2.1000000e+01
   2.4801410e+06   1.7000000e+01
   2.4802570e+06   3.0000000e+01
   2.4803180e+06   1.8000000e+01
   2.4804370e+06   1.7000000e+01
   2.4805710e+06   2.1000000e+01
   2.4807150e+06   1.7000000e+01
   2.4807920e+06   1.8000000e+01
   2.4808340e+06   1.9000000e+01
   2.4809430e+06   2.2000000e+01
   2.4810430e+06   1.9000000e+01
   2.4811250e+06   1.7000000e+01
   2.4814250e+06   1.8000000e+01
   2.4815090e+06   1.7000000e+01
   2.4815710e+06   1.9000000e+01
   2.4821460e+06   1.8000000e+01
   2.4822640e+06   1.7000000e+01
   2.4829560e+06   1.8000000e+01
   2.5682030e+06   2.0000000e+01
   2.5682890e+06   1.8000000e+01
   2.5683400e+06   1.8000000e+01
   2.5684060e+06   2.5000000e+01
   2.5684610e+06   1.7000000e+01
   2.5688420e+06   1.8000000e+01
   2.5689050e+06   1.8000000e+01
   2.5691220e+06   1.8000000e+01
   2.5697060e+06   1.8000000e+01
   2.5697390e+06   1.7000000e+01
   2.5700230e+06   1.9000000e+01
   2.5701960e+06   1.7000000e+01
   2.5702790e+06   1.7000000e+01
   2.5704730e+06   2.7000000e+01
   2.5705320e+06   2.0000000e+01
   2.5708840e+06   2.4000000e+01
   2.5709910e+06   1.7000000e+01
   2.5711750e+06   2.0000000e+01
   2.5712770e+06   2.5000000e+01
   2.5714590e+06   1.8000000e+01
   2.5717220e+06   1.9000000e+01
   2.5725800e+06   2.4000000e+01
   2.5747690e+06   1.8000000e+01
   2.5762280e+06   1.7000000e+01
   2.5830620e+06   1.8000000e+01
   2.5834110e+06   1.9000000e+01
   2.5861370e+06   1.7000000e+01
   2.7401950e+06   2.2000000e+01
   2.7402490e+06   1.8000000e+01
   2.7402980e+06   1.7000000e+01
   2.7404010e+06   1.7000000e+01
   2.7407930e+06   1.7000000e+01
   2.7408790e+06   1.9000000e+01
   2.7409710e+06   2.3000000e+01
   2.7417980e+06   1.7000000e+01
   2.7418620e+06   1.7000000e+01
   2.7419560e+06   2.4000000e+01
   2.7420440e+06   1.7000000e+01
   2.7421380e+06   1.7000000e+01
   2.7423860e+06   2.1000000e+01
   2.7425210e+06   1.9000000e+01
   2.7426190e+06   1.7000000e+01
   2.7426700e+06   1.7000000e+01
   2.7427480e+06   1.7000000e+01
   2.7428310e+06   2.2000000e+01
   2.7429910e+06   1.7000000e+01
   2.7431170e+06   2.0000000e+01
   2.7431600e+06   1.7000000e+01
   2.7432390e+06   1.7000000e+01
   2.7433040e+06   1.7000000e+01
   2.7434780e+06   2.2000000e+01
   2.7435270e+06   1.9000000e+01
   2.7436030e+06   1.7000000e+01
   2.7437590e+06   1.7000000e+01
   2.7441660e+06   1.8000000e+01
   2.7442660e+06   1.8000000e+01
   2.7445720e+06   2.1000000e+01
   2.7447220e+06   1.7000000e+01
   2.7447880e+06   1.9000000e+01
   2.7455130e+06   1.8000000e+01
   2.7456040e+06   1.8000000e+01
   2.7460840e+06   1.8000000e+01
   2.7470160e+06   1.7000000e+01
   2.7473220e+06   1.8000000e+01
   2.7473600e+06   1.8000000e+01
   2.7478880e+06   1.8000000e+01
   2.7482210e+06   1.8000000e+01
   2.7483940e+06   2.0000000e+01
   2.7502050e+06   1.7000000e+01
   2.7506790e+06   1.7000000e+01
   2.8630910e+06   1.7000000e+01
   2.8632940e+06   1.8000000e+01
   2.8635140e+06   1.7000000e+01
   2.8635410e+06   1.8000000e+01
   2.8636530e+06   1.7000000e+01
   2.8637170e+06   2.5000000e+01
   2.8638030e+06   1.9000000e+01
   2.8638360e+06   1.9000000e+01
   2.8638970e+06   1.7000000e+01
   2.8641030e+06   1.7000000e+01
   2.8641790e+06   2.2000000e+01
   2.8642830e+06   2.3000000e+01
   2.8644510e+06   2.0000000e+01
   2.8645780e+06   1.9000000e+01
   2.8646040e+06   1.8000000e+01
   2.8647680e+06   1.8000000e+01
   2.8649840e+06   2.1000000e+01
   2.8651730e+06   1.7000000e+01
   2.8652040e+06   1.7000000e+01
   2.8652390e+06   2.1000000e+01
   2.8653130e+06   1.8000000e+01
   2.8653870e+06   1.9000000e+01
   2.8654460e+06   2.0000000e+01
   2.8655200e+06   1.9000000e+01
   2.8656260e+06   2.3000000e+01
   2.8656650e+06   1.9000000e+01
   2.8659330e+06   1.9000000e+01
   2.8659990e+06   1.8000000e+01
   2.8661280e+06   2.0000000e+01
   2.8663930e+06   1.9000000e+01
   2.8664490e+06   1.7000000e+01
   2.8667310e+06   1.8000000e+01
   2.8668010e+06   1.9000000e+01
   2.8668830e+06   1.7000000e+01
   2.8675160e+06   1.7000000e+01
   2.8676520e+06   1.8000000e+01
   2.8676780e+06   1.8000000e+01
   2.8680020e+06   1.8000000e+01
   2.8696990e+06   1.7000000e+01
   2.8706900e+06   1.7000000e+01
   2.9352890e+06   2.6000000e+01
   2.9353470e+06   1.7000000e+01
   2.9354290e+06   1.9000000e+01
   2.9354910e+06   1.8000000e+01
   2.9358820e+06   1.8000000e+01
   2.9361980e+06   1.7000000e+01
   2.9362540e+06   1.7000000e+01
   2.9370420e+06   1.8000000e+01
   2.9371760e+06   1.9000000e+01
   2.9375600e+06   1.7000000e+01
   2.9396310e+06   1.9000000e+01
   2.9405560e+06   1.9000000e+01
   2.9406300e+06   2.3000000e+01
   2.9406600e+06   1.7000000e+01
   2.9408540e+06   1.7000000e+01
   2.9409190e+06   1.8000000e+01
   2.9411220e+06   2.2000000e+01
   2.9411800e+06   1.8000000e+01
   2.9414170e+06   1.9000000e+01
   2.9935160e+06   1.8000000e+01
   2.9935500e+06   1.7000000e+01
   2.9939140e+06   1.9000000e+01
   2.9942310e+06   2.3000000e+01
   2.9943130e+06   3.0000000e+01
   2.9943970e+06   2.8000000e+01
   2.9947840e+06   1.7000000e+01
   2.9949280e+06   2.0000000e+01
   2.9950360e+06   1.7000000e+01
   2.9951610e+06   2.2000000e+01
   2.9951860e+06   3.6000000e+01
   2.9952500e+06   2.0000000e+01
   2.9953230e+06   1.7000000e+01
   2.9955330e+06   2.7000000e+01
   2.9956040e+06   2.4000000e+01
   2.9956450e+06   2.3000000e+01
   2.9957200e+06   3.6000000e+01
   2.9957900e+06   1.7000000e+01
   2.9958710e+06   1.7000000e+01
   2.9959510e+06   2.3000000e+01
   2.9960340e+06   2.2000000e+01
   2.9960610e+06   2.2000000e+01
   2.9961160e+06   2.0000000e+01
   2.9961790e+06   1.8000000e+01
   2.9962640e+06   1.8000000e+01
   2.9965340e+06   1.8000000e+01
   2.9967760e+06   1.7000000e+01
   2.9976550e+06   1.7000000e+01
   2.9981680e+06   1.7000000e+01
   2.9985330e+06   1.7000000e+01
   2.9987450e+06   1.8000000e+01
   2.9988230e+06   1.8000000e+01
   2.9998030e+06   1.9000000e+01
   2.9998840e+06   1.8000000e+01
   3.0015250e+06   1.9000000e+01
   3.0016720e+06   2.0000000e+01
   3.0017720e+06   2.0000000e+01
   3.0021920e+06   2.0000000e+01
   3.0026260e+06   1.8000000e+01
   3.0026930e+06   1.7000000e+01
   3.0027740e+06   2.0000000e+01
   3.0030150e+06   1.8000000e+01
   3.0031840e+06   1.9000000e+01
   3.0032240e+06   1.7000000e+01
   3.0033260e+06   2.2000000e+01
   3.0033680e+06   2.1000000e+01
   3.0054340e+06   1.7000000e+01
   3.0282920e+06   1.7000000e+01
   3.1727780e+06   2.0000000e+01
   3.1729090e+06   1.9000000e+01
   3.1729630e+06   1.7000000e+01
   3.1730740e+06   2.1000000e+01
   3.1731010e+06   1.9000000e+01
   3.1733010e+06   1.9000000e+01
   3.1734640e+06   1.7000000e+01
   3.1737510e+06   1.9000000e+01
   3.1739710e+06   2.0000000e+01
   3.1741370e+06   1.8000000e+01
   3.1744320e+06   1.7000000e+01
   3.1744730e+06   2.7000000e+01
   3.1746040e+06   2.8000000e+01
   3.1746420e+06   2.0000000e+01
   3.1747270e+06   1.9000000e+01
   3.1748510e+06   2.1000000e+01
   3.1749250e+06   2.2000000e+01
   3.1749760e+06   2.5000000e+01
   3.1750290e+06   1.7000000e+01
   3.1750590e+06   1.7000000e+01
   3.1751620e+06   1.9000000e+01
   3.1755570e+06   3.0000000e+01
   3.1756580e+06   2.4000000e+01
   3.1757910e+06   1.8000000e+01
   3.1758650e+06   2.2000000e+01
   3.1760760e+06   1.8000000e+01
   3.1762270e+06   1.7000000e+01
   3.1764630e+06   1.9000000e+01
   3.1766340e+06   1.7000000e+01
   3.1768070e+06   1.7000000e+01
   3.1774750e+06   1.7000000e+01
   3.1797870e+06   2.0000000e+01
   3.1798800e+06   1.8000000e+01
   3.1804160e+06   1.7000000e+01
   3.1805180e+06   1.7000000e+01
   3.1806320e+06   1.8000000e+01
   3.1808180e+06   1.7000000e+01
   3.1810600e+06   1.7000000e+01
   3.3857150e+06   1.7000000e+01
   3.3858430e+06   1.8000000e+01
   3.3859260e+06   1.8000000e+01
   3.3859510e+06   1.7000000e+01
   3.3860420e+06   2.9000000e+01
   3.3876480e+06   1.8000000e+01
   3.3881230e+06   2.5000000e+01
   3.3881740e+06   1.7000000e+01
   3.3882150e+06   1.7000000e+01
   3.3883420e+06   2.0000000e+01
   3.3885430e+06   2.3000000e+01
   3.3885760e+06   4.1000000e+01
   3.3886120e+06   1.7000000e+01
   3.3886560e+06   1.7000000e+01
   3.3887360e+06   2.4000000e+01
   3.3887820e+06   3.4000000e+01
   3.3888430e+06   1.8000000e+01
   3.3888930e+06   2.4000000e+01
   3.3890100e+06   2.1000000e+01
   3.3890840e+06   2.2000000e+01
   3.3891210e+06   2.3000000e+01
   3.3892420e+06   1.9000000e+01
   3.3894020e+06   1.9000000e+01
   3.3896220e+06   1.7000000e+01
   3.3908640e+06   2.2000000e+01
   3.3911260e+06   2.3000000e+01
   3.3912200e+06   2.1000000e+01
   3.3913050e+06   1.9000000e+01
   3.3914290e+06   1.8000000e+01
   3.3914760e+06   2.2000000e+01
   3.3915960e+06   1.7000000e+01
   3.3918240e+06   1.9000000e+01
   3.3920440e+06   1.8000000e+01
   3.3921730e+06   1.7000000e+01
   3.3922490e+06   2.8000000e+01
   3.3922810e+06   2.6000000e+01
   3.3923900e+06   1.7000000e+01
   3.3925090e+06   1.9000000e+01
   3.3926410e+06   1.7000000e+01
   3.3927180e+06   1.7000000e+01
   3.3927790e+06   1.7000000e+01
   3.3928560e+06   2.2000000e+01
   3.3931160e+06   1.9000000e+01
   3.3932100e+06   2.1000000e+01
   3.3933140e+06   2.2000000e+01
   3.3935100e+06   3.8000000e+01
   3.3935570e+06   2.8000000e+01
   3.3936440e+06   2.6000000e+01
   3.3938140e+06   1.9000000e+01
   3.3940210e+06   1.8000000e+01
   3.3943740e+06   1.8000000e+01
   3.3945050e+06   1.7000000e+01
   3.3945840e+06   1.7000000e+01
   3.3947510e+06   1.7000000e+01
   3.3949130e+06   1.9000000e+01
   3.3950880e+06   1.8000000e+01
   3.3953730e+06   2.0000000e+01
   3.3957010e+06   1.8000000e+01
   3.3962670e+06   1.9000000e+01
   3.3963490e+06   1.8000000e+01
   3.3981600e+06   1.8000000e+01
   3.4028390e+06   1.8000000e+01
   3.4052610e+06   1.7000000e+01
   3.4068110e+06   1.8000000e+01
   3.4075100e+06   1.7000000e+01
   3.4077550e+06   2.0000000e+01
   3.4078290e+06   1.7000000e+01
   3.4079620e+06   2.0000000e+01
   3.4080960e+06   3.1000000e+01
   3.4081510e+06   1.7000000e+01
   3.4082980e+06   1.7000000e+01
   3.4083780e+06   1.8000000e+01
   3.4085330e+06   1.7000000e+01
   3.4085890e+06   1.8000000e+01
   3.4086660e+06   1.7000000e+01
   3.4086980e+06   2.7000000e+01
   3.4087980e+06   3.0000000e+01
   3.4089450e+06   1.9000000e+01
   3.4089780e+06   2.0000000e+01
   3.4091640e+06   1.7000000e+01
   3.4092130e+06   1.7000000e+01
   3.4093310e+06   1.8000000e+01
   3.4094860e+06   1.9000000e+01
   3.4096090e+06   1.7000000e+01
   3.4096720e+06   3.5000000e+01
   3.4097380e+06   1.8000000e+01
   3.4098020e+06   3.0000000e+01
   3.4098300e+06   2.4000000e+01
   3.4099430e+06   1.7000000e+01
   3.4101120e+06   1.7000000e+01
   3.4101850e+06   1.8000000e+01
   3.4105670e+06   2.1000000e+01
   3.4106330e+06   2.7000000e+01
   3.4106900e+06   2.0000000e+01
   3.4107910e+06   1.9000000e+01
   3.4110690e+06   1.7000000e+01
   3.4111510e+06   2.1000000e+01
   3.4116250e+06   1.7000000e+01
   3.4572820e+06   1.8000000e+01
   3.4575120e+06   1.8000000e+01
   3.4576050e+06   1.9000000e+01
   3.4576970e+06   1.8000000e+01
   3.4578100e+06   1.7000000e+01
   3.4578900e+06   1.8000000e+01
   3.4581110e+06   1.7000000e+01
   3.4581940e+06   1.8000000e+01
   3.4585070e+06   1.7000000e+01
   3.4589390e+06   1.8000000e+01
   3.4594750e+06   1.7000000e+01
   3.4862110e+06   1.7000000e+01
   3.5022600e+06   2.2000000e+01
   3.5023650e+06   1.7000000e+01
   3.5025550e+06   1.9000000e+01
   3.5026280e+06   2.7000000e+01
   3.5026990e+06   1.7000000e+01
   3.5027280e+06   2.0000000e+01
   3.5030590e+06   2.0000000e+01
   3.5031450e+06   1.7000000e+01
   3.5031880e+06   1.7000000e+01
   3.5032760e+06   1.7000000e+01
   3.5035920e+06   1.7000000e+01
   3.5036730e+06   1.9000000e+01
   3.5038020e+06   2.6000000e+01
   3.5041970e+06   2.1000000e+01
   3.5054180e+06   2.2000000e+01
   3.5059260e+06   1.8000000e+01
   3.5066220e+06   2.0000000e+01
   3.5068900e+06   1.7000000e+01
   3.5069160e+06   2.1000000e+01
   3.5082070e+06   1.8000000e+01
   3.5098420e+06   1.7000000e+01
   3.6370240e+06   2.1000000e+01
   3.6371210e+06   2.0000000e+01
   3.6371770e+06   3.4000000e+01
   3.6372310e+06   2.0000000e+01
   3.6372760e+06   1.7000000e+01
   3.6376590e+06   1.9000000e+01
   3.6377130e+06   1.7000000e+01
   3.6377800e+06   1.8000000e+01
   3.6379200e+06   2.3000000e+01
   3.6380580e+06   2.3000000e+01
   3.6381990e+06   1.7000000e+01
   3.6383150e+06   1.8000000e+01
   3.6387710e+06   2.0000000e+01
   3.6388710e+06   1.7000000e+01
   3.6389940e+06   3.0000000e+01
   3.6390600e+06   1.7000000e+01
   3.6391490e+06   2.1000000e+01
   3.6392590e+06   1.8000000e+01
   3.6393520e+06   2.2000000e+01
   3.6393820e+06   1.7000000e+01
   3.6395630e+06   1.7000000e+01
   3.6396410e+06   1.8000000e+01
   3.6399160e+06   1.7000000e+01
   3.6400000e+06   1.9000000e+01
   3.6401760e+06   2.5000000e+01
   3.6402580e+06   1.8000000e+01
   3.6405390e+06   1.7000000e+01
   3.6406960e+06   1.7000000e+01
   3.6416190e+06   1.7000000e+01
   3.6417470e+06   1.7000000e+01
   3.6419690e+06   1.7000000e+01
   3.6420370e+06   1.7000000e+01
   3.6421200e+06   1.7000000e+01
   3.6422850e+06   1.7000000e+01
   3.6424900e+06   1.8000000e+01
   3.6425960e+06   1.7000000e+01
   3.6426280e+06   2.1000000e+01
   3.6427350e+06   1.7000000e+01
   3.6428030e+06   2.1000000e+01
   3.6428610e+06   1.8000000e+01
   3.6431710e+06   1.9000000e+01
   3.6432950e+06   1.9000000e+01
   3.6440760e+06   2.2000000e+01
   3.6441260e+06   2.0000000e+01
   3.6441800e+06   1.8000000e+01
   3.6445190e+06   1.7000000e+01
   3.6446610e+06   1.9000000e+01
   3.6448340e+06   1.7000000e+01
   3.6451120e+06   1.7000000e+01
   3.6453920e+06   1.9000000e+01
   3.6460300e+06   1.7000000e+01
   3.6468850e+06   1.8000000e+01
   3.7159850e+06   1.7000000e+01
   3.7160820e+06   1.8000000e+01
   3.7161580e+06   1.8000000e+01
   3.7188830e+06   1.7000000e+01
   3.7189590e+06   2.5000000e+01
   3.7190040e+06   1.7000000e+01
   3.7190440e+06   2.3000000e+01
   3.7191060e+06   2.6000000e+01
   3.7195380e+06   1.8000000e+01
   3.7197340e+06   1.8000000e+01
   3.7203910e+06   1.7000000e+01
   3.7232080e+06   1.7000000e+01
   3.7705350e+06   2.6000000e+01
   3.7705850e+06   1.7000000e+01
   3.7733760e+06   1.7000000e+01
   3.8937530e+06   2.0000000e+01
   3.8938060e+06   2.2000000e+01
   3.8939050e+06   1.7000000e+01
   3.8941110e+06   2.2000000e+01
   3.8941630e+06   2.4000000e+01
   3.8943010e+06   1.7000000e+01
   3.8949340e+06   1.8000000e+01
   3.8949750e+06   2.8000000e+01
   3.8950440e+06   1.7000000e+01
   3.8951610e+06   1.8000000e+01
   3.8951880e+06   1.8000000e+01
   3.8953020e+06   1.8000000e+01
   3.8953780e+06   1.7000000e+01
   3.8955350e+06   1.8000000e+01
   3.8956770e+06   1.8000000e+01
   3.8959460e+06   2.1000000e+01
   3.8960370e+06   2.3000000e+01
   3.8961340e+06   1.9000000e+01
   3.8965210e+06   2.1000000e+01
   3.8967220e+06   1.7000000e+01
   3.8968640e+06   1.8000000e+01
   3.8969530e+06   1.7000000e+01
   3.8972110e+06   1.9000000e+01
   3.8973150e+06   1.7000000e+01
   3.8974660e+06   1.7000000e+01
   3.8985550e+06   1.7000000e+01
   3.8993550e+06   1.7000000e+01
   3.9000220e+06   1.8000000e+01
   4.0111930e+06   2.3000000e+01
   4.0112550e+06   1.8000000e+01
   4.0114580e+06   3.1000000e+01
   4.0115410e+06   1.9000000e+01
   4.0133040e+06   1.7000000e+01
   4.0135060e+06   2.3000000e+01
   4.0135700e+06   2.9000000e+01
   4.0137030e+06   1.8000000e+01
   4.0137580e+06   1.7000000e+01
   4.0138110e+06   1.7000000e+01
   4.0139090e+06   1.8000000e+01
   4.0139930e+06   1.8000000e+01
   4.0140450e+06   2.2000000e+01
   4.0140860e+06   1.9000000e+01
   4.0141890e+06   2.0000000e+01
   4.0143010e+06   1.8000000e+01
   4.0143660e+06   1.8000000e+01
   4.0144710e+06   1.9000000e+01
   4.0145830e+06   1.7000000e+01
   4.0146470e+06   2.2000000e+01
   4.0149710e+06   2.4000000e+01
   4.0150300e+06   1.9000000e+01
   4.0152210e+06   1.7000000e+01
   4.0153910e+06   1.9000000e+01
   4.0155770e+06   1.7000000e+01
   4.0158940e+06   2.3000000e+01
   4.0159640e+06   1.8000000e+01
   4.0161450e+06   1.7000000e+01
   4.0162940e+06   2.1000000e+01
   4.0163410e+06   4.0000000e+01
   4.0165090e+06   2.1000000e+01
   4.0166240e+06   1.8000000e+01
   4.0166970e+06   1.8000000e+01
   4.0169500e+06   1.8000000e+01
   4.0170740e+06   1.8000000e+01
   4.0171400e+06   1.7000000e+01
   4.0172930e+06   1.9000000e+01
   4.0173780e+06   1.7000000e+01
   4.0179380e+06   1.7000000e+01
   4.0180420e+06   2.3000000e+01
   4.0181110e+06   2.1000000e+01
   4.0182450e+06   1.7000000e+01
   4.0185180e+06   1.7000000e+01
   4.0185730e+06   1.7000000e+01
   4.0190550e+06   1.7000000e+01
   4.0197350e+06   1.7000000e+01
   4.0208750e+06   1.7000000e+01
   4.0219320e+06   2.2000000e+01
   4.0219990e+06   1.7000000e+01
   4.0234010e+06   1.7000000e+01
   4.0248250e+06   1.7000000e+01
   4.0272410e+06   1.9000000e+01
   4.0292630e+06   1.7000000e+01
   4.1015860e+06   1.7000000e+01
   4.1030420e+06   1.8000000e+01
   4.1042990e+06   1.7000000e+01
   4.1043800e+06   3.5000000e+01
   4.1044360e+06   2.7000000e+01
   4.1045210e+06   1.8000000e+01
   4.1047950e+06   3.2000000e+01
   4.1048700e+06   3.9000000e+01
   4.1049040e+06   1.8000000e+01
   4.1049810e+06   2.6000000e+01
   4.1050660e+06   1.7000000e+01
   4.1051350e+06   1.8000000e+01
   4.1055290e+06   1.8000000e+01
   4.1056060e+06   2.5000000e+01
   4.1101750e+06   1.7000000e+01
   4.1691230e+06   1.8000000e+01
   4.1692640e+06   1.7000000e+01
   4.1697330e+06   1.8000000e+01
   4.1698320e+06   2.3000000e+01
   4.1699030e+06   1.8000000e+01
   4.1699590e+06   1.8000000e+01
   4.1703470e+06   2.2000000e+01
   4.1711390e+06   1.7000000e+01
   4.1719590e+06   2.6000000e+01
   4.1727470e+06   2.2000000e+01
   4.1756680e+06   2.0000000e+01
   4.1759920e+06   1.8000000e+01
   4.1763050e+06   1.7000000e+01
   4.1772390e+06   1.7000000e+01
   4.1775960e+06   2.0000000e+01
   4.1786710e+06   1.7000000e+01
   4.1787890e+06   1.8000000e+01
   4.1792030e+06   1.7000000e+01
   4.1797720e+06   1.8000000e+01
   4.1800340e+06   2.0000000e+01
   4.1800670e+06   1.7000000e+01
   4.1805490e+06   1.7000000e+01
   4.1806480e+06   1.7000000e+01
   4.1809580e+06   2.0000000e+01
   4.1812100e+06   1.9000000e+01
   4.1815060e+06   1.7000000e+01
   4.1816130e+06   1.8000000e+01
   4.1817540e+06   2.2000000e+01
   4.1818610e+06   1.9000000e+01
   4.1823870e+06   1.7000000e+01
   4.1824220e+06   1.8000000e+01
   4.1831830e+06   1.9000000e+01
   4.1832830e+06   1.8000000e+01
   4.1834650e+06   1.7000000e+01
   4.1839630e+06   1.8000000e+01
   4.1842000e+06   1.7000000e+01
   4.1842710e+06   2.2000000e+01
   4.1844360e+06   2.1000000e+01
   4.1845740e+06   2.7000000e+01
   4.1846270e+06   2.0000000e+01
   4.1848140e+06   1.8000000e+01
   4.1849150e+06   1.7000000e+01
   4.1850010e+06   1.8000000e+01
   4.1852180e+06   1.9000000e+01
   4.1854670e+06   1.9000000e+01
   4.1856050e+06   2.2000000e+01
   4.1856330e+06   2.6000000e+01
   4.1857360e+06   1.8000000e+01
   4.1860470e+06   1.8000000e+01
   4.1861060e+06   1.9000000e+01
   4.1861850e+06   1.9000000e+01
   4.1862580e+06   1.8000000e+01
   4.1863680e+06   1.7000000e+01
   4.1865510e+06   1.8000000e+01
   4.1866720e+06   2.1000000e+01
   4.1867030e+06   2.6000000e+01
   4.1867710e+06   2.1000000e+01
   4.1868590e+06   1.8000000e+01
   4.1869140e+06   2.1000000e+01
   4.1869980e+06   1.9000000e+01
   4.1870310e+06   1.7000000e+01
   4.1871490e+06   2.7000000e+01
   4.1872680e+06   1.8000000e+01
   4.1875200e+06   2.4000000e+01
   4.1875990e+06   1.7000000e+01
   4.1879210e+06   1.8000000e+01
   4.1879930e+06   2.3000000e+01
   4.1880240e+06   2.0000000e+01
   4.1881740e+06   1.8000000e+01
   4.1882050e+06   3.0000000e+01
   4.1882820e+06   2.6000000e+01
   4.1883100e+06   2.2000000e+01
   4.1883960e+06   2.2000000e+01
   4.1885060e+06   1.8000000e+01
   4.1886030e+06   2.4000000e+01
   4.1886490e+06   3.0000000e+01
   4.1887440e+06   2.2000000e+01
   4.1888600e+06   1.7000000e+01
   4.1889070e+06   2.4000000e+01
   4.1889910e+06   1.9000000e+01
   4.1890820e+06   1.7000000e+01
   4.1891500e+06   2.1000000e+01
   4.1894330e+06   1.7000000e+01
   4.1894850e+06   1.8000000e+01
   4.1895700e+06   2.2000000e+01
   4.1896110e+06   2.0000000e+01
   4.1900230e+06   1.9000000e+01
   4.1903070e+06   2.3000000e+01
   4.1903430e+06   3.8000000e+01
   4.1904710e+06   1.8000000e+01
   4.1905560e+06   1.8000000e+01
   4.1906180e+06   1.9000000e+01
   4.1906440e+06   1.7000000e+01
   4.1910010e+06   1.8000000e+01
   4.1910810e+06   2.0000000e+01
   4.1913850e+06   1.8000000e+01
   4.1914750e+06   2.0000000e+01
   4.1918130e+06   1.7000000e+01
   4.1919450e+06   2.0000000e+01
   4.1933370e+06   1.7000000e+01
   4.3178110e+06   1.8000000e+01
   4.3181640e+06   2.1000000e+01
   4.3182600e+06   1.7000000e+01
   4.3184240e+06   1.9000000e+01
   4.3186360e+06   1.9000000e+01
   4.3187200e+06   1.7000000e+01
   4.3188230e+06   2.6000000e+01
   4.3188520e+06   1.7000000e+01
   4.3191170e+06   1.9000000e+01
   4.3196220e+06   1.9000000e+01
   4.3218770e+06   1.8000000e+01
   4.3221560e+06   1.9000000e+01
   4.3224620e+06   2.9000000e+01
   4.3225160e+06   1.8000000e+01
   4.3226270e+06   1.8000000e+01
   4.3227680e+06   2.1000000e+01
   4.3228550e+06   1.7000000e+01
   4.3234260e+06   1.7000000e+01
   4.3239700e+06   1.8000000e+01
   4.3240890e+06   2.2000000e+01
   4.3241980e+06   1.7000000e+01
   4.3248410e+06   1.7000000e+01
   4.3249300e+06   1.9000000e+01
   4.3249770e+06   2.1000000e+01
   4.3251060e+06   1.9000000e+01
   4.3253690e+06   1.7000000e+01
   4.3264470e+06   2.0000000e+01
   4.3266300e+06   1.8000000e+01
   4.3267260e+06   1.7000000e+01
   4.3269100e+06   1.7000000e+01
   4.3271570e+06   1.8000000e+01
   4.3294470e+06   1.7000000e+01
   4.3297040e+06   1.7000000e+01
   4.3811740e+06   1.7000000e+01
   4.4568320e+06   2.8000000e+01
   4.4569050e+06   2.1000000e+01
   4.4570240e+06   1.7000000e+01
   4.4573990e+06   1.8000000e+01
   4.4576160e+06   1.7000000e+01
   4.4582680e+06   1.8000000e+01
   4.4583370e+06   1.9000000e+01
   4.4584640e+06   2.6000000e+01
   4.4585440e+06   2.9000000e+01
   4.4592940e+06   1.7000000e+01
   4.4593480e+06   2.4000000e+01
   4.4594050e+06   2.3000000e+01
   4.4594850e+06   2.3000000e+01
   4.4600070e+06   1.9000000e+01
   4.4603150e+06   1.7000000e+01
   4.4605060e+06   1.8000000e+01
   4.4679500e+06   1.7000000e+01
   4.4693970e+06   1.7000000e+01
   4.4717810e+06   1.7000000e+01
   4.4718830e+06   1.7000000e+01
   4.4719660e+06   2.1000000e+01
   4.4720020e+06   2.3000000e+01
   4.4723790e+06   1.7000000e+01
   4.4724040e+06   2.2000000e+01
   4.4726170e+06   1.8000000e+01
   4.4727020e+06   2.1000000e+01
   4.4728260e+06   1.9000000e+01
   4.4729840e+06   1.8000000e+01
   4.4730450e+06   2.7000000e+01
   4.4731580e+06   2.0000000e+01
   4.4732530e+06   1.9000000e+01
   4.4734040e+06   2.0000000e+01
   4.4739440e+06   1.7000000e+01
   4.4763800e+06   1.8000000e+01
   4.5739200e+06   1.7000000e+01
   4.5743040e+06   1.9000000e+01
   4.5743550e+06   3.2000000e+01
   4.5744310e+06   2.5000000e+01
   4.5747500e+06   2.4000000e+01
   4.5747920e+06   2.2000000e+01
   4.5748420e+06   1.7000000e+01
   4.5749560e+06   1.8000000e+01
   4.5752990e+06   2.0000000e+01
   4.5753690e+06   1.7000000e+01
   4.5755380e+06   2.0000000e+01
   4.5757220e+06   2.1000000e+01
   4.5761200e+06   1.7000000e+01
   4.5762980e+06   1.7000000e+01
   4.5764560e+06   2.7000000e+01
   4.5766010e+06   2.2000000e+01
   4.5766550e+06   1.7000000e+01
   4.5769570e+06   1.7000000e+01
   4.5770970e+06   2.5000000e+01
   4.5773310e+06   1.8000000e+01
   4.5774150e+06   1.8000000e+01
   4.5782590e+06   1.8000000e+01
   4.5798720e+06   1.9000000e+01
   4.5817130e+06   1.7000000e+01
   4.5819470e+06   2.0000000e+01
   4.5820850e+06   1.7000000e+01
   4.5821750e+06   2.1000000e+01
   4.5822000e+06   2.1000000e+01
   4.5823640e+06   1.7000000e+01
   4.5824290e+06   1.8000000e+01
   4.5826410e+06   1.8000000e+01
   4.5827960e+06   2.1000000e+01
   4.5830000e+06   1.7000000e+01
   4.5831960e+06   1.7000000e+01
   4.5834540e+06   1.9000000e+01
   4.5837000e+06   1.8000000e+01
   4.5861380e+06   2.1000000e+01
   4.6922460e+06   2.4000000e+01
   4.6922740e+06   1.7000000e+01
   4.6931790e+06   1.8000000e+01
   4.6932490e+06   1.9000000e+01
   4.6934460e+06   2.1000000e+01
   4.6936570e+06   1.8000000e+01
   4.6938050e+06   2.0000000e+01
   4.6938540e+06   2.1000000e+01
   4.6939080e+06   1.7000000e+01
   4.6939770e+06   1.9000000e+01
   4.6940240e+06   1.7000000e+01
   4.6940950e+06   2.7000000e+01
   4.6941230e+06   2.3000000e+01
   4.6942020e+06   3.0000000e+01
   4.6942990e+06   2.0000000e+01
   4.6944240e+06   2.0000000e+01
   4.6945470e+06   1.7000000e+01
   4.6946180e+06   2.0000000e+01
   4.6946830e+06   1.9000000e+01
   4.6951950e+06   1.9000000e+01
   4.6959310e+06   1.8000000e+01
   4.6959840e+06   1.9000000e+01
   4.6960290e+06   2.0000000e+01
   4.6960800e+06   1.7000000e+01
   4.6963360e+06   2.1000000e+01
   4.6965310e+06   1.7000000e+01
   4.6967580e+06   1.7000000e+01
   4.6970430e+06   2.1000000e+01
   4.6972980e+06   1.9000000e+01
   4.6995830e+06   1.8000000e+01
   4.7015960e+06   1.7000000e+01
   4.7818990e+06   1.7000000e+01
   4.7825640e+06   1.7000000e+01
   4.8688450e+06   1.8000000e+01
   4.8689550e+06   2.4000000e+01
   4.8690670e+06   1.9000000e+01
   4.8696850e+06   2.2000000e+01
   4.8702180e+06   1.8000000e+01
   4.8704060e+06   1.7000000e+01
   4.8705470e+06   1.7000000e+01
   4.8707400e+06   1.7000000e+01
   4.8708130e+06   2.0000000e+01
   4.8708720e+06   1.8000000e+01
   4.8709670e+06   1.7000000e+01
   4.8710250e+06   1.7000000e+01
   4.8710580e+06   2.2000000e+01
   4.8711270e+06   2.3000000e+01
   4.8711690e+06   2.0000000e+01
   4.8712380e+06   1.7000000e+01
   4.8713250e+06   2.2000000e+01
   4.8713600e+06   1.9000000e+01
   4.8714950e+06   2.1000000e+01
   4.8716460e+06   2.3000000e+01
   4.8717010e+06   2.0000000e+01
   4.8718040e+06   2.3000000e+01
   4.8718700e+06   2.7000000e+01
   4.8720540e+06   1.8000000e+01
   4.8725210e+06   1.8000000e+01
   4.8726550e+06   1.7000000e+01
   4.8727340e+06   1.7000000e+01
   4.8728890e+06   2.0000000e+01
   4.8736230e+06   1.7000000e+01
   4.8761040e+06   1.7000000e+01
   4.8764610e+06   1.8000000e+01
   4.8765900e+06   1.8000000e+01
   4.8772180e+06   2.0000000e+01
   4.8779320e+06   1.7000000e+01
   4.8781100e+06   1.7000000e+01
   4.8783940e+06   2.1000000e+01
   4.8784660e+06   2.1000000e+01
   4.8785190e+06   1.7000000e+01
   4.8786110e+06   1.7000000e+01
   4.8789230e+06   1.8000000e+01
   4.8790110e+06   1.7000000e+01
   4.8793940e+06   1.9000000e+01
   4.8820470e+06   1.9000000e+01
   4.8821450e+06   1.7000000e+01
   4.8824620e+06   1.7000000e+01
   4.8826640e+06   1.7000000e+01
   4.8834360e+06   1.7000000e+01
   5.0273220e+06   2.0000000e+01
   5.0274510e+06   2.6000000e+01
   5.0275600e+06   1.8000000e+01
   5.0283510e+06   2.0000000e+01
   5.0284350e+06   2.7000000e+01
   5.0284640e+06   1.7000000e+01
   5.0285270e+06   1.7000000e+01
   5.0287670e+06   2.0000000e+01
   5.0287990e+06   2.1000000e+01
   5.0288730e+06   1.8000000e+01
   5.0291320e+06   1.7000000e+01
   5.0293420e+06   2.0000000e+01
   5.0294040e+06   2.5000000e+01
   5.0294860e+06   1.8000000e+01
   5.0295680e+06   1.7000000e+01
   5.0296690e+06   1.7000000e+01
   5.0296970e+06   2.1000000e+01
   5.0298080e+06   1.7000000e+01
   5.0302750e+06   1.7000000e+01
   5.0304310e+06   1.9000000e+01
   5.0304740e+06   1.8000000e+01
   5.0313270e+06   2.2000000e+01
   5.0317150e+06   1.7000000e+01
   5.0320230e+06   1.8000000e+01
   5.0322420e+06   2.1000000e+01
   5.0324610e+06   1.8000000e+01
   5.0325390e+06   2.1000000e+01
   5.0325870e+06   1.8000000e+01
   5.0326520e+06   2.1000000e+01
   5.0327120e+06   2.1000000e+01
   5.0327910e+06   3.4000000e+01
   5.0328210e+06   2.4000000e+01
   5.0329150e+06   1.7000000e+01
   5.0330450e+06   2.6000000e+01
   5.0330840e+06   1.7000000e+01
   5.0332570e+06   1.8000000e+01
   5.0333130e+06   1.8000000e+01
   5.0333760e+06   1.9000000e+01
   5.0334090e+06   1.8000000e+01
   5.0336310e+06   1.7000000e+01
   5.0337190e+06   1.8000000e+01
   5.0338370e+06   1.7000000e+01
   5.0338650e+06   2.1000000e+01
   5.0339860e+06   1.8000000e+01
   5.0340450e+06   1.7000000e+01
   5.0341090e+06   1.7000000e+01
   5.0341980e+06   1.9000000e+01
   5.0342630e+06   1.7000000e+01
   5.0343490e+06   3.2000000e+01
   5.0344010e+06   1.8000000e+01
   5.0346180e+06   1.7000000e+01
   5.0348120e+06   1.9000000e+01
   5.0349180e+06   1.8000000e+01
   5.0350040e+06   2.0000000e+01
   5.0354950e+06   1.7000000e+01
   5.0356260e+06   2.0000000e+01
   5.0356530e+06   1.9000000e+01
   5.0358340e+06   1.7000000e+01
   5.0360620e+06   2.8000000e+01
   5.0360940e+06   3.6000000e+01
   5.0361700e+06   1.9000000e+01
   5.0363810e+06   1.8000000e+01
   5.0364580e+06   2.1000000e+01
   5.0369580e+06   2.2000000e+01
   5.0371860e+06   1.7000000e+01
   5.0377300e+06   1.7000000e+01
   5.0382280e+06   2.0000000e+01
   5.1073590e+06   2.0000000e+01
   5.1074080e+06   1.7000000e+01
   5.1083940e+06   1.7000000e+01
   5.1088410e+06   1.7000000e+01
   5.1089460e+06   1.7000000e+01
   5.1090240e+06   1.9000000e+01
   5.1090780e+06   1.8000000e+01
   5.1094020e+06   1.7000000e+01
   5.1094520e+06   2.2000000e+01
   5.1095190e+06   1.8000000e+01
   5.1096250e+06   2.5000000e+01
   5.1096700e+06   1.8000000e+01
   5.1097100e+06   2.2000000e+01
   5.1097890e+06   2.6000000e+01
   5.1098570e+06   2.6000000e+01
   5.1098820e+06   2.1000000e+01
   5.1100030e+06   2.1000000e+01
   5.1100320e+06   2.2000000e+01
   5.1101450e+06   1.9000000e+01
   5.1101910e+06   1.7000000e+01
   5.1102490e+06   1.8000000e+01
   5.1103080e+06   2.2000000e+01
   5.1103510e+06   1.9000000e+01
   5.1104330e+06   2.0000000e+01
   5.1104770e+06   1.9000000e+01
   5.1105530e+06   1.8000000e+01
   5.1106030e+06   1.9000000e+01
   5.1109840e+06   1.7000000e+01
   5.1110300e+06   1.7000000e+01
   5.1112420e+06   1.8000000e+01
   5.1113200e+06   2.1000000e+01
   5.1114300e+06   1.8000000e+01
   5.1118690e+06   1.7000000e+01
   5.1141240e+06   1.7000000e+01
   5.1865170e+06   2.6000000e+01
   5.1865830e+06   1.7000000e+01
   5.1866270e+06   2.7000000e+01
   5.1866790e+06   1.7000000e+01
   5.1868340e+06   1.8000000e+01
   5.1911680e+06   2.1000000e+01
   5.1914130e+06   1.7000000e+01
   5.1915200e+06   2.7000000e+01
   5.1915800e+06   2.2000000e+01
   5.1916160e+06   1.7000000e+01
   5.2625240e+06   2.5000000e+01
   5.2631110e+06   2.7000000e+01
   5.2633800e+06   1.7000000e+01
   5.2641540e+06   1.7000000e+01
   5.2648790e+06   1.8000000e+01
   5.2650740e+06   1.9000000e+01
   5.2651130e+06   1.7000000e+01
   5.2652090e+06   1.7000000e+01
   5.2652580e+06   1.9000000e+01
   5.2655250e+06   1.8000000e+01
   5.2656150e+06   1.9000000e+01
   5.2657640e+06   2.3000000e+01
   5.2703440e+06   2.0000000e+01
   5.2703950e+06   1.9000000e+01
   5.2706170e+06   1.8000000e+01
   5.2708020e+06   1.8000000e+01
   5.2710910e+06   1.8000000e+01
   5.2712770e+06   1.7000000e+01
   5.2716680e+06   1.8000000e+01
   5.2717730e+06   1.7000000e+01
   5.2725210e+06   1.7000000e+01
   5.2763520e+06   1.7000000e+01
   5.3210850e+06   1.7000000e+01
   5.3211350e+06   1.8000000e+01
   5.3213620e+06   1.9000000e+01
   5.3220030e+06   1.8000000e+01
   5.3223320e+06   1.9000000e+01
   5.3223870e+06   1.7000000e+01
   5.3224750e+06   1.9000000e+01
   5.3225510e+06   1.7000000e+01
   5.3226580e+06   1.8000000e+01
   5.3227320e+06   1.7000000e+01
   5.3228030e+06   1.9000000e+01
   5.3228800e+06   1.7000000e+01
   5.3229720e+06   1.7000000e+01
   5.3229980e+06   1.8000000e+01
   5.3230860e+06   1.9000000e+01
   5.3231790e+06   2.5000000e+01
   5.3232480e+06   1.7000000e+01
   5.3232920e+06   1.9000000e+01
   5.3233660e+06   2.5000000e+01
   5.3234200e+06   1.7000000e+01
   5.3234850e+06   2.2000000e+01
   5.3235690e+06   2.9000000e+01
   5.3236020e+06   2.2000000e+01
   5.3236620e+06   2.0000000e+01
   5.3237760e+06   1.8000000e+01
   5.3238340e+06   1.9000000e+01
   5.3238880e+06   1.8000000e+01
   5.3239530e+06   2.1000000e+01
   5.3239960e+06   1.9000000e+01
   5.3241250e+06   1.7000000e+01
   5.3242640e+06   2.1000000e+01
   5.3243240e+06   2.3000000e+01
   5.3244380e+06   2.1000000e+01
   5.3244670e+06   1.9000000e+01
   5.3245600e+06   1.7000000e+01
   5.3246470e+06   1.9000000e+01
   5.3247670e+06   1.7000000e+01
   5.3249160e+06   1.7000000e+01
   5.3249880e+06   1.8000000e+01
   5.3251830e+06   1.7000000e+01
   5.3252510e+06   1.7000000e+01
   5.3255150e+06   2.1000000e+01
   5.3259580e+06   2.1000000e+01
   5.3260180e+06   1.9000000e+01
   5.3263530e+06   1.8000000e+01
   5.3265140e+06   1.7000000e+01
   5.3266270e+06   1.9000000e+01
   5.3278980e+06   1.8000000e+01
   5.3279420e+06   1.8000000e+01
   5.3280320e+06   1.9000000e+01
   5.3281990e+06   1.8000000e+01
   5.3285260e+06   2.1000000e+01
   5.3287940e+06   1.9000000e+01
   5.3290270e+06   1.7000000e+01
   5.3291010e+06   1.7000000e+01
   5.3291370e+06   1.7000000e+01
   5.3293740e+06   1.7000000e+01
   5.3300300e+06   1.8000000e+01
   5.3334250e+06   1.7000000e+01
   5.3335140e+06   2.2000000e+01
   5.3335530e+06   3.8000000e+01
   5.3336750e+06   3.0000000e+01
   5.3337480e+06   1.9000000e+01
   5.3338480e+06   2.7000000e+01
   5.3339290e+06   3.5000000e+01
   5.3339550e+06   3.3000000e+01
   5.3340880e+06   1.8000000e+01
   5.3341700e+06   7.8000000e+01
   5.3341950e+06   5.8000000e+01
   5.3343120e+06   2.9000000e+01
   5.3343890e+06   9.3000000e+01
   5.3344200e+06   7.7000000e+01
   5.3345470e+06   2.9000000e+01
   5.3346500e+06   2.1000000e+01
   5.3346850e+06   5.7000000e+01
   5.3347700e+06   3.8000000e+01
   5.3348650e+06   4.5000000e+01
   5.3348900e+06   1.7000000e+01
   5.3349280e+06   2.0000000e+01
   5.3350310e+06   2.4000000e+01
   5.3350790e+06   1.7000000e+01
   5.3351620e+06   1.7000000e+01
   5.3352370e+06   1.9000000e+01
   5.3352940e+06   1.8000000e+01
   5.3353760e+06   1.7000000e+01
   5.3354440e+06   1.8000000e+01
   5.3355150e+06   2.4000000e+01
   5.3356000e+06   3.8000000e+01
   5.3356440e+06   1.8000000e+01
   5.3357220e+06   2.3000000e+01
   5.3357510e+06   3.6000000e+01
   5.3358490e+06   1.7000000e+01
   5.3359300e+06   3.5000000e+01
   5.3359900e+06   2.0000000e+01
   5.3360700e+06   4.1000000e+01
   5.3361040e+06   3.1000000e+01
   5.3362250e+06   1.8000000e+01
   5.3363290e+06   2.0000000e+01
   5.3364390e+06   4.2000000e+01
   5.3364850e+06   1.8000000e+01
   5.3365220e+06   2.5000000e+01
   5.3366810e+06   2.1000000e+01
   5.3367950e+06   2.1000000e+01
   5.3369060e+06   1.7000000e+01
   5.3369630e+06   2.6000000e+01
   5.3370930e+06   2.2000000e+01
   5.3371960e+06   2.0000000e+01
   5.3373040e+06   2.6000000e+01
   5.3373790e+06   1.7000000e+01
   5.3374830e+06   2.0000000e+01
   5.3375130e+06   2.1000000e+01
   5.3376080e+06   2.4000000e+01
   5.3376990e+06   1.8000000e+01
   5.3377710e+06   1.8000000e+01
   5.3378640e+06   2.3000000e+01
   5.3379480e+06   1.7000000e+01
   5.3380200e+06   1.7000000e+01
   5.3381290e+06   1.9000000e+01
   5.3381760e+06   2.6000000e+01
   5.3382830e+06   1.7000000e+01
   5.3385310e+06   2.4000000e+01
   5.3385730e+06   1.8000000e+01
   5.3387240e+06   1.7000000e+01
   5.3389920e+06   2.2000000e+01
   5.3390510e+06   1.8000000e+01
   5.3396220e+06   1.8000000e+01
   5.3397370e+06   1.9000000e+01
   5.3397950e+06   2.0000000e+01
   5.3401260e+06   1.9000000e+01
   5.3401670e+06   1.8000000e+01
   5.3402170e+06   1.8000000e+01
   5.3402690e+06   1.8000000e+01
   5.3404200e+06   1.7000000e+01
   5.3405140e+06   1.9000000e+01
   5.3405430e+06   1.9000000e+01
   5.3406320e+06   2.3000000e+01
   5.3407720e+06   1.8000000e+01
   5.3410260e+06   2.0000000e+01
   5.3412190e+06   1.7000000e+01
   5.3412920e+06   1.8000000e+01
   5.3422350e+06   1.7000000e+01
   5.3423070e+06   3.0000000e+01
   5.3423540e+06   2.0000000e+01
   5.3424490e+06   2.0000000e+01
   5.3433760e+06   1.7000000e+01
   5.3437110e+06   1.7000000e+01
   5.3437770e+06   2.0000000e+01
   5.3438060e+06   1.7000000e+01
   5.3440670e+06   1.7000000e+01
   5.3442870e+06   1.7000000e+01
   5.3443640e+06   1.9000000e+01
   5.3444920e+06   1.7000000e+01
   5.3445810e+06   2.0000000e+01
   5.3447520e+06   2.3000000e+01
   5.3448060e+06   1.9000000e+01
   5.3449840e+06   1.8000000e+01
   5.3450880e+06   2.4000000e+01
   5.3451180e+06   2.1000000e+01
   5.3452010e+06   2.0000000e+01
   5.3452770e+06   1.8000000e+01
   5.3454140e+06   2.3000000e+01
   5.3454530e+06   1.9000000e+01
   5.3455210e+06   1.8000000e+01
   5.3455690e+06   2.9000000e+01
   5.3456340e+06   1.9000000e+01
   5.3456820e+06   3.7000000e+01
   5.3457580e+06   2.7000000e+01
   5.3457870e+06   2.1000000e+01
   5.3458420e+06   1.7000000e+01
   5.3458930e+06   2.3000000e+01
   5.3459220e+06   1.9000000e+01
   5.3460040e+06   2.0000000e+01
   5.3460950e+06   1.9000000e+01
   5.3461630e+06   1.9000000e+01
   5.3462380e+06   2.0000000e+01
   5.3463100e+06   2.2000000e+01
   5.3463550e+06   1.7000000e+01
   5.3464150e+06   3.4000000e+01
   5.3464870e+06   1.8000000e+01
   5.3465800e+06   1.9000000e+01
   5.3466770e+06   2.4000000e+01
   5.3467210e+06   1.8000000e+01
   5.3469030e+06   2.2000000e+01
   5.3469770e+06   2.2000000e+01
   5.3470340e+06   2.2000000e+01
   5.3470780e+06   3.1000000e+01
   5.3471240e+06   2.3000000e+01
   5.3472680e+06   1.9000000e+01
   5.3473640e+06   2.5000000e+01
   5.3474530e+06   3.0000000e+01
   5.3474790e+06   1.9000000e+01
   5.3475580e+06   2.0000000e+01
   5.3476390e+06   1.7000000e+01
   5.3476660e+06   1.7000000e+01
   5.3477730e+06   2.8000000e+01
   5.3478080e+06   1.8000000e+01
   5.3478600e+06   1.7000000e+01
   5.3479380e+06   2.0000000e+01
   5.3479890e+06   2.4000000e+01
   5.3480170e+06   2.7000000e+01
   5.3481120e+06   2.0000000e+01
   5.3481420e+06   2.7000000e+01
   5.3482190e+06   2.2000000e+01
   5.3483030e+06   2.2000000e+01
   5.3483890e+06   1.9000000e+01
   5.3484920e+06   2.1000000e+01
   5.3486020e+06   2.0000000e+01
   5.3486710e+06   2.6000000e+01
   5.3487540e+06   1.7000000e+01
   5.3487900e+06   2.0000000e+01
   5.3488860e+06   1.7000000e+01
   5.3489340e+06   2.6000000e+01
   5.3490560e+06   2.3000000e+01
   5.3490900e+06   2.0000000e+01
   5.3492080e+06   1.9000000e+01
   5.3492470e+06   2.2000000e+01
   5.3492940e+06   1.8000000e+01
   5.3494340e+06   1.8000000e+01
   5.3495140e+06   2.1000000e+01
   5.3495870e+06   2.6000000e+01
   5.3496510e+06   2.4000000e+01
   5.3497390e+06   1.9000000e+01
   5.3498200e+06   2.1000000e+01
   5.3499440e+06   1.8000000e+01
   5.3501100e+06   1.7000000e+01
   5.3502180e+06   1.9000000e+01
   5.3503040e+06   1.8000000e+01
   5.3503370e+06   1.8000000e+01
   5.3504040e+06   2.0000000e+01
   5.3504350e+06   2.3000000e+01
   5.3504830e+06   2.3000000e+01
   5.3505980e+06   1.7000000e+01
   5.3506390e+06   2.0000000e+01
   5.3507150e+06   1.8000000e+01
   5.3507440e+06   1.7000000e+01
   5.3508110e+06   1.8000000e+01
   5.3510670e+06   1.9000000e+01
   5.3512180e+06   1.8000000e+01
   5.3512960e+06   2.0000000e+01
   5.3513710e+06   1.8000000e+01
   5.3514890e+06   1.7000000e+01
   5.3516190e+06   2.3000000e+01
   5.3516980e+06   2.6000000e+01
   5.3518470e+06   1.7000000e+01
   5.3519260e+06   2.3000000e+01
   5.3522710e+06   2.0000000e+01
   5.3524070e+06   2.3000000e+01
   5.3524360e+06   2.1000000e+01
   5.3525080e+06   1.9000000e+01
   5.3527110e+06   2.7000000e+01
   5.3532110e+06   2.0000000e+01
   5.3535070e+06   1.7000000e+01
   5.3536030e+06   1.8000000e+01
   5.3537430e+06   1.9000000e+01
   5.3537760e+06   2.2000000e+01
   5.3538340e+06   1.7000000e+01
   5.3539720e+06   2.1000000e+01
   5.3540950e+06   1.8000000e+01
   5.3543680e+06   1.7000000e+01
   5.3546200e+06   2.3000000e+01
   5.3591140e+06   1.7000000e+01
   5.3592390e+06   1.7000000e+01
   5.3699140e+06   2.5000000e+01
   5.3699910e+06   3.0000000e+01
   5.3700160e+06   1.7000000e+01
   5.3701190e+06   1.8000000e+01
   5.6021270e+06   1.7000000e+01
   5.6666790e+06   2.0000000e+01
   5.7081550e+06   1.7000000e+01
   5.8095830e+06   1.7000000e+01
   5.8100160e+06   1.7000000e+01
   5.8147120e+06   1.8000000e+01
   5.8147400e+06   2.4000000e+01
   5.8150390e+06   2.9000000e+01
   5.8151730e+06   1.7000000e+01
   5.8152600e+06   2.3000000e+01
   5.8156240e+06   1.8000000e+01
   5.9542100e+06   1.7000000e+01
   5.9545680e+06   2.0000000e+01
   5.9547270e+06   1.8000000e+01
   5.9548290e+06   1.7000000e+01
   5.9557430e+06   1.9000000e+01
   5.9558040e+06   1.7000000e+01
   5.9558410e+06   3.1000000e+01
   5.9559190e+06   2.3000000e+01
   5.9560540e+06   2.7000000e+01
   5.9561280e+06   2.4000000e+01
   5.9562030e+06   2.1000000e+01
   5.9562980e+06   1.8000000e+01
   5.9563730e+06   2.0000000e+01
   5.9565010e+06   1.8000000e+01
   5.9565950e+06   2.3000000e+01
   5.9567190e+06   1.7000000e+01
   5.9568280e+06   1.8000000e+01
   5.9569710e+06   2.0000000e+01
   5.9572130e+06   1.7000000e+01
   5.9573040e+06   1.7000000e+01
   5.9576490e+06   1.9000000e+01
   5.9579400e+06   1.7000000e+01
   5.9591760e+06   2.4000000e+01
   5.9592230e+06   1.7000000e+01
   5.9622960e+06   1.9000000e+01
   5.9623650e+06   1.7000000e+01
   5.9624460e+06   1.7000000e+01
   5.9624810e+06   2.6000000e+01
   5.9626410e+06   2.2000000e+01
   5.9627120e+06   2.1000000e+01
   5.9627840e+06   2.7000000e+01
   5.9630180e+06   2.6000000e+01
   5.9630990e+06   1.9000000e+01
   5.9632030e+06   3.1000000e+01
   5.9632460e+06   1.9000000e+01
   5.9633310e+06   1.7000000e+01
   5.9633600e+06   2.1000000e+01
   5.9635630e+06   2.1000000e+01
   5.9636180e+06   1.8000000e+01
   5.9638220e+06   2.2000000e+01
   5.9639330e+06   1.8000000e+01
   5.9645930e+06   1.7000000e+01
   6.0470110e+06   2.0000000e+01
   6.0473820e+06   1.7000000e+01
   6.0478380e+06   1.9000000e+01
   6.0480250e+06   1.9000000e+01
   6.0481130e+06   2.5000000e+01
   6.0481710e+06   1.7000000e+01
   6.0482160e+06   1.7000000e+01
   6.0482660e+06   2.6000000e+01
   6.0483500e+06   1.7000000e+01
   6.0484930e+06   2.0000000e+01
   6.0485490e+06   1.8000000e+01
   6.0485740e+06   1.7000000e+01
   6.0486500e+06   1.9000000e+01
   6.0487410e+06   2.0000000e+01
   6.0487840e+06   2.2000000e+01
   6.0489090e+06   2.0000000e+01
   6.0492530e+06   1.8000000e+01
   6.0495420e+06   1.9000000e+01
   6.1103180e+06   1.8000000e+01
   6.1257960e+06   1.7000000e+01
   6.1263050e+06   2.4000000e+01
   6.1263990e+06   2.2000000e+01
   6.1268610e+06   1.8000000e+01
   6.1270440e+06   1.8000000e+01
   6.1271530e+06   1.7000000e+01
   6.1272340e+06   1.7000000e+01
   6.1273800e+06   1.7000000e+01
   6.1277300e+06   1.9000000e+01
   6.1306340e+06   2.0000000e+01
   6.1307430e+06   2.1000000e+01
   6.1308260e+06   2.8000000e+01
   6.1308770e+06   1.7000000e+01
   6.1309260e+06   2.5000000e+01
   6.1310490e+06   2.3000000e+01
   6.1311040e+06   1.9000000e+01
   6.1312090e+06   2.1000000e+01
   6.1312890e+06   1.7000000e+01
   6.1313420e+06   1.7000000e+01
   6.1314240e+06   2.3000000e+01
   6.1315160e+06   1.7000000e+01
   6.1316890e+06   1.7000000e+01
   6.1319640e+06   1.7000000e+01
   6.1323750e+06   1.7000000e+01
   6.1334730e+06   1.8000000e+01
   6.1355960e+06   1.8000000e+01
   6.1362460e+06   1.7000000e+01
   6.1365470e+06   1.8000000e+01
   6.1375660e+06   1.7000000e+01
   6.1380550e+06   1.8000000e+01
   6.1384420e+06   1.7000000e+01
   6.1388680e+06   2.0000000e+01
   6.1389080e+06   2.0000000e+01
   6.1389990e+06   1.9000000e+01
   6.1392400e+06   2.3000000e+01
   6.1392980e+06   2.0000000e+01
   6.1396910e+06   2.7000000e+01
   6.1397630e+06   3.4000000e+01
   6.1398450e+06   1.7000000e+01
   6.1399250e+06   3.3000000e+01
   6.1399650e+06   1.7000000e+01
   6.1400960e+06   1.9000000e+01
   6.1401460e+06   1.7000000e+01
   6.1403940e+06   2.3000000e+01
   6.1404810e+06   2.7000000e+01
   6.1405560e+06   2.6000000e+01
   6.1406420e+06   1.9000000e+01
   6.1407060e+06   1.9000000e+01
   6.1408400e+06   2.1000000e+01
   6.1409060e+06   2.7000000e+01
   6.1410340e+06   2.2000000e+01
   6.1411540e+06   2.0000000e+01
   6.1413120e+06   1.9000000e+01
   6.1413680e+06   1.8000000e+01
   6.1415010e+06   2.4000000e+01
   6.1417560e+06   2.5000000e+01
   6.1418980e+06   2.0000000e+01
   6.1419680e+06   2.0000000e+01
   6.1419990e+06   1.7000000e+01
   6.1426640e+06   1.8000000e+01
   6.2246850e+06   1.7000000e+01
   6.2250050e+06   1.9000000e+01
   6.2254100e+06   1.7000000e+01
   6.2254970e+06   1.8000000e+01
   6.2257870e+06   2.0000000e+01
   6.2261590e+06   1.8000000e+01
   6.2262210e+06   1.7000000e+01
   6.2264800e+06   1.7000000e+01
   6.2265910e+06   1.9000000e+01
   6.2267520e+06   1.8000000e+01
   6.2268050e+06   1.7000000e+01
   6.2268980e+06   1.7000000e+01
   6.2271720e+06   1.7000000e+01
   6.2298000e+06   1.7000000e+01
   6.2302530e+06   1.7000000e+01
   6.2313450e+06   2.0000000e+01
   6.2313880e+06   1.8000000e+01
   6.2316110e+06   1.8000000e+01
   6.2335720e+06   2.0000000e+01
   6.2336700e+06   2.1000000e+01
   6.2337740e+06   1.9000000e+01
   6.2338490e+06   3.7000000e+01
   6.2339080e+06   1.9000000e+01
   6.2339920e+06   5.6000000e+01
   6.2340260e+06   2.2000000e+01
   6.2340730e+06   4.2000000e+01
   6.2341930e+06   2.1000000e+01
   6.2342820e+06   7.3000000e+01
   6.2343140e+06   4.6000000e+01
   6.2344160e+06   4.6000000e+01
   6.2344580e+06   4.7000000e+01
   6.2345560e+06   4.3000000e+01
   6.2346020e+06   4.2000000e+01
   6.2346790e+06   4.6000000e+01
   6.2347160e+06   3.5000000e+01
   6.2348160e+06   6.9000000e+01
   6.2348410e+06   4.6000000e+01
   6.2348930e+06   4.4000000e+01
   6.2349750e+06   2.4000000e+01
   6.2350290e+06   1.9000000e+01
   6.2351690e+06   1.8000000e+01
   6.2352460e+06   2.5000000e+01
   6.2352800e+06   2.1000000e+01
   6.2354000e+06   1.8000000e+01
   6.2354630e+06   1.8000000e+01
   6.2357880e+06   1.8000000e+01
   6.2359930e+06   1.8000000e+01
   6.2407720e+06   1.7000000e+01
   6.2499530e+06   1.7000000e+01
   6.3420810e+06   1.7000000e+01
   6.3421520e+06   1.9000000e+01
   6.3421770e+06   1.9000000e+01
   6.3422540e+06   2.0000000e+01
   6.3424210e+06   2.1000000e+01
   6.3424600e+06   2.0000000e+01
   6.3425840e+06   1.7000000e+01
   6.3432210e+06   2.6000000e+01
   6.3447550e+06   1.7000000e+01
   6.3448740e+06   1.7000000e+01
   6.3456060e+06   1.7000000e+01
   6.3456620e+06   2.7000000e+01
   6.3456990e+06   2.0000000e+01
   6.3465230e+06   1.7000000e+01
   6.3468180e+06   1.9000000e+01
   6.3468950e+06   1.9000000e+01
   6.3472760e+06   1.7000000e+01
   6.3475600e+06   1.8000000e+01
   6.3476280e+06   1.9000000e+01
   6.3478770e+06   1.7000000e+01
   6.3482920e+06   2.0000000e+01
   6.3485210e+06   1.7000000e+01
   6.3485700e+06   1.8000000e+01
   6.3487760e+06   1.8000000e+01
   6.3488030e+06   3.6000000e+01
   6.3488590e+06   1.8000000e+01
   6.3493480e+06   2.1000000e+01
   6.4314230e+06   2.3000000e+01
   6.4315030e+06   1.9000000e+01
   6.4316710e+06   2.7000000e+01
   6.4317210e+06   2.1000000e+01
   6.4318210e+06   2.3000000e+01
   6.4324730e+06   2.1000000e+01
   6.4325850e+06   2.6000000e+01
   6.4326520e+06   2.8000000e+01
   6.4327080e+06   1.7000000e+01
   6.4327480e+06   2.0000000e+01
   6.4328370e+06   1.9000000e+01
   6.4329230e+06   2.7000000e+01
   6.4329890e+06   1.9000000e+01
   6.4331400e+06   2.0000000e+01
   6.4333880e+06   1.7000000e+01
   6.4334830e+06   1.9000000e+01
   6.4336890e+06   3.1000000e+01
   6.4337580e+06   2.5000000e+01
   6.4338140e+06   1.8000000e+01
   6.4339280e+06   1.7000000e+01
   6.4356430e+06   1.8000000e+01
   6.4357730e+06   1.7000000e+01
   6.4359340e+06   1.7000000e+01
   6.4360310e+06   1.7000000e+01
   6.4364120e+06   1.7000000e+01
   6.4364550e+06   1.8000000e+01
   6.4368630e+06   1.8000000e+01
   6.4369630e+06   1.9000000e+01
   6.4371190e+06   1.8000000e+01
   6.4372700e+06   2.0000000e+01
   6.4374260e+06   1.9000000e+01
   6.4376630e+06   2.4000000e+01
   6.4380560e+06   1.7000000e+01
   6.4381840e+06   1.7000000e+01
   6.4383330e+06   1.7000000e+01
   6.4387820e+06   1.7000000e+01
   6.4393740e+06   1.8000000e+01
   6.4422310e+06   1.8000000e+01
   6.4629930e+06   1.9000000e+01
   6.4631210e+06   2.1000000e+01
   6.4632170e+06   3.1000000e+01
   6.4632590e+06   1.8000000e+01
   6.4634750e+06   2.0000000e+01
   6.4635040e+06   2.8000000e+01
   6.4636120e+06   1.9000000e+01
   6.4636620e+06   1.8000000e+01
   6.4637650e+06   3.3000000e+01
   6.4638100e+06   2.0000000e+01
   6.4638880e+06   2.5000000e+01
   6.4639210e+06   2.5000000e+01
   6.4640240e+06   3.9000000e+01
   6.4640500e+06   2.6000000e+01
   6.4641340e+06   1.7000000e+01
   6.5036740e+06   2.4000000e+01
   6.5037270e+06   2.1000000e+01
   6.5038050e+06   1.8000000e+01
   6.5038930e+06   1.9000000e+01
   6.5039780e+06   2.0000000e+01
   6.5049920e+06   2.1000000e+01
   6.5051980e+06   1.7000000e+01
   6.5053080e+06   1.7000000e+01
   6.5053540e+06   3.0000000e+01
   6.5056720e+06   1.8000000e+01
   6.5058130e+06   2.2000000e+01
   6.5059370e+06   1.8000000e+01
   6.5060580e+06   1.7000000e+01
   6.5062550e+06   2.2000000e+01
   6.5063950e+06   3.2000000e+01
   6.5064820e+06   2.8000000e+01
   6.5065160e+06   1.7000000e+01
   6.5065730e+06   1.8000000e+01
   6.5067090e+06   2.2000000e+01
   6.5067440e+06   2.0000000e+01
   6.5067790e+06   1.8000000e+01
   6.5068640e+06   1.7000000e+01
   6.5069330e+06   3.0000000e+01
   6.5069660e+06   3.8000000e+01
   6.5070550e+06   2.2000000e+01
   6.5071040e+06   1.8000000e+01
   6.5071820e+06   2.0000000e+01
   6.5073200e+06   1.7000000e+01
   6.5083750e+06   1.8000000e+01
   6.5091930e+06   1.9000000e+01
   6.5113880e+06   1.8000000e+01
   6.5788110e+06   1.8000000e+01
   6.5790250e+06   1.8000000e+01
   6.5791720e+06   1.8000000e+01
   6.5793900e+06   1.8000000e+01
   6.5803580e+06   1.8000000e+01
   6.5805390e+06   1.7000000e+01
   6.5805640e+06   4.6000000e+01
   6.5807070e+06   1.7000000e+01
   6.5808870e+06   1.8000000e+01
   6.5811430e+06   2.2000000e+01
   6.5812300e+06   1.7000000e+01
   6.5813670e+06   2.4000000e+01
   6.5814370e+06   2.7000000e+01
   6.5815380e+06   2.2000000e+01
   6.5816620e+06   1.7000000e+01
   6.5820080e+06   1.7000000e+01
   6.5821480e+06   1.7000000e+01
   6.5835420e+06   1.7000000e+01
   6.5869410e+06   1.8000000e+01
   6.5877130e+06   1.7000000e+01
   6.5891420e+06   1.7000000e+01
   6.5892910e+06   2.1000000e+01
   6.5893830e+06   1.7000000e+01
   6.5895380e+06   1.8000000e+01
   6.5896240e+06   1.8000000e+01
   6.5896640e+06   3.2000000e+01
   6.5897650e+06   2.1000000e+01
   6.5899060e+06   1.7000000e+01
   6.5900030e+06   2.0000000e+01
   6.5900740e+06   1.7000000e+01
   6.5901630e+06   2.0000000e+01
   6.5902420e+06   2.7000000e+01
   6.5903270e+06   2.2000000e+01
   6.5904840e+06   1.7000000e+01
   6.5905880e+06   1.7000000e+01
   6.5906440e+06   1.8000000e+01
   6.5911040e+06   1.7000000e+01
   6.5940070e+06   1.7000000e+01
   6.6710600e+06   1.7000000e+01
   6.6712230e+06   1.8000000e+01
   6.6714650e+06   1.8000000e+01
   6.6724830e+06   1.7000000e+01
   6.6725640e+06   1.9000000e+01
   6.6731860e+06   1.8000000e+01
   6.6732300e+06   1.8000000e+01
   6.6733710e+06   1.7000000e+01
   6.6740230e+06   2.3000000e+01
   6.6750190e+06   1.8000000e+01
   6.6750970e+06   2.3000000e+01
   6.6753080e+06   2.0000000e+01
   6.7289360e+06   1.8000000e+01
   6.7295330e+06   2.1000000e+01
   6.7295650e+06   1.7000000e+01
   6.7298630e+06   1.7000000e+01
   6.7299180e+06   2.5000000e+01
   6.7299890e+06   2.3000000e+01
   6.7300520e+06   1.7000000e+01
   6.7301040e+06   2.1000000e+01
   6.7302340e+06   1.7000000e+01
   6.7302650e+06   1.7000000e+01
   6.7303410e+06   2.4000000e+01
   6.7304170e+06   2.8000000e+01
   6.7305030e+06   2.3000000e+01
   6.7305750e+06   1.8000000e+01
   6.7306540e+06   2.6000000e+01
   6.7307100e+06   1.8000000e+01
   6.7307570e+06   1.7000000e+01
   6.7308270e+06   1.7000000e+01
   6.7309710e+06   2.2000000e+01
   6.7310400e+06   2.4000000e+01
   6.7310840e+06   2.2000000e+01
   6.7311560e+06   1.7000000e+01
   6.7313730e+06   1.9000000e+01
   6.7315580e+06   1.8000000e+01
   6.7316810e+06   1.9000000e+01
   6.7317680e+06   2.9000000e+01
   6.7318290e+06   2.2000000e+01
   6.7319430e+06   1.8000000e+01
   6.7319870e+06   1.8000000e+01
   6.7320530e+06   2.9000000e+01
   6.7320840e+06   2.0000000e+01
   6.7323980e+06   1.8000000e+01
   6.7324460e+06   1.7000000e+01
   6.7325070e+06   1.7000000e+01
   6.7326640e+06   1.9000000e+01
   6.7327390e+06   1.7000000e+01
   6.7328640e+06   1.7000000e+01
   6.7335870e+06   1.7000000e+01
   6.7337260e+06   1.7000000e+01
   6.7339010e+06   1.7000000e+01
   6.7343310e+06   1.7000000e+01
   6.7345160e+06   1.8000000e+01
   6.7375500e+06   1.7000000e+01
   6.7376570e+06   1.9000000e+01
   6.7377500e+06   2.0000000e+01
   6.7378030e+06   1.8000000e+01
   6.7379250e+06   2.1000000e+01
   6.7380020e+06   2.2000000e+01
   6.7380400e+06   2.2000000e+01
   6.7382140e+06   1.8000000e+01
   6.7383260e+06   2.5000000e+01
   6.7383660e+06   2.0000000e+01
   6.7384770e+06   2.2000000e+01
   6.7386710e+06   2.0000000e+01
   6.7420070e+06   1.7000000e+01
   6.8394500e+06   1.8000000e+01
   6.8628020e+06   1.8000000e+01
   6.8628670e+06   1.9000000e+01
   6.8629370e+06   1.7000000e+01
   6.8630220e+06   1.7000000e+01
   6.8630690e+06   1.7000000e+01
   6.8631240e+06   1.8000000e+01
   6.8631750e+06   2.0000000e+01
   6.8633330e+06   2.3000000e+01
   6.8633860e+06   2.3000000e+01
   6.8634120e+06   2.4000000e+01
   6.8635020e+06   1.9000000e+01
   6.8635660e+06   1.8000000e+01
   6.8636380e+06   2.1000000e+01
   6.8637830e+06   2.0000000e+01
   6.8638430e+06   1.7000000e+01
   6.8640130e+06   2.0000000e+01
   6.8641660e+06   1.7000000e+01
   6.8642220e+06   2.4000000e+01
   6.8643640e+06   1.8000000e+01
   6.8644030e+06   1.8000000e+01
   6.8644750e+06   1.8000000e+01
   6.8647630e+06   1.7000000e+01
   6.8649370e+06   1.8000000e+01
   6.8649820e+06   1.9000000e+01
   6.8650860e+06   2.1000000e+01
   6.8652130e+06   1.9000000e+01
   6.8652380e+06   1.9000000e+01
   6.8653140e+06   1.7000000e+01
   6.8653930e+06   1.7000000e+01
   6.8655270e+06   1.8000000e+01
   6.8657580e+06   1.7000000e+01
   6.8662720e+06   1.7000000e+01
   6.8665400e+06   1.8000000e+01
   6.8667150e+06   1.8000000e+01
   6.8669700e+06   1.8000000e+01
   6.8672490e+06   1.8000000e+01
   6.8673880e+06   1.7000000e+01
   6.8675450e+06   1.7000000e+01
   6.8676110e+06   1.9000000e+01
   6.8678810e+06   2.3000000e+01
   6.8680350e+06   1.9000000e+01
   6.8682660e+06   1.7000000e+01
   6.8736380e+06   1.9000000e+01
   6.8744400e+06   1.8000000e+01
   6.9919780e+06   1.7000000e+01
   6.9920640e+06   1.7000000e+01
   6.9926400e+06   2.2000000e+01
   6.9927850e+06   1.8000000e+01
   6.9928200e+06   3.5000000e+01
   6.9928670e+06   2.3000000e+01
   6.9930300e+06   1.9000000e+01
   6.9931920e+06   2.0000000e+01
   6.9939370e+06   1.9000000e+01
   6.9943000e+06   2.0000000e+01
   6.9952950e+06   1.7000000e+01
   6.9954510e+06   2.7000000e+01
   6.9954820e+06   1.9000000e+01
   6.9955300e+06   2.2000000e+01
   6.9956090e+06   2.8000000e+01
   6.9958330e+06   2.0000000e+01
   6.9958930e+06   1.7000000e+01
   6.9959360e+06   1.9000000e+01
   6.9960460e+06   1.7000000e+01
   6.9960850e+06   1.7000000e+01
   6.9969140e+06   1.7000000e+01
   6.9971370e+06   1.7000000e+01
   6.9973940e+06   1.7000000e+01
   7.0086070e+06   1.8000000e+01
   7.0089340e+06   2.2000000e+01
   7.0090150e+06   1.7000000e+01
   7.0090550e+06   1.8000000e+01
   7.0092400e+06   1.8000000e+01
   7.0809010e+06   1.7000000e+01
   7.1050770e+06   1.7000000e+01
   7.1055300e+06   1.7000000e+01
   7.1056530e+06   1.8000000e+01
   7.1057710e+06   1.7000000e+01
   7.1059090e+06   1.7000000e+01
   7.1059980e+06   1.7000000e+01
   7.1061450e+06   1.7000000e+01
   7.1062210e+06   2.4000000e+01
   7.1062480e+06   2.6000000e+01
   7.1063290e+06   1.7000000e+01
   7.1065140e+06   1.7000000e+01
   7.1066690e+06   1.9000000e+01
   7.1068320e+06   2.0000000e+01
   7.1068940e+06   2.0000000e+01
   7.1070100e+06   1.9000000e+01
   7.1070570e+06   1.8000000e+01
   7.1071260e+06   1.8000000e+01
   7.1072410e+06   1.7000000e+01
   7.1073400e+06   1.7000000e+01
   7.1074530e+06   2.2000000e+01
   7.1075250e+06   2.0000000e+01
   7.1076520e+06   1.7000000e+01
   7.1077610e+06   2.4000000e+01
   7.1078410e+06   2.5000000e+01
   7.1078670e+06   1.7000000e+01
   7.1079020e+06   2.2000000e+01
   7.1079500e+06   2.0000000e+01
   7.1080150e+06   2.6000000e+01
   7.1080710e+06   2.0000000e+01
   7.1082430e+06   1.7000000e+01
   7.1082940e+06   2.0000000e+01
   7.1084030e+06   2.8000000e+01
   7.1084620e+06   2.3000000e+01
   7.1085010e+06   2.5000000e+01
   7.1085610e+06   1.8000000e+01
   7.1086810e+06   1.7000000e+01
   7.1107550e+06   1.7000000e+01
   7.1126980e+06   1.7000000e+01
   7.1165060e+06   1.7000000e+01
   7.2044070e+06   1.7000000e+01
   7.2045930e+06   1.7000000e+01
   7.2046310e+06   2.3000000e+01
   7.2047400e+06   1.7000000e+01
   7.2047890e+06   2.2000000e+01
   7.2048690e+06   2.9000000e+01
   7.2049240e+06   2.5000000e+01
   7.2049640e+06   4.9000000e+01
   7.2051010e+06   2.1000000e+01
   7.2051260e+06   5.6000000e+01
   7.2052290e+06   2.1000000e+01
   7.2052640e+06   2.3000000e+01
   7.2053710e+06   1.9000000e+01
   7.2054180e+06   4.7000000e+01
   7.2055190e+06   2.6000000e+01
   7.2055560e+06   4.2000000e+01
   7.2056800e+06   1.7000000e+01
   7.2057580e+06   5.5000000e+01
   7.2057910e+06   3.0000000e+01
   7.2059450e+06   2.0000000e+01
   7.2060430e+06   3.3000000e+01
   7.2060780e+06   1.8000000e+01
   7.2061740e+06   3.2000000e+01
   7.2062310e+06   2.1000000e+01
   7.2063460e+06   1.7000000e+01
   7.2065580e+06   1.9000000e+01
   7.2066190e+06   1.9000000e+01
   7.2066860e+06   2.0000000e+01
   7.2069340e+06   1.9000000e+01
   7.2071220e+06   1.8000000e+01
   7.2071890e+06   1.8000000e+01
   7.2072680e+06   3.0000000e+01
   7.2073030e+06   2.4000000e+01
   7.2073950e+06   1.9000000e+01
   7.2075010e+06   1.7000000e+01
   7.2076810e+06   1.7000000e+01
   7.2077360e+06   2.2000000e+01
   7.2077960e+06   2.0000000e+01
   7.2080340e+06   1.7000000e+01
   7.2080920e+06   1.7000000e+01
   7.2081310e+06   2.7000000e+01
   7.2082150e+06   1.9000000e+01
   7.2082480e+06   2.0000000e+01
   7.2084940e+06   1.8000000e+01
   7.2085500e+06   2.2000000e+01
   7.2089610e+06   2.2000000e+01
   7.2091560e+06   1.8000000e+01
   7.2092380e+06   1.7000000e+01
   7.2094440e+06   1.8000000e+01
   7.2095750e+06   1.7000000e+01
   7.2098610e+06   2.2000000e+01
   7.2099090e+06   1.7000000e+01
   7.2110540e+06   2.0000000e+01
   7.2111930e+06   1.8000000e+01
   7.2117210e+06   1.7000000e+01
   7.2117680e+06   1.7000000e+01
   7.2122040e+06   1.9000000e+01
   7.2123790e+06   1.7000000e+01
   7.2125960e+06   1.8000000e+01
   7.2987570e+06   1.9000000e+01
   7.2988730e+06   1.7000000e+01
   7.2992740e+06   1.8000000e+01
   7.2993180e+06   1.7000000e+01
   7.2994310e+06   1.7000000e+01
   7.2995070e+06   2.9000000e+01
   7.2995350e+06   2.9000000e+01
   7.2996220e+06   1.9000000e+01
   7.2997160e+06   1.8000000e+01
   7.2998300e+06   2.3000000e+01
   7.2998810e+06   2.6000000e+01
   7.2999770e+06   2.1000000e+01
   7.3000950e+06   2.0000000e+01
   7.3003310e+06   1.7000000e+01
   7.3004090e+06   1.7000000e+01
   7.3006890e+06   2.1000000e+01
   7.3007180e+06   1.9000000e+01
   7.3008080e+06   1.7000000e+01
   7.3010870e+06   1.7000000e+01
   7.3012430e+06   1.7000000e+01
   7.3013830e+06   2.7000000e+01
   7.3014540e+06   3.6000000e+01
   7.3017630e+06   1.8000000e+01
   7.3017950e+06   1.7000000e+01
   7.3020910e+06   1.9000000e+01
   7.3021480e+06   2.6000000e+01
   7.3024190e+06   1.7000000e+01
   7.3028210e+06   1.7000000e+01
   7.3028990e+06   2.2000000e+01
   7.3029240e+06   2.4000000e+01
   7.3031210e+06   1.7000000e+01
   7.3031860e+06   2.1000000e+01
   7.3032420e+06   1.8000000e+01
   7.3033310e+06   1.9000000e+01
   7.3033840e+06   1.8000000e+01
   7.3034550e+06   1.7000000e+01
   7.3034890e+06   1.9000000e+01
   7.3036130e+06   1.7000000e+01
   7.3037110e+06   1.9000000e+01
   7.3037460e+06   1.8000000e+01
   7.3038990e+06   1.9000000e+01
   7.3039880e+06   1.7000000e+01
   7.3040310e+06   2.0000000e+01
   7.3041610e+06   1.7000000e+01
   7.3042210e+06   1.8000000e+01
   7.3043950e+06   1.8000000e+01
   7.3047610e+06   2.0000000e+01
   7.3048210e+06   1.7000000e+01
   7.3050210e+06   1.9000000e+01
   7.3054340e+06   1.7000000e+01
   7.3065990e+06   1.7000000e+01
   7.3074180e+06   1.7000000e+01
   7.3076170e+06   1.7000000e+01
   7.3919990e+06   1.7000000e+01
   7.4587600e+06   1.7000000e+01
   7.4588560e+06   1.7000000e+01
   7.4594650e+06   2.9000000e+01
   7.4594900e+06   2.4000000e+01
   7.4595490e+06   2.4000000e+01
   7.4595880e+06   1.9000000e+01
   7.4597800e+06   1.7000000e+01
   7.4598390e+06   2.0000000e+01
   7.4598640e+06   1.7000000e+01
   7.4598890e+06   2.0000000e+01
   7.4599870e+06   1.7000000e+01
   7.4600960e+06   2.2000000e+01
   7.4602130e+06   2.0000000e+01
   7.4603050e+06   1.8000000e+01
   7.4604270e+06   2.1000000e+01
   7.4604580e+06   2.0000000e+01
   7.4606620e+06   2.2000000e+01
   7.4621500e+06   1.7000000e+01
   7.4640690e+06   1.8000000e+01
   7.4641660e+06   2.2000000e+01
   7.4643940e+06   1.7000000e+01
   7.4645780e+06   1.7000000e+01
   7.4661140e+06   1.7000000e+01
   7.4663970e+06   2.2000000e+01
   7.4665970e+06   1.9000000e+01
   7.4668160e+06   1.7000000e+01
   7.4669590e+06   2.0000000e+01
   7.4671070e+06   2.5000000e+01
   7.4671570e+06   1.8000000e+01
   7.4674660e+06   2.0000000e+01
   7.4676030e+06   1.7000000e+01
   7.4679720e+06   1.8000000e+01
   7.4692910e+06   1.8000000e+01
   7.4695960e+06   1.7000000e+01
   7.4696430e+06   1.8000000e+01
   7.4698240e+06   1.7000000e+01
   7.4708620e+06   1.9000000e+01
   7.4712210e+06   1.7000000e+01
   7.4716400e+06   1.7000000e+01
   7.4716780e+06   2.1000000e+01
   7.4720210e+06   1.8000000e+01
   7.4721570e+06   1.9000000e+01
   7.4726080e+06   1.7000000e+01
