   7.5000000e+06   0.0000000e+00
   4.4371000e+04   1.7000000e+01
   4.4524000e+04   2.0000000e+01
   4.4643000e+04   1.7000000e+01
   4.5078000e+04   1.7000000e+01
   4.5368000e+04   2.8000000e+01
   4.6141000e+04   1.8000000e+01
   4.6814000e+04   1.7000000e+01
   4.8034000e+04   1.8000000e+01
   4.9994000e+04   2.2000000e+01
   5.0149000e+04   1.9000000e+01
   5.0188000e+04   2.1000000e+01
   5.0288000e+04   1.8000000e+01
   5.0440000e+04   2.8000000e+01
   5.0465000e+04   1.8000000e+01
   5.0529000e+04   2.2000000e+01
   5.0661000e+04   2.1000000e+01
   5.0943000e+04   1.8000000e+01
   5.0998000e+04   1.9000000e+01
   5.1283000e+04   1.7000000e+01
   5.1370000e+04   1.7000000e+01
   5.1720000e+04   1.9000000e+01
   5.1777000e+04   1.8000000e+01
   5.1950000e+04   2.5000000e+01
   5.3951000e+04   2.0000000e+01
   5.4343000e+04   1.7000000e+01
   5.5899000e+04   1.7000000e+01
   1.5049300e+05   2.2000000e+01
   1.5053100e+05   1.7000000e+01
   1.5096200e+05   1.7000000e+01
   1.5119100e+05   1.7000000e+01
   1.5138800e+05   2.2000000e+01
   1.5146900e+05   1.8000000e+01
   1.5211400e+05   1.9000000e+01
   1.5481300e+05   1.9000000e+01
   1.5612800e+05   1.9000000e+01
   1.5692500e+05   2.2000000e+01
   1.5726600e+05   1.9000000e+01
   1.5756300e+05   1.7000000e+01
   1.5769800e+05   1.7000000e+01
   1.5778900e+05   2.0000000e+01
   1.5787600e+05   1.8000000e+01
   1.5810700e+05   2.4000000e+01
   1.5817600e+05   1.9000000e+01
   1.5839000e+05   1.7000000e+01
   1.5879600e+05   1.7000000e+01
   1.5906300e+05   1.8000000e+01
   1.5971600e+05   1.7000000e+01
   1.5981500e+05   1.7000000e+01
   1.6072400e+05   1.9000000e+01
   2.8485100e+05   1.8000000e+01
   3.1657000e+05   1.7000000e+01
   3.1661600e+05   2.2000000e+01
   3.1689700e+05   1.9000000e+01
   3.1726500e+05   2.0000000e+01
   3.1730900e+05   1.7000000e+01
   3.1738000e+05   1.8000000e+01
   3.1802100e+05   1.9000000e+01
   3.1857800e+05   2.0000000e+01
   3.1941900e+05   1.7000000e+01
   3.1987100e+05   2.0000000e+01
   3.1999900e+05   1.7000000e+01
   3.2090200e+05   1.9000000e+01
   3.2207800e+05   1.7000000e+01
   3.2232700e+05   1.9000000e+01
   3.2243100e+05   1.8000000e+01
   3.2252800e+05   3.1000000e+01
   3.2261300e+05   2.4000000e+01
   3.2270900e+05   1.8000000e+01
   3.2294500e+05   2.2000000e+01
   3.2302700e+05   1.7000000e+01
   3.2318900e+05   1.8000000e+01
   3.2330200e+05   1.9000000e+01
   3.2335600e+05   1.7000000e+01
   3.2374400e+05   1.8000000e+01
   3.2392100e+05   1.7000000e+01
   3.2399400e+05   1.7000000e+01
   3.2402500e+05   2.0000000e+01
   3.2415900e+05   1.9000000e+01
   3.2428200e+05   1.8000000e+01
   3.2486700e+05   1.8000000e+01
   3.2498600e+05   1.9000000e+01
   3.2530200e+05   2.0000000e+01
   3.2547600e+05   1.7000000e+01
   3.2594400e+05   2.1000000e+01
   3.2651600e+05   2.3000000e+01
   3.2655200e+05   1.8000000e+01
   3.2679200e+05   1.9000000e+01
   3.2729200e+05   1.8000000e+01
   3.2753800e+05   1.7000000e+01
   3.2772300e+05   2.1000000e+01
   3.2785400e+05   1.8000000e+01
   3.2796000e+05   2.0000000e+01
   3.2815300e+05   1.9000000e+01
   3.2835500e+05   1.8000000e+01
   3.2857600e+05   2.0000000e+01
   3.2953800e+05   1.8000000e+01
   3.2981800e+05   1.8000000e+01
   4.7366300e+05   1.7000000e+01
   4.7649800e+05   1.8000000e+01
   4.7929000e+05   2.0000000e+01
   4.7961600e+05   1.7000000e+01
   4.8046100e+05   2.5000000e+01
   4.8102700e+05   1.7000000e+01
   5.9148900e+05   2.3000000e+01
   5.9178700e+05   1.9000000e+01
   5.9218100e+05   2.1000000e+01
   5.9386100e+05   2.9000000e+01
   5.9395400e+05   2.2000000e+01
   5.9638700e+05   1.7000000e+01
   5.9687400e+05   1.7000000e+01
   5.9737000e+05   1.7000000e+01
   5.9784000e+05   1.7000000e+01
   5.9846600e+05   2.0000000e+01
   5.9987200e+05   1.7000000e+01
   6.0014800e+05   1.7000000e+01
   6.0030500e+05   1.7000000e+01
   6.0075500e+05   1.7000000e+01
   6.0117800e+05   1.8000000e+01
   6.0151000e+05   1.7000000e+01
   6.0357200e+05   1.7000000e+01
   6.0381800e+05   2.1000000e+01
   7.4229300e+05   1.7000000e+01
   7.4580000e+05   1.9000000e+01
   7.4588600e+05   1.9000000e+01
   7.4596200e+05   2.4000000e+01
   7.4604100e+05   1.7000000e+01
   7.4630000e+05   1.8000000e+01
   7.4656700e+05   1.9000000e+01
   7.4668800e+05   1.8000000e+01
   7.4675900e+05   2.2000000e+01
   7.4709100e+05   1.7000000e+01
   7.4745700e+05   2.0000000e+01
   7.4765400e+05   1.7000000e+01
   7.4796000e+05   1.9000000e+01
   7.4810500e+05   2.3000000e+01
   7.4940700e+05   1.8000000e+01
   7.4965000e+05   2.1000000e+01
   7.4972600e+05   1.9000000e+01
   7.4979900e+05   1.9000000e+01
   7.5000300e+05   1.8000000e+01
   7.5011200e+05   2.3000000e+01
   7.5021800e+05   2.0000000e+01
   7.5033900e+05   1.9000000e+01
   7.5048700e+05   1.8000000e+01
   7.5058400e+05   1.9000000e+01
   7.5799400e+05   1.7000000e+01
   8.2218600e+05   2.0000000e+01
   8.2294400e+05   2.1000000e+01
   8.2324300e+05   1.7000000e+01
   8.2364500e+05   1.8000000e+01
   8.2387700e+05   2.0000000e+01
   8.2566800e+05   1.8000000e+01
   8.2668200e+05   1.7000000e+01
   8.2851900e+05   1.7000000e+01
   8.2895900e+05   1.7000000e+01
   8.2941000e+05   1.8000000e+01
   8.3093500e+05   1.7000000e+01
   8.3234700e+05   2.0000000e+01
   8.3399500e+05   1.9000000e+01
   8.3537200e+05   2.0000000e+01
   9.2716900e+05   1.7000000e+01
   9.2782800e+05   2.2000000e+01
   9.2942300e+05   1.8000000e+01
   9.2982800e+05   1.7000000e+01
   9.3001000e+05   1.8000000e+01
   9.3033400e+05   2.7000000e+01
   9.3044100e+05   2.0000000e+01
   9.3050600e+05   1.9000000e+01
   9.3237200e+05   2.1000000e+01
   9.3281700e+05   1.7000000e+01
   9.3307500e+05   2.1000000e+01
   9.3352500e+05   1.8000000e+01
   9.3364300e+05   1.8000000e+01
   9.3374000e+05   1.7000000e+01
   9.3398000e+05   2.7000000e+01
   9.3412200e+05   1.8000000e+01
   9.3435400e+05   1.7000000e+01
   9.3448700e+05   1.7000000e+01
   9.3457500e+05   2.0000000e+01
   9.3469600e+05   1.7000000e+01
   9.3490600e+05   1.9000000e+01
   9.3536200e+05   1.7000000e+01
   9.3551700e+05   1.8000000e+01
   9.3581400e+05   2.0000000e+01
   9.3614900e+05   1.7000000e+01
   9.3660000e+05   1.8000000e+01
   9.3674300e+05   1.8000000e+01
   9.3718900e+05   1.7000000e+01
   9.3865800e+05   1.7000000e+01
   1.0129200e+06   1.7000000e+01
   1.0135060e+06   1.9000000e+01
   1.0136720e+06   1.8000000e+01
   1.0137470e+06   2.7000000e+01
   1.0139860e+06   1.8000000e+01
   1.0174120e+06   1.8000000e+01
   1.1671520e+06   2.2000000e+01
   1.1674950e+06   1.7000000e+01
   1.1682100e+06   1.9000000e+01
   1.1685390e+06   1.7000000e+01
   1.1692360e+06   1.7000000e+01
   1.1751310e+06   1.7000000e+01
   1.1761600e+06   1.7000000e+01
   1.1766770e+06   1.8000000e+01
   1.1768260e+06   2.3000000e+01
   1.1768670e+06   1.8000000e+01
   1.1769340e+06   1.7000000e+01
   1.1772900e+06   1.7000000e+01
   1.1773550e+06   2.0000000e+01
   1.1774560e+06   1.7000000e+01
   1.1775580e+06   2.0000000e+01
   1.1777840e+06   1.7000000e+01
   1.1778120e+06   1.8000000e+01
   1.1779860e+06   1.9000000e+01
   1.2659410e+06   1.9000000e+01
   1.2679670e+06   1.7000000e+01
   1.2680850e+06   2.0000000e+01
   1.2689640e+06   1.7000000e+01
   1.2707080e+06   1.7000000e+01
   1.3779410e+06   1.8000000e+01
   1.3821380e+06   1.9000000e+01
   1.3824300e+06   2.1000000e+01
   1.3824590e+06   2.4000000e+01
   1.3830390e+06   1.7000000e+01
   1.3835340e+06   2.0000000e+01
   1.3835810e+06   1.8000000e+01
   1.3839670e+06   2.0000000e+01
   1.3896240e+06   2.2000000e+01
   1.3899000e+06   2.0000000e+01
   1.3901270e+06   1.7000000e+01
   1.3903000e+06   2.0000000e+01
   1.3903960e+06   2.0000000e+01
   1.3904670e+06   1.7000000e+01
   1.3906920e+06   1.7000000e+01
   1.3907300e+06   2.2000000e+01
   1.3908360e+06   2.2000000e+01
   1.3908700e+06   1.7000000e+01
   1.3910210e+06   2.1000000e+01
   1.3911220e+06   1.8000000e+01
   1.3911970e+06   2.6000000e+01
   1.3912620e+06   1.7000000e+01
   1.3913370e+06   2.6000000e+01
   1.3913970e+06   2.1000000e+01
   1.3915880e+06   2.1000000e+01
   1.3916160e+06   1.7000000e+01
   1.3916560e+06   2.0000000e+01
   1.3917770e+06   2.0000000e+01
   1.3919320e+06   1.9000000e+01
   1.3920110e+06   1.7000000e+01
   1.3920910e+06   1.7000000e+01
   1.3921640e+06   1.7000000e+01
   1.3921950e+06   1.7000000e+01
   1.3922510e+06   1.8000000e+01
   1.3923510e+06   2.3000000e+01
   1.3927440e+06   1.7000000e+01
   1.3927940e+06   1.9000000e+01
   1.3929080e+06   1.7000000e+01
   1.3933190e+06   1.7000000e+01
   1.3940760e+06   2.1000000e+01
   1.3955000e+06   1.9000000e+01
   1.3960020e+06   1.7000000e+01
   1.3976130e+06   1.7000000e+01
   1.3977600e+06   1.7000000e+01
   1.3984440e+06   1.8000000e+01
   1.4002250e+06   2.6000000e+01
   1.4002630e+06   2.2000000e+01
   1.4004910e+06   1.7000000e+01
   1.4006600e+06   1.7000000e+01
   1.4007040e+06   2.6000000e+01
   1.4007590e+06   1.8000000e+01
   1.4009090e+06   1.9000000e+01
   1.4009540e+06   2.1000000e+01
   1.4011980e+06   2.2000000e+01
   1.4012270e+06   1.8000000e+01
   1.4014700e+06   1.8000000e+01
   1.4015560e+06   2.2000000e+01
   1.4017910e+06   2.0000000e+01
   1.4019550e+06   1.7000000e+01
   1.4019960e+06   1.8000000e+01
   1.4021040e+06   1.8000000e+01
   1.4021600e+06   1.9000000e+01
   1.4023450e+06   1.7000000e+01
   1.4024640e+06   1.7000000e+01
   1.4025500e+06   2.0000000e+01
   1.4027410e+06   1.8000000e+01
   1.4028690e+06   2.0000000e+01
   1.4029640e+06   1.8000000e+01
   1.4030080e+06   1.7000000e+01
   1.4030620e+06   1.7000000e+01
   1.4031530e+06   2.0000000e+01
   1.4032470e+06   1.8000000e+01
   1.4033410e+06   2.1000000e+01
   1.4034630e+06   1.8000000e+01
   1.4035370e+06   2.3000000e+01
   1.4036040e+06   2.1000000e+01
   1.4036390e+06   2.1000000e+01
   1.4037020e+06   1.8000000e+01
   1.4039040e+06   2.0000000e+01
   1.4042860e+06   2.0000000e+01
   1.4044250e+06   2.1000000e+01
   1.4044770e+06   1.9000000e+01
   1.4045250e+06   1.7000000e+01
   1.4045880e+06   1.7000000e+01
   1.4046390e+06   1.7000000e+01
   1.4048240e+06   1.7000000e+01
   1.4048630e+06   2.0000000e+01
   1.4050580e+06   1.7000000e+01
   1.4051560e+06   1.7000000e+01
   1.4052900e+06   1.7000000e+01
   1.4055590e+06   1.7000000e+01
   1.4056590e+06   1.7000000e+01
   1.4057290e+06   2.6000000e+01
   1.4060370e+06   1.7000000e+01
   1.4061990e+06   1.9000000e+01
   1.4065070e+06   1.8000000e+01
   1.4065660e+06   1.8000000e+01
   1.4066600e+06   2.2000000e+01
   1.4067070e+06   2.1000000e+01
   1.4070390e+06   1.8000000e+01
   1.4074810e+06   2.3000000e+01
   1.4079010e+06   1.8000000e+01
   1.4082000e+06   1.7000000e+01
   1.4082950e+06   1.9000000e+01
   1.4083860e+06   1.7000000e+01
   1.4085780e+06   2.0000000e+01
   1.4089200e+06   1.8000000e+01
   1.4089700e+06   2.0000000e+01
   1.4091250e+06   1.7000000e+01
   1.4104800e+06   1.7000000e+01
   1.4135900e+06   1.8000000e+01
   1.6811910e+06   1.8000000e+01
   1.6818070e+06   1.7000000e+01
   1.6820960e+06   1.8000000e+01
   1.6821360e+06   2.3000000e+01
   1.6823100e+06   1.7000000e+01
   1.6825550e+06   1.7000000e+01
   1.6827560e+06   2.4000000e+01
   1.6834480e+06   1.7000000e+01
   1.6843790e+06   1.8000000e+01
   1.7038760e+06   1.7000000e+01
   1.7041640e+06   1.7000000e+01
   1.7044180e+06   2.2000000e+01
   1.7045200e+06   2.3000000e+01
   1.7046190e+06   3.2000000e+01
   1.7046640e+06   3.1000000e+01
   1.7047550e+06   4.3000000e+01
   1.7047800e+06   2.8000000e+01
   1.7048250e+06   2.2000000e+01
   1.7049280e+06   1.9000000e+01
   1.7050070e+06   2.9000000e+01
   1.7050380e+06   2.1000000e+01
   1.7052190e+06   1.9000000e+01
   1.7053550e+06   1.8000000e+01
   1.7053910e+06   2.2000000e+01
   1.7055000e+06   2.0000000e+01
   1.7055960e+06   3.4000000e+01
   1.7056460e+06   2.0000000e+01
   1.7057230e+06   5.7000000e+01
   1.7057550e+06   3.3000000e+01
   1.7058530e+06   4.2000000e+01
   1.7058940e+06   3.2000000e+01
   1.7059880e+06   4.0000000e+01
   1.7060180e+06   2.6000000e+01
   1.7061320e+06   1.8000000e+01
   1.7062060e+06   2.9000000e+01
   1.7062550e+06   1.8000000e+01
   1.7063450e+06   2.7000000e+01
   1.7063720e+06   4.5000000e+01
   1.7064630e+06   1.7000000e+01
   1.7065530e+06   2.8000000e+01
   1.7066220e+06   1.8000000e+01
   1.7067040e+06   2.9000000e+01
   1.7067370e+06   2.4000000e+01
   1.7068530e+06   1.7000000e+01
   1.7069440e+06   3.1000000e+01
   1.7069810e+06   2.2000000e+01
   1.7071090e+06   2.2000000e+01
   1.7072580e+06   1.7000000e+01
   1.7073800e+06   1.9000000e+01
   1.7074920e+06   1.8000000e+01
   1.7075190e+06   1.9000000e+01
   1.7076290e+06   1.7000000e+01
   1.7077700e+06   1.9000000e+01
   1.7078220e+06   2.1000000e+01
   1.7080040e+06   1.8000000e+01
   1.7080940e+06   2.5000000e+01
   1.7087850e+06   1.7000000e+01
   1.7110770e+06   1.7000000e+01
   1.7845840e+06   1.9000000e+01
   1.9339300e+06   1.7000000e+01
   1.9351530e+06   1.9000000e+01
   1.9354550e+06   2.2000000e+01
   1.9356010e+06   2.5000000e+01
   1.9374890e+06   1.8000000e+01
   1.9389040e+06   2.3000000e+01
   1.9391590e+06   1.7000000e+01
   1.9392810e+06   1.8000000e+01
   1.9396710e+06   2.1000000e+01
   1.9410350e+06   1.8000000e+01
   1.9415220e+06   1.9000000e+01
   1.9437420e+06   2.1000000e+01
   2.0595930e+06   1.8000000e+01
   2.0597690e+06   1.9000000e+01
   2.0598260e+06   1.8000000e+01
   2.0601210e+06   2.0000000e+01
   2.0602110e+06   1.9000000e+01
   2.0607380e+06   1.7000000e+01
   2.0609250e+06   1.8000000e+01
   2.0612600e+06   1.9000000e+01
   2.0646130e+06   1.9000000e+01
   2.0650470e+06   2.1000000e+01
   2.0651210e+06   1.9000000e+01
   2.0652360e+06   1.7000000e+01
   2.0657100e+06   1.9000000e+01
   2.0691830e+06   1.7000000e+01
   2.0695940e+06   1.7000000e+01
   2.0697240e+06   1.7000000e+01
   2.0697950e+06   2.0000000e+01
   2.0702720e+06   1.7000000e+01
   2.1485730e+06   2.0000000e+01
   2.1499700e+06   1.7000000e+01
   2.1514590e+06   1.9000000e+01
   2.1528400e+06   1.8000000e+01
   2.1540210e+06   1.9000000e+01
   2.1576670e+06   2.0000000e+01
   2.1586140e+06   1.8000000e+01
   2.1593570e+06   2.2000000e+01
   2.1593890e+06   1.8000000e+01
   2.1603690e+06   1.9000000e+01
   2.1604490e+06   1.7000000e+01
   2.1604900e+06   2.3000000e+01
   2.2531790e+06   1.8000000e+01
   2.2535310e+06   1.8000000e+01
   2.2545120e+06   1.8000000e+01
   2.2548010e+06   2.2000000e+01
   2.2549190e+06   1.9000000e+01
   2.2562330e+06   1.7000000e+01
   2.2565960e+06   1.8000000e+01
   2.2567540e+06   1.7000000e+01
   2.2573870e+06   1.7000000e+01
   2.2578570e+06   1.9000000e+01
   2.2579350e+06   2.3000000e+01
   2.2579990e+06   2.0000000e+01
   2.2592910e+06   1.8000000e+01
   2.2595830e+06   1.7000000e+01
   2.2604420e+06   1.8000000e+01
   2.2606060e+06   1.9000000e+01
   2.2607430e+06   1.9000000e+01
   2.2634350e+06   1.9000000e+01
   2.3742850e+06   1.7000000e+01
   2.3744740e+06   1.8000000e+01
   2.3745880e+06   2.0000000e+01
   2.3753530e+06   1.7000000e+01
   2.3757400e+06   1.7000000e+01
   2.3765100e+06   1.8000000e+01
   2.3778190e+06   1.8000000e+01
   2.3779770e+06   1.8000000e+01
   2.3785340e+06   1.8000000e+01
   2.3793470e+06   1.7000000e+01
   2.3802290e+06   1.8000000e+01
   2.3804890e+06   1.9000000e+01
   2.3805820e+06   2.1000000e+01
   2.3811390e+06   1.8000000e+01
   2.3812090e+06   2.0000000e+01
   2.3812760e+06   2.0000000e+01
   2.3813480e+06   2.0000000e+01
   2.3814130e+06   1.7000000e+01
   2.3815040e+06   1.7000000e+01
   2.3818060e+06   1.8000000e+01
   2.3821080e+06   1.8000000e+01
   2.3826820e+06   1.7000000e+01
   2.3828200e+06   1.9000000e+01
   2.3828970e+06   1.7000000e+01
   2.3830020e+06   1.8000000e+01
   2.3835340e+06   2.0000000e+01
   2.3837220e+06   1.9000000e+01
   2.3838240e+06   2.0000000e+01
   2.3848710e+06   1.8000000e+01
   2.4795280e+06   2.0000000e+01
   2.4797000e+06   1.9000000e+01
   2.4800690e+06   1.7000000e+01
   2.4802930e+06   1.9000000e+01
   2.4803970e+06   2.1000000e+01
   2.4810320e+06   1.7000000e+01
   2.4811180e+06   2.6000000e+01
   2.4814340e+06   1.7000000e+01
   2.4816350e+06   2.6000000e+01
   2.4838470e+06   1.7000000e+01
   2.4839990e+06   2.5000000e+01
   2.5679220e+06   1.7000000e+01
   2.5684870e+06   1.8000000e+01
   2.5685870e+06   1.7000000e+01
   2.5703730e+06   1.7000000e+01
   2.5712930e+06   1.7000000e+01
   2.5714730e+06   1.7000000e+01
   2.5716810e+06   1.7000000e+01
   2.5719300e+06   2.0000000e+01
   2.5733610e+06   1.8000000e+01
   2.5746020e+06   1.7000000e+01
   2.5748300e+06   1.9000000e+01
   2.5750000e+06   1.7000000e+01
   2.5753500e+06   1.8000000e+01
   2.5756260e+06   1.9000000e+01
   2.5756710e+06   2.0000000e+01
   2.5757760e+06   1.8000000e+01
   2.5760060e+06   1.7000000e+01
   2.5760710e+06   1.8000000e+01
   2.5765960e+06   1.9000000e+01
   2.5766850e+06   1.7000000e+01
   2.7404630e+06   2.1000000e+01
   2.7425520e+06   1.9000000e+01
   2.7426870e+06   1.8000000e+01
   2.7427580e+06   2.2000000e+01
   2.7428340e+06   1.7000000e+01
   2.7432680e+06   1.7000000e+01
   2.7435250e+06   2.7000000e+01
   2.7437060e+06   1.8000000e+01
   2.7438750e+06   1.8000000e+01
   2.7439520e+06   1.7000000e+01
   2.7449790e+06   2.0000000e+01
   2.7455270e+06   1.7000000e+01
   2.7460520e+06   2.3000000e+01
   2.7464110e+06   1.7000000e+01
   2.7465770e+06   1.9000000e+01
   2.7466840e+06   2.2000000e+01
   2.7469130e+06   1.7000000e+01
   2.7476690e+06   1.7000000e+01
   2.7484920e+06   1.7000000e+01
   2.7496680e+06   1.7000000e+01
   2.7499620e+06   1.7000000e+01
   2.7500400e+06   2.9000000e+01
   2.7500660e+06   1.8000000e+01
   2.7502630e+06   2.5000000e+01
   2.7503240e+06   2.2000000e+01
   2.7503600e+06   1.9000000e+01
   2.7943280e+06   1.7000000e+01
   2.8615640e+06   1.7000000e+01
   2.8625680e+06   2.0000000e+01
   2.8629750e+06   2.2000000e+01
   2.8630950e+06   1.7000000e+01
   2.8633130e+06   2.0000000e+01
   2.8634250e+06   1.7000000e+01
   2.8635800e+06   1.7000000e+01
   2.8644930e+06   2.1000000e+01
   2.8652710e+06   1.7000000e+01
   2.8657310e+06   2.6000000e+01
   2.8662850e+06   1.7000000e+01
   2.8664170e+06   1.7000000e+01
   2.8667040e+06   2.0000000e+01
   2.8670330e+06   1.9000000e+01
   2.9357900e+06   2.2000000e+01
   2.9368930e+06   1.7000000e+01
   2.9371180e+06   1.7000000e+01
   2.9400230e+06   2.1000000e+01
   2.9401660e+06   1.7000000e+01
   2.9406040e+06   1.7000000e+01
   2.9413190e+06   2.0000000e+01
   2.9418930e+06   2.5000000e+01
   2.9897010e+06   2.3000000e+01
   2.9899300e+06   1.7000000e+01
   2.9936700e+06   1.7000000e+01
   2.9940780e+06   1.7000000e+01
   2.9941620e+06   2.6000000e+01
   2.9943480e+06   1.7000000e+01
   2.9945180e+06   1.8000000e+01
   2.9955400e+06   2.2000000e+01
   2.9955720e+06   1.9000000e+01
   2.9956690e+06   2.2000000e+01
   2.9959920e+06   1.8000000e+01
   2.9965460e+06   1.9000000e+01
   2.9970210e+06   1.7000000e+01
   2.9971300e+06   1.9000000e+01
   2.9976620e+06   1.8000000e+01
   2.9982890e+06   1.7000000e+01
   2.9990810e+06   1.8000000e+01
   2.9998930e+06   1.9000000e+01
   3.0000630e+06   1.8000000e+01
   3.0013420e+06   2.4000000e+01
   3.0016970e+06   1.8000000e+01
   3.0024570e+06   1.7000000e+01
   3.1731380e+06   2.3000000e+01
   3.1732730e+06   1.8000000e+01
   3.1733490e+06   2.0000000e+01
   3.1735870e+06   1.7000000e+01
   3.1737720e+06   2.0000000e+01
   3.1738510e+06   1.8000000e+01
   3.1738810e+06   1.9000000e+01
   3.1748900e+06   2.3000000e+01
   3.1749480e+06   1.7000000e+01
   3.1752740e+06   1.8000000e+01
   3.1758340e+06   1.7000000e+01
   3.1764190e+06   2.0000000e+01
   3.1769770e+06   2.1000000e+01
   3.1790000e+06   1.7000000e+01
   3.1796520e+06   2.3000000e+01
   3.1803600e+06   2.3000000e+01
   3.1805580e+06   1.7000000e+01
   3.1809000e+06   1.8000000e+01
   3.1809980e+06   1.7000000e+01
   3.1814910e+06   1.7000000e+01
   3.1832890e+06   1.8000000e+01
   3.1841010e+06   1.7000000e+01
   3.1842430e+06   1.9000000e+01
   3.1843860e+06   1.8000000e+01
   3.2577570e+06   1.7000000e+01
   3.3858110e+06   1.8000000e+01
   3.3861990e+06   1.7000000e+01
   3.3863020e+06   1.7000000e+01
   3.3878100e+06   1.8000000e+01
   3.3884810e+06   2.0000000e+01
   3.3885140e+06   2.4000000e+01
   3.3887680e+06   1.7000000e+01
   3.3888380e+06   1.7000000e+01
   3.3888970e+06   2.5000000e+01
   3.3889470e+06   2.8000000e+01
   3.3890350e+06   1.7000000e+01
   3.3891410e+06   1.8000000e+01
   3.3892810e+06   1.7000000e+01
   3.3898080e+06   1.8000000e+01
   3.3900630e+06   1.7000000e+01
   3.3902470e+06   1.8000000e+01
   3.3905650e+06   1.7000000e+01
   3.3912470e+06   1.9000000e+01
   3.3914910e+06   1.8000000e+01
   3.3915660e+06   2.7000000e+01
   3.3915940e+06   1.9000000e+01
   3.3916900e+06   2.7000000e+01
   3.3919560e+06   1.7000000e+01
   3.3919870e+06   2.1000000e+01
   3.3921930e+06   1.7000000e+01
   3.3922710e+06   1.8000000e+01
   3.3922970e+06   2.2000000e+01
   3.3927410e+06   1.7000000e+01
   3.3928780e+06   1.8000000e+01
   3.3931650e+06   1.8000000e+01
   3.3933100e+06   1.7000000e+01
   3.3935110e+06   1.7000000e+01
   3.3945810e+06   1.7000000e+01
   3.4054310e+06   1.8000000e+01
   3.4085950e+06   1.9000000e+01
   3.4089010e+06   1.7000000e+01
   3.4089740e+06   1.8000000e+01
   3.4090810e+06   1.8000000e+01
   3.4091390e+06   1.9000000e+01
   3.4095770e+06   1.7000000e+01
   3.4104990e+06   2.1000000e+01
   3.4112010e+06   1.7000000e+01
   3.4148550e+06   1.8000000e+01
   3.4578940e+06   1.8000000e+01
   3.4981260e+06   1.8000000e+01
   3.4983590e+06   1.8000000e+01
   3.5028700e+06   1.7000000e+01
   3.5038820e+06   1.8000000e+01
   3.5040690e+06   1.7000000e+01
   3.5048930e+06   1.7000000e+01
   3.5050350e+06   1.9000000e+01
   3.5050840e+06   1.7000000e+01
   3.5053050e+06   1.9000000e+01
   3.5057310e+06   1.8000000e+01
   3.5059250e+06   1.8000000e+01
   3.5059670e+06   2.1000000e+01
   3.5060420e+06   2.0000000e+01
   3.5065000e+06   2.0000000e+01
   3.5068380e+06   1.7000000e+01
   3.5068730e+06   1.7000000e+01
   3.5069350e+06   1.8000000e+01
   3.5070120e+06   2.1000000e+01
   3.5072790e+06   2.1000000e+01
   3.5073350e+06   2.2000000e+01
   3.5075080e+06   1.8000000e+01
   3.5091420e+06   1.8000000e+01
   3.6371420e+06   1.7000000e+01
   3.6372560e+06   2.0000000e+01
   3.6379220e+06   2.0000000e+01
   3.6381340e+06   1.8000000e+01
   3.6383700e+06   1.8000000e+01
   3.6386920e+06   1.9000000e+01
   3.6387840e+06   1.7000000e+01
   3.6393040e+06   1.7000000e+01
   3.6396620e+06   1.9000000e+01
   3.6403130e+06   1.7000000e+01
   3.6416910e+06   2.0000000e+01
   3.6419410e+06   1.7000000e+01
   3.6420220e+06   2.0000000e+01
   3.6421780e+06   1.8000000e+01
   3.6425340e+06   1.7000000e+01
   3.6427560e+06   1.7000000e+01
   3.6428660e+06   2.2000000e+01
   3.7159200e+06   1.9000000e+01
   3.7162540e+06   2.1000000e+01
   3.7167080e+06   1.7000000e+01
   3.7175300e+06   1.7000000e+01
   3.7177190e+06   1.7000000e+01
   3.7214410e+06   1.8000000e+01
   3.7659920e+06   1.9000000e+01
   3.7665110e+06   2.0000000e+01
   3.7688570e+06   1.7000000e+01
   3.7690470e+06   1.9000000e+01
   3.7690970e+06   1.7000000e+01
   3.7696290e+06   2.1000000e+01
   3.7698070e+06   1.8000000e+01
   3.7699710e+06   1.8000000e+01
   3.7701330e+06   1.7000000e+01
   3.7702710e+06   1.9000000e+01
   3.7705340e+06   2.0000000e+01
   3.7711970e+06   1.7000000e+01
   3.7716970e+06   2.1000000e+01
   3.7729140e+06   1.8000000e+01
   3.8939400e+06   2.3000000e+01
   3.8941990e+06   1.9000000e+01
   3.8956820e+06   1.8000000e+01
   3.8957770e+06   1.7000000e+01
   3.8959450e+06   2.3000000e+01
   3.8959710e+06   1.7000000e+01
   3.8960830e+06   1.9000000e+01
   3.8965190e+06   2.4000000e+01
   3.8984730e+06   1.8000000e+01
   3.8995120e+06   1.7000000e+01
   3.8999670e+06   1.7000000e+01
   3.9013700e+06   1.8000000e+01
   4.0115480e+06   1.7000000e+01
   4.0125980e+06   2.0000000e+01
   4.0135760e+06   1.8000000e+01
   4.0138230e+06   1.8000000e+01
   4.0140780e+06   1.8000000e+01
   4.0141050e+06   1.9000000e+01
   4.0142270e+06   2.0000000e+01
   4.0147480e+06   2.1000000e+01
   4.0155900e+06   1.7000000e+01
   4.0159810e+06   1.7000000e+01
   4.0166520e+06   1.8000000e+01
   4.0179840e+06   2.1000000e+01
   4.0188440e+06   1.7000000e+01
   4.0190070e+06   2.0000000e+01
   4.0223370e+06   1.9000000e+01
   4.0235560e+06   1.7000000e+01
   4.0236990e+06   1.9000000e+01
   4.0250310e+06   2.2000000e+01
   4.0252460e+06   2.3000000e+01
   4.0264780e+06   1.7000000e+01
   4.0272140e+06   2.0000000e+01
   4.0287300e+06   1.8000000e+01
   4.0292760e+06   1.7000000e+01
   4.0302220e+06   1.9000000e+01
   4.1042950e+06   2.4000000e+01
   4.1047100e+06   2.1000000e+01
   4.1053610e+06   1.7000000e+01
   4.1057290e+06   2.1000000e+01
   4.1057650e+06   1.8000000e+01
   4.1062250e+06   2.1000000e+01
   4.1068080e+06   1.8000000e+01
   4.1078330e+06   1.9000000e+01
   4.1695030e+06   1.9000000e+01
   4.1695470e+06   1.8000000e+01
   4.1697650e+06   1.8000000e+01
   4.1700170e+06   1.7000000e+01
   4.1701860e+06   2.1000000e+01
   4.1703420e+06   1.7000000e+01
   4.1708720e+06   1.7000000e+01
   4.1791670e+06   2.2000000e+01
   4.1792970e+06   1.9000000e+01
   4.1794140e+06   1.7000000e+01
   4.1795250e+06   2.1000000e+01
   4.1796580e+06   1.7000000e+01
   4.1797510e+06   1.9000000e+01
   4.1798230e+06   2.3000000e+01
   4.1799150e+06   2.1000000e+01
   4.1800050e+06   2.0000000e+01
   4.1800320e+06   2.0000000e+01
   4.1801280e+06   2.0000000e+01
   4.1801760e+06   1.8000000e+01
   4.1802580e+06   3.2000000e+01
   4.1803540e+06   1.7000000e+01
   4.1804480e+06   1.7000000e+01
   4.1805560e+06   2.0000000e+01
   4.1806630e+06   1.9000000e+01
   4.1807590e+06   1.7000000e+01
   4.1807870e+06   1.9000000e+01
   4.1810370e+06   1.7000000e+01
   4.1811200e+06   2.2000000e+01
   4.1812270e+06   1.9000000e+01
   4.1812520e+06   2.2000000e+01
   4.1816980e+06   1.9000000e+01
   4.1821500e+06   1.7000000e+01
   4.1823460e+06   1.8000000e+01
   4.1828440e+06   1.7000000e+01
   4.1831640e+06   2.1000000e+01
   4.1831900e+06   2.0000000e+01
   4.1832400e+06   1.8000000e+01
   4.1840610e+06   2.0000000e+01
   4.1842340e+06   1.7000000e+01
   4.1842870e+06   2.1000000e+01
   4.1846080e+06   1.7000000e+01
   4.1851470e+06   1.7000000e+01
   4.1851770e+06   1.8000000e+01
   4.1857330e+06   1.8000000e+01
   4.1861870e+06   1.8000000e+01
   4.1865980e+06   1.7000000e+01
   4.1867130e+06   2.1000000e+01
   4.1867680e+06   1.8000000e+01
   4.1872710e+06   1.9000000e+01
   4.1881450e+06   1.8000000e+01
   4.1882700e+06   1.9000000e+01
   4.1882990e+06   2.2000000e+01
   4.1883980e+06   2.0000000e+01
   4.1886910e+06   1.9000000e+01
   4.1889320e+06   1.9000000e+01
   4.1891250e+06   1.8000000e+01
   4.1903090e+06   1.7000000e+01
   4.1912300e+06   1.9000000e+01
   4.2029830e+06   1.8000000e+01
   4.3167510e+06   1.9000000e+01
   4.3176760e+06   1.8000000e+01
   4.3177050e+06   1.9000000e+01
   4.3178060e+06   1.9000000e+01
   4.3178360e+06   1.7000000e+01
   4.3179450e+06   2.7000000e+01
   4.3180720e+06   1.9000000e+01
   4.3181550e+06   1.7000000e+01
   4.3182420e+06   3.4000000e+01
   4.3182690e+06   3.4000000e+01
   4.3183950e+06   1.9000000e+01
   4.3184290e+06   2.5000000e+01
   4.3185090e+06   2.7000000e+01
   4.3186040e+06   2.3000000e+01
   4.3186910e+06   2.4000000e+01
   4.3187940e+06   2.5000000e+01
   4.3188290e+06   3.0000000e+01
   4.3190290e+06   2.5000000e+01
   4.3192080e+06   2.6000000e+01
   4.3193490e+06   1.7000000e+01
   4.3193830e+06   3.8000000e+01
   4.3195460e+06   1.9000000e+01
   4.3196530e+06   1.8000000e+01
   4.3208440e+06   1.8000000e+01
   4.3211400e+06   1.7000000e+01
   4.3256560e+06   1.7000000e+01
   4.3263150e+06   1.7000000e+01
   4.3266050e+06   1.7000000e+01
   4.3811950e+06   1.7000000e+01
   4.3812220e+06   2.1000000e+01
   4.3813200e+06   1.8000000e+01
   4.3822250e+06   2.1000000e+01
   4.3826540e+06   1.7000000e+01
   4.3828460e+06   1.8000000e+01
   4.3845400e+06   1.7000000e+01
   4.4577130e+06   1.9000000e+01
   4.4586530e+06   1.7000000e+01
   4.4595370e+06   1.7000000e+01
   4.4597520e+06   1.7000000e+01
   4.4602830e+06   1.7000000e+01
   4.4613190e+06   1.8000000e+01
   4.4617640e+06   1.7000000e+01
   4.4619490e+06   2.2000000e+01
   4.4620040e+06   1.7000000e+01
   4.4632450e+06   1.8000000e+01
   4.4642360e+06   2.4000000e+01
   4.4653980e+06   1.7000000e+01
   4.4680250e+06   1.7000000e+01
   4.4692710e+06   1.7000000e+01
   4.4694150e+06   1.8000000e+01
   4.4717880e+06   1.9000000e+01
   4.4718640e+06   2.7000000e+01
   4.4719620e+06   4.0000000e+01
   4.4719920e+06   2.8000000e+01
   4.4720890e+06   2.7000000e+01
   4.4721770e+06   1.7000000e+01
   4.4723010e+06   2.1000000e+01
   4.4723760e+06   3.2000000e+01
   4.4724050e+06   1.7000000e+01
   4.4725730e+06   2.0000000e+01
   4.4726730e+06   2.1000000e+01
   4.4727280e+06   2.0000000e+01
   4.4728500e+06   1.7000000e+01
   4.4729460e+06   3.2000000e+01
   4.4730230e+06   5.9000000e+01
   4.4730570e+06   2.5000000e+01
   4.4731860e+06   1.7000000e+01
   4.4732520e+06   2.0000000e+01
   4.4733510e+06   2.0000000e+01
   4.4735410e+06   1.7000000e+01
   4.4736000e+06   1.9000000e+01
   4.4737910e+06   1.8000000e+01
   4.4739110e+06   2.0000000e+01
   4.4739950e+06   3.5000000e+01
   4.4741860e+06   2.0000000e+01
   4.4742660e+06   1.7000000e+01
   4.4744150e+06   1.7000000e+01
   4.4744780e+06   2.6000000e+01
   4.4745850e+06   1.7000000e+01
   4.4760940e+06   1.9000000e+01
   4.5702250e+06   1.9000000e+01
   4.5741700e+06   1.8000000e+01
   4.5744530e+06   1.7000000e+01
   4.5745240e+06   1.9000000e+01
   4.5745550e+06   2.0000000e+01
   4.5748960e+06   2.0000000e+01
   4.5751780e+06   1.7000000e+01
   4.5753570e+06   2.0000000e+01
   4.5782940e+06   2.3000000e+01
   4.5823690e+06   1.9000000e+01
   4.5826160e+06   1.8000000e+01
   4.6928620e+06   1.8000000e+01
   4.6931180e+06   1.8000000e+01
   4.6942040e+06   1.7000000e+01
   4.6944290e+06   1.7000000e+01
   4.6950360e+06   1.7000000e+01
   4.6953440e+06   3.0000000e+01
   4.6969060e+06   2.1000000e+01
   4.6970190e+06   2.0000000e+01
   4.6972050e+06   1.9000000e+01
   4.6975660e+06   1.7000000e+01
   4.6978700e+06   1.7000000e+01
   4.6994170e+06   1.7000000e+01
   4.6999590e+06   1.8000000e+01
   4.7002960e+06   2.3000000e+01
   4.7007620e+06   1.7000000e+01
   4.7020150e+06   1.8000000e+01
   4.7021480e+06   2.0000000e+01
   4.7032990e+06   2.2000000e+01
   4.7435570e+06   1.8000000e+01
   4.7812390e+06   2.2000000e+01
   4.7814340e+06   1.8000000e+01
   4.7815030e+06   1.9000000e+01
   4.7816180e+06   2.1000000e+01
   4.7816990e+06   1.9000000e+01
   4.7818690e+06   1.7000000e+01
   4.7819630e+06   2.3000000e+01
   4.7821290e+06   1.9000000e+01
   4.7823050e+06   2.4000000e+01
   4.7827180e+06   1.8000000e+01
   4.7835920e+06   1.9000000e+01
   4.8703600e+06   2.5000000e+01
   4.8708810e+06   1.9000000e+01
   4.8712130e+06   1.9000000e+01
   4.8714660e+06   1.7000000e+01
   4.8715910e+06   1.9000000e+01
   4.8716690e+06   1.7000000e+01
   4.8724700e+06   1.8000000e+01
   4.8731780e+06   2.7000000e+01
   4.8758140e+06   1.8000000e+01
   4.8762470e+06   1.7000000e+01
   4.8765780e+06   1.8000000e+01
   4.8772180e+06   1.8000000e+01
   4.8774580e+06   2.3000000e+01
   4.8786300e+06   2.0000000e+01
   4.8789620e+06   1.7000000e+01
   4.8791460e+06   1.8000000e+01
   4.8798580e+06   1.7000000e+01
   4.8804020e+06   1.8000000e+01
   4.8804360e+06   1.7000000e+01
   4.9081980e+06   1.7000000e+01
   5.0278430e+06   1.7000000e+01
   5.0283650e+06   2.2000000e+01
   5.0289370e+06   1.8000000e+01
   5.0293350e+06   1.9000000e+01
   5.0297010e+06   1.7000000e+01
   5.0307350e+06   2.0000000e+01
   5.0323450e+06   1.7000000e+01
   5.0327910e+06   1.7000000e+01
   5.0329140e+06   1.9000000e+01
   5.0329640e+06   2.0000000e+01
   5.0330630e+06   1.8000000e+01
   5.0334840e+06   1.7000000e+01
   5.0337270e+06   1.7000000e+01
   5.0338170e+06   2.0000000e+01
   5.0338570e+06   2.0000000e+01
   5.0339520e+06   2.1000000e+01
   5.0341780e+06   1.8000000e+01
   5.0342590e+06   1.7000000e+01
   5.0345240e+06   1.8000000e+01
   5.0345760e+06   1.9000000e+01
   5.0347550e+06   1.7000000e+01
   5.0349340e+06   2.1000000e+01
   5.0349620e+06   2.1000000e+01
   5.0361190e+06   1.7000000e+01
   5.1095190e+06   2.0000000e+01
   5.1096590e+06   1.7000000e+01
   5.1097530e+06   1.8000000e+01
   5.1098770e+06   1.8000000e+01
   5.1100290e+06   2.3000000e+01
   5.1101380e+06   1.7000000e+01
   5.1103440e+06   2.0000000e+01
   5.1105220e+06   1.9000000e+01
   5.1106500e+06   1.7000000e+01
   5.1109570e+06   2.4000000e+01
   5.1112260e+06   1.7000000e+01
   5.1116080e+06   1.9000000e+01
   5.1119760e+06   2.6000000e+01
   5.1124990e+06   1.7000000e+01
   5.1127630e+06   1.7000000e+01
   5.1173710e+06   1.8000000e+01
   5.1183370e+06   2.0000000e+01
   5.1185720e+06   1.7000000e+01
   5.1186800e+06   1.9000000e+01
   5.1191740e+06   1.7000000e+01
   5.1199890e+06   1.8000000e+01
   5.1203870e+06   2.1000000e+01
   5.1204270e+06   1.7000000e+01
   5.1205930e+06   1.8000000e+01
   5.1207590e+06   2.0000000e+01
   5.1208960e+06   1.9000000e+01
   5.1213570e+06   1.7000000e+01
   5.1871800e+06   1.9000000e+01
   5.1893300e+06   1.8000000e+01
   5.1894470e+06   1.7000000e+01
   5.1896280e+06   1.8000000e+01
   5.1898130e+06   1.8000000e+01
   5.2651390e+06   1.9000000e+01
   5.2653400e+06   1.7000000e+01
   5.2660660e+06   1.8000000e+01
   5.2706980e+06   2.1000000e+01
   5.2717450e+06   1.8000000e+01
   5.2726120e+06   2.0000000e+01
   5.2746810e+06   1.7000000e+01
   5.2747470e+06   1.7000000e+01
   5.2759650e+06   1.8000000e+01
   5.2759960e+06   1.7000000e+01
   5.2760770e+06   1.8000000e+01
   5.2762770e+06   1.7000000e+01
   5.2763710e+06   2.2000000e+01
   5.2763990e+06   1.8000000e+01
   5.2766640e+06   2.0000000e+01
   5.2766960e+06   2.1000000e+01
   5.3217830e+06   1.7000000e+01
   5.3228980e+06   1.7000000e+01
   5.3229440e+06   1.7000000e+01
   5.3233720e+06   1.9000000e+01
   5.3236690e+06   1.7000000e+01
   5.3237460e+06   1.9000000e+01
   5.3238220e+06   1.7000000e+01
   5.3238720e+06   1.9000000e+01
   5.3239430e+06   2.1000000e+01
   5.3243630e+06   1.7000000e+01
   5.3245100e+06   2.0000000e+01
   5.3249330e+06   1.9000000e+01
   5.3265650e+06   2.0000000e+01
   5.3276170e+06   1.7000000e+01
   5.3287750e+06   1.7000000e+01
   5.3293900e+06   1.7000000e+01
   5.3335000e+06   2.0000000e+01
   5.3335250e+06   1.9000000e+01
   5.3336210e+06   1.9000000e+01
   5.3336750e+06   2.1000000e+01
   5.3337530e+06   1.8000000e+01
   5.3337840e+06   1.7000000e+01
   5.3338720e+06   2.0000000e+01
   5.3339500e+06   2.1000000e+01
   5.3340290e+06   2.5000000e+01
   5.3340880e+06   1.8000000e+01
   5.3341800e+06   3.4000000e+01
   5.3342050e+06   3.4000000e+01
   5.3343020e+06   2.2000000e+01
   5.3343980e+06   3.8000000e+01
   5.3344270e+06   3.3000000e+01
   5.3345160e+06   2.4000000e+01
   5.3345720e+06   2.0000000e+01
   5.3346600e+06   3.1000000e+01
   5.3346880e+06   3.2000000e+01
   5.3347870e+06   2.1000000e+01
   5.3348600e+06   2.3000000e+01
   5.3349060e+06   1.8000000e+01
   5.3353000e+06   1.8000000e+01
   5.3353960e+06   1.8000000e+01
   5.3354590e+06   1.9000000e+01
   5.3355240e+06   1.8000000e+01
   5.3357380e+06   1.8000000e+01
   5.3357970e+06   1.9000000e+01
   5.3358700e+06   1.8000000e+01
   5.3359720e+06   2.6000000e+01
   5.3360030e+06   2.5000000e+01
   5.3360920e+06   1.9000000e+01
   5.3361930e+06   2.9000000e+01
   5.3362390e+06   2.2000000e+01
   5.3363270e+06   2.6000000e+01
   5.3363640e+06   1.8000000e+01
   5.3363960e+06   2.2000000e+01
   5.3364920e+06   1.7000000e+01
   5.3365260e+06   2.0000000e+01
   5.3369750e+06   1.8000000e+01
   5.3372030e+06   2.1000000e+01
   5.3374260e+06   2.0000000e+01
   5.3375230e+06   2.4000000e+01
   5.3378130e+06   1.8000000e+01
   5.3382280e+06   1.8000000e+01
   5.3383440e+06   2.0000000e+01
   5.3384450e+06   2.0000000e+01
   5.3384720e+06   2.1000000e+01
   5.3386440e+06   1.7000000e+01
   5.3391500e+06   1.9000000e+01
   5.3392420e+06   1.7000000e+01
   5.3393000e+06   1.8000000e+01
   5.3396490e+06   2.5000000e+01
   5.3397950e+06   1.7000000e+01
   5.3402500e+06   1.7000000e+01
   5.3403960e+06   2.2000000e+01
   5.3405610e+06   1.8000000e+01
   5.3406510e+06   1.9000000e+01
   5.3410190e+06   1.7000000e+01
   5.3413360e+06   1.7000000e+01
   5.3417360e+06   1.9000000e+01
   5.3419190e+06   1.7000000e+01
   5.3428510e+06   1.8000000e+01
   5.3437030e+06   1.9000000e+01
   5.3438940e+06   1.9000000e+01
   5.3444560e+06   1.9000000e+01
   5.3445030e+06   1.7000000e+01
   5.3447660e+06   1.8000000e+01
   5.3448660e+06   1.9000000e+01
   5.3449550e+06   1.7000000e+01
   5.3454620e+06   1.7000000e+01
   5.3455510e+06   1.8000000e+01
   5.3456270e+06   1.8000000e+01
   5.3457260e+06   1.7000000e+01
   5.3462620e+06   1.8000000e+01
   5.3464190e+06   1.7000000e+01
   5.3467920e+06   1.8000000e+01
   5.3468310e+06   1.7000000e+01
   5.3469670e+06   1.7000000e+01
   5.3470820e+06   1.9000000e+01
   5.3473610e+06   2.0000000e+01
   5.3475600e+06   2.0000000e+01
   5.3476350e+06   2.0000000e+01
   5.3477130e+06   1.8000000e+01
   5.3478490e+06   1.8000000e+01
   5.3479690e+06   1.9000000e+01
   5.3480660e+06   2.2000000e+01
   5.3482290e+06   2.1000000e+01
   5.3482800e+06   1.8000000e+01
   5.3483090e+06   2.2000000e+01
   5.3487290e+06   1.8000000e+01
   5.3487830e+06   1.8000000e+01
   5.3490110e+06   1.9000000e+01
   5.3490750e+06   2.0000000e+01
   5.3492140e+06   1.8000000e+01
   5.3495010e+06   2.1000000e+01
   5.3497330e+06   1.8000000e+01
   5.3498940e+06   1.7000000e+01
   5.3499930e+06   1.7000000e+01
   5.3502870e+06   1.7000000e+01
   5.3504140e+06   2.8000000e+01
   5.3504860e+06   1.8000000e+01
   5.3506410e+06   1.7000000e+01
   5.3507760e+06   1.7000000e+01
   5.3511970e+06   1.7000000e+01
   5.3515350e+06   1.8000000e+01
   5.3521710e+06   1.8000000e+01
   5.3524060e+06   2.3000000e+01
   5.3560060e+06   1.7000000e+01
   5.3703590e+06   1.7000000e+01
   5.6617920e+06   2.4000000e+01
   5.6619400e+06   1.7000000e+01
   5.6649620e+06   1.9000000e+01
   5.6652260e+06   1.8000000e+01
   5.6692700e+06   1.8000000e+01
   5.8094210e+06   1.7000000e+01
   5.8095440e+06   1.8000000e+01
   5.8095690e+06   1.9000000e+01
   5.8097090e+06   1.9000000e+01
   5.8098150e+06   1.8000000e+01
   5.8146410e+06   1.7000000e+01
   5.8154690e+06   2.3000000e+01
   5.9532890e+06   2.3000000e+01
   5.9538780e+06   1.7000000e+01
   5.9539270e+06   1.8000000e+01
   5.9540440e+06   1.7000000e+01
   5.9555050e+06   1.8000000e+01
   5.9557370e+06   2.1000000e+01
   5.9566530e+06   2.0000000e+01
   5.9568240e+06   1.9000000e+01
   5.9570310e+06   1.9000000e+01
   5.9619560e+06   1.7000000e+01
   5.9622420e+06   2.1000000e+01
   5.9622910e+06   1.8000000e+01
   5.9623570e+06   1.9000000e+01
   5.9624910e+06   2.4000000e+01
   5.9626670e+06   1.8000000e+01
   5.9627330e+06   1.9000000e+01
   5.9627580e+06   1.8000000e+01
   5.9629520e+06   1.7000000e+01
   5.9630530e+06   2.0000000e+01
   5.9630780e+06   1.8000000e+01
   5.9632400e+06   2.1000000e+01
   5.9632780e+06   1.7000000e+01
   5.9633580e+06   2.0000000e+01
   5.9633900e+06   1.7000000e+01
   5.9634490e+06   1.7000000e+01
   5.9636130e+06   1.8000000e+01
   5.9640660e+06   2.0000000e+01
   5.9642490e+06   1.8000000e+01
   5.9643190e+06   1.7000000e+01
   5.9644420e+06   1.8000000e+01
   5.9669150e+06   1.7000000e+01
   6.0476370e+06   2.1000000e+01
   6.0477740e+06   2.6000000e+01
   6.0478370e+06   2.0000000e+01
   6.0486740e+06   1.9000000e+01
   6.0488140e+06   1.7000000e+01
   6.0497390e+06   1.8000000e+01
   6.0511910e+06   2.0000000e+01
   6.1265490e+06   1.8000000e+01
   6.1281050e+06   2.1000000e+01
   6.1309500e+06   1.8000000e+01
   6.1312950e+06   1.7000000e+01
   6.1314500e+06   1.9000000e+01
   6.1330070e+06   1.7000000e+01
   6.1332080e+06   1.8000000e+01
   6.1333850e+06   2.1000000e+01
   6.1339750e+06   1.7000000e+01
   6.1341110e+06   1.7000000e+01
   6.1343350e+06   2.4000000e+01
   6.1344320e+06   1.7000000e+01
   6.1346560e+06   1.7000000e+01
   6.1350790e+06   1.7000000e+01
   6.1361840e+06   1.8000000e+01
   6.1367980e+06   1.7000000e+01
   6.1372780e+06   1.9000000e+01
   6.1392020e+06   2.0000000e+01
   6.1405710e+06   1.7000000e+01
   6.1407390e+06   2.0000000e+01
   6.1409300e+06   1.9000000e+01
   6.1415340e+06   2.2000000e+01
   6.1423510e+06   2.2000000e+01
   6.2252690e+06   1.7000000e+01
   6.2255880e+06   2.2000000e+01
   6.2268060e+06   1.8000000e+01
   6.2281410e+06   1.8000000e+01
   6.2300600e+06   1.9000000e+01
   6.2302360e+06   1.7000000e+01
   6.2336990e+06   1.8000000e+01
   6.2338500e+06   1.9000000e+01
   6.2339290e+06   1.8000000e+01
   6.2340270e+06   2.9000000e+01
   6.2340530e+06   2.0000000e+01
   6.2341520e+06   2.1000000e+01
   6.2341960e+06   1.9000000e+01
   6.2343090e+06   3.2000000e+01
   6.2343350e+06   2.3000000e+01
   6.2344710e+06   1.7000000e+01
   6.2346060e+06   1.9000000e+01
   6.2346990e+06   3.0000000e+01
   6.2347330e+06   2.1000000e+01
   6.2348320e+06   3.0000000e+01
   6.2348570e+06   2.0000000e+01
   6.2349560e+06   2.8000000e+01
   6.2350290e+06   2.5000000e+01
   6.2351390e+06   1.9000000e+01
   6.2352700e+06   1.7000000e+01
   6.2354040e+06   1.8000000e+01
   6.3424230e+06   1.9000000e+01
   6.3446150e+06   1.8000000e+01
   6.3449430e+06   1.7000000e+01
   6.3452940e+06   1.9000000e+01
   6.3459640e+06   1.8000000e+01
   6.3468070e+06   2.5000000e+01
   6.3469330e+06   1.9000000e+01
   6.3470790e+06   2.0000000e+01
   6.3474520e+06   1.9000000e+01
   6.3478430e+06   1.7000000e+01
   6.4320940e+06   1.8000000e+01
   6.4323340e+06   2.2000000e+01
   6.4327770e+06   1.8000000e+01
   6.4329160e+06   2.0000000e+01
   6.4329680e+06   1.8000000e+01
   6.4330430e+06   1.7000000e+01
   6.4335530e+06   1.7000000e+01
   6.4336400e+06   2.4000000e+01
   6.4338410e+06   1.7000000e+01
   6.4339020e+06   1.7000000e+01
   6.4352990e+06   1.9000000e+01
   6.4357300e+06   1.8000000e+01
   6.4357980e+06   1.8000000e+01
   6.4359150e+06   1.7000000e+01
   6.4360200e+06   1.7000000e+01
   6.4363400e+06   1.7000000e+01
   6.4365760e+06   1.7000000e+01
   6.4367240e+06   1.7000000e+01
   6.4369270e+06   1.7000000e+01
   6.4371130e+06   1.7000000e+01
   6.4372310e+06   1.9000000e+01
   6.4373010e+06   1.7000000e+01
   6.4374410e+06   1.8000000e+01
   6.4380540e+06   1.9000000e+01
   6.4382330e+06   1.8000000e+01
   6.4384760e+06   1.7000000e+01
   6.4385540e+06   2.1000000e+01
   6.4391110e+06   2.0000000e+01
   6.4407020e+06   1.7000000e+01
   6.4630050e+06   1.8000000e+01
   6.4631360e+06   2.0000000e+01
   6.4634920e+06   2.1000000e+01
   6.4638210e+06   1.8000000e+01
   6.4639610e+06   2.2000000e+01
   6.4643760e+06   2.0000000e+01
   6.5041190e+06   1.7000000e+01
   6.5047570e+06   2.5000000e+01
   6.5049570e+06   2.2000000e+01
   6.5050370e+06   1.7000000e+01
   6.5052820e+06   1.7000000e+01
   6.5054540e+06   1.8000000e+01
   6.5057660e+06   1.7000000e+01
   6.5070630e+06   1.7000000e+01
   6.5076750e+06   1.9000000e+01
   6.5082250e+06   1.8000000e+01
   6.5083800e+06   1.8000000e+01
   6.5122920e+06   2.0000000e+01
   6.5131180e+06   2.0000000e+01
   6.5149610e+06   2.0000000e+01
   6.5788320e+06   2.1000000e+01
   6.5789190e+06   1.7000000e+01
   6.5796290e+06   2.0000000e+01
   6.5798560e+06   2.0000000e+01
   6.5811440e+06   2.2000000e+01
   6.5812070e+06   1.7000000e+01
   6.5812650e+06   1.7000000e+01
   6.5816540e+06   1.7000000e+01
   6.5849540e+06   1.8000000e+01
   6.5850790e+06   1.7000000e+01
   6.5851350e+06   1.7000000e+01
   6.5865130e+06   1.9000000e+01
   6.5867220e+06   1.7000000e+01
   6.5870350e+06   1.7000000e+01
   6.5880830e+06   1.7000000e+01
   6.5892750e+06   1.7000000e+01
   6.5894140e+06   1.7000000e+01
   6.5896180e+06   1.9000000e+01
   6.5896550e+06   2.0000000e+01
   6.5897790e+06   2.1000000e+01
   6.5899120e+06   2.4000000e+01
   6.5899880e+06   1.9000000e+01
   6.5900870e+06   2.1000000e+01
   6.5901730e+06   4.3000000e+01
   6.5902140e+06   2.8000000e+01
   6.5902520e+06   4.1000000e+01
   6.5903420e+06   1.8000000e+01
   6.5904390e+06   2.5000000e+01
   6.5904840e+06   1.8000000e+01
   6.5905730e+06   3.5000000e+01
   6.5906250e+06   2.0000000e+01
   6.5907300e+06   3.0000000e+01
   6.5908490e+06   2.2000000e+01
   6.5910040e+06   1.7000000e+01
   6.5911040e+06   1.7000000e+01
   6.5913320e+06   2.0000000e+01
   6.5913710e+06   2.1000000e+01
   6.5914780e+06   1.8000000e+01
   6.5915160e+06   1.8000000e+01
   6.5916820e+06   1.8000000e+01
   6.5948570e+06   1.8000000e+01
   6.6704160e+06   1.7000000e+01
   6.6710590e+06   1.7000000e+01
   6.6718190e+06   2.2000000e+01
   6.6733250e+06   2.3000000e+01
   6.6733950e+06   2.4000000e+01
   6.6734610e+06   1.8000000e+01
   6.6735570e+06   2.4000000e+01
   6.6741440e+06   2.1000000e+01
   6.6743830e+06   1.8000000e+01
   6.6753120e+06   1.7000000e+01
   6.7291010e+06   2.0000000e+01
   6.7297700e+06   1.7000000e+01
   6.7298380e+06   1.7000000e+01
   6.7302700e+06   1.8000000e+01
   6.7303350e+06   1.7000000e+01
   6.7303830e+06   2.1000000e+01
   6.7305800e+06   1.7000000e+01
   6.7306260e+06   1.7000000e+01
   6.7312030e+06   1.7000000e+01
   6.7313000e+06   2.1000000e+01
   6.7313740e+06   2.1000000e+01
   6.7314080e+06   1.9000000e+01
   6.7318920e+06   1.9000000e+01
   6.7322020e+06   1.7000000e+01
   6.7323800e+06   2.3000000e+01
   6.7334770e+06   1.7000000e+01
   6.7346210e+06   1.8000000e+01
   6.7352610e+06   1.7000000e+01
   6.7377780e+06   2.2000000e+01
   6.7379520e+06   1.7000000e+01
   6.7380630e+06   1.7000000e+01
   6.7382370e+06   1.7000000e+01
   6.7383950e+06   1.7000000e+01
   6.7431380e+06   1.7000000e+01
   6.7439910e+06   2.1000000e+01
   6.7440300e+06   1.7000000e+01
   6.7454630e+06   1.9000000e+01
   6.8397120e+06   2.1000000e+01
   6.8610560e+06   2.0000000e+01
   6.8628860e+06   1.8000000e+01
   6.8631190e+06   1.7000000e+01
   6.8633470e+06   1.9000000e+01
   6.8634120e+06   2.1000000e+01
   6.8635320e+06   1.7000000e+01
   6.8640320e+06   1.9000000e+01
   6.8643880e+06   1.7000000e+01
   6.8648020e+06   2.0000000e+01
   6.8649090e+06   1.7000000e+01
   6.8649850e+06   1.8000000e+01
   6.8657660e+06   2.0000000e+01
   6.8669250e+06   1.7000000e+01
   6.8675550e+06   1.8000000e+01
   6.8720710e+06   2.2000000e+01
   6.8723110e+06   1.8000000e+01
   6.8724500e+06   1.8000000e+01
   6.8726010e+06   2.1000000e+01
   6.8726870e+06   2.0000000e+01
   6.8729410e+06   2.1000000e+01
   6.8733040e+06   1.7000000e+01
   6.8733380e+06   1.7000000e+01
   6.8735260e+06   1.9000000e+01
   6.8736700e+06   1.8000000e+01
   6.8738030e+06   1.7000000e+01
   6.8739370e+06   1.7000000e+01
   6.8740870e+06   1.9000000e+01
   6.8768820e+06   1.9000000e+01
   6.9921970e+06   1.7000000e+01
   6.9922590e+06   1.7000000e+01
   6.9926140e+06   1.7000000e+01
   6.9927580e+06   1.7000000e+01
   6.9928230e+06   1.9000000e+01
   6.9929920e+06   1.7000000e+01
   6.9932250e+06   2.1000000e+01
   6.9933280e+06   1.7000000e+01
   6.9934760e+06   1.8000000e+01
   6.9935540e+06   2.2000000e+01
   6.9942810e+06   2.1000000e+01
   6.9958990e+06   1.8000000e+01
   6.9962000e+06   1.9000000e+01
   6.9966710e+06   1.7000000e+01
   6.9975970e+06   1.9000000e+01
   6.9981490e+06   1.7000000e+01
   6.9989990e+06   1.8000000e+01
   6.9999580e+06   2.1000000e+01
   7.0026040e+06   1.7000000e+01
   7.0093040e+06   1.8000000e+01
   7.1063460e+06   2.1000000e+01
   7.1067110e+06   1.8000000e+01
   7.1067570e+06   1.8000000e+01
   7.1069660e+06   1.7000000e+01
   7.1070940e+06   1.9000000e+01
   7.1077140e+06   3.2000000e+01
   7.1079800e+06   1.7000000e+01
   7.1085010e+06   1.7000000e+01
   7.1087320e+06   1.7000000e+01
   7.1087740e+06   2.5000000e+01
   7.1088380e+06   1.7000000e+01
   7.1091850e+06   2.2000000e+01
   7.1093500e+06   2.1000000e+01
   7.1114030e+06   1.7000000e+01
   7.2046340e+06   1.7000000e+01
   7.2047280e+06   1.8000000e+01
   7.2047990e+06   2.2000000e+01
   7.2048990e+06   1.9000000e+01
   7.2049430e+06   2.2000000e+01
   7.2049860e+06   2.8000000e+01
   7.2051150e+06   2.1000000e+01
   7.2051430e+06   2.0000000e+01
   7.2052580e+06   1.7000000e+01
   7.2053400e+06   2.1000000e+01
   7.2054080e+06   1.8000000e+01
   7.2055050e+06   2.9000000e+01
   7.2055360e+06   1.8000000e+01
   7.2055740e+06   1.7000000e+01
   7.2056800e+06   1.7000000e+01
   7.2058310e+06   1.7000000e+01
   7.2060090e+06   1.8000000e+01
   7.2061490e+06   1.9000000e+01
   7.2061910e+06   1.8000000e+01
   7.2062870e+06   1.8000000e+01
   7.2067510e+06   1.7000000e+01
   7.2076240e+06   2.0000000e+01
   7.2080070e+06   1.9000000e+01
   7.2081270e+06   2.0000000e+01
   7.2082380e+06   1.8000000e+01
   7.2090500e+06   2.1000000e+01
   7.2097350e+06   1.8000000e+01
   7.2100700e+06   1.7000000e+01
   7.2101280e+06   1.7000000e+01
   7.2103190e+06   1.8000000e+01
   7.2104990e+06   1.7000000e+01
   7.2114520e+06   1.9000000e+01
   7.2116390e+06   1.7000000e+01
   7.2117700e+06   2.2000000e+01
   7.2118480e+06   1.7000000e+01
   7.2119340e+06   1.7000000e+01
   7.2119980e+06   2.1000000e+01
   7.2121260e+06   2.6000000e+01
   7.2121650e+06   2.0000000e+01
   7.2123910e+06   2.0000000e+01
   7.2127950e+06   1.8000000e+01
   7.2794630e+06   1.7000000e+01
   7.2998230e+06   1.9000000e+01
   7.2998840e+06   1.8000000e+01
   7.3003040e+06   1.8000000e+01
   7.3004840e+06   1.7000000e+01
   7.3007820e+06   1.9000000e+01
   7.3010070e+06   1.8000000e+01
   7.3013700e+06   1.7000000e+01
   7.3017250e+06   1.8000000e+01
   7.3018230e+06   2.0000000e+01
   7.3019230e+06   1.8000000e+01
   7.3026150e+06   1.8000000e+01
   7.3029130e+06   2.0000000e+01
   7.3031560e+06   1.9000000e+01
   7.3035160e+06   2.0000000e+01
   7.3035580e+06   1.9000000e+01
   7.3036710e+06   2.0000000e+01
   7.3037330e+06   2.2000000e+01
   7.3039890e+06   2.0000000e+01
   7.3040480e+06   1.8000000e+01
   7.3041920e+06   1.8000000e+01
   7.3043700e+06   1.8000000e+01
   7.3047200e+06   1.8000000e+01
   7.3054070e+06   1.7000000e+01
   7.3929810e+06   1.9000000e+01
   7.4590260e+06   1.8000000e+01
   7.4590880e+06   1.7000000e+01
   7.4596360e+06   1.8000000e+01
   7.4598590e+06   1.7000000e+01
   7.4600270e+06   1.8000000e+01
   7.4600670e+06   1.9000000e+01
   7.4603070e+06   1.8000000e+01
   7.4605420e+06   2.0000000e+01
   7.4605800e+06   1.7000000e+01
   7.4613040e+06   1.9000000e+01
   7.4629320e+06   1.8000000e+01
   7.4631190e+06   2.2000000e+01
   7.4666830e+06   1.8000000e+01
   7.4687510e+06   1.9000000e+01
   7.4697060e+06   1.8000000e+01
   7.4709980e+06   1.9000000e+01
   7.4710980e+06   1.8000000e+01
   7.4712300e+06   1.7000000e+01
   7.4713060e+06   2.4000000e+01
   7.4714710e+06   1.8000000e+01
   7.4715640e+06   2.1000000e+01
   7.4716380e+06   1.8000000e+01
   7.4717220e+06   2.4000000e+01
   7.4718840e+06   2.0000000e+01
   7.4719350e+06   1.8000000e+01
   7.4720100e+06   1.9000000e+01
   7.4720730e+06   1.9000000e+01
   7.4722440e+06   3.0000000e+01
   7.4723430e+06   1.7000000e+01
   7.4724230e+06   1.7000000e+01
   7.4724710e+06   1.8000000e+01
   7.4725290e+06   1.7000000e+01
   7.4727660e+06   2.2000000e+01
   7.4729820e+06   1.7000000e+01
   7.4736390e+06   2.0000000e+01
   7.4763430e+06   1.9000000e+01
