   7.5000000e+06   0.0000000e+00
   6.2120000e+03   1.4000000e+01
   6.6130000e+03   1.7000000e+01
   6.8530000e+03   1.4000000e+01
   7.1130000e+03   1.3000000e+01
   8.3230000e+03   1.3000000e+01
   1.0426000e+04   1.3000000e+01
   1.0549000e+04   1.3000000e+01
   1.0799000e+04   1.3000000e+01
   1.1289000e+04   1.3000000e+01
   1.2135000e+04   1.4000000e+01
   1.4346000e+04   1.3000000e+01
   1.5765000e+04   1.3000000e+01
   2.1344000e+04   1.4000000e+01
   5.0328000e+04   1.9000000e+01
   5.0880000e+04   1.5000000e+01
   5.1525000e+04   1.3000000e+01
   5.1785000e+04   1.3000000e+01
   5.2277000e+04   1.6000000e+01
   5.2802000e+04   1.6000000e+01
   5.3493000e+04   1.3000000e+01
   5.3829000e+04   1.3000000e+01
   5.4822000e+04   1.3000000e+01
   5.5017000e+04   1.3000000e+01
   5.5727000e+04   1.3000000e+01
   5.7401000e+04   1.3000000e+01
   6.0193000e+04   1.5000000e+01
   6.1706000e+04   1.3000000e+01
   6.6341000e+04   1.3000000e+01
   6.8645000e+04   1.3000000e+01
   9.4945000e+04   1.4000000e+01
   9.5243000e+04   1.6000000e+01
   9.5522000e+04   1.3000000e+01
   9.6743000e+04   1.5000000e+01
   9.7236000e+04   1.3000000e+01
   9.7708000e+04   1.3000000e+01
   9.8509000e+04   1.3000000e+01
   1.0274100e+05   1.3000000e+01
   1.0573200e+05   1.6000000e+01
   1.3827400e+05   1.5000000e+01
   1.3871700e+05   1.6000000e+01
   1.3898400e+05   1.3000000e+01
   1.3988700e+05   1.3000000e+01
   1.4002300e+05   1.5000000e+01
   1.4028900e+05   1.3000000e+01
   1.4040800e+05   1.5000000e+01
   1.4137700e+05   1.3000000e+01
   1.4154200e+05   1.4000000e+01
   1.4176100e+05   1.4000000e+01
   1.4355800e+05   1.5000000e+01
   1.4423400e+05   1.3000000e+01
   1.4512900e+05   1.4000000e+01
   1.8113500e+05   1.4000000e+01
   1.8159400e+05   1.5000000e+01
   1.8208200e+05   1.3000000e+01
   1.8213800e+05   1.3000000e+01
   1.8281900e+05   1.5000000e+01
   1.8335100e+05   1.3000000e+01
   1.8338100e+05   1.3000000e+01
   1.8452900e+05   1.3000000e+01
   1.8504800e+05   1.3000000e+01
   1.8566000e+05   1.3000000e+01
   1.8683600e+05   1.4000000e+01
   1.9101300e+05   1.4000000e+01
   1.9322000e+05   1.3000000e+01
   2.2437200e+05   1.3000000e+01
   2.2447100e+05   1.4000000e+01
   2.2625400e+05   1.3000000e+01
   2.2658100e+05   1.3000000e+01
   2.2722600e+05   1.3000000e+01
   2.2767900e+05   1.4000000e+01
   2.2860500e+05   1.3000000e+01
   2.2931000e+05   1.3000000e+01
   2.2976200e+05   1.5000000e+01
   2.3047800e+05   1.3000000e+01
   2.3248400e+05   1.3000000e+01
   2.3676600e+05   1.3000000e+01
   2.6841300e+05   1.3000000e+01
   2.6929600e+05   1.5000000e+01
   2.6994200e+05   1.4000000e+01
   2.6998000e+05   1.3000000e+01
   2.7081500e+05   1.3000000e+01
   2.7119100e+05   1.3000000e+01
   2.7136500e+05   1.6000000e+01
   2.7170300e+05   1.6000000e+01
   2.7183400e+05   1.4000000e+01
   2.7315600e+05   1.4000000e+01
   2.7407300e+05   1.3000000e+01
   2.7476300e+05   1.5000000e+01
   2.7609600e+05   1.3000000e+01
   2.7770500e+05   1.3000000e+01
   2.7918600e+05   1.3000000e+01
   2.8034800e+05   1.3000000e+01
   2.8195000e+05   1.3000000e+01
   2.8659600e+05   1.3000000e+01
   3.1690300e+05   1.4000000e+01
   3.1723900e+05   1.3000000e+01
   3.1779700e+05   1.3000000e+01
   3.1799200e+05   1.3000000e+01
   3.1830000e+05   1.4000000e+01
   3.1841500e+05   1.4000000e+01
   3.1866700e+05   1.5000000e+01
   3.2009600e+05   1.3000000e+01
   3.2284700e+05   1.3000000e+01
   3.5902800e+05   1.5000000e+01
   3.6122000e+05   1.3000000e+01
   3.6149900e+05   1.4000000e+01
   3.6190000e+05   1.4000000e+01
   3.6220900e+05   1.6000000e+01
   3.6225400e+05   1.3000000e+01
   3.6386500e+05   1.3000000e+01
   3.6435600e+05   1.3000000e+01
   3.6462800e+05   1.4000000e+01
   3.7257900e+05   1.5000000e+01
   4.0890800e+05   1.3000000e+01
   4.0943100e+05   1.4000000e+01
   4.0974200e+05   1.6000000e+01
   4.1156200e+05   1.4000000e+01
   4.1339600e+05   1.4000000e+01
   4.1349300e+05   1.3000000e+01
   4.1557300e+05   1.3000000e+01
   4.1563200e+05   1.3000000e+01
   4.1620700e+05   1.3000000e+01
   4.2131800e+05   1.3000000e+01
   4.5640100e+05   1.9000000e+01
   4.6076900e+05   1.3000000e+01
   4.6232900e+05   1.3000000e+01
   4.6283100e+05   1.3000000e+01
   4.6288200e+05   1.3000000e+01
   4.6293800e+05   1.4000000e+01
   4.6881300e+05   1.3000000e+01
   5.0143700e+05   1.3000000e+01
   5.0751300e+05   1.3000000e+01
   5.0782000e+05   1.3000000e+01
   5.0814600e+05   1.3000000e+01
   5.0842000e+05   1.5000000e+01
   5.0876000e+05   1.4000000e+01
   5.0935600e+05   1.3000000e+01
   5.0988000e+05   1.3000000e+01
   5.1156700e+05   1.3000000e+01
   5.1205600e+05   1.3000000e+01
   5.1358100e+05   1.4000000e+01
   5.1508500e+05   1.3000000e+01
   5.1757800e+05   1.5000000e+01
   5.1982500e+05   1.3000000e+01
   5.2266600e+05   1.3000000e+01
   5.4936500e+05   1.5000000e+01
   5.5330500e+05   1.5000000e+01
   5.5353900e+05   1.3000000e+01
   5.5370300e+05   1.3000000e+01
   5.5420400e+05   1.4000000e+01
   5.5524700e+05   1.3000000e+01
   5.5708000e+05   1.3000000e+01
   5.6603700e+05   1.3000000e+01
   5.9599100e+05   1.4000000e+01
   5.9736400e+05   1.4000000e+01
   5.9872700e+05   1.3000000e+01
   5.9890300e+05   1.3000000e+01
   5.9926200e+05   1.3000000e+01
   5.9961100e+05   1.3000000e+01
   6.0008500e+05   1.4000000e+01
   6.0022700e+05   1.4000000e+01
   6.0199200e+05   1.4000000e+01
   6.0346600e+05   1.4000000e+01
   6.0921800e+05   1.3000000e+01
   6.0997000e+05   1.3000000e+01
   6.3421600e+05   1.3000000e+01
   6.4082900e+05   1.3000000e+01
   6.4166900e+05   1.5000000e+01
   6.4343800e+05   1.3000000e+01
   6.4353800e+05   1.4000000e+01
   6.4421900e+05   1.5000000e+01
   6.4454500e+05   1.3000000e+01
   6.4515700e+05   1.3000000e+01
   6.4682800e+05   1.3000000e+01
   6.4749000e+05   1.4000000e+01
   6.4814500e+05   1.3000000e+01
   6.4826400e+05   1.3000000e+01
   6.5038500e+05   1.3000000e+01
   6.5119700e+05   1.3000000e+01
   6.8664600e+05   1.3000000e+01
   6.8733900e+05   1.3000000e+01
   6.8749000e+05   1.3000000e+01
   6.8797400e+05   1.5000000e+01
   6.8800900e+05   1.6000000e+01
   6.8811700e+05   1.3000000e+01
   6.8850800e+05   1.3000000e+01
   6.8853800e+05   1.5000000e+01
   6.8894300e+05   1.3000000e+01
   6.9107400e+05   1.3000000e+01
   6.9122500e+05   1.3000000e+01
   6.9178400e+05   1.3000000e+01
   6.9301700e+05   1.3000000e+01
   6.9428200e+05   1.4000000e+01
   6.9777700e+05   1.3000000e+01
   7.0056000e+05   1.3000000e+01
   7.0499100e+05   1.3000000e+01
   7.2560600e+05   1.3000000e+01
   7.3234000e+05   1.4000000e+01
   7.3268100e+05   1.6000000e+01
   7.3363100e+05   1.3000000e+01
   7.3446300e+05   1.3000000e+01
   7.3450300e+05   1.3000000e+01
   7.3497400e+05   1.4000000e+01
   7.3656500e+05   1.3000000e+01
   7.3952100e+05   1.4000000e+01
   7.3978800e+05   1.4000000e+01
   7.4282900e+05   1.3000000e+01
   7.4503300e+05   1.5000000e+01
   7.4592600e+05   1.3000000e+01
   7.6412500e+05   1.3000000e+01
   7.8018800e+05   1.6000000e+01
   7.8126400e+05   1.4000000e+01
   7.8188200e+05   1.4000000e+01
   7.8220000e+05   1.5000000e+01
   7.8230800e+05   1.4000000e+01
   7.8251500e+05   1.3000000e+01
   7.8312500e+05   1.3000000e+01
   7.8418800e+05   1.4000000e+01
   7.8544100e+05   1.3000000e+01
   7.8615200e+05   1.4000000e+01
   7.8702500e+05   1.4000000e+01
   7.9979300e+05   1.3000000e+01
   8.1938500e+05   1.4000000e+01
   8.2443300e+05   1.6000000e+01
   8.2496400e+05   1.3000000e+01
   8.2515200e+05   1.5000000e+01
   8.2534000e+05   1.4000000e+01
   8.2567100e+05   1.5000000e+01
   8.2619000e+05   1.3000000e+01
   8.2651200e+05   1.3000000e+01
   8.2774100e+05   1.3000000e+01
   8.2827800e+05   1.3000000e+01
   8.2894700e+05   1.3000000e+01
   8.2935400e+05   1.4000000e+01
   8.3003500e+05   1.3000000e+01
   8.3168900e+05   1.4000000e+01
   8.3266600e+05   1.4000000e+01
   8.3729500e+05   1.3000000e+01
   8.3956900e+05   1.3000000e+01
   8.6929500e+05   1.4000000e+01
   8.6986100e+05   1.3000000e+01
   8.7012500e+05   1.4000000e+01
   8.7080900e+05   1.6000000e+01
   8.7095800e+05   1.3000000e+01
   8.7194500e+05   1.4000000e+01
   8.7367300e+05   1.3000000e+01
   9.0570700e+05   1.3000000e+01
   9.1525700e+05   1.4000000e+01
   9.1583400e+05   1.4000000e+01
   9.1734700e+05   1.4000000e+01
   9.1769600e+05   1.3000000e+01
   9.1827400e+05   1.3000000e+01
   9.2110200e+05   1.3000000e+01
   9.2148700e+05   1.3000000e+01
   9.2157500e+05   1.3000000e+01
   9.2240900e+05   1.3000000e+01
   9.6073400e+05   1.5000000e+01
   9.6098600e+05   1.3000000e+01
   9.6142300e+05   1.4000000e+01
   9.6183100e+05   1.3000000e+01
   9.6231700e+05   1.4000000e+01
   9.6239200e+05   1.3000000e+01
   9.6264200e+05   1.3000000e+01
   9.6280500e+05   1.5000000e+01
   9.6374900e+05   1.3000000e+01
   9.6498700e+05   1.7000000e+01
   9.6564000e+05   1.6000000e+01
   9.6771800e+05   1.4000000e+01
   9.6892000e+05   1.6000000e+01
   9.7315300e+05   1.3000000e+01
   9.7495900e+05   1.3000000e+01
   1.0062270e+06   1.3000000e+01
   1.0066530e+06   1.5000000e+01
   1.0071000e+06   1.3000000e+01
   1.0071560e+06   1.4000000e+01
   1.0075030e+06   1.6000000e+01
   1.0078110e+06   1.3000000e+01
   1.0079270e+06   2.0000000e+01
   1.0084250e+06   1.3000000e+01
   1.0085400e+06   1.3000000e+01
   1.0087480e+06   1.3000000e+01
   1.0095050e+06   1.3000000e+01
   1.0124520e+06   1.5000000e+01
   1.0163190e+06   1.3000000e+01
   1.0213540e+06   1.4000000e+01
   1.0535680e+06   1.3000000e+01
   1.0543770e+06   1.7000000e+01
   1.0548170e+06   1.3000000e+01
   1.0551710e+06   1.3000000e+01
   1.0580680e+06   1.3000000e+01
   1.0593210e+06   1.3000000e+01
   1.0611800e+06   1.4000000e+01
   1.0672560e+06   1.4000000e+01
   1.0979150e+06   1.3000000e+01
   1.0980630e+06   1.5000000e+01
   1.0989790e+06   1.6000000e+01
   1.0995320e+06   1.4000000e+01
   1.1008000e+06   1.8000000e+01
   1.1029890e+06   1.3000000e+01
   1.1036530e+06   1.5000000e+01
   1.1038260e+06   1.3000000e+01
   1.1093450e+06   1.3000000e+01
   1.1431240e+06   1.9000000e+01
   1.1434680e+06   1.4000000e+01
   1.1446900e+06   1.3000000e+01
   1.1447360e+06   1.5000000e+01
   1.1452600e+06   1.6000000e+01
   1.1454830e+06   1.4000000e+01
   1.1458240e+06   1.4000000e+01
   1.1468870e+06   1.3000000e+01
   1.1506950e+06   1.5000000e+01
   1.1883010e+06   1.4000000e+01
   1.1885830e+06   1.3000000e+01
   1.1889470e+06   1.4000000e+01
   1.1893800e+06   1.3000000e+01
   1.1897970e+06   1.4000000e+01
   1.1913740e+06   1.3000000e+01
   1.1918290e+06   1.3000000e+01
   1.1919200e+06   1.3000000e+01
   1.1920900e+06   1.3000000e+01
   1.1951710e+06   1.3000000e+01
   1.2316990e+06   1.5000000e+01
   1.2319000e+06   1.3000000e+01
   1.2330570e+06   1.3000000e+01
   1.2334770e+06   1.6000000e+01
   1.2340330e+06   1.3000000e+01
   1.2363920e+06   1.3000000e+01
   1.2367270e+06   1.3000000e+01
   1.2373760e+06   1.3000000e+01
   1.2384630e+06   1.4000000e+01
   1.2445980e+06   1.4000000e+01
   1.2486130e+06   1.3000000e+01
   1.2794230e+06   1.4000000e+01
   1.2801320e+06   1.4000000e+01
   1.2802230e+06   1.4000000e+01
   1.2811080e+06   1.5000000e+01
   1.2814620e+06   1.3000000e+01
   1.2815670e+06   1.5000000e+01
   1.2817690e+06   1.3000000e+01
   1.2832170e+06   1.3000000e+01
   1.2838650e+06   1.7000000e+01
   1.2861980e+06   1.4000000e+01
   1.2879110e+06   1.3000000e+01
   1.2887980e+06   1.3000000e+01
   1.2919040e+06   1.3000000e+01
   1.2958970e+06   1.4000000e+01
   1.3178000e+06   1.3000000e+01
   1.3262890e+06   1.3000000e+01
   1.3266090e+06   1.3000000e+01
   1.3270650e+06   1.3000000e+01
   1.3274600e+06   1.3000000e+01
   1.3297440e+06   1.3000000e+01
   1.3300770e+06   1.3000000e+01
   1.3308150e+06   1.4000000e+01
   1.3321810e+06   1.3000000e+01
   1.3345920e+06   1.4000000e+01
   1.3391290e+06   1.3000000e+01
   1.3704600e+06   1.4000000e+01
   1.3709420e+06   1.4000000e+01
   1.3732040e+06   1.4000000e+01
   1.3735950e+06   1.3000000e+01
   1.3736720e+06   1.5000000e+01
   1.3740510e+06   1.3000000e+01
   1.3743510e+06   1.4000000e+01
   1.3750520e+06   1.6000000e+01
   1.3754710e+06   1.4000000e+01
   1.3775470e+06   1.3000000e+01
   1.3837790e+06   1.4000000e+01
   1.4173940e+06   1.3000000e+01
   1.4181110e+06   1.3000000e+01
   1.4183030e+06   1.4000000e+01
   1.4186560e+06   1.4000000e+01
   1.4197670e+06   1.4000000e+01
   1.4200220e+06   1.4000000e+01
   1.4238490e+06   1.5000000e+01
   1.4241220e+06   1.3000000e+01
   1.4254790e+06   1.3000000e+01
   1.4303730e+06   1.3000000e+01
   1.4645530e+06   1.3000000e+01
   1.4648130e+06   1.5000000e+01
   1.4655230e+06   1.3000000e+01
   1.4659750e+06   1.3000000e+01
   1.4663810e+06   1.3000000e+01
   1.4668600e+06   1.4000000e+01
   1.4673060e+06   1.4000000e+01
   1.4680690e+06   1.5000000e+01
   1.4685820e+06   1.4000000e+01
   1.4708050e+06   1.3000000e+01
   1.4713850e+06   1.3000000e+01
   1.4777560e+06   1.3000000e+01
   1.5097760e+06   1.3000000e+01
   1.5099060e+06   1.4000000e+01
   1.5103870e+06   1.4000000e+01
   1.5107210e+06   1.4000000e+01
   1.5117020e+06   1.3000000e+01
   1.5121290e+06   1.4000000e+01
   1.5127900e+06   1.3000000e+01
   1.5143910e+06   1.6000000e+01
   1.5144470e+06   1.3000000e+01
   1.5144800e+06   1.3000000e+01
   1.5150200e+06   1.4000000e+01
   1.5153640e+06   1.3000000e+01
   1.5156620e+06   1.3000000e+01
   1.5164790e+06   1.5000000e+01
   1.5203330e+06   1.3000000e+01
   1.5237640e+06   1.4000000e+01
   1.5259650e+06   1.5000000e+01
   1.5552880e+06   1.3000000e+01
   1.5558090e+06   1.3000000e+01
   1.5565930e+06   1.4000000e+01
   1.5572480e+06   1.3000000e+01
   1.5580040e+06   1.3000000e+01
   1.5581820e+06   1.4000000e+01
   1.5585430e+06   1.3000000e+01
   1.5598210e+06   1.3000000e+01
   1.5620100e+06   1.3000000e+01
   1.5627140e+06   1.3000000e+01
   1.5673800e+06   1.3000000e+01
   1.5689680e+06   1.3000000e+01
   1.5711030e+06   1.3000000e+01
   1.6022110e+06   1.3000000e+01
   1.6032140e+06   1.3000000e+01
   1.6034710e+06   1.3000000e+01
   1.6035280e+06   1.3000000e+01
   1.6043520e+06   1.5000000e+01
   1.6047930e+06   1.4000000e+01
   1.6055460e+06   1.3000000e+01
   1.6075540e+06   1.4000000e+01
   1.6082240e+06   1.4000000e+01
   1.6486160e+06   1.7000000e+01
   1.6489790e+06   1.3000000e+01
   1.6496890e+06   1.3000000e+01
   1.6500890e+06   1.6000000e+01
   1.6511120e+06   1.3000000e+01
   1.6519560e+06   1.3000000e+01
   1.6526540e+06   1.4000000e+01
   1.6529640e+06   1.3000000e+01
   1.6538370e+06   1.3000000e+01
   1.6548110e+06   1.3000000e+01
   1.6551140e+06   1.5000000e+01
   1.6551510e+06   1.4000000e+01
   1.6553910e+06   1.3000000e+01
   1.6947850e+06   1.3000000e+01
   1.6951850e+06   1.5000000e+01
   1.6952380e+06   1.3000000e+01
   1.6957160e+06   1.3000000e+01
   1.6959490e+06   1.3000000e+01
   1.6971660e+06   1.5000000e+01
   1.6972760e+06   1.5000000e+01
   1.6975300e+06   1.5000000e+01
   1.6983010e+06   1.3000000e+01
   1.6992220e+06   1.3000000e+01
   1.7011970e+06   1.4000000e+01
   1.7029680e+06   1.3000000e+01
   1.7383210e+06   1.7000000e+01
   1.7401110e+06   1.3000000e+01
   1.7413580e+06   1.3000000e+01
   1.7424610e+06   1.3000000e+01
   1.7448980e+06   1.3000000e+01
   1.7459270e+06   1.3000000e+01
   1.7485990e+06   1.3000000e+01
   1.7672240e+06   1.5000000e+01
   1.7773840e+06   1.6000000e+01
   1.7844890e+06   1.3000000e+01
   1.7845840e+06   1.4000000e+01
   1.7852390e+06   1.3000000e+01
   1.7864050e+06   1.4000000e+01
   1.7867100e+06   1.3000000e+01
   1.7870700e+06   1.4000000e+01
   1.7882990e+06   1.4000000e+01
   1.7894840e+06   1.3000000e+01
   1.7975080e+06   1.3000000e+01
   1.8320350e+06   1.3000000e+01
   1.8324040e+06   1.3000000e+01
   1.8327760e+06   1.3000000e+01
   1.8336770e+06   1.6000000e+01
   1.8342060e+06   1.4000000e+01
   1.8357020e+06   1.4000000e+01
   1.8391130e+06   1.4000000e+01
   1.8425020e+06   1.4000000e+01
   1.8768870e+06   1.3000000e+01
   1.8781620e+06   1.5000000e+01
   1.8783720e+06   1.5000000e+01
   1.8785860e+06   1.5000000e+01
   1.8795820e+06   1.3000000e+01
   1.8799040e+06   1.5000000e+01
   1.8805060e+06   1.3000000e+01
   1.8811990e+06   1.3000000e+01
   1.8816800e+06   1.4000000e+01
   1.8825930e+06   1.3000000e+01
   1.8901550e+06   1.3000000e+01
   1.8911000e+06   1.4000000e+01
   1.9233270e+06   1.5000000e+01
   1.9234510e+06   1.4000000e+01
   1.9239240e+06   1.3000000e+01
   1.9240820e+06   1.3000000e+01
   1.9244110e+06   1.8000000e+01
   1.9252240e+06   1.5000000e+01
   1.9265610e+06   1.3000000e+01
   1.9270840e+06   1.3000000e+01
   1.9279420e+06   1.3000000e+01
   1.9306940e+06   1.5000000e+01
   1.9315270e+06   1.3000000e+01
   1.9328880e+06   1.3000000e+01
   1.9341440e+06   1.3000000e+01
   1.9597700e+06   1.4000000e+01
   1.9695970e+06   1.3000000e+01
   1.9701030e+06   1.3000000e+01
   1.9708870e+06   1.3000000e+01
   1.9720350e+06   1.8000000e+01
   1.9721500e+06   1.4000000e+01
   1.9733600e+06   1.3000000e+01
   1.9750540e+06   1.4000000e+01
   1.9758780e+06   1.3000000e+01
   1.9764330e+06   1.6000000e+01
   1.9800520e+06   1.4000000e+01
   1.9826800e+06   1.3000000e+01
   2.0197720e+06   1.3000000e+01
   2.0200600e+06   1.7000000e+01
   2.0204600e+06   1.3000000e+01
   2.0208640e+06   1.3000000e+01
   2.0228850e+06   1.3000000e+01
   2.0231800e+06   1.3000000e+01
   2.0236840e+06   1.3000000e+01
   2.0247030e+06   1.4000000e+01
   2.0288740e+06   1.5000000e+01
   2.0342320e+06   1.5000000e+01
   2.0590770e+06   1.4000000e+01
   2.0638020e+06   1.4000000e+01
   2.0671970e+06   1.3000000e+01
   2.0685290e+06   1.3000000e+01
   2.0688970e+06   1.5000000e+01
   2.0693300e+06   1.4000000e+01
   2.0716870e+06   1.3000000e+01
   2.0727790e+06   1.4000000e+01
   2.0773300e+06   1.5000000e+01
   2.1163290e+06   1.4000000e+01
   2.1166100e+06   1.3000000e+01
   2.1167630e+06   1.4000000e+01
   2.1169050e+06   1.3000000e+01
   2.1175810e+06   1.9000000e+01
   2.1182000e+06   1.3000000e+01
   2.1184400e+06   1.3000000e+01
   2.1192800e+06   1.4000000e+01
   2.1198900e+06   1.3000000e+01
   2.1208330e+06   1.3000000e+01
   2.1250140e+06   1.4000000e+01
   2.1655710e+06   1.4000000e+01
   2.1682990e+06   1.3000000e+01
   2.1684190e+06   1.5000000e+01
   2.1696660e+06   1.3000000e+01
   2.1716540e+06   1.4000000e+01
   2.1716880e+06   1.6000000e+01
   2.1721410e+06   1.3000000e+01
   2.1730770e+06   1.5000000e+01
   2.1746450e+06   1.4000000e+01
   2.1769760e+06   1.5000000e+01
   2.2062830e+06   1.5000000e+01
   2.2125520e+06   1.3000000e+01
   2.2142280e+06   1.3000000e+01
   2.2144470e+06   1.4000000e+01
   2.2149890e+06   1.3000000e+01
   2.2154900e+06   1.3000000e+01
   2.2163890e+06   1.3000000e+01
   2.2165080e+06   1.3000000e+01
   2.2175050e+06   1.4000000e+01
   2.2178590e+06   1.3000000e+01
   2.2187180e+06   1.3000000e+01
   2.2271680e+06   1.3000000e+01
   2.2611070e+06   1.3000000e+01
   2.2614020e+06   1.3000000e+01
   2.2621340e+06   1.3000000e+01
   2.2624670e+06   1.3000000e+01
   2.2627070e+06   1.4000000e+01
   2.2646380e+06   1.3000000e+01
   2.2652930e+06   1.3000000e+01
   2.2673070e+06   1.4000000e+01
   2.2684910e+06   1.3000000e+01
   2.2715950e+06   1.3000000e+01
   2.2734370e+06   1.6000000e+01
   2.3089790e+06   1.3000000e+01
   2.3110140e+06   1.3000000e+01
   2.3113770e+06   1.5000000e+01
   2.3121440e+06   1.3000000e+01
   2.3123920e+06   1.3000000e+01
   2.3124410e+06   1.3000000e+01
   2.3128990e+06   1.3000000e+01
   2.3135640e+06   1.3000000e+01
   2.3139640e+06   1.4000000e+01
   2.3144350e+06   1.4000000e+01
   2.3606850e+06   1.4000000e+01
   2.3611670e+06   1.4000000e+01
   2.3616080e+06   1.3000000e+01
   2.3618350e+06   1.3000000e+01
   2.3630770e+06   1.3000000e+01
   2.3631270e+06   1.3000000e+01
   2.3643110e+06   1.3000000e+01
   2.3643670e+06   1.3000000e+01
   2.3643960e+06   1.4000000e+01
   2.3645150e+06   1.3000000e+01
   2.3717330e+06   1.3000000e+01
   2.3998210e+06   1.4000000e+01
   2.4067880e+06   1.3000000e+01
   2.4076670e+06   1.3000000e+01
   2.4101860e+06   1.3000000e+01
   2.4104370e+06   1.3000000e+01
   2.4110530e+06   1.3000000e+01
   2.4116700e+06   1.3000000e+01
   2.4120830e+06   1.4000000e+01
   2.4181240e+06   1.6000000e+01
   2.4191830e+06   1.3000000e+01
   2.4207420e+06   1.3000000e+01
   2.4421690e+06   1.3000000e+01
   2.4451980e+06   1.3000000e+01
   2.4534860e+06   1.5000000e+01
   2.4536670e+06   1.3000000e+01
   2.4540970e+06   1.3000000e+01
   2.4541850e+06   1.3000000e+01
   2.4549060e+06   1.3000000e+01
   2.4550650e+06   1.7000000e+01
   2.4555870e+06   1.3000000e+01
   2.4569820e+06   1.3000000e+01
   2.4575830e+06   1.3000000e+01
   2.4586760e+06   1.3000000e+01
   2.4596440e+06   1.4000000e+01
   2.4642820e+06   1.6000000e+01
   2.4669510e+06   1.3000000e+01
   2.4681770e+06   1.3000000e+01
   2.5018730e+06   1.6000000e+01
   2.5021210e+06   1.3000000e+01
   2.5024710e+06   1.3000000e+01
   2.5032070e+06   1.4000000e+01
   2.5034950e+06   1.3000000e+01
   2.5059670e+06   1.3000000e+01
   2.5079110e+06   1.4000000e+01
   2.5109310e+06   1.4000000e+01
   2.5125040e+06   1.3000000e+01
   2.5135470e+06   1.3000000e+01
   2.5499540e+06   1.5000000e+01
   2.5501430e+06   1.3000000e+01
   2.5507190e+06   1.4000000e+01
   2.5507890e+06   1.7000000e+01
   2.5562560e+06   1.3000000e+01
   2.5570360e+06   1.3000000e+01
   2.5576260e+06   1.3000000e+01
   2.5911750e+06   1.4000000e+01
   2.5991180e+06   1.3000000e+01
   2.5994560e+06   1.3000000e+01
   2.5999020e+06   1.6000000e+01
   2.6003780e+06   1.3000000e+01
   2.6016350e+06   1.5000000e+01
   2.6022230e+06   1.5000000e+01
   2.6034710e+06   1.3000000e+01
   2.6043970e+06   1.3000000e+01
   2.6052730e+06   1.3000000e+01
   2.6128190e+06   1.3000000e+01
   2.6146400e+06   1.3000000e+01
   2.6339080e+06   1.5000000e+01
   2.6470720e+06   1.3000000e+01
   2.6473960e+06   1.4000000e+01
   2.6474390e+06   1.4000000e+01
   2.6478310e+06   1.3000000e+01
   2.6483120e+06   1.4000000e+01
   2.6489250e+06   1.3000000e+01
   2.6490320e+06   1.6000000e+01
   2.6494420e+06   1.5000000e+01
   2.6494850e+06   1.3000000e+01
   2.6504240e+06   1.3000000e+01
   2.6505480e+06   1.4000000e+01
   2.6505760e+06   1.4000000e+01
   2.6512300e+06   1.3000000e+01
   2.6538000e+06   1.4000000e+01
   2.6986850e+06   1.3000000e+01
   2.6990090e+06   1.7000000e+01
   2.6990520e+06   1.4000000e+01
   2.6994780e+06   1.3000000e+01
   2.6997930e+06   1.3000000e+01
   2.7006390e+06   1.4000000e+01
   2.7006730e+06   1.4000000e+01
   2.7016990e+06   1.4000000e+01
   2.7017720e+06   1.3000000e+01
   2.7021680e+06   1.4000000e+01
   2.7023010e+06   1.3000000e+01
   2.7029610e+06   1.3000000e+01
   2.7054630e+06   1.5000000e+01
   2.7062090e+06   1.3000000e+01
   2.7077680e+06   1.4000000e+01
   2.7092620e+06   1.4000000e+01
   2.7133330e+06   1.3000000e+01
   2.7485480e+06   1.3000000e+01
   2.7515970e+06   1.3000000e+01
   2.7517220e+06   1.3000000e+01
   2.7521890e+06   1.7000000e+01
   2.7529490e+06   1.3000000e+01
   2.7530530e+06   1.3000000e+01
   2.7532850e+06   1.4000000e+01
   2.7546180e+06   1.4000000e+01
   2.7547370e+06   1.3000000e+01
   2.7551730e+06   1.3000000e+01
   2.7553260e+06   1.3000000e+01
   2.7574440e+06   1.3000000e+01
   2.7588750e+06   1.3000000e+01
   2.7641420e+06   1.3000000e+01
   2.7656960e+06   1.3000000e+01
   2.7964020e+06   1.3000000e+01
   2.7967580e+06   1.3000000e+01
   2.7972400e+06   1.4000000e+01
   2.7981140e+06   1.3000000e+01
   2.7983290e+06   1.3000000e+01
   2.7989380e+06   1.3000000e+01
   2.8002460e+06   1.4000000e+01
   2.8044380e+06   1.3000000e+01
   2.8110960e+06   1.4000000e+01
   2.8447180e+06   1.3000000e+01
   2.8450860e+06   1.4000000e+01
   2.8451150e+06   1.7000000e+01
   2.8455010e+06   1.4000000e+01
   2.8459790e+06   1.4000000e+01
   2.8473120e+06   1.3000000e+01
   2.8474100e+06   1.3000000e+01
   2.8479690e+06   1.6000000e+01
   2.8487320e+06   1.3000000e+01
   2.8494200e+06   1.4000000e+01
   2.8503750e+06   1.7000000e+01
   2.8504010e+06   1.4000000e+01
   2.8517060e+06   1.3000000e+01
   2.8525550e+06   1.3000000e+01
   2.8572500e+06   1.4000000e+01
   2.8608710e+06   1.3000000e+01
   2.8947040e+06   1.3000000e+01
   2.8947380e+06   1.5000000e+01
   2.8947780e+06   1.3000000e+01
   2.8952360e+06   1.4000000e+01
   2.8960410e+06   1.4000000e+01
   2.8963250e+06   1.4000000e+01
   2.8967280e+06   1.4000000e+01
   2.8972600e+06   1.3000000e+01
   2.8973360e+06   1.3000000e+01
   2.8977360e+06   1.3000000e+01
   2.9005620e+06   1.3000000e+01
   2.9017320e+06   1.3000000e+01
   2.9017630e+06   1.3000000e+01
   2.9025150e+06   1.3000000e+01
   2.9088560e+06   1.3000000e+01
   2.9411330e+06   1.4000000e+01
   2.9415110e+06   1.4000000e+01
   2.9416380e+06   1.3000000e+01
   2.9420570e+06   1.4000000e+01
   2.9425640e+06   1.3000000e+01
   2.9430830e+06   1.3000000e+01
   2.9436870e+06   1.3000000e+01
   2.9441170e+06   1.3000000e+01
   2.9456250e+06   1.4000000e+01
   2.9463140e+06   1.4000000e+01
   2.9468140e+06   1.3000000e+01
   2.9504960e+06   1.4000000e+01
   2.9522400e+06   1.5000000e+01
   2.9889950e+06   1.5000000e+01
   2.9894040e+06   1.5000000e+01
   2.9896650e+06   1.3000000e+01
   2.9898120e+06   1.5000000e+01
   2.9900040e+06   1.3000000e+01
   2.9902470e+06   1.3000000e+01
   2.9902840e+06   1.3000000e+01
   2.9907860e+06   1.3000000e+01
   2.9910840e+06   1.5000000e+01
   2.9916160e+06   1.4000000e+01
   2.9922350e+06   1.6000000e+01
   2.9931560e+06   1.3000000e+01
   2.9932800e+06   1.3000000e+01
   2.9940060e+06   1.3000000e+01
   2.9950630e+06   1.4000000e+01
   3.0039090e+06   1.4000000e+01
   3.0398260e+06   1.4000000e+01
   3.0398510e+06   1.5000000e+01
   3.0401260e+06   1.3000000e+01
   3.0402050e+06   1.3000000e+01
   3.0405470e+06   1.3000000e+01
   3.0406040e+06   1.3000000e+01
   3.0407220e+06   1.3000000e+01
   3.0410790e+06   1.4000000e+01
   3.0411340e+06   1.3000000e+01
   3.0414200e+06   1.3000000e+01
   3.0414540e+06   1.3000000e+01
   3.0421090e+06   1.4000000e+01
   3.0423980e+06   1.4000000e+01
   3.0424910e+06   1.3000000e+01
   3.0428730e+06   1.3000000e+01
   3.0441370e+06   1.4000000e+01
   3.0453110e+06   1.4000000e+01
   3.0487140e+06   1.3000000e+01
   3.0510690e+06   1.3000000e+01
   3.0905710e+06   1.3000000e+01
   3.0907080e+06   1.3000000e+01
   3.0908110e+06   1.3000000e+01
   3.0908420e+06   1.5000000e+01
   3.0912980e+06   1.5000000e+01
   3.0913240e+06   1.4000000e+01
   3.0920330e+06   1.3000000e+01
   3.0922700e+06   1.3000000e+01
   3.0926000e+06   1.3000000e+01
   3.0948980e+06   1.4000000e+01
   3.0960690e+06   1.5000000e+01
   3.0983810e+06   1.4000000e+01
   3.1009310e+06   1.4000000e+01
   3.1032950e+06   1.4000000e+01
   3.1053080e+06   1.5000000e+01
   3.1089930e+06   1.6000000e+01
   3.1377890e+06   1.3000000e+01
   3.1384760e+06   1.3000000e+01
   3.1391960e+06   1.3000000e+01
   3.1396400e+06   1.4000000e+01
   3.1405300e+06   1.6000000e+01
   3.1407280e+06   1.4000000e+01
   3.1417530e+06   1.3000000e+01
   3.1423990e+06   1.4000000e+01
   3.1428830e+06   1.4000000e+01
   3.1437860e+06   1.3000000e+01
   3.1516930e+06   1.3000000e+01
   3.1883500e+06   1.3000000e+01
   3.1888120e+06   1.5000000e+01
   3.1896360e+06   1.5000000e+01
   3.1897830e+06   1.4000000e+01
   3.1900540e+06   1.5000000e+01
   3.1912760e+06   1.3000000e+01
   3.1926600e+06   1.3000000e+01
   3.1934850e+06   1.3000000e+01
   3.1948290e+06   1.5000000e+01
   3.2013300e+06   1.3000000e+01
   3.2352990e+06   1.3000000e+01
   3.2359680e+06   1.5000000e+01
   3.2363430e+06   1.4000000e+01
   3.2365730e+06   1.3000000e+01
   3.2369840e+06   1.3000000e+01
   3.2374760e+06   1.3000000e+01
   3.2387030e+06   1.3000000e+01
   3.2387920e+06   1.4000000e+01
   3.2388170e+06   1.3000000e+01
   3.2397090e+06   1.3000000e+01
   3.2404870e+06   1.3000000e+01
   3.2430190e+06   1.6000000e+01
   3.2436460e+06   1.3000000e+01
   3.2455310e+06   1.3000000e+01
   3.2481360e+06   1.7000000e+01
   3.2492760e+06   1.3000000e+01
   3.2857280e+06   1.3000000e+01
   3.2873400e+06   1.4000000e+01
   3.2876530e+06   1.3000000e+01
   3.2878660e+06   1.3000000e+01
   3.2880180e+06   1.3000000e+01
   3.2888970e+06   1.3000000e+01
   3.2898440e+06   1.4000000e+01
   3.2913790e+06   1.6000000e+01
   3.2926430e+06   1.3000000e+01
   3.2974230e+06   1.3000000e+01
   3.3015450e+06   1.3000000e+01
   3.3355580e+06   1.3000000e+01
   3.3357100e+06   1.3000000e+01
   3.3364980e+06   1.4000000e+01
   3.3368240e+06   1.3000000e+01
   3.3369750e+06   1.3000000e+01
   3.3371680e+06   1.3000000e+01
   3.3374040e+06   1.6000000e+01
   3.3379770e+06   1.4000000e+01
   3.3383680e+06   1.3000000e+01
   3.3388320e+06   1.3000000e+01
   3.3393010e+06   1.3000000e+01
   3.3400790e+06   1.4000000e+01
   3.3414310e+06   1.5000000e+01
   3.3424390e+06   1.3000000e+01
   3.3459250e+06   1.3000000e+01
   3.3459500e+06   1.3000000e+01
   3.3493420e+06   1.3000000e+01
   3.3516410e+06   1.3000000e+01
   3.3869730e+06   1.4000000e+01
   3.3872940e+06   1.3000000e+01
   3.3873230e+06   1.3000000e+01
   3.3877270e+06   1.3000000e+01
   3.3881230e+06   1.3000000e+01
   3.3894990e+06   1.4000000e+01
   3.3955530e+06   1.4000000e+01
   3.3986860e+06   1.4000000e+01
   3.4004870e+06   1.3000000e+01
   3.4341680e+06   1.3000000e+01
   3.4356200e+06   1.6000000e+01
   3.4360540e+06   1.6000000e+01
   3.4364890e+06   1.9000000e+01
   3.4368740e+06   1.4000000e+01
   3.4373150e+06   1.7000000e+01
   3.4373800e+06   1.4000000e+01
   3.4387540e+06   1.3000000e+01
   3.4397010e+06   1.5000000e+01
   3.4397430e+06   1.7000000e+01
   3.4405310e+06   1.3000000e+01
   3.4408740e+06   1.4000000e+01
   3.4419980e+06   1.4000000e+01
   3.4441340e+06   1.3000000e+01
   3.4463020e+06   1.5000000e+01
   3.4480190e+06   1.4000000e+01
   3.4818660e+06   1.4000000e+01
   3.4822850e+06   1.5000000e+01
   3.4837360e+06   1.4000000e+01
   3.4841640e+06   1.4000000e+01
   3.4844120e+06   1.3000000e+01
   3.4852310e+06   1.6000000e+01
   3.4857000e+06   1.3000000e+01
   3.4865590e+06   1.4000000e+01
   3.4876860e+06   1.5000000e+01
   3.4894680e+06   1.3000000e+01
   3.4895680e+06   1.4000000e+01
   3.4928570e+06   1.4000000e+01
   3.4970920e+06   1.4000000e+01
   3.5365500e+06   1.3000000e+01
   3.5372790e+06   1.4000000e+01
   3.5378040e+06   1.4000000e+01
   3.5385210e+06   1.3000000e+01
   3.5385480e+06   1.8000000e+01
   3.5399060e+06   1.3000000e+01
   3.5407000e+06   1.4000000e+01
   3.5465130e+06   1.5000000e+01
   3.5482350e+06   1.4000000e+01
   3.5777520e+06   1.3000000e+01
   3.5850120e+06   1.3000000e+01
   3.5857690e+06   1.3000000e+01
   3.5878140e+06   1.4000000e+01
   3.5881320e+06   1.3000000e+01
   3.5885860e+06   1.4000000e+01
   3.5888810e+06   1.3000000e+01
   3.5900280e+06   1.3000000e+01
   3.5906550e+06   1.3000000e+01
   3.5913260e+06   1.4000000e+01
   3.5942340e+06   1.5000000e+01
   3.5987530e+06   1.3000000e+01
   3.6007550e+06   1.4000000e+01
   3.6368910e+06   1.7000000e+01
   3.6369850e+06   1.4000000e+01
   3.6373140e+06   1.8000000e+01
   3.6378040e+06   1.4000000e+01
   3.6381630e+06   1.5000000e+01
   3.6390690e+06   1.4000000e+01
   3.6391690e+06   1.3000000e+01
   3.6393380e+06   1.3000000e+01
   3.6412830e+06   1.3000000e+01
   3.6424530e+06   1.3000000e+01
   3.6427630e+06   1.3000000e+01
   3.6432400e+06   1.3000000e+01
   3.6473130e+06   1.3000000e+01
   3.6515990e+06   1.3000000e+01
   3.6570610e+06   1.4000000e+01
   3.6858420e+06   1.5000000e+01
   3.6869040e+06   1.7000000e+01
   3.6874010e+06   1.5000000e+01
   3.6881160e+06   1.3000000e+01
   3.6882710e+06   1.5000000e+01
   3.6890030e+06   1.3000000e+01
   3.6892110e+06   1.3000000e+01
   3.6904440e+06   1.6000000e+01
   3.7006110e+06   1.3000000e+01
   3.7346480e+06   1.3000000e+01
   3.7351100e+06   1.3000000e+01
   3.7354840e+06   1.3000000e+01
   3.7357210e+06   1.4000000e+01
   3.7362410e+06   1.3000000e+01
   3.7364090e+06   1.6000000e+01
   3.7366150e+06   1.5000000e+01
   3.7387590e+06   1.3000000e+01
   3.7389550e+06   1.5000000e+01
   3.7390780e+06   1.4000000e+01
   3.7396370e+06   1.5000000e+01
   3.7402840e+06   1.4000000e+01
   3.7418960e+06   1.5000000e+01
   3.7428800e+06   1.3000000e+01
   3.7441520e+06   1.3000000e+01
   3.7466370e+06   1.7000000e+01
   3.7894180e+06   1.4000000e+01
   3.7897890e+06   1.3000000e+01
   3.7904520e+06   1.4000000e+01
   3.7906540e+06   1.3000000e+01
   3.7906930e+06   1.5000000e+01
   3.7910400e+06   1.6000000e+01
   3.7915230e+06   1.3000000e+01
   3.7925240e+06   1.3000000e+01
   3.7934740e+06   1.3000000e+01
   3.7944450e+06   1.4000000e+01
   3.7967340e+06   1.5000000e+01
   3.8381410e+06   1.6000000e+01
   3.8388980e+06   1.5000000e+01
   3.8391390e+06   1.4000000e+01
   3.8393340e+06   1.9000000e+01
   3.8394700e+06   1.3000000e+01
   3.8397780e+06   1.5000000e+01
   3.8400860e+06   1.3000000e+01
   3.8401360e+06   1.3000000e+01
   3.8531910e+06   1.3000000e+01
   3.8549730e+06   1.3000000e+01
   3.8899100e+06   1.4000000e+01
   3.8906030e+06   1.3000000e+01
   3.8910450e+06   1.3000000e+01
   3.8911350e+06   1.7000000e+01
   3.8912700e+06   1.3000000e+01
   3.8917500e+06   1.5000000e+01
   3.8923980e+06   1.5000000e+01
   3.8928680e+06   1.4000000e+01
   3.8941380e+06   1.4000000e+01
   3.8942040e+06   1.7000000e+01
   3.8947200e+06   1.3000000e+01
   3.8980810e+06   1.3000000e+01
   3.8987320e+06   1.4000000e+01
   3.9033970e+06   1.3000000e+01
   3.9060180e+06   1.3000000e+01
   3.9323670e+06   1.3000000e+01
   3.9420260e+06   1.3000000e+01
   3.9426360e+06   1.3000000e+01
   3.9430060e+06   1.4000000e+01
   3.9462300e+06   1.3000000e+01
   3.9475200e+06   1.4000000e+01
   3.9475800e+06   1.3000000e+01
   3.9505780e+06   1.3000000e+01
   3.9908620e+06   1.4000000e+01
   3.9925550e+06   1.4000000e+01
   3.9937270e+06   1.3000000e+01
   3.9941590e+06   1.3000000e+01
   3.9949110e+06   1.4000000e+01
   3.9950920e+06   1.3000000e+01
   3.9956110e+06   1.4000000e+01
   3.9956460e+06   1.4000000e+01
   3.9956730e+06   1.3000000e+01
   3.9966430e+06   1.3000000e+01
   3.9974710e+06   1.6000000e+01
   4.0047590e+06   1.3000000e+01
   4.0057080e+06   1.4000000e+01
   4.0079470e+06   1.3000000e+01
   4.0420680e+06   1.4000000e+01
   4.0420940e+06   1.3000000e+01
   4.0422740e+06   1.3000000e+01
   4.0426040e+06   1.3000000e+01
   4.0429850e+06   1.3000000e+01
   4.0435620e+06   1.3000000e+01
   4.0442030e+06   1.3000000e+01
   4.0445780e+06   1.5000000e+01
   4.0453680e+06   1.5000000e+01
   4.0457830e+06   1.5000000e+01
   4.0464890e+06   1.3000000e+01
   4.0483560e+06   1.4000000e+01
   4.0493590e+06   1.3000000e+01
   4.0502610e+06   1.3000000e+01
   4.0533070e+06   1.4000000e+01
   4.0571090e+06   1.3000000e+01
   4.0930900e+06   1.3000000e+01
   4.0936480e+06   1.3000000e+01
   4.0939970e+06   1.4000000e+01
   4.0945790e+06   1.3000000e+01
   4.0946440e+06   1.3000000e+01
   4.0946800e+06   1.3000000e+01
   4.0951950e+06   1.4000000e+01
   4.0955420e+06   1.3000000e+01
   4.1010010e+06   1.3000000e+01
   4.1048360e+06   1.3000000e+01
   4.1429770e+06   1.3000000e+01
   4.1435180e+06   1.8000000e+01
   4.1437680e+06   1.4000000e+01
   4.1439500e+06   1.3000000e+01
   4.1449040e+06   1.3000000e+01
   4.1469330e+06   1.4000000e+01
   4.1478830e+06   1.4000000e+01
   4.1494140e+06   1.3000000e+01
   4.1528890e+06   1.3000000e+01
   4.1556080e+06   1.4000000e+01
   4.1563940e+06   1.3000000e+01
   4.1582520e+06   1.3000000e+01
   4.1962090e+06   1.3000000e+01
   4.1964050e+06   1.4000000e+01
   4.1971270e+06   1.3000000e+01
   4.1973780e+06   1.3000000e+01
   4.1977920e+06   1.4000000e+01
   4.1984030e+06   1.3000000e+01
   4.1985080e+06   1.4000000e+01
   4.1991780e+06   1.5000000e+01
   4.1998890e+06   1.4000000e+01
   4.2006540e+06   1.3000000e+01
   4.2018760e+06   1.4000000e+01
   4.2037530e+06   1.5000000e+01
   4.2044820e+06   1.4000000e+01
   4.2062280e+06   1.3000000e+01
   4.2092500e+06   1.3000000e+01
   4.2478910e+06   1.3000000e+01
   4.2484410e+06   1.7000000e+01
   4.2489500e+06   1.3000000e+01
   4.2493950e+06   1.4000000e+01
   4.2497690e+06   1.7000000e+01
   4.2497940e+06   1.4000000e+01
   4.2503970e+06   1.3000000e+01
   4.2510800e+06   1.3000000e+01
   4.2515040e+06   1.3000000e+01
   4.2516340e+06   1.3000000e+01
   4.2522520e+06   1.3000000e+01
   4.2534030e+06   1.3000000e+01
   4.2556050e+06   1.6000000e+01
   4.2600020e+06   1.3000000e+01
   4.2609900e+06   1.3000000e+01
   4.2657700e+06   1.3000000e+01
   4.2976870e+06   1.3000000e+01
   4.2978530e+06   1.4000000e+01
   4.2979900e+06   1.5000000e+01
   4.2983100e+06   1.5000000e+01
   4.2989350e+06   1.3000000e+01
   4.2999410e+06   1.6000000e+01
   4.3007770e+06   1.3000000e+01
   4.3011780e+06   1.4000000e+01
   4.3013030e+06   1.5000000e+01
   4.3037080e+06   1.6000000e+01
   4.3037570e+06   1.3000000e+01
   4.3093290e+06   1.4000000e+01
   4.3101660e+06   1.3000000e+01
   4.3460680e+06   1.3000000e+01
   4.3464830e+06   1.3000000e+01
   4.3483520e+06   1.3000000e+01
   4.3489790e+06   1.4000000e+01
   4.3502610e+06   1.3000000e+01
   4.3509000e+06   1.3000000e+01
   4.3516570e+06   1.4000000e+01
   4.3519190e+06   1.3000000e+01
   4.4021530e+06   1.4000000e+01
   4.4025160e+06   1.4000000e+01
   4.4030110e+06   1.3000000e+01
   4.4030520e+06   1.4000000e+01
   4.4034820e+06   1.3000000e+01
   4.4042570e+06   1.4000000e+01
   4.4043730e+06   1.3000000e+01
   4.4047000e+06   1.3000000e+01
   4.4049420e+06   1.3000000e+01
   4.4065280e+06   1.3000000e+01
   4.4079400e+06   1.3000000e+01
   4.4093500e+06   1.3000000e+01
   4.4116030e+06   1.3000000e+01
   4.4130460e+06   1.3000000e+01
   4.4151660e+06   1.3000000e+01
   4.4192720e+06   1.3000000e+01
   4.4526480e+06   1.5000000e+01
   4.4534080e+06   1.4000000e+01
   4.4534340e+06   1.4000000e+01
   4.4537860e+06   1.5000000e+01
   4.4557970e+06   1.4000000e+01
   4.4576210e+06   1.3000000e+01
   4.4585810e+06   1.3000000e+01
   4.4586780e+06   1.3000000e+01
   4.4590230e+06   1.3000000e+01
   4.4610550e+06   1.4000000e+01
   4.4646750e+06   1.4000000e+01
   4.5029210e+06   1.5000000e+01
   4.5043180e+06   1.3000000e+01
   4.5045720e+06   1.3000000e+01
   4.5048790e+06   1.5000000e+01
   4.5075620e+06   1.3000000e+01
   4.5090720e+06   1.3000000e+01
   4.5091440e+06   1.3000000e+01
   4.5104940e+06   1.3000000e+01
   4.5141080e+06   1.3000000e+01
   4.5148090e+06   1.3000000e+01
   4.5559050e+06   1.3000000e+01
   4.5563160e+06   1.6000000e+01
   4.5567550e+06   1.6000000e+01
   4.5579940e+06   1.4000000e+01
   4.5587210e+06   1.3000000e+01
   4.5600470e+06   1.5000000e+01
   4.5616690e+06   1.5000000e+01
   4.5623180e+06   1.4000000e+01
   4.5628220e+06   1.3000000e+01
   4.5687010e+06   1.3000000e+01
   4.5718150e+06   1.3000000e+01
   4.6081470e+06   1.5000000e+01
   4.6081800e+06   1.3000000e+01
   4.6085540e+06   1.3000000e+01
   4.6094880e+06   1.3000000e+01
   4.6099240e+06   1.3000000e+01
   4.6104430e+06   1.5000000e+01
   4.6108720e+06   1.3000000e+01
   4.6112600e+06   1.4000000e+01
   4.6114770e+06   1.3000000e+01
   4.6118970e+06   1.3000000e+01
   4.6131180e+06   1.3000000e+01
   4.6143660e+06   1.3000000e+01
   4.6150660e+06   1.5000000e+01
   4.6176570e+06   1.3000000e+01
   4.6181300e+06   1.4000000e+01
   4.6231970e+06   1.3000000e+01
   4.6586610e+06   1.3000000e+01
   4.6593560e+06   1.4000000e+01
   4.6599360e+06   1.3000000e+01
   4.6601300e+06   1.4000000e+01
   4.6603430e+06   1.4000000e+01
   4.6605150e+06   1.3000000e+01
   4.6607620e+06   1.3000000e+01
   4.6610210e+06   1.4000000e+01
   4.6613330e+06   1.4000000e+01
   4.6616520e+06   1.3000000e+01
   4.6629040e+06   1.3000000e+01
   4.6637160e+06   1.6000000e+01
   4.6649850e+06   1.4000000e+01
   4.6692530e+06   1.3000000e+01
   4.6728900e+06   1.3000000e+01
   4.7105550e+06   1.4000000e+01
   4.7107640e+06   1.9000000e+01
   4.7119750e+06   1.3000000e+01
   4.7125060e+06   1.3000000e+01
   4.7128090e+06   1.3000000e+01
   4.7151740e+06   1.3000000e+01
   4.7160610e+06   1.9000000e+01
   4.7176950e+06   1.3000000e+01
   4.7207570e+06   1.7000000e+01
   4.7219970e+06   1.3000000e+01
   4.7239070e+06   1.3000000e+01
   4.7251090e+06   1.4000000e+01
   4.7264250e+06   1.3000000e+01
   4.7668990e+06   1.3000000e+01
   4.7671780e+06   1.5000000e+01
   4.7672540e+06   1.5000000e+01
   4.7676030e+06   1.5000000e+01
   4.7682280e+06   1.8000000e+01
   4.7684890e+06   1.3000000e+01
   4.7688280e+06   1.4000000e+01
   4.7688680e+06   1.6000000e+01
   4.7690270e+06   1.3000000e+01
   4.7692560e+06   1.3000000e+01
   4.7693100e+06   1.6000000e+01
   4.7697250e+06   1.3000000e+01
   4.7698290e+06   1.4000000e+01
   4.7698800e+06   1.3000000e+01
   4.7702000e+06   1.3000000e+01
   4.7702500e+06   1.4000000e+01
   4.7713880e+06   1.4000000e+01
   4.7725570e+06   1.5000000e+01
   4.7752650e+06   1.3000000e+01
   4.7753330e+06   1.3000000e+01
   4.7780520e+06   1.3000000e+01
   4.7794720e+06   1.3000000e+01
   4.7825050e+06   1.3000000e+01
   4.8183100e+06   1.4000000e+01
   4.8190010e+06   1.3000000e+01
   4.8190980e+06   1.3000000e+01
   4.8198230e+06   1.3000000e+01
   4.8207760e+06   1.7000000e+01
   4.8208020e+06   1.3000000e+01
   4.8212170e+06   1.3000000e+01
   4.8218860e+06   1.6000000e+01
   4.8223390e+06   1.3000000e+01
   4.8230020e+06   1.6000000e+01
   4.8238280e+06   1.4000000e+01
   4.8241490e+06   1.3000000e+01
   4.8258720e+06   1.4000000e+01
   4.8693200e+06   1.3000000e+01
   4.8697890e+06   1.5000000e+01
   4.8700900e+06   1.3000000e+01
   4.8710140e+06   1.3000000e+01
   4.8710430e+06   1.4000000e+01
   4.8712160e+06   1.3000000e+01
   4.8717940e+06   1.5000000e+01
   4.8740070e+06   1.5000000e+01
   4.8741580e+06   1.3000000e+01
   4.8757730e+06   1.3000000e+01
   4.8798200e+06   1.3000000e+01
   4.9195080e+06   1.3000000e+01
   4.9201210e+06   1.3000000e+01
   4.9208790e+06   1.4000000e+01
   4.9214070e+06   1.4000000e+01
   4.9226540e+06   1.3000000e+01
   4.9257110e+06   1.4000000e+01
   4.9266910e+06   1.3000000e+01
   4.9269890e+06   1.3000000e+01
   4.9283040e+06   1.3000000e+01
   4.9304880e+06   1.3000000e+01
   4.9318170e+06   1.5000000e+01
   4.9684210e+06   1.3000000e+01
   4.9691010e+06   1.3000000e+01
   4.9695520e+06   1.3000000e+01
   4.9698050e+06   1.5000000e+01
   4.9710570e+06   1.5000000e+01
   4.9710870e+06   1.3000000e+01
   4.9735330e+06   1.3000000e+01
   4.9736280e+06   1.4000000e+01
   4.9737080e+06   1.3000000e+01
   4.9779270e+06   1.4000000e+01
   5.0180170e+06   1.3000000e+01
   5.0206470e+06   1.3000000e+01
   5.0208400e+06   1.4000000e+01
   5.0211600e+06   1.4000000e+01
   5.0216120e+06   1.3000000e+01
   5.0223480e+06   1.4000000e+01
   5.0223730e+06   1.4000000e+01
   5.0226960e+06   1.3000000e+01
   5.0228300e+06   1.5000000e+01
   5.0232690e+06   1.3000000e+01
   5.0247720e+06   1.3000000e+01
   5.0258820e+06   1.4000000e+01
   5.0259440e+06   1.6000000e+01
   5.0269250e+06   1.6000000e+01
   5.0279260e+06   1.3000000e+01
   5.0284650e+06   1.4000000e+01
   5.0297070e+06   1.5000000e+01
   5.0347600e+06   1.3000000e+01
   5.0474790e+06   1.3000000e+01
   5.0727930e+06   1.5000000e+01
   5.0731800e+06   1.5000000e+01
   5.0732400e+06   1.4000000e+01
   5.0738450e+06   1.3000000e+01
   5.0750140e+06   1.4000000e+01
   5.0752550e+06   1.5000000e+01
   5.0754950e+06   1.3000000e+01
   5.0767460e+06   1.4000000e+01
   5.0775590e+06   1.8000000e+01
   5.0786540e+06   1.3000000e+01
   5.0792770e+06   1.3000000e+01
   5.0799860e+06   1.3000000e+01
   5.0825830e+06   1.3000000e+01
   5.0841970e+06   1.4000000e+01
   5.1242740e+06   1.3000000e+01
   5.1246840e+06   1.5000000e+01
   5.1250350e+06   1.3000000e+01
   5.1254890e+06   1.4000000e+01
   5.1263110e+06   1.6000000e+01
   5.1267250e+06   1.3000000e+01
   5.1276030e+06   1.3000000e+01
   5.1286190e+06   1.4000000e+01
   5.1295950e+06   1.5000000e+01
   5.1298220e+06   1.3000000e+01
   5.1314000e+06   1.3000000e+01
   5.1329700e+06   1.3000000e+01
   5.1341960e+06   1.3000000e+01
   5.1350180e+06   1.3000000e+01
   5.1754590e+06   1.3000000e+01
   5.1882370e+06   1.4000000e+01
   5.1883730e+06   1.4000000e+01
   5.1893160e+06   1.3000000e+01
   5.1894370e+06   1.3000000e+01
   5.1894620e+06   1.3000000e+01
   5.1897440e+06   1.3000000e+01
   5.1901880e+06   1.4000000e+01
   5.1905440e+06   1.4000000e+01
   5.1909580e+06   1.3000000e+01
   5.1911250e+06   1.4000000e+01
   5.1912220e+06   1.3000000e+01
   5.1913130e+06   1.3000000e+01
   5.1954170e+06   1.3000000e+01
   5.2399430e+06   1.6000000e+01
   5.2402470e+06   1.3000000e+01
   5.2405270e+06   1.3000000e+01
   5.2406180e+06   1.3000000e+01
   5.2407050e+06   1.4000000e+01
   5.2412160e+06   1.4000000e+01
   5.2418450e+06   1.3000000e+01
   5.2419170e+06   1.4000000e+01
   5.2435910e+06   1.3000000e+01
   5.2443370e+06   1.3000000e+01
   5.2450120e+06   1.3000000e+01
   5.2484630e+06   1.3000000e+01
   5.2918590e+06   1.4000000e+01
   5.2923850e+06   1.3000000e+01
   5.2926910e+06   1.7000000e+01
   5.2930280e+06   1.3000000e+01
   5.2932130e+06   1.3000000e+01
   5.2932830e+06   1.4000000e+01
   5.2937980e+06   1.4000000e+01
   5.2945670e+06   1.5000000e+01
   5.2947930e+06   1.3000000e+01
   5.2956920e+06   1.3000000e+01
   5.2965940e+06   1.3000000e+01
   5.2972770e+06   1.3000000e+01
   5.2982850e+06   1.3000000e+01
   5.2996060e+06   1.3000000e+01
   5.3457020e+06   1.4000000e+01
   5.3461470e+06   1.4000000e+01
   5.3461730e+06   1.3000000e+01
   5.3464650e+06   1.5000000e+01
   5.3465600e+06   1.3000000e+01
   5.3468560e+06   1.3000000e+01
   5.3469540e+06   1.4000000e+01
   5.3469920e+06   1.3000000e+01
   5.3471070e+06   1.5000000e+01
   5.3478260e+06   1.3000000e+01
   5.3478670e+06   1.6000000e+01
   5.3490060e+06   1.3000000e+01
   5.3497650e+06   1.7000000e+01
   5.3509470e+06   1.4000000e+01
   5.3513490e+06   1.3000000e+01
   5.3547680e+06   1.3000000e+01
   5.3567660e+06   1.3000000e+01
   5.3996270e+06   1.7000000e+01
   5.3997850e+06   1.4000000e+01
   5.4004300e+06   1.5000000e+01
   5.4004910e+06   1.4000000e+01
   5.4009180e+06   1.3000000e+01
   5.4009930e+06   1.4000000e+01
   5.4014660e+06   1.4000000e+01
   5.4016840e+06   1.3000000e+01
   5.4017220e+06   1.4000000e+01
   5.4021760e+06   1.3000000e+01
   5.4037210e+06   1.5000000e+01
   5.4037490e+06   1.3000000e+01
   5.4041480e+06   1.4000000e+01
   5.4050490e+06   1.3000000e+01
   5.4090340e+06   1.3000000e+01
   5.4105930e+06   1.3000000e+01
   5.4530900e+06   1.5000000e+01
   5.4535130e+06   1.3000000e+01
   5.4537760e+06   1.3000000e+01
   5.4539970e+06   1.5000000e+01
   5.4547490e+06   1.3000000e+01
   5.4552520e+06   1.3000000e+01
   5.4602610e+06   1.5000000e+01
   5.4665950e+06   1.6000000e+01
   5.5078430e+06   1.3000000e+01
   5.5082090e+06   1.3000000e+01
   5.5085490e+06   1.4000000e+01
   5.5089970e+06   1.4000000e+01
   5.5092690e+06   1.3000000e+01
   5.5094740e+06   1.3000000e+01
   5.5115090e+06   1.7000000e+01
   5.5127920e+06   1.3000000e+01
   5.5149060e+06   1.3000000e+01
   5.5152990e+06   1.6000000e+01
   5.5174970e+06   1.3000000e+01
   5.5656150e+06   1.4000000e+01
   5.5658780e+06   1.3000000e+01
   5.5668680e+06   1.5000000e+01
   5.5671190e+06   1.7000000e+01
   5.5673370e+06   1.3000000e+01
   5.5693390e+06   1.4000000e+01
   5.5709510e+06   1.3000000e+01
   5.5718480e+06   1.4000000e+01
   5.5734980e+06   1.3000000e+01
   5.5753090e+06   1.3000000e+01
   5.5775980e+06   1.3000000e+01
   5.6175720e+06   1.3000000e+01
   5.6180980e+06   1.3000000e+01
   5.6186040e+06   1.3000000e+01
   5.6190660e+06   1.3000000e+01
   5.6195930e+06   1.3000000e+01
   5.6196700e+06   1.9000000e+01
   5.6198890e+06   1.3000000e+01
   5.6204590e+06   1.3000000e+01
   5.6228120e+06   1.3000000e+01
   5.6231310e+06   1.3000000e+01
   5.6244640e+06   1.4000000e+01
   5.6256940e+06   1.3000000e+01
   5.6274330e+06   1.3000000e+01
   5.6294650e+06   1.3000000e+01
   5.6312430e+06   1.3000000e+01
   5.6674410e+06   1.3000000e+01
   5.6679440e+06   1.3000000e+01
   5.6689330e+06   1.4000000e+01
   5.6708090e+06   1.8000000e+01
   5.6752260e+06   1.3000000e+01
   5.6793820e+06   1.3000000e+01
   5.7219520e+06   1.3000000e+01
   5.7220680e+06   1.3000000e+01
   5.7230230e+06   1.5000000e+01
   5.7231240e+06   1.5000000e+01
   5.7237100e+06   1.3000000e+01
   5.7241320e+06   1.6000000e+01
   5.7241680e+06   1.6000000e+01
   5.7251190e+06   1.4000000e+01
   5.7266260e+06   1.4000000e+01
   5.7274550e+06   1.4000000e+01
   5.7291090e+06   1.3000000e+01
   5.7307470e+06   1.5000000e+01
   5.7802070e+06   1.3000000e+01
   5.7804860e+06   1.4000000e+01
   5.7806090e+06   1.3000000e+01
   5.7808290e+06   1.7000000e+01
   5.7812580e+06   1.3000000e+01
   5.7849430e+06   1.4000000e+01
   5.7853310e+06   1.3000000e+01
   5.7862770e+06   1.4000000e+01
   5.7911430e+06   1.6000000e+01
   5.8319800e+06   1.5000000e+01
   5.8325300e+06   1.4000000e+01
   5.8329970e+06   1.8000000e+01
   5.8337920e+06   1.8000000e+01
   5.8348030e+06   1.3000000e+01
   5.8351900e+06   1.4000000e+01
   5.8358180e+06   1.5000000e+01
   5.8367180e+06   1.3000000e+01
   5.8369080e+06   1.6000000e+01
   5.8449350e+06   1.3000000e+01
   5.8894940e+06   1.5000000e+01
   5.8901690e+06   1.4000000e+01
   5.8905870e+06   1.3000000e+01
   5.8907140e+06   1.3000000e+01
   5.8912690e+06   1.3000000e+01
   5.8914780e+06   1.5000000e+01
   5.8917920e+06   1.4000000e+01
   5.8924840e+06   1.4000000e+01
   5.8961310e+06   1.4000000e+01
   5.8985090e+06   1.3000000e+01
   5.9002370e+06   1.3000000e+01
   5.9017860e+06   1.5000000e+01
   5.9066910e+06   1.5000000e+01
   5.9459730e+06   1.7000000e+01
   5.9463420e+06   1.3000000e+01
   5.9468680e+06   1.7000000e+01
   5.9469510e+06   1.3000000e+01
   5.9471740e+06   1.5000000e+01
   5.9474820e+06   1.3000000e+01
   5.9476710e+06   1.3000000e+01
   5.9481640e+06   1.3000000e+01
   5.9487100e+06   1.3000000e+01
   5.9510270e+06   1.4000000e+01
   5.9516260e+06   1.3000000e+01
   5.9518710e+06   1.6000000e+01
   5.9528750e+06   1.3000000e+01
   5.9540330e+06   1.3000000e+01
   5.9557520e+06   1.4000000e+01
   5.9992100e+06   1.5000000e+01
   5.9992830e+06   1.3000000e+01
   5.9994730e+06   1.3000000e+01
   5.9995630e+06   1.3000000e+01
   5.9996820e+06   1.3000000e+01
   5.9998470e+06   1.3000000e+01
   6.0005910e+06   1.6000000e+01
   6.0007180e+06   1.3000000e+01
   6.0017920e+06   1.5000000e+01
   6.0020370e+06   1.3000000e+01
   6.0028480e+06   1.3000000e+01
   6.0048060e+06   1.3000000e+01
   6.0073400e+06   1.3000000e+01
   6.0145840e+06   1.4000000e+01
   6.0582630e+06   1.7000000e+01
   6.0591100e+06   1.3000000e+01
   6.0598110e+06   1.5000000e+01
   6.0599660e+06   1.3000000e+01
   6.0601500e+06   1.3000000e+01
   6.0605250e+06   1.3000000e+01
   6.0606790e+06   1.5000000e+01
   6.0629630e+06   1.4000000e+01
   6.0634140e+06   1.3000000e+01
   6.0640630e+06   1.4000000e+01
   6.0670350e+06   1.5000000e+01
   6.1194740e+06   1.3000000e+01
   6.1200230e+06   1.3000000e+01
   6.1202320e+06   1.8000000e+01
   6.1209560e+06   1.3000000e+01
   6.1230990e+06   1.6000000e+01
   6.1251770e+06   1.3000000e+01
   6.1285310e+06   1.4000000e+01
   6.1758950e+06   1.6000000e+01
   6.1759290e+06   1.3000000e+01
   6.1763260e+06   1.3000000e+01
   6.1768540e+06   1.3000000e+01
   6.1769730e+06   1.3000000e+01
   6.1779070e+06   1.7000000e+01
   6.1783230e+06   1.4000000e+01
   6.1783530e+06   1.8000000e+01
   6.1799030e+06   1.5000000e+01
   6.1805400e+06   1.5000000e+01
   6.1808870e+06   1.7000000e+01
   6.1813160e+06   1.3000000e+01
   6.1820010e+06   1.3000000e+01
   6.1834450e+06   1.6000000e+01
   6.1848320e+06   1.3000000e+01
   6.2310960e+06   1.3000000e+01
   6.2318870e+06   1.3000000e+01
   6.2325280e+06   1.8000000e+01
   6.2337130e+06   1.3000000e+01
   6.2369400e+06   1.3000000e+01
   6.2378090e+06   1.3000000e+01
   6.2389830e+06   1.4000000e+01
   6.2441210e+06   1.6000000e+01
   6.2893810e+06   1.5000000e+01
   6.2902290e+06   1.3000000e+01
   6.2904740e+06   1.3000000e+01
   6.2909560e+06   1.5000000e+01
   6.2912480e+06   1.3000000e+01
   6.2921070e+06   1.4000000e+01
   6.2922120e+06   1.3000000e+01
   6.2922490e+06   1.6000000e+01
   6.2965610e+06   1.4000000e+01
   6.2993030e+06   1.3000000e+01
   6.3039220e+06   1.3000000e+01
   6.3049450e+06   1.3000000e+01
   6.3426380e+06   1.3000000e+01
   6.3432150e+06   1.3000000e+01
   6.3434920e+06   1.7000000e+01
   6.3439210e+06   1.5000000e+01
   6.3439840e+06   1.4000000e+01
   6.3440360e+06   1.4000000e+01
   6.3444360e+06   1.3000000e+01
   6.3446480e+06   1.3000000e+01
   6.3450120e+06   1.3000000e+01
   6.3451080e+06   1.3000000e+01
   6.3457480e+06   1.3000000e+01
   6.3458050e+06   1.4000000e+01
   6.3465560e+06   1.4000000e+01
   6.3467920e+06   1.3000000e+01
   6.3494770e+06   1.5000000e+01
   6.3535320e+06   1.3000000e+01
   6.3573290e+06   1.3000000e+01
   6.4040150e+06   1.6000000e+01
   6.4044330e+06   1.4000000e+01
   6.4044700e+06   1.3000000e+01
   6.4049660e+06   1.7000000e+01
   6.4059620e+06   1.6000000e+01
   6.4063570e+06   1.3000000e+01
   6.4067840e+06   1.4000000e+01
   6.4087080e+06   1.7000000e+01
   6.4092190e+06   1.4000000e+01
   6.4092490e+06   1.3000000e+01
   6.4112420e+06   1.5000000e+01
   6.4170200e+06   1.3000000e+01
   6.4247600e+06   1.5000000e+01
   6.4624190e+06   1.6000000e+01
   6.4627430e+06   1.3000000e+01
   6.4628700e+06   1.4000000e+01
   6.4632260e+06   1.4000000e+01
   6.4638380e+06   1.8000000e+01
   6.4640880e+06   1.3000000e+01
   6.4644620e+06   1.9000000e+01
   6.4651370e+06   1.9000000e+01
   6.4653050e+06   1.4000000e+01
   6.4656850e+06   1.3000000e+01
   6.4660970e+06   1.3000000e+01
   6.4685410e+06   1.3000000e+01
   6.4690090e+06   1.3000000e+01
   6.4701470e+06   1.6000000e+01
   6.4755010e+06   1.3000000e+01
   6.4783910e+06   1.3000000e+01
   6.5185550e+06   1.5000000e+01
   6.5187340e+06   1.3000000e+01
   6.5190250e+06   1.5000000e+01
   6.5201000e+06   1.3000000e+01
   6.5211480e+06   1.5000000e+01
   6.5229400e+06   1.3000000e+01
   6.5237450e+06   1.4000000e+01
   6.5242900e+06   1.4000000e+01
   6.5255440e+06   1.3000000e+01
   6.5303920e+06   1.3000000e+01
   6.5342460e+06   1.3000000e+01
   6.5740890e+06   1.3000000e+01
   6.5748590e+06   1.3000000e+01
   6.5750190e+06   1.5000000e+01
   6.5750590e+06   1.4000000e+01
   6.5757280e+06   1.3000000e+01
   6.5766740e+06   1.3000000e+01
   6.5779870e+06   1.3000000e+01
   6.5796480e+06   1.3000000e+01
   6.5804470e+06   1.4000000e+01
   6.5816780e+06   1.5000000e+01
   6.5852260e+06   1.3000000e+01
   6.6357430e+06   1.3000000e+01
   6.6364990e+06   1.9000000e+01
   6.6377470e+06   1.4000000e+01
   6.6381170e+06   1.4000000e+01
   6.6389820e+06   1.3000000e+01
   6.6471220e+06   1.6000000e+01
   6.6903740e+06   1.4000000e+01
   6.6907950e+06   1.3000000e+01
   6.6908350e+06   1.3000000e+01
   6.6913130e+06   1.4000000e+01
   6.6918700e+06   1.3000000e+01
   6.6925600e+06   1.4000000e+01
   6.6932130e+06   1.4000000e+01
   6.6934230e+06   1.6000000e+01
   6.6944160e+06   1.3000000e+01
   6.6945550e+06   1.3000000e+01
   6.6946600e+06   1.3000000e+01
   6.6950800e+06   1.4000000e+01
   6.6960430e+06   1.3000000e+01
   6.6962770e+06   1.4000000e+01
   6.6984280e+06   1.3000000e+01
   6.7039580e+06   1.3000000e+01
   6.7499810e+06   1.5000000e+01
   6.7500080e+06   1.4000000e+01
   6.7507640e+06   1.4000000e+01
   6.7507950e+06   1.5000000e+01
   6.7508550e+06   1.3000000e+01
   6.7526460e+06   1.4000000e+01
   6.7541120e+06   1.5000000e+01
   6.7555430e+06   1.5000000e+01
   6.7615180e+06   1.3000000e+01
   6.7628200e+06   1.5000000e+01
   6.8078570e+06   1.3000000e+01
   6.8080720e+06   1.5000000e+01
   6.8085110e+06   1.6000000e+01
   6.8085560e+06   1.3000000e+01
   6.8086490e+06   1.4000000e+01
   6.8088220e+06   1.5000000e+01
   6.8089050e+06   1.4000000e+01
   6.8089420e+06   1.4000000e+01
   6.8101040e+06   1.3000000e+01
   6.8109380e+06   1.3000000e+01
   6.8109710e+06   1.5000000e+01
   6.8123960e+06   1.3000000e+01
   6.8133570e+06   1.4000000e+01
   6.8140630e+06   1.3000000e+01
   6.8148020e+06   1.3000000e+01
   6.8150720e+06   1.6000000e+01
   6.8598150e+06   1.4000000e+01
   6.8603000e+06   1.5000000e+01
   6.8606540e+06   1.3000000e+01
   6.8607600e+06   1.5000000e+01
   6.8607860e+06   1.9000000e+01
   6.8615180e+06   1.3000000e+01
   6.8619020e+06   1.3000000e+01
   6.8620500e+06   1.4000000e+01
   6.8638090e+06   1.4000000e+01
   6.8640610e+06   1.4000000e+01
   6.8641150e+06   1.4000000e+01
   6.8644640e+06   1.3000000e+01
   6.8650360e+06   1.3000000e+01
   6.8655690e+06   1.6000000e+01
   6.8667060e+06   1.4000000e+01
   6.9146740e+06   1.3000000e+01
   6.9150690e+06   1.7000000e+01
   6.9153620e+06   1.3000000e+01
   6.9159060e+06   1.6000000e+01
   6.9160210e+06   1.3000000e+01
   6.9163520e+06   1.3000000e+01
   6.9175370e+06   1.4000000e+01
   6.9177380e+06   1.5000000e+01
   6.9192020e+06   1.4000000e+01
   6.9194070e+06   1.3000000e+01
   6.9216340e+06   1.3000000e+01
   6.9253050e+06   1.3000000e+01
   6.9302690e+06   1.4000000e+01
   6.9681010e+06   1.3000000e+01
   6.9686210e+06   1.4000000e+01
   6.9686730e+06   1.4000000e+01
   6.9690610e+06   1.5000000e+01
   6.9700530e+06   1.5000000e+01
   6.9701090e+06   1.3000000e+01
   6.9707060e+06   1.3000000e+01
   6.9714970e+06   1.5000000e+01
   6.9715320e+06   1.4000000e+01
   6.9719470e+06   1.3000000e+01
   6.9729550e+06   1.3000000e+01
   6.9745040e+06   1.3000000e+01
   6.9750960e+06   1.3000000e+01
   6.9752420e+06   1.4000000e+01
   6.9766620e+06   1.3000000e+01
   6.9789520e+06   1.3000000e+01
   6.9820410e+06   1.3000000e+01
   7.0240870e+06   1.3000000e+01
   7.0244620e+06   1.5000000e+01
   7.0246860e+06   1.3000000e+01
   7.0247520e+06   1.4000000e+01
   7.0257280e+06   1.4000000e+01
   7.0264730e+06   1.4000000e+01
   7.0266850e+06   1.4000000e+01
   7.0267330e+06   1.5000000e+01
   7.0270950e+06   1.4000000e+01
   7.0286540e+06   1.3000000e+01
   7.0304470e+06   1.4000000e+01
   7.0346950e+06   1.3000000e+01
   7.0767250e+06   1.3000000e+01
   7.0774280e+06   1.4000000e+01
   7.0780370e+06   1.4000000e+01
   7.0805160e+06   1.8000000e+01
   7.0807570e+06   1.3000000e+01
   7.0820660e+06   1.4000000e+01
   7.0841630e+06   1.4000000e+01
   7.0846060e+06   1.5000000e+01
   7.0911720e+06   1.5000000e+01
   7.1394380e+06   1.6000000e+01
   7.1396500e+06   1.4000000e+01
   7.1397330e+06   1.4000000e+01
   7.1399240e+06   1.3000000e+01
   7.1404710e+06   1.6000000e+01
   7.1409940e+06   1.3000000e+01
   7.1412790e+06   1.5000000e+01
   7.1433020e+06   1.3000000e+01
   7.1453020e+06   1.3000000e+01
   7.1466890e+06   1.3000000e+01
   7.1520680e+06   1.4000000e+01
   7.2079050e+06   1.6000000e+01
   7.2079690e+06   1.3000000e+01
   7.2083170e+06   1.3000000e+01
   7.2085510e+06   1.7000000e+01
   7.2091630e+06   1.9000000e+01
   7.2092920e+06   1.5000000e+01
   7.2094930e+06   1.3000000e+01
   7.2096120e+06   1.4000000e+01
   7.2100400e+06   1.3000000e+01
   7.2111030e+06   1.4000000e+01
   7.2112630e+06   1.4000000e+01
   7.2123840e+06   1.5000000e+01
   7.2129170e+06   1.6000000e+01
   7.2145340e+06   1.4000000e+01
   7.2150340e+06   1.4000000e+01
   7.2156010e+06   1.7000000e+01
   7.2195650e+06   1.3000000e+01
   7.2217700e+06   1.3000000e+01
   7.2632320e+06   1.3000000e+01
   7.2637190e+06   1.3000000e+01
   7.2637950e+06   1.3000000e+01
   7.2638230e+06   1.3000000e+01
   7.2642990e+06   1.5000000e+01
   7.2643710e+06   1.3000000e+01
   7.2644890e+06   1.4000000e+01
   7.2657770e+06   1.3000000e+01
   7.2658920e+06   1.3000000e+01
   7.2669810e+06   1.3000000e+01
   7.2682610e+06   1.3000000e+01
   7.2687830e+06   1.4000000e+01
   7.2701270e+06   1.3000000e+01
   7.2712650e+06   1.7000000e+01
   7.2775980e+06   1.3000000e+01
   7.2805730e+06   1.4000000e+01
   7.3184800e+06   1.3000000e+01
   7.3189280e+06   1.4000000e+01
   7.3194700e+06   1.4000000e+01
   7.3195030e+06   1.3000000e+01
   7.3195690e+06   1.4000000e+01
   7.3196140e+06   1.3000000e+01
   7.3197380e+06   1.3000000e+01
   7.3199330e+06   1.6000000e+01
   7.3202870e+06   1.3000000e+01
   7.3207430e+06   1.5000000e+01
   7.3227490e+06   1.3000000e+01
   7.3233560e+06   1.3000000e+01
   7.3236020e+06   1.4000000e+01
   7.3242820e+06   1.3000000e+01
   7.3251290e+06   1.3000000e+01
   7.3269220e+06   1.4000000e+01
   7.3312440e+06   1.3000000e+01
   7.3362040e+06   1.4000000e+01
   7.3743610e+06   1.3000000e+01
   7.3746900e+06   1.3000000e+01
   7.3749790e+06   1.3000000e+01
   7.3753610e+06   1.3000000e+01
   7.3758080e+06   1.4000000e+01
   7.3759260e+06   1.4000000e+01
   7.3765150e+06   1.4000000e+01
   7.3770630e+06   1.6000000e+01
   7.3775850e+06   1.3000000e+01
   7.3812720e+06   1.3000000e+01
   7.3856790e+06   1.4000000e+01
   7.4248480e+06   1.3000000e+01
   7.4262690e+06   1.4000000e+01
   7.4266290e+06   1.4000000e+01
   7.4283850e+06   1.3000000e+01
   7.4327000e+06   1.4000000e+01
   7.4369070e+06   1.5000000e+01
   7.4507070e+06   1.3000000e+01
   7.4832790e+06   1.3000000e+01
   7.4838160e+06   1.3000000e+01
   7.4840600e+06   1.3000000e+01
   7.4843540e+06   1.6000000e+01
   7.4847730e+06   1.3000000e+01
   7.4848830e+06   1.4000000e+01
   7.4852990e+06   1.3000000e+01
   7.4872210e+06   1.3000000e+01
   7.4881490e+06   1.3000000e+01
   7.4881860e+06   1.3000000e+01
   7.4884040e+06   1.4000000e+01
   7.4895870e+06   1.3000000e+01
   7.4965480e+06   1.3000000e+01
   7.4998010e+06   1.3000000e+01
