   7.5000000e+06   0.0000000e+00
   3.7920000e+03   1.6000000e+01
   5.6850000e+03   1.6000000e+01
   5.7810000e+03   1.7000000e+01
   6.1210000e+03   1.6000000e+01
   6.7110000e+03   1.7000000e+01
   9.7700000e+03   1.7000000e+01
   1.1280000e+04   1.6000000e+01
   1.2926000e+04   1.7000000e+01
   4.9312000e+04   2.0000000e+01
   5.0084000e+04   1.7000000e+01
   5.0879000e+04   1.7000000e+01
   5.1687000e+04   1.6000000e+01
   5.2910000e+04   1.6000000e+01
   5.3898000e+04   1.6000000e+01
   5.6713000e+04   1.6000000e+01
   5.7523000e+04   1.6000000e+01
   9.7152000e+04   1.7000000e+01
   9.7702000e+04   1.8000000e+01
   9.8523000e+04   1.7000000e+01
   1.0007500e+05   1.6000000e+01
   1.0019900e+05   2.1000000e+01
   1.0121400e+05   1.6000000e+01
   1.0177400e+05   1.7000000e+01
   1.3858700e+05   1.6000000e+01
   1.4023600e+05   1.9000000e+01
   1.4221100e+05   1.8000000e+01
   1.8113100e+05   2.0000000e+01
   1.8264300e+05   1.8000000e+01
   1.8413600e+05   1.7000000e+01
   1.8716300e+05   1.6000000e+01
   1.9078600e+05   1.7000000e+01
   2.2527100e+05   1.8000000e+01
   2.2904700e+05   1.6000000e+01
   2.6875800e+05   1.9000000e+01
   2.7133700e+05   1.6000000e+01
   2.7172500e+05   1.7000000e+01
   2.7195100e+05   1.6000000e+01
   2.7407300e+05   1.6000000e+01
   2.7480400e+05   1.7000000e+01
   2.7529500e+05   1.6000000e+01
   3.1771900e+05   1.6000000e+01
   3.1923800e+05   1.7000000e+01
   3.2111600e+05   1.7000000e+01
   3.2368300e+05   1.7000000e+01
   3.2743300e+05   1.8000000e+01
   3.6282700e+05   1.7000000e+01
   3.6345600e+05   1.7000000e+01
   3.6398600e+05   1.6000000e+01
   3.6604200e+05   1.6000000e+01
   3.6683700e+05   1.9000000e+01
   4.1012100e+05   1.6000000e+01
   4.1022100e+05   1.7000000e+01
   4.1061100e+05   1.7000000e+01
   4.1140700e+05   1.7000000e+01
   4.1347700e+05   1.6000000e+01
   4.2623300e+05   1.6000000e+01
   4.5511000e+05   1.6000000e+01
   4.5545700e+05   1.7000000e+01
   4.5876100e+05   1.8000000e+01
   4.6216200e+05   1.7000000e+01
   4.6443100e+05   1.6000000e+01
   5.0639000e+05   1.6000000e+01
   5.0921300e+05   1.9000000e+01
   5.1074600e+05   1.6000000e+01
   5.1299800e+05   1.7000000e+01
   5.1480800e+05   1.6000000e+01
   5.1585100e+05   1.7000000e+01
   5.5217000e+05   1.6000000e+01
   5.5748700e+05   1.6000000e+01
   5.5792900e+05   1.6000000e+01
   5.5842700e+05   1.7000000e+01
   5.5891100e+05   1.7000000e+01
   5.6191900e+05   1.8000000e+01
   5.9227500e+05   1.7000000e+01
   5.9959800e+05   1.8000000e+01
   5.9997600e+05   1.6000000e+01
   6.0051300e+05   1.7000000e+01
   6.0199300e+05   1.7000000e+01
   6.3836000e+05   1.6000000e+01
   6.4177300e+05   1.6000000e+01
   6.4215600e+05   1.6000000e+01
   6.4267900e+05   1.9000000e+01
   6.4343400e+05   1.6000000e+01
   6.4346800e+05   1.7000000e+01
   6.4604400e+05   1.6000000e+01
   6.4683200e+05   1.6000000e+01
   6.4781600e+05   1.6000000e+01
   6.8532700e+05   1.6000000e+01
   6.8728600e+05   1.9000000e+01
   6.8818300e+05   1.7000000e+01
   6.8833000e+05   1.6000000e+01
   6.8963000e+05   1.6000000e+01
   6.9115900e+05   1.7000000e+01
   7.3337600e+05   1.6000000e+01
   7.3347000e+05   1.7000000e+01
   7.3375700e+05   1.6000000e+01
   7.3531200e+05   1.6000000e+01
   7.3534900e+05   1.7000000e+01
   7.6412500e+05   1.6000000e+01
   7.6985500e+05   1.6000000e+01
   7.8080400e+05   1.8000000e+01
   7.8094400e+05   1.7000000e+01
   7.8218500e+05   1.7000000e+01
   7.8296900e+05   1.7000000e+01
   7.8631800e+05   1.6000000e+01
   8.2492900e+05   1.7000000e+01
   8.2639600e+05   1.8000000e+01
   8.2648700e+05   1.6000000e+01
   8.2986900e+05   1.7000000e+01
   8.5245600e+05   1.6000000e+01
   8.6878800e+05   1.6000000e+01
   8.6999700e+05   1.6000000e+01
   8.7125900e+05   1.7000000e+01
   8.7148100e+05   1.9000000e+01
   8.7367200e+05   1.6000000e+01
   8.7456600e+05   1.6000000e+01
   8.7552800e+05   1.7000000e+01
   8.7608800e+05   1.6000000e+01
   9.1334600e+05   1.6000000e+01
   9.1397000e+05   1.6000000e+01
   9.1568800e+05   1.6000000e+01
   9.1781500e+05   1.6000000e+01
   9.1924700e+05   1.6000000e+01
   9.2075100e+05   1.6000000e+01
   9.2085500e+05   1.6000000e+01
   9.4106900e+05   1.7000000e+01
   9.6044900e+05   1.6000000e+01
   9.6083900e+05   1.6000000e+01
   9.6224200e+05   1.7000000e+01
   9.6274800e+05   1.6000000e+01
   9.6287200e+05   1.6000000e+01
   9.6375500e+05   1.6000000e+01
   9.6427700e+05   1.8000000e+01
   1.0069140e+06   1.7000000e+01
   1.0084760e+06   1.8000000e+01
   1.0114840e+06   1.6000000e+01
   1.0133610e+06   1.6000000e+01
   1.0551870e+06   2.0000000e+01
   1.0561250e+06   1.6000000e+01
   1.0578580e+06   1.8000000e+01
   1.0586280e+06   1.7000000e+01
   1.0960470e+06   1.7000000e+01
   1.0971180e+06   1.7000000e+01
   1.0980640e+06   1.9000000e+01
   1.0991900e+06   1.6000000e+01
   1.0993300e+06   1.7000000e+01
   1.0997140e+06   1.6000000e+01
   1.1003250e+06   1.6000000e+01
   1.1489620e+06   1.7000000e+01
   1.1497210e+06   1.7000000e+01
   1.1499780e+06   1.7000000e+01
   1.1885820e+06   1.6000000e+01
   1.1900620e+06   1.6000000e+01
   1.1921250e+06   1.6000000e+01
   1.1943920e+06   1.7000000e+01
   1.2316980e+06   1.7000000e+01
   1.2329840e+06   1.6000000e+01
   1.2337400e+06   1.7000000e+01
   1.2369390e+06   1.7000000e+01
   1.2373290e+06   1.8000000e+01
   1.2790490e+06   1.6000000e+01
   1.2792470e+06   1.7000000e+01
   1.2796420e+06   1.6000000e+01
   1.2803480e+06   1.7000000e+01
   1.2841070e+06   1.7000000e+01
   1.2854920e+06   1.6000000e+01
   1.2861230e+06   1.7000000e+01
   1.3293730e+06   1.7000000e+01
   1.3297400e+06   1.8000000e+01
   1.3307740e+06   1.6000000e+01
   1.3328510e+06   1.6000000e+01
   1.3718490e+06   1.8000000e+01
   1.3721020e+06   2.1000000e+01
   1.3725720e+06   1.7000000e+01
   1.3737650e+06   1.7000000e+01
   1.3747350e+06   1.6000000e+01
   1.3752440e+06   1.7000000e+01
   1.4178600e+06   1.6000000e+01
   1.4184970e+06   1.6000000e+01
   1.4211630e+06   1.7000000e+01
   1.4225520e+06   1.6000000e+01
   1.4234040e+06   1.6000000e+01
   1.4642540e+06   1.7000000e+01
   1.4694300e+06   1.6000000e+01
   1.4702520e+06   1.6000000e+01
   1.4720680e+06   1.8000000e+01
   1.5118920e+06   1.6000000e+01
   1.5149000e+06   1.6000000e+01
   1.5153630e+06   1.6000000e+01
   1.5551910e+06   1.6000000e+01
   1.5578500e+06   1.6000000e+01
   1.5590670e+06   1.6000000e+01
   1.5596460e+06   1.7000000e+01
   1.5630060e+06   1.6000000e+01
   1.6036910e+06   1.7000000e+01
   1.6044000e+06   1.6000000e+01
   1.6052620e+06   1.6000000e+01
   1.6058540e+06   1.6000000e+01
   1.6069050e+06   1.7000000e+01
   1.6082210e+06   1.6000000e+01
   1.6093710e+06   1.6000000e+01
   1.6498750e+06   1.6000000e+01
   1.6504610e+06   1.9000000e+01
   1.6518230e+06   1.8000000e+01
   1.6522660e+06   1.8000000e+01
   1.6526520e+06   1.7000000e+01
   1.6539960e+06   1.9000000e+01
   1.6965700e+06   1.6000000e+01
   1.7011710e+06   1.6000000e+01
   1.7380130e+06   1.6000000e+01
   1.7384840e+06   1.6000000e+01
   1.7394050e+06   1.8000000e+01
   1.7406500e+06   1.7000000e+01
   1.7421470e+06   1.7000000e+01
   1.7447480e+06   1.9000000e+01
   1.7789180e+06   1.6000000e+01
   1.7845530e+06   1.6000000e+01
   1.7874040e+06   1.8000000e+01
   1.7884980e+06   1.7000000e+01
   1.7908920e+06   1.6000000e+01
   1.8329730e+06   1.8000000e+01
   1.8336490e+06   1.9000000e+01
   1.8340180e+06   2.0000000e+01
   1.8365090e+06   1.8000000e+01
   1.8381320e+06   1.6000000e+01
   1.9232370e+06   1.6000000e+01
   1.9233460e+06   1.8000000e+01
   1.9265550e+06   1.6000000e+01
   1.9270830e+06   1.7000000e+01
   1.9315580e+06   1.6000000e+01
   1.9666340e+06   1.6000000e+01
   1.9714340e+06   1.6000000e+01
   1.9716420e+06   1.6000000e+01
   1.9724820e+06   1.9000000e+01
   1.9739670e+06   1.7000000e+01
   1.9762080e+06   1.6000000e+01
   1.9764570e+06   1.6000000e+01
   2.0178130e+06   1.6000000e+01
   2.0199110e+06   1.9000000e+01
   2.0201870e+06   1.6000000e+01
   2.0215770e+06   1.6000000e+01
   2.0217520e+06   1.7000000e+01
   2.0223520e+06   1.6000000e+01
   2.0274450e+06   1.6000000e+01
   2.0655800e+06   1.6000000e+01
   2.0682960e+06   1.6000000e+01
   2.0683950e+06   1.6000000e+01
   2.0695470e+06   1.8000000e+01
   2.0729080e+06   1.6000000e+01
   2.0742040e+06   1.9000000e+01
   2.1175890e+06   1.6000000e+01
   2.1179000e+06   1.6000000e+01
   2.1182570e+06   1.8000000e+01
   2.1184170e+06   1.8000000e+01
   2.1217550e+06   1.8000000e+01
   2.1686260e+06   1.6000000e+01
   2.1698500e+06   1.6000000e+01
   2.1714360e+06   1.6000000e+01
   2.1716840e+06   1.7000000e+01
   2.2161220e+06   1.6000000e+01
   2.2165320e+06   1.7000000e+01
   2.2192650e+06   1.7000000e+01
   2.2208430e+06   1.6000000e+01
   2.2614260e+06   1.9000000e+01
   2.2617950e+06   1.6000000e+01
   2.2627120e+06   1.6000000e+01
   2.2643650e+06   1.6000000e+01
   2.2647900e+06   1.6000000e+01
   2.3116340e+06   1.6000000e+01
   2.3129240e+06   2.2000000e+01
   2.3164490e+06   1.7000000e+01
   2.3622090e+06   1.7000000e+01
   2.3628160e+06   1.6000000e+01
   2.3643840e+06   1.6000000e+01
   2.3644510e+06   1.7000000e+01
   2.3658030e+06   1.6000000e+01
   2.3668290e+06   1.6000000e+01
   2.4060790e+06   1.6000000e+01
   2.4084570e+06   1.6000000e+01
   2.4090880e+06   1.7000000e+01
   2.4104380e+06   1.9000000e+01
   2.4123830e+06   1.7000000e+01
   2.4536660e+06   1.6000000e+01
   2.4640550e+06   1.7000000e+01
   2.5019950e+06   2.0000000e+01
   2.5024970e+06   1.6000000e+01
   2.5034950e+06   1.8000000e+01
   2.5057870e+06   2.1000000e+01
   2.5059480e+06   1.6000000e+01
   2.5079110e+06   1.7000000e+01
   2.5538190e+06   1.8000000e+01
   2.5542350e+06   1.6000000e+01
   2.5545280e+06   1.6000000e+01
   2.5982730e+06   1.6000000e+01
   2.5992260e+06   1.6000000e+01
   2.6017590e+06   1.7000000e+01
   2.6019480e+06   1.6000000e+01
   2.6029510e+06   1.7000000e+01
   2.6068590e+06   1.7000000e+01
   2.6460920e+06   1.6000000e+01
   2.6475590e+06   1.6000000e+01
   2.6487060e+06   1.7000000e+01
   2.6511690e+06   1.6000000e+01
   2.6521410e+06   1.6000000e+01
   2.6550370e+06   1.6000000e+01
   2.6988850e+06   2.0000000e+01
   2.6989620e+06   1.6000000e+01
   2.6993330e+06   1.7000000e+01
   2.6999560e+06   1.6000000e+01
   2.7000120e+06   1.6000000e+01
   2.7017390e+06   1.6000000e+01
   2.7039080e+06   1.6000000e+01
   2.7332330e+06   1.6000000e+01
   2.7485260e+06   1.8000000e+01
   2.7503250e+06   1.6000000e+01
   2.7512180e+06   1.6000000e+01
   2.7517220e+06   1.6000000e+01
   2.7544110e+06   1.6000000e+01
   2.7547370e+06   1.9000000e+01
   2.7588750e+06   1.6000000e+01
   2.7965760e+06   1.7000000e+01
   2.7976100e+06   1.6000000e+01
   2.8021600e+06   1.8000000e+01
   2.8451110e+06   1.7000000e+01
   2.8453330e+06   1.6000000e+01
   2.8460920e+06   1.6000000e+01
   2.8463270e+06   1.6000000e+01
   2.8951410e+06   1.6000000e+01
   2.8954770e+06   1.7000000e+01
   2.8972570e+06   1.7000000e+01
   2.8998280e+06   1.6000000e+01
   2.9406000e+06   1.6000000e+01
   2.9407570e+06   1.6000000e+01
   2.9421410e+06   1.6000000e+01
   2.9429790e+06   1.7000000e+01
   2.9436830e+06   1.9000000e+01
   2.9437200e+06   1.6000000e+01
   2.9467850e+06   1.6000000e+01
   2.9896180e+06   1.7000000e+01
   2.9898500e+06   1.7000000e+01
   2.9911190e+06   1.8000000e+01
   2.9945860e+06   1.6000000e+01
   3.0386680e+06   1.7000000e+01
   3.0410630e+06   1.8000000e+01
   3.0419560e+06   1.8000000e+01
   3.0444130e+06   1.6000000e+01
   3.0915870e+06   1.6000000e+01
   3.0923710e+06   1.6000000e+01
   3.0931430e+06   1.7000000e+01
   3.0935910e+06   1.7000000e+01
   3.1388300e+06   1.8000000e+01
   3.1402700e+06   1.6000000e+01
   3.1404230e+06   1.7000000e+01
   3.1413680e+06   1.6000000e+01
   3.1741870e+06   1.7000000e+01
   3.1891260e+06   1.6000000e+01
   3.1897830e+06   1.8000000e+01
   3.1906980e+06   1.7000000e+01
   3.1915550e+06   1.6000000e+01
   3.1961970e+06   1.6000000e+01
   3.1967260e+06   1.6000000e+01
   3.1977160e+06   1.6000000e+01
   3.2249930e+06   1.6000000e+01
   3.2353190e+06   1.6000000e+01
   3.2360910e+06   1.6000000e+01
   3.2382140e+06   1.7000000e+01
   3.2382430e+06   1.7000000e+01
   3.2395100e+06   1.6000000e+01
   3.2871760e+06   1.6000000e+01
   3.2875320e+06   1.7000000e+01
   3.2889100e+06   1.6000000e+01
   3.2905770e+06   1.6000000e+01
   3.2925350e+06   1.6000000e+01
   3.2929720e+06   1.6000000e+01
   3.2936740e+06   1.7000000e+01
   3.3350700e+06   1.7000000e+01
   3.3367810e+06   1.6000000e+01
   3.3393990e+06   1.7000000e+01
   3.3395960e+06   1.7000000e+01
   3.3421220e+06   1.6000000e+01
   3.3424350e+06   1.8000000e+01
   3.3429290e+06   1.7000000e+01
   3.3713130e+06   1.7000000e+01
   3.3871220e+06   1.6000000e+01
   3.3878530e+06   1.7000000e+01
   3.3879660e+06   1.6000000e+01
   3.3883450e+06   1.8000000e+01
   3.3887380e+06   1.7000000e+01
   3.3889520e+06   1.6000000e+01
   3.3893360e+06   1.6000000e+01
   3.3900390e+06   1.9000000e+01
   3.3908710e+06   1.6000000e+01
   3.3912020e+06   1.6000000e+01
   3.3934770e+06   1.6000000e+01
   3.3939670e+06   1.8000000e+01
   3.4368970e+06   1.6000000e+01
   3.4370760e+06   1.7000000e+01
   3.4373570e+06   1.7000000e+01
   3.4377700e+06   1.6000000e+01
   3.4382770e+06   1.6000000e+01
   3.4387160e+06   1.6000000e+01
   3.4405310e+06   1.7000000e+01
   3.4436470e+06   1.6000000e+01
   3.4817640e+06   1.7000000e+01
   3.4831320e+06   1.6000000e+01
   3.4838380e+06   1.8000000e+01
   3.4838720e+06   1.6000000e+01
   3.4842820e+06   1.8000000e+01
   3.4848150e+06   1.6000000e+01
   3.4869220e+06   1.6000000e+01
   3.4869480e+06   1.6000000e+01
   3.4881490e+06   1.6000000e+01
   3.4972330e+06   1.6000000e+01
   3.5359970e+06   1.6000000e+01
   3.5360600e+06   1.6000000e+01
   3.5365220e+06   1.6000000e+01
   3.5376890e+06   1.6000000e+01
   3.5377190e+06   1.7000000e+01
   3.5378770e+06   1.6000000e+01
   3.5385200e+06   1.6000000e+01
   3.5741860e+06   1.7000000e+01
   3.5885760e+06   1.6000000e+01
   3.5913150e+06   1.6000000e+01
   3.6361640e+06   1.8000000e+01
   3.6368670e+06   1.7000000e+01
   3.6370000e+06   1.6000000e+01
   3.6387550e+06   1.6000000e+01
   3.6390890e+06   1.7000000e+01
   3.6397160e+06   1.7000000e+01
   3.6412130e+06   1.6000000e+01
   3.6438390e+06   1.7000000e+01
   3.6822940e+06   1.7000000e+01
   3.6860440e+06   1.7000000e+01
   3.6877650e+06   1.8000000e+01
   3.6890500e+06   1.6000000e+01
   3.6907450e+06   1.6000000e+01
   3.7307500e+06   1.6000000e+01
   3.7349880e+06   1.7000000e+01
   3.7367100e+06   1.7000000e+01
   3.7369150e+06   1.7000000e+01
   3.7379250e+06   1.6000000e+01
   3.7387580e+06   1.6000000e+01
   3.7918160e+06   1.8000000e+01
   3.7934680e+06   1.6000000e+01
   3.8374740e+06   1.7000000e+01
   3.8383270e+06   1.6000000e+01
   3.8391040e+06   1.7000000e+01
   3.8393170e+06   1.9000000e+01
   3.8400980e+06   1.6000000e+01
   3.8440520e+06   1.8000000e+01
   3.8459780e+06   1.6000000e+01
   3.8885090e+06   2.0000000e+01
   3.8928670e+06   1.6000000e+01
   3.8932900e+06   1.6000000e+01
   3.8936040e+06   1.7000000e+01
   3.8937240e+06   1.6000000e+01
   3.9003730e+06   1.6000000e+01
   3.9428440e+06   1.6000000e+01
   3.9434610e+06   1.8000000e+01
   3.9450620e+06   1.8000000e+01
   3.9941620e+06   1.6000000e+01
   3.9953580e+06   2.0000000e+01
   3.9957820e+06   1.7000000e+01
   3.9981330e+06   1.8000000e+01
   3.9999090e+06   1.7000000e+01
   4.0003090e+06   1.6000000e+01
   4.0433830e+06   1.6000000e+01
   4.0439160e+06   1.6000000e+01
   4.0441090e+06   1.6000000e+01
   4.0444730e+06   1.7000000e+01
   4.0447860e+06   1.8000000e+01
   4.0464590e+06   1.6000000e+01
   4.0482300e+06   1.6000000e+01
   4.0937750e+06   1.6000000e+01
   4.0947270e+06   1.6000000e+01
   4.0953010e+06   1.8000000e+01
   4.1001470e+06   1.6000000e+01
   4.1448040e+06   1.6000000e+01
   4.1448840e+06   1.6000000e+01
   4.1463530e+06   1.6000000e+01
   4.1491600e+06   1.6000000e+01
   4.1960340e+06   1.6000000e+01
   4.1964370e+06   1.6000000e+01
   4.1997730e+06   1.6000000e+01
   4.2008810e+06   1.7000000e+01
   4.2020230e+06   1.6000000e+01
   4.2485770e+06   1.6000000e+01
   4.2503520e+06   1.7000000e+01
   4.2507090e+06   1.7000000e+01
   4.2515590e+06   1.7000000e+01
   4.2522040e+06   1.8000000e+01
   4.2523300e+06   1.6000000e+01
   4.2550730e+06   1.6000000e+01
   4.3026200e+06   1.6000000e+01
   4.3036960e+06   1.6000000e+01
   4.3052220e+06   1.6000000e+01
   4.3460660e+06   1.7000000e+01
   4.3474850e+06   1.6000000e+01
   4.3476120e+06   1.6000000e+01
   4.3484570e+06   1.6000000e+01
   4.3527060e+06   1.6000000e+01
   4.4031440e+06   1.6000000e+01
   4.4043720e+06   1.8000000e+01
   4.4048990e+06   1.8000000e+01
   4.4058070e+06   1.6000000e+01
   4.4511420e+06   1.6000000e+01
   4.4518900e+06   1.6000000e+01
   4.4521710e+06   1.6000000e+01
   4.4541720e+06   1.6000000e+01
   4.4567100e+06   1.6000000e+01
   4.4584210e+06   1.6000000e+01
   4.4762650e+06   1.6000000e+01
   4.5024460e+06   1.6000000e+01
   4.5054540e+06   1.7000000e+01
   4.5473710e+06   1.6000000e+01
   4.5550030e+06   1.6000000e+01
   4.5569720e+06   1.8000000e+01
   4.5577480e+06   1.8000000e+01
   4.5584940e+06   1.9000000e+01
   4.5870730e+06   1.7000000e+01
   4.6079380e+06   1.6000000e+01
   4.6091010e+06   1.7000000e+01
   4.6104340e+06   2.0000000e+01
   4.6104920e+06   1.6000000e+01
   4.6117050e+06   1.6000000e+01
   4.6134900e+06   1.9000000e+01
   4.6159510e+06   1.7000000e+01
   4.6164840e+06   1.6000000e+01
   4.6581490e+06   1.6000000e+01
   4.6589740e+06   1.6000000e+01
   4.6611830e+06   1.6000000e+01
   4.6613550e+06   1.6000000e+01
   4.6674550e+06   1.7000000e+01
   4.7099700e+06   1.6000000e+01
   4.7143130e+06   1.6000000e+01
   4.7148700e+06   1.6000000e+01
   4.7151000e+06   1.7000000e+01
   4.7153880e+06   1.7000000e+01
   4.7187700e+06   1.7000000e+01
   4.7676410e+06   1.6000000e+01
   4.7681060e+06   1.6000000e+01
   4.7687540e+06   1.6000000e+01
   4.7694900e+06   1.6000000e+01
   4.7695550e+06   1.7000000e+01
   4.8188040e+06   1.6000000e+01
   4.8192210e+06   1.6000000e+01
   4.8195850e+06   1.6000000e+01
   4.8207620e+06   1.6000000e+01
   4.8212860e+06   1.6000000e+01
   4.8225060e+06   1.6000000e+01
   4.8245660e+06   1.6000000e+01
   4.8696190e+06   1.6000000e+01
   4.8725350e+06   2.1000000e+01
   4.8727370e+06   1.6000000e+01
   4.8728710e+06   1.7000000e+01
   4.8741450e+06   1.6000000e+01
   4.9212970e+06   1.7000000e+01
   4.9227130e+06   1.9000000e+01
   4.9232670e+06   1.6000000e+01
   4.9252360e+06   1.6000000e+01
   4.9699790e+06   1.7000000e+01
   4.9715170e+06   1.7000000e+01
   4.9723610e+06   1.6000000e+01
   4.9737050e+06   1.9000000e+01
   4.9742210e+06   1.9000000e+01
   4.9760710e+06   1.9000000e+01
   5.0060710e+06   1.6000000e+01
   5.0225440e+06   1.6000000e+01
   5.0252630e+06   2.0000000e+01
   5.0278410e+06   1.6000000e+01
   5.0733650e+06   1.6000000e+01
   5.0765050e+06   1.6000000e+01
   5.0772770e+06   1.7000000e+01
   5.0786120e+06   1.6000000e+01
   5.0792840e+06   1.8000000e+01
   5.0818550e+06   1.6000000e+01
   5.1259440e+06   1.7000000e+01
   5.1267240e+06   1.6000000e+01
   5.1273980e+06   1.7000000e+01
   5.1280960e+06   1.6000000e+01
   5.1284900e+06   1.6000000e+01
   5.1294140e+06   1.7000000e+01
   5.1298180e+06   1.8000000e+01
   5.1889640e+06   1.6000000e+01
   5.1897450e+06   1.7000000e+01
   5.1909860e+06   1.6000000e+01
   5.1928810e+06   1.8000000e+01
   5.1939360e+06   1.6000000e+01
   5.2311870e+06   1.6000000e+01
   5.2410900e+06   1.8000000e+01
   5.2412070e+06   1.7000000e+01
   5.2429820e+06   1.7000000e+01
   5.2443320e+06   1.7000000e+01
   5.2456950e+06   1.8000000e+01
   5.2930480e+06   1.6000000e+01
   5.2937670e+06   1.6000000e+01
   5.2938020e+06   1.9000000e+01
   5.2948570e+06   1.6000000e+01
   5.2951840e+06   1.7000000e+01
   5.2965260e+06   1.6000000e+01
   5.2973970e+06   1.7000000e+01
   5.3014050e+06   1.6000000e+01
   5.3465020e+06   1.8000000e+01
   5.3470740e+06   1.6000000e+01
   5.3471060e+06   1.7000000e+01
   5.3471330e+06   1.9000000e+01
   5.3478230e+06   1.6000000e+01
   5.3489180e+06   1.8000000e+01
   5.3500510e+06   1.6000000e+01
   5.3509480e+06   1.6000000e+01
   5.3513450e+06   1.7000000e+01
   5.3532630e+06   1.6000000e+01
   5.4003080e+06   1.8000000e+01
   5.4003340e+06   1.7000000e+01
   5.4004290e+06   1.8000000e+01
   5.4007870e+06   1.7000000e+01
   5.4015380e+06   1.6000000e+01
   5.4066730e+06   1.6000000e+01
   5.4536870e+06   1.6000000e+01
   5.4563070e+06   1.7000000e+01
   5.4582510e+06   1.6000000e+01
   5.4635740e+06   1.7000000e+01
   5.5085470e+06   1.8000000e+01
   5.5115070e+06   1.9000000e+01
   5.5119150e+06   1.7000000e+01
   5.5135450e+06   1.6000000e+01
   5.5650900e+06   1.6000000e+01
   5.5667580e+06   1.8000000e+01
   5.5670370e+06   1.6000000e+01
   5.5677980e+06   1.6000000e+01
   5.5689110e+06   1.6000000e+01
   5.5692610e+06   1.6000000e+01
   5.5697430e+06   1.6000000e+01
   5.6177820e+06   1.7000000e+01
   5.6183420e+06   1.6000000e+01
   5.6183680e+06   1.9000000e+01
   5.6193350e+06   1.6000000e+01
   5.6195850e+06   1.6000000e+01
   5.6200470e+06   1.7000000e+01
   5.6266290e+06   1.8000000e+01
   5.6662400e+06   1.8000000e+01
   5.6674350e+06   1.6000000e+01
   5.6680630e+06   1.6000000e+01
   5.6683420e+06   1.6000000e+01
   5.6692870e+06   1.6000000e+01
   5.6697000e+06   1.6000000e+01
   5.7229920e+06   1.6000000e+01
   5.7231240e+06   1.7000000e+01
   5.7235390e+06   1.6000000e+01
   5.7250730e+06   1.6000000e+01
   5.7259600e+06   1.6000000e+01
   5.7263160e+06   1.7000000e+01
   5.7264690e+06   1.6000000e+01
   5.7267770e+06   1.8000000e+01
   5.7841470e+06   2.0000000e+01
   5.7857980e+06   1.6000000e+01
   5.7863790e+06   1.8000000e+01
   5.7878580e+06   1.6000000e+01
   5.8331840e+06   1.8000000e+01
   5.8332310e+06   1.6000000e+01
   5.8337990e+06   1.6000000e+01
   5.8348130e+06   1.7000000e+01
   5.8705290e+06   1.6000000e+01
   5.8894680e+06   1.8000000e+01
   5.8897250e+06   1.6000000e+01
   5.8898250e+06   1.6000000e+01
   5.8905210e+06   1.6000000e+01
   5.8906290e+06   1.9000000e+01
   5.8920260e+06   1.6000000e+01
   5.8956060e+06   1.6000000e+01
   5.9459660e+06   1.6000000e+01
   5.9461210e+06   1.6000000e+01
   5.9467530e+06   1.6000000e+01
   5.9471670e+06   1.6000000e+01
   5.9473640e+06   1.6000000e+01
   5.9481640e+06   1.7000000e+01
   5.9483480e+06   1.6000000e+01
   5.9487700e+06   1.6000000e+01
   5.9502360e+06   1.6000000e+01
   5.9505590e+06   1.6000000e+01
   5.9516500e+06   1.7000000e+01
   5.9993370e+06   1.8000000e+01
   5.9999230e+06   1.6000000e+01
   6.0000860e+06   1.7000000e+01
   6.0003140e+06   1.6000000e+01
   6.0034380e+06   1.6000000e+01
   6.0581610e+06   1.6000000e+01
   6.0587520e+06   1.6000000e+01
   6.0589470e+06   1.9000000e+01
   6.0601490e+06   2.1000000e+01
   6.0604630e+06   1.7000000e+01
   6.0653250e+06   1.6000000e+01
   6.1196900e+06   1.7000000e+01
   6.1200380e+06   1.9000000e+01
   6.1205520e+06   1.6000000e+01
   6.1244740e+06   1.7000000e+01
   6.1260980e+06   1.7000000e+01
   6.1764390e+06   1.7000000e+01
   6.1774890e+06   1.8000000e+01
   6.1778000e+06   1.6000000e+01
   6.1783700e+06   1.8000000e+01
   6.1788810e+06   1.6000000e+01
   6.1790640e+06   1.7000000e+01
   6.1809360e+06   1.7000000e+01
   6.1816800e+06   1.6000000e+01
   6.1819980e+06   1.7000000e+01
   6.1834480e+06   1.6000000e+01
   6.2315280e+06   1.7000000e+01
   6.2326270e+06   1.7000000e+01
   6.2337110e+06   1.9000000e+01
   6.2345250e+06   1.6000000e+01
   6.2354600e+06   1.6000000e+01
   6.2362430e+06   1.6000000e+01
   6.2376980e+06   1.6000000e+01
   6.2413310e+06   1.6000000e+01
   6.2895780e+06   1.6000000e+01
   6.2904610e+06   1.6000000e+01
   6.2908960e+06   1.6000000e+01
   6.2913410e+06   1.6000000e+01
   6.2922030e+06   1.6000000e+01
   6.2929990e+06   1.8000000e+01
   6.2936400e+06   1.6000000e+01
   6.2949640e+06   1.8000000e+01
   6.3439210e+06   1.6000000e+01
   6.3443430e+06   1.6000000e+01
   6.3446520e+06   1.7000000e+01
   6.3448870e+06   1.6000000e+01
   6.3455140e+06   1.7000000e+01
   6.3456710e+06   1.7000000e+01
   6.3458070e+06   1.8000000e+01
   6.3467840e+06   1.7000000e+01
   6.3472670e+06   1.7000000e+01
   6.3477020e+06   1.7000000e+01
   6.4062610e+06   1.9000000e+01
   6.4065030e+06   1.8000000e+01
   6.4084690e+06   1.8000000e+01
   6.4104870e+06   1.7000000e+01
   6.4628980e+06   2.0000000e+01
   6.4633150e+06   1.6000000e+01
   6.4649220e+06   1.6000000e+01
   6.4655980e+06   1.6000000e+01
   6.4664020e+06   1.6000000e+01
   6.4665920e+06   1.6000000e+01
   6.4676790e+06   1.6000000e+01
   6.4689560e+06   1.7000000e+01
   6.5187220e+06   1.7000000e+01
   6.5187890e+06   1.7000000e+01
   6.5195320e+06   1.7000000e+01
   6.5196540e+06   1.7000000e+01
   6.5199370e+06   1.7000000e+01
   6.5199800e+06   1.7000000e+01
   6.5209330e+06   1.7000000e+01
   6.5213240e+06   1.6000000e+01
   6.5219740e+06   1.6000000e+01
   6.5755020e+06   1.8000000e+01
   6.5757160e+06   1.6000000e+01
   6.5760540e+06   2.0000000e+01
   6.5761430e+06   1.6000000e+01
   6.5765630e+06   1.6000000e+01
   6.5769190e+06   1.6000000e+01
   6.5771090e+06   1.6000000e+01
   6.5777730e+06   1.6000000e+01
   6.5797750e+06   1.8000000e+01
   6.5805790e+06   1.7000000e+01
   6.5808520e+06   1.9000000e+01
   6.6333750e+06   1.6000000e+01
   6.6354120e+06   1.6000000e+01
   6.6364870e+06   1.7000000e+01
   6.6365380e+06   1.6000000e+01
   6.6368940e+06   1.6000000e+01
   6.6377470e+06   1.6000000e+01
   6.6389140e+06   1.7000000e+01
   6.6393210e+06   1.6000000e+01
   6.6399370e+06   1.6000000e+01
   6.6424650e+06   1.7000000e+01
   6.6877240e+06   1.6000000e+01
   6.6905790e+06   1.6000000e+01
   6.6961570e+06   1.6000000e+01
   6.6967840e+06   1.7000000e+01
   6.7380530e+06   1.7000000e+01
   6.7485250e+06   1.8000000e+01
   6.7488150e+06   1.6000000e+01
   6.7493790e+06   1.6000000e+01
   6.7507870e+06   1.8000000e+01
   6.7521240e+06   1.6000000e+01
   6.7533150e+06   1.6000000e+01
   6.7550140e+06   1.6000000e+01
   6.8063630e+06   1.8000000e+01
   6.8066990e+06   1.6000000e+01
   6.8085110e+06   1.7000000e+01
   6.8087220e+06   1.7000000e+01
   6.8092600e+06   1.6000000e+01
   6.8099450e+06   1.8000000e+01
   6.8152260e+06   1.6000000e+01
   6.8157910e+06   1.6000000e+01
   6.8614960e+06   1.7000000e+01
   6.8641180e+06   1.7000000e+01
   6.8642170e+06   1.6000000e+01
   6.8650100e+06   1.6000000e+01
   6.8655690e+06   1.6000000e+01
   6.9159970e+06   1.6000000e+01
   6.9162860e+06   1.6000000e+01
   6.9166650e+06   1.6000000e+01
   6.9195230e+06   1.6000000e+01
   6.9198070e+06   1.6000000e+01
   6.9681140e+06   1.6000000e+01
   6.9698940e+06   1.6000000e+01
   6.9708040e+06   1.8000000e+01
   6.9735620e+06   1.6000000e+01
   6.9768010e+06   1.6000000e+01
   6.9835430e+06   1.6000000e+01
   7.0247040e+06   1.7000000e+01
   7.0248010e+06   1.7000000e+01
   7.0253190e+06   1.6000000e+01
   7.0256800e+06   1.6000000e+01
   7.0274960e+06   1.6000000e+01
   7.0299410e+06   1.6000000e+01
   7.0305130e+06   1.6000000e+01
   7.0780330e+06   1.7000000e+01
   7.0784040e+06   1.9000000e+01
   7.0788770e+06   1.7000000e+01
   7.0793830e+06   1.6000000e+01
   7.0828280e+06   1.6000000e+01
   7.1399180e+06   1.7000000e+01
   7.1406990e+06   1.6000000e+01
   7.1409280e+06   1.7000000e+01
   7.1423110e+06   1.7000000e+01
   7.1443070e+06   1.7000000e+01
   7.1485460e+06   1.6000000e+01
   7.2082050e+06   1.6000000e+01
   7.2085460e+06   1.6000000e+01
   7.2086000e+06   1.6000000e+01
   7.2094940e+06   1.8000000e+01
   7.2096270e+06   1.8000000e+01
   7.2100010e+06   2.0000000e+01
   7.2111020e+06   1.6000000e+01
   7.2129160e+06   1.9000000e+01
   7.2132580e+06   1.7000000e+01
   7.2148640e+06   1.7000000e+01
   7.2165850e+06   1.7000000e+01
   7.2619780e+06   1.8000000e+01
   7.2625980e+06   1.6000000e+01
   7.2647170e+06   1.7000000e+01
   7.2649260e+06   1.9000000e+01
   7.2650870e+06   1.6000000e+01
   7.2656970e+06   1.7000000e+01
   7.2666910e+06   1.6000000e+01
   7.2675970e+06   1.7000000e+01
   7.2707570e+06   1.7000000e+01
   7.2730900e+06   1.7000000e+01
   7.3190710e+06   1.7000000e+01
   7.3201940e+06   1.7000000e+01
   7.3749860e+06   1.7000000e+01
   7.3750460e+06   1.6000000e+01
   7.3758310e+06   1.6000000e+01
   7.3765460e+06   1.6000000e+01
   7.3775840e+06   1.6000000e+01
   7.4174960e+06   1.7000000e+01
   7.4246700e+06   1.6000000e+01
   7.4261010e+06   1.6000000e+01
   7.4264700e+06   1.6000000e+01
   7.4265010e+06   1.6000000e+01
   7.4266250e+06   1.7000000e+01
   7.4278330e+06   1.9000000e+01
   7.4283200e+06   1.6000000e+01
   7.4301620e+06   1.8000000e+01
   7.4824360e+06   1.6000000e+01
   7.4827410e+06   1.6000000e+01
   7.4833350e+06   1.6000000e+01
   7.4835720e+06   1.7000000e+01
   7.4844800e+06   1.6000000e+01
   7.4849380e+06   1.6000000e+01
   7.4862550e+06   1.7000000e+01
   7.4868290e+06   1.6000000e+01
   7.4880810e+06   1.7000000e+01
