   7.5000000e+06   0.0000000e+00
   1.2347000e+04   1.4000000e+01
   5.1449000e+04   1.4000000e+01
   5.2691000e+04   1.4000000e+01
   5.2882000e+04   1.4000000e+01
   9.9380000e+04   1.5000000e+01
   1.4075200e+05   1.4000000e+01
   1.4226300e+05   1.6000000e+01
   1.8264800e+05   1.4000000e+01
   1.8354100e+05   1.4000000e+01
   2.2609500e+05   1.4000000e+01
   2.2721000e+05   1.4000000e+01
   2.2727000e+05   1.4000000e+01
   2.2828400e+05   1.5000000e+01
   2.6949500e+05   1.4000000e+01
   2.7021700e+05   1.4000000e+01
   2.7050100e+05   1.5000000e+01
   3.1784400e+05   1.5000000e+01
   3.1965100e+05   1.5000000e+01
   3.2006000e+05   1.6000000e+01
   3.2368500e+05   1.4000000e+01
   3.6171500e+05   1.5000000e+01
   3.6228200e+05   1.7000000e+01
   3.6593500e+05   1.4000000e+01
   4.5658300e+05   1.7000000e+01
   4.5694900e+05   1.4000000e+01
   4.5827500e+05   1.4000000e+01
   4.5904500e+05   1.8000000e+01
   4.6108600e+05   1.4000000e+01
   5.1016300e+05   1.4000000e+01
   5.5457700e+05   1.6000000e+01
   5.5891400e+05   1.4000000e+01
   6.0031000e+05   1.4000000e+01
   6.0147700e+05   1.5000000e+01
   6.4009200e+05   1.4000000e+01
   6.4191900e+05   1.4000000e+01
   6.4438200e+05   1.4000000e+01
   6.9023900e+05   1.5000000e+01
   6.9115300e+05   1.4000000e+01
   7.3393000e+05   1.4000000e+01
   7.3452500e+05   1.4000000e+01
   7.3562300e+05   1.4000000e+01
   7.3675600e+05   1.4000000e+01
   7.3927600e+05   1.4000000e+01
   7.8103500e+05   1.4000000e+01
   8.2694600e+05   1.5000000e+01
   8.2841500e+05   1.4000000e+01
   8.7126200e+05   1.4000000e+01
   9.1573700e+05   1.4000000e+01
   9.1916000e+05   1.4000000e+01
   9.6375200e+05   1.5000000e+01
   1.0069610e+06   1.5000000e+01
   1.0083710e+06   1.4000000e+01
   1.0114400e+06   1.5000000e+01
   1.0549080e+06   1.4000000e+01
   1.0561270e+06   1.5000000e+01
   1.1033060e+06   1.4000000e+01
   1.1482650e+06   1.4000000e+01
   1.1691340e+06   1.4000000e+01
   1.1884590e+06   1.4000000e+01
   1.1897000e+06   1.4000000e+01
   1.1897720e+06   1.6000000e+01
   1.1905750e+06   1.5000000e+01
   1.1935510e+06   1.4000000e+01
   1.2326560e+06   1.4000000e+01
   1.2802040e+06   1.4000000e+01
   1.2803930e+06   1.6000000e+01
   1.2817570e+06   1.5000000e+01
   1.3278950e+06   1.5000000e+01
   1.3279550e+06   1.4000000e+01
   1.3340330e+06   1.4000000e+01
   1.3709510e+06   1.4000000e+01
   1.3725380e+06   1.5000000e+01
   1.3730320e+06   1.4000000e+01
   1.4181740e+06   1.5000000e+01
   1.4185000e+06   1.5000000e+01
   1.4193520e+06   1.4000000e+01
   1.4654940e+06   1.5000000e+01
   1.4675720e+06   1.4000000e+01
   1.5115940e+06   1.5000000e+01
   1.5128330e+06   1.4000000e+01
   1.5567710e+06   1.6000000e+01
   1.5573490e+06   1.4000000e+01
   1.5592810e+06   1.4000000e+01
   1.5705150e+06   1.4000000e+01
   1.6499900e+06   1.4000000e+01
   1.6511750e+06   1.4000000e+01
   1.6968270e+06   1.5000000e+01
   1.7006070e+06   1.4000000e+01
   1.7445940e+06   1.4000000e+01
   1.7850370e+06   1.4000000e+01
   1.8357310e+06   1.4000000e+01
   1.8364680e+06   1.4000000e+01
   1.8778570e+06   1.6000000e+01
   1.8786470e+06   1.4000000e+01
   1.8829390e+06   1.4000000e+01
   1.9699590e+06   1.4000000e+01
   1.9714300e+06   1.4000000e+01
   1.9720830e+06   1.7000000e+01
   1.9725060e+06   1.6000000e+01
   1.9764630e+06   1.4000000e+01
   2.0219140e+06   1.4000000e+01
   2.0712220e+06   1.5000000e+01
   2.1184360e+06   1.5000000e+01
   2.1197440e+06   1.4000000e+01
   2.1698550e+06   1.6000000e+01
   2.1703320e+06   1.4000000e+01
   2.2143330e+06   1.4000000e+01
   2.2165040e+06   1.6000000e+01
   2.2173080e+06   1.4000000e+01
   2.2180390e+06   1.6000000e+01
   2.2622290e+06   1.4000000e+01
   2.2637140e+06   1.4000000e+01
   2.2650750e+06   1.4000000e+01
   2.3101850e+06   1.4000000e+01
   2.3109360e+06   1.4000000e+01
   2.3116360e+06   1.4000000e+01
   2.3129210e+06   1.4000000e+01
   2.3155550e+06   1.5000000e+01
   2.3407820e+06   1.4000000e+01
   2.3616050e+06   1.4000000e+01
   2.3644030e+06   1.4000000e+01
   2.3649750e+06   1.5000000e+01
   2.4075830e+06   1.4000000e+01
   2.4103340e+06   1.5000000e+01
   2.4538560e+06   1.4000000e+01
   2.4540930e+06   1.4000000e+01
   2.4542520e+06   1.5000000e+01
   2.4554620e+06   1.4000000e+01
   2.4573130e+06   1.4000000e+01
   2.4582490e+06   1.4000000e+01
   2.4585170e+06   1.5000000e+01
   2.5003830e+06   1.4000000e+01
   2.5038960e+06   1.4000000e+01
   2.5514910e+06   1.4000000e+01
   2.5521050e+06   1.5000000e+01
   2.5527090e+06   1.4000000e+01
   2.5535300e+06   1.4000000e+01
   2.5542150e+06   1.5000000e+01
   2.5573470e+06   1.4000000e+01
   2.6010850e+06   1.4000000e+01
   2.6012680e+06   1.4000000e+01
   2.6025680e+06   1.4000000e+01
   2.6029480e+06   1.5000000e+01
   2.6032240e+06   1.5000000e+01
   2.6487880e+06   1.5000000e+01
   2.6489040e+06   1.4000000e+01
   2.6496260e+06   1.5000000e+01
   2.6504040e+06   1.4000000e+01
   2.6511480e+06   1.5000000e+01
   2.7017670e+06   1.5000000e+01
   2.7032960e+06   1.4000000e+01
   2.7041350e+06   1.6000000e+01
   2.7513810e+06   1.4000000e+01
   2.7521860e+06   1.4000000e+01
   2.7533090e+06   1.5000000e+01
   2.7542260e+06   1.5000000e+01
   2.7961180e+06   1.4000000e+01
   2.8986380e+06   1.4000000e+01
   2.9443220e+06   1.5000000e+01
   3.0430790e+06   1.4000000e+01
   3.0439010e+06   1.4000000e+01
   3.0453110e+06   1.4000000e+01
   3.0914520e+06   1.5000000e+01
   3.0920150e+06   1.4000000e+01
   3.0921650e+06   1.4000000e+01
   3.0926880e+06   1.5000000e+01
   3.0931340e+06   1.4000000e+01
   3.0971010e+06   1.5000000e+01
   3.0986900e+06   1.7000000e+01
   3.1402400e+06   1.5000000e+01
   3.1403100e+06   1.4000000e+01
   3.1885900e+06   1.7000000e+01
   3.1899770e+06   1.6000000e+01
   3.1903400e+06   1.5000000e+01
   3.1910680e+06   1.4000000e+01
   3.2382470e+06   1.4000000e+01
   3.2420190e+06   1.4000000e+01
   3.2892170e+06   1.4000000e+01
   3.3424330e+06   1.4000000e+01
   3.3883490e+06   1.7000000e+01
   3.3921540e+06   1.5000000e+01
   3.3950010e+06   1.6000000e+01
   3.3952070e+06   1.5000000e+01
   3.4370800e+06   1.5000000e+01
   3.4371100e+06   1.4000000e+01
   3.4374100e+06   1.4000000e+01
   3.4396560e+06   1.4000000e+01
   3.4826320e+06   1.4000000e+01
   3.4835890e+06   1.5000000e+01
   3.4841090e+06   1.5000000e+01
   3.4845030e+06   1.4000000e+01
   3.4855010e+06   1.4000000e+01
   3.5356490e+06   1.5000000e+01
   3.5362380e+06   1.4000000e+01
   3.5365220e+06   1.4000000e+01
   3.5371500e+06   1.5000000e+01
   3.5377150e+06   1.5000000e+01
   3.5404040e+06   1.4000000e+01
   3.5620740e+06   1.4000000e+01
   3.5885890e+06   1.4000000e+01
   3.5887910e+06   1.4000000e+01
   3.6412210e+06   1.5000000e+01
   3.6872650e+06   1.4000000e+01
   3.6889680e+06   1.5000000e+01
   3.7248750e+06   1.4000000e+01
   3.7388380e+06   1.4000000e+01
   3.7399540e+06   1.4000000e+01
   3.7412020e+06   1.6000000e+01
   3.7918610e+06   1.4000000e+01
   3.7935270e+06   1.4000000e+01
   3.7960660e+06   1.5000000e+01
   3.8391870e+06   1.5000000e+01
   3.8928950e+06   1.4000000e+01
   3.8941000e+06   1.4000000e+01
   3.8949820e+06   1.4000000e+01
   3.9427120e+06   1.4000000e+01
   3.9429560e+06   1.5000000e+01
   3.9432050e+06   1.4000000e+01
   3.9461730e+06   1.4000000e+01
   4.0422980e+06   1.4000000e+01
   4.0450900e+06   1.4000000e+01
   4.0464260e+06   1.5000000e+01
   4.0943230e+06   1.4000000e+01
   4.0997240e+06   1.4000000e+01
   4.1013460e+06   1.5000000e+01
   4.1983110e+06   1.7000000e+01
   4.2008830e+06   1.5000000e+01
   4.2507150e+06   1.4000000e+01
   4.2515610e+06   1.5000000e+01
   4.2521840e+06   1.4000000e+01
   4.2526850e+06   1.6000000e+01
   4.2549670e+06   1.6000000e+01
   4.2989830e+06   1.4000000e+01
   4.3005420e+06   1.5000000e+01
   4.3474450e+06   1.4000000e+01
   4.3481580e+06   1.4000000e+01
   4.3487700e+06   1.4000000e+01
   4.3516590e+06   1.4000000e+01
   4.4031240e+06   1.5000000e+01
   4.4044040e+06   1.6000000e+01
   4.4046500e+06   1.4000000e+01
   4.4047620e+06   1.5000000e+01
   4.4084590e+06   1.4000000e+01
   4.4156810e+06   1.4000000e+01
   4.4542590e+06   1.5000000e+01
   4.4565630e+06   1.4000000e+01
   4.4571820e+06   1.6000000e+01
   4.5086300e+06   1.5000000e+01
   4.5575800e+06   1.4000000e+01
   4.5577690e+06   1.4000000e+01
   4.5600210e+06   1.4000000e+01
   4.5682260e+06   1.4000000e+01
   4.6103670e+06   1.4000000e+01
   4.6104370e+06   1.4000000e+01
   4.6104930e+06   1.5000000e+01
   4.6150990e+06   1.5000000e+01
   4.6366230e+06   1.4000000e+01
   4.7108010e+06   1.4000000e+01
   4.7141040e+06   1.4000000e+01
   4.7144900e+06   1.5000000e+01
   4.7153400e+06   1.4000000e+01
   4.7684540e+06   1.4000000e+01
   4.8204130e+06   1.4000000e+01
   4.8218430e+06   1.4000000e+01
   4.8229050e+06   1.4000000e+01
   4.8710390e+06   1.7000000e+01
   4.8719410e+06   1.6000000e+01
   4.8722480e+06   1.4000000e+01
   4.8725150e+06   1.4000000e+01
   4.8735280e+06   1.4000000e+01
   4.8753140e+06   1.4000000e+01
   4.8773820e+06   1.4000000e+01
   4.9220610e+06   1.6000000e+01
   4.9703030e+06   1.5000000e+01
   4.9714250e+06   1.4000000e+01
   4.9720350e+06   1.4000000e+01
   4.9727610e+06   1.4000000e+01
   4.9737260e+06   1.4000000e+01
   4.9751430e+06   1.4000000e+01
   5.0248570e+06   1.5000000e+01
   5.0269220e+06   1.4000000e+01
   5.0733330e+06   1.4000000e+01
   5.0757460e+06   1.6000000e+01
   5.0762830e+06   1.4000000e+01
   5.0764530e+06   1.4000000e+01
   5.0773950e+06   1.4000000e+01
   5.1257440e+06   1.4000000e+01
   5.1260290e+06   1.4000000e+01
   5.1264480e+06   1.4000000e+01
   5.1268720e+06   1.4000000e+01
   5.1288180e+06   1.4000000e+01
   5.1294110e+06   1.4000000e+01
   5.1311950e+06   1.4000000e+01
   5.1902540e+06   1.9000000e+01
   5.1926530e+06   1.4000000e+01
   5.1928590e+06   1.4000000e+01
   5.1943060e+06   1.5000000e+01
   5.1959280e+06   1.4000000e+01
   5.2388760e+06   1.4000000e+01
   5.2418120e+06   1.5000000e+01
   5.2437470e+06   1.5000000e+01
   5.2446040e+06   1.4000000e+01
   5.2938150e+06   1.4000000e+01
   5.2943280e+06   1.4000000e+01
   5.2951490e+06   1.4000000e+01
   5.2965960e+06   1.5000000e+01
   5.2973950e+06   1.4000000e+01
   5.2982210e+06   1.4000000e+01
   5.3470830e+06   1.4000000e+01
   5.3476020e+06   1.4000000e+01
   5.3478210e+06   1.7000000e+01
   5.3478570e+06   1.4000000e+01
   5.3500440e+06   1.4000000e+01
   5.4003060e+06   1.8000000e+01
   5.4003310e+06   1.5000000e+01
   5.4004410e+06   1.5000000e+01
   5.4009220e+06   1.5000000e+01
   5.4025370e+06   1.4000000e+01
   5.4547500e+06   1.4000000e+01
   5.4587710e+06   1.4000000e+01
   5.5084400e+06   1.5000000e+01
   5.5088550e+06   1.4000000e+01
   5.5092720e+06   1.4000000e+01
   5.5098100e+06   1.5000000e+01
   5.5663640e+06   1.4000000e+01
   5.5669810e+06   1.4000000e+01
   5.5678240e+06   1.5000000e+01
   5.6234060e+06   1.5000000e+01
   5.6695840e+06   1.4000000e+01
   5.7224570e+06   1.4000000e+01
   5.7229670e+06   1.5000000e+01
   5.7234800e+06   1.5000000e+01
   5.7267440e+06   1.5000000e+01
   5.7814820e+06   1.5000000e+01
   5.7817100e+06   1.4000000e+01
   5.7826380e+06   1.6000000e+01
   5.7864500e+06   1.4000000e+01
   5.8320950e+06   1.4000000e+01
   5.8330160e+06   1.4000000e+01
   5.8331910e+06   1.6000000e+01
   5.8334890e+06   1.4000000e+01
   5.8363900e+06   1.4000000e+01
   5.8380510e+06   1.4000000e+01
   5.8895000e+06   1.5000000e+01
   5.8923100e+06   1.4000000e+01
   5.8928360e+06   1.4000000e+01
   5.8930320e+06   1.5000000e+01
   5.8941930e+06   1.5000000e+01
   5.9487050e+06   1.4000000e+01
   5.9496860e+06   1.4000000e+01
   5.9515900e+06   1.4000000e+01
   5.9516190e+06   1.5000000e+01
   5.9521640e+06   1.4000000e+01
   6.0001520e+06   1.6000000e+01
   6.0023000e+06   1.4000000e+01
   6.0030980e+06   1.5000000e+01
   6.0039910e+06   1.7000000e+01
   6.0581470e+06   1.5000000e+01
   6.0589360e+06   1.5000000e+01
   6.0593890e+06   1.4000000e+01
   6.0618130e+06   1.4000000e+01
   6.0622940e+06   1.7000000e+01
   6.1201950e+06   1.4000000e+01
   6.1796330e+06   1.4000000e+01
   6.1798710e+06   1.4000000e+01
   6.1806240e+06   1.4000000e+01
   6.1811290e+06   1.5000000e+01
   6.1820170e+06   1.4000000e+01
   6.2312790e+06   1.4000000e+01
   6.2342720e+06   1.4000000e+01
   6.2353610e+06   1.6000000e+01
   6.2919700e+06   1.4000000e+01
   6.2953860e+06   1.4000000e+01
   6.2961660e+06   1.5000000e+01
   6.3444490e+06   1.4000000e+01
   6.3446480e+06   1.6000000e+01
   6.3471380e+06   1.4000000e+01
   6.4050060e+06   1.4000000e+01
   6.4052490e+06   1.4000000e+01
   6.4068950e+06   1.4000000e+01
   6.4085010e+06   1.4000000e+01
   6.4105110e+06   1.4000000e+01
   6.4136650e+06   1.4000000e+01
   6.4620660e+06   1.5000000e+01
   6.4628730e+06   1.4000000e+01
   6.4630850e+06   1.4000000e+01
   6.4633620e+06   1.5000000e+01
   6.4637090e+06   1.5000000e+01
   6.4638390e+06   1.5000000e+01
   6.4644200e+06   1.6000000e+01
   6.4647840e+06   1.5000000e+01
   6.4675020e+06   1.4000000e+01
   6.5212370e+06   1.4000000e+01
   6.5217790e+06   1.4000000e+01
   6.5239810e+06   1.4000000e+01
   6.5249940e+06   1.5000000e+01
   6.5756730e+06   1.4000000e+01
   6.5763610e+06   1.4000000e+01
   6.5765930e+06   1.4000000e+01
   6.6376740e+06   1.4000000e+01
   6.6378070e+06   1.4000000e+01
   6.6389170e+06   1.4000000e+01
   6.6399380e+06   1.5000000e+01
   6.6415650e+06   1.5000000e+01
   6.6420960e+06   1.4000000e+01
   6.6927450e+06   1.5000000e+01
   6.7502140e+06   1.4000000e+01
   6.7504690e+06   1.6000000e+01
   6.7513920e+06   1.4000000e+01
   6.7519830e+06   1.4000000e+01
   6.7520120e+06   1.4000000e+01
   6.7531530e+06   1.4000000e+01
   6.8063430e+06   1.4000000e+01
   6.8078530e+06   1.6000000e+01
   6.8084620e+06   1.4000000e+01
   6.8119670e+06   1.4000000e+01
   6.8636620e+06   1.5000000e+01
   6.8646280e+06   1.4000000e+01
   6.8674150e+06   1.4000000e+01
   6.9179730e+06   1.6000000e+01
   6.9198220e+06   1.5000000e+01
   6.9694130e+06   1.5000000e+01
   7.0250930e+06   1.4000000e+01
   7.0262580e+06   1.4000000e+01
   7.0284390e+06   1.4000000e+01
   7.0770990e+06   1.5000000e+01
   7.0788220e+06   1.4000000e+01
   7.0807270e+06   1.5000000e+01
   7.0807540e+06   1.5000000e+01
   7.2090070e+06   1.4000000e+01
   7.2093590e+06   1.4000000e+01
   7.2101290e+06   1.4000000e+01
   7.2102030e+06   1.6000000e+01
   7.3219760e+06   1.4000000e+01
   7.3231580e+06   1.4000000e+01
   7.3242770e+06   1.4000000e+01
   7.3745410e+06   1.4000000e+01
   7.3750430e+06   1.4000000e+01
   7.3759770e+06   1.4000000e+01
   7.3764590e+06   1.6000000e+01
   7.3776900e+06   1.4000000e+01
   7.3787500e+06   1.5000000e+01
   7.4265390e+06   1.5000000e+01
   7.4265930e+06   1.4000000e+01
   7.4268280e+06   1.4000000e+01
   7.4276990e+06   1.5000000e+01
