   3.0000000e+06   0.0000000e+00
   7.6550000e+04   4.1809082e+01
   7.6676000e+04   5.4382324e+01
   7.6694000e+04   5.7739258e+01
   7.6719000e+04   1.0369873e+02
   7.6729000e+04   1.1560059e+02
   7.6758000e+04   5.8044434e+01
   7.6780000e+04   9.2163086e+01
   7.6805000e+04   5.1147461e+01
   7.6824000e+04   8.8684082e+01
   7.6856000e+04   8.5083008e+01
   7.6869000e+04   5.8471680e+01
   7.6905000e+04   6.7626953e+01
   7.6916000e+04   3.9245605e+01
   7.6961000e+04   5.6945801e+01
   7.6987000e+04   5.1025391e+01
   7.7024000e+04   4.3029785e+01
   7.7057000e+04   4.3334961e+01
   7.7086000e+04   4.6691895e+01
   7.7241000e+04   4.1381836e+01
   7.7708000e+04   4.0832520e+01
   7.7892000e+04   4.0954590e+01
   7.7988000e+04   4.9804688e+01
   7.8047000e+04   5.1025391e+01
   7.8133000e+04   4.0588379e+01
   7.8171000e+04   4.1687012e+01
   7.8194000e+04   3.9978027e+01
   7.8271000e+04   4.3701172e+01
   7.8299000e+04   3.9245605e+01
   7.8332000e+04   3.9306641e+01
   7.8361000e+04   4.2114258e+01
   7.8392000e+04   5.1208496e+01
   7.8435000e+04   4.8339844e+01
   7.8500000e+04   4.1442871e+01
   7.8604000e+04   4.4982910e+01
   7.8614000e+04   4.4494629e+01
   7.8752000e+04   5.1208496e+01
   7.8781000e+04   4.0588379e+01
   7.8833000e+04   4.1564941e+01
   7.8873000e+04   4.9194336e+01
   7.8920000e+04   4.8645020e+01
   7.8998000e+04   4.4189453e+01
   7.9365000e+04   3.9550781e+01
   7.9413000e+04   4.5776367e+01
   7.9464000e+04   3.9367676e+01
   7.9512000e+04   4.8706055e+01
   7.9588000e+04   4.5104980e+01
   7.9598000e+04   3.9001465e+01
   7.9661000e+04   5.9265137e+01
   7.9787000e+04   6.3476563e+01
   7.9857000e+04   4.1687012e+01
   7.9968000e+04   4.3151855e+01
   8.0005000e+04   5.5786133e+01
   8.0201000e+04   4.0832520e+01
   8.0234000e+04   3.9978027e+01
   8.0461000e+04   4.2541504e+01
   8.0732000e+04   4.0161133e+01
   8.0891000e+04   4.2358398e+01
   8.0960000e+04   6.4086914e+01
   8.1055000e+04   4.4250488e+01
   8.1264000e+04   5.2001953e+01
   8.1445000e+04   5.1086426e+01
   8.1660000e+04   5.0598145e+01
   8.1864000e+04   4.8095703e+01
   8.3100000e+04   6.0302734e+01
   8.3346000e+04   5.5725098e+01
   9.2210000e+04   3.9489746e+01
   1.1494900e+05   4.0161133e+01
   1.4438600e+05   4.3457031e+01
   1.8929900e+05   4.0771484e+01
   2.0782400e+05   4.1381836e+01
   2.3573400e+05   3.9123535e+01
   2.4570100e+05   3.9855957e+01
   2.4577900e+05   5.9387207e+01
   2.4580200e+05   8.2885742e+01
   2.4583000e+05   2.3840332e+02
   2.4584200e+05   8.5205078e+01
   2.4585800e+05   1.0443115e+02
   2.4587200e+05   9.0698242e+01
   2.4590400e+05   9.3994141e+01
   2.4591600e+05   6.3903809e+01
   2.4594300e+05   5.7861328e+01
   2.4597700e+05   8.8500977e+01
   2.4598700e+05   5.3894043e+01
   2.4603000e+05   5.8715820e+01
   2.4604000e+05   6.5612793e+01
   2.4605400e+05   5.2795410e+01
   2.4607700e+05   4.9133301e+01
   2.4613300e+05   3.9978027e+01
   2.4614400e+05   3.9733887e+01
   2.4639500e+05   3.9855957e+01
   2.4692200e+05   4.0405273e+01
   2.4710800e+05   4.6875000e+01
   2.4719800e+05   4.4555664e+01
   2.4724600e+05   3.9672852e+01
   2.4730700e+05   4.7546387e+01
   2.4756900e+05   3.9916992e+01
   2.4761500e+05   4.7851563e+01
   2.4766500e+05   3.9733887e+01
   2.4773200e+05   4.3212891e+01
   2.4779300e+05   4.1320801e+01
   2.4793300e+05   4.2785645e+01
   2.4802200e+05   3.9794922e+01
   2.4806000e+05   3.9978027e+01
   2.4809000e+05   4.4433594e+01
   2.4810700e+05   4.2785645e+01
   2.4812100e+05   4.0893555e+01
   2.4815500e+05   3.9611816e+01
   2.4821500e+05   4.8889160e+01
   2.4823500e+05   3.9794922e+01
   2.4834000e+05   4.9682617e+01
   2.4839900e+05   4.3029785e+01
   2.4846400e+05   5.3955078e+01
   2.4858800e+05   4.0771484e+01
   2.4861100e+05   4.2846680e+01
   2.4874900e+05   4.6569824e+01
   2.4879700e+05   4.0527344e+01
   2.4884300e+05   4.8461914e+01
   2.4889800e+05   4.1625977e+01
   2.4906000e+05   5.3588867e+01
   2.4910600e+05   4.4555664e+01
   2.4922400e+05   4.5837402e+01
   2.4930600e+05   4.7973633e+01
   2.4941700e+05   5.2246094e+01
   2.4948100e+05   5.7373047e+01
   2.4958200e+05   6.6040039e+01
   2.4986500e+05   4.2419434e+01
   2.5005400e+05   4.2358398e+01
   2.5023200e+05   4.8034668e+01
   2.5040900e+05   4.2663574e+01
   2.5063600e+05   4.0527344e+01
   2.5086000e+05   4.5898438e+01
   2.5108200e+05   5.2490234e+01
   2.5126300e+05   5.1208496e+01
   2.5148000e+05   5.4260254e+01
   2.5177500e+05   4.8950195e+01
   2.6177500e+05   4.4250488e+01
   2.6271600e+05   3.9611816e+01
   2.6415400e+05   4.3579102e+01
   3.1617700e+05   4.2602539e+01
   3.3783800e+05   4.2053223e+01
   3.6238100e+05   4.0283203e+01
   3.6444700e+05   4.4372559e+01
   3.6449500e+05   4.7363281e+01
   3.6452500e+05   4.5471191e+01
   3.6454000e+05   1.4123535e+02
   3.6455000e+05   2.0843506e+02
   3.6457300e+05   5.5236816e+01
   3.6458500e+05   1.1578369e+02
   3.6460000e+05   1.0974121e+02
   3.6461900e+05   7.6049805e+01
   3.6464400e+05   8.4350586e+01
   3.6467500e+05   9.6252441e+01
   3.6469800e+05   7.3730469e+01
   3.6473000e+05   7.8552246e+01
   3.6475500e+05   6.4392090e+01
   3.6479200e+05   4.0405273e+01
   3.6480600e+05   4.9255371e+01
   3.6483700e+05   4.6997070e+01
   3.6489300e+05   4.3212891e+01
   3.6494400e+05   4.0039063e+01
   3.6512400e+05   4.3945313e+01
   3.6528900e+05   3.9306641e+01
   3.6562500e+05   3.9306641e+01
   3.6568400e+05   3.9855957e+01
   3.6578400e+05   4.1687012e+01
   3.6584100e+05   4.4250488e+01
   3.6585600e+05   4.0039063e+01
   3.6598200e+05   4.5349121e+01
   3.6605900e+05   3.9001465e+01
   3.6611700e+05   3.9978027e+01
   3.6617000e+05   4.5227051e+01
   3.6622100e+05   4.6875000e+01
   3.6626700e+05   4.3029785e+01
   3.6630400e+05   5.1269531e+01
   3.6644100e+05   4.7607422e+01
   3.6649100e+05   3.9489746e+01
   3.6653900e+05   4.8889160e+01
   3.6657500e+05   3.9794922e+01
   3.6661400e+05   6.7749023e+01
   3.6665100e+05   4.5410156e+01
   3.6666300e+05   4.2053223e+01
   3.6678300e+05   5.0720215e+01
   3.6681600e+05   3.9367676e+01
   3.6694500e+05   5.6335449e+01
   3.6712500e+05   4.0466309e+01
   3.6726000e+05   3.9916992e+01
   3.6737300e+05   4.0100098e+01
   3.6739700e+05   3.9062500e+01
   3.6744700e+05   4.4982910e+01
   3.6752200e+05   4.6447754e+01
   3.6766500e+05   4.4555664e+01
   3.6786900e+05   4.6081543e+01
   3.6804700e+05   6.0668945e+01
   3.6818000e+05   4.5898438e+01
   3.6826300e+05   6.9030762e+01
   3.6837300e+05   5.4687500e+01
   3.6856600e+05   6.2805176e+01
   3.6864700e+05   4.0771484e+01
   3.6875400e+05   6.2988281e+01
   3.6883800e+05   3.9978027e+01
   3.6899500e+05   4.4555664e+01
   3.6916900e+05   4.4555664e+01
   3.6937300e+05   4.9133301e+01
   3.6957400e+05   5.0720215e+01
   3.6984100e+05   4.6569824e+01
   3.8166400e+05   7.5927734e+01
   3.8174700e+05   5.0354004e+01
   3.8177500e+05   1.1376953e+02
   3.8179700e+05   7.4279785e+01
   3.8182600e+05   1.0162354e+02
   3.8185900e+05   6.7199707e+01
   3.8187400e+05   7.7270508e+01
   3.8190900e+05   1.1901855e+02
   3.8193600e+05   4.4433594e+01
   3.8195700e+05   9.6496582e+01
   3.8197300e+05   5.1818848e+01
   3.8199100e+05   8.3312988e+01
   3.8201100e+05   6.2377930e+01
   3.8203800e+05   6.2255859e+01
   3.8206400e+05   6.3842773e+01
   3.8209400e+05   6.4392090e+01
   3.8211200e+05   5.9814453e+01
   3.8214300e+05   5.9997559e+01
   3.8215900e+05   4.9743652e+01
   3.8218000e+05   5.8898926e+01
   3.8219600e+05   4.6325684e+01
   3.8223600e+05   4.2724609e+01
   3.8227200e+05   4.1076660e+01
   3.8229600e+05   4.2480469e+01
   3.8231500e+05   4.5837402e+01
   3.8235500e+05   4.3762207e+01
   3.8240000e+05   4.1503906e+01
   3.8249700e+05   4.2114258e+01
   3.8253700e+05   4.1320801e+01
   3.8258700e+05   4.1015625e+01
   3.8271500e+05   3.9550781e+01
   3.8291200e+05   4.1320801e+01
   3.8293000e+05   4.1198730e+01
   3.8311800e+05   4.2419434e+01
   3.8322600e+05   4.0222168e+01
   3.8338600e+05   4.0283203e+01
   3.8339700e+05   4.0344238e+01
   3.8377600e+05   4.8706055e+01
   3.8410200e+05   4.9865723e+01
   3.8426400e+05   4.9926758e+01
   3.8442400e+05   4.2236328e+01
   3.8447100e+05   6.0485840e+01
   3.8451000e+05   4.2846680e+01
   3.8471400e+05   6.3354492e+01
   3.8478200e+05   5.2978516e+01
   3.8490000e+05   4.2114258e+01
   3.8525000e+05   4.3029785e+01
   3.8542000e+05   5.7312012e+01
   3.8582500e+05   4.1137695e+01
   3.8604400e+05   4.5043945e+01
   3.8627900e+05   5.3955078e+01
   3.8679600e+05   4.5104980e+01
   3.8714700e+05   4.9743652e+01
   3.8741600e+05   4.3518066e+01
   3.8799500e+05   5.4870605e+01
   3.9544600e+05   7.1838379e+01
   3.9550800e+05   9.0942383e+01
   3.9555900e+05   4.1931152e+01
   3.9563300e+05   5.6640625e+01
   3.9568400e+05   4.4311523e+01
   3.9575400e+05   9.6130371e+01
   3.9576400e+05   6.5795898e+01
   3.9579800e+05   1.1541748e+02
   3.9582400e+05   5.5480957e+01
   3.9584400e+05   5.2062988e+01
   3.9585500e+05   4.8828125e+01
   3.9588600e+05   6.4880371e+01
   3.9590400e+05   6.9885254e+01
   3.9591800e+05   6.9213867e+01
   3.9593800e+05   4.3212891e+01
   3.9595200e+05   4.6691895e+01
   3.9596700e+05   6.1218262e+01
   3.9599200e+05   7.6293945e+01
   3.9602300e+05   5.2490234e+01
   3.9604200e+05   4.6386719e+01
   3.9605800e+05   4.8156738e+01
   3.9608100e+05   4.5288086e+01
   3.9611200e+05   8.3618164e+01
   3.9613800e+05   4.4555664e+01
   3.9615400e+05   5.4687500e+01
   3.9619100e+05   3.9550781e+01
   3.9621200e+05   5.3100586e+01
   3.9625300e+05   4.2236328e+01
   3.9627800e+05   5.1025391e+01
   3.9632500e+05   5.4260254e+01
   3.9634300e+05   4.6264648e+01
   3.9637600e+05   4.6142578e+01
   3.9644300e+05   5.7128906e+01
   3.9646100e+05   4.1320801e+01
   3.9647800e+05   3.9733887e+01
   3.9655000e+05   3.9550781e+01
   3.9657900e+05   4.0466309e+01
   3.9669100e+05   3.9489746e+01
   3.9678700e+05   4.7790527e+01
   3.9685100e+05   5.0537109e+01
   3.9704000e+05   4.5593262e+01
   3.9727500e+05   3.9489746e+01
   3.9733600e+05   4.0161133e+01
   3.9756600e+05   3.9062500e+01
   3.9758500e+05   5.0537109e+01
   3.9792600e+05   4.2358398e+01
   3.9810000e+05   4.0283203e+01
   3.9811900e+05   4.0527344e+01
   3.9829700e+05   8.3068848e+01
   3.9851500e+05   6.3415527e+01
   4.0002700e+05   4.9438477e+01
   4.0026700e+05   4.1381836e+01
   4.0048800e+05   4.5532227e+01
   4.0075900e+05   4.2175293e+01
   4.0165400e+05   4.3640137e+01
   4.0669200e+05   5.3588867e+01
   4.0699800e+05   5.3710938e+01
   4.0719500e+05   3.9245605e+01
   4.0723600e+05   5.9509277e+01
   4.0744400e+05   4.8461914e+01
   4.0749600e+05   8.8317871e+01
   4.0752900e+05   8.3496094e+01
   4.0755400e+05   4.3395996e+01
   4.0764100e+05   8.1115723e+01
   4.0767300e+05   1.0339355e+02
   4.0768600e+05   4.1076660e+01
   4.0771400e+05   4.8522949e+01
   4.0772600e+05   5.0170898e+01
   4.0778700e+05   7.1777344e+01
   4.0780400e+05   7.1777344e+01
   4.0783300e+05   4.6936035e+01
   4.0787000e+05   4.3334961e+01
   4.0788300e+05   5.6091309e+01
   4.0790500e+05   5.3955078e+01
   4.0793000e+05   5.4687500e+01
   4.0794300e+05   4.1015625e+01
   4.0796700e+05   4.0100098e+01
   4.0799800e+05   4.0954590e+01
   4.0800800e+05   5.4382324e+01
   4.0804800e+05   5.8166504e+01
   4.0806900e+05   4.1809082e+01
   4.0809300e+05   3.9306641e+01
   4.0811400e+05   4.6691895e+01
   4.0816000e+05   4.2053223e+01
   4.0817800e+05   4.0466309e+01
   4.0818900e+05   4.2541504e+01
   4.0827600e+05   4.7668457e+01
   4.0828800e+05   4.4616699e+01
   4.0835400e+05   4.2602539e+01
   4.0839200e+05   3.9062500e+01
   4.0842000e+05   4.0893555e+01
   4.0846900e+05   4.7119141e+01
   4.0860200e+05   4.0283203e+01
   4.0873500e+05   4.5227051e+01
   4.0875500e+05   4.1076660e+01
   4.0912100e+05   3.9978027e+01
   4.0938100e+05   4.2480469e+01
   4.0955700e+05   4.3518066e+01
   4.0972900e+05   4.0161133e+01
   4.0996900e+05   4.2480469e+01
   4.1218500e+05   4.1137695e+01
   4.1247600e+05   5.4992676e+01
   4.1279900e+05   4.0710449e+01
   4.1313600e+05   4.7790527e+01
   4.1838200e+05   4.6936035e+01
   4.1863900e+05   5.8776855e+01
   4.1893000e+05   4.3212891e+01
   4.1917200e+05   5.2490234e+01
   4.1926300e+05   8.6181641e+01
   4.1927800e+05   3.9794922e+01
   4.1937500e+05   3.9306641e+01
   4.1947500e+05   9.6008301e+01
   4.1950500e+05   3.9184570e+01
   4.1951500e+05   1.0949707e+02
   4.1954300e+05   5.0903320e+01
   4.1956800e+05   4.3334961e+01
   4.1962300e+05   1.0815430e+02
   4.1963400e+05   4.4677734e+01
   4.1966900e+05   8.7158203e+01
   4.1969700e+05   5.1025391e+01
   4.1977100e+05   5.7617188e+01
   4.1979200e+05   7.2875977e+01
   4.1983000e+05   5.5908203e+01
   4.1986900e+05   4.6813965e+01
   4.1988200e+05   5.3039551e+01
   4.1990900e+05   7.0251465e+01
   4.1992300e+05   4.8461914e+01
   4.1993800e+05   4.8889160e+01
   4.1995100e+05   4.3457031e+01
   4.1997800e+05   4.4555664e+01
   4.2003700e+05   5.7495117e+01
   4.2004800e+05   5.4199219e+01
   4.2007000e+05   5.0231934e+01
   4.2016100e+05   7.1350098e+01
   4.2017100e+05   7.9833984e+01
   4.2019800e+05   4.0344238e+01
   4.2029400e+05   3.9123535e+01
   4.2032100e+05   4.2419434e+01
   4.2082000e+05   3.9916992e+01
   4.2091500e+05   4.1320801e+01
   4.2105100e+05   4.2358398e+01
   4.2323800e+05   4.2907715e+01
   4.2355900e+05   4.6997070e+01
   4.2383100e+05   4.1381836e+01
   4.2411400e+05   4.4311523e+01
   4.3047100e+05   6.1340332e+01
   4.3069000e+05   5.0720215e+01
   4.3094000e+05   7.2631836e+01
   4.3098100e+05   3.9245605e+01
   4.3100300e+05   5.4260254e+01
   4.3102900e+05   4.1870117e+01
   4.3105900e+05   9.9060059e+01
   4.3107600e+05   9.9609375e+01
   4.3110900e+05   6.1523438e+01
   4.3114400e+05   6.0241699e+01
   4.3118700e+05   5.9753418e+01
   4.3121400e+05   9.4238281e+01
   4.3123900e+05   4.8828125e+01
   4.3125600e+05   4.2602539e+01
   4.3129600e+05   7.9467773e+01
   4.3131000e+05   3.9184570e+01
   4.3134500e+05   8.5449219e+01
   4.3137100e+05   4.9011230e+01
   4.3139300e+05   4.5471191e+01
   4.3141700e+05   5.8105469e+01
   4.3143800e+05   5.0537109e+01
   4.3146600e+05   5.4199219e+01
   4.3148200e+05   4.1259766e+01
   4.3150700e+05   5.0354004e+01
   4.3156000e+05   6.7687988e+01
   4.3159500e+05   7.4890137e+01
   4.3160700e+05   5.4992676e+01
   4.3163700e+05   4.8034668e+01
   4.3166500e+05   4.9438477e+01
   4.3170800e+05   5.0842285e+01
   4.3173600e+05   6.0302734e+01
   4.3181600e+05   3.9428711e+01
   4.3190400e+05   5.0170898e+01
   4.3195600e+05   3.9733887e+01
   4.3197200e+05   4.2175293e+01
   4.3200300e+05   4.6386719e+01
   4.3237400e+05   4.1809082e+01
   4.3267200e+05   4.0710449e+01
   4.3293000e+05   4.8461914e+01
   4.3311900e+05   4.4982910e+01
   4.3335800e+05   6.0913086e+01
   4.3436400e+05   4.4738770e+01
   4.3516500e+05   3.8940430e+01
   4.3542100e+05   3.9428711e+01
   4.3571600e+05   4.0893555e+01
   4.3607400e+05   4.7485352e+01
   4.3643300e+05   4.8156738e+01
   4.3679600e+05   4.2419434e+01
   4.4149100e+05   5.5114746e+01
   4.4206300e+05   5.1330566e+01
   4.4405700e+05   5.6945801e+01
   4.4434100e+05   4.9987793e+01
   4.4437300e+05   8.8745117e+01
   4.4454800e+05   4.6020508e+01
   4.4458700e+05   1.3354492e+02
   4.4459700e+05   8.4289551e+01
   4.4462600e+05   6.5490723e+01
   4.4464100e+05   4.1992188e+01
   4.4469200e+05   4.3212891e+01
   4.4471600e+05   1.0040283e+02
   4.4472900e+05   9.5520020e+01
   4.4476400e+05   4.1198730e+01
   4.4477900e+05   5.7678223e+01
   4.4479300e+05   3.9611816e+01
   4.4483400e+05   5.6701660e+01
   4.4486800e+05   6.3903809e+01
   4.4488800e+05   4.6875000e+01
   4.4492000e+05   5.3588867e+01
   4.4495200e+05   3.9001465e+01
   4.4496600e+05   6.6589355e+01
   4.4500500e+05   5.1696777e+01
   4.4503700e+05   4.9011230e+01
   4.4504900e+05   5.1147461e+01
   4.4507800e+05   4.7607422e+01
   4.4511700e+05   4.2236328e+01
   4.4512800e+05   6.2316895e+01
   4.4520500e+05   4.3029785e+01
   4.4525200e+05   4.0161133e+01
   4.4526800e+05   4.6447754e+01
   4.4529800e+05   4.1625977e+01
   4.4541200e+05   4.7058105e+01
   4.4549100e+05   4.1015625e+01
   4.4562900e+05   4.7607422e+01
   4.4589700e+05   3.9550781e+01
   4.4607100e+05   4.1748047e+01
   4.4669000e+05   4.7607422e+01
   4.4689700e+05   4.3029785e+01
   4.4903200e+05   3.9245605e+01
   4.4930900e+05   3.9916992e+01
   4.4964700e+05   3.9062500e+01
   4.4994400e+05   4.1992188e+01
   4.5169800e+05   4.8645020e+01
   4.5382700e+05   5.0537109e+01
   4.5472600e+05   5.3405762e+01
   4.5502700e+05   4.7851563e+01
   4.5533300e+05   4.1381836e+01
   4.5537800e+05   4.0832520e+01
   4.5540700e+05   7.3425293e+01
   4.5547800e+05   3.9367676e+01
   4.5562200e+05   4.3212891e+01
   4.5563200e+05   4.9865723e+01
   4.5567400e+05   8.8317871e+01
   4.5575400e+05   9.2224121e+01
   4.5580700e+05   5.8349609e+01
   4.5585600e+05   9.5275879e+01
   4.5592000e+05   9.7839355e+01
   4.5593000e+05   4.1381836e+01
   4.5595600e+05   4.0954590e+01
   4.5601900e+05   7.9345703e+01
   4.5605200e+05   5.1147461e+01
   4.5607000e+05   5.9570313e+01
   4.5614500e+05   3.9611816e+01
   4.5618200e+05   5.1818848e+01
   4.5619900e+05   4.7912598e+01
   4.5625600e+05   4.5471191e+01
   4.5627400e+05   4.5532227e+01
   4.5632600e+05   7.8918457e+01
   4.5633600e+05   4.9011230e+01
   4.5646200e+05   4.6875000e+01
   4.5649500e+05   3.9916992e+01
   4.5650500e+05   4.6813965e+01
   4.5653100e+05   4.4738770e+01
   4.5661700e+05   4.1320801e+01
   4.5663100e+05   6.2377930e+01
   4.5675900e+05   4.8278809e+01
   4.5690200e+05   4.2114258e+01
   4.5702000e+05   4.2846680e+01
   4.5736000e+05   5.1452637e+01
   4.5779600e+05   5.2124023e+01
   4.5803100e+05   5.6274414e+01
   4.5840000e+05   5.9997559e+01
   4.6045300e+05   4.1625977e+01
   4.6087600e+05   4.2480469e+01
   4.6117500e+05   4.8278809e+01
   4.6199200e+05   4.3457031e+01
   4.6247100e+05   4.8828125e+01
   4.6626700e+05   5.2734375e+01
   4.6662100e+05   4.5654297e+01
   4.6671600e+05   4.2419434e+01
   4.6692200e+05   5.4382324e+01
   4.6693600e+05   9.0820313e+01
   4.6697000e+05   4.8767090e+01
   4.6700400e+05   4.8034668e+01
   4.6706800e+05   9.9670410e+01
   4.6711100e+05   4.4250488e+01
   4.6713600e+05   9.0881348e+01
   4.6715100e+05   4.0710449e+01
   4.6717800e+05   5.9082031e+01
   4.6721400e+05   4.5227051e+01
   4.6722500e+05   9.2590332e+01
   4.6726800e+05   4.4555664e+01
   4.6729100e+05   8.5571289e+01
   4.6734200e+05   7.1472168e+01
   4.6737300e+05   6.6345215e+01
   4.6742900e+05   4.7790527e+01
   4.6744300e+05   5.2917480e+01
   4.6749200e+05   4.0954590e+01
   4.6750900e+05   4.6386719e+01
   4.6753100e+05   5.0842285e+01
   4.6758100e+05   6.5063477e+01
   4.6759300e+05   5.4443359e+01
   4.6763600e+05   6.5307617e+01
   4.6765500e+05   4.3945313e+01
   4.6769800e+05   4.1259766e+01
   4.6771200e+05   4.1503906e+01
   4.6776000e+05   4.9438477e+01
   4.6779300e+05   4.2724609e+01
   4.6787300e+05   5.1452637e+01
   4.6794800e+05   4.5898438e+01
   4.6798100e+05   3.9428711e+01
   4.6808200e+05   5.3039551e+01
   4.6809400e+05   5.3710938e+01
   4.6823600e+05   4.1076660e+01
   4.6856200e+05   4.0466309e+01
   4.6870400e+05   4.0039063e+01
   4.6881800e+05   5.2307129e+01
   4.6899800e+05   3.9855957e+01
   4.6928500e+05   5.0659180e+01
   4.6954400e+05   5.0537109e+01
   4.7133600e+05   5.0170898e+01
   4.7350700e+05   4.0100098e+01
   4.7391300e+05   4.6875000e+01
   4.7617200e+05   4.7485352e+01
   4.7752800e+05   4.2175293e+01
   4.7877900e+05   5.2795410e+01
   4.8193100e+05   3.9367676e+01
   4.8201300e+05   7.0129395e+01
   4.8231900e+05   5.1879883e+01
   4.8256500e+05   4.6081543e+01
   4.8261100e+05   8.2824707e+01
   4.8272700e+05   3.9672852e+01
   4.8274300e+05   1.1395264e+02
   4.8275400e+05   5.4077148e+01
   4.8278500e+05   8.2641602e+01
   4.8280500e+05   4.6936035e+01
   4.8284600e+05   5.2917480e+01
   4.8287500e+05   1.1541748e+02
   4.8290000e+05   5.5297852e+01
   4.8291700e+05   5.2551270e+01
   4.8294200e+05   4.0649414e+01
   4.8298900e+05   7.0312500e+01
   4.8300100e+05   7.1960449e+01
   4.8302400e+05   3.8940430e+01
   4.8304400e+05   5.2429199e+01
   4.8306800e+05   5.1269531e+01
   4.8308500e+05   4.9743652e+01
   4.8311300e+05   5.5053711e+01
   4.8312800e+05   4.6875000e+01
   4.8316800e+05   4.2785645e+01
   4.8317800e+05   5.6152344e+01
   4.8321000e+05   5.9814453e+01
   4.8322200e+05   6.1706543e+01
   4.8328400e+05   4.5349121e+01
   4.8330700e+05   4.0344238e+01
   4.8334100e+05   5.7495117e+01
   4.8336400e+05   4.7485352e+01
   4.8343400e+05   5.9875488e+01
   4.8345700e+05   4.1259766e+01
   4.8349200e+05   4.1748047e+01
   4.8358900e+05   4.9377441e+01
   4.8372700e+05   4.7180176e+01
   4.8393800e+05   4.0283203e+01
   4.8478100e+05   4.2907715e+01
   4.8496200e+05   4.8522949e+01
   4.8521500e+05   4.6142578e+01
   4.8547100e+05   5.2429199e+01
   4.8716300e+05   4.2724609e+01
   4.8744000e+05   4.3579102e+01
   4.8808600e+05   4.2053223e+01
   4.8948100e+05   5.4016113e+01
   4.8988300e+05   4.9438477e+01
   4.9041000e+05   5.0598145e+01
   4.9186300e+05   6.2866211e+01
   4.9457800e+05   4.1137695e+01
   4.9485200e+05   4.7485352e+01
   4.9516000e+05   4.5593262e+01
   4.9536100e+05   7.6782227e+01
   4.9537900e+05   4.9255371e+01
   4.9543300e+05   4.1809082e+01
   4.9546000e+05   1.0125732e+02
   4.9551200e+05   7.2204590e+01
   4.9554400e+05   1.0662842e+02
   4.9560300e+05   1.2548828e+02
   4.9562400e+05   4.2724609e+01
   4.9565700e+05   4.1442871e+01
   4.9567100e+05   4.7790527e+01
   4.9569500e+05   5.2062988e+01
   4.9573800e+05   6.0058594e+01
   4.9578800e+05   5.2673340e+01
   4.9580000e+05   4.4372559e+01
   4.9583400e+05   8.0993652e+01
   4.9586100e+05   4.5959473e+01
   4.9591500e+05   4.4189453e+01
   4.9594800e+05   4.2907715e+01
   4.9599600e+05   1.0388184e+02
   4.9603600e+05   4.7790527e+01
   4.9613100e+05   4.2541504e+01
   4.9616900e+05   4.1625977e+01
   4.9623000e+05   4.8461914e+01
   4.9624100e+05   3.9916992e+01
   4.9628600e+05   4.3945313e+01
   4.9630700e+05   4.0344238e+01
   4.9643900e+05   4.4311523e+01
   4.9647000e+05   3.9794922e+01
   4.9668600e+05   3.9978027e+01
   4.9681600e+05   4.1625977e+01
   4.9704000e+05   4.1442871e+01
   4.9743400e+05   4.6997070e+01
   4.9792300e+05   5.2246094e+01
   4.9821200e+05   5.9204102e+01
   4.9938700e+05   4.1687012e+01
   5.0066800e+05   3.9733887e+01
   5.0102200e+05   4.2419434e+01
   5.0139700e+05   4.0588379e+01
   5.0179800e+05   4.1015625e+01
   5.0276300e+05   5.1452637e+01
   5.0529600e+05   6.8664551e+01
   5.0752700e+05   6.5063477e+01
   5.0776600e+05   5.0048828e+01
   5.0779900e+05   7.3730469e+01
   5.0797400e+05   3.9550781e+01
   5.0799600e+05   4.4372559e+01
   5.0801400e+05   7.7087402e+01
   5.0803200e+05   9.5581055e+01
   5.0804700e+05   4.3762207e+01
   5.0811700e+05   5.8288574e+01
   5.0816800e+05   7.4401855e+01
   5.0819200e+05   4.3823242e+01
   5.0825800e+05   6.2866211e+01
   5.0830400e+05   4.9743652e+01
   5.0832400e+05   8.4472656e+01
   5.0835400e+05   4.0588379e+01
   5.0839400e+05   4.1931152e+01
   5.0840600e+05   3.9916992e+01
   5.0843900e+05   4.1137695e+01
   5.0845300e+05   5.2429199e+01
   5.0847000e+05   4.3457031e+01
   5.0850000e+05   4.4799805e+01
   5.0851200e+05   3.9489746e+01
   5.0855200e+05   4.4555664e+01
   5.0859100e+05   6.9274902e+01
   5.0864700e+05   4.5410156e+01
   5.0866800e+05   4.0222168e+01
   5.0871500e+05   4.3884277e+01
   5.0874600e+05   5.5053711e+01
   5.0876400e+05   5.2307129e+01
   5.0885600e+05   4.2663574e+01
   5.0889400e+05   4.5837402e+01
   5.0893900e+05   3.9611816e+01
   5.0902500e+05   3.9733887e+01
   5.0904700e+05   4.7912598e+01
   5.0931100e+05   4.4616699e+01
   5.1029400e+05   4.7912598e+01
   5.1158500e+05   3.9916992e+01
   5.1316900e+05   3.9855957e+01
   5.1355400e+05   4.5043945e+01
   5.1455900e+05   4.2053223e+01
   5.1799500e+05   5.1391602e+01
   5.1942400e+05   4.1687012e+01
   5.1978500e+05   4.4921875e+01
   5.2006700e+05   8.0566406e+01
   5.2030800e+05   5.4931641e+01
   5.2032800e+05   7.6293945e+01
   5.2035800e+05   9.6618652e+01
   5.2043200e+05   4.0466309e+01
   5.2045100e+05   4.5166016e+01
   5.2051700e+05   1.4044189e+02
   5.2052800e+05   5.6030273e+01
   5.2054200e+05   4.3090820e+01
   5.2057100e+05   4.1015625e+01
   5.2064100e+05   5.1879883e+01
   5.2066600e+05   6.7993164e+01
   5.2068700e+05   5.1025391e+01
   5.2075800e+05   4.4311523e+01
   5.2077600e+05   4.6203613e+01
   5.2080700e+05   7.7270508e+01
   5.2083900e+05   5.9265137e+01
   5.2087900e+05   4.5959473e+01
   5.2090200e+05   4.2480469e+01
   5.2094800e+05   5.2856445e+01
   5.2098800e+05   4.4372559e+01
   5.2100600e+05   4.0588379e+01
   5.2104400e+05   4.5288086e+01
   5.2113700e+05   4.1870117e+01
   5.2117800e+05   4.3273926e+01
   5.2121400e+05   4.6325684e+01
   5.2127800e+05   6.9091797e+01
   5.2134200e+05   4.0893555e+01
   5.2137600e+05   5.5480957e+01
   5.2151500e+05   3.9428711e+01
   5.2168500e+05   3.9794922e+01
   5.2240800e+05   4.0039063e+01
   5.2425300e+05   4.1320801e+01
   5.2485100e+05   4.0222168e+01
   5.2521400e+05   4.4921875e+01
   5.2560700e+05   4.0832520e+01
   5.2650200e+05   4.4555664e+01
   5.2974000e+05   5.3894043e+01
   5.3311000e+05   6.1828613e+01
   5.3345000e+05   5.7189941e+01
   5.3373400e+05   4.1198730e+01
   5.3375500e+05   8.6120605e+01
   5.3381000e+05   3.9611816e+01
   5.3391300e+05   5.2124023e+01
   5.3393500e+05   1.0644531e+02
   5.3395000e+05   7.0434570e+01
   5.3398800e+05   4.2968750e+01
   5.3400400e+05   7.2692871e+01
   5.3405200e+05   4.5898438e+01
   5.3407300e+05   8.1298828e+01
   5.3408400e+05   4.1076660e+01
   5.3410100e+05   4.1320801e+01
   5.3412400e+05   6.0913086e+01
   5.3414000e+05   4.4677734e+01
   5.3421300e+05   1.0046387e+02
   5.3423800e+05   3.9123535e+01
   5.3424800e+05   4.9377441e+01
   5.3427800e+05   4.9865723e+01
   5.3433000e+05   5.8166504e+01
   5.3434200e+05   5.6152344e+01
   5.3439900e+05   4.6508789e+01
   5.3443000e+05   4.9926758e+01
   5.3446000e+05   4.3518066e+01
   5.3447500e+05   4.1992188e+01
   5.3449600e+05   6.2988281e+01
   5.3452900e+05   4.4921875e+01
   5.3457100e+05   4.5410156e+01
   5.3461700e+05   8.1298828e+01
   5.3464400e+05   4.0222168e+01
   5.3467500e+05   4.7790527e+01
   5.3470900e+05   4.6875000e+01
   5.3475500e+05   4.7119141e+01
   5.3478900e+05   5.1391602e+01
   5.3484100e+05   5.7067871e+01
   5.3494900e+05   3.9062500e+01
   5.3496400e+05   3.9855957e+01
   5.3638500e+05   4.0466309e+01
   5.3665200e+05   5.7983398e+01
   5.3934300e+05   4.2968750e+01
   5.3969500e+05   4.7241211e+01
   5.4563100e+05   5.1513672e+01
   5.5550100e+05   7.2143555e+01
   5.5591900e+05   5.3955078e+01
   5.5595800e+05   4.0710449e+01
   5.5617800e+05   5.3100586e+01
   5.5622300e+05   4.0466309e+01
   5.5639900e+05   5.0170898e+01
   5.5641700e+05   9.5825195e+01
   5.5652300e+05   1.0101318e+02
   5.5656500e+05   4.7790527e+01
   5.5657900e+05   1.0528564e+02
   5.5664400e+05   8.1481934e+01
   5.5667300e+05   6.3842773e+01
   5.5669800e+05   7.4584961e+01
   5.5671300e+05   3.8940430e+01
   5.5675600e+05   7.4707031e+01
   5.5678000e+05   5.0170898e+01
   5.5680000e+05   7.2021484e+01
   5.5681400e+05   6.7382813e+01
   5.5684100e+05   4.1076660e+01
   5.5685900e+05   4.3395996e+01
   5.5691400e+05   4.7546387e+01
   5.5694600e+05   5.1879883e+01
   5.5696700e+05   5.2368164e+01
   5.5699300e+05   4.6875000e+01
   5.5700600e+05   5.9570313e+01
   5.5705000e+05   4.4555664e+01
   5.5708300e+05   4.1992188e+01
   5.5711100e+05   5.0415039e+01
   5.5713500e+05   5.2185059e+01
   5.5717400e+05   4.2480469e+01
   5.5720000e+05   4.6386719e+01
   5.5722600e+05   4.2846680e+01
   5.5727500e+05   5.2734375e+01
   5.5731500e+05   4.1931152e+01
   5.5736600e+05   4.0405273e+01
   5.5758000e+05   4.2480469e+01
   5.5769000e+05   4.2358398e+01
   5.5784700e+05   3.9489746e+01
   5.5918400e+05   4.1442871e+01
   5.5942500e+05   4.8950195e+01
   5.5966000e+05   5.7006836e+01
   5.5989800e+05   6.6589355e+01
   5.6016000e+05   4.0832520e+01
   5.6022600e+05   6.7565918e+01
   5.6054900e+05   8.4045410e+01
   5.6154000e+05   4.0344238e+01
   5.6254100e+05   4.4372559e+01
   5.6333700e+05   4.4311523e+01
   5.6380300e+05   4.7180176e+01
   5.6561500e+05   6.1096191e+01
   5.6982400e+05   5.1574707e+01
   5.7399200e+05   5.5969238e+01
   5.7465900e+05   4.8889160e+01
   6.0681900e+05   4.2297363e+01
   6.2368200e+05   3.8940430e+01
   6.8644800e+05   4.1259766e+01
   7.4102600e+05   3.9550781e+01
   8.6070800e+05   4.3762207e+01
   8.9167300e+05   3.9001465e+01
   9.2445400e+05   4.1625977e+01
   9.7292800e+05   3.9001465e+01
   9.8044300e+05   4.0344238e+01
   1.0062960e+06   4.0649414e+01
   1.0309260e+06   4.6569824e+01
   1.0309590e+06   4.2968750e+01
   1.0310100e+06   4.7912598e+01
   1.0310250e+06   6.1828613e+01
   1.0310430e+06   1.1169434e+02
   1.0310660e+06   1.4855957e+02
   1.0310880e+06   6.2011719e+01
   1.0311060e+06   1.0412598e+02
   1.0311280e+06   7.5561523e+01
   1.0311450e+06   7.1044922e+01
   1.0311620e+06   9.1125488e+01
   1.0311980e+06   6.2011719e+01
   1.0312090e+06   8.7585449e+01
   1.0312540e+06   4.9011230e+01
   1.0312710e+06   4.5654297e+01
   1.0312960e+06   4.4555664e+01
   1.0313290e+06   4.8645020e+01
   1.0313620e+06   4.8034668e+01
   1.0314060e+06   4.5959473e+01
   1.0314730e+06   5.3161621e+01
   1.0316650e+06   5.0231934e+01
   1.0322530e+06   4.1198730e+01
   1.0325620e+06   4.0893555e+01
   1.0326770e+06   4.7302246e+01
   1.0328960e+06   4.4250488e+01
   1.0329580e+06   4.4189453e+01
   1.0330080e+06   3.9306641e+01
   1.0330520e+06   3.9855957e+01
   1.0330770e+06   4.2846680e+01
   1.0330910e+06   4.6691895e+01
   1.0331470e+06   5.1513672e+01
   1.0333180e+06   4.0710449e+01
   1.0333320e+06   4.2724609e+01
   1.0333960e+06   4.2114258e+01
   1.0334060e+06   4.8767090e+01
   1.0335220e+06   4.5288086e+01
   1.0335630e+06   4.6936035e+01
   1.0335780e+06   4.0344238e+01
   1.0337890e+06   4.3701172e+01
   1.0339320e+06   3.9733887e+01
   1.0339980e+06   5.1269531e+01
   1.0347480e+06   4.0039063e+01
   1.0348830e+06   4.4921875e+01
   1.0349110e+06   4.1809082e+01
   1.0350820e+06   5.7678223e+01
   1.0351400e+06   4.0588379e+01
   1.0354990e+06   3.8940430e+01
   1.0358580e+06   4.0649414e+01
   1.0360170e+06   4.4677734e+01
   1.0362130e+06   3.9978027e+01
   1.0364120e+06   4.9377441e+01
   1.0366340e+06   4.0283203e+01
   1.0368640e+06   4.8095703e+01
   1.0370800e+06   4.9133301e+01
   1.0373360e+06   5.4321289e+01
   1.0376260e+06   4.1687012e+01
   1.0379380e+06   5.2978516e+01
   1.0592670e+06   4.0649414e+01
   1.0767540e+06   4.1931152e+01
   1.1071250e+06   4.1015625e+01
   1.2134780e+06   4.1320801e+01
   1.2194450e+06   3.9184570e+01
   1.2389180e+06   4.1381836e+01
   1.2389320e+06   7.3852539e+01
   1.2389490e+06   6.4514160e+01
   1.2389720e+06   9.4421387e+01
   1.2389870e+06   5.1330566e+01
   1.2390090e+06   4.0893555e+01
   1.2390370e+06   1.4886475e+02
   1.2390470e+06   6.2805176e+01
   1.2390630e+06   4.9682617e+01
   1.2390740e+06   8.5937500e+01
   1.2391150e+06   4.5837402e+01
   1.2391290e+06   6.6223145e+01
   1.2391700e+06   4.3762207e+01
   1.2391940e+06   4.1503906e+01
   1.2392140e+06   4.4006348e+01
   1.2392320e+06   6.4147949e+01
   1.2392640e+06   5.5297852e+01
   1.2392830e+06   4.4250488e+01
   1.2393490e+06   4.4921875e+01
   1.2394970e+06   4.5837402e+01
   1.2395810e+06   4.2846680e+01
   1.2396950e+06   4.0527344e+01
   1.2399940e+06   4.0283203e+01
   1.2402120e+06   4.0710449e+01
   1.2402730e+06   4.2907715e+01
   1.2407030e+06   4.7607422e+01
   1.2407390e+06   4.9438477e+01
   1.2409780e+06   4.7912598e+01
   1.2410050e+06   4.2785645e+01
   1.2411310e+06   3.9672852e+01
   1.2412010e+06   4.1809082e+01
   1.2413440e+06   4.0710449e+01
   1.2415210e+06   3.9733887e+01
   1.2415450e+06   4.0832520e+01
   1.2418330e+06   4.1564941e+01
   1.2419320e+06   4.9926758e+01
   1.2422050e+06   5.3649902e+01
   1.2424970e+06   4.6142578e+01
   1.2425120e+06   4.0466309e+01
   1.2426840e+06   4.2358398e+01
   1.2429080e+06   6.1645508e+01
   1.2430910e+06   4.0649414e+01
   1.2431310e+06   5.0354004e+01
   1.2433210e+06   5.5969238e+01
   1.2436580e+06   6.3171387e+01
   1.2438040e+06   4.7729492e+01
   1.2439930e+06   4.5288086e+01
   1.2442110e+06   5.2062988e+01
   1.2443240e+06   6.8115234e+01
   1.2444510e+06   4.5043945e+01
   1.2446410e+06   5.7556152e+01
   1.2448680e+06   4.7912598e+01
   1.2450880e+06   4.2053223e+01
   1.2453110e+06   5.5419922e+01
   1.3392550e+06   4.0527344e+01
   1.3871590e+06   4.1503906e+01
   1.4045910e+06   3.9367676e+01
   1.4339630e+06   3.8940430e+01
   1.4602730e+06   4.1381836e+01
   1.4612270e+06   4.1381836e+01
   1.4631160e+06   4.4128418e+01
   1.4631300e+06   4.2175293e+01
   1.4631480e+06   6.3659668e+01
   1.4631760e+06   1.5771484e+02
   1.4631900e+06   9.1796875e+01
   1.4632070e+06   6.0119629e+01
   1.4632370e+06   1.0217285e+02
   1.4632520e+06   7.2998047e+01
   1.4632680e+06   7.5500488e+01
   1.4633050e+06   4.6691895e+01
   1.4633190e+06   4.7485352e+01
   1.4633360e+06   6.0546875e+01
   1.4633520e+06   5.1269531e+01
   1.4633760e+06   4.2297363e+01
   1.4634160e+06   6.7443848e+01
   1.4634540e+06   4.5654297e+01
   1.4634990e+06   4.5166016e+01
   1.4635200e+06   5.3955078e+01
   1.4635320e+06   4.0710449e+01
   1.4636360e+06   4.3823242e+01
   1.4636960e+06   5.5053711e+01
   1.4642740e+06   3.8940430e+01
   1.4644800e+06   4.1992188e+01
   1.4645410e+06   3.9001465e+01
   1.4647610e+06   4.1076660e+01
   1.4648110e+06   3.9123535e+01
   1.4648440e+06   4.0283203e+01
   1.4650500e+06   3.9184570e+01
   1.4651000e+06   3.9978027e+01
   1.4651780e+06   4.5166016e+01
   1.4653840e+06   4.3212891e+01
   1.4655100e+06   5.3649902e+01
   1.4657540e+06   5.2612305e+01
   1.4659830e+06   4.2175293e+01
   1.4662500e+06   4.4677734e+01
   1.4662900e+06   4.0527344e+01
   1.4663810e+06   5.3710938e+01
   1.4664650e+06   3.8940430e+01
   1.4665740e+06   4.5104980e+01
   1.4666020e+06   5.0781250e+01
   1.4667440e+06   3.9916992e+01
   1.4667650e+06   4.0771484e+01
   1.4668960e+06   5.3649902e+01
   1.4670150e+06   4.4311523e+01
   1.4671310e+06   4.8217773e+01
   1.4672290e+06   4.9743652e+01
   1.4673110e+06   5.9509277e+01
   1.4678750e+06   4.5776367e+01
   1.4680580e+06   4.1137695e+01
   1.4682150e+06   4.2541504e+01
   1.4683920e+06   4.2663574e+01
   1.4685880e+06   4.6142578e+01
   1.4687980e+06   4.9133301e+01
   1.4690050e+06   4.6447754e+01
   1.4692160e+06   4.8767090e+01
   1.4694210e+06   6.9458008e+01
   1.4694630e+06   5.1025391e+01
   1.4703990e+06   5.4992676e+01
   1.4707200e+06   4.6203613e+01
   1.4712550e+06   5.6335449e+01
   1.4887360e+06   3.9978027e+01
   1.5281940e+06   3.9794922e+01
   1.5595500e+06   3.9611816e+01
   1.5704120e+06   3.9123535e+01
   1.5736010e+06   3.9733887e+01
   1.6083290e+06   3.9978027e+01
   1.6153650e+06   3.9001465e+01
   1.6353580e+06   4.0527344e+01
   1.6353740e+06   4.5349121e+01
   1.6354010e+06   1.0095215e+02
   1.6354140e+06   2.0220947e+02
   1.6354410e+06   5.8898926e+01
   1.6354670e+06   1.3403320e+02
   1.6354830e+06   6.5063477e+01
   1.6354930e+06   4.7302246e+01
   1.6355050e+06   9.4604492e+01
   1.6355390e+06   5.3222656e+01
   1.6355570e+06   4.1931152e+01
   1.6355820e+06   4.4128418e+01
   1.6356440e+06   4.5288086e+01
   1.6356810e+06   4.4189453e+01
   1.6357220e+06   4.8095703e+01
   1.6357610e+06   4.0466309e+01
   1.6357950e+06   4.7485352e+01
   1.6358520e+06   3.8940430e+01
   1.6360560e+06   5.5053711e+01
   1.6361380e+06   4.2419434e+01
   1.6364420e+06   4.3579102e+01
   1.6366280e+06   4.1687012e+01
   1.6369530e+06   3.9916992e+01
   1.6370210e+06   4.6142578e+01
   1.6373430e+06   3.9184570e+01
   1.6373640e+06   4.8156738e+01
   1.6374130e+06   5.2734375e+01
   1.6375090e+06   3.8940430e+01
   1.6376020e+06   4.9011230e+01
   1.6376560e+06   3.9978027e+01
   1.6376960e+06   4.7485352e+01
   1.6377370e+06   3.9794922e+01
   1.6378250e+06   5.9570313e+01
   1.6378380e+06   4.4250488e+01
   1.6379590e+06   4.4616699e+01
   1.6379800e+06   4.1687012e+01
   1.6381590e+06   3.9489746e+01
   1.6382680e+06   4.2419434e+01
   1.6384250e+06   3.9367676e+01
   1.6385350e+06   4.3090820e+01
   1.6386170e+06   5.2917480e+01
   1.6387850e+06   3.9978027e+01
   1.6388200e+06   3.9184570e+01
   1.6390560e+06   5.0964355e+01
   1.6391070e+06   5.2062988e+01
   1.6391610e+06   4.2114258e+01
   1.6391960e+06   3.9978027e+01
   1.6393130e+06   5.2368164e+01
   1.6394770e+06   4.1503906e+01
   1.6398650e+06   5.5053711e+01
   1.6399560e+06   3.9123535e+01
   1.6401310e+06   4.6997070e+01
   1.6403010e+06   4.7180176e+01
   1.6404920e+06   4.0527344e+01
   1.6407470e+06   4.6997070e+01
   1.6409630e+06   4.6752930e+01
   1.6411750e+06   6.0058594e+01
   1.6413920e+06   4.8278809e+01
   1.6415740e+06   5.1147461e+01
   1.6423320e+06   4.6081543e+01
   1.6425770e+06   5.4870605e+01
   1.6608660e+06   4.0771484e+01
   1.6864360e+06   3.9062500e+01
   1.7040400e+06   4.0283203e+01
   1.8092020e+06   4.6264648e+01
   1.8134610e+06   3.9306641e+01
   1.8217640e+06   4.5776367e+01
   1.8384190e+06   4.4860840e+01
   1.8385930e+06   3.9306641e+01
   1.8387090e+06   5.8593750e+01
   1.8388470e+06   4.5837402e+01
   1.8389100e+06   6.3598633e+01
   1.8389230e+06   3.9855957e+01
   1.8389400e+06   5.1574707e+01
   1.8389520e+06   5.5969238e+01
   1.8389800e+06   1.1572266e+02
   1.8389900e+06   1.3470459e+02
   1.8390230e+06   5.5419922e+01
   1.8390490e+06   8.8745117e+01
   1.8390690e+06   8.4289551e+01
   1.8390980e+06   5.4931641e+01
   1.8391210e+06   6.3720703e+01
   1.8391380e+06   6.5307617e+01
   1.8391500e+06   4.5532227e+01
   1.8391800e+06   4.6936035e+01
   1.8392070e+06   7.2814941e+01
   1.8392320e+06   4.6264648e+01
   1.8392560e+06   4.3884277e+01
   1.8392850e+06   4.0405273e+01
   1.8392970e+06   4.4067383e+01
   1.8393260e+06   4.1687012e+01
   1.8393520e+06   3.9916992e+01
   1.8394320e+06   4.0893555e+01
   1.8396980e+06   4.5715332e+01
   1.8398430e+06   3.9794922e+01
   1.8399460e+06   4.0161133e+01
   1.8400840e+06   4.8522949e+01
   1.8405160e+06   4.4311523e+01
   1.8407180e+06   4.3334961e+01
   1.8408790e+06   3.9123535e+01
   1.8408920e+06   4.4006348e+01
   1.8410600e+06   3.9001465e+01
   1.8411070e+06   4.2785645e+01
   1.8412630e+06   4.0344238e+01
   1.8412770e+06   4.2846680e+01
   1.8413700e+06   4.1870117e+01
   1.8414850e+06   4.0344238e+01
   1.8415310e+06   4.9255371e+01
   1.8416420e+06   4.4006348e+01
   1.8420640e+06   4.1259766e+01
   1.8423660e+06   6.3720703e+01
   1.8424430e+06   4.1381836e+01
   1.8425620e+06   6.7443848e+01
   1.8426950e+06   4.3090820e+01
   1.8427250e+06   4.5654297e+01
   1.8428550e+06   5.0781250e+01
   1.8429130e+06   4.1809082e+01
   1.8429780e+06   4.1564941e+01
   1.8432940e+06   3.9001465e+01
   1.8436180e+06   4.0832520e+01
   1.8439960e+06   5.8166504e+01
   1.8441660e+06   4.2236328e+01
   1.8443580e+06   4.6386719e+01
   1.8445480e+06   4.1564941e+01
   1.8447560e+06   4.6081543e+01
   1.8449690e+06   4.3579102e+01
   1.8463640e+06   5.9265137e+01
   1.8466210e+06   5.0720215e+01
   1.8469130e+06   5.6091309e+01
   1.8471430e+06   5.4992676e+01
   1.8530180e+06   6.0852051e+01
   1.8531990e+06   8.8928223e+01
   1.8532190e+06   5.1574707e+01
   1.8532420e+06   1.1077881e+02
   1.8532600e+06   4.6203613e+01
   1.8532740e+06   5.8288574e+01
   1.8532880e+06   4.4494629e+01
   1.8533190e+06   6.3720703e+01
   1.8533510e+06   9.3322754e+01
   1.8533760e+06   5.0598145e+01
   1.8533950e+06   5.0354004e+01
   1.8534150e+06   6.0607910e+01
   1.8534370e+06   1.0131836e+02
   1.8534660e+06   6.0058594e+01
   1.8534960e+06   4.9072266e+01
   1.8535250e+06   5.1879883e+01
   1.8535490e+06   4.5043945e+01
   1.8535790e+06   4.6691895e+01
   1.8535920e+06   4.7180176e+01
   1.8536450e+06   4.5532227e+01
   1.8536600e+06   4.5043945e+01
   1.8536860e+06   4.5227051e+01
   1.8537350e+06   4.4189453e+01
   1.8537530e+06   3.9062500e+01
   1.8537990e+06   4.3273926e+01
   1.8538410e+06   3.9184570e+01
   1.8538520e+06   5.4626465e+01
   1.8538830e+06   4.4372559e+01
   1.8539450e+06   4.1931152e+01
   1.8540040e+06   5.5480957e+01
   1.8549380e+06   4.1137695e+01
   1.8553240e+06   4.2480469e+01
   1.8556470e+06   4.0039063e+01
   1.8557920e+06   5.2978516e+01
   1.8559360e+06   5.4931641e+01
   1.8561150e+06   4.5227051e+01
   1.8562820e+06   5.0476074e+01
   1.8565020e+06   6.2377930e+01
   1.8567140e+06   6.1889648e+01
   1.8570250e+06   4.4921875e+01
   1.8571020e+06   4.5532227e+01
   1.8577090e+06   4.3518066e+01
   1.8579250e+06   5.4199219e+01
   1.8586060e+06   4.0222168e+01
   1.8606200e+06   4.5410156e+01
   1.8608890e+06   5.2368164e+01
   1.8612680e+06   5.3039551e+01
   1.8615700e+06   5.7250977e+01
   1.8666160e+06   8.6975098e+01
   1.8666360e+06   5.1147461e+01
   1.8666910e+06   1.3244629e+02
   1.8667200e+06   6.3171387e+01
   1.8667390e+06   1.2652588e+02
   1.8667660e+06   8.1115723e+01
   1.8667930e+06   6.0546875e+01
   1.8668040e+06   9.0026855e+01
   1.8668290e+06   5.4382324e+01
   1.8668470e+06   5.6640625e+01
   1.8668740e+06   4.7424316e+01
   1.8669040e+06   1.0235596e+02
   1.8669310e+06   4.0649414e+01
   1.8669560e+06   5.6518555e+01
   1.8669660e+06   4.1381836e+01
   1.8669820e+06   3.9489746e+01
   1.8670000e+06   4.2175293e+01
   1.8670210e+06   4.4189453e+01
   1.8670360e+06   4.7058105e+01
   1.8670580e+06   4.1870117e+01
   1.8670880e+06   6.5429688e+01
   1.8670990e+06   5.4199219e+01
   1.8671320e+06   4.3945313e+01
   1.8671470e+06   3.9062500e+01
   1.8671810e+06   6.4208984e+01
   1.8672250e+06   5.0537109e+01
   1.8672840e+06   4.2846680e+01
   1.8673310e+06   5.6213379e+01
   1.8674280e+06   4.4738770e+01
   1.8674630e+06   4.5104980e+01
   1.8676740e+06   4.1137695e+01
   1.8677700e+06   4.1870117e+01
   1.8678140e+06   3.9916992e+01
   1.8683240e+06   4.3762207e+01
   1.8684480e+06   3.9428711e+01
   1.8685380e+06   4.9926758e+01
   1.8686530e+06   3.9978027e+01
   1.8691100e+06   3.9733887e+01
   1.8693100e+06   4.3884277e+01
   1.8706750e+06   6.2438965e+01
   1.8712090e+06   5.2795410e+01
   1.8715260e+06   4.0039063e+01
   1.8724250e+06   4.2968750e+01
   1.8727220e+06   4.7973633e+01
   1.8729920e+06   4.2663574e+01
   1.8733000e+06   5.0170898e+01
   1.8737700e+06   6.3659668e+01
   1.8740180e+06   6.5063477e+01
   1.8742680e+06   7.2326660e+01
   1.8783190e+06   5.7739258e+01
   1.8787860e+06   4.9194336e+01
   1.8789430e+06   8.4289551e+01
   1.8790660e+06   5.1391602e+01
   1.8793010e+06   8.0505371e+01
   1.8793650e+06   4.2663574e+01
   1.8795350e+06   8.8439941e+01
   1.8795960e+06   4.5898438e+01
   1.8796310e+06   8.2153320e+01
   1.8796420e+06   4.4006348e+01
   1.8796820e+06   5.1574707e+01
   1.8797050e+06   9.7595215e+01
   1.8797220e+06   4.0039063e+01
   1.8797500e+06   6.3598633e+01
   1.8797810e+06   1.1413574e+02
   1.8798010e+06   4.1931152e+01
   1.8798520e+06   7.8002930e+01
   1.8798830e+06   5.4870605e+01
   1.8798930e+06   7.1838379e+01
   1.8799290e+06   5.9692383e+01
   1.8799740e+06   6.0607910e+01
   1.8799990e+06   4.7058105e+01
   1.8800770e+06   4.1442871e+01
   1.8801000e+06   4.7973633e+01
   1.8801270e+06   4.5715332e+01
   1.8801430e+06   5.2917480e+01
   1.8801700e+06   4.1625977e+01
   1.8802300e+06   4.0649414e+01
   1.8802530e+06   5.1635742e+01
   1.8802810e+06   4.6264648e+01
   1.8803860e+06   5.2185059e+01
   1.8804140e+06   4.5227051e+01
   1.8804620e+06   4.1198730e+01
   1.8805100e+06   4.6020508e+01
   1.8805500e+06   4.1687012e+01
   1.8806110e+06   5.5541992e+01
   1.8806540e+06   3.9916992e+01
   1.8807420e+06   4.0283203e+01
   1.8808270e+06   4.6813965e+01
   1.8814380e+06   4.1687012e+01
   1.8818400e+06   4.0344238e+01
   1.8820450e+06   4.7607422e+01
   1.8833690e+06   4.2480469e+01
   1.8838340e+06   4.4738770e+01
   1.8843040e+06   4.1992188e+01
   1.8845820e+06   4.5715332e+01
   1.8848710e+06   4.5227051e+01
   1.8918260e+06   4.9621582e+01
   1.8921360e+06   5.6701660e+01
   1.8921680e+06   9.3627930e+01
   1.8924010e+06   5.0354004e+01
   1.8927560e+06   5.9509277e+01
   1.8928110e+06   8.6975098e+01
   1.8930540e+06   5.1757813e+01
   1.8934510e+06   4.7424316e+01
   1.8935410e+06   4.0588379e+01
   1.8937770e+06   4.5776367e+01
   1.8938280e+06   3.9550781e+01
   1.8941960e+06   5.3833008e+01
   1.8945070e+06   3.9062500e+01
   1.8946560e+06   5.0170898e+01
   1.9031070e+06   5.6640625e+01
   1.9031950e+06   9.5642090e+01
   1.9032690e+06   6.2011719e+01
   1.9032940e+06   5.1818848e+01
   1.9033250e+06   1.2469482e+02
   1.9033460e+06   8.2885742e+01
   1.9033670e+06   6.4331055e+01
   1.9033870e+06   4.8400879e+01
   1.9034130e+06   6.1462402e+01
   1.9034300e+06   7.0556641e+01
   1.9034440e+06   5.3405762e+01
   1.9034570e+06   5.0292969e+01
   1.9034910e+06   6.8969727e+01
   1.9035060e+06   8.5083008e+01
   1.9035350e+06   1.0168457e+02
   1.9035450e+06   6.6528320e+01
   1.9035860e+06   5.8410645e+01
   1.9035990e+06   5.2368164e+01
   1.9036190e+06   4.7119141e+01
   1.9036560e+06   4.6508789e+01
   1.9036930e+06   5.2795410e+01
   1.9037100e+06   5.1940918e+01
   1.9037280e+06   4.2114258e+01
   1.9037640e+06   4.3579102e+01
   1.9037840e+06   4.0588379e+01
   1.9038230e+06   5.6030273e+01
   1.9038700e+06   4.2663574e+01
   1.9038810e+06   4.1198730e+01
   1.9039380e+06   4.5288086e+01
   1.9040880e+06   5.7861328e+01
   1.9041770e+06   4.3395996e+01
   1.9042300e+06   4.5043945e+01
   1.9042790e+06   3.9672852e+01
   1.9042900e+06   4.3334961e+01
   1.9047990e+06   3.9855957e+01
   1.9049890e+06   3.9489746e+01
   1.9062070e+06   4.2053223e+01
   1.9065090e+06   3.9489746e+01
   1.9081270e+06   3.9489746e+01
   1.9086050e+06   4.2053223e+01
   1.9088670e+06   5.0842285e+01
   1.9091360e+06   4.7912598e+01
   1.9094600e+06   4.2358398e+01
   1.9101640e+06   4.8522949e+01
   1.9105060e+06   4.2602539e+01
   1.9125630e+06   4.8400879e+01
   1.9150510e+06   4.7546387e+01
   1.9150730e+06   8.1481934e+01
   1.9151940e+06   6.3415527e+01
   1.9153860e+06   6.4453125e+01
   1.9156180e+06   4.3640137e+01
   1.9160650e+06   5.4870605e+01
   1.9224170e+06   4.2724609e+01
   1.9224360e+06   5.0964355e+01
   1.9224670e+06   9.3627930e+01
   1.9225860e+06   4.0893555e+01
   1.9226280e+06   3.9733887e+01
   1.9226440e+06   8.1909180e+01
   1.9226680e+06   1.2377930e+02
   1.9226950e+06   4.1137695e+01
   1.9227180e+06   6.9946289e+01
   1.9227570e+06   9.8022461e+01
   1.9227730e+06   1.1279297e+02
   1.9228070e+06   4.2968750e+01
   1.9228290e+06   5.8471680e+01
   1.9228680e+06   8.3374023e+01
   1.9229140e+06   4.7302246e+01
   1.9229480e+06   7.9223633e+01
   1.9229810e+06   5.1330566e+01
   1.9230020e+06   5.9570313e+01
   1.9230440e+06   5.3405762e+01
   1.9230670e+06   4.3579102e+01
   1.9230970e+06   4.7607422e+01
   1.9231240e+06   4.3823242e+01
   1.9231400e+06   4.4311523e+01
   1.9231700e+06   7.1716309e+01
   1.9231980e+06   5.1696777e+01
   1.9232170e+06   4.3518066e+01
   1.9232470e+06   5.0537109e+01
   1.9233350e+06   4.7607422e+01
   1.9233750e+06   4.0771484e+01
   1.9237870e+06   3.9978027e+01
   1.9238750e+06   4.9194336e+01
   1.9240520e+06   4.3823242e+01
   1.9249340e+06   4.1809082e+01
   1.9251310e+06   4.4738770e+01
   1.9253220e+06   4.8583984e+01
   1.9260570e+06   5.7128906e+01
   1.9270640e+06   4.1748047e+01
   1.9280360e+06   4.4494629e+01
   1.9286290e+06   4.2602539e+01
   1.9289790e+06   4.6142578e+01
   1.9293390e+06   4.1625977e+01
   1.9296520e+06   4.9255371e+01
   1.9300610e+06   4.1931152e+01
   1.9304550e+06   4.9621582e+01
   1.9307970e+06   4.7668457e+01
   1.9312360e+06   5.2124023e+01
   1.9342780e+06   4.8706055e+01
   1.9347330e+06   5.5053711e+01
   1.9356470e+06   4.4738770e+01
   1.9376280e+06   8.9538574e+01
   1.9376970e+06   5.1208496e+01
   1.9378930e+06   4.1931152e+01
   1.9379660e+06   8.3496094e+01
   1.9379790e+06   5.6152344e+01
   1.9381990e+06   5.5236816e+01
   1.9382140e+06   6.5368652e+01
   1.9382360e+06   8.0139160e+01
   1.9382550e+06   4.2846680e+01
   1.9383150e+06   4.1931152e+01
   1.9383440e+06   5.1086426e+01
   1.9383600e+06   6.5307617e+01
   1.9383770e+06   9.2529297e+01
   1.9383960e+06   4.8950195e+01
   1.9384580e+06   4.5837402e+01
   1.9384920e+06   6.3171387e+01
   1.9385200e+06   4.2419434e+01
   1.9385410e+06   6.7199707e+01
   1.9385530e+06   8.0261230e+01
   1.9385880e+06   6.0119629e+01
   1.9386220e+06   5.3955078e+01
   1.9386410e+06   4.6875000e+01
   1.9386550e+06   4.2846680e+01
   1.9386660e+06   4.4555664e+01
   1.9386840e+06   3.9001465e+01
   1.9387140e+06   5.1574707e+01
   1.9387490e+06   6.1584473e+01
   1.9387590e+06   4.3090820e+01
   1.9387880e+06   6.2500000e+01
   1.9388040e+06   5.4870605e+01
   1.9388590e+06   4.9499512e+01
   1.9388860e+06   4.2846680e+01
   1.9389070e+06   7.2143555e+01
   1.9389290e+06   3.9794922e+01
   1.9389660e+06   4.5104980e+01
   1.9390240e+06   4.7302246e+01
   1.9390650e+06   4.1198730e+01
   1.9391690e+06   5.9448242e+01
   1.9392230e+06   4.0405273e+01
   1.9392860e+06   4.1320801e+01
   1.9396630e+06   4.0161133e+01
   1.9404210e+06   4.0893555e+01
   1.9408880e+06   4.9682617e+01
   1.9410940e+06   5.4870605e+01
   1.9414060e+06   4.8889160e+01
   1.9434620e+06   4.2114258e+01
   1.9437740e+06   4.0344238e+01
   1.9440620e+06   4.0466309e+01
   1.9444200e+06   3.9916992e+01
   1.9450530e+06   4.6691895e+01
   1.9453950e+06   4.2297363e+01
   1.9457220e+06   4.8461914e+01
   1.9460960e+06   3.9550781e+01
   1.9465160e+06   5.0476074e+01
   1.9470170e+06   4.9743652e+01
   1.9473850e+06   4.9133301e+01
   1.9497200e+06   4.8095703e+01
   1.9503810e+06   4.4189453e+01
   1.9504220e+06   6.8542480e+01
   1.9507240e+06   4.0771484e+01
   1.9508280e+06   6.8969727e+01
   1.9508790e+06   8.1909180e+01
   1.9509300e+06   5.3466797e+01
   1.9509580e+06   3.9611816e+01
   1.9510070e+06   8.5083008e+01
   1.9510420e+06   9.7900391e+01
   1.9511130e+06   4.2541504e+01
   1.9511320e+06   4.4250488e+01
   1.9511540e+06   5.4809570e+01
   1.9511720e+06   8.3007813e+01
   1.9512210e+06   6.3110352e+01
   1.9512630e+06   4.1076660e+01
   1.9513070e+06   5.2490234e+01
   1.9513760e+06   5.2795410e+01
   1.9513950e+06   4.3884277e+01
   1.9514080e+06   4.2968750e+01
   1.9514210e+06   4.4738770e+01
   1.9514540e+06   4.9194336e+01
   1.9515660e+06   4.1381836e+01
   1.9515880e+06   5.8410645e+01
   1.9516200e+06   6.3842773e+01
   1.9516550e+06   4.0527344e+01
   1.9517550e+06   4.5532227e+01
   1.9518790e+06   5.2368164e+01
   1.9520450e+06   3.9978027e+01
   1.9521690e+06   4.0405273e+01
   1.9526170e+06   4.0344238e+01
   1.9527690e+06   4.3090820e+01
   1.9558340e+06   5.0964355e+01
   1.9561260e+06   3.9855957e+01
   1.9564120e+06   4.2297363e+01
   1.9570710e+06   3.9428711e+01
   1.9574500e+06   4.2419434e+01
   1.9587530e+06   5.3710938e+01
   1.9592110e+06   5.1086426e+01
   1.9610160e+06   4.1381836e+01
   1.9614370e+06   4.6813965e+01
   1.9623530e+06   5.2124023e+01
   1.9628520e+06   5.0537109e+01
   1.9673430e+06   5.9997559e+01
   1.9682700e+06   5.9204102e+01
   1.9683030e+06   4.7180176e+01
   1.9683550e+06   8.1237793e+01
   1.9685540e+06   3.9794922e+01
   1.9686270e+06   9.0148926e+01
   1.9686700e+06   9.5764160e+01
   1.9686920e+06   4.8583984e+01
   1.9687050e+06   4.7241211e+01
   1.9687350e+06   5.4626465e+01
   1.9687680e+06   5.9875488e+01
   1.9687930e+06   6.6528320e+01
   1.9688120e+06   5.9570313e+01
   1.9688610e+06   5.5175781e+01
   1.9688750e+06   4.2846680e+01
   1.9689110e+06   5.8288574e+01
   1.9689210e+06   5.3955078e+01
   1.9689540e+06   4.7485352e+01
   1.9689760e+06   7.0190430e+01
   1.9690220e+06   4.7241211e+01
   1.9690540e+06   6.5185547e+01
   1.9690680e+06   4.2541504e+01
   1.9690900e+06   5.5908203e+01
   1.9692100e+06   5.4199219e+01
   1.9692710e+06   4.0222168e+01
   1.9692880e+06   4.7119141e+01
   1.9693180e+06   4.5043945e+01
   1.9693290e+06   5.1025391e+01
   1.9693600e+06   4.2907715e+01
   1.9694000e+06   4.1992188e+01
   1.9694500e+06   4.4616699e+01
   1.9695750e+06   4.2114258e+01
   1.9698150e+06   4.2236328e+01
   1.9700060e+06   3.9489746e+01
   1.9711710e+06   4.1992188e+01
   1.9713880e+06   3.8940430e+01
   1.9716240e+06   4.0954590e+01
   1.9719070e+06   5.5541992e+01
   1.9721950e+06   6.1401367e+01
   1.9732260e+06   4.0039063e+01
   1.9744050e+06   4.4006348e+01
   1.9750860e+06   3.9306641e+01
   1.9754110e+06   4.6325684e+01
   1.9789290e+06   6.3598633e+01
   1.9812770e+06   8.6608887e+01
   1.9813390e+06   5.2001953e+01
   1.9816200e+06   5.8898926e+01
   1.9816430e+06   7.7636719e+01
   1.9818280e+06   4.0222168e+01
   1.9818660e+06   1.6223145e+02
   1.9818880e+06   5.0781250e+01
   1.9819540e+06   4.2663574e+01
   1.9820010e+06   4.9377441e+01
   1.9820160e+06   4.9560547e+01
   1.9820270e+06   1.1169434e+02
   1.9821460e+06   6.3720703e+01
   1.9821730e+06   7.4035645e+01
   1.9821910e+06   5.2551270e+01
   1.9822200e+06   7.1044922e+01
   1.9823000e+06   5.3161621e+01
   1.9823230e+06   4.3640137e+01
   1.9823500e+06   4.7729492e+01
   1.9823610e+06   5.6640625e+01
   1.9823970e+06   4.4555664e+01
   1.9824140e+06   4.4860840e+01
   1.9824520e+06   3.9733887e+01
   1.9824690e+06   4.9316406e+01
   1.9825060e+06   4.4250488e+01
   1.9825360e+06   4.9255371e+01
   1.9825470e+06   4.8034668e+01
   1.9826630e+06   4.7241211e+01
   1.9828710e+06   4.1503906e+01
   1.9830080e+06   4.2053223e+01
   1.9831230e+06   4.5898438e+01
   1.9831630e+06   4.5593262e+01
   1.9843010e+06   4.1198730e+01
   1.9845490e+06   5.1879883e+01
   1.9876220e+06   4.2236328e+01
   1.9879460e+06   5.1025391e+01
   1.9883050e+06   4.6325684e+01
   1.9887230e+06   4.6630859e+01
   1.9890840e+06   4.8278809e+01
   1.9894970e+06   4.2541504e+01
   1.9899650e+06   4.2907715e+01
   1.9931310e+06   7.9833984e+01
   1.9931490e+06   4.2541504e+01
   1.9935850e+06   4.8767090e+01
   1.9937960e+06   4.8706055e+01
   1.9939020e+06   7.4584961e+01
   1.9941790e+06   4.7424316e+01
   1.9941990e+06   8.2580566e+01
   1.9942270e+06   9.0698242e+01
   1.9942830e+06   3.9123535e+01
   1.9943460e+06   4.5532227e+01
   1.9943650e+06   4.0527344e+01
   1.9943770e+06   7.1044922e+01
   1.9944020e+06   1.0577393e+02
   1.9944620e+06   7.0861816e+01
   1.9945470e+06   4.0771484e+01
   1.9945620e+06   6.6406250e+01
   1.9945980e+06   4.6569824e+01
   1.9946350e+06   4.0954590e+01
   1.9946560e+06   4.5288086e+01
   1.9946770e+06   4.6264648e+01
   1.9946940e+06   5.1025391e+01
   1.9947140e+06   3.9916992e+01
   1.9947410e+06   4.1809082e+01
   1.9947670e+06   4.8400879e+01
   1.9948090e+06   3.9794922e+01
   1.9948600e+06   5.1513672e+01
   1.9949290e+06   4.1992188e+01
   1.9950220e+06   4.1076660e+01
   1.9950600e+06   4.8706055e+01
   1.9951400e+06   4.7424316e+01
   1.9952280e+06   4.4006348e+01
   1.9953640e+06   4.8828125e+01
   1.9954530e+06   3.9367676e+01
   1.9955390e+06   4.5471191e+01
   1.9956870e+06   3.9611816e+01
   1.9960550e+06   4.1503906e+01
   1.9966570e+06   3.9062500e+01
   1.9969740e+06   4.5349121e+01
   1.9991200e+06   4.4128418e+01
   1.9997390e+06   4.0466309e+01
   2.0016950e+06   4.8706055e+01
   2.0021100e+06   5.1391602e+01
   2.0074530e+06   4.4860840e+01
   2.0080640e+06   5.4443359e+01
   2.0086850e+06   4.9743652e+01
   2.0088090e+06   7.6293945e+01
   2.0088230e+06   3.9428711e+01
   2.0088940e+06   5.6335449e+01
   2.0089330e+06   1.1248779e+02
   2.0089670e+06   9.4055176e+01
   2.0089770e+06   4.9743652e+01
   2.0089970e+06   4.0588379e+01
   2.0090340e+06   3.9428711e+01
   2.0090640e+06   7.8552246e+01
   2.0090760e+06   5.2490234e+01
   2.0091030e+06   4.3945313e+01
   2.0091160e+06   5.6335449e+01
   2.0091760e+06   4.7729492e+01
   2.0092070e+06   7.3913574e+01
   2.0092210e+06   4.2785645e+01
   2.0092730e+06   6.5917969e+01
   2.0092830e+06   3.9489746e+01
   2.0093390e+06   3.9245605e+01
   2.0093600e+06   3.9611816e+01
   2.0094380e+06   4.6325684e+01
   2.0094690e+06   5.6640625e+01
   2.0095370e+06   4.0100098e+01
   2.0095640e+06   4.7729492e+01
   2.0095760e+06   4.8461914e+01
   2.0096200e+06   4.2846680e+01
   2.0096760e+06   4.3029785e+01
   2.0097380e+06   4.0161133e+01
   2.0097770e+06   4.6264648e+01
   2.0097940e+06   4.1137695e+01
   2.0099320e+06   4.9011230e+01
   2.0114680e+06   4.3395996e+01
   2.0151970e+06   3.9428711e+01
   2.0165090e+06   4.1381836e+01
   2.0169550e+06   4.2846680e+01
   2.0195140e+06   4.1809082e+01
   2.0213460e+06   4.9438477e+01
   2.0218020e+06   5.0231934e+01
   2.0218740e+06   9.0759277e+01
   2.0219530e+06   4.6875000e+01
   2.0220710e+06   5.2490234e+01
   2.0221200e+06   8.3740234e+01
   2.0221440e+06   7.4890137e+01
   2.0221730e+06   4.6997070e+01
   2.0222680e+06   5.2001953e+01
   2.0222950e+06   4.4799805e+01
   2.0223110e+06   6.7504883e+01
   2.0223710e+06   4.4616699e+01
   2.0224430e+06   4.1015625e+01
   2.0224760e+06   7.0861816e+01
   2.0225090e+06   3.8940430e+01
   2.0225460e+06   4.1015625e+01
   2.0225940e+06   4.6264648e+01
   2.0226100e+06   9.2712402e+01
   2.0226510e+06   4.0283203e+01
   2.0226730e+06   4.7607422e+01
   2.0227120e+06   3.9001465e+01
   2.0227670e+06   4.5837402e+01
   2.0228270e+06   3.9611816e+01
   2.0228590e+06   4.3640137e+01
   2.0229360e+06   4.0954590e+01
   2.0229650e+06   4.1259766e+01
   2.0230430e+06   3.9794922e+01
   2.0231110e+06   4.2968750e+01
   2.0252370e+06   4.1259766e+01
   2.0275180e+06   4.2297363e+01
   2.0281820e+06   8.9050293e+01
   2.0283430e+06   4.7363281e+01
   2.0357810e+06   5.7983398e+01
   2.0361980e+06   4.7241211e+01
   2.0363790e+06   7.9162598e+01
   2.0364320e+06   4.6875000e+01
   2.0364690e+06   4.1381836e+01
   2.0365430e+06   8.7707520e+01
   2.0365820e+06   8.9904785e+01
   2.0366180e+06   4.1381836e+01
   2.0366690e+06   4.1137695e+01
   2.0366880e+06   7.8369141e+01
   2.0367280e+06   7.2326660e+01
   2.0367620e+06   6.6955566e+01
   2.0367860e+06   4.3579102e+01
   2.0368130e+06   4.3273926e+01
   2.0368270e+06   9.6679688e+01
   2.0368630e+06   5.3100586e+01
   2.0368990e+06   4.8645020e+01
   2.0369150e+06   5.5175781e+01
   2.0369610e+06   8.1176758e+01
   2.0369880e+06   4.0527344e+01
   2.0370290e+06   5.8044434e+01
   2.0370670e+06   4.3151855e+01
   2.0370850e+06   5.5786133e+01
   2.0371150e+06   4.8156738e+01
   2.0372380e+06   4.1259766e+01
   2.0373120e+06   5.0415039e+01
   2.0373370e+06   4.8828125e+01
   2.0375080e+06   4.4433594e+01
   2.0375190e+06   4.9987793e+01
   2.0376920e+06   4.9560547e+01
   2.0377970e+06   4.5349121e+01
   2.0378870e+06   4.3090820e+01
   2.0394270e+06   4.9438477e+01
   2.0422930e+06   4.0222168e+01
   2.0435060e+06   4.5471191e+01
   2.0439510e+06   4.1076660e+01
   2.0488040e+06   4.9743652e+01
   2.0492920e+06   4.3823242e+01
   2.0495200e+06   7.6843262e+01
   2.0495570e+06   4.7973633e+01
   2.0496530e+06   4.0405273e+01
   2.0496640e+06   4.5898438e+01
   2.0497420e+06   1.6589355e+02
   2.0497720e+06   4.8217773e+01
   2.0498570e+06   4.0100098e+01
   2.0499060e+06   6.1340332e+01
   2.0499180e+06   8.9904785e+01
   2.0499920e+06   3.9001465e+01
   2.0500090e+06   4.6691895e+01
   2.0500650e+06   7.2204590e+01
   2.0500800e+06   8.6059570e+01
   2.0501510e+06   3.9245605e+01
   2.0502110e+06   5.1818848e+01
   2.0502490e+06   4.4738770e+01
   2.0502730e+06   4.3762207e+01
   2.0502980e+06   4.4006348e+01
   2.0503520e+06   5.1574707e+01
   2.0503960e+06   4.1320801e+01
   2.0504240e+06   4.1748047e+01
   2.0504460e+06   4.3457031e+01
   2.0504720e+06   4.5776367e+01
   2.0504840e+06   4.9926758e+01
   2.0505330e+06   4.2724609e+01
   2.0506160e+06   4.3701172e+01
   2.0506570e+06   4.4067383e+01
   2.0507680e+06   3.9916992e+01
   2.0509320e+06   4.0527344e+01
   2.0510000e+06   4.2114258e+01
   2.0520970e+06   4.2175293e+01
   2.0524020e+06   4.1198730e+01
   2.0528270e+06   5.9692383e+01
   2.0551200e+06   9.2407227e+01
   2.0554700e+06   4.8034668e+01
   2.0559010e+06   4.3212891e+01
   2.0563440e+06   5.1208496e+01
   2.0567710e+06   4.3334961e+01
   2.0732060e+06   5.9265137e+01
   2.0732930e+06   9.9487305e+01
   2.0733380e+06   4.7973633e+01
   2.0733970e+06   5.6884766e+01
   2.0734340e+06   9.6740723e+01
   2.0734460e+06   9.5214844e+01
   2.0734710e+06   7.5317383e+01
   2.0735330e+06   4.1442871e+01
   2.0735610e+06   8.4594727e+01
   2.0735840e+06   4.4799805e+01
   2.0736240e+06   4.0161133e+01
   2.0736420e+06   6.2500000e+01
   2.0736920e+06   7.9345703e+01
   2.0737080e+06   4.1442871e+01
   2.0737290e+06   4.5349121e+01
   2.0737490e+06   4.1870117e+01
   2.0737600e+06   6.0852051e+01
   2.0737860e+06   4.3273926e+01
   2.0738170e+06   4.4494629e+01
   2.0738450e+06   6.1096191e+01
   2.0738860e+06   5.8654785e+01
   2.0739000e+06   5.3039551e+01
   2.0739320e+06   5.9020996e+01
   2.0739480e+06   4.0771484e+01
   2.0739780e+06   3.9855957e+01
   2.0740050e+06   5.1330566e+01
   2.0740430e+06   4.1748047e+01
   2.0740730e+06   5.3588867e+01
   2.0741060e+06   3.9794922e+01
   2.0741310e+06   5.0109863e+01
   2.0741500e+06   3.9062500e+01
   2.0741760e+06   4.1076660e+01
   2.0742290e+06   5.7739258e+01
   2.0743590e+06   4.0954590e+01
   2.0746750e+06   4.2541504e+01
   2.0749160e+06   3.9794922e+01
   2.0751190e+06   4.3334961e+01
   2.0761590e+06   4.3457031e+01
   2.0784410e+06   5.7617188e+01
   2.0787060e+06   4.9316406e+01
   2.0789200e+06   3.9794922e+01
   2.0800260e+06   4.5288086e+01
   2.0807720e+06   4.2114258e+01
   2.0818930e+06   4.2480469e+01
   2.0823140e+06   5.5419922e+01
   2.0828000e+06   4.9438477e+01
   2.0870800e+06   5.8044434e+01
   2.0876320e+06   5.1147461e+01
   2.1569800e+06   4.1320801e+01
   2.2774890e+06   3.9062500e+01
   2.4158210e+06   4.2114258e+01
   2.4471170e+06   4.3273926e+01
   2.4687620e+06   4.6325684e+01
   2.5418540e+06   4.4433594e+01
   2.5418780e+06   7.6721191e+01
   2.5418970e+06   1.5228271e+02
   2.5419330e+06   5.0537109e+01
   2.5419480e+06   5.5236816e+01
   2.5419700e+06   4.4738770e+01
   2.5419870e+06   4.7668457e+01
   2.5419980e+06   7.1411133e+01
   2.5420230e+06   4.0161133e+01
   2.5420490e+06   5.7006836e+01
   2.5420720e+06   5.1513672e+01
   2.5420840e+06   5.1147461e+01
   2.5421390e+06   4.3395996e+01
   2.5422060e+06   5.4870605e+01
   2.5423880e+06   4.7546387e+01
   2.5427650e+06   3.9428711e+01
   2.5431070e+06   4.3457031e+01
   2.5437270e+06   4.1625977e+01
   2.5437890e+06   4.0710449e+01
   2.5439030e+06   4.1992188e+01
   2.5439390e+06   6.1096191e+01
   2.5440730e+06   4.2907715e+01
   2.5442630e+06   4.1748047e+01
   2.5443720e+06   4.2419434e+01
   2.5444370e+06   4.0954590e+01
   2.5446060e+06   4.0283203e+01
   2.5446430e+06   4.3579102e+01
   2.5447450e+06   4.5471191e+01
   2.5448340e+06   4.4799805e+01
   2.5449170e+06   4.6997070e+01
   2.5451330e+06   4.3090820e+01
   2.5452580e+06   4.3395996e+01
   2.5455430e+06   4.3884277e+01
   2.5458340e+06   4.3518066e+01
   2.5460950e+06   4.6936035e+01
   2.5463240e+06   5.5480957e+01
   2.5469490e+06   5.2551270e+01
   2.5470290e+06   4.2846680e+01
   2.5475990e+06   5.0476074e+01
   2.5479950e+06   4.7119141e+01
   2.5482000e+06   4.2907715e+01
   2.5484750e+06   4.6203613e+01
   2.5487200e+06   3.9978027e+01
   2.5495260e+06   1.0180664e+02
   2.5668020e+06   3.9611816e+01
   2.5709660e+06   4.0405273e+01
   2.6335010e+06   3.9062500e+01
   2.7618710e+06   3.9489746e+01
   2.8327290e+06   4.5349121e+01
   2.8327650e+06   5.0354004e+01
   2.8327880e+06   1.7132568e+02
   2.8328040e+06   4.9499512e+01
   2.8328390e+06   1.2579346e+02
   2.8328550e+06   9.0515137e+01
   2.8328720e+06   6.0607910e+01
   2.8328890e+06   4.2541504e+01
   2.8329190e+06   5.6701660e+01
   2.8329490e+06   4.6508789e+01
   2.8329670e+06   5.4321289e+01
   2.8330120e+06   4.3395996e+01
   2.8330310e+06   5.3405762e+01
   2.8330650e+06   4.1259766e+01
   2.8331010e+06   4.2419434e+01
   2.8333480e+06   3.9001465e+01
   2.8335350e+06   4.3273926e+01
   2.8337950e+06   4.2053223e+01
   2.8341750e+06   4.3212891e+01
   2.8343470e+06   4.1870117e+01
   2.8344050e+06   4.5471191e+01
   2.8344390e+06   3.9184570e+01
   2.8344640e+06   6.5368652e+01
   2.8345850e+06   4.4006348e+01
   2.8347240e+06   3.9001465e+01
   2.8347750e+06   3.9367676e+01
   2.8349660e+06   4.1015625e+01
   2.8350770e+06   4.2541504e+01
   2.8352000e+06   3.9123535e+01
   2.8352660e+06   3.9062500e+01
   2.8353530e+06   4.3151855e+01
   2.8353950e+06   4.5959473e+01
   2.8360430e+06   3.9245605e+01
   2.8360740e+06   4.8278809e+01
   2.8362150e+06   5.1208496e+01
   2.8363280e+06   4.6447754e+01
   2.8364360e+06   4.2541504e+01
   2.8364880e+06   4.3579102e+01
   2.8366440e+06   4.8156738e+01
   2.8366540e+06   5.4382324e+01
   2.8368990e+06   5.4809570e+01
   2.8370100e+06   5.2917480e+01
   2.8371270e+06   6.0058594e+01
   2.8372240e+06   3.9001465e+01
   2.8373980e+06   3.9123535e+01
   2.8375630e+06   4.1259766e+01
   2.8379080e+06   4.3884277e+01
   2.8382560e+06   4.0344238e+01
   2.8384390e+06   4.3212891e+01
   2.8386400e+06   4.2663574e+01
   2.8388290e+06   4.3579102e+01
   2.8390300e+06   4.5104980e+01
   2.8392380e+06   4.8095703e+01
   2.8394580e+06   5.2856445e+01
   2.8396740e+06   5.8837891e+01
   2.8399130e+06   4.5349121e+01
   2.8404150e+06   5.7006836e+01
   2.8406860e+06   5.7617188e+01
   2.8507580e+06   4.0954590e+01
   2.8507910e+06   7.5927734e+01
   2.8508170e+06   4.4433594e+01
   2.8508290e+06   1.7498779e+02
   2.8508620e+06   8.1298828e+01
   2.8508810e+06   4.4433594e+01
   2.8509060e+06   1.1193848e+02
   2.8509350e+06   5.5603027e+01
   2.8509450e+06   7.7331543e+01
   2.8509690e+06   6.7504883e+01
   2.8509810e+06   4.4372559e+01
   2.8510200e+06   4.9377441e+01
   2.8510350e+06   5.8776855e+01
   2.8510480e+06   5.9326172e+01
   2.8510670e+06   5.7189941e+01
   2.8510880e+06   4.2724609e+01
   2.8511140e+06   4.4555664e+01
   2.8511440e+06   4.6386719e+01
   2.8511920e+06   4.3273926e+01
   2.8512500e+06   4.0405273e+01
   2.8512640e+06   4.4616699e+01
   2.8513430e+06   4.4860840e+01
   2.8514100e+06   4.5593262e+01
   2.8514250e+06   4.0954590e+01
   2.8515300e+06   4.1076660e+01
   2.8515460e+06   4.1870117e+01
   2.8515990e+06   4.3579102e+01
   2.8516490e+06   4.4006348e+01
   2.8516990e+06   5.1452637e+01
   2.8517550e+06   4.8828125e+01
   2.8518730e+06   3.9489746e+01
   2.8519810e+06   4.1870117e+01
   2.8520080e+06   6.1462402e+01
   2.8531360e+06   4.3945313e+01
   2.8534710e+06   4.4006348e+01
   2.8536330e+06   4.5288086e+01
   2.8538400e+06   6.3964844e+01
   2.8541870e+06   6.1706543e+01
   2.8555230e+06   3.9550781e+01
   2.8559010e+06   4.4067383e+01
   2.8561330e+06   4.6508789e+01
   2.8566580e+06   3.9733887e+01
   2.8569040e+06   5.5297852e+01
   2.8571920e+06   5.0170898e+01
   2.8579400e+06   6.9091797e+01
   2.8708660e+06   3.9184570e+01
   2.8709030e+06   1.6210938e+02
   2.8709220e+06   4.0832520e+01
   2.8709440e+06   5.0354004e+01
   2.8709700e+06   1.0595703e+02
   2.8710040e+06   6.2255859e+01
   2.8710420e+06   7.8735352e+01
   2.8710520e+06   1.0229492e+02
   2.8710740e+06   5.6518555e+01
   2.8711130e+06   5.5114746e+01
   2.8711290e+06   4.9621582e+01
   2.8711570e+06   6.7810059e+01
   2.8711920e+06   4.6508789e+01
   2.8712220e+06   8.3740234e+01
   2.8712340e+06   5.7006836e+01
   2.8712480e+06   4.8889160e+01
   2.8712660e+06   3.9611816e+01
   2.8712990e+06   4.4982910e+01
   2.8713340e+06   5.0598145e+01
   2.8713560e+06   4.0893555e+01
   2.8714440e+06   4.7546387e+01
   2.8714760e+06   4.0527344e+01
   2.8715580e+06   5.4504395e+01
   2.8717250e+06   4.5471191e+01
   2.8723210e+06   4.4982910e+01
   2.8723610e+06   4.1992188e+01
   2.8728690e+06   4.1381836e+01
   2.8730840e+06   3.9550781e+01
   2.8733640e+06   4.2846680e+01
   2.8735410e+06   4.0405273e+01
   2.8745620e+06   4.8461914e+01
   2.8747390e+06   3.9733887e+01
   2.8749300e+06   4.4372559e+01
   2.8755850e+06   5.0048828e+01
   2.8757660e+06   4.2175293e+01
   2.8761490e+06   5.4382324e+01
   2.8762060e+06   3.9489746e+01
   2.8764700e+06   3.9245605e+01
   2.8767040e+06   3.9611816e+01
   2.8769650e+06   4.1870117e+01
   2.8769980e+06   6.4636230e+01
   2.8772300e+06   4.4311523e+01
   2.8775440e+06   4.0954590e+01
   2.8784970e+06   4.8156738e+01
   2.8788250e+06   4.8889160e+01
   2.8962140e+06   5.5480957e+01
   2.8962300e+06   1.4996338e+02
   2.8962500e+06   1.7980957e+02
   2.8962690e+06   5.8410645e+01
   2.8962940e+06   6.0424805e+01
   2.8963240e+06   7.7941895e+01
   2.8963400e+06   4.4433594e+01
   2.8963600e+06   4.3579102e+01
   2.8963700e+06   8.8500977e+01
   2.8963860e+06   7.3486328e+01
   2.8964020e+06   4.3579102e+01
   2.8964170e+06   4.8706055e+01
   2.8964440e+06   6.4392090e+01
   2.8964710e+06   9.6740723e+01
   2.8964940e+06   5.0842285e+01
   2.8965280e+06   6.0913086e+01
   2.8965690e+06   4.9377441e+01
   2.8966100e+06   5.0048828e+01
   2.8966540e+06   4.1076660e+01
   2.8966700e+06   6.6528320e+01
   2.8966990e+06   4.0161133e+01
   2.8967140e+06   3.9855957e+01
   2.8967610e+06   3.9001465e+01
   2.8967910e+06   4.5532227e+01
   2.8968270e+06   3.9245605e+01
   2.8968400e+06   4.7424316e+01
   2.8969670e+06   5.0537109e+01
   2.8972560e+06   3.8940430e+01
   2.8975740e+06   3.9855957e+01
   2.8980630e+06   4.0344238e+01
   2.8984870e+06   4.0649414e+01
   2.8986340e+06   4.3518066e+01
   2.8989580e+06   4.2846680e+01
   2.8992160e+06   4.1931152e+01
   2.8992380e+06   4.4067383e+01
   2.8994250e+06   4.7424316e+01
   2.8996600e+06   5.7067871e+01
   2.9004920e+06   4.4128418e+01
   2.9005420e+06   4.8034668e+01
   2.9006870e+06   3.9550781e+01
   2.9011310e+06   4.1748047e+01
   2.9016130e+06   4.7668457e+01
   2.9021230e+06   4.6936035e+01
   2.9024130e+06   4.4616699e+01
   2.9026450e+06   4.2419434e+01
   2.9029270e+06   5.2795410e+01
   2.9031760e+06   4.0100098e+01
   2.9035090e+06   4.6813965e+01
   2.9038300e+06   4.5898438e+01
   2.9041990e+06   5.4016113e+01
   2.9045640e+06   5.1025391e+01
   2.9273790e+06   4.7241211e+01
   2.9274100e+06   1.2512207e+02
   2.9274230e+06   1.2432861e+02
   2.9274630e+06   3.9550781e+01
   2.9274760e+06   7.1166992e+01
   2.9274920e+06   7.0129395e+01
   2.9275090e+06   6.2988281e+01
   2.9275400e+06   6.2988281e+01
   2.9275630e+06   5.4687500e+01
   2.9275800e+06   4.2297363e+01
   2.9276010e+06   4.3884277e+01
   2.9276160e+06   6.7810059e+01
   2.9276530e+06   7.3364258e+01
   2.9276890e+06   5.8044434e+01
   2.9277740e+06   5.1879883e+01
   2.9277910e+06   4.1381836e+01
   2.9278090e+06   4.2236328e+01
   2.9278350e+06   4.8217773e+01
   2.9278870e+06   4.0039063e+01
   2.9279530e+06   4.4555664e+01
   2.9279890e+06   3.9672852e+01
   2.9280360e+06   4.9560547e+01
   2.9282080e+06   3.9001465e+01
   2.9285980e+06   3.9611816e+01
   2.9288610e+06   3.9123535e+01
   2.9293180e+06   4.3029785e+01
   2.9295470e+06   3.9672852e+01
   2.9301790e+06   4.1809082e+01
   2.9303220e+06   4.2114258e+01
   2.9305350e+06   4.3579102e+01
   2.9306130e+06   4.1870117e+01
   2.9308390e+06   4.9255371e+01
   2.9310620e+06   6.9641113e+01
   2.9313460e+06   4.7546387e+01
   2.9324590e+06   4.2663574e+01
   2.9329390e+06   3.9489746e+01
   2.9331900e+06   4.2419434e+01
   2.9334380e+06   4.4128418e+01
   2.9339810e+06   4.7363281e+01
   2.9342700e+06   5.4443359e+01
   2.9345820e+06   4.3334961e+01
   2.9348630e+06   4.9133301e+01
   2.9351570e+06   4.1931152e+01
   2.9355680e+06   5.0659180e+01
   2.9359220e+06   4.6264648e+01
   2.9393110e+06   4.0100098e+01
   2.9408060e+06   4.0710449e+01
   2.9442880e+06   6.1401367e+01
   2.9444480e+06   9.9609375e+01
   2.9445130e+06   5.6274414e+01
   2.9447290e+06   7.8308105e+01
   2.9447410e+06   4.1992188e+01
   2.9448440e+06   4.1259766e+01
   2.9448620e+06   1.0742188e+02
   2.9448760e+06   4.0771484e+01
   2.9449030e+06   8.8439941e+01
   2.9449180e+06   4.5043945e+01
   2.9449650e+06   4.0039063e+01
   2.9449840e+06   9.1308594e+01
   2.9450260e+06   8.0017090e+01
   2.9450760e+06   5.1940918e+01
   2.9450910e+06   8.2885742e+01
   2.9451160e+06   3.9489746e+01
   2.9451430e+06   6.9152832e+01
   2.9451730e+06   5.2856445e+01
   2.9451930e+06   6.5307617e+01
   2.9452110e+06   4.1198730e+01
   2.9452270e+06   4.4555664e+01
   2.9452640e+06   7.4645996e+01
   2.9452840e+06   4.1748047e+01
   2.9452990e+06   5.6335449e+01
   2.9453490e+06   4.3945313e+01
   2.9453880e+06   3.9733887e+01
   2.9454150e+06   5.0903320e+01
   2.9454310e+06   4.0405273e+01
   2.9454840e+06   4.1015625e+01
   2.9455190e+06   4.7424316e+01
   2.9455430e+06   4.4494629e+01
   2.9457470e+06   4.3884277e+01
   2.9457970e+06   4.4067383e+01
   2.9458980e+06   3.9611816e+01
   2.9459910e+06   4.3029785e+01
   2.9461670e+06   4.1320801e+01
   2.9474550e+06   3.9489746e+01
   2.9475740e+06   3.9184570e+01
   2.9478350e+06   4.1625977e+01
   2.9482390e+06   4.0710449e+01
   2.9484720e+06   5.6884766e+01
   2.9510200e+06   4.2114258e+01
   2.9513000e+06   3.9245605e+01
   2.9514420e+06   4.1076660e+01
   2.9516340e+06   6.2988281e+01
   2.9516940e+06   4.1015625e+01
   2.9520180e+06   4.4006348e+01
   2.9522730e+06   4.3090820e+01
   2.9526160e+06   4.0161133e+01
   2.9529740e+06   4.9072266e+01
   2.9533190e+06   4.4311523e+01
   2.9537370e+06   4.3823242e+01
   2.9542310e+06   5.6213379e+01
   2.9545250e+06   6.0485840e+01
   2.9554670e+06   5.0354004e+01
   2.9560010e+06   5.0659180e+01
   2.9593560e+06   7.7026367e+01
   2.9597730e+06   5.3588867e+01
   2.9668430e+06   5.9326172e+01
   2.9669510e+06   9.0087891e+01
   2.9670480e+06   5.1696777e+01
   2.9671620e+06   9.0454102e+01
   2.9671900e+06   1.1236572e+02
   2.9672180e+06   5.9631348e+01
   2.9672300e+06   4.0283203e+01
   2.9672670e+06   4.6630859e+01
   2.9672950e+06   6.7871094e+01
   2.9673100e+06   9.6679688e+01
   2.9673410e+06   5.1696777e+01
   2.9673580e+06   4.5104980e+01
   2.9674060e+06   6.2377930e+01
   2.9674160e+06   8.9416504e+01
   2.9674510e+06   4.6264648e+01
   2.9674680e+06   4.4311523e+01
   2.9674900e+06   4.6813965e+01
   2.9675060e+06   5.5419922e+01
   2.9676070e+06   6.3293457e+01
   2.9676430e+06   4.0405273e+01
   2.9676700e+06   3.9489746e+01
   2.9677110e+06   4.5532227e+01
   2.9677370e+06   5.4260254e+01
   2.9677830e+06   5.6701660e+01
   2.9678000e+06   4.3090820e+01
   2.9678330e+06   4.7241211e+01
   2.9678590e+06   4.0954590e+01
   2.9678700e+06   3.9184570e+01
   2.9679020e+06   4.5227051e+01
   2.9679270e+06   4.3640137e+01
   2.9679570e+06   4.2297363e+01
   2.9681000e+06   5.1208496e+01
   2.9683630e+06   3.9001465e+01
   2.9684180e+06   4.2480469e+01
   2.9686650e+06   4.3395996e+01
   2.9696700e+06   3.9978027e+01
   2.9705460e+06   4.8889160e+01
   2.9708430e+06   5.6518555e+01
   2.9711380e+06   5.7922363e+01
   2.9730940e+06   4.6264648e+01
   2.9733660e+06   4.2846680e+01
   2.9739590e+06   4.4067383e+01
   2.9742750e+06   4.4372559e+01
   2.9745910e+06   4.2419434e+01
   2.9749090e+06   4.8583984e+01
   2.9752680e+06   4.3334961e+01
   2.9756580e+06   4.2419434e+01
   2.9760470e+06   4.5715332e+01
   2.9772100e+06   4.9865723e+01
   2.9776520e+06   4.7424316e+01
   2.9807160e+06   4.8583984e+01
   2.9900550e+06   3.9855957e+01
   2.9935910e+06   5.4870605e+01
   2.9936510e+06   1.1480713e+02
   2.9937270e+06   4.3151855e+01
   2.9937530e+06   8.5632324e+01
   2.9937900e+06   1.1102295e+02
   2.9938250e+06   5.4138184e+01
   2.9938550e+06   6.1889648e+01
   2.9938670e+06   5.2856445e+01
   2.9938820e+06   4.9560547e+01
   2.9938990e+06   4.2358398e+01
   2.9939240e+06   6.4147949e+01
   2.9939550e+06   7.9833984e+01
   2.9939740e+06   5.9143066e+01
   2.9939860e+06   4.5471191e+01
   2.9940110e+06   4.7607422e+01
   2.9940260e+06   5.9936523e+01
   2.9940530e+06   6.5734863e+01
   2.9940770e+06   4.9255371e+01
   2.9941010e+06   4.5349121e+01
   2.9941400e+06   4.1381836e+01
   2.9941660e+06   4.4494629e+01
   2.9941900e+06   4.4677734e+01
   2.9942000e+06   5.2856445e+01
   2.9942330e+06   4.5288086e+01
   2.9942660e+06   4.1809082e+01
   2.9942920e+06   5.2368164e+01
   2.9943030e+06   4.9743652e+01
   2.9943260e+06   4.1625977e+01
   2.9943590e+06   4.7546387e+01
   2.9945610e+06   4.3884277e+01
   2.9947320e+06   4.1564941e+01
   2.9955600e+06   3.9978027e+01
   2.9964060e+06   4.4555664e+01
   2.9966040e+06   4.0771484e+01
   2.9968820e+06   4.6875000e+01
   2.9996280e+06   4.0405273e+01
