   3.0000000e+06   0.0000000e+00
   7.6654000e+04   3.6437988e+01
   7.6669000e+04   4.7119141e+01
   7.6700000e+04   4.7119141e+01
   7.6747000e+04   3.8574219e+01
   7.6770000e+04   4.2053223e+01
   7.6803000e+04   4.1687012e+01
   7.6840000e+04   3.8818359e+01
   2.4568900e+05   3.7048340e+01
   2.4571600e+05   3.7902832e+01
   2.4577200e+05   3.8330078e+01
   2.4579900e+05   4.8034668e+01
   2.4581000e+05   4.1992188e+01
   2.4585200e+05   3.8330078e+01
   2.4595700e+05   4.0405273e+01
   3.6450300e+05   4.3457031e+01
   3.6453400e+05   4.6875000e+01
   3.6456800e+05   4.3273926e+01
   3.6458100e+05   3.7048340e+01
   3.6466600e+05   5.5358887e+01
   3.6472100e+05   3.6804199e+01
   3.6474600e+05   3.6621094e+01
   3.8202900e+05   4.4738770e+01
   3.8206000e+05   4.6997070e+01
   3.8211600e+05   3.9184570e+01
   3.8214800e+05   4.0283203e+01
   3.8222400e+05   3.7414551e+01
   3.8251100e+05   3.6987305e+01
   3.8255100e+05   3.9672852e+01
   3.9609800e+05   5.0231934e+01
   3.9616700e+05   3.9367676e+01
   3.9619900e+05   3.9306641e+01
   3.9622000e+05   3.8391113e+01
   3.9626600e+05   4.1137695e+01
   3.9635800e+05   4.7424316e+01
   3.9639900e+05   3.6682129e+01
   3.9677900e+05   4.4189453e+01
   4.0786000e+05   3.7109375e+01
   4.0808100e+05   3.8574219e+01
   4.0809800e+05   3.8879395e+01
   4.0814600e+05   3.9123535e+01
   4.0825800e+05   4.2175293e+01
   4.0840800e+05   4.4128418e+01
   4.0911000e+05   4.3701172e+01
   4.0963700e+05   3.7475586e+01
   4.1988700e+05   3.6743164e+01
   4.1993700e+05   3.8146973e+01
   4.2008400e+05   3.7414551e+01
   4.2014700e+05   4.1320801e+01
   4.2025400e+05   3.6743164e+01
   4.2042000e+05   3.9855957e+01
   4.3150100e+05   3.8696289e+01
   4.3159400e+05   3.7963867e+01
   4.3187900e+05   4.7729492e+01
   4.4503800e+05   3.7109375e+01
   4.4505600e+05   3.6315918e+01
   4.4507600e+05   4.6447754e+01
   4.4528800e+05   3.9550781e+01
   4.4543100e+05   3.9550781e+01
   4.5630900e+05   3.6987305e+01
   4.5639100e+05   3.6560059e+01
   4.5643800e+05   3.8391113e+01
   4.8307000e+05   3.7414551e+01
   4.8365700e+05   3.8513184e+01
   4.9590600e+05   3.9428711e+01
   4.9629600e+05   3.7414551e+01
   4.9694500e+05   4.0161133e+01
   5.0852500e+05   3.6499023e+01
   5.0888300e+05   3.9611816e+01
   5.0895600e+05   3.7292480e+01
   5.0915700e+05   4.7607422e+01
   5.3444000e+05   3.7231445e+01
   5.3447600e+05   3.7353516e+01
   5.5702100e+05   4.2236328e+01
   5.5714000e+05   3.6315918e+01
   5.5730900e+05   3.7536621e+01
   5.5743900e+05   3.7109375e+01
   5.5779000e+05   4.4921875e+01
   5.5839400e+05   3.7170410e+01
   1.0310750e+06   5.6579590e+01
   1.0310970e+06   4.0527344e+01
   1.0311140e+06   4.3884277e+01
   1.0311370e+06   4.8706055e+01
   1.0311790e+06   4.5288086e+01
   1.0312690e+06   4.3334961e+01
   1.0313690e+06   4.0893555e+01
   1.0334470e+06   3.6437988e+01
   1.2388930e+06   5.2612305e+01
   1.2389260e+06   5.0903320e+01
   1.2389770e+06   5.0048828e+01
   1.2389890e+06   3.9184570e+01
   1.2390040e+06   3.7719727e+01
   1.2390460e+06   3.8696289e+01
   1.2390770e+06   4.6203613e+01
   1.2391240e+06   4.3212891e+01
   1.2410100e+06   3.6804199e+01
   1.4630470e+06   4.5227051e+01
   1.4631180e+06   4.8156738e+01
   1.4631360e+06   5.5603027e+01
   1.4632480e+06   3.7597656e+01
   1.4632610e+06   3.9855957e+01
   1.4632990e+06   3.8024902e+01
   1.4661370e+06   3.8330078e+01
   1.4662820e+06   3.6926270e+01
   1.6353240e+06   3.9123535e+01
   1.6353680e+06   5.2368164e+01
   1.6353860e+06   4.4250488e+01
   1.6354450e+06   4.3762207e+01
   1.6354590e+06   4.0649414e+01
   1.6355120e+06   4.5471191e+01
   1.8391780e+06   3.8879395e+01
   1.8391920e+06   5.1452637e+01
   1.8392370e+06   3.7170410e+01
   1.8393130e+06   3.8574219e+01
   1.8393300e+06   4.0771484e+01
   1.8394180e+06   3.8024902e+01
   1.8395220e+06   3.8024902e+01
   1.8534840e+06   3.9611816e+01
   1.8535150e+06   4.0161133e+01
   1.8535270e+06   3.7719727e+01
   1.8535560e+06   3.7353516e+01
   1.8535790e+06   4.3884277e+01
   1.8536160e+06   4.5349121e+01
   1.8537760e+06   4.0832520e+01
   1.8537950e+06   3.8757324e+01
   1.8538740e+06   4.1015625e+01
   1.8542880e+06   3.7109375e+01
   1.8545570e+06   3.8208008e+01
   1.8546730e+06   3.7536621e+01
   1.8555630e+06   3.7658691e+01
   1.8669450e+06   3.6499023e+01
   1.8670730e+06   3.9611816e+01
   1.8670910e+06   3.6987305e+01
   1.8671310e+06   3.6926270e+01
   1.8671970e+06   3.8024902e+01
   1.8673420e+06   3.9428711e+01
   1.8674920e+06   3.8146973e+01
   1.8677960e+06   4.4433594e+01
   1.8679390e+06   3.8513184e+01
   1.8799860e+06   3.9062500e+01
   1.8800150e+06   4.1564941e+01
   1.8800620e+06   4.1809082e+01
   1.8800910e+06   3.7353516e+01
   1.8801680e+06   4.1015625e+01
   1.8804680e+06   3.9245605e+01
   1.9035740e+06   4.0222168e+01
   1.9036410e+06   5.7128906e+01
   1.9036650e+06   4.0405273e+01
   1.9037640e+06   4.7363281e+01
   1.9049060e+06   3.8635254e+01
   1.9229850e+06   4.2114258e+01
   1.9230570e+06   4.3395996e+01
   1.9231450e+06   4.5288086e+01
   1.9232850e+06   3.6437988e+01
   1.9241540e+06   4.3151855e+01
   1.9386740e+06   3.7170410e+01
   1.9386910e+06   3.7109375e+01
   1.9389170e+06   5.2795410e+01
   1.9391950e+06   3.8146973e+01
   1.9513060e+06   4.2419434e+01
   1.9513490e+06   3.9672852e+01
   1.9517320e+06   3.6376953e+01
   1.9689030e+06   4.0588379e+01
   1.9689750e+06   5.1208496e+01
   1.9691410e+06   4.0649414e+01
   1.9693300e+06   3.6926270e+01
   1.9824760e+06   4.3395996e+01
   1.9828120e+06   3.8085938e+01
   1.9948930e+06   3.9123535e+01
   2.0093470e+06   3.9855957e+01
   2.0094230e+06   3.7658691e+01
   2.0094880e+06   3.7231445e+01
   2.0095640e+06   3.9794922e+01
   2.0095840e+06   3.8879395e+01
   2.0097180e+06   3.6560059e+01
   2.0101790e+06   3.8818359e+01
   2.0228490e+06   3.7292480e+01
   2.0229220e+06   4.6447754e+01
   2.0231580e+06   3.7658691e+01
   2.0235480e+06   3.6560059e+01
   2.0371630e+06   3.8146973e+01
   2.0510590e+06   4.3945313e+01
   2.0739530e+06   3.7475586e+01
   2.0740370e+06   4.1442871e+01
   2.0740760e+06   3.6987305e+01
   2.0741550e+06   4.6752930e+01
   2.0745120e+06   3.7597656e+01
   2.5417430e+06   3.8513184e+01
   2.5418210e+06   4.8767090e+01
   2.5418380e+06   4.4067383e+01
   2.5418520e+06   3.9794922e+01
   2.5419030e+06   4.3823242e+01
   2.5419330e+06   3.8391113e+01
   2.5419550e+06   3.7780762e+01
   2.5420160e+06   3.7475586e+01
   2.5420280e+06   3.9123535e+01
   2.5444210e+06   3.6315918e+01
   2.8326720e+06   4.6691895e+01
   2.8327490e+06   3.7536621e+01
   2.8327740e+06   3.8940430e+01
   2.8327880e+06   3.8513184e+01
   2.8353390e+06   3.7475586e+01
   2.8507400e+06   3.6987305e+01
   2.8507520e+06   4.0161133e+01
   2.8508460e+06   4.4860840e+01
   2.8508810e+06   4.6020508e+01
   2.8509400e+06   3.8940430e+01
   2.8510570e+06   3.8024902e+01
   2.8511840e+06   3.9794922e+01
   2.8707640e+06   3.7109375e+01
   2.8708790e+06   4.0039063e+01
   2.8709040e+06   5.0598145e+01
   2.8710310e+06   4.2480469e+01
   2.8710760e+06   4.2053223e+01
   2.8711040e+06   3.9733887e+01
   2.8711540e+06   3.8269043e+01
   2.8713270e+06   3.6315918e+01
   2.8961050e+06   4.4738770e+01
   2.8962030e+06   3.9916992e+01
   2.8962280e+06   3.6621094e+01
   2.8963140e+06   3.8574219e+01
   2.8964010e+06   4.0283203e+01
   2.8973140e+06   3.6376953e+01
   2.8980130e+06   3.9001465e+01
   2.9274760e+06   4.3029785e+01
   2.9275840e+06   4.2846680e+01
   2.9277030e+06   3.7841797e+01
   2.9277890e+06   4.2602539e+01
   2.9451850e+06   3.7353516e+01
   2.9452120e+06   4.0161133e+01
   2.9454880e+06   3.7048340e+01
   2.9675430e+06   3.6743164e+01
   2.9675820e+06   5.2856445e+01
   2.9675940e+06   4.6569824e+01
   2.9677080e+06   5.8471680e+01
   2.9678930e+06   3.7292480e+01
   2.9679330e+06   3.6315918e+01
   2.9940860e+06   4.0527344e+01
   2.9941540e+06   3.8391113e+01
   2.9942000e+06   3.7658691e+01
   2.9942110e+06   3.7597656e+01
   2.9942570e+06   5.3283691e+01
   2.9944220e+06   4.2602539e+01
   2.9944500e+06   4.3823242e+01
