   3.0000000e+06   0.0000000e+00
   7.6717000e+04   7.2265625e+01
   7.6734000e+04   3.6743164e+01
   7.6752000e+04   7.0556641e+01
   7.6784000e+04   7.2937012e+01
   7.6807000e+04   5.2368164e+01
   7.6858000e+04   4.6508789e+01
   7.6888000e+04   4.1809082e+01
   7.6914000e+04   4.2175293e+01
   7.6948000e+04   3.8574219e+01
   7.6974000e+04   3.6193848e+01
   7.7017000e+04   4.5715332e+01
   7.7115000e+04   3.7353516e+01
   7.8090000e+04   4.0527344e+01
   7.8326000e+04   3.7841797e+01
   7.8549000e+04   3.8208008e+01
   7.8840000e+04   3.8269043e+01
   7.9431000e+04   3.6376953e+01
   7.9574000e+04   3.7597656e+01
   2.4583900e+05   4.0649414e+01
   2.4588200e+05   4.2846680e+01
   2.4589900e+05   7.9528809e+01
   2.4592500e+05   3.6926270e+01
   2.4594000e+05   4.7424316e+01
   2.4597300e+05   4.6997070e+01
   2.4599700e+05   3.7536621e+01
   2.4600700e+05   4.5959473e+01
   2.4604300e+05   3.8269043e+01
   2.4609400e+05   3.5522461e+01
   2.4611900e+05   3.9428711e+01
   2.4619100e+05   3.5766602e+01
   2.4621400e+05   3.6376953e+01
   2.4641200e+05   3.7475586e+01
   2.4675100e+05   3.6499023e+01
   2.4690800e+05   3.5278320e+01
   2.4695400e+05   3.5339355e+01
   2.4771700e+05   3.9245605e+01
   2.4780300e+05   4.4067383e+01
   2.4787500e+05   4.0954590e+01
   2.4827800e+05   3.8574219e+01
   2.4846900e+05   3.8818359e+01
   2.4941900e+05   4.2236328e+01
   3.6451100e+05   3.8269043e+01
   3.6453600e+05   6.2255859e+01
   3.6455200e+05   6.2927246e+01
   3.6456200e+05   4.0344238e+01
   3.6459700e+05   4.1442871e+01
   3.6461300e+05   4.7058105e+01
   3.6463600e+05   4.7790527e+01
   3.6465800e+05   4.2663574e+01
   3.6467700e+05   5.2673340e+01
   3.6470900e+05   5.6945801e+01
   3.6479900e+05   3.9428711e+01
   3.6481600e+05   5.4748535e+01
   3.6485700e+05   3.6682129e+01
   3.6612700e+05   3.5522461e+01
   3.6643600e+05   3.5766602e+01
   3.6725400e+05   4.1320801e+01
   3.6742700e+05   3.7902832e+01
   3.8180600e+05   3.7475586e+01
   3.8184400e+05   4.4128418e+01
   3.8187300e+05   4.6203613e+01
   3.8190100e+05   7.1594238e+01
   3.8192800e+05   6.3415527e+01
   3.8196200e+05   5.0781250e+01
   3.8198800e+05   5.0354004e+01
   3.8201800e+05   4.0588379e+01
   3.8203600e+05   3.7292480e+01
   3.8205500e+05   4.1015625e+01
   3.8207500e+05   4.7119141e+01
   3.8209500e+05   3.8818359e+01
   3.8211800e+05   4.6997070e+01
   3.8225000e+05   3.5522461e+01
   3.8228400e+05   3.7475586e+01
   3.8237300e+05   3.5888672e+01
   3.8244500e+05   4.7973633e+01
   3.8302900e+05   3.5827637e+01
   3.8315500e+05   3.5278320e+01
   3.8391300e+05   3.6376953e+01
   3.9580500e+05   4.1198730e+01
   3.9588300e+05   5.5419922e+01
   3.9594800e+05   4.1687012e+01
   3.9596800e+05   4.4921875e+01
   3.9604100e+05   3.9001465e+01
   3.9607500e+05   4.1442871e+01
   3.9610800e+05   5.2612305e+01
   3.9615500e+05   4.1687012e+01
   3.9617200e+05   4.8889160e+01
   3.9622100e+05   4.1320801e+01
   3.9624400e+05   4.2785645e+01
   3.9635100e+05   3.9428711e+01
   3.9657200e+05   3.8269043e+01
   3.9671800e+05   3.6499023e+01
   3.9704000e+05   3.5644531e+01
   3.9709300e+05   3.5156250e+01
   3.9755500e+05   3.8452148e+01
   4.0754000e+05   3.6804199e+01
   4.0755500e+05   3.6560059e+01
   4.0762700e+05   3.9550781e+01
   4.0768500e+05   5.1940918e+01
   4.0773400e+05   4.3579102e+01
   4.0775600e+05   6.0974121e+01
   4.0783700e+05   4.2480469e+01
   4.0789300e+05   3.8757324e+01
   4.0792100e+05   3.8879395e+01
   4.0796800e+05   3.7475586e+01
   4.0799500e+05   3.7780762e+01
   4.0805200e+05   5.1879883e+01
   4.0813500e+05   3.6743164e+01
   4.0819600e+05   3.9306641e+01
   4.0822800e+05   3.7109375e+01
   4.0859500e+05   4.3579102e+01
   4.0867100e+05   3.7597656e+01
   4.1956400e+05   3.6743164e+01
   4.1959000e+05   4.4982910e+01
   4.1969500e+05   5.7189941e+01
   4.1980600e+05   3.8208008e+01
   4.1981600e+05   4.2114258e+01
   4.1984000e+05   3.7292480e+01
   4.1986600e+05   3.8330078e+01
   4.1988100e+05   3.9428711e+01
   4.1994100e+05   4.3212891e+01
   4.1996400e+05   3.6254883e+01
   4.2001400e+05   3.7475586e+01
   4.2005600e+05   3.5278320e+01
   4.2011700e+05   3.9367676e+01
   4.2013000e+05   4.4189453e+01
   4.2020600e+05   4.2724609e+01
   4.2038500e+05   4.0344238e+01
   4.2066600e+05   3.5461426e+01
   4.2099100e+05   3.7536621e+01
   4.2234300e+05   3.7109375e+01
   4.3102900e+05   3.8391113e+01
   4.3115100e+05   3.5156250e+01
   4.3119000e+05   3.9367676e+01
   4.3123600e+05   3.5705566e+01
   4.3126300e+05   3.9916992e+01
   4.3130300e+05   3.6865234e+01
   4.3134300e+05   5.6884766e+01
   4.3136900e+05   3.6010742e+01
   4.3139600e+05   3.8269043e+01
   4.3144100e+05   4.1748047e+01
   4.3147000e+05   3.8940430e+01
   4.3149500e+05   4.2053223e+01
   4.3160600e+05   3.8146973e+01
   4.3162700e+05   4.0771484e+01
   4.3165400e+05   4.7607422e+01
   4.3167200e+05   3.7902832e+01
   4.3169300e+05   3.5217285e+01
   4.3175500e+05   3.6926270e+01
   4.3197400e+05   3.5644531e+01
   4.3211100e+05   3.5705566e+01
   4.3230100e+05   3.8818359e+01
   4.4465500e+05   4.3823242e+01
   4.4466600e+05   3.9184570e+01
   4.4468500e+05   3.8818359e+01
   4.4470500e+05   4.2114258e+01
   4.4472900e+05   4.1442871e+01
   4.4477500e+05   4.0954590e+01
   4.4481600e+05   3.6376953e+01
   4.4483500e+05   3.6499023e+01
   4.4486600e+05   3.9184570e+01
   4.4489000e+05   3.6560059e+01
   4.4492000e+05   4.0405273e+01
   4.4499100e+05   3.6865234e+01
   4.4504200e+05   3.7841797e+01
   4.4505400e+05   3.6193848e+01
   4.4509900e+05   4.4311523e+01
   4.4512600e+05   3.5095215e+01
   4.4514800e+05   4.0527344e+01
   4.4528900e+05   3.6132813e+01
   4.4570400e+05   3.6926270e+01
   4.4575900e+05   3.6987305e+01
   4.4695200e+05   3.8085938e+01
   4.5586000e+05   3.5156250e+01
   4.5592000e+05   3.8085938e+01
   4.5601000e+05   4.1259766e+01
   4.5603200e+05   4.2907715e+01
   4.5607300e+05   4.1442871e+01
   4.5614400e+05   3.5888672e+01
   4.5625600e+05   3.6132813e+01
   4.5627800e+05   3.6132813e+01
   4.5635500e+05   4.4067383e+01
   4.5637500e+05   3.6193848e+01
   4.5662900e+05   3.8391113e+01
   4.5665600e+05   4.5227051e+01
   4.5705100e+05   4.5776367e+01
   4.6717900e+05   3.5766602e+01
   4.6729900e+05   3.8818359e+01
   4.6736000e+05   3.8208008e+01
   4.6741800e+05   4.8706055e+01
   4.6753100e+05   3.5095215e+01
   4.6754900e+05   4.7424316e+01
   4.6758500e+05   3.6987305e+01
   4.6761300e+05   4.2907715e+01
   4.6764500e+05   4.1381836e+01
   4.6767600e+05   4.0100098e+01
   4.6782100e+05   3.5644531e+01
   4.6789600e+05   3.7963867e+01
   4.6813400e+05   3.6010742e+01
   4.6822100e+05   3.8452148e+01
   4.6840700e+05   3.8208008e+01
   4.6978300e+05   3.6193848e+01
   4.8277600e+05   3.8940430e+01
   4.8284000e+05   5.7189941e+01
   4.8289100e+05   3.6071777e+01
   4.8291800e+05   3.7902832e+01
   4.8295100e+05   4.6142578e+01
   4.8299400e+05   4.1992188e+01
   4.8300700e+05   4.3457031e+01
   4.8316400e+05   3.8635254e+01
   4.8318500e+05   4.1259766e+01
   4.8320600e+05   3.5339355e+01
   4.8325800e+05   4.4067383e+01
   4.8331400e+05   4.0100098e+01
   4.8334300e+05   3.5766602e+01
   4.8338500e+05   3.9794922e+01
   4.8360500e+05   4.2602539e+01
   4.9544100e+05   3.8574219e+01
   4.9548400e+05   4.1198730e+01
   4.9556500e+05   3.9611816e+01
   4.9561700e+05   4.1931152e+01
   4.9580100e+05   3.8452148e+01
   4.9583000e+05   4.2907715e+01
   4.9591900e+05   3.8696289e+01
   4.9614000e+05   3.9550781e+01
   4.9645200e+05   4.0100098e+01
   4.9686300e+05   3.6987305e+01
   5.0802200e+05   4.0344238e+01
   5.0815200e+05   3.5583496e+01
   5.0830600e+05   3.7353516e+01
   5.0844400e+05   3.6682129e+01
   5.0846800e+05   4.4067383e+01
   5.0853900e+05   4.0588379e+01
   5.0861300e+05   3.7414551e+01
   5.0868600e+05   3.8879395e+01
   5.0878100e+05   3.6193848e+01
   5.0909000e+05   3.5827637e+01
   5.2052500e+05   3.9611816e+01
   5.2067100e+05   3.9367676e+01
   5.2069700e+05   4.4250488e+01
   5.2071500e+05   3.8696289e+01
   5.2078700e+05   3.8391113e+01
   5.2104000e+05   4.1625977e+01
   5.2113200e+05   3.9794922e+01
   5.2146000e+05   3.8208008e+01
   5.2161200e+05   3.5217285e+01
   5.2177000e+05   3.7170410e+01
   5.3397100e+05   3.9123535e+01
   5.3409400e+05   3.6193848e+01
   5.3411200e+05   3.8146973e+01
   5.3419600e+05   3.6376953e+01
   5.3432300e+05   3.5705566e+01
   5.3441800e+05   3.9855957e+01
   5.3444300e+05   3.7353516e+01
   5.3449500e+05   3.6376953e+01
   5.3453200e+05   3.7048340e+01
   5.3463900e+05   3.6987305e+01
   5.3497800e+05   3.6682129e+01
   5.5661600e+05   3.7414551e+01
   5.5666900e+05   4.4250488e+01
   5.5668800e+05   4.0344238e+01
   5.5681300e+05   5.3039551e+01
   5.5683800e+05   4.3823242e+01
   5.5685600e+05   4.0893555e+01
   5.5687900e+05   6.0363770e+01
   5.5689000e+05   3.8208008e+01
   5.5712300e+05   3.9672852e+01
   5.5717100e+05   4.0100098e+01
   5.5739500e+05   3.5217285e+01
   5.5755800e+05   3.7719727e+01
   7.1579600e+05   3.5522461e+01
   1.0310530e+06   4.0466309e+01
   1.0310990e+06   4.9987793e+01
   1.0311230e+06   4.8583984e+01
   1.0311540e+06   6.5795898e+01
   1.0311710e+06   5.9143066e+01
   1.0311950e+06   3.8940430e+01
   1.0312100e+06   3.9550781e+01
   1.0312400e+06   5.7434082e+01
   1.0312770e+06   4.9621582e+01
   1.0312950e+06   3.7414551e+01
   1.0314940e+06   3.6193848e+01
   1.0317080e+06   3.6560059e+01
   1.0318130e+06   4.1931152e+01
   1.0326630e+06   3.6254883e+01
   1.0335270e+06   3.7109375e+01
   1.0336400e+06   3.6987305e+01
   1.0342860e+06   3.7475586e+01
   1.2389220e+06   4.1564941e+01
   1.2389590e+06   4.9377441e+01
   1.2389710e+06   4.7973633e+01
   1.2389920e+06   5.5236816e+01
   1.2390290e+06   6.6162109e+01
   1.2390400e+06   5.0354004e+01
   1.2390750e+06   4.9865723e+01
   1.2390950e+06   3.8208008e+01
   1.2391280e+06   5.3405762e+01
   1.2391540e+06   3.6560059e+01
   1.2392870e+06   3.6193848e+01
   1.2404330e+06   3.5095215e+01
   1.2407260e+06   3.5949707e+01
   1.2408930e+06   3.5522461e+01
   1.2417770e+06   3.7719727e+01
   1.2557460e+06   3.6254883e+01
   1.4631400e+06   4.0222168e+01
   1.4631720e+06   4.6569824e+01
   1.4631860e+06   4.4128418e+01
   1.4632330e+06   6.5002441e+01
   1.4632570e+06   4.3762207e+01
   1.4632820e+06   4.1564941e+01
   1.4632960e+06   5.1818848e+01
   1.4633240e+06   6.1523438e+01
   1.4634610e+06   3.6621094e+01
   1.4635690e+06   3.8208008e+01
   1.4641660e+06   4.0832520e+01
   1.4642430e+06   3.5949707e+01
   1.4645460e+06   3.8757324e+01
   1.4650800e+06   4.1870117e+01
   1.4651770e+06   3.5949707e+01
   1.4653080e+06   3.5461426e+01
   1.4672330e+06   3.5217285e+01
   1.6353930e+06   5.5175781e+01
   1.6354150e+06   5.8410645e+01
   1.6354500e+06   6.5429688e+01
   1.6354740e+06   8.8378906e+01
   1.6355070e+06   6.4147949e+01
   1.6355330e+06   5.1391602e+01
   1.6355650e+06   6.0119629e+01
   1.6355880e+06   4.2053223e+01
   1.6356880e+06   3.9489746e+01
   1.6361840e+06   3.8574219e+01
   1.6364210e+06   3.6560059e+01
   1.6365210e+06   3.6254883e+01
   1.6369070e+06   3.8391113e+01
   1.6372610e+06   3.8085938e+01
   1.6373280e+06   3.7414551e+01
   1.6377020e+06   3.7414551e+01
   1.6377530e+06   3.6071777e+01
   1.6378150e+06   3.7597656e+01
   1.6388570e+06   3.5766602e+01
   1.8390220e+06   4.3395996e+01
   1.8390420e+06   4.6813965e+01
   1.8390520e+06   6.0363770e+01
   1.8390820e+06   4.6997070e+01
   1.8391130e+06   6.2988281e+01
   1.8391260e+06   5.0415039e+01
   1.8391480e+06   5.5786133e+01
   1.8391680e+06   3.6987305e+01
   1.8392040e+06   3.9428711e+01
   1.8392620e+06   4.6691895e+01
   1.8392760e+06   4.6691895e+01
   1.8393050e+06   4.0649414e+01
   1.8393320e+06   3.8879395e+01
   1.8394970e+06   4.0527344e+01
   1.8397060e+06   3.6071777e+01
   1.8400130e+06   3.9978027e+01
   1.8404620e+06   5.1452637e+01
   1.8404970e+06   4.2663574e+01
   1.8406100e+06   4.0893555e+01
   1.8407340e+06   3.5095215e+01
   1.8413090e+06   4.1687012e+01
   1.8413730e+06   3.5339355e+01
   1.8415360e+06   4.0527344e+01
   1.8532670e+06   3.5583496e+01
   1.8532820e+06   3.8513184e+01
   1.8533110e+06   4.0832520e+01
   1.8533250e+06   3.8146973e+01
   1.8533400e+06   3.5278320e+01
   1.8533980e+06   5.2734375e+01
   1.8534260e+06   3.7902832e+01
   1.8534630e+06   4.6325684e+01
   1.8534810e+06   3.9794922e+01
   1.8535090e+06   3.9550781e+01
   1.8535350e+06   5.5175781e+01
   1.8535730e+06   4.5532227e+01
   1.8536120e+06   4.1076660e+01
   1.8536480e+06   4.6203613e+01
   1.8536780e+06   3.8452148e+01
   1.8539550e+06   3.5461426e+01
   1.8540010e+06   3.6376953e+01
   1.8540280e+06   3.7963867e+01
   1.8543710e+06   3.6926270e+01
   1.8550420e+06   4.0283203e+01
   1.8561800e+06   3.8085938e+01
   1.8665870e+06   3.6437988e+01
   1.8667060e+06   3.6315918e+01
   1.8667450e+06   4.4250488e+01
   1.8667750e+06   3.8452148e+01
   1.8668180e+06   4.3884277e+01
   1.8668530e+06   4.0161133e+01
   1.8668630e+06   4.6875000e+01
   1.8669230e+06   3.5583496e+01
   1.8670360e+06   3.6682129e+01
   1.8670500e+06   3.8940430e+01
   1.8671350e+06   3.5827637e+01
   1.8674040e+06   4.1259766e+01
   1.8674440e+06   3.6254883e+01
   1.8677730e+06   3.6865234e+01
   1.8678470e+06   3.6560059e+01
   1.8680260e+06   3.6499023e+01
   1.8796600e+06   3.5644531e+01
   1.8797270e+06   5.1086426e+01
   1.8797620e+06   5.2490234e+01
   1.8798440e+06   5.1879883e+01
   1.8798880e+06   3.8513184e+01
   1.8799150e+06   4.6386719e+01
   1.8800010e+06   3.6437988e+01
   1.8800410e+06   4.6508789e+01
   1.8800560e+06   4.6997070e+01
   1.8800810e+06   4.1076660e+01
   1.8803980e+06   3.7048340e+01
   1.8805130e+06   4.1015625e+01
   1.8813930e+06   3.7170410e+01
   1.8816450e+06   3.7536621e+01
   1.9033090e+06   5.3161621e+01
   1.9033650e+06   3.7048340e+01
   1.9033810e+06   5.3405762e+01
   1.9034390e+06   3.8024902e+01
   1.9034840e+06   3.8085938e+01
   1.9035520e+06   4.4433594e+01
   1.9036560e+06   3.9733887e+01
   1.9036840e+06   4.8034668e+01
   1.9037260e+06   3.5888672e+01
   1.9037860e+06   3.7536621e+01
   1.9038230e+06   3.8330078e+01
   1.9038750e+06   4.2114258e+01
   1.9040650e+06   3.6743164e+01
   1.9042300e+06   4.6569824e+01
   1.9046850e+06   3.5827637e+01
   1.9059420e+06   3.8818359e+01
   1.9226290e+06   3.6315918e+01
   1.9227140e+06   5.1940918e+01
   1.9227260e+06   3.8513184e+01
   1.9228140e+06   3.8024902e+01
   1.9228460e+06   5.1452637e+01
   1.9228790e+06   3.6132813e+01
   1.9229240e+06   4.1381836e+01
   1.9229420e+06   4.6020508e+01
   1.9229630e+06   3.9245605e+01
   1.9230020e+06   4.1625977e+01
   1.9230260e+06   4.2419434e+01
   1.9231870e+06   4.0649414e+01
   1.9232730e+06   3.7719727e+01
   1.9233920e+06   3.7658691e+01
   1.9235920e+06   3.5095215e+01
   1.9247880e+06   3.5095215e+01
   1.9251650e+06   3.8696289e+01
   1.9383570e+06   5.9997559e+01
   1.9383770e+06   3.6071777e+01
   1.9384140e+06   3.5339355e+01
   1.9385020e+06   3.6865234e+01
   1.9386110e+06   3.8391113e+01
   1.9386390e+06   3.8574219e+01
   1.9386930e+06   4.6081543e+01
   1.9387460e+06   4.7607422e+01
   1.9387790e+06   3.5766602e+01
   1.9388310e+06   3.9611816e+01
   1.9389170e+06   4.7302246e+01
   1.9390140e+06   3.7963867e+01
   1.9396520e+06   3.5400391e+01
   1.9508850e+06   3.6071777e+01
   1.9510390e+06   5.4016113e+01
   1.9512370e+06   4.6081543e+01
   1.9512770e+06   3.9306641e+01
   1.9513550e+06   3.9001465e+01
   1.9514050e+06   3.7658691e+01
   1.9515250e+06   3.9733887e+01
   1.9516470e+06   3.6071777e+01
   1.9517870e+06   4.6875000e+01
   1.9518010e+06   3.6743164e+01
   1.9518640e+06   3.5400391e+01
   1.9519190e+06   3.8574219e+01
   1.9521170e+06   3.6987305e+01
   1.9686350e+06   3.5888672e+01
   1.9686680e+06   3.6682129e+01
   1.9687060e+06   3.6499023e+01
   1.9687520e+06   4.8950195e+01
   1.9687730e+06   3.5095215e+01
   1.9688000e+06   3.9855957e+01
   1.9688980e+06   4.4006348e+01
   1.9689690e+06   4.3579102e+01
   1.9690010e+06   3.7841797e+01
   1.9690430e+06   3.6743164e+01
   1.9691860e+06   3.6254883e+01
   1.9692470e+06   3.5339355e+01
   1.9694050e+06   3.9978027e+01
   1.9818300e+06   3.7170410e+01
   1.9818680e+06   3.8146973e+01
   1.9819730e+06   3.5278320e+01
   1.9820160e+06   4.7912598e+01
   1.9820980e+06   3.7475586e+01
   1.9821650e+06   3.7597656e+01
   1.9822380e+06   3.6315918e+01
   1.9824080e+06   3.8452148e+01
   1.9825130e+06   3.8879395e+01
   1.9829160e+06   3.6071777e+01
   1.9834000e+06   3.8818359e+01
   1.9944780e+06   4.2236328e+01
   1.9946520e+06   3.8574219e+01
   1.9946770e+06   3.7292480e+01
   1.9947050e+06   4.0771484e+01
   1.9947680e+06   3.7536621e+01
   1.9948580e+06   4.0222168e+01
   1.9950190e+06   3.7902832e+01
   1.9952570e+06   3.7658691e+01
   1.9953630e+06   4.1320801e+01
   2.0089150e+06   4.0161133e+01
   2.0090390e+06   3.7658691e+01
   2.0091890e+06   4.6020508e+01
   2.0092360e+06   4.5776367e+01
   2.0093490e+06   3.8757324e+01
   2.0093910e+06   4.4067383e+01
   2.0094010e+06   3.5827637e+01
   2.0094940e+06   3.8146973e+01
   2.0096250e+06   3.5583496e+01
   2.0098210e+06   3.7170410e+01
   2.0223020e+06   4.0466309e+01
   2.0223510e+06   4.0222168e+01
   2.0225960e+06   3.5644531e+01
   2.0229290e+06   3.6132813e+01
   2.0233050e+06   3.9123535e+01
   2.0366770e+06   4.1687012e+01
   2.0366910e+06   3.7353516e+01
   2.0370380e+06   3.6499023e+01
   2.0375670e+06   4.1320801e+01
   2.0498720e+06   3.7231445e+01
   2.0499340e+06   4.3579102e+01
   2.0499840e+06   3.7048340e+01
   2.0501160e+06   3.6499023e+01
   2.0501630e+06   4.1809082e+01
   2.0504050e+06   3.8879395e+01
   2.0507410e+06   4.7058105e+01
   2.0508140e+06   3.5705566e+01
   2.0510560e+06   4.0161133e+01
   2.0736090e+06   3.5339355e+01
   2.0737420e+06   3.6804199e+01
   2.0737990e+06   3.7414551e+01
   2.0739220e+06   4.0893555e+01
   2.0739320e+06   4.1015625e+01
   2.0739750e+06   4.1687012e+01
   2.0740780e+06   3.8269043e+01
   2.0742700e+06   3.8635254e+01
   2.5418390e+06   4.4372559e+01
   2.5418670e+06   5.0170898e+01
   2.5418810e+06   4.7424316e+01
   2.5418960e+06   4.5410156e+01
   2.5419070e+06   6.3049316e+01
   2.5419350e+06   4.1625977e+01
   2.5419550e+06   4.5471191e+01
   2.5419900e+06   6.1035156e+01
   2.5420140e+06   4.3518066e+01
   2.5420420e+06   4.0466309e+01
   2.5420880e+06   3.9916992e+01
   2.5421380e+06   4.1931152e+01
   2.5433980e+06   3.5461426e+01
   2.5435060e+06   3.6926270e+01
   2.5440860e+06   3.7780762e+01
   2.5453740e+06   4.2297363e+01
   2.8327310e+06   4.0832520e+01
   2.8327420e+06   4.6081543e+01
   2.8327750e+06   3.9062500e+01
   2.8327900e+06   4.4006348e+01
   2.8328170e+06   4.0893555e+01
   2.8328340e+06   5.2490234e+01
   2.8328660e+06   5.5969238e+01
   2.8329400e+06   4.1503906e+01
   2.8329740e+06   4.8095703e+01
   2.8330240e+06   3.8513184e+01
   2.8334350e+06   3.5705566e+01
   2.8339160e+06   3.8085938e+01
   2.8339320e+06   3.6010742e+01
   2.8344420e+06   4.1687012e+01
   2.8346480e+06   3.5278320e+01
   2.8348280e+06   4.2968750e+01
   2.8349990e+06   3.9062500e+01
   2.8352110e+06   3.7109375e+01
   2.8357020e+06   3.6315918e+01
   2.8359190e+06   3.5522461e+01
   2.8370430e+06   3.6621094e+01
   2.8508030e+06   3.8024902e+01
   2.8508200e+06   5.0231934e+01
   2.8508710e+06   4.1259766e+01
   2.8508860e+06   3.8330078e+01
   2.8509200e+06   3.6376953e+01
   2.8509340e+06   4.6142578e+01
   2.8509540e+06   3.5644531e+01
   2.8509970e+06   4.3151855e+01
   2.8510140e+06   3.8757324e+01
   2.8510540e+06   3.5583496e+01
   2.8510830e+06   5.0109863e+01
   2.8511170e+06   4.4799805e+01
   2.8511530e+06   4.3762207e+01
   2.8511730e+06   3.6071777e+01
   2.8512470e+06   3.5888672e+01
   2.8513130e+06   3.5461426e+01
   2.8514470e+06   3.6865234e+01
   2.8518130e+06   3.6254883e+01
   2.8519260e+06   3.9184570e+01
   2.8521100e+06   4.3762207e+01
   2.8522060e+06   3.5339355e+01
   2.8707880e+06   3.5522461e+01
   2.8708400e+06   4.1625977e+01
   2.8709110e+06   4.6569824e+01
   2.8709330e+06   3.8574219e+01
   2.8709660e+06   5.5908203e+01
   2.8709870e+06   4.0954590e+01
   2.8710110e+06   3.8208008e+01
   2.8710360e+06   3.6621094e+01
   2.8710790e+06   6.5673828e+01
   2.8711890e+06   4.4372559e+01
   2.8712560e+06   3.9794922e+01
   2.8713320e+06   3.5888672e+01
   2.8714040e+06   4.0710449e+01
   2.8714590e+06   3.5461426e+01
   2.8715170e+06   4.6325684e+01
   2.8716220e+06   5.0537109e+01
   2.8961630e+06   5.4016113e+01
   2.8961960e+06   4.3823242e+01
   2.8962150e+06   4.0344238e+01
   2.8962420e+06   3.9916992e+01
   2.8962990e+06   4.3457031e+01
   2.8963350e+06   5.8105469e+01
   2.8963580e+06   6.7016602e+01
   2.8963980e+06   4.0344238e+01
   2.8964190e+06   3.8940430e+01
   2.8966920e+06   3.6804199e+01
   2.8968910e+06   3.6499023e+01
   2.8970140e+06   3.9489746e+01
   2.8972340e+06   3.5949707e+01
   2.8973530e+06   3.6499023e+01
   2.8973800e+06   3.6865234e+01
   2.8976820e+06   3.8757324e+01
   2.9273020e+06   3.8208008e+01
   2.9273780e+06   3.9916992e+01
   2.9273880e+06   4.0100098e+01
   2.9274430e+06   4.5593262e+01
   2.9274550e+06   3.9306641e+01
   2.9274840e+06   4.4372559e+01
   2.9275200e+06   5.6945801e+01
   2.9275320e+06   4.6081543e+01
   2.9275580e+06   3.9001465e+01
   2.9275900e+06   3.6193848e+01
   2.9276400e+06   4.1870117e+01
   2.9276980e+06   4.7546387e+01
   2.9277810e+06   3.7475586e+01
   2.9278650e+06   3.6743164e+01
   2.9448900e+06   4.6936035e+01
   2.9449330e+06   4.2236328e+01
   2.9449580e+06   3.9550781e+01
   2.9450350e+06   3.8085938e+01
   2.9451250e+06   3.9550781e+01
   2.9451540e+06   3.8513184e+01
   2.9451910e+06   4.3762207e+01
   2.9452210e+06   3.5461426e+01
   2.9452390e+06   4.1870117e+01
   2.9452500e+06   4.1503906e+01
   2.9452960e+06   3.5766602e+01
   2.9453180e+06   3.6010742e+01
   2.9453820e+06   3.5217285e+01
   2.9455210e+06   4.1503906e+01
   2.9459210e+06   3.6499023e+01
   2.9459960e+06   3.6804199e+01
   2.9672070e+06   4.3029785e+01
   2.9672940e+06   5.2001953e+01
   2.9673430e+06   3.7475586e+01
   2.9674080e+06   3.6560059e+01
   2.9674450e+06   4.0466309e+01
   2.9675360e+06   4.2114258e+01
   2.9675460e+06   3.6682129e+01
   2.9676470e+06   3.8452148e+01
   2.9676760e+06   3.9733887e+01
   2.9677430e+06   3.5095215e+01
   2.9678790e+06   3.9123535e+01
   2.9681480e+06   3.5888672e+01
   2.9684330e+06   3.7292480e+01
   2.9688320e+06   3.5949707e+01
   2.9937660e+06   3.6376953e+01
   2.9938330e+06   3.7475586e+01
   2.9939390e+06   4.1198730e+01
   2.9939710e+06   3.5522461e+01
   2.9940030e+06   5.2429199e+01
   2.9940350e+06   4.1198730e+01
   2.9941110e+06   3.7658691e+01
   2.9941570e+06   4.2968750e+01
   2.9941850e+06   3.9489746e+01
   2.9942030e+06   3.5827637e+01
   2.9942550e+06   3.9672852e+01
   2.9943090e+06   3.5583496e+01
   2.9943880e+06   5.0109863e+01
   2.9944590e+06   3.9489746e+01
   2.9949030e+06   4.1198730e+01
   2.9955770e+06   3.5888672e+01
