   3.0000000e+06   0.0000000e+00
   7.6434000e+04   9.9426270e+01
   7.6521000e+04   9.2895508e+01
   7.6543000e+04   1.2396240e+02
   7.6580000e+04   1.5521240e+02
   7.6605000e+04   1.6107178e+02
   7.6622000e+04   1.5905762e+02
   7.6657000e+04   1.0485840e+02
   7.6689000e+04   1.3439941e+02
   7.6710000e+04   1.0815430e+02
   7.6726000e+04   1.0888672e+02
   7.6745000e+04   8.5144043e+01
   7.6783000e+04   9.3383789e+01
   7.6803000e+04   1.5179443e+02
   7.6822000e+04   1.1035156e+02
   7.6847000e+04   1.0516357e+02
   7.7073000e+04   1.0400391e+02
   7.7337000e+04   8.3068848e+01
   7.7480000e+04   8.5266113e+01
   7.7866000e+04   1.0101318e+02
   7.8211000e+04   8.9233398e+01
   7.8361000e+04   9.2041016e+01
   7.8522000e+04   9.4238281e+01
   7.8661000e+04   9.4726563e+01
   7.9305000e+04   8.7524414e+01
   7.9438000e+04   8.0627441e+01
   7.9857000e+04   9.3933105e+01
   9.0419000e+04   8.2214355e+01
   2.4551700e+05   7.8674316e+01
   2.4561700e+05   1.0394287e+02
   2.4565700e+05   1.2066650e+02
   2.4569500e+05   1.3464355e+02
   2.4571100e+05   8.9843750e+01
   2.4574400e+05   1.0754395e+02
   2.4577400e+05   1.3580322e+02
   2.4580700e+05   1.0314941e+02
   2.4582000e+05   1.6772461e+02
   2.4584400e+05   9.1125488e+01
   2.4586300e+05   8.3435059e+01
   2.4589200e+05   8.2214355e+01
   2.4590600e+05   7.9223633e+01
   2.4592600e+05   1.1077881e+02
   2.4595100e+05   9.2956543e+01
   2.4599000e+05   9.4360352e+01
   2.4609100e+05   8.4350586e+01
   2.4626800e+05   8.3251953e+01
   2.4642800e+05   9.2407227e+01
   2.4652500e+05   8.7402344e+01
   2.4676200e+05   9.4665527e+01
   2.4707300e+05   1.0479736e+02
   2.4732100e+05   8.0932617e+01
   2.4745100e+05   8.3801270e+01
   2.4757500e+05   7.9895020e+01
   2.4765800e+05   9.8327637e+01
   2.4771700e+05   1.0656738e+02
   2.4783100e+05   1.1132813e+02
   2.4792800e+05   8.5327148e+01
   2.4804800e+05   8.6181641e+01
   2.4822600e+05   1.1700439e+02
   2.4830500e+05   8.3435059e+01
   2.4849200e+05   9.5581055e+01
   2.4861400e+05   9.5520020e+01
   2.5180900e+05   7.9101563e+01
   2.6189100e+05   1.0266113e+02
   2.6953300e+05   8.5693359e+01
   3.6362300e+05   9.9792480e+01
   3.6409500e+05   1.0113525e+02
   3.6435500e+05   8.1237793e+01
   3.6437400e+05   1.0717773e+02
   3.6441300e+05   8.9538574e+01
   3.6443200e+05   7.9345703e+01
   3.6446200e+05   1.3458252e+02
   3.6449100e+05   1.4312744e+02
   3.6451300e+05   8.4411621e+01
   3.6453200e+05   7.9895020e+01
   3.6456300e+05   1.3543701e+02
   3.6457600e+05   1.1694336e+02
   3.6461200e+05   9.3627930e+01
   3.6463900e+05   1.1413574e+02
   3.6469000e+05   1.1578369e+02
   3.6471000e+05   9.1369629e+01
   3.6473100e+05   8.1604004e+01
   3.6489500e+05   1.1175537e+02
   3.6504900e+05   1.0992432e+02
   3.6519900e+05   8.9477539e+01
   3.6549700e+05   8.7768555e+01
   3.6572300e+05   8.3740234e+01
   3.6577700e+05   1.0443115e+02
   3.6602900e+05   8.7585449e+01
   3.6614600e+05   8.0444336e+01
   3.6621500e+05   8.1542969e+01
   3.6637200e+05   9.2773438e+01
   3.6645400e+05   7.9406738e+01
   3.6666000e+05   8.7097168e+01
   3.6680600e+05   8.3923340e+01
   3.6689100e+05   8.1970215e+01
   3.6700400e+05   8.6975098e+01
   3.6734800e+05   1.0668945e+02
   3.8195200e+05   7.9833984e+01
   3.8201200e+05   9.2285156e+01
   3.8204900e+05   8.7341309e+01
   3.8208200e+05   8.3618164e+01
   3.8211600e+05   7.9589844e+01
   3.8213300e+05   8.1420898e+01
   3.8216600e+05   1.0729980e+02
   3.8219500e+05   8.1176758e+01
   3.8221800e+05   9.4543457e+01
   3.8226600e+05   9.9182129e+01
   3.8231100e+05   9.1918945e+01
   3.8235300e+05   1.4013672e+02
   3.8238000e+05   8.9111328e+01
   3.8241200e+05   1.1364746e+02
   3.8246800e+05   8.4472656e+01
   3.8250000e+05   8.1542969e+01
   3.8255800e+05   8.8195801e+01
   3.8264700e+05   8.5998535e+01
   3.8294900e+05   1.3250732e+02
   3.8303500e+05   7.8857422e+01
   3.8311400e+05   8.8012695e+01
   3.8336700e+05   8.3801270e+01
   3.8346000e+05   8.1726074e+01
   3.8350000e+05   8.0932617e+01
   3.8364400e+05   7.9467773e+01
   3.8384200e+05   8.8012695e+01
   3.8399900e+05   7.9345703e+01
   3.8464500e+05   8.3801270e+01
   3.8618900e+05   9.8266602e+01
   3.9597400e+05   8.5571289e+01
   3.9599100e+05   8.0810547e+01
   3.9601400e+05   1.1309814e+02
   3.9605700e+05   8.8378906e+01
   3.9606700e+05   9.4177246e+01
   3.9611000e+05   1.0046387e+02
   3.9612600e+05   1.0607910e+02
   3.9616000e+05   1.0375977e+02
   3.9618600e+05   1.8402100e+02
   3.9627500e+05   8.0993652e+01
   3.9629100e+05   9.9365234e+01
   3.9637000e+05   1.2066650e+02
   3.9641600e+05   1.0058594e+02
   3.9644600e+05   9.6679688e+01
   3.9648400e+05   8.8378906e+01
   3.9652600e+05   1.0852051e+02
   3.9654100e+05   9.7473145e+01
   3.9660200e+05   8.2519531e+01
   3.9664500e+05   8.6791992e+01
   3.9677100e+05   8.3496094e+01
   3.9686800e+05   9.7839355e+01
   3.9694700e+05   9.3505859e+01
   3.9700600e+05   1.1590576e+02
   3.9710300e+05   9.2651367e+01
   3.9742800e+05   7.9895020e+01
   3.9754600e+05   9.3994141e+01
   3.9813300e+05   9.4970703e+01
   3.9823900e+05   9.7473145e+01
   3.9839900e+05   9.6252441e+01
   4.0781800e+05   1.3043213e+02
   4.0785900e+05   1.0076904e+02
   4.0788600e+05   9.3200684e+01
   4.0792900e+05   8.7951660e+01
   4.0796000e+05   8.5266113e+01
   4.0800500e+05   8.4716797e+01
   4.0804200e+05   1.4837646e+02
   4.0807200e+05   8.6853027e+01
   4.0812600e+05   9.2773438e+01
   4.0818300e+05   1.0052490e+02
   4.0820200e+05   8.1115723e+01
   4.0824200e+05   9.4970703e+01
   4.0829900e+05   8.2763672e+01
   4.0833700e+05   1.1529541e+02
   4.0839000e+05   7.9223633e+01
   4.0847200e+05   9.0454102e+01
   4.0852800e+05   1.0089111e+02
   4.0861100e+05   1.0015869e+02
   4.0868900e+05   9.9609375e+01
   4.0876200e+05   9.7595215e+01
   4.0885100e+05   8.5876465e+01
   4.0893200e+05   9.1979980e+01
   4.0909100e+05   8.2031250e+01
   4.0937200e+05   8.6608887e+01
   4.1905900e+05   9.0698242e+01
   4.1976200e+05   8.5327148e+01
   4.1987200e+05   8.6120605e+01
   4.1990200e+05   9.6984863e+01
   4.1992300e+05   1.0839844e+02
   4.1995100e+05   8.1359863e+01
   4.1996900e+05   8.4899902e+01
   4.1999200e+05   1.0614014e+02
   4.2001900e+05   7.8674316e+01
   4.2008200e+05   9.5703125e+01
   4.2014400e+05   9.7106934e+01
   4.2016700e+05   9.3872070e+01
   4.2028000e+05   9.0515137e+01
   4.2029000e+05   1.1492920e+02
   4.2041700e+05   9.0270996e+01
   4.2059800e+05   9.5275879e+01
   4.2066200e+05   8.8012695e+01
   4.2070200e+05   8.4655762e+01
   4.2078500e+05   7.9406738e+01
   4.2081000e+05   7.8979492e+01
   4.2122700e+05   8.3007813e+01
   4.2133200e+05   9.3139648e+01
   4.2161300e+05   7.8918457e+01
   4.2170000e+05   8.3557129e+01
   4.3130200e+05   7.9895020e+01
   4.3142000e+05   9.2529297e+01
   4.3152800e+05   7.9223633e+01
   4.3156400e+05   9.3811035e+01
   4.3163000e+05   1.1352539e+02
   4.3169200e+05   8.7707520e+01
   4.3170400e+05   9.5275879e+01
   4.3184900e+05   1.0198975e+02
   4.3200700e+05   1.0015869e+02
   4.3204600e+05   9.6984863e+01
   4.3210300e+05   9.2834473e+01
   4.3214200e+05   8.9172363e+01
   4.3222800e+05   8.0139160e+01
   4.3231200e+05   7.8308105e+01
   4.3239100e+05   8.1420898e+01
   4.3245600e+05   8.8195801e+01
   4.3279800e+05   9.9914551e+01
   4.4486600e+05   8.7768555e+01
   4.4490200e+05   7.8979492e+01
   4.4491900e+05   8.6547852e+01
   4.4498500e+05   1.1029053e+02
   4.4499800e+05   9.6191406e+01
   4.4503400e+05   8.5876465e+01
   4.4507500e+05   9.1674805e+01
   4.4511300e+05   1.3006592e+02
   4.4516400e+05   7.8796387e+01
   4.4518100e+05   8.5754395e+01
   4.4526100e+05   1.3214111e+02
   4.4533600e+05   1.0864258e+02
   4.4537400e+05   1.0266113e+02
   4.4545300e+05   8.2214355e+01
   4.4553500e+05   8.2092285e+01
   4.4557300e+05   8.9477539e+01
   4.4568900e+05   9.5642090e+01
   4.4572900e+05   8.8623047e+01
   4.4579800e+05   9.5886230e+01
   4.4583100e+05   8.2092285e+01
   4.4597000e+05   8.7951660e+01
   4.4612100e+05   8.0200195e+01
   4.4641100e+05   9.4848633e+01
   4.4647500e+05   8.9233398e+01
   4.4690300e+05   8.2580566e+01
   4.5612300e+05   9.9975586e+01
   4.5620100e+05   8.7280273e+01
   4.5621100e+05   8.7768555e+01
   4.5624600e+05   1.0449219e+02
   4.5627200e+05   8.1848145e+01
   4.5631900e+05   8.3679199e+01
   4.5634100e+05   8.5693359e+01
   4.5646700e+05   8.2336426e+01
   4.5654500e+05   8.4289551e+01
   4.5662800e+05   9.3444824e+01
   4.5665400e+05   9.6557617e+01
   4.5668000e+05   8.1970215e+01
   4.5676600e+05   1.1157227e+02
   4.5684300e+05   1.0589600e+02
   4.5687700e+05   8.2275391e+01
   4.5700200e+05   8.3251953e+01
   4.5725300e+05   8.2092285e+01
   4.5737200e+05   8.9416504e+01
   4.5777500e+05   9.9243164e+01
   4.6741300e+05   8.9721680e+01
   4.6760100e+05   1.2097168e+02
   4.6763800e+05   9.5642090e+01
   4.6770000e+05   9.8693848e+01
   4.6775200e+05   8.0688477e+01
   4.6778100e+05   8.0627441e+01
   4.6780100e+05   8.0871582e+01
   4.6785800e+05   1.0620117e+02
   4.6787900e+05   1.1126709e+02
   4.6793400e+05   8.1237793e+01
   4.6803000e+05   8.3007813e+01
   4.6804900e+05   1.0083008e+02
   4.6809900e+05   1.1010742e+02
   4.6815800e+05   8.8012695e+01
   4.6822000e+05   8.0871582e+01
   4.6824100e+05   8.2153320e+01
   4.6837300e+05   8.3312988e+01
   4.6843600e+05   7.9467773e+01
   4.6855300e+05   7.8979492e+01
   4.6870100e+05   8.5266113e+01
   4.6876900e+05   8.2153320e+01
   4.8293400e+05   8.9843750e+01
   4.8314000e+05   8.6242676e+01
   4.8317800e+05   1.1621094e+02
   4.8320500e+05   9.9243164e+01
   4.8325800e+05   8.6608887e+01
   4.8328800e+05   1.2255859e+02
   4.8340200e+05   8.6608887e+01
   4.8343800e+05   1.0345459e+02
   4.8347700e+05   8.3374023e+01
   4.8352000e+05   9.6679688e+01
   4.8357800e+05   8.2946777e+01
   4.8362400e+05   7.8552246e+01
   4.8367900e+05   9.6374512e+01
   4.8389500e+05   8.7768555e+01
   4.8404100e+05   8.1176758e+01
   4.8417300e+05   9.7106934e+01
   4.8421900e+05   8.1787109e+01
   4.8462400e+05   8.7585449e+01
   4.8533200e+05   8.5266113e+01
   4.9580900e+05   7.8613281e+01
   4.9589600e+05   9.4787598e+01
   4.9597600e+05   8.6853027e+01
   4.9608600e+05   9.2102051e+01
   4.9616000e+05   1.1090088e+02
   4.9620300e+05   9.6252441e+01
   4.9632500e+05   1.2304688e+02
   4.9633800e+05   9.2285156e+01
   4.9639800e+05   8.3374023e+01
   4.9648900e+05   8.9843750e+01
   4.9667600e+05   7.9162598e+01
   4.9677200e+05   8.8989258e+01
   4.9694900e+05   1.0546875e+02
   4.9706700e+05   9.0209961e+01
   4.9713600e+05   8.7951660e+01
   4.9746900e+05   8.1054688e+01
   4.9758800e+05   7.9467773e+01
   5.0838200e+05   8.3557129e+01
   5.0848000e+05   9.6069336e+01
   5.0853900e+05   1.0076904e+02
   5.0859500e+05   1.2207031e+02
   5.0864600e+05   1.1151123e+02
   5.0868400e+05   1.0034180e+02
   5.0872700e+05   1.1730957e+02
   5.0875400e+05   7.9528809e+01
   5.0880100e+05   8.5266113e+01
   5.0881400e+05   8.3190918e+01
   5.0886900e+05   8.0261230e+01
   5.0889200e+05   1.0345459e+02
   5.0895300e+05   1.0919189e+02
   5.0904200e+05   9.3566895e+01
   5.0918800e+05   8.8745117e+01
   5.0926700e+05   9.9670410e+01
   5.0938600e+05   1.1309814e+02
   5.0940700e+05   9.5214844e+01
   5.0955300e+05   1.0418701e+02
   5.0968300e+05   7.9345703e+01
   5.0977400e+05   7.8918457e+01
   5.0991800e+05   8.6303711e+01
   5.1007700e+05   9.1796875e+01
   5.2089000e+05   8.3984375e+01
   5.2092800e+05   1.0217285e+02
   5.2097100e+05   1.0510254e+02
   5.2109100e+05   8.0261230e+01
   5.2113400e+05   8.8745117e+01
   5.2115900e+05   8.9477539e+01
   5.2118200e+05   7.8979492e+01
   5.2120400e+05   8.6547852e+01
   5.2128800e+05   9.0148926e+01
   5.2131200e+05   8.4960938e+01
   5.2138200e+05   9.9243164e+01
   5.2145600e+05   8.6486816e+01
   5.2160200e+05   9.0270996e+01
   5.2163500e+05   7.9406738e+01
   5.2180400e+05   1.0638428e+02
   5.2184400e+05   9.2224121e+01
   5.2198900e+05   1.0302734e+02
   5.2204200e+05   7.8613281e+01
   5.2209500e+05   1.1077881e+02
   5.3438400e+05   9.1796875e+01
   5.3440800e+05   7.8979492e+01
   5.3447200e+05   1.1273193e+02
   5.3459900e+05   1.0424805e+02
   5.3465000e+05   1.1462402e+02
   5.3468600e+05   8.4716797e+01
   5.3471600e+05   8.8500977e+01
   5.3475100e+05   8.5144043e+01
   5.3478900e+05   7.9589844e+01
   5.3480500e+05   8.2031250e+01
   5.3490300e+05   8.1542969e+01
   5.3495200e+05   1.0345459e+02
   5.3504300e+05   9.3261719e+01
   5.3510900e+05   8.5144043e+01
   5.3527900e+05   9.7778320e+01
   5.3538100e+05   7.9101563e+01
   5.3550300e+05   8.3862305e+01
   5.3555900e+05   8.2519531e+01
   5.3573500e+05   7.8979492e+01
   5.3605600e+05   9.1979980e+01
   5.3714100e+05   8.4899902e+01
   5.5681400e+05   9.8571777e+01
   5.5684600e+05   7.9711914e+01
   5.5688500e+05   8.8012695e+01
   5.5690900e+05   1.0369873e+02
   5.5693100e+05   8.9050293e+01
   5.5696500e+05   7.9589844e+01
   5.5698000e+05   8.1054688e+01
   5.5700400e+05   9.5031738e+01
   5.5702700e+05   8.0810547e+01
   5.5706700e+05   1.2341309e+02
   5.5712200e+05   1.0614014e+02
   5.5714400e+05   9.3505859e+01
   5.5717700e+05   8.1726074e+01
   5.5719400e+05   8.1115723e+01
   5.5730500e+05   9.6557617e+01
   5.5734800e+05   7.9284668e+01
   5.5737200e+05   9.6679688e+01
   5.5745900e+05   8.9111328e+01
   5.5761300e+05   7.9284668e+01
   5.5766300e+05   8.8989258e+01
   5.5775400e+05   1.0302734e+02
   5.5786800e+05   8.1054688e+01
   5.5792100e+05   8.8439941e+01
   5.5807800e+05   7.9345703e+01
   5.5816700e+05   8.0932617e+01
   5.5826700e+05   8.4411621e+01
   5.5842600e+05   8.8134766e+01
   5.5871100e+05   8.1909180e+01
   5.5994000e+05   8.3312988e+01
   5.8080100e+05   8.5021973e+01
   6.9710700e+05   8.8012695e+01
   7.3565200e+05   7.9895020e+01
   7.7106000e+05   8.3068848e+01
   7.7572800e+05   7.8308105e+01
   8.2105500e+05   7.9223633e+01
   8.2233300e+05   8.1787109e+01
   8.4648200e+05   1.0748291e+02
   8.7870700e+05   8.6914063e+01
   9.2482400e+05   8.3251953e+01
   9.4022200e+05   7.9223633e+01
   9.6134700e+05   8.2641602e+01
   9.9356300e+05   8.7341309e+01
   1.0215010e+06   8.1359863e+01
   1.0307650e+06   9.3444824e+01
   1.0308310e+06   8.4472656e+01
   1.0308610e+06   8.3679199e+01
   1.0308980e+06   8.5937500e+01
   1.0309490e+06   1.5118408e+02
   1.0309770e+06   8.1481934e+01
   1.0310120e+06   1.1932373e+02
   1.0310570e+06   1.0943604e+02
   1.0310890e+06   1.1041260e+02
   1.0311140e+06   1.1285400e+02
   1.0311350e+06   1.1804199e+02
   1.0311570e+06   9.8815918e+01
   1.0311970e+06   1.2097168e+02
   1.0312530e+06   9.4787598e+01
   1.0314310e+06   1.1035156e+02
   1.0315800e+06   8.1176758e+01
   1.0321860e+06   1.0559082e+02
   1.0327360e+06   8.7585449e+01
   1.0329880e+06   8.8439941e+01
   1.0330550e+06   8.0078125e+01
   1.0331940e+06   8.8073730e+01
   1.0332190e+06   1.0986328e+02
   1.0333030e+06   8.8989258e+01
   1.0333630e+06   8.2885742e+01
   1.0334120e+06   8.1909180e+01
   1.0334690e+06   1.0296631e+02
   1.0335420e+06   9.5764160e+01
   1.0337960e+06   9.7961426e+01
   1.0343090e+06   8.8012695e+01
   1.0479900e+06   1.0626221e+02
   1.0568930e+06   9.3017578e+01
   1.0724950e+06   9.8571777e+01
   1.1078020e+06   8.2641602e+01
   1.1549760e+06   8.7402344e+01
   1.1705620e+06   8.1359863e+01
   1.2386040e+06   9.2346191e+01
   1.2387010e+06   9.0759277e+01
   1.2387750e+06   8.1848145e+01
   1.2387990e+06   1.0070801e+02
   1.2388260e+06   1.0058594e+02
   1.2388380e+06   8.3312988e+01
   1.2388610e+06   8.3984375e+01
   1.2388800e+06   1.0186768e+02
   1.2389120e+06   8.4045410e+01
   1.2389420e+06   1.1987305e+02
   1.2389600e+06   9.5092773e+01
   1.2389730e+06   1.0479736e+02
   1.2389970e+06   8.7280273e+01
   1.2390220e+06   8.9965820e+01
   1.2390580e+06   8.3740234e+01
   1.2390770e+06   8.9477539e+01
   1.2390910e+06   8.8562012e+01
   1.2391440e+06   7.8918457e+01
   1.2391700e+06   8.7158203e+01
   1.2392360e+06   8.5937500e+01
   1.2392800e+06   9.5581055e+01
   1.2395640e+06   9.0393066e+01
   1.2397020e+06   1.0009766e+02
   1.2399720e+06   9.9060059e+01
   1.2401560e+06   9.5153809e+01
   1.2404590e+06   9.0698242e+01
   1.2405490e+06   1.3952637e+02
   1.2405880e+06   7.8979492e+01
   1.2406230e+06   8.5021973e+01
   1.2407300e+06   8.7219238e+01
   1.2409420e+06   8.8439941e+01
   1.2410340e+06   9.7351074e+01
   1.2410650e+06   8.0383301e+01
   1.2411050e+06   8.2336426e+01
   1.2411910e+06   7.9956055e+01
   1.2412390e+06   8.3068848e+01
   1.2414130e+06   9.7167969e+01
   1.2415870e+06   7.9284668e+01
   1.2419450e+06   1.0156250e+02
   1.2433890e+06   1.0131836e+02
   1.2440040e+06   8.6425781e+01
   1.2443070e+06   9.0393066e+01
   1.2497360e+06   8.8623047e+01
   1.2716400e+06   8.3862305e+01
   1.2874580e+06   8.1665039e+01
   1.2920740e+06   8.6853027e+01
   1.3029000e+06   8.8684082e+01
   1.3282060e+06   1.0144043e+02
   1.3866950e+06   9.5092773e+01
   1.3962220e+06   1.0858154e+02
   1.4628820e+06   8.0688477e+01
   1.4629120e+06   8.3679199e+01
   1.4629890e+06   1.5124512e+02
   1.4630070e+06   1.0284424e+02
   1.4630480e+06   1.0058594e+02
   1.4630590e+06   1.5789795e+02
   1.4631060e+06   1.0620117e+02
   1.4631440e+06   8.0871582e+01
   1.4631550e+06   1.3073730e+02
   1.4632270e+06   1.1218262e+02
   1.4632550e+06   9.4543457e+01
   1.4632870e+06   1.1163330e+02
   1.4633160e+06   1.3336182e+02
   1.4633430e+06   9.9304199e+01
   1.4634780e+06   9.8815918e+01
   1.4635890e+06   9.0881348e+01
   1.4636990e+06   9.5397949e+01
   1.4638430e+06   8.5754395e+01
   1.4639160e+06   8.2702637e+01
   1.4641170e+06   8.0017090e+01
   1.4644640e+06   8.5632324e+01
   1.4645650e+06   8.0932617e+01
   1.4645940e+06   9.6252441e+01
   1.4647270e+06   8.5937500e+01
   1.4648150e+06   1.1474609e+02
   1.4649380e+06   8.9233398e+01
   1.4650870e+06   9.2712402e+01
   1.4653180e+06   8.2885742e+01
   1.4656600e+06   9.8571777e+01
   1.4657980e+06   8.8867188e+01
   1.4658800e+06   1.1157227e+02
   1.4661590e+06   7.9895020e+01
   1.4664060e+06   8.9416504e+01
   1.4674340e+06   8.0017090e+01
   1.4679510e+06   7.8308105e+01
   1.4683080e+06   8.2153320e+01
   1.5110100e+06   1.0144043e+02
   1.6166120e+06   9.0698242e+01
   1.6350590e+06   7.9833984e+01
   1.6351360e+06   9.0209961e+01
   1.6352160e+06   1.0919189e+02
   1.6352450e+06   8.8378906e+01
   1.6352800e+06   7.9223633e+01
   1.6352990e+06   1.2854004e+02
   1.6353270e+06   7.8430176e+01
   1.6353580e+06   9.0209961e+01
   1.6353860e+06   8.3190918e+01
   1.6354050e+06   1.5338135e+02
   1.6354260e+06   8.0383301e+01
   1.6354700e+06   1.4813232e+02
   1.6355210e+06   9.5886230e+01
   1.6355450e+06   9.0148926e+01
   1.6355810e+06   9.8571777e+01
   1.6356810e+06   9.8266602e+01
   1.6358340e+06   8.0200195e+01
   1.6361020e+06   9.4726563e+01
   1.6363450e+06   9.1186523e+01
   1.6366380e+06   9.6069336e+01
   1.6367290e+06   8.3068848e+01
   1.6368820e+06   1.1572266e+02
   1.6369460e+06   1.0009766e+02
   1.6370410e+06   1.0900879e+02
   1.6372540e+06   1.0040283e+02
   1.6374730e+06   9.7961426e+01
   1.6375850e+06   9.5825195e+01
   1.6377360e+06   8.1542969e+01
   1.6378120e+06   9.7045898e+01
   1.6386410e+06   7.9406738e+01
   1.6390850e+06   9.2529297e+01
   1.6394320e+06   7.9589844e+01
   1.6398950e+06   7.8979492e+01
   1.6774960e+06   8.0261230e+01
   1.7209350e+06   1.0241699e+02
   1.8102630e+06   9.0087891e+01
   1.8234750e+06   7.9528809e+01
   1.8391460e+06   1.0516357e+02
   1.8391720e+06   1.0882568e+02
   1.8391820e+06   9.2102051e+01
   1.8392090e+06   8.5754395e+01
   1.8392430e+06   1.1737061e+02
   1.8392670e+06   1.3305664e+02
   1.8392840e+06   9.6740723e+01
   1.8392990e+06   1.1596680e+02
   1.8393340e+06   8.6975098e+01
   1.8393500e+06   1.1572266e+02
   1.8393880e+06   1.0894775e+02
   1.8394000e+06   7.9956055e+01
   1.8396780e+06   8.1115723e+01
   1.8398880e+06   8.8562012e+01
   1.8404900e+06   8.8012695e+01
   1.8405820e+06   1.0241699e+02
   1.8406610e+06   1.0418701e+02
   1.8408050e+06   8.6669922e+01
   1.8409580e+06   8.2763672e+01
   1.8410300e+06   1.1193848e+02
   1.8411160e+06   9.1857910e+01
   1.8413510e+06   8.0993652e+01
   1.8415000e+06   8.2397461e+01
   1.8416020e+06   8.1176758e+01
   1.8418720e+06   8.6364746e+01
   1.8447200e+06   8.0749512e+01
   1.8528940e+06   8.6059570e+01
   1.8534000e+06   8.3618164e+01
   1.8534470e+06   8.0017090e+01
   1.8534670e+06   8.5021973e+01
   1.8534930e+06   1.1315918e+02
   1.8535460e+06   1.0473633e+02
   1.8535730e+06   1.1358643e+02
   1.8536060e+06   1.3171387e+02
   1.8536270e+06   9.3994141e+01
   1.8536610e+06   8.3984375e+01
   1.8536890e+06   9.0576172e+01
   1.8537000e+06   9.0454102e+01
   1.8537370e+06   9.0942383e+01
   1.8537680e+06   1.1145020e+02
   1.8538340e+06   9.3688965e+01
   1.8538600e+06   1.0015869e+02
   1.8539050e+06   1.3665771e+02
   1.8541500e+06   9.5581055e+01
   1.8544110e+06   9.2651367e+01
   1.8544790e+06   9.1613770e+01
   1.8545550e+06   1.1828613e+02
   1.8546850e+06   9.7229004e+01
   1.8547910e+06   9.8022461e+01
   1.8549030e+06   1.0894775e+02
   1.8554120e+06   1.0833740e+02
   1.8559230e+06   9.7595215e+01
   1.8637980e+06   8.5998535e+01
   1.8641540e+06   8.3068848e+01
   1.8668700e+06   1.7181396e+02
   1.8669190e+06   8.5815430e+01
   1.8669520e+06   9.6069336e+01
   1.8669660e+06   8.1604004e+01
   1.8670390e+06   1.0791016e+02
   1.8670610e+06   9.4238281e+01
   1.8671330e+06   1.0144043e+02
   1.8671500e+06   8.8867188e+01
   1.8671720e+06   1.0827637e+02
   1.8671900e+06   8.8989258e+01
   1.8672670e+06   8.1542969e+01
   1.8672940e+06   1.0064697e+02
   1.8673290e+06   1.1157227e+02
   1.8673860e+06   1.0552979e+02
   1.8674030e+06   9.0759277e+01
   1.8674690e+06   8.3129883e+01
   1.8675180e+06   8.8806152e+01
   1.8675350e+06   9.2346191e+01
   1.8676280e+06   1.0113525e+02
   1.8676550e+06   9.1979980e+01
   1.8676780e+06   8.2641602e+01
   1.8677340e+06   8.0749512e+01
   1.8678480e+06   9.8266602e+01
   1.8679140e+06   1.0119629e+02
   1.8679850e+06   8.7829590e+01
   1.8680640e+06   8.0261230e+01
   1.8683070e+06   1.0668945e+02
   1.8683950e+06   9.8754883e+01
   1.8684690e+06   8.7402344e+01
   1.8685990e+06   9.0881348e+01
   1.8691060e+06   9.9975586e+01
   1.8799200e+06   9.8449707e+01
   1.8799520e+06   8.0200195e+01
   1.8800220e+06   1.2884521e+02
   1.8800430e+06   7.8857422e+01
   1.8801350e+06   1.7443848e+02
   1.8801490e+06   7.8857422e+01
   1.8801890e+06   9.9914551e+01
   1.8802590e+06   1.0559082e+02
   1.8802810e+06   8.6425781e+01
   1.8803380e+06   9.9731445e+01
   1.8803880e+06   9.7045898e+01
   1.8804000e+06   1.0913086e+02
   1.8804760e+06   9.2895508e+01
   1.8805000e+06   9.3627930e+01
   1.8805610e+06   8.0505371e+01
   1.8806500e+06   8.4472656e+01
   1.8806790e+06   1.1126709e+02
   1.8808810e+06   8.6730957e+01
   1.8809970e+06   8.3923340e+01
   1.8810500e+06   9.1003418e+01
   1.8811680e+06   7.8430176e+01
   1.8812360e+06   7.9406738e+01
   1.8814490e+06   8.0932617e+01
   1.8815700e+06   8.2336426e+01
   1.8819860e+06   9.3872070e+01
   1.8823500e+06   9.2590332e+01
   1.8823990e+06   8.8745117e+01
   1.8858910e+06   7.8918457e+01
   1.8931240e+06   8.7585449e+01
   1.9034610e+06   9.4970703e+01
   1.9035180e+06   9.4299316e+01
   1.9035530e+06   1.0668945e+02
   1.9036010e+06   1.1889648e+02
   1.9036120e+06   8.0383301e+01
   1.9036320e+06   1.1499023e+02
   1.9036680e+06   8.3374023e+01
   1.9036780e+06   1.0284424e+02
   1.9037200e+06   1.1022949e+02
   1.9037530e+06   9.5092773e+01
   1.9037830e+06   8.2153320e+01
   1.9038310e+06   1.3208008e+02
   1.9038710e+06   1.0614014e+02
   1.9039200e+06   8.5510254e+01
   1.9039790e+06   8.9599609e+01
   1.9040190e+06   1.1645508e+02
   1.9040350e+06   8.1665039e+01
   1.9041140e+06   1.2646484e+02
   1.9042180e+06   8.6486816e+01
   1.9043520e+06   8.9843750e+01
   1.9044220e+06   7.9223633e+01
   1.9044750e+06   8.7097168e+01
   1.9046590e+06   9.8632813e+01
   1.9051540e+06   8.5510254e+01
   1.9052920e+06   8.0139160e+01
   1.9058160e+06   8.4960938e+01
   1.9228840e+06   1.0638428e+02
   1.9229050e+06   1.1212158e+02
   1.9229150e+06   9.1613770e+01
   1.9229900e+06   1.1035156e+02
   1.9230070e+06   8.5205078e+01
   1.9230390e+06   1.1334229e+02
   1.9230570e+06   1.0827637e+02
   1.9230740e+06   8.2824707e+01
   1.9231200e+06   1.0772705e+02
   1.9231310e+06   8.8806152e+01
   1.9231850e+06   1.8041992e+02
   1.9232090e+06   8.5510254e+01
   1.9232560e+06   7.9406738e+01
   1.9232960e+06   1.0656738e+02
   1.9233610e+06   8.5815430e+01
   1.9234060e+06   9.4665527e+01
   1.9235310e+06   8.4655762e+01
   1.9235730e+06   9.2712402e+01
   1.9237740e+06   8.0871582e+01
   1.9238470e+06   8.0078125e+01
   1.9239280e+06   8.8623047e+01
   1.9239450e+06   8.9477539e+01
   1.9240010e+06   9.0026855e+01
   1.9241700e+06   8.5083008e+01
   1.9250390e+06   9.5947266e+01
   1.9385340e+06   9.9121094e+01
   1.9386070e+06   9.9670410e+01
   1.9386780e+06   1.1492920e+02
   1.9387330e+06   8.3557129e+01
   1.9387720e+06   1.0552979e+02
   1.9388230e+06   9.8937988e+01
   1.9388770e+06   9.7473145e+01
   1.9389400e+06   1.1059570e+02
   1.9389530e+06   9.6618652e+01
   1.9390220e+06   9.4726563e+01
   1.9390770e+06   1.0687256e+02
   1.9391030e+06   8.2275391e+01
   1.9391720e+06   1.1151123e+02
   1.9392040e+06   8.3801270e+01
   1.9392360e+06   9.8937988e+01
   1.9393090e+06   8.3801270e+01
   1.9393360e+06   8.5693359e+01
   1.9394730e+06   8.5998535e+01
   1.9396430e+06   8.3618164e+01
   1.9397720e+06   9.1125488e+01
   1.9398560e+06   7.8491211e+01
   1.9399470e+06   1.0076904e+02
   1.9402320e+06   8.8439941e+01
   1.9512230e+06   8.2031250e+01
   1.9512330e+06   8.2275391e+01
   1.9513400e+06   8.1237793e+01
   1.9513840e+06   8.2458496e+01
   1.9514550e+06   8.8989258e+01
   1.9515410e+06   1.0491943e+02
   1.9516750e+06   8.7951660e+01
   1.9516890e+06   9.1796875e+01
   1.9517190e+06   7.8918457e+01
   1.9518870e+06   8.1359863e+01
   1.9519660e+06   1.0046387e+02
   1.9520110e+06   9.3139648e+01
   1.9521380e+06   8.3374023e+01
   1.9521570e+06   9.3994141e+01
   1.9522660e+06   7.8979492e+01
   1.9523440e+06   8.2824707e+01
   1.9523920e+06   8.7158203e+01
   1.9524850e+06   8.3801270e+01
   1.9528980e+06   8.3190918e+01
   1.9529210e+06   9.0942383e+01
   1.9688530e+06   9.6923828e+01
   1.9688730e+06   8.9050293e+01
   1.9688910e+06   9.3261719e+01
   1.9689550e+06   9.2346191e+01
   1.9689850e+06   9.2224121e+01
   1.9690010e+06   7.9345703e+01
   1.9690490e+06   1.3726807e+02
   1.9690780e+06   1.0321045e+02
   1.9691740e+06   9.3322754e+01
   1.9691880e+06   1.0235596e+02
   1.9692860e+06   8.4228516e+01
   1.9693310e+06   1.0357666e+02
   1.9693840e+06   8.0993652e+01
   1.9694280e+06   9.1308594e+01
   1.9695800e+06   8.1237793e+01
   1.9696780e+06   8.0078125e+01
   1.9698250e+06   7.8979492e+01
   1.9699750e+06   1.2066650e+02
   1.9701140e+06   1.0205078e+02
   1.9701900e+06   8.5510254e+01
   1.9703360e+06   9.0087891e+01
   1.9822340e+06   1.1395264e+02
   1.9822740e+06   7.9772949e+01
   1.9823700e+06   8.0810547e+01
   1.9824180e+06   8.5510254e+01
   1.9824410e+06   8.3984375e+01
   1.9824640e+06   8.9721680e+01
   1.9825050e+06   1.6229248e+02
   1.9825650e+06   1.1346436e+02
   1.9825820e+06   8.2397461e+01
   1.9826340e+06   1.7553711e+02
   1.9827440e+06   8.1115723e+01
   1.9827840e+06   8.4472656e+01
   1.9828030e+06   9.1491699e+01
   1.9828290e+06   7.9650879e+01
   1.9828970e+06   8.0871582e+01
   1.9829350e+06   8.7463379e+01
   1.9829700e+06   8.9721680e+01
   1.9831120e+06   1.1065674e+02
   1.9832100e+06   8.9355469e+01
   1.9832740e+06   8.7585449e+01
   1.9833220e+06   8.1604004e+01
   1.9834490e+06   8.7707520e+01
   1.9836210e+06   8.1970215e+01
   1.9840460e+06   7.9956055e+01
   1.9847370e+06   7.9223633e+01
   1.9946600e+06   7.9528809e+01
   1.9946970e+06   8.4777832e+01
   1.9947420e+06   7.9833984e+01
   1.9948190e+06   1.0113525e+02
   1.9948930e+06   1.0559082e+02
   1.9950650e+06   8.1542969e+01
   1.9950860e+06   8.3007813e+01
   1.9951780e+06   8.4289551e+01
   1.9952120e+06   9.8388672e+01
   1.9953440e+06   7.8613281e+01
   1.9953750e+06   8.3068848e+01
   1.9954000e+06   8.3923340e+01
   1.9954440e+06   9.5886230e+01
   1.9956000e+06   8.7707520e+01
   1.9956480e+06   1.0076904e+02
   1.9957180e+06   9.0698242e+01
   1.9961310e+06   8.0200195e+01
   1.9963210e+06   8.7951660e+01
   2.0093420e+06   1.0272217e+02
   2.0093770e+06   7.8918457e+01
   2.0094050e+06   8.2092285e+01
   2.0094240e+06   8.0261230e+01
   2.0094810e+06   1.3122559e+02
   2.0095010e+06   9.7167969e+01
   2.0095360e+06   8.9782715e+01
   2.0096360e+06   9.6740723e+01
   2.0096740e+06   1.4978027e+02
   2.0097750e+06   8.6730957e+01
   2.0098190e+06   1.4453125e+02
   2.0099490e+06   9.5031738e+01
   2.0099690e+06   8.4716797e+01
   2.0100140e+06   8.4228516e+01
   2.0101280e+06   8.2214355e+01
   2.0102270e+06   8.6059570e+01
   2.0106990e+06   8.7707520e+01
   2.0109190e+06   8.2702637e+01
   2.0226600e+06   1.3214111e+02
   2.0227520e+06   8.7463379e+01
   2.0228360e+06   8.9721680e+01
   2.0228730e+06   8.5632324e+01
   2.0229550e+06   8.8745117e+01
   2.0230140e+06   8.1054688e+01
   2.0231260e+06   1.6217041e+02
   2.0232430e+06   8.6486816e+01
   2.0232810e+06   8.6120605e+01
   2.0233170e+06   8.1665039e+01
   2.0233850e+06   8.4960938e+01
   2.0236080e+06   7.9345703e+01
   2.0237160e+06   1.1120605e+02
   2.0238920e+06   8.6059570e+01
   2.0243940e+06   8.7585449e+01
   2.0369780e+06   8.4045410e+01
   2.0369960e+06   8.1237793e+01
   2.0370150e+06   8.6242676e+01
   2.0370720e+06   7.9772949e+01
   2.0370920e+06   9.7961426e+01
   2.0371690e+06   8.3068848e+01
   2.0372300e+06   1.1071777e+02
   2.0372590e+06   7.8979492e+01
   2.0373130e+06   9.1247559e+01
   2.0373390e+06   8.9843750e+01
   2.0373630e+06   8.5083008e+01
   2.0373840e+06   8.8867188e+01
   2.0375900e+06   9.7167969e+01
   2.0376700e+06   1.1480713e+02
   2.0377290e+06   8.2214355e+01
   2.0378380e+06   8.2336426e+01
   2.0380110e+06   8.2763672e+01
   2.0380760e+06   7.8308105e+01
   2.0385680e+06   9.0454102e+01
   2.0387060e+06   8.9416504e+01
   2.0388240e+06   8.0017090e+01
   2.0501750e+06   1.0290527e+02
   2.0502310e+06   9.4665527e+01
   2.0503520e+06   7.8552246e+01
   2.0504340e+06   1.2939453e+02
   2.0504790e+06   8.3068848e+01
   2.0505180e+06   8.2336426e+01
   2.0505550e+06   8.4655762e+01
   2.0506210e+06   9.2895508e+01
   2.0506910e+06   1.0150146e+02
   2.0507250e+06   9.2041016e+01
   2.0507810e+06   7.9345703e+01
   2.0508800e+06   8.8684082e+01
   2.0509180e+06   8.8500977e+01
   2.0510330e+06   8.2641602e+01
   2.0510560e+06   7.8430176e+01
   2.0510910e+06   8.9050293e+01
   2.0513150e+06   1.0406494e+02
   2.0513500e+06   8.3496094e+01
   2.0514980e+06   8.4045410e+01
   2.0737610e+06   9.1613770e+01
   2.0737950e+06   8.8500977e+01
   2.0738830e+06   8.7280273e+01
   2.0739190e+06   1.5875244e+02
   2.0739670e+06   1.5850830e+02
   2.0739870e+06   8.7585449e+01
   2.0740130e+06   1.0162354e+02
   2.0740350e+06   1.0601807e+02
   2.0740600e+06   1.0168457e+02
   2.0740980e+06   1.1773682e+02
   2.0741530e+06   1.1047363e+02
   2.0742400e+06   8.6303711e+01
   2.0742650e+06   9.1857910e+01
   2.0743850e+06   1.3195801e+02
   2.0745070e+06   1.2927246e+02
   2.0746000e+06   9.9792480e+01
   2.0746580e+06   7.9101563e+01
   2.0747230e+06   8.9660645e+01
   2.0747930e+06   8.9111328e+01
   2.0749700e+06   8.3618164e+01
   2.2506140e+06   1.0430908e+02
   2.3056320e+06   9.3017578e+01
   2.5411880e+06   9.6435547e+01
   2.5416750e+06   1.3958740e+02
   2.5417280e+06   1.0211182e+02
   2.5417630e+06   1.2463379e+02
   2.5418000e+06   9.6130371e+01
   2.5418190e+06   7.9467773e+01
   2.5418650e+06   1.0998535e+02
   2.5418830e+06   1.2829590e+02
   2.5419090e+06   1.3409424e+02
   2.5419330e+06   9.1857910e+01
   2.5419480e+06   1.1114502e+02
   2.5419660e+06   8.4777832e+01
   2.5419870e+06   8.4411621e+01
   2.5420000e+06   8.3190918e+01
   2.5421050e+06   8.7768555e+01
   2.5422480e+06   8.1970215e+01
   2.5430750e+06   9.6740723e+01
   2.5432670e+06   8.2702637e+01
   2.5437080e+06   8.4838867e+01
   2.5440420e+06   8.7890625e+01
   2.5441100e+06   8.0444336e+01
   2.5442560e+06   8.0078125e+01
   2.5443360e+06   8.2702637e+01
   2.5446100e+06   9.1674805e+01
   2.5447440e+06   8.7829590e+01
   2.5448340e+06   8.3557129e+01
   2.5540100e+06   8.8439941e+01
   2.8219710e+06   7.8674316e+01
   2.8326850e+06   1.1791992e+02
   2.8327130e+06   1.4306641e+02
   2.8327350e+06   9.2529297e+01
   2.8327730e+06   8.3251953e+01
   2.8327890e+06   1.5802002e+02
   2.8328190e+06   9.4787598e+01
   2.8328440e+06   1.1859131e+02
   2.8329030e+06   8.4960938e+01
   2.8329310e+06   8.2458496e+01
   2.8331400e+06   1.0101318e+02
   2.8332850e+06   9.1796875e+01
   2.8340170e+06   8.6730957e+01
   2.8341570e+06   8.9538574e+01
   2.8343870e+06   8.7524414e+01
   2.8345600e+06   9.5947266e+01
   2.8346150e+06   1.0089111e+02
   2.8346660e+06   1.0107422e+02
   2.8347480e+06   8.7646484e+01
   2.8348360e+06   8.4106445e+01
   2.8350820e+06   7.9711914e+01
   2.8352160e+06   8.1054688e+01
   2.8355790e+06   9.0026855e+01
   2.8359960e+06   8.2458496e+01
   2.8363690e+06   8.1054688e+01
   2.8365400e+06   8.6364746e+01
   2.8379300e+06   8.2092285e+01
   2.8507790e+06   8.9477539e+01
   2.8508070e+06   8.9965820e+01
   2.8508380e+06   1.2023926e+02
   2.8508530e+06   1.2127686e+02
   2.8508800e+06   1.1181641e+02
   2.8508950e+06   8.7402344e+01
   2.8509270e+06   9.7534180e+01
   2.8509580e+06   1.2017822e+02
   2.8509860e+06   9.6313477e+01
   2.8510040e+06   9.9609375e+01
   2.8510300e+06   1.4965820e+02
   2.8510880e+06   7.9589844e+01
   2.8511140e+06   8.5266113e+01
   2.8511430e+06   9.3078613e+01
   2.8511940e+06   1.1547852e+02
   2.8512320e+06   7.8796387e+01
   2.8513830e+06   1.0693359e+02
   2.8514830e+06   8.1176758e+01
   2.8516330e+06   8.9111328e+01
   2.8517270e+06   8.2153320e+01
   2.8519700e+06   8.5876465e+01
   2.8520320e+06   8.3190918e+01
   2.8524850e+06   8.3557129e+01
   2.8527250e+06   8.5388184e+01
   2.8528340e+06   8.5510254e+01
   2.8528870e+06   8.0566406e+01
   2.8530030e+06   8.4655762e+01
   2.8531020e+06   7.9223633e+01
   2.8533480e+06   8.8256836e+01
   2.8535790e+06   8.3557129e+01
   2.8611120e+06   9.5214844e+01
   2.8707790e+06   1.3568115e+02
   2.8707930e+06   1.2066650e+02
   2.8708480e+06   1.0040283e+02
   2.8709080e+06   1.1419678e+02
   2.8709610e+06   8.6120605e+01
   2.8709780e+06   9.3688965e+01
   2.8709960e+06   1.0253906e+02
   2.8710400e+06   9.1369629e+01
   2.8710720e+06   1.0388184e+02
   2.8710900e+06   1.4373779e+02
   2.8711050e+06   8.4350586e+01
   2.8711470e+06   9.6740723e+01
   2.8711870e+06   9.6435547e+01
   2.8711990e+06   1.1358643e+02
   2.8712700e+06   9.1430664e+01
   2.8713180e+06   9.5703125e+01
   2.8713760e+06   8.7219238e+01
   2.8714410e+06   8.5571289e+01
   2.8716100e+06   1.0339355e+02
   2.8716580e+06   8.0871582e+01
   2.8717090e+06   7.8918457e+01
   2.8719530e+06   7.9345703e+01
   2.8721290e+06   8.5937500e+01
   2.8722050e+06   7.8735352e+01
   2.8722710e+06   7.9467773e+01
   2.8725240e+06   9.4482422e+01
   2.8726140e+06   8.1542969e+01
   2.8726860e+06   9.9670410e+01
   2.8728900e+06   8.9660645e+01
   2.8896890e+06   8.5571289e+01
   2.8951450e+06   9.3933105e+01
   2.8961140e+06   1.4196777e+02
   2.8961280e+06   9.7351074e+01
   2.8961520e+06   8.1115723e+01
   2.8961970e+06   1.2878418e+02
   2.8962620e+06   8.2580566e+01
   2.8962830e+06   7.8674316e+01
   2.8962960e+06   1.6967773e+02
   2.8963220e+06   1.1224365e+02
   2.8963640e+06   1.1236572e+02
   2.8964060e+06   1.2927246e+02
   2.8964310e+06   8.2153320e+01
   2.8965030e+06   8.9599609e+01
   2.8965740e+06   8.9599609e+01
   2.8965930e+06   8.7890625e+01
   2.8966690e+06   8.8134766e+01
   2.8968380e+06   7.9223633e+01
   2.8971210e+06   7.8857422e+01
   2.8971550e+06   7.9895020e+01
   2.8972080e+06   8.7768555e+01
   2.8972870e+06   9.4909668e+01
   2.8977420e+06   8.3007813e+01
   2.8978500e+06   9.1430664e+01
   2.8980240e+06   8.0566406e+01
   2.8981370e+06   8.6791992e+01
   2.8983590e+06   7.8857422e+01
   2.9118850e+06   8.2031250e+01
   2.9273090e+06   8.9965820e+01
   2.9273390e+06   8.6791992e+01
   2.9273890e+06   8.9233398e+01
   2.9274260e+06   1.0504150e+02
   2.9274530e+06   8.6242676e+01
   2.9274950e+06   1.4251709e+02
   2.9275190e+06   9.9243164e+01
   2.9275430e+06   8.7463379e+01
   2.9275930e+06   1.0168457e+02
   2.9276260e+06   1.0491943e+02
   2.9276410e+06   8.6242676e+01
   2.9276980e+06   1.0168457e+02
   2.9277740e+06   1.2921143e+02
   2.9278330e+06   8.7402344e+01
   2.9280370e+06   7.8796387e+01
   2.9280780e+06   7.8735352e+01
   2.9281350e+06   8.3007813e+01
   2.9282960e+06   8.0139160e+01
   2.9283510e+06   8.3557129e+01
   2.9284860e+06   7.9223633e+01
   2.9285570e+06   7.9956055e+01
   2.9289440e+06   8.8500977e+01
   2.9292050e+06   8.8012695e+01
   2.9293230e+06   9.0087891e+01
   2.9297770e+06   1.0693359e+02
   2.9301740e+06   8.2580566e+01
   2.9450820e+06   9.8632813e+01
   2.9451250e+06   1.0540771e+02
   2.9451540e+06   9.9975586e+01
   2.9451870e+06   8.6120605e+01
   2.9452040e+06   7.9956055e+01
   2.9452380e+06   9.3200684e+01
   2.9453170e+06   9.6740723e+01
   2.9453280e+06   1.3500977e+02
   2.9453630e+06   8.1542969e+01
   2.9453960e+06   9.0026855e+01
   2.9454070e+06   9.2651367e+01
   2.9454620e+06   1.2829590e+02
   2.9454840e+06   8.5632324e+01
   2.9455130e+06   8.8623047e+01
   2.9455550e+06   8.2580566e+01
   2.9455790e+06   1.1987305e+02
   2.9456360e+06   7.9040527e+01
   2.9456490e+06   9.0332031e+01
   2.9457830e+06   9.1064453e+01
   2.9458450e+06   8.0932617e+01
   2.9459260e+06   8.6853027e+01
   2.9459980e+06   8.8439941e+01
   2.9460940e+06   7.9040527e+01
   2.9461320e+06   9.3933105e+01
   2.9461920e+06   8.6059570e+01
   2.9463600e+06   8.7585449e+01
   2.9464600e+06   7.9833984e+01
   2.9465290e+06   8.2458496e+01
   2.9466680e+06   9.0698242e+01
   2.9468030e+06   8.0932617e+01
   2.9468950e+06   8.1237793e+01
   2.9470130e+06   8.6059570e+01
   2.9473780e+06   8.4533691e+01
   2.9502780e+06   8.2824707e+01
   2.9646260e+06   7.9040527e+01
   2.9675030e+06   8.8867188e+01
   2.9675290e+06   9.5520020e+01
   2.9675550e+06   8.4106445e+01
   2.9675890e+06   8.9233398e+01
   2.9676150e+06   8.2519531e+01
   2.9676540e+06   9.7656250e+01
   2.9676910e+06   8.8073730e+01
   2.9677440e+06   8.6486816e+01
   2.9677600e+06   8.3618164e+01
   2.9677780e+06   8.3190918e+01
   2.9678240e+06   1.3482666e+02
   2.9678680e+06   1.0266113e+02
   2.9679100e+06   1.1437988e+02
   2.9679350e+06   9.4726563e+01
   2.9679500e+06   7.8918457e+01
   2.9680050e+06   1.1584473e+02
   2.9680760e+06   1.0351563e+02
   2.9682590e+06   1.0565186e+02
   2.9684460e+06   9.2102051e+01
   2.9684930e+06   8.3923340e+01
   2.9685970e+06   8.5327148e+01
   2.9689000e+06   1.0015869e+02
   2.9691470e+06   8.7646484e+01
   2.9692710e+06   8.9416504e+01
   2.9705660e+06   8.3923340e+01
   2.9940670e+06   1.2432861e+02
   2.9941050e+06   8.7280273e+01
   2.9941540e+06   9.4238281e+01
   2.9941720e+06   1.3159180e+02
   2.9942140e+06   9.9548340e+01
   2.9942540e+06   1.0223389e+02
   2.9942800e+06   8.7524414e+01
   2.9942930e+06   7.9650879e+01
   2.9943640e+06   1.0986328e+02
   2.9944070e+06   8.6120605e+01
   2.9945030e+06   8.2763672e+01
   2.9945210e+06   7.9162598e+01
   2.9945960e+06   1.0205078e+02
   2.9946200e+06   8.0688477e+01
   2.9948380e+06   8.4472656e+01
   2.9949850e+06   8.7402344e+01
   2.9950650e+06   8.3557129e+01
   2.9952200e+06   9.2529297e+01
   2.9954740e+06   8.3251953e+01
   2.9955980e+06   7.9895020e+01
   2.9957600e+06   8.6791992e+01
   2.9962600e+06   8.1237793e+01
