   3.0000000e+06   0.0000000e+00
   7.6658000e+04   5.0842285e+01
   7.6697000e+04   3.6804199e+01
   7.6726000e+04   4.2785645e+01
   7.6751000e+04   6.0241699e+01
   7.6801000e+04   6.0974121e+01
   7.6824000e+04   3.8452148e+01
   7.6849000e+04   3.9733887e+01
   7.6870000e+04   4.9682617e+01
   7.6919000e+04   4.3701172e+01
   7.8315000e+04   4.9133301e+01
   7.8481000e+04   3.7963867e+01
   7.8598000e+04   3.5644531e+01
   7.8824000e+04   3.5644531e+01
   7.9082000e+04   3.7902832e+01
   7.9270000e+04   3.9550781e+01
   7.9843000e+04   3.9978027e+01
   1.0236300e+05   3.5888672e+01
   2.4574400e+05   4.5715332e+01
   2.4576700e+05   3.6621094e+01
   2.4578800e+05   4.3945313e+01
   2.4581600e+05   5.6396484e+01
   2.4587400e+05   7.1716309e+01
   2.4594300e+05   4.1931152e+01
   2.4598900e+05   3.6804199e+01
   2.4604900e+05   4.2541504e+01
   2.4607200e+05   4.0344238e+01
   2.4730900e+05   4.8828125e+01
   2.4746600e+05   3.6376953e+01
   2.4749900e+05   3.6010742e+01
   2.4759700e+05   3.8879395e+01
   2.4771800e+05   3.9428711e+01
   2.4777100e+05   3.9916992e+01
   2.4795500e+05   3.7109375e+01
   2.4813200e+05   3.6621094e+01
   2.4832600e+05   3.5949707e+01
   2.4855000e+05   3.7902832e+01
   2.4884900e+05   3.5949707e+01
   2.6677500e+05   3.5888672e+01
   2.7340400e+05   4.1381836e+01
   3.6439600e+05   4.1076660e+01
   3.6449100e+05   4.2846680e+01
   3.6453400e+05   4.5104980e+01
   3.6457300e+05   7.4523926e+01
   3.6461500e+05   3.7109375e+01
   3.6463100e+05   3.5522461e+01
   3.6468300e+05   4.4677734e+01
   3.6476100e+05   4.0771484e+01
   3.6591100e+05   3.5949707e+01
   3.6594800e+05   3.6193848e+01
   3.6622200e+05   3.6560059e+01
   3.6630900e+05   4.1076660e+01
   3.6664300e+05   4.1015625e+01
   3.6688100e+05   4.6203613e+01
   3.6709000e+05   4.6508789e+01
   3.6729600e+05   4.2419434e+01
   3.6752300e+05   4.5898437e+01
   3.8202800e+05   3.8513184e+01
   3.8207800e+05   5.2307129e+01
   3.8210500e+05   4.2541504e+01
   3.8212300e+05   4.7851563e+01
   3.8216600e+05   4.1625977e+01
   3.8219800e+05   4.7180176e+01
   3.8225600e+05   4.7668457e+01
   3.8227800e+05   3.5339355e+01
   3.8234900e+05   5.1391602e+01
   3.8243700e+05   3.6804199e+01
   3.8404200e+05   3.9062500e+01
   3.8409300e+05   4.1320801e+01
   3.8427200e+05   4.1259766e+01
   3.8461300e+05   4.4250488e+01
   3.8492800e+05   5.1269531e+01
   3.9608300e+05   5.2551270e+01
   3.9611300e+05   6.3720703e+01
   3.9618600e+05   4.1198730e+01
   3.9622000e+05   5.5847168e+01
   3.9630000e+05   4.2724609e+01
   3.9639000e+05   4.8706055e+01
   3.9640900e+05   5.6213379e+01
   3.9650900e+05   4.5410156e+01
   3.9661000e+05   4.5043945e+01
   3.9672200e+05   3.5339355e+01
   3.9677600e+05   3.7841797e+01
   3.9693500e+05   3.9367676e+01
   3.9771100e+05   3.7719727e+01
   3.9790900e+05   4.2358398e+01
   3.9811400e+05   3.8269043e+01
   3.9834500e+05   3.8024902e+01
   3.9862200e+05   4.2297363e+01
   4.0789600e+05   4.4982910e+01
   4.0790800e+05   3.6499023e+01
   4.0803500e+05   4.2053223e+01
   4.0806400e+05   5.2917480e+01
   4.0813900e+05   4.8156738e+01
   4.0820500e+05   5.0659180e+01
   4.0832100e+05   4.5104980e+01
   4.0835700e+05   3.5339355e+01
   4.0845500e+05   4.8706055e+01
   4.0858900e+05   4.0100098e+01
   4.0864900e+05   3.7292480e+01
   4.0887200e+05   4.1503906e+01
   4.0896900e+05   3.5949707e+01
   4.0905200e+05   4.4128418e+01
   4.0941600e+05   4.6875000e+01
   4.0963200e+05   4.4006348e+01
   4.0990000e+05   3.6132813e+01
   4.1985700e+05   3.6315918e+01
   4.1989600e+05   5.3894043e+01
   4.1997500e+05   4.1564941e+01
   4.2001900e+05   5.0292969e+01
   4.2014000e+05   4.9682617e+01
   4.2028400e+05   5.5480957e+01
   4.2030300e+05   3.5583496e+01
   4.2031400e+05   4.0588379e+01
   4.2040000e+05   3.7170410e+01
   4.2052300e+05   3.8635254e+01
   4.2064900e+05   3.9489746e+01
   4.2078500e+05   3.8146973e+01
   4.2094400e+05   4.4128418e+01
   4.2110700e+05   5.8898926e+01
   4.2114800e+05   3.7109375e+01
   4.2128800e+05   3.6987305e+01
   4.2154300e+05   4.1442871e+01
   4.2181500e+05   4.4555664e+01
   4.3148400e+05   4.7302246e+01
   4.3155400e+05   4.7180176e+01
   4.3157000e+05   3.6132813e+01
   4.3162000e+05   3.5522461e+01
   4.3170500e+05   4.6325684e+01
   4.3183300e+05   4.9316406e+01
   4.3186800e+05   3.7536621e+01
   4.3197200e+05   4.8339844e+01
   4.3199500e+05   4.6447754e+01
   4.3209800e+05   4.5349121e+01
   4.3219300e+05   4.5959473e+01
   4.3223300e+05   4.2053223e+01
   4.3239200e+05   4.4372559e+01
   4.3255000e+05   3.6071777e+01
   4.3274500e+05   4.4433594e+01
   4.3294300e+05   4.5898438e+01
   4.3319400e+05   4.4921875e+01
   4.4495600e+05   3.9916992e+01
   4.4499300e+05   4.4738770e+01
   4.4507300e+05   3.8818359e+01
   4.4513900e+05   4.6081543e+01
   4.4525100e+05   3.8635254e+01
   4.4530400e+05   3.6621094e+01
   4.4535700e+05   3.8635254e+01
   4.4547500e+05   3.6804199e+01
   4.4560100e+05   3.9550781e+01
   4.4572700e+05   5.0842285e+01
   4.4586000e+05   3.9367676e+01
   4.4601100e+05   4.7119141e+01
   4.4618200e+05   3.5461426e+01
   4.4635900e+05   4.1381836e+01
   4.4637900e+05   3.7536621e+01
   4.4662200e+05   4.7119141e+01
   4.4689200e+05   4.5898438e+01
   4.5626700e+05   4.5104980e+01
   4.5629800e+05   6.1340332e+01
   4.5641700e+05   4.3151855e+01
   4.5648000e+05   4.5227051e+01
   4.5661900e+05   5.0231934e+01
   4.5670500e+05   4.4677734e+01
   4.5676900e+05   4.2602539e+01
   4.5693300e+05   4.4372559e+01
   4.5708200e+05   4.0527344e+01
   4.5729400e+05   4.1259766e+01
   4.5735600e+05   3.7780762e+01
   4.5750200e+05   4.7180176e+01
   4.6756100e+05   3.7170410e+01
   4.6758600e+05   4.0405273e+01
   4.6769000e+05   4.4189453e+01
   4.6773600e+05   4.4372559e+01
   4.6790000e+05   3.9489746e+01
   4.6800300e+05   4.0527344e+01
   4.6803900e+05   3.8452148e+01
   4.6818400e+05   3.6865234e+01
   4.6833100e+05   4.0100098e+01
   4.6842400e+05   3.6743164e+01
   4.6848700e+05   3.9611816e+01
   4.6868900e+05   3.9001465e+01
   4.6871200e+05   3.5461426e+01
   4.6890500e+05   4.3762207e+01
   4.8314200e+05   4.8278809e+01
   4.8316700e+05   5.3588867e+01
   4.8324300e+05   3.9611816e+01
   4.8328000e+05   4.7485352e+01
   4.8331800e+05   3.9062500e+01
   4.8338600e+05   3.9306641e+01
   4.8347200e+05   4.0710449e+01
   4.8350600e+05   5.1269531e+01
   4.8361600e+05   6.1340332e+01
   4.8373900e+05   3.8391113e+01
   4.8378700e+05   3.7353516e+01
   4.8399000e+05   3.7963867e+01
   4.8412900e+05   3.6804199e+01
   4.8426900e+05   3.7902832e+01
   4.8447200e+05   3.8757324e+01
   4.8464500e+05   3.9245605e+01
   4.8487300e+05   4.4250488e+01
   4.8518400e+05   4.7241211e+01
   4.9592800e+05   4.4311523e+01
   4.9597300e+05   5.1391602e+01
   4.9607600e+05   4.2175293e+01
   4.9613400e+05   5.4870605e+01
   4.9623800e+05   4.6386719e+01
   4.9626400e+05   4.3395996e+01
   4.9637900e+05   3.9855957e+01
   4.9639700e+05   4.0832520e+01
   4.9653500e+05   3.6621094e+01
   4.9655700e+05   3.7841797e+01
   4.9668600e+05   5.0537109e+01
   4.9675400e+05   3.7475586e+01
   4.9685600e+05   3.9855957e+01
   4.9705400e+05   3.9123535e+01
   4.9724700e+05   4.0466309e+01
   4.9755300e+05   4.5288086e+01
   5.0854900e+05   4.3457031e+01
   5.0856800e+05   4.2114258e+01
   5.0867700e+05   5.2673340e+01
   5.0872700e+05   4.6691895e+01
   5.0882200e+05   4.5532227e+01
   5.0886100e+05   5.0781250e+01
   5.0896900e+05   3.6682129e+01
   5.0914900e+05   6.1645508e+01
   5.0931100e+05   3.7780762e+01
   5.0965700e+05   3.9123535e+01
   5.0988400e+05   4.1931152e+01
   5.1020800e+05   4.2297363e+01
   5.2098100e+05   3.7048340e+01
   5.2099100e+05   7.0007324e+01
   5.2114000e+05   5.3894043e+01
   5.2127500e+05   4.7790527e+01
   5.2141900e+05   4.2785645e+01
   5.2156300e+05   4.1381836e+01
   5.2168400e+05   4.3090820e+01
   5.2171000e+05   3.6560059e+01
   5.2186700e+05   5.1574707e+01
   5.2202800e+05   4.2602539e+01
   5.2222700e+05   3.7475586e+01
   5.2254900e+05   4.2480469e+01
   5.2293200e+05   4.3395996e+01
   5.3450100e+05   4.6752930e+01
   5.3451500e+05   6.3232422e+01
   5.3464400e+05   7.9223633e+01
   5.3477400e+05   5.1452637e+01
   5.3478600e+05   4.2663574e+01
   5.3481300e+05   3.5400391e+01
   5.3489700e+05   4.5166016e+01
   5.3503300e+05   3.6499023e+01
   5.3518000e+05   4.8095703e+01
   5.3531600e+05   4.3029785e+01
   5.3545900e+05   3.8513184e+01
   5.3562800e+05   3.5339355e+01
   5.3585200e+05   3.6560059e+01
   5.3617800e+05   4.0832520e+01
   5.5695500e+05   4.0832520e+01
   5.5696600e+05   8.5021973e+01
   5.5699100e+05   3.7353516e+01
   5.5707000e+05   5.7312012e+01
   5.5708200e+05   4.8889160e+01
   5.5713600e+05   3.5583496e+01
   5.5717100e+05   4.5410156e+01
   5.5726600e+05   4.8828125e+01
   5.5747600e+05   3.6926270e+01
   5.5757700e+05   4.0710449e+01
   5.5812300e+05   3.6071777e+01
   5.5847000e+05   4.1748047e+01
   5.5870400e+05   3.9245605e+01
   5.5902400e+05   3.8146973e+01
   5.6538900e+05   5.2246094e+01
   1.0310440e+06   4.2541504e+01
   1.0311080e+06   5.0048828e+01
   1.0311660e+06   5.3833008e+01
   1.0311790e+06   4.0344238e+01
   1.0312220e+06   8.0627441e+01
   1.0312560e+06   5.5908203e+01
   1.0313120e+06   5.0476074e+01
   1.0313730e+06   4.2053223e+01
   1.0314720e+06   3.9978027e+01
   1.0315530e+06   3.7048340e+01
   1.0323060e+06   3.7353516e+01
   1.0323380e+06   3.6743164e+01
   1.0325040e+06   3.8940430e+01
   1.0327600e+06   3.6254883e+01
   1.0329360e+06   5.3222656e+01
   1.0331310e+06   4.2175293e+01
   1.0332550e+06   4.7546387e+01
   1.0335060e+06   4.3518066e+01
   1.0335500e+06   4.5532227e+01
   1.0340340e+06   4.5104980e+01
   1.0343520e+06   4.0710449e+01
   1.2388820e+06   3.9123535e+01
   1.2389440e+06   3.9978027e+01
   1.2389990e+06   5.8837891e+01
   1.2390660e+06   3.7109375e+01
   1.2390800e+06   4.4982910e+01
   1.2391130e+06   3.6071777e+01
   1.2391450e+06   3.5522461e+01
   1.2392140e+06   3.9062500e+01
   1.2401630e+06   3.7780762e+01
   1.2403190e+06   3.9184570e+01
   1.2404630e+06   4.5288086e+01
   1.2405730e+06   5.0354004e+01
   1.2407140e+06   4.0527344e+01
   1.2407550e+06   4.1687012e+01
   1.2410080e+06   4.7302246e+01
   1.2410360e+06   3.6743164e+01
   1.2411960e+06   3.7963867e+01
   1.2414300e+06   3.6193848e+01
   1.2416420e+06   5.3405762e+01
   1.4630750e+06   4.3395996e+01
   1.4631230e+06   4.1625977e+01
   1.4631460e+06   5.2795410e+01
   1.4631750e+06   3.9855957e+01
   1.4632130e+06   4.0832520e+01
   1.4632230e+06   5.5541992e+01
   1.4632510e+06   4.1381836e+01
   1.4632650e+06   4.1442871e+01
   1.4632930e+06   4.5837402e+01
   1.4633450e+06   5.2673340e+01
   1.4634190e+06   4.4616699e+01
   1.4645870e+06   3.6071777e+01
   1.4648000e+06   5.2246094e+01
   1.4649830e+06   4.0710449e+01
   1.4653850e+06   4.4311523e+01
   1.4655900e+06   3.7353516e+01
   1.4656240e+06   4.3518066e+01
   1.4658130e+06   3.8574219e+01
   1.4659290e+06   5.3222656e+01
   1.4660660e+06   4.1137695e+01
   1.6353200e+06   4.0344238e+01
   1.6353710e+06   5.3222656e+01
   1.6354220e+06   4.4433594e+01
   1.6354480e+06   7.4829102e+01
   1.6355720e+06   3.6010742e+01
   1.6357110e+06   3.9672852e+01
   1.6366070e+06   3.7170410e+01
   1.6369570e+06   4.5898438e+01
   1.6372500e+06   4.9316406e+01
   1.6373200e+06   4.5654297e+01
   1.6375270e+06   4.9743652e+01
   1.6376170e+06   3.9184570e+01
   1.6378880e+06   3.8696289e+01
   1.8391330e+06   4.2602539e+01
   1.8392170e+06   6.0852051e+01
   1.8392560e+06   5.2246094e+01
   1.8392900e+06   4.8156738e+01
   1.8393420e+06   4.5837402e+01
   1.8394150e+06   5.4016113e+01
   1.8394800e+06   4.4860840e+01
   1.8395580e+06   3.7109375e+01
   1.8405930e+06   3.6682129e+01
   1.8409910e+06   3.7414551e+01
   1.8410760e+06   3.5644531e+01
   1.8411630e+06   4.0283203e+01
   1.8413360e+06   4.8828125e+01
   1.8414590e+06   3.6621094e+01
   1.8419400e+06   3.5461426e+01
   1.8421210e+06   3.7841797e+01
   1.8423140e+06   3.9245605e+01
   1.8425450e+06   3.6071777e+01
   1.8426110e+06   3.9306641e+01
   1.8534180e+06   3.5522461e+01
   1.8535490e+06   4.2114258e+01
   1.8535760e+06   5.7556152e+01
   1.8536130e+06   4.2175293e+01
   1.8536730e+06   4.6752930e+01
   1.8537060e+06   4.4372559e+01
   1.8537480e+06   4.7180176e+01
   1.8538530e+06   4.4921875e+01
   1.8539360e+06   3.6071777e+01
   1.8542930e+06   3.5949707e+01
   1.8546510e+06   4.9621582e+01
   1.8549310e+06   3.5461426e+01
   1.8553090e+06   3.9550781e+01
   1.8556990e+06   3.9672852e+01
   1.8561800e+06   4.0649414e+01
   1.8667790e+06   3.5949707e+01
   1.8668830e+06   4.0405273e+01
   1.8669280e+06   3.7658691e+01
   1.8669680e+06   5.4687500e+01
   1.8669890e+06   3.6804199e+01
   1.8670400e+06   4.4799805e+01
   1.8670780e+06   5.8166504e+01
   1.8671780e+06   4.4311523e+01
   1.8672680e+06   4.9499512e+01
   1.8673620e+06   4.1503906e+01
   1.8674550e+06   4.0527344e+01
   1.8678170e+06   3.6010742e+01
   1.8680920e+06   3.9245605e+01
   1.8686020e+06   3.9672852e+01
   1.8687790e+06   4.2968750e+01
   1.8689110e+06   3.7231445e+01
   1.8689720e+06   3.9428711e+01
   1.8692170e+06   4.5043945e+01
   1.8799700e+06   3.9794922e+01
   1.8799900e+06   4.4128418e+01
   1.8800310e+06   5.3039551e+01
   1.8801160e+06   5.8166504e+01
   1.8801520e+06   5.0292969e+01
   1.8801960e+06   3.9611816e+01
   1.8802240e+06   3.5339355e+01
   1.8802460e+06   3.9001465e+01
   1.8803490e+06   5.1269531e+01
   1.8804020e+06   3.6621094e+01
   1.8804590e+06   3.8574219e+01
   1.8805090e+06   3.5461426e+01
   1.8805660e+06   3.5461426e+01
   1.8806790e+06   3.6560059e+01
   1.8807890e+06   3.5583496e+01
   1.8808940e+06   4.5104980e+01
   1.8810140e+06   3.6560059e+01
   1.8811620e+06   3.9916992e+01
   1.8813900e+06   3.6376953e+01
   1.8814560e+06   4.4128418e+01
   1.8816080e+06   4.1320801e+01
   1.8816640e+06   4.1625977e+01
   1.8818660e+06   4.2968750e+01
   1.8821300e+06   3.8208008e+01
   1.8823910e+06   4.7180176e+01
   1.9034470e+06   4.1381836e+01
   1.9036420e+06   3.9184570e+01
   1.9036730e+06   4.7180176e+01
   1.9037300e+06   4.8034668e+01
   1.9037860e+06   3.5339355e+01
   1.9038400e+06   3.7170410e+01
   1.9039090e+06   4.8034668e+01
   1.9040150e+06   3.5827637e+01
   1.9040690e+06   3.8757324e+01
   1.9041830e+06   3.5339355e+01
   1.9042600e+06   3.8391113e+01
   1.9044390e+06   4.8156738e+01
   1.9052090e+06   3.8574219e+01
   1.9229480e+06   1.0485840e+02
   1.9230630e+06   5.0231934e+01
   1.9230780e+06   3.7170410e+01
   1.9231180e+06   4.0222168e+01
   1.9231530e+06   4.4433594e+01
   1.9232250e+06   3.9794922e+01
   1.9232450e+06   3.8696289e+01
   1.9233330e+06   3.6621094e+01
   1.9234180e+06   3.6926270e+01
   1.9243150e+06   3.5827637e+01
   1.9248820e+06   3.5705566e+01
   1.9253660e+06   3.7719727e+01
   1.9386710e+06   5.5969238e+01
   1.9387760e+06   4.0466309e+01
   1.9387950e+06   4.1748047e+01
   1.9388640e+06   4.9377441e+01
   1.9388910e+06   3.5583496e+01
   1.9390740e+06   3.6010742e+01
   1.9390960e+06   4.3640137e+01
   1.9391150e+06   3.5400391e+01
   1.9392000e+06   3.5583496e+01
   1.9393000e+06   4.7912598e+01
   1.9394050e+06   4.0771484e+01
   1.9396210e+06   3.9184570e+01
   1.9397600e+06   3.6865234e+01
   1.9398420e+06   3.5766602e+01
   1.9400960e+06   3.5400391e+01
   1.9402330e+06   4.2236328e+01
   1.9404170e+06   4.4921875e+01
   1.9406530e+06   3.8513184e+01
   1.9409140e+06   4.5043945e+01
   1.9513220e+06   3.7841797e+01
   1.9513420e+06   5.4016113e+01
   1.9514580e+06   4.7912598e+01
   1.9514720e+06   4.5104980e+01
   1.9515970e+06   4.9743652e+01
   1.9517060e+06   4.0039063e+01
   1.9519410e+06   4.8645020e+01
   1.9521720e+06   3.8635254e+01
   1.9523030e+06   3.6499023e+01
   1.9527870e+06   3.9001465e+01
   1.9530160e+06   4.3395996e+01
   1.9533320e+06   4.5104980e+01
   1.9536520e+06   5.3710938e+01
   1.9688730e+06   3.9001465e+01
   1.9689030e+06   5.2062988e+01
   1.9689940e+06   3.6987305e+01
   1.9690230e+06   4.9804688e+01
   1.9691350e+06   5.2551270e+01
   1.9692390e+06   4.2968750e+01
   1.9693290e+06   3.8024902e+01
   1.9694290e+06   3.8635254e+01
   1.9695430e+06   3.6865234e+01
   1.9696480e+06   3.5400391e+01
   1.9698830e+06   3.6193848e+01
   1.9700210e+06   4.0954590e+01
   1.9823340e+06   5.7006836e+01
   1.9824230e+06   4.0893555e+01
   1.9824510e+06   5.9204102e+01
   1.9825680e+06   3.9428711e+01
   1.9826660e+06   3.8024902e+01
   1.9827090e+06   3.6682129e+01
   1.9827750e+06   3.9062500e+01
   1.9830120e+06   4.2724609e+01
   1.9831310e+06   4.5654297e+01
   1.9832630e+06   4.2602539e+01
   1.9834010e+06   3.5949707e+01
   1.9837080e+06   3.8269043e+01
   1.9839350e+06   3.5705566e+01
   1.9841480e+06   4.3701172e+01
   1.9844570e+06   4.1442871e+01
   1.9947480e+06   5.2734375e+01
   1.9947620e+06   5.0048828e+01
   1.9948820e+06   5.7922363e+01
   1.9950130e+06   5.5603027e+01
   1.9950230e+06   3.5766602e+01
   1.9951350e+06   4.2419434e+01
   1.9953060e+06   4.4555664e+01
   1.9953770e+06   3.9245605e+01
   1.9954730e+06   3.9794922e+01
   1.9955100e+06   3.8879395e+01
   1.9956500e+06   5.6335449e+01
   1.9957980e+06   4.8583984e+01
   1.9959250e+06   3.9367676e+01
   1.9959730e+06   4.4738770e+01
   1.9964110e+06   3.7719727e+01
   1.9966970e+06   4.1992187e+01
   2.0093330e+06   3.9978027e+01
   2.0093550e+06   5.8349609e+01
   2.0093900e+06   4.1076660e+01
   2.0094650e+06   5.9387207e+01
   2.0095770e+06   5.8898926e+01
   2.0096830e+06   4.9865723e+01
   2.0097790e+06   3.7841797e+01
   2.0099050e+06   3.9794922e+01
   2.0101250e+06   3.8391113e+01
   2.0103960e+06   3.7109375e+01
   2.0105380e+06   3.9184570e+01
   2.0107140e+06   5.0598145e+01
   2.0108760e+06   3.7963867e+01
   2.0109210e+06   3.8940430e+01
   2.0111710e+06   4.3029785e+01
   2.0227000e+06   4.5227051e+01
   2.0227110e+06   5.0231934e+01
   2.0228040e+06   3.7170410e+01
   2.0229310e+06   5.4321289e+01
   2.0229940e+06   3.9672852e+01
   2.0230430e+06   4.1687012e+01
   2.0231140e+06   4.4677734e+01
   2.0231690e+06   4.3029785e+01
   2.0232600e+06   3.8146973e+01
   2.0234240e+06   4.3090820e+01
   2.0235570e+06   4.2663574e+01
   2.0237090e+06   3.8208008e+01
   2.0238820e+06   4.2663574e+01
   2.0240490e+06   4.4555664e+01
   2.0242630e+06   3.9062500e+01
   2.0245280e+06   5.2673340e+01
   2.0370300e+06   5.5786133e+01
   2.0370420e+06   5.3466797e+01
   2.0371570e+06   7.3059082e+01
   2.0372750e+06   7.1472168e+01
   2.0373970e+06   6.9824219e+01
   2.0375080e+06   3.6926270e+01
   2.0376180e+06   4.5654297e+01
   2.0377390e+06   3.5766602e+01
   2.0378610e+06   3.5766602e+01
   2.0380030e+06   3.6499023e+01
   2.0385480e+06   3.9001465e+01
   2.0391010e+06   5.5358887e+01
   2.0502880e+06   4.9499512e+01
   2.0502990e+06   5.2734375e+01
   2.0504290e+06   7.0068359e+01
   2.0505510e+06   3.5644531e+01
   2.0505760e+06   4.2724609e+01
   2.0506580e+06   3.5949707e+01
   2.0507100e+06   4.2236328e+01
   2.0507670e+06   4.5166016e+01
   2.0508660e+06   3.7536621e+01
   2.0509140e+06   3.5644531e+01
   2.0510480e+06   5.5175781e+01
   2.0512100e+06   4.5837402e+01
   2.0513840e+06   4.1748047e+01
   2.0515610e+06   4.0771484e+01
   2.0517840e+06   4.3395996e+01
   2.0520600e+06   4.2175293e+01
   2.0738630e+06   5.8959961e+01
   2.0739670e+06   4.7180176e+01
   2.0739830e+06   4.4799805e+01
   2.0740690e+06   4.7790527e+01
   2.0741600e+06   3.8635254e+01
   2.0742620e+06   5.1513672e+01
   2.0744600e+06   3.9001465e+01
   2.0753680e+06   4.0405273e+01
   2.0755490e+06   3.5400391e+01
   2.0757790e+06   3.7414551e+01
   2.0760390e+06   5.1696777e+01
   2.1862760e+06   3.6315918e+01
   2.5417400e+06   4.0954590e+01
   2.5417800e+06   4.7851563e+01
   2.5418020e+06   3.8024902e+01
   2.5418650e+06   6.5979004e+01
   2.5419020e+06   4.4860840e+01
   2.5419310e+06   5.5236816e+01
   2.5419720e+06   4.7973633e+01
   2.5420060e+06   5.1574707e+01
   2.5420290e+06   3.5522461e+01
   2.5420810e+06   4.3945313e+01
   2.5435960e+06   3.7597656e+01
   2.5437990e+06   3.7780762e+01
   2.5438860e+06   4.6142578e+01
   2.5441640e+06   3.5766602e+01
   2.5446570e+06   4.0466309e+01
   2.5449110e+06   3.8574219e+01
   2.5451000e+06   3.5705566e+01
   2.5632960e+06   3.8085938e+01
   2.5638410e+06   3.7414551e+01
   2.5648170e+06   3.8696289e+01
   2.8325100e+06   4.0893555e+01
   2.8326010e+06   4.5104980e+01
   2.8326190e+06   3.9062500e+01
   2.8326470e+06   3.8940430e+01
   2.8326760e+06   3.6010742e+01
   2.8327030e+06   4.9438477e+01
   2.8327170e+06   4.1625977e+01
   2.8327810e+06   5.7006836e+01
   2.8328280e+06   4.4616699e+01
   2.8341450e+06   4.2541504e+01
   2.8343030e+06   3.6010742e+01
   2.8344010e+06   3.5400391e+01
   2.8344870e+06   3.9672852e+01
   2.8345570e+06   4.8583984e+01
   2.8347040e+06   3.5400391e+01
   2.8348580e+06   3.8879395e+01
   2.8350030e+06   3.5644531e+01
   2.8350540e+06   3.9794922e+01
   2.8351490e+06   3.9306641e+01
   2.8353370e+06   3.7475586e+01
   2.8355210e+06   4.2053223e+01
   2.8357550e+06   3.8818359e+01
   2.8362820e+06   4.2663574e+01
   2.8506590e+06   3.8818359e+01
   2.8507830e+06   4.4006348e+01
   2.8508000e+06   5.4199219e+01
   2.8508630e+06   3.5522461e+01
   2.8508900e+06   4.8522949e+01
   2.8509530e+06   3.6743164e+01
   2.8509960e+06   5.7922363e+01
   2.8510750e+06   4.5715332e+01
   2.8512540e+06   3.9245605e+01
   2.8513350e+06   3.7841797e+01
   2.8517500e+06   3.7780762e+01
   2.8520330e+06   3.7963867e+01
   2.8525130e+06   3.6865234e+01
   2.8526600e+06   3.5766602e+01
   2.8526950e+06   3.5644531e+01
   2.8528770e+06   4.1503906e+01
   2.8529620e+06   3.5827637e+01
   2.8530950e+06   4.2968750e+01
   2.8532880e+06   4.1320801e+01
   2.8535500e+06   4.2785645e+01
   2.8686150e+06   3.5400391e+01
   2.8706810e+06   4.2358398e+01
   2.8707880e+06   4.6508789e+01
   2.8708190e+06   3.6560059e+01
   2.8709090e+06   5.1086426e+01
   2.8710140e+06   4.5166016e+01
   2.8711050e+06   4.0222168e+01
   2.8711940e+06   3.9001465e+01
   2.8712760e+06   3.5888672e+01
   2.8713560e+06   3.9855957e+01
   2.8714530e+06   3.7963867e+01
   2.8716010e+06   3.6376953e+01
   2.8720390e+06   3.7902832e+01
   2.8721820e+06   3.7414551e+01
   2.8727020e+06   3.5827637e+01
   2.8727690e+06   3.6071777e+01
   2.8728960e+06   4.1992188e+01
   2.8731680e+06   5.3955078e+01
   2.8734400e+06   3.5339355e+01
   2.8960620e+06   4.0039063e+01
   2.8961120e+06   3.7170410e+01
   2.8961450e+06   5.2185059e+01
   2.8961710e+06   3.6804199e+01
   2.8962440e+06   4.9316406e+01
   2.8962710e+06   3.6193848e+01
   2.8963520e+06   5.7250977e+01
   2.8964430e+06   4.6020508e+01
   2.8965260e+06   5.6030273e+01
   2.8975180e+06   4.5532227e+01
   2.8979580e+06   4.0832520e+01
   2.8981700e+06   4.4372559e+01
   2.8983940e+06   3.9489746e+01
   2.8985870e+06   4.0039063e+01
   2.8989300e+06   3.7292480e+01
   2.9271910e+06   3.7658691e+01
   2.9272950e+06   6.2377930e+01
   2.9273260e+06   4.4799805e+01
   2.9274080e+06   3.8146973e+01
   2.9274360e+06   3.9062500e+01
   2.9274760e+06   4.2968750e+01
   2.9275690e+06   3.7536621e+01
   2.9276610e+06   3.6743164e+01
   2.9281150e+06   3.5461426e+01
   2.9283920e+06   4.0405273e+01
   2.9287380e+06   3.6071777e+01
   2.9292290e+06   3.5766602e+01
   2.9292900e+06   3.5400391e+01
   2.9294660e+06   3.6926270e+01
   2.9296820e+06   4.0466309e+01
   2.9299420e+06   3.9672852e+01
   2.9451660e+06   4.7302246e+01
   2.9452380e+06   3.9733887e+01
   2.9452760e+06   3.9855957e+01
   2.9453610e+06   5.0109863e+01
   2.9453840e+06   5.6762695e+01
   2.9454470e+06   4.0161133e+01
   2.9454820e+06   3.9855957e+01
   2.9455870e+06   4.6447754e+01
   2.9456950e+06   3.6254883e+01
   2.9457990e+06   4.3518066e+01
   2.9459040e+06   3.5339355e+01
   2.9460180e+06   3.7475586e+01
   2.9460520e+06   3.8024902e+01
   2.9463870e+06   3.6865234e+01
   2.9465310e+06   3.8330078e+01
   2.9468650e+06   3.8269043e+01
   2.9469130e+06   3.7292480e+01
   2.9470530e+06   4.4738770e+01
   2.9472610e+06   4.1809082e+01
   2.9474820e+06   3.9855957e+01
   2.9477290e+06   4.7729492e+01
   2.9480860e+06   3.7841797e+01
   2.9674280e+06   3.6804199e+01
   2.9675740e+06   4.1442871e+01
   2.9676120e+06   3.7841797e+01
   2.9676770e+06   4.6203613e+01
   2.9677630e+06   3.7902832e+01
   2.9678650e+06   4.0405273e+01
   2.9679500e+06   3.5583496e+01
   2.9680550e+06   4.1748047e+01
   2.9681520e+06   3.6376953e+01
   2.9682510e+06   3.6987305e+01
   2.9684120e+06   3.9062500e+01
   2.9688710e+06   4.2358398e+01
   2.9690260e+06   3.7658691e+01
   2.9691830e+06   3.5400391e+01
   2.9692880e+06   3.6010742e+01
   2.9693530e+06   3.8391113e+01
   2.9695690e+06   4.1015625e+01
   2.9698490e+06   3.9550781e+01
   2.9940900e+06   4.6142578e+01
   2.9941870e+06   4.3273926e+01
   2.9942040e+06   3.7353516e+01
   2.9942770e+06   4.1381836e+01
   2.9943660e+06   6.4086914e+01
   2.9944400e+06   3.8635254e+01
   2.9945540e+06   3.8269043e+01
   2.9946410e+06   3.6987305e+01
   2.9949840e+06   3.8024902e+01
   2.9951620e+06   3.6315918e+01
   2.9953430e+06   3.5339355e+01
   2.9956090e+06   3.5400391e+01
   2.9957490e+06   3.8085938e+01
   2.9963670e+06   3.8818359e+01
   2.9967650e+06   4.4860840e+01
