   3.0000000e+06   0.0000000e+00
   7.6522000e+04   6.4697266e+01
   7.6538000e+04   3.4667969e+01
   7.6571000e+04   4.1931152e+01
   7.6593000e+04   4.2724609e+01
   7.6613000e+04   5.6762695e+01
   7.6629000e+04   5.1940918e+01
   7.6647000e+04   4.3212891e+01
   7.6666000e+04   3.6621094e+01
   7.6676000e+04   6.6711426e+01
   7.6715000e+04   6.0852051e+01
   7.6744000e+04   5.4321289e+01
   7.6761000e+04   5.1147461e+01
   7.6811000e+04   3.6560059e+01
   7.6832000e+04   3.1250000e+01
   7.6851000e+04   4.0100098e+01
   7.6888000e+04   3.4790039e+01
   7.6914000e+04   3.9550781e+01
   7.6934000e+04   3.2287598e+01
   7.6990000e+04   4.4128418e+01
   7.7053000e+04   3.7231445e+01
   7.7114000e+04   3.3874512e+01
   7.8276000e+04   3.3325195e+01
   7.8381000e+04   3.9733887e+01
   7.8476000e+04   4.8583984e+01
   7.8674000e+04   4.1320801e+01
   7.8714000e+04   3.0761719e+01
   7.8742000e+04   3.0639648e+01
   7.8852000e+04   3.4118652e+01
   7.8918000e+04   3.6682129e+01
   7.8937000e+04   3.1799316e+01
   7.9121000e+04   3.1372070e+01
   7.9172000e+04   3.6865234e+01
   7.9207000e+04   3.0395508e+01
   7.9256000e+04   3.0517578e+01
   7.9271000e+04   3.4057617e+01
   7.9356000e+04   3.0883789e+01
   7.9418000e+04   3.4790039e+01
   7.9455000e+04   3.5400391e+01
   7.9498000e+04   3.3325195e+01
   7.9521000e+04   3.6010742e+01
   7.9549000e+04   3.3386230e+01
   7.9680000e+04   4.1564941e+01
   7.9824000e+04   4.2541504e+01
   8.0124000e+04   4.8645020e+01
   8.0141000e+04   3.3020020e+01
   8.0208000e+04   3.2897949e+01
   8.0477000e+04   3.4118652e+01
   8.0758000e+04   3.2592773e+01
   8.1042000e+04   3.3142090e+01
   8.1165000e+04   3.8879395e+01
   8.1176000e+04   3.4729004e+01
   8.1278000e+04   3.4179688e+01
   8.1513000e+04   3.4423828e+01
   8.1890000e+04   3.2653809e+01
   8.2210000e+04   3.5705566e+01
   8.2418000e+04   3.1494141e+01
   8.2892000e+04   3.2897949e+01
   8.3858000e+04   3.0700684e+01
   2.4527100e+05   3.6804199e+01
   2.4554600e+05   5.2917480e+01
   2.4557500e+05   3.2470703e+01
   2.4561200e+05   7.2265625e+01
   2.4562400e+05   4.3823242e+01
   2.4565700e+05   6.2377930e+01
   2.4567300e+05   9.5214844e+01
   2.4569900e+05   4.8400879e+01
   2.4571100e+05   4.5043945e+01
   2.4572600e+05   6.2255859e+01
   2.4576900e+05   4.2297363e+01
   2.4578500e+05   5.9387207e+01
   2.4580500e+05   4.8767090e+01
   2.4581800e+05   3.3142090e+01
   2.4584100e+05   4.8706055e+01
   2.4585900e+05   3.7170410e+01
   2.4590400e+05   4.3518066e+01
   2.4592700e+05   3.6743164e+01
   2.4594900e+05   4.9133301e+01
   2.4598400e+05   4.0771484e+01
   2.4603700e+05   3.5156250e+01
   2.4607100e+05   3.3325195e+01
   2.4617100e+05   3.6560059e+01
   2.4630700e+05   3.1555176e+01
   2.4650800e+05   3.6071777e+01
   2.4722500e+05   3.4606934e+01
   2.4725300e+05   3.2043457e+01
   2.4744900e+05   3.1188965e+01
   2.4751500e+05   3.7658691e+01
   2.4773200e+05   4.2480469e+01
   2.4787900e+05   3.5644531e+01
   2.4792700e+05   3.1433105e+01
   2.4796400e+05   3.0639648e+01
   2.4804300e+05   3.2287598e+01
   2.4810000e+05   3.1799316e+01
   2.4815000e+05   4.1076660e+01
   2.4819200e+05   3.4729004e+01
   2.4823100e+05   3.3447266e+01
   2.4829500e+05   4.7973633e+01
   2.4850300e+05   4.1076660e+01
   2.4853500e+05   3.3508301e+01
   2.4861300e+05   3.3447266e+01
   2.4865000e+05   3.5583496e+01
   2.4877100e+05   3.1616211e+01
   2.4884400e+05   3.4606934e+01
   2.4898000e+05   3.2897949e+01
   2.4900600e+05   3.6499023e+01
   2.4907400e+05   3.1372070e+01
   2.4920300e+05   3.2836914e+01
   2.4926300e+05   3.0517578e+01
   2.4929100e+05   3.0761719e+01
   2.4938600e+05   3.5644531e+01
   2.4987900e+05   3.0700684e+01
   2.5000600e+05   3.5644531e+01
   2.5039700e+05   3.0700684e+01
   2.5049700e+05   3.0456543e+01
   2.5060700e+05   3.3020020e+01
   2.5077500e+05   4.3151855e+01
   2.5094700e+05   3.4790039e+01
   2.5123600e+05   3.0944824e+01
   2.5171900e+05   3.5705566e+01
   2.5213900e+05   3.0700684e+01
   2.5236000e+05   3.1799316e+01
   2.5245200e+05   3.3081055e+01
   2.5308000e+05   3.7841797e+01
   2.5325500e+05   3.1982422e+01
   3.6426400e+05   6.5429688e+01
   3.6431100e+05   4.7851563e+01
   3.6433000e+05   4.9499512e+01
   3.6434400e+05   3.9916992e+01
   3.6437300e+05   9.2712402e+01
   3.6440400e+05   4.6508789e+01
   3.6442400e+05   3.7719727e+01
   3.6444700e+05   7.3059082e+01
   3.6445900e+05   7.3181152e+01
   3.6447300e+05   4.8828125e+01
   3.6448400e+05   3.7475586e+01
   3.6450500e+05   3.0883789e+01
   3.6453700e+05   3.3874512e+01
   3.6454900e+05   4.1992187e+01
   3.6456700e+05   3.3020020e+01
   3.6460400e+05   5.7983398e+01
   3.6463800e+05   4.4555664e+01
   3.6467200e+05   6.0974121e+01
   3.6470300e+05   3.5339355e+01
   3.6473700e+05   3.5095215e+01
   3.6475600e+05   3.4484863e+01
   3.6479200e+05   3.1005859e+01
   3.6481500e+05   3.0883789e+01
   3.6483400e+05   3.1555176e+01
   3.6484500e+05   3.3020020e+01
   3.6494600e+05   3.1738281e+01
   3.6511100e+05   3.6621094e+01
   3.6516100e+05   3.1188965e+01
   3.6602600e+05   3.3325195e+01
   3.6605800e+05   3.4912109e+01
   3.6613400e+05   3.1372070e+01
   3.6621200e+05   3.1066895e+01
   3.6638000e+05   3.3752441e+01
   3.6642500e+05   4.0771484e+01
   3.6643700e+05   3.2348633e+01
   3.6647900e+05   3.4484863e+01
   3.6651600e+05   3.1127930e+01
   3.6670800e+05   3.5217285e+01
   3.6682000e+05   3.3630371e+01
   3.6697900e+05   3.2531738e+01
   3.6709700e+05   3.0578613e+01
   3.6726900e+05   3.1066895e+01
   3.6740600e+05   3.3325195e+01
   3.6761000e+05   5.1818848e+01
   3.6765500e+05   3.1066895e+01
   3.6789600e+05   3.1860352e+01
   3.6806900e+05   3.5156250e+01
   3.6841400e+05   3.0883789e+01
   3.6899200e+05   3.4118652e+01
   3.6945600e+05   3.6315918e+01
   3.6954900e+05   3.3203125e+01
   3.7000000e+05   3.2104492e+01
   3.7047800e+05   3.1372070e+01
   3.7076700e+05   3.5949707e+01
   3.7118200e+05   3.4973145e+01
   3.7170200e+05   3.1799316e+01
   3.7193000e+05   3.3630371e+01
   3.7213200e+05   4.3579102e+01
   3.8190300e+05   3.8635254e+01
   3.8193700e+05   8.4594727e+01
   3.8196900e+05   5.6457520e+01
   3.8198200e+05   4.8767090e+01
   3.8200000e+05   5.6884766e+01
   3.8201000e+05   3.9978027e+01
   3.8203000e+05   5.2124023e+01
   3.8204700e+05   3.9001465e+01
   3.8205900e+05   7.0129395e+01
   3.8208400e+05   4.5837402e+01
   3.8210900e+05   5.2917480e+01
   3.8212300e+05   5.8349609e+01
   3.8214100e+05   4.0588379e+01
   3.8217000e+05   4.6569824e+01
   3.8218700e+05   4.0161133e+01
   3.8220100e+05   3.9978027e+01
   3.8223900e+05   3.2043457e+01
   3.8225400e+05   5.0231934e+01
   3.8227900e+05   3.6437988e+01
   3.8231500e+05   3.4606934e+01
   3.8234900e+05   4.8706055e+01
   3.8239500e+05   3.4179688e+01
   3.8250800e+05   4.0344238e+01
   3.8251900e+05   4.0039063e+01
   3.8254700e+05   3.6621094e+01
   3.8256000e+05   3.1066895e+01
   3.8259000e+05   3.5156250e+01
   3.8260300e+05   3.6010742e+01
   3.8263700e+05   3.2958984e+01
   3.8274800e+05   3.5278320e+01
   3.8290900e+05   3.6132813e+01
   3.8313000e+05   4.0832520e+01
   3.8321900e+05   3.0639648e+01
   3.8327800e+05   3.1921387e+01
   3.8338900e+05   3.6193848e+01
   3.8364300e+05   3.4729004e+01
   3.8372100e+05   3.2287598e+01
   3.8406900e+05   3.5217285e+01
   3.8438600e+05   4.1198730e+01
   3.8461300e+05   4.0710449e+01
   3.8478800e+05   3.0944824e+01
   3.8509600e+05   3.4545898e+01
   3.8590000e+05   3.9062500e+01
   3.8665900e+05   3.7475586e+01
   3.8686400e+05   3.2958984e+01
   3.8707000e+05   3.0639648e+01
   3.8720400e+05   4.0893555e+01
   3.8749900e+05   4.1931152e+01
   3.8770700e+05   3.4057617e+01
   3.8786400e+05   3.1677246e+01
   3.8803100e+05   3.4240723e+01
   3.8837300e+05   3.0395508e+01
   3.8885200e+05   3.9184570e+01
   3.8929500e+05   3.3813477e+01
   3.9022700e+05   3.2592773e+01
   3.9218300e+05   3.6865234e+01
   3.9245900e+05   3.7475586e+01
   3.9272300e+05   3.4545898e+01
   3.9300600e+05   4.0710449e+01
   3.9586500e+05   3.6132813e+01
   3.9591600e+05   5.0964355e+01
   3.9594200e+05   4.0283203e+01
   3.9595800e+05   3.4729004e+01
   3.9597900e+05   5.9326172e+01
   3.9599800e+05   4.5104980e+01
   3.9602100e+05   3.1372070e+01
   3.9603600e+05   5.2856445e+01
   3.9607000e+05   3.3813477e+01
   3.9609500e+05   6.2988281e+01
   3.9611300e+05   5.1025391e+01
   3.9614500e+05   6.1523438e+01
   3.9616200e+05   7.6049805e+01
   3.9618200e+05   3.6926270e+01
   3.9621800e+05   4.4860840e+01
   3.9623300e+05   4.1687012e+01
   3.9626600e+05   4.8706055e+01
   3.9629000e+05   4.1076660e+01
   3.9630700e+05   3.6132813e+01
   3.9639400e+05   3.1860352e+01
   3.9641100e+05   3.5522461e+01
   3.9644000e+05   3.8879395e+01
   3.9645700e+05   3.3264160e+01
   3.9648400e+05   3.6132813e+01
   3.9652300e+05   3.5034180e+01
   3.9658000e+05   3.6743164e+01
   3.9662400e+05   4.1564941e+01
   3.9664200e+05   3.1799316e+01
   3.9669400e+05   3.0761719e+01
   3.9673300e+05   3.1677246e+01
   3.9682200e+05   3.0822754e+01
   3.9684700e+05   5.0292969e+01
   3.9693900e+05   3.1127930e+01
   3.9701700e+05   3.2836914e+01
   3.9723900e+05   3.2653809e+01
   3.9747200e+05   3.1616211e+01
   3.9774300e+05   3.3325195e+01
   3.9806900e+05   3.2775879e+01
   3.9815200e+05   3.6376953e+01
   3.9854300e+05   3.2592773e+01
   3.9942300e+05   3.1982422e+01
   3.9962100e+05   3.3813477e+01
   4.0013000e+05   3.5034180e+01
   4.0060200e+05   3.4973145e+01
   4.0085200e+05   3.7475586e+01
   4.0243900e+05   3.1311035e+01
   4.0301800e+05   3.6865234e+01
   4.0406700e+05   3.7902832e+01
   4.0448700e+05   3.0334473e+01
   4.0654000e+05   3.1799316e+01
   4.0769400e+05   3.7353516e+01
   4.0772700e+05   4.7180176e+01
   4.0775200e+05   5.6457520e+01
   4.0777600e+05   3.9978027e+01
   4.0781100e+05   3.3935547e+01
   4.0784300e+05   4.7302246e+01
   4.0787100e+05   3.7231445e+01
   4.0789000e+05   4.0039063e+01
   4.0791000e+05   4.7973633e+01
   4.0793300e+05   7.3364258e+01
   4.0795700e+05   4.1687012e+01
   4.0797300e+05   3.1372070e+01
   4.0798700e+05   3.9245605e+01
   4.0800500e+05   3.1433105e+01
   4.0802600e+05   5.3955078e+01
   4.0804600e+05   3.4729004e+01
   4.0807100e+05   4.3457031e+01
   4.0809200e+05   3.4973145e+01
   4.0812200e+05   3.7475586e+01
   4.0819400e+05   3.4362793e+01
   4.0820700e+05   3.5156250e+01
   4.0823100e+05   4.2480469e+01
   4.0824100e+05   3.3996582e+01
   4.0830900e+05   3.0883789e+01
   4.0833900e+05   3.3386230e+01
   4.0840200e+05   3.3691406e+01
   4.0842500e+05   3.9672852e+01
   4.0848100e+05   3.1250000e+01
   4.0852900e+05   3.4790039e+01
   4.0854500e+05   4.4616699e+01
   4.0869300e+05   3.4851074e+01
   4.0874400e+05   3.0395508e+01
   4.0881700e+05   3.0456543e+01
   4.0905900e+05   3.0761719e+01
   4.0927600e+05   3.4423828e+01
   4.0975800e+05   3.1494141e+01
   4.0983200e+05   3.3752441e+01
   4.1031100e+05   3.4423828e+01
   4.1039400e+05   3.1188965e+01
   4.1191100e+05   4.2358398e+01
   4.1238400e+05   3.3447266e+01
   4.1267500e+05   3.6193848e+01
   4.1350400e+05   3.1494141e+01
   4.1373100e+05   3.2470703e+01
   4.1390000e+05   3.1738281e+01
   4.1488900e+05   3.0883789e+01
   4.1515800e+05   3.5156250e+01
   4.1586400e+05   3.1738281e+01
   4.1762700e+05   3.0517578e+01
   4.1832500e+05   3.6315918e+01
   4.1964900e+05   5.3649902e+01
   4.1969000e+05   4.1503906e+01
   4.1970100e+05   5.4199219e+01
   4.1972600e+05   5.7983398e+01
   4.1978000e+05   3.3325195e+01
   4.1981300e+05   4.8889160e+01
   4.1983000e+05   3.4973145e+01
   4.1986000e+05   5.0170898e+01
   4.1988100e+05   6.2561035e+01
   4.1994500e+05   3.2714844e+01
   4.1995600e+05   4.7302246e+01
   4.1997600e+05   3.1066895e+01
   4.1999100e+05   3.6743164e+01
   4.2002700e+05   3.2836914e+01
   4.2004600e+05   4.1320801e+01
   4.2006700e+05   4.1442871e+01
   4.2009300e+05   3.3386230e+01
   4.2011900e+05   3.6010742e+01
   4.2018200e+05   3.2409668e+01
   4.2023300e+05   3.6254883e+01
   4.2026000e+05   3.1921387e+01
   4.2027500e+05   3.3447266e+01
   4.2029800e+05   3.1005859e+01
   4.2032700e+05   3.4545898e+01
   4.2041200e+05   3.2531738e+01
   4.2047400e+05   3.1494141e+01
   4.2049300e+05   3.2348633e+01
   4.2051700e+05   3.2043457e+01
   4.2062400e+05   3.1066895e+01
   4.2082300e+05   3.2348633e+01
   4.2094400e+05   3.2043457e+01
   4.2097300e+05   3.0822754e+01
   4.2108000e+05   3.2104492e+01
   4.2128400e+05   3.0517578e+01
   4.2182600e+05   4.3762207e+01
   4.2332100e+05   3.2409668e+01
   4.2343100e+05   3.1066895e+01
   4.2508200e+05   3.2531738e+01
   4.2523900e+05   3.1127930e+01
   4.2574800e+05   3.1066895e+01
   4.2681300e+05   3.0944824e+01
   4.3123700e+05   3.5156250e+01
   4.3126800e+05   3.7048340e+01
   4.3133500e+05   3.8391113e+01
   4.3137000e+05   3.5583496e+01
   4.3139300e+05   3.1311035e+01
   4.3140300e+05   4.1076660e+01
   4.3142600e+05   8.3068848e+01
   4.3144600e+05   5.0842285e+01
   4.3148000e+05   3.1433105e+01
   4.3150900e+05   4.0100098e+01
   4.3152700e+05   4.5349121e+01
   4.3154600e+05   3.6376953e+01
   4.3158600e+05   3.3203125e+01
   4.3160100e+05   3.0334473e+01
   4.3164100e+05   4.4494629e+01
   4.3166500e+05   3.7719727e+01
   4.3167700e+05   3.0822754e+01
   4.3173500e+05   3.9916992e+01
   4.3175300e+05   3.6682129e+01
   4.3183300e+05   3.5034180e+01
   4.3185800e+05   3.0700684e+01
   4.3190800e+05   3.5156250e+01
   4.3194000e+05   3.4606934e+01
   4.3197600e+05   3.5705566e+01
   4.3199800e+05   3.3508301e+01
   4.3204300e+05   3.2897949e+01
   4.3208500e+05   3.3447266e+01
   4.3214400e+05   4.3395996e+01
   4.3219900e+05   3.2165527e+01
   4.3224100e+05   3.1005859e+01
   4.3245000e+05   3.2226563e+01
   4.3256200e+05   3.1738281e+01
   4.3264500e+05   3.4057617e+01
   4.3274800e+05   4.0588379e+01
   4.3292300e+05   3.0334473e+01
   4.3401700e+05   3.3691406e+01
   4.3419700e+05   3.4790039e+01
   4.3606500e+05   3.1066895e+01
   4.3639400e+05   3.0761719e+01
   4.3719100e+05   3.1188965e+01
   4.4476600e+05   6.1523438e+01
   4.4478900e+05   3.2531738e+01
   4.4482400e+05   4.3579102e+01
   4.4484900e+05   5.1635742e+01
   4.4488600e+05   3.0639648e+01
   4.4491500e+05   4.3029785e+01
   4.4495200e+05   3.8146973e+01
   4.4498400e+05   6.9702148e+01
   4.4499500e+05   3.8818359e+01
   4.4502700e+05   3.4484863e+01
   4.4506100e+05   3.5949707e+01
   4.4508000e+05   3.8574219e+01
   4.4511800e+05   3.5034180e+01
   4.4515600e+05   3.2531738e+01
   4.4517500e+05   3.1127930e+01
   4.4521000e+05   3.2897949e+01
   4.4527200e+05   3.3264160e+01
   4.4533000e+05   3.0334473e+01
   4.4539500e+05   3.6010742e+01
   4.4542000e+05   3.9733887e+01
   4.4547400e+05   3.6376953e+01
   4.4553500e+05   3.1066895e+01
   4.4555100e+05   3.7475586e+01
   4.4560300e+05   3.7170410e+01
   4.4574800e+05   4.1931152e+01
   4.4667900e+05   3.4790039e+01
   4.4691800e+05   3.3569336e+01
   4.4711300e+05   3.2287598e+01
   4.4714000e+05   3.2531738e+01
   4.4784300e+05   3.4057617e+01
   4.5092800e+05   3.0883789e+01
   4.5114400e+05   3.3874512e+01
   4.5598100e+05   3.1860352e+01
   4.5607700e+05   5.0292969e+01
   4.5608700e+05   4.7119141e+01
   4.5612200e+05   4.2480469e+01
   4.5613600e+05   4.6813965e+01
   4.5618000e+05   3.1127930e+01
   4.5619500e+05   4.6203613e+01
   4.5622400e+05   4.1442871e+01
   4.5624800e+05   3.7353516e+01
   4.5629000e+05   3.4362793e+01
   4.5631300e+05   3.9733887e+01
   4.5635600e+05   3.4240723e+01
   4.5637200e+05   3.7170410e+01
   4.5638900e+05   3.3996582e+01
   4.5640600e+05   3.4973145e+01
   4.5643300e+05   3.7597656e+01
   4.5645500e+05   3.3081055e+01
   4.5653400e+05   4.2907715e+01
   4.5654900e+05   3.0761719e+01
   4.5657600e+05   4.2297363e+01
   4.5661100e+05   3.1677246e+01
   4.5667100e+05   3.1433105e+01
   4.5671600e+05   3.8391113e+01
   4.5675600e+05   3.6254883e+01
   4.5683700e+05   3.5156250e+01
   4.5688700e+05   3.0334473e+01
   4.5730400e+05   3.0761719e+01
   4.5736500e+05   3.2226563e+01
   4.5749600e+05   3.9550781e+01
   4.5766800e+05   3.9062500e+01
   4.5792000e+05   3.1188965e+01
   4.5808000e+05   3.4362793e+01
   4.6018400e+05   3.0578613e+01
   4.6726700e+05   3.1982422e+01
   4.6729700e+05   4.3334961e+01
   4.6736000e+05   3.8391113e+01
   4.6740200e+05   3.1433105e+01
   4.6745000e+05   3.1738281e+01
   4.6746500e+05   3.9123535e+01
   4.6748400e+05   3.2775879e+01
   4.6752800e+05   3.7597656e+01
   4.6755500e+05   3.5034180e+01
   4.6758700e+05   4.8217773e+01
   4.6759700e+05   4.2419434e+01
   4.6763600e+05   3.5400391e+01
   4.6769600e+05   4.4738770e+01
   4.6772500e+05   4.0771484e+01
   4.6774300e+05   4.0100098e+01
   4.6775700e+05   3.3996582e+01
   4.6778600e+05   3.4118652e+01
   4.6782500e+05   3.3752441e+01
   4.6783700e+05   3.5339355e+01
   4.6786300e+05   4.0527344e+01
   4.6789900e+05   3.4912109e+01
   4.6795100e+05   3.7292480e+01
   4.6800000e+05   3.7231445e+01
   4.6804400e+05   3.3752441e+01
   4.6806700e+05   3.3935547e+01
   4.6826700e+05   4.1015625e+01
   4.6828700e+05   4.5593262e+01
   4.6833700e+05   3.0517578e+01
   4.6842200e+05   3.0334473e+01
   4.6845400e+05   3.1066895e+01
   4.7008200e+05   3.2165527e+01
   4.7025700e+05   3.0883789e+01
   4.7153700e+05   3.1921387e+01
   4.7262000e+05   3.1188965e+01
   4.7314600e+05   3.1982422e+01
   4.7582800e+05   3.2714844e+01
   4.8197200e+05   3.5156250e+01
   4.8281900e+05   3.6071777e+01
   4.8291700e+05   3.7963867e+01
   4.8292700e+05   3.8269043e+01
   4.8296900e+05   4.2419434e+01
   4.8299200e+05   3.9733887e+01
   4.8302000e+05   3.5400391e+01
   4.8306300e+05   3.3569336e+01
   4.8308200e+05   3.2958984e+01
   4.8311100e+05   6.5429687e+01
   4.8313500e+05   6.6040039e+01
   4.8315400e+05   5.5969238e+01
   4.8317700e+05   3.4667969e+01
   4.8321200e+05   3.2104492e+01
   4.8325600e+05   4.7912598e+01
   4.8328300e+05   3.9123535e+01
   4.8330100e+05   4.0283203e+01
   4.8333700e+05   3.3691406e+01
   4.8339200e+05   3.2714844e+01
   4.8341900e+05   4.6386719e+01
   4.8343500e+05   3.0822754e+01
   4.8347600e+05   4.9499512e+01
   4.8354800e+05   3.8330078e+01
   4.8361000e+05   4.7729492e+01
   4.8367700e+05   3.1494141e+01
   4.8369400e+05   3.1311035e+01
   4.8371100e+05   3.1555176e+01
   4.8399600e+05   3.9184570e+01
   4.8419100e+05   3.1433105e+01
   4.8438100e+05   3.2470703e+01
   4.8517700e+05   3.8757324e+01
   4.8545600e+05   3.2714844e+01
   4.8722800e+05   3.2958984e+01
   4.9563000e+05   3.1982422e+01
   4.9571400e+05   4.1076660e+01
   4.9574100e+05   3.0395508e+01
   4.9575600e+05   4.0039063e+01
   4.9577000e+05   3.2836914e+01
   4.9579600e+05   3.2165527e+01
   4.9580800e+05   3.3386230e+01
   4.9584300e+05   3.4790039e+01
   4.9586500e+05   3.9916992e+01
   4.9588000e+05   3.8085938e+01
   4.9590600e+05   6.1340332e+01
   4.9592000e+05   3.5827637e+01
   4.9593200e+05   3.5766602e+01
   4.9596300e+05   3.1494141e+01
   4.9598000e+05   4.5776367e+01
   4.9602100e+05   3.4606934e+01
   4.9605900e+05   5.0964355e+01
   4.9609000e+05   4.5288086e+01
   4.9610900e+05   3.5583496e+01
   4.9612800e+05   4.8278809e+01
   4.9615600e+05   3.0517578e+01
   4.9619600e+05   3.9001465e+01
   4.9625200e+05   3.0456543e+01
   4.9635600e+05   4.5532227e+01
   4.9645600e+05   3.1066895e+01
   4.9661400e+05   3.4240723e+01
   4.9673800e+05   3.1921387e+01
   4.9764800e+05   3.0761719e+01
   4.9768100e+05   3.3325195e+01
   4.9974400e+05   3.1799316e+01
   5.0776800e+05   3.0395508e+01
   5.0812100e+05   3.2897949e+01
   5.0823400e+05   3.9550781e+01
   5.0829400e+05   3.7536621e+01
   5.0831300e+05   3.2836914e+01
   5.0832800e+05   3.4790039e+01
   5.0834500e+05   3.8085938e+01
   5.0839900e+05   3.0456543e+01
   5.0844600e+05   3.1921387e+01
   5.0847300e+05   4.8217773e+01
   5.0848500e+05   4.5898438e+01
   5.0850400e+05   4.1442871e+01
   5.0851800e+05   5.1879883e+01
   5.0854000e+05   3.8818359e+01
   5.0857700e+05   3.8513184e+01
   5.0860300e+05   3.3935547e+01
   5.0863500e+05   4.6264648e+01
   5.0865400e+05   4.0649414e+01
   5.0873300e+05   3.4729004e+01
   5.0877100e+05   3.6071777e+01
   5.0882500e+05   3.7170410e+01
   5.0887600e+05   3.2287598e+01
   5.0891900e+05   4.4433594e+01
   5.0895800e+05   3.7475586e+01
   5.0901400e+05   3.1799316e+01
   5.0908100e+05   3.4179688e+01
   5.0912000e+05   3.1799316e+01
   5.0919200e+05   3.2287598e+01
   5.0926100e+05   3.0456543e+01
   5.1263200e+05   3.5278320e+01
   5.1284500e+05   4.2114258e+01
   5.1370900e+05   3.1250000e+01
   5.2069600e+05   4.6630859e+01
   5.2075100e+05   3.1433105e+01
   5.2081900e+05   3.0700684e+01
   5.2085000e+05   3.6254883e+01
   5.2089800e+05   4.7851563e+01
   5.2091600e+05   4.9499512e+01
   5.2094300e+05   5.5908203e+01
   5.2095400e+05   3.5766602e+01
   5.2099700e+05   3.4179688e+01
   5.2107200e+05   4.7729492e+01
   5.2110300e+05   3.1555176e+01
   5.2114700e+05   3.1250000e+01
   5.2117500e+05   3.3325195e+01
   5.2121300e+05   3.5522461e+01
   5.2128700e+05   3.8391113e+01
   5.2131600e+05   3.1311035e+01
   5.2134700e+05   3.1677246e+01
   5.2149500e+05   3.1738281e+01
   5.2152300e+05   3.8635254e+01
   5.2163700e+05   3.3142090e+01
   5.2190800e+05   3.1066895e+01
   5.2251200e+05   3.1188965e+01
   5.2265100e+05   3.3996582e+01
   5.2289800e+05   3.2104492e+01
   5.2544100e+05   3.1188965e+01
   5.2811700e+05   3.0456543e+01
   5.3414900e+05   3.6865234e+01
   5.3420600e+05   3.8146973e+01
   5.3424800e+05   3.2043457e+01
   5.3427200e+05   3.3325195e+01
   5.3432800e+05   4.2724609e+01
   5.3435300e+05   3.3142090e+01
   5.3437000e+05   4.8217773e+01
   5.3439900e+05   3.6315918e+01
   5.3443800e+05   6.2194824e+01
   5.3447200e+05   4.6691895e+01
   5.3448200e+05   3.3569336e+01
   5.3454000e+05   3.3386230e+01
   5.3457900e+05   3.5217285e+01
   5.3460400e+05   3.9855957e+01
   5.3462800e+05   3.2897949e+01
   5.3464500e+05   3.2714844e+01
   5.3470400e+05   3.4179688e+01
   5.3475600e+05   5.2612305e+01
   5.3478600e+05   3.6437988e+01
   5.3481000e+05   3.4301758e+01
   5.3489200e+05   3.5095215e+01
   5.3513600e+05   3.6437988e+01
   5.3573700e+05   3.9550781e+01
   5.3590600e+05   3.0761719e+01
   5.3623700e+05   3.3630371e+01
   5.5670100e+05   4.4555664e+01
   5.5674000e+05   3.1372070e+01
   5.5676900e+05   4.6386719e+01
   5.5682300e+05   4.3823242e+01
   5.5686100e+05   6.5063477e+01
   5.5687700e+05   3.9672852e+01
   5.5689600e+05   3.3447266e+01
   5.5691900e+05   4.5532227e+01
   5.5695800e+05   5.1574707e+01
   5.5697100e+05   3.6682129e+01
   5.5699200e+05   3.6010742e+01
   5.5701600e+05   3.7780762e+01
   5.5704200e+05   3.1311035e+01
   5.5705700e+05   5.1025391e+01
   5.5708500e+05   4.0100098e+01
   5.5713600e+05   4.0527344e+01
   5.5722200e+05   3.9367676e+01
   5.5723600e+05   3.5522461e+01
   5.5727200e+05   3.4484863e+01
   5.5730400e+05   3.3020020e+01
   5.5733900e+05   4.1748047e+01
   5.5785300e+05   3.2409668e+01
   5.5827700e+05   3.3386230e+01
   5.5909700e+05   3.2958984e+01
   5.5926800e+05   3.2958984e+01
   5.6030000e+05   3.6132813e+01
   5.6176500e+05   3.2592773e+01
   5.6201700e+05   3.3508301e+01
   5.6403900e+05   3.1066895e+01
   1.0302490e+06   3.2043457e+01
   1.0308840e+06   4.7912598e+01
   1.0309070e+06   5.7556152e+01
   1.0309250e+06   4.6752930e+01
   1.0309630e+06   1.0034180e+02
   1.0309850e+06   7.0983887e+01
   1.0310070e+06   3.9794922e+01
   1.0310340e+06   5.1696777e+01
   1.0310660e+06   8.7829590e+01
   1.0310830e+06   3.2714844e+01
   1.0311380e+06   3.5278320e+01
   1.0311560e+06   3.6193848e+01
   1.0311690e+06   3.3203125e+01
   1.0312080e+06   4.8278809e+01
   1.0312240e+06   4.1625977e+01
   1.0312420e+06   5.3405762e+01
   1.0312540e+06   5.0964355e+01
   1.0313200e+06   3.6804199e+01
   1.0313800e+06   3.3569336e+01
   1.0314050e+06   3.1250000e+01
   1.0314310e+06   3.3081055e+01
   1.0315780e+06   3.1066895e+01
   1.0316170e+06   3.1555176e+01
   1.0322850e+06   3.0517578e+01
   1.0323380e+06   3.9245605e+01
   1.0326990e+06   3.1616211e+01
   1.0327890e+06   3.1677246e+01
   1.0330150e+06   3.5827637e+01
   1.0330730e+06   3.9245605e+01
   1.0332300e+06   3.5034180e+01
   1.0333000e+06   3.7353516e+01
   1.0333200e+06   3.1555176e+01
   1.0333400e+06   3.0395508e+01
   1.0333800e+06   3.0883789e+01
   1.0334680e+06   3.1494141e+01
   1.0335160e+06   3.2592773e+01
   1.0336850e+06   4.6264648e+01
   1.0337180e+06   3.5034180e+01
   1.0339390e+06   3.9123535e+01
   1.0340980e+06   5.5725098e+01
   1.0341870e+06   3.8879395e+01
   1.0343270e+06   3.0578613e+01
   1.0343600e+06   3.3142090e+01
   1.0344790e+06   4.3823242e+01
   1.0345110e+06   3.5461426e+01
   1.0345920e+06   3.1616211e+01
   1.0347850e+06   3.1005859e+01
   1.0349130e+06   3.0883789e+01
   1.0349940e+06   3.1738281e+01
   1.0350960e+06   3.6132813e+01
   1.0352120e+06   3.3752441e+01
   1.0356310e+06   3.1738281e+01
   1.0357500e+06   3.1005859e+01
   1.0367610e+06   3.0395508e+01
   1.0409410e+06   3.7353516e+01
   1.0444750e+06   3.0761719e+01
   1.2383160e+06   3.1860352e+01
   1.2386310e+06   4.3701172e+01
   1.2386650e+06   3.6132813e+01
   1.2387430e+06   7.0983887e+01
   1.2387640e+06   5.5541992e+01
   1.2387810e+06   5.8349609e+01
   1.2387980e+06   4.2480469e+01
   1.2388140e+06   6.1279297e+01
   1.2388450e+06   7.2387695e+01
   1.2388830e+06   5.1757812e+01
   1.2389130e+06   6.8176270e+01
   1.2389380e+06   5.0231934e+01
   1.2389580e+06   3.4484863e+01
   1.2389780e+06   4.7790527e+01
   1.2389880e+06   4.0100098e+01
   1.2390700e+06   4.0222168e+01
   1.2390920e+06   3.5034180e+01
   1.2391160e+06   3.7109375e+01
   1.2391400e+06   3.1005859e+01
   1.2391530e+06   3.0639648e+01
   1.2391670e+06   4.0954590e+01
   1.2392040e+06   3.9428711e+01
   1.2393210e+06   3.0334473e+01
   1.2393880e+06   3.2653809e+01
   1.2400880e+06   3.5766602e+01
   1.2403890e+06   3.0639648e+01
   1.2406750e+06   3.1127930e+01
   1.2407240e+06   3.1555176e+01
   1.2407630e+06   3.1921387e+01
   1.2408360e+06   3.3020020e+01
   1.2408730e+06   3.5644531e+01
   1.2409750e+06   3.0517578e+01
   1.2410040e+06   4.4128418e+01
   1.2410910e+06   3.5583496e+01
   1.2411110e+06   3.4301758e+01
   1.2411260e+06   3.4973145e+01
   1.2413460e+06   3.1860352e+01
   1.2413940e+06   3.1921387e+01
   1.2414620e+06   3.8574219e+01
   1.2415350e+06   3.4851074e+01
   1.2417190e+06   4.1015625e+01
   1.2418900e+06   3.1799316e+01
   1.2419690e+06   3.7109375e+01
   1.2420030e+06   3.7170410e+01
   1.2420790e+06   3.2470703e+01
   1.2422280e+06   3.1921387e+01
   1.2423640e+06   3.0761719e+01
   1.2424090e+06   3.4423828e+01
   1.2425030e+06   4.5959473e+01
   1.2425940e+06   3.5217285e+01
   1.2426710e+06   3.6621094e+01
   1.2427930e+06   4.0649414e+01
   1.2429120e+06   3.5278320e+01
   1.2431230e+06   3.2592773e+01
   1.2434950e+06   3.0517578e+01
   1.2436220e+06   3.1066895e+01
   1.2439450e+06   4.2419434e+01
   1.2441480e+06   3.6254883e+01
   1.2441660e+06   3.8330078e+01
   1.2443700e+06   3.3874512e+01
   1.2446590e+06   3.2836914e+01
   1.2448920e+06   3.2348633e+01
   1.2452260e+06   3.4545898e+01
   1.2456480e+06   3.0517578e+01
   1.4623080e+06   3.1677246e+01
   1.4628440e+06   3.0700684e+01
   1.4629000e+06   3.1188965e+01
   1.4629120e+06   3.9550781e+01
   1.4629420e+06   3.2226563e+01
   1.4629570e+06   1.0223389e+02
   1.4629700e+06   3.9001465e+01
   1.4629860e+06   4.6691895e+01
   1.4630090e+06   5.2124023e+01
   1.4630360e+06   8.8867188e+01
   1.4630630e+06   6.9152832e+01
   1.4630820e+06   4.3457031e+01
   1.4630950e+06   6.1096191e+01
   1.4631140e+06   3.0578613e+01
   1.4631320e+06   6.6406250e+01
   1.4631570e+06   5.1879883e+01
   1.4632010e+06   6.4208984e+01
   1.4632130e+06   3.4362793e+01
   1.4632410e+06   3.3081055e+01
   1.4633050e+06   4.8217773e+01
   1.4633230e+06   3.0761719e+01
   1.4633340e+06   4.4982910e+01
   1.4633750e+06   3.5461426e+01
   1.4633870e+06   4.2907715e+01
   1.4634240e+06   4.4860840e+01
   1.4634680e+06   3.9855957e+01
   1.4638810e+06   3.2104492e+01
   1.4644410e+06   3.1494141e+01
   1.4646300e+06   3.1860352e+01
   1.4647960e+06   3.2897949e+01
   1.4650420e+06   3.3813477e+01
   1.4650600e+06   3.1677246e+01
   1.4651310e+06   5.0048828e+01
   1.4651950e+06   3.3630371e+01
   1.4652180e+06   3.6865234e+01
   1.4652490e+06   3.1127930e+01
   1.4652860e+06   3.7597656e+01
   1.4653290e+06   4.0161133e+01
   1.4653620e+06   3.4301758e+01
   1.4654740e+06   3.0822754e+01
   1.4655850e+06   3.3752441e+01
   1.4656340e+06   3.4118652e+01
   1.4656760e+06   4.0954590e+01
   1.4657490e+06   3.7597656e+01
   1.4659350e+06   3.1799316e+01
   1.4660350e+06   3.0517578e+01
   1.4663560e+06   3.0761719e+01
   1.4664470e+06   3.3386230e+01
   1.4666120e+06   5.2856445e+01
   1.4667870e+06   3.0700684e+01
   1.4668840e+06   3.5583496e+01
   1.4669490e+06   3.4973145e+01
   1.4670630e+06   3.3081055e+01
   1.4670850e+06   4.4982910e+01
   1.4671830e+06   3.2897949e+01
   1.4674540e+06   3.3569336e+01
   1.4678210e+06   3.4606934e+01
   1.4680490e+06   3.2348633e+01
   1.4681680e+06   4.0161133e+01
   1.4682840e+06   3.0578613e+01
   1.4684020e+06   4.2724609e+01
   1.4685970e+06   3.2592773e+01
   1.4688840e+06   3.5095215e+01
   1.4691680e+06   3.1005859e+01
   1.4693410e+06   3.1616211e+01
   1.4702770e+06   3.2897949e+01
   1.4707350e+06   3.2897949e+01
   1.4708660e+06   3.0395508e+01
   1.4725980e+06   3.0944824e+01
   1.6351780e+06   3.8513184e+01
   1.6351950e+06   3.7658691e+01
   1.6352180e+06   5.3771973e+01
   1.6352290e+06   3.9733887e+01
   1.6352590e+06   6.2255859e+01
   1.6352930e+06   4.0405273e+01
   1.6353090e+06   4.1320801e+01
   1.6353210e+06   3.7536621e+01
   1.6353360e+06   3.6010742e+01
   1.6353700e+06   5.1879883e+01
   1.6353850e+06   3.9672852e+01
   1.6354030e+06   4.1259766e+01
   1.6354180e+06   3.0822754e+01
   1.6354350e+06   3.9916992e+01
   1.6354590e+06   3.9245605e+01
   1.6354740e+06   6.0852051e+01
   1.6354910e+06   3.2775879e+01
   1.6355010e+06   3.9733887e+01
   1.6355340e+06   3.3142090e+01
   1.6355930e+06   3.6621094e+01
   1.6356220e+06   3.7292480e+01
   1.6356830e+06   3.4362793e+01
   1.6356980e+06   3.2226563e+01
   1.6357600e+06   3.4973145e+01
   1.6358060e+06   3.1677246e+01
   1.6358360e+06   3.5766602e+01
   1.6360190e+06   3.1860352e+01
   1.6361810e+06   3.3081055e+01
   1.6362480e+06   3.4606934e+01
   1.6367180e+06   3.4118652e+01
   1.6370300e+06   3.0883789e+01
   1.6370640e+06   3.2287598e+01
   1.6372290e+06   3.6071777e+01
   1.6372670e+06   3.2714844e+01
   1.6373570e+06   3.5461426e+01
   1.6374200e+06   3.0944824e+01
   1.6374730e+06   3.8208008e+01
   1.6375100e+06   3.1250000e+01
   1.6375870e+06   3.4301758e+01
   1.6376650e+06   3.2775879e+01
   1.6378970e+06   4.1870117e+01
   1.6379410e+06   3.5644531e+01
   1.6380420e+06   3.8391113e+01
   1.6381320e+06   4.0405273e+01
   1.6382580e+06   3.8635254e+01
   1.6384160e+06   3.8818359e+01
   1.6385710e+06   3.9672852e+01
   1.6386200e+06   3.7963867e+01
   1.6387600e+06   3.0334473e+01
   1.6390240e+06   3.0944824e+01
   1.6391420e+06   3.1921387e+01
   1.6391880e+06   3.2165527e+01
   1.6393720e+06   3.3081055e+01
   1.6393990e+06   3.1555176e+01
   1.6394740e+06   3.0761719e+01
   1.6397470e+06   3.1311035e+01
   1.6398550e+06   3.1372070e+01
   1.6398670e+06   3.1982422e+01
   1.6401980e+06   3.5522461e+01
   1.6405780e+06   3.3569336e+01
   1.6407280e+06   3.0700684e+01
   1.6410060e+06   3.2531738e+01
   1.6411690e+06   3.0578613e+01
   1.6415520e+06   3.6376953e+01
   1.6417220e+06   3.3752441e+01
   1.8390750e+06   4.5654297e+01
   1.8390950e+06   4.5776367e+01
   1.8391260e+06   8.9904785e+01
   1.8391360e+06   5.9265137e+01
   1.8391470e+06   5.8166504e+01
   1.8391770e+06   8.0017090e+01
   1.8392080e+06   5.4504395e+01
   1.8392260e+06   3.5339355e+01
   1.8392360e+06   4.7668457e+01
   1.8392590e+06   4.4616699e+01
   1.8392800e+06   6.1889648e+01
   1.8393450e+06   4.1931152e+01
   1.8393550e+06   3.8696289e+01
   1.8393900e+06   4.3518066e+01
   1.8394150e+06   3.3935547e+01
   1.8394910e+06   4.8034668e+01
   1.8395520e+06   3.1799316e+01
   1.8395940e+06   4.2297363e+01
   1.8403830e+06   3.4423828e+01
   1.8406440e+06   3.0395508e+01
   1.8406980e+06   3.8330078e+01
   1.8407110e+06   3.2897949e+01
   1.8408120e+06   3.4118652e+01
   1.8408310e+06   3.2470703e+01
   1.8409020e+06   3.0883789e+01
   1.8409350e+06   3.0456543e+01
   1.8409490e+06   3.2592773e+01
   1.8410150e+06   3.8452148e+01
   1.8410570e+06   3.6254883e+01
   1.8411090e+06   3.0395508e+01
   1.8411890e+06   3.8330078e+01
   1.8412370e+06   3.3020020e+01
   1.8412910e+06   3.3386230e+01
   1.8413020e+06   3.1555176e+01
   1.8413800e+06   3.1005859e+01
   1.8414720e+06   4.2968750e+01
   1.8415580e+06   3.6987305e+01
   1.8415790e+06   3.2470703e+01
   1.8416320e+06   3.4667969e+01
   1.8416520e+06   3.3386230e+01
   1.8417430e+06   3.1311035e+01
   1.8418170e+06   3.1250000e+01
   1.8419130e+06   3.2958984e+01
   1.8419750e+06   3.0578613e+01
   1.8421700e+06   3.5400391e+01
   1.8423110e+06   3.3325195e+01
   1.8424150e+06   3.5888672e+01
   1.8424400e+06   3.6376953e+01
   1.8426470e+06   4.5043945e+01
   1.8426740e+06   3.1372070e+01
   1.8427260e+06   3.3203125e+01
   1.8429830e+06   3.0822754e+01
   1.8430030e+06   3.3081055e+01
   1.8431230e+06   3.6376953e+01
   1.8433380e+06   3.5156250e+01
   1.8434590e+06   3.5827637e+01
   1.8438200e+06   3.6743164e+01
   1.8453150e+06   3.4423828e+01
   1.8454860e+06   3.5827637e+01
   1.8462760e+06   3.1066895e+01
   1.8486010e+06   3.2226563e+01
   1.8532710e+06   3.6315918e+01
   1.8533540e+06   3.9428711e+01
   1.8533950e+06   3.6193848e+01
   1.8534180e+06   6.4636230e+01
   1.8534320e+06   6.4819336e+01
   1.8534670e+06   3.9367676e+01
   1.8534900e+06   3.8330078e+01
   1.8535070e+06   9.5458984e+01
   1.8535210e+06   9.8510742e+01
   1.8535530e+06   4.4006348e+01
   1.8535910e+06   5.9020996e+01
   1.8536290e+06   5.5114746e+01
   1.8536610e+06   4.8767090e+01
   1.8536770e+06   4.4616699e+01
   1.8536890e+06   4.6508789e+01
   1.8537270e+06   5.8715820e+01
   1.8537400e+06   3.7353516e+01
   1.8537760e+06   4.6630859e+01
   1.8537930e+06   3.5400391e+01
   1.8538260e+06   3.8818359e+01
   1.8539210e+06   3.6254883e+01
   1.8539900e+06   3.1860352e+01
   1.8540830e+06   3.2714844e+01
   1.8540940e+06   4.7180176e+01
   1.8541670e+06   3.1127930e+01
   1.8542280e+06   3.4301758e+01
   1.8542560e+06   3.3935547e+01
   1.8543210e+06   3.0578613e+01
   1.8545780e+06   3.6621094e+01
   1.8546600e+06   4.1748047e+01
   1.8547000e+06   3.3386230e+01
   1.8547350e+06   3.0822754e+01
   1.8549670e+06   3.0334473e+01
   1.8550170e+06   3.2653809e+01
   1.8551930e+06   3.2531738e+01
   1.8552570e+06   3.8635254e+01
   1.8553060e+06   3.1982422e+01
   1.8554990e+06   3.3447266e+01
   1.8557140e+06   3.3508301e+01
   1.8561250e+06   3.0334473e+01
   1.8562020e+06   3.1188965e+01
   1.8563100e+06   3.3996582e+01
   1.8567230e+06   3.7658691e+01
   1.8569050e+06   3.2348633e+01
   1.8570870e+06   3.3569336e+01
   1.8571910e+06   3.2531738e+01
   1.8575080e+06   3.6376953e+01
   1.8577360e+06   3.3081055e+01
   1.8579640e+06   3.2836914e+01
   1.8592300e+06   3.2897949e+01
   1.8593860e+06   3.1127930e+01
   1.8602270e+06   3.0395508e+01
   1.8606490e+06   3.5339355e+01
   1.8612340e+06   3.0334473e+01
   1.8614290e+06   3.0517578e+01
   1.8624220e+06   3.2165527e+01
   1.8624620e+06   3.3386230e+01
   1.8647240e+06   3.0578613e+01
   1.8667410e+06   3.7475586e+01
   1.8668020e+06   5.8105469e+01
   1.8668440e+06   3.1433105e+01
   1.8668610e+06   3.4118652e+01
   1.8668910e+06   4.2175293e+01
   1.8669200e+06   6.5307617e+01
   1.8669500e+06   6.2255859e+01
   1.8669740e+06   3.3142090e+01
   1.8669860e+06   5.2429199e+01
   1.8670140e+06   3.4118652e+01
   1.8670280e+06   3.4790039e+01
   1.8670860e+06   3.7658691e+01
   1.8670970e+06   3.0578613e+01
   1.8671440e+06   3.6437988e+01
   1.8671570e+06   4.6081543e+01
   1.8671910e+06   4.3762207e+01
   1.8672240e+06   4.4921875e+01
   1.8672460e+06   3.1005859e+01
   1.8672920e+06   3.2165527e+01
   1.8673080e+06   4.8095703e+01
   1.8674000e+06   3.1066895e+01
   1.8674240e+06   3.3752441e+01
   1.8675480e+06   3.3691406e+01
   1.8676850e+06   3.8574219e+01
   1.8679040e+06   3.0822754e+01
   1.8679510e+06   3.4973145e+01
   1.8680080e+06   3.1921387e+01
   1.8680430e+06   3.1372070e+01
   1.8680590e+06   3.6376953e+01
   1.8682140e+06   3.6254883e+01
   1.8684150e+06   3.0883789e+01
   1.8686770e+06   3.2043457e+01
   1.8689780e+06   3.1860352e+01
   1.8692020e+06   3.1982422e+01
   1.8692760e+06   3.3325195e+01
   1.8694530e+06   3.1066895e+01
   1.8711670e+06   3.7719727e+01
   1.8726480e+06   3.0761719e+01
   1.8727970e+06   3.2714844e+01
   1.8729420e+06   3.1127930e+01
   1.8745720e+06   3.8330078e+01
   1.8755310e+06   3.6071777e+01
   1.8781080e+06   4.8156738e+01
   1.8796680e+06   3.2287598e+01
   1.8797960e+06   4.8278809e+01
   1.8798470e+06   3.5888672e+01
   1.8798760e+06   3.6071777e+01
   1.8799000e+06   3.5034180e+01
   1.8799150e+06   3.9733887e+01
   1.8799470e+06   3.5705566e+01
   1.8799910e+06   3.2958984e+01
   1.8800200e+06   3.7048340e+01
   1.8800340e+06   8.5632324e+01
   1.8800680e+06   3.5156250e+01
   1.8800920e+06   3.2653809e+01
   1.8801190e+06   3.1860352e+01
   1.8801320e+06   3.3081055e+01
   1.8801650e+06   3.2531738e+01
   1.8802070e+06   3.6682129e+01
   1.8802460e+06   3.0334473e+01
   1.8802560e+06   3.6499023e+01
   1.8802890e+06   4.8278809e+01
   1.8803280e+06   4.1442871e+01
   1.8803950e+06   3.4362793e+01
   1.8804290e+06   3.4606934e+01
   1.8804420e+06   3.5827637e+01
   1.8804730e+06   3.2836914e+01
   1.8804960e+06   3.5095215e+01
   1.8805470e+06   3.2226563e+01
   1.8805730e+06   4.2846680e+01
   1.8806000e+06   3.0700684e+01
   1.8806850e+06   3.2592773e+01
   1.8806960e+06   3.2592773e+01
   1.8807810e+06   3.4729004e+01
   1.8809080e+06   3.1250000e+01
   1.8810170e+06   3.1250000e+01
   1.8812410e+06   4.0222168e+01
   1.8817220e+06   3.1616211e+01
   1.8819540e+06   3.9245605e+01
   1.8820510e+06   3.2104492e+01
   1.8823890e+06   3.2043457e+01
   1.8831950e+06   3.3264160e+01
   1.8842220e+06   3.2531738e+01
   1.8861080e+06   3.5217285e+01
   1.8870180e+06   3.2043457e+01
   1.8874560e+06   3.1494141e+01
   1.9003690e+06   3.0456543e+01
   1.9007320e+06   3.0578613e+01
   1.9034260e+06   3.4240723e+01
   1.9034790e+06   4.0649414e+01
   1.9035040e+06   4.6936035e+01
   1.9035200e+06   6.2438965e+01
   1.9035570e+06   4.8034668e+01
   1.9035760e+06   4.0832520e+01
   1.9035950e+06   3.7353516e+01
   1.9036130e+06   6.4819336e+01
   1.9036230e+06   5.0842285e+01
   1.9036570e+06   6.4147949e+01
   1.9036680e+06   4.8339844e+01
   1.9037040e+06   4.2846680e+01
   1.9037170e+06   3.0822754e+01
   1.9037330e+06   4.1992188e+01
   1.9037480e+06   6.3110352e+01
   1.9038060e+06   3.1188965e+01
   1.9038330e+06   3.8208008e+01
   1.9038540e+06   3.3508301e+01
   1.9038920e+06   4.4677734e+01
   1.9039260e+06   4.3029785e+01
   1.9039490e+06   3.3325195e+01
   1.9039920e+06   3.0334473e+01
   1.9040130e+06   3.0517578e+01
   1.9040460e+06   4.5043945e+01
   1.9040720e+06   3.1127930e+01
   1.9041620e+06   3.2836914e+01
   1.9042180e+06   4.2236328e+01
   1.9042490e+06   3.0700684e+01
   1.9043290e+06   3.4301758e+01
   1.9043540e+06   3.5278320e+01
   1.9044290e+06   3.0883789e+01
   1.9045080e+06   3.5461426e+01
   1.9046710e+06   3.4301758e+01
   1.9048110e+06   3.0334473e+01
   1.9050760e+06   3.3996582e+01
   1.9051640e+06   3.4362793e+01
   1.9054410e+06   3.2043457e+01
   1.9056150e+06   3.1860352e+01
   1.9058440e+06   3.5827637e+01
   1.9060130e+06   3.6804199e+01
   1.9065950e+06   3.1188965e+01
   1.9066130e+06   3.1677246e+01
   1.9066300e+06   3.2226563e+01
   1.9067520e+06   3.4057617e+01
   1.9068900e+06   3.1921387e+01
   1.9076510e+06   3.2104492e+01
   1.9092350e+06   3.3264160e+01
   1.9096580e+06   3.3081055e+01
   1.9099480e+06   3.2958984e+01
   1.9121570e+06   3.1738281e+01
   1.9159910e+06   3.2653809e+01
   1.9227460e+06   3.5827637e+01
   1.9227700e+06   3.4362793e+01
   1.9228240e+06   5.8227539e+01
   1.9228440e+06   4.1870117e+01
   1.9228630e+06   4.0161133e+01
   1.9229230e+06   6.4270020e+01
   1.9229430e+06   5.5847168e+01
   1.9229670e+06   3.5888672e+01
   1.9230020e+06   4.0588379e+01
   1.9230120e+06   3.8879395e+01
   1.9230320e+06   3.3569336e+01
   1.9230520e+06   3.0639648e+01
   1.9230820e+06   3.4057617e+01
   1.9231030e+06   3.7536621e+01
   1.9231150e+06   4.0588379e+01
   1.9231570e+06   3.6743164e+01
   1.9231810e+06   3.9794922e+01
   1.9232120e+06   3.3386230e+01
   1.9232260e+06   4.1442871e+01
   1.9232580e+06   3.5156250e+01
   1.9233290e+06   3.0822754e+01
   1.9233470e+06   4.4006348e+01
   1.9233670e+06   3.4912109e+01
   1.9234560e+06   3.5034180e+01
   1.9234750e+06   4.2053223e+01
   1.9236050e+06   3.2409668e+01
   1.9236310e+06   3.3142090e+01
   1.9237070e+06   3.1799316e+01
   1.9238460e+06   3.1188965e+01
   1.9238580e+06   3.0334473e+01
   1.9239270e+06   3.2104492e+01
   1.9241370e+06   3.2592773e+01
   1.9242450e+06   3.3020020e+01
   1.9243060e+06   3.3447266e+01
   1.9243660e+06   3.2043457e+01
   1.9244300e+06   3.0517578e+01
   1.9245600e+06   3.0517578e+01
   1.9246770e+06   3.5705566e+01
   1.9247540e+06   3.1311035e+01
   1.9253590e+06   3.2775879e+01
   1.9255740e+06   3.1127930e+01
   1.9259030e+06   3.1738281e+01
   1.9259850e+06   3.1860352e+01
   1.9261440e+06   3.0700684e+01
   1.9267940e+06   3.1250000e+01
   1.9271830e+06   3.0395508e+01
   1.9282970e+06   3.0395508e+01
   1.9307270e+06   3.1921387e+01
   1.9314810e+06   3.3447266e+01
   1.9316910e+06   3.0517578e+01
   1.9320300e+06   3.6010742e+01
   1.9354020e+06   3.2470703e+01
   1.9384480e+06   5.8166504e+01
   1.9385040e+06   3.8146973e+01
   1.9385280e+06   5.9631348e+01
   1.9385770e+06   3.3874512e+01
   1.9385960e+06   3.4057617e+01
   1.9386250e+06   4.2785645e+01
   1.9386550e+06   3.5644531e+01
   1.9386710e+06   3.0517578e+01
   1.9386940e+06   3.7780762e+01
   1.9387350e+06   3.4729004e+01
   1.9387620e+06   3.3691406e+01
   1.9387890e+06   3.4240723e+01
   1.9388050e+06   4.0893555e+01
   1.9388220e+06   3.1005859e+01
   1.9388470e+06   3.2653809e+01
   1.9388740e+06   4.3090820e+01
   1.9389170e+06   3.1066895e+01
   1.9389300e+06   4.3334961e+01
   1.9389540e+06   3.5705566e+01
   1.9389800e+06   4.0405273e+01
   1.9390330e+06   3.0883789e+01
   1.9390970e+06   3.8024902e+01
   1.9391270e+06   3.5156250e+01
   1.9391650e+06   3.3020020e+01
   1.9392090e+06   3.3569336e+01
   1.9393900e+06   3.5705566e+01
   1.9394080e+06   3.6804199e+01
   1.9394470e+06   3.9794922e+01
   1.9395780e+06   3.3569336e+01
   1.9399590e+06   3.2226563e+01
   1.9401810e+06   3.4606934e+01
   1.9403110e+06   3.1372070e+01
   1.9403280e+06   3.3630371e+01
   1.9408060e+06   3.0822754e+01
   1.9411200e+06   3.2958984e+01
   1.9484430e+06   3.1982422e+01
   1.9502370e+06   3.0395508e+01
   1.9511090e+06   3.3752441e+01
   1.9511450e+06   3.1799316e+01
   1.9511810e+06   3.9184570e+01
   1.9511940e+06   3.3264160e+01
   1.9512090e+06   4.9133301e+01
   1.9512270e+06   3.1066895e+01
   1.9512530e+06   3.2714844e+01
   1.9513000e+06   4.8828125e+01
   1.9513280e+06   4.8095703e+01
   1.9513440e+06   3.2409668e+01
   1.9513880e+06   4.8828125e+01
   1.9514050e+06   3.3508301e+01
   1.9514400e+06   4.2907715e+01
   1.9514570e+06   5.3039551e+01
   1.9515160e+06   3.3752441e+01
   1.9515820e+06   4.2419434e+01
   1.9515960e+06   3.4851074e+01
   1.9517110e+06   3.5705566e+01
   1.9517480e+06   3.5095215e+01
   1.9517740e+06   3.3325195e+01
   1.9518670e+06   3.0517578e+01
   1.9519100e+06   3.5766602e+01
   1.9521120e+06   3.0578613e+01
   1.9521680e+06   3.4362793e+01
   1.9523630e+06   3.2775879e+01
   1.9524740e+06   3.6376953e+01
   1.9527240e+06   3.5278320e+01
   1.9528530e+06   3.7658691e+01
   1.9533500e+06   4.4006348e+01
   1.9534230e+06   3.2043457e+01
   1.9535630e+06   3.6621094e+01
   1.9543380e+06   3.2348633e+01
   1.9551630e+06   3.2287598e+01
   1.9586140e+06   3.0578613e+01
   1.9589730e+06   3.2714844e+01
   1.9592740e+06   3.0578613e+01
   1.9625430e+06   3.1799316e+01
   1.9626450e+06   3.1250000e+01
   1.9683250e+06   3.0395508e+01
   1.9687490e+06   3.9001465e+01
   1.9687790e+06   3.4057617e+01
   1.9687950e+06   4.9194336e+01
   1.9688310e+06   4.9926758e+01
   1.9688610e+06   5.9509277e+01
   1.9688760e+06   6.5429688e+01
   1.9689070e+06   4.3273926e+01
   1.9689170e+06   3.6743164e+01
   1.9689390e+06   4.8339844e+01
   1.9689700e+06   3.9916992e+01
   1.9689820e+06   4.3334961e+01
   1.9690220e+06   3.7536621e+01
   1.9690370e+06   3.6193848e+01
   1.9690640e+06   3.7841797e+01
   1.9690960e+06   5.0598145e+01
   1.9691090e+06   3.1372070e+01
   1.9691530e+06   3.0822754e+01
   1.9691650e+06   3.4057617e+01
   1.9691760e+06   3.3508301e+01
   1.9692110e+06   3.1372070e+01
   1.9692280e+06   3.8391113e+01
   1.9693410e+06   3.7170410e+01
   1.9694000e+06   4.3029785e+01
   1.9694420e+06   3.1066895e+01
   1.9694880e+06   3.1555176e+01
   1.9695240e+06   3.3569336e+01
   1.9695790e+06   3.3142090e+01
   1.9696340e+06   3.2348633e+01
   1.9696500e+06   3.1311035e+01
   1.9707840e+06   3.4484863e+01
   1.9711210e+06   3.5583496e+01
   1.9717600e+06   3.9306641e+01
   1.9721140e+06   3.0822754e+01
   1.9725860e+06   3.2653809e+01
   1.9742980e+06   3.2043457e+01
   1.9764260e+06   3.0578613e+01
   1.9767230e+06   3.2043457e+01
   1.9784030e+06   3.0334473e+01
   1.9820980e+06   3.6071777e+01
   1.9821110e+06   3.1311035e+01
   1.9821430e+06   3.3203125e+01
   1.9821600e+06   4.5043945e+01
   1.9822010e+06   3.0822754e+01
   1.9822190e+06   3.1005859e+01
   1.9822350e+06   3.2165527e+01
   1.9822800e+06   4.7546387e+01
   1.9822950e+06   3.5339355e+01
   1.9823330e+06   5.0354004e+01
   1.9823610e+06   4.1931152e+01
   1.9824060e+06   3.2897949e+01
   1.9824330e+06   3.2348633e+01
   1.9824570e+06   3.1982422e+01
   1.9824790e+06   3.8024902e+01
   1.9825130e+06   3.4240723e+01
   1.9825730e+06   3.5705566e+01
   1.9826080e+06   5.2062988e+01
   1.9826320e+06   3.0883789e+01
   1.9826600e+06   3.2104492e+01
   1.9827100e+06   3.6499023e+01
   1.9828320e+06   3.6926270e+01
   1.9828510e+06   3.3508301e+01
   1.9828860e+06   3.0639648e+01
   1.9829340e+06   3.9550781e+01
   1.9829900e+06   3.3691406e+01
   1.9830270e+06   3.0761719e+01
   1.9830600e+06   3.3935547e+01
   1.9831380e+06   3.0517578e+01
   1.9831700e+06   3.2531738e+01
   1.9834510e+06   3.2287598e+01
   1.9836080e+06   3.5644531e+01
   1.9840160e+06   3.3996582e+01
   1.9843190e+06   3.2775879e+01
   1.9845060e+06   3.6682129e+01
   1.9850260e+06   3.3386230e+01
   1.9858290e+06   3.2836914e+01
   1.9945590e+06   4.5532227e+01
   1.9945720e+06   4.5227051e+01
   1.9946950e+06   5.3833008e+01
   1.9947490e+06   3.7292480e+01
   1.9947690e+06   3.5339355e+01
   1.9947950e+06   4.6997070e+01
   1.9948100e+06   4.8339844e+01
   1.9948410e+06   3.6926270e+01
   1.9948620e+06   3.9794922e+01
   1.9948910e+06   3.7963867e+01
   1.9949350e+06   4.8583984e+01
   1.9949570e+06   3.0944824e+01
   1.9949750e+06   4.4067383e+01
   1.9950580e+06   4.5837402e+01
   1.9950920e+06   4.0893555e+01
   1.9951130e+06   4.4189453e+01
   1.9951310e+06   3.0944824e+01
   1.9951430e+06   3.2226563e+01
   1.9952160e+06   3.5278320e+01
   1.9952530e+06   3.6926270e+01
   1.9953440e+06   3.3203125e+01
   1.9954320e+06   3.3203125e+01
   1.9957610e+06   3.4423828e+01
   1.9959750e+06   3.4851074e+01
   1.9966720e+06   3.4606934e+01
   1.9987780e+06   3.2958984e+01
   2.0004700e+06   3.0334473e+01
   2.0091070e+06   5.6457520e+01
   2.0091570e+06   3.9916992e+01
   2.0091810e+06   4.3640137e+01
   2.0091930e+06   4.0832520e+01
   2.0092430e+06   3.9245605e+01
   2.0092880e+06   8.7158203e+01
   2.0092980e+06   3.6804199e+01
   2.0093540e+06   3.5644531e+01
   2.0093770e+06   7.1716309e+01
   2.0093980e+06   3.5522461e+01
   2.0094220e+06   3.5888672e+01
   2.0094390e+06   3.9367676e+01
   2.0094580e+06   3.7475586e+01
   2.0094900e+06   5.6030273e+01
   2.0096080e+06   3.2470703e+01
   2.0096670e+06   4.3762207e+01
   2.0097160e+06   3.1127930e+01
   2.0097290e+06   3.4606934e+01
   2.0097520e+06   3.2470703e+01
   2.0097800e+06   3.1860352e+01
   2.0098270e+06   3.5034180e+01
   2.0098880e+06   3.2104492e+01
   2.0100090e+06   3.1372070e+01
   2.0100830e+06   3.4179688e+01
   2.0101510e+06   3.0395508e+01
   2.0104850e+06   3.9672852e+01
   2.0110520e+06   3.2653809e+01
   2.0112230e+06   3.0700684e+01
   2.0117270e+06   3.2714844e+01
   2.0139900e+06   3.1127930e+01
   2.0223850e+06   3.2348633e+01
   2.0224400e+06   3.1555176e+01
   2.0224530e+06   4.4799805e+01
   2.0224790e+06   3.7109375e+01
   2.0225700e+06   3.1005859e+01
   2.0226080e+06   4.3884277e+01
   2.0226560e+06   3.8085938e+01
   2.0227270e+06   4.1625977e+01
   2.0227470e+06   3.2958984e+01
   2.0228160e+06   4.1137695e+01
   2.0228430e+06   3.4240723e+01
   2.0228620e+06   3.3691406e+01
   2.0228830e+06   4.4616699e+01
   2.0229050e+06   4.4311523e+01
   2.0229150e+06   4.3212891e+01
   2.0229500e+06   3.5095215e+01
   2.0229920e+06   3.3203125e+01
   2.0230110e+06   3.1738281e+01
   2.0230570e+06   3.4118652e+01
   2.0230980e+06   3.0578613e+01
   2.0231980e+06   3.0578613e+01
   2.0233040e+06   3.0395508e+01
   2.0233430e+06   3.1433105e+01
   2.0233680e+06   3.1066895e+01
   2.0233790e+06   3.2043457e+01
   2.0234520e+06   3.4240723e+01
   2.0235960e+06   3.4912109e+01
   2.0241350e+06   3.0517578e+01
   2.0242040e+06   3.2104492e+01
   2.0255220e+06   3.5461426e+01
   2.0279520e+06   3.2348633e+01
   2.0367380e+06   3.8818359e+01
   2.0367820e+06   3.2043457e+01
   2.0367940e+06   3.1066895e+01
   2.0368590e+06   3.8391113e+01
   2.0368740e+06   3.3691406e+01
   2.0369170e+06   4.5593262e+01
   2.0369370e+06   4.7241211e+01
   2.0369740e+06   3.5400391e+01
   2.0370350e+06   3.4973145e+01
   2.0370580e+06   3.4851074e+01
   2.0370920e+06   3.3996582e+01
   2.0371430e+06   3.6560059e+01
   2.0371540e+06   3.2043457e+01
   2.0371670e+06   3.1555176e+01
   2.0371980e+06   4.2724609e+01
   2.0372560e+06   3.0517578e+01
   2.0373190e+06   3.1799316e+01
   2.0373420e+06   4.6081543e+01
   2.0374260e+06   3.2470703e+01
   2.0374730e+06   3.3142090e+01
   2.0375230e+06   3.2836914e+01
   2.0375610e+06   3.1250000e+01
   2.0377170e+06   3.5949707e+01
   2.0377800e+06   3.2836914e+01
   2.0379810e+06   3.0944824e+01
   2.0380900e+06   3.6621094e+01
   2.0383470e+06   3.0944824e+01
   2.0384990e+06   3.8513184e+01
   2.0499720e+06   3.7963867e+01
   2.0500500e+06   3.6132813e+01
   2.0500980e+06   3.0761719e+01
   2.0501470e+06   3.0578613e+01
   2.0501810e+06   3.0883789e+01
   2.0502030e+06   6.4147949e+01
   2.0502350e+06   3.9367676e+01
   2.0502620e+06   3.6132813e+01
   2.0503520e+06   4.1076660e+01
   2.0503900e+06   4.2236328e+01
   2.0504230e+06   3.7536621e+01
   2.0504390e+06   3.4240723e+01
   2.0504910e+06   3.4912109e+01
   2.0505250e+06   3.2165527e+01
   2.0505610e+06   4.9926758e+01
   2.0505880e+06   3.5705566e+01
   2.0507100e+06   3.7597656e+01
   2.0507380e+06   3.7719727e+01
   2.0507990e+06   3.6987305e+01
   2.0508820e+06   3.5522461e+01
   2.0509360e+06   3.1250000e+01
   2.0510350e+06   3.2043457e+01
   2.0512710e+06   3.1982422e+01
   2.0514300e+06   3.0700684e+01
   2.0516860e+06   3.7841797e+01
   2.0525010e+06   3.2104492e+01
   2.0527030e+06   3.2531738e+01
   2.0581770e+06   3.2348633e+01
   2.0735960e+06   3.1616211e+01
   2.0736370e+06   3.6132813e+01
   2.0736990e+06   4.7912598e+01
   2.0737100e+06   6.1340332e+01
   2.0737730e+06   4.1320801e+01
   2.0738070e+06   7.3791504e+01
   2.0738300e+06   3.6499023e+01
   2.0738850e+06   3.1982422e+01
   2.0739150e+06   3.9428711e+01
   2.0739470e+06   3.8269043e+01
   2.0739600e+06   5.8044434e+01
   2.0739900e+06   4.9804688e+01
   2.0740390e+06   4.5410156e+01
   2.0740540e+06   3.2531738e+01
   2.0740900e+06   4.2419434e+01
   2.0741490e+06   4.0222168e+01
   2.0741910e+06   3.1127930e+01
   2.0742360e+06   3.2653809e+01
   2.0742740e+06   3.3691406e+01
   2.0742910e+06   3.3264160e+01
   2.0743340e+06   3.5217285e+01
   2.0743770e+06   3.3325195e+01
   2.0747260e+06   3.8513184e+01
   2.0747870e+06   3.0517578e+01
   2.0748820e+06   3.2348633e+01
   2.0758120e+06   3.0517578e+01
   2.0761650e+06   4.0588379e+01
   2.5414320e+06   3.3569336e+01
   2.5416890e+06   3.6743164e+01
   2.5417080e+06   3.5217285e+01
   2.5417240e+06   5.4687500e+01
   2.5417470e+06   8.1970215e+01
   2.5417670e+06   5.6335449e+01
   2.5417830e+06   8.4228516e+01
   2.5417950e+06   5.1635742e+01
   2.5418440e+06   3.8940430e+01
   2.5418640e+06   5.6274414e+01
   2.5418880e+06   4.9316406e+01
   2.5419260e+06   3.7292480e+01
   2.5419450e+06   4.3273926e+01
   2.5419720e+06   3.1860352e+01
   2.5419910e+06   5.0048828e+01
   2.5420180e+06   4.5410156e+01
   2.5420460e+06   3.8269043e+01
   2.5420940e+06   3.0822754e+01
   2.5421190e+06   3.5095215e+01
   2.5421450e+06   3.0395508e+01
   2.5425370e+06   3.1250000e+01
   2.5428970e+06   3.1555176e+01
   2.5429910e+06   3.5827637e+01
   2.5432240e+06   3.0517578e+01
   2.5436470e+06   3.0395508e+01
   2.5437080e+06   3.3874512e+01
   2.5440510e+06   3.3691406e+01
   2.5441710e+06   4.0954590e+01
   2.5442710e+06   3.3386230e+01
   2.5443730e+06   3.6254883e+01
   2.5444990e+06   4.0588379e+01
   2.5446090e+06   3.4179688e+01
   2.5446960e+06   3.4545898e+01
   2.5447720e+06   3.2714844e+01
   2.5448250e+06   3.2470703e+01
   2.5448360e+06   3.4667969e+01
   2.5450030e+06   3.3752441e+01
   2.5452430e+06   4.2419434e+01
   2.5452880e+06   3.1616211e+01
   2.5454130e+06   3.2409668e+01
   2.5456820e+06   3.7597656e+01
   2.5457760e+06   3.4118652e+01
   2.5458710e+06   3.1005859e+01
   2.5459880e+06   3.3325195e+01
   2.5460950e+06   4.0405273e+01
   2.5462300e+06   3.2531738e+01
   2.5463830e+06   3.5583496e+01
   2.5465630e+06   4.0222168e+01
   2.5468150e+06   3.2470703e+01
   2.5471820e+06   3.2958984e+01
   2.5492020e+06   3.7353516e+01
   2.8326590e+06   5.8654785e+01
   2.8326800e+06   1.2219238e+02
   2.8326940e+06   5.8105469e+01
   2.8327200e+06   5.2185059e+01
   2.8327480e+06   5.0048828e+01
   2.8327620e+06   3.1005859e+01
   2.8327780e+06   5.9326172e+01
   2.8327960e+06   4.9316406e+01
   2.8328080e+06   5.7006836e+01
   2.8328210e+06   4.7241211e+01
   2.8328470e+06   4.2236328e+01
   2.8328570e+06   3.4179687e+01
   2.8329340e+06   3.8085938e+01
   2.8329570e+06   3.8757324e+01
   2.8330050e+06   3.4729004e+01
   2.8330420e+06   3.7353516e+01
   2.8330710e+06   3.2043457e+01
   2.8331610e+06   3.4423828e+01
   2.8332050e+06   3.0334473e+01
   2.8335140e+06   3.2043457e+01
   2.8335690e+06   3.1982422e+01
   2.8339430e+06   3.2287598e+01
   2.8343070e+06   3.0639648e+01
   2.8346620e+06   3.4301758e+01
   2.8349300e+06   4.3090820e+01
   2.8349760e+06   3.7231445e+01
   2.8350180e+06   3.2470703e+01
   2.8350540e+06   3.2470703e+01
   2.8350900e+06   3.6010742e+01
   2.8352550e+06   3.1982422e+01
   2.8352900e+06   3.4545898e+01
   2.8353620e+06   3.5339355e+01
   2.8354180e+06   3.1311035e+01
   2.8355560e+06   3.4545898e+01
   2.8355890e+06   3.7170410e+01
   2.8356330e+06   3.0456543e+01
   2.8357010e+06   3.3081055e+01
   2.8359800e+06   3.4118652e+01
   2.8360770e+06   3.2653809e+01
   2.8362700e+06   3.3691406e+01
   2.8362930e+06   3.6621094e+01
   2.8363600e+06   3.2653809e+01
   2.8370700e+06   3.1616211e+01
   2.8370950e+06   3.8635254e+01
   2.8371640e+06   3.1127930e+01
   2.8373400e+06   3.5949707e+01
   2.8377110e+06   4.0588379e+01
   2.8382310e+06   3.0517578e+01
   2.8384980e+06   3.4118652e+01
   2.8506790e+06   4.4067383e+01
   2.8507110e+06   5.5847168e+01
   2.8507450e+06   7.0678711e+01
   2.8507590e+06   6.8847656e+01
   2.8507910e+06   5.6396484e+01
   2.8508220e+06   3.9306641e+01
   2.8508570e+06   5.2490234e+01
   2.8508710e+06   4.4494629e+01
   2.8508970e+06   5.3283691e+01
   2.8509120e+06   3.1372070e+01
   2.8509280e+06   3.2836914e+01
   2.8509480e+06   3.1494141e+01
   2.8509640e+06   5.5969238e+01
   2.8509780e+06   3.7353516e+01
   2.8510010e+06   3.9001465e+01
   2.8510280e+06   5.4077148e+01
   2.8510420e+06   3.3752441e+01
   2.8510620e+06   3.3813477e+01
   2.8510750e+06   3.9489746e+01
   2.8511280e+06   3.6743164e+01
   2.8511580e+06   4.0893555e+01
   2.8512370e+06   3.3996582e+01
   2.8513260e+06   3.1372070e+01
   2.8513810e+06   3.1127930e+01
   2.8514000e+06   3.1799316e+01
   2.8514420e+06   3.4912109e+01
   2.8514720e+06   3.8940430e+01
   2.8515870e+06   3.3813477e+01
   2.8516620e+06   3.4484863e+01
   2.8516820e+06   3.0395508e+01
   2.8519000e+06   3.1921387e+01
   2.8519240e+06   3.2470703e+01
   2.8520440e+06   3.2470703e+01
   2.8524840e+06   3.0944824e+01
   2.8527030e+06   3.0456543e+01
   2.8527130e+06   3.1433105e+01
   2.8528400e+06   4.1503906e+01
   2.8531960e+06   3.6804199e+01
   2.8532600e+06   3.7475586e+01
   2.8534550e+06   4.0344238e+01
   2.8535390e+06   3.1860352e+01
   2.8538010e+06   3.6193848e+01
   2.8538970e+06   3.6193848e+01
   2.8544530e+06   3.2775879e+01
   2.8545620e+06   3.1372070e+01
   2.8554720e+06   3.2836914e+01
   2.8557870e+06   3.0944824e+01
   2.8561490e+06   3.2348633e+01
   2.8565180e+06   3.3569336e+01
   2.8576930e+06   3.2531738e+01
   2.8599000e+06   3.8146973e+01
   2.8705310e+06   3.7658691e+01
   2.8707300e+06   5.0537109e+01
   2.8707410e+06   5.4931641e+01
   2.8707600e+06   6.2622070e+01
   2.8708060e+06   3.9916992e+01
   2.8708360e+06   7.8979492e+01
   2.8708570e+06   4.6813965e+01
   2.8708890e+06   5.5175781e+01
   2.8709050e+06   4.0344238e+01
   2.8709520e+06   3.4179688e+01
   2.8709740e+06   3.9794922e+01
   2.8710030e+06   5.5541992e+01
   2.8710130e+06   3.7780762e+01
   2.8710480e+06   5.3466797e+01
   2.8710630e+06   3.1372070e+01
   2.8710940e+06   5.0598145e+01
   2.8711620e+06   3.2714844e+01
   2.8711980e+06   4.5776367e+01
   2.8712280e+06   3.1677246e+01
   2.8712700e+06   3.5400391e+01
   2.8713320e+06   3.4118652e+01
   2.8714090e+06   3.4545898e+01
   2.8714810e+06   3.0517578e+01
   2.8717880e+06   3.5583496e+01
   2.8718060e+06   3.2104492e+01
   2.8719110e+06   3.4545898e+01
   2.8719800e+06   3.7719727e+01
   2.8720210e+06   3.1433105e+01
   2.8720880e+06   3.0395508e+01
   2.8723010e+06   3.8024902e+01
   2.8723760e+06   3.2714844e+01
   2.8724320e+06   3.0334473e+01
   2.8727180e+06   3.5766602e+01
   2.8727870e+06   3.3325195e+01
   2.8729450e+06   3.2836914e+01
   2.8732550e+06   3.2409668e+01
   2.8733910e+06   3.7231445e+01
   2.8734220e+06   3.2653809e+01
   2.8735180e+06   3.6376953e+01
   2.8737990e+06   3.1860352e+01
   2.8745040e+06   3.0883789e+01
   2.8752370e+06   3.3691406e+01
   2.8753550e+06   3.1311035e+01
   2.8756170e+06   3.5339355e+01
   2.8762450e+06   3.0395508e+01
   2.8763380e+06   3.2958984e+01
   2.8764770e+06   3.8818359e+01
   2.8766380e+06   3.3264160e+01
   2.8767980e+06   3.8940430e+01
   2.8773350e+06   3.0578613e+01
   2.8776340e+06   3.1738281e+01
   2.8778500e+06   3.2958984e+01
   2.8779590e+06   3.3691406e+01
   2.8785870e+06   3.3508301e+01
   2.8820180e+06   3.0456543e+01
   2.8827830e+06   3.0822754e+01
   2.8887100e+06   3.4729004e+01
   2.8958940e+06   4.1076660e+01
   2.8959870e+06   3.7902832e+01
   2.8960350e+06   3.5217285e+01
   2.8960450e+06   5.5847168e+01
   2.8960670e+06   5.8288574e+01
   2.8960950e+06   4.3151855e+01
   2.8961100e+06   3.2104492e+01
   2.8961250e+06   4.2846680e+01
   2.8961560e+06   6.1279297e+01
   2.8961780e+06   3.5949707e+01
   2.8961980e+06   4.5837402e+01
   2.8962120e+06   3.7597656e+01
   2.8962320e+06   4.0649414e+01
   2.8962470e+06   3.6071777e+01
   2.8962570e+06   4.4494629e+01
   2.8962730e+06   3.7841797e+01
   2.8962890e+06   3.6254883e+01
   2.8963130e+06   4.8645020e+01
   2.8963310e+06   4.6386719e+01
   2.8963530e+06   5.4260254e+01
   2.8963910e+06   4.0466309e+01
   2.8964140e+06   3.1860352e+01
   2.8964400e+06   5.1086426e+01
   2.8964660e+06   4.4189453e+01
   2.8965020e+06   4.0466309e+01
   2.8965230e+06   3.0822754e+01
   2.8965670e+06   4.8400879e+01
   2.8966730e+06   3.4851074e+01
   2.8967600e+06   3.4240723e+01
   2.8968850e+06   3.0334473e+01
   2.8970530e+06   3.7902832e+01
   2.8971890e+06   3.4973145e+01
   2.8975310e+06   3.2470703e+01
   2.8976340e+06   3.1494141e+01
   2.8979270e+06   3.3630371e+01
   2.8979870e+06   3.1127930e+01
   2.8990330e+06   3.0639648e+01
   2.9000260e+06   3.6193848e+01
   2.9005940e+06   3.1555176e+01
   2.9008070e+06   3.5705566e+01
   2.9028300e+06   3.7353516e+01
   2.9030970e+06   3.0883789e+01
   2.9032740e+06   3.1127930e+01
   2.9034840e+06   3.1616211e+01
   2.9037680e+06   3.1738281e+01
   2.9059730e+06   3.2348633e+01
   2.9063250e+06   3.9428711e+01
   2.9271100e+06   3.6560059e+01
   2.9272080e+06   3.7658691e+01
   2.9272440e+06   3.5156250e+01
   2.9272710e+06   8.5449219e+01
   2.9272900e+06   5.4565430e+01
   2.9273170e+06   4.9804688e+01
   2.9273320e+06   6.1645508e+01
   2.9273530e+06   5.7067871e+01
   2.9273720e+06   5.2001953e+01
   2.9274260e+06   4.3518066e+01
   2.9274370e+06   4.7973633e+01
   2.9274640e+06   3.1921387e+01
   2.9274820e+06   3.5034180e+01
   2.9274930e+06   4.3884277e+01
   2.9275330e+06   3.4790039e+01
   2.9275780e+06   3.0334473e+01
   2.9275950e+06   3.9123535e+01
   2.9276260e+06   3.6621094e+01
   2.9276430e+06   4.1625977e+01
   2.9276570e+06   3.0822754e+01
   2.9276850e+06   3.9672852e+01
   2.9277120e+06   3.1982422e+01
   2.9279050e+06   3.4790039e+01
   2.9280160e+06   3.4484863e+01
   2.9280330e+06   5.3283691e+01
   2.9281370e+06   3.8146973e+01
   2.9282590e+06   3.5400391e+01
   2.9284170e+06   3.1860352e+01
   2.9287880e+06   4.7790527e+01
   2.9288350e+06   3.2287598e+01
   2.9289100e+06   4.3945313e+01
   2.9290570e+06   3.3630371e+01
   2.9290850e+06   3.8391113e+01
   2.9292370e+06   3.2348633e+01
   2.9294540e+06   3.0456543e+01
   2.9299310e+06   3.7658691e+01
   2.9299650e+06   3.2531738e+01
   2.9307460e+06   3.5217285e+01
   2.9329290e+06   3.2104492e+01
   2.9330800e+06   3.2409668e+01
   2.9342890e+06   3.0578613e+01
   2.9347580e+06   3.2775879e+01
   2.9448950e+06   3.1616211e+01
   2.9449830e+06   4.0222168e+01
   2.9450270e+06   4.1992188e+01
   2.9450720e+06   4.7729492e+01
   2.9451050e+06   4.4555664e+01
   2.9451190e+06   4.5043945e+01
   2.9451430e+06   3.9306641e+01
   2.9451540e+06   4.5593262e+01
   2.9451800e+06   3.2409668e+01
   2.9451920e+06   6.0729980e+01
   2.9452340e+06   5.0170898e+01
   2.9452570e+06   4.3518066e+01
   2.9452970e+06   4.5349121e+01
   2.9453070e+06   5.9387207e+01
   2.9453480e+06   3.7963867e+01
   2.9453800e+06   3.9367676e+01
   2.9454090e+06   3.8940430e+01
   2.9454320e+06   3.1005859e+01
   2.9454700e+06   3.1066895e+01
   2.9455040e+06   5.8593750e+01
   2.9455250e+06   3.7414551e+01
   2.9455530e+06   3.9733887e+01
   2.9455850e+06   3.1921387e+01
   2.9456020e+06   3.4912109e+01
   2.9456330e+06   3.2165527e+01
   2.9456960e+06   3.6254883e+01
   2.9457320e+06   3.9550781e+01
   2.9458750e+06   4.0283203e+01
   2.9458950e+06   3.8146973e+01
   2.9462260e+06   3.3386230e+01
   2.9462370e+06   3.0456543e+01
   2.9466710e+06   3.3813477e+01
   2.9472090e+06   3.8574219e+01
   2.9476810e+06   3.0456543e+01
   2.9480220e+06   3.4118652e+01
   2.9481950e+06   3.1860352e+01
   2.9488210e+06   3.4179688e+01
   2.9516420e+06   3.0456543e+01
   2.9519950e+06   3.1250000e+01
   2.9673680e+06   4.7729492e+01
   2.9674060e+06   3.5888672e+01
   2.9674340e+06   3.2287598e+01
   2.9674500e+06   3.0334473e+01
   2.9674700e+06   4.2907715e+01
   2.9675010e+06   5.9631348e+01
   2.9675200e+06   3.1738281e+01
   2.9675480e+06   7.2875977e+01
   2.9675730e+06   4.7790527e+01
   2.9676250e+06   3.4973145e+01
   2.9676370e+06   4.2663574e+01
   2.9676740e+06   3.5339355e+01
   2.9676840e+06   3.3630371e+01
   2.9677170e+06   4.3212891e+01
   2.9677400e+06   4.7180176e+01
   2.9677570e+06   3.1311035e+01
   2.9677770e+06   3.6865234e+01
   2.9678270e+06   3.8696289e+01
   2.9678400e+06   3.9855957e+01
   2.9678530e+06   4.4006348e+01
   2.9679050e+06   3.0639648e+01
   2.9679640e+06   3.2470703e+01
   2.9679770e+06   3.2470703e+01
   2.9680110e+06   3.2958984e+01
   2.9680460e+06   3.1677246e+01
   2.9681900e+06   3.8452148e+01
   2.9682890e+06   3.2226563e+01
   2.9683050e+06   3.5827637e+01
   2.9683580e+06   3.3386230e+01
   2.9684370e+06   4.4372559e+01
   2.9684470e+06   3.5278320e+01
   2.9684780e+06   3.0822754e+01
   2.9685410e+06   3.3447266e+01
   2.9691450e+06   3.5888672e+01
   2.9693810e+06   3.2958984e+01
   2.9696790e+06   3.5400391e+01
   2.9699830e+06   3.3142090e+01
   2.9700090e+06   3.1250000e+01
   2.9701870e+06   3.0334473e+01
   2.9711100e+06   3.9123535e+01
   2.9728810e+06   3.2653809e+01
   2.9733410e+06   3.3325195e+01
   2.9938900e+06   4.4006348e+01
   2.9939870e+06   7.9162598e+01
   2.9940200e+06   3.3081055e+01
   2.9940470e+06   5.3649902e+01
   2.9940580e+06   4.6508789e+01
   2.9940810e+06   4.5227051e+01
   2.9941150e+06   4.6203613e+01
   2.9941260e+06   4.6081543e+01
   2.9941690e+06   3.1860352e+01
   2.9941800e+06   4.0161133e+01
   2.9942400e+06   4.0832520e+01
   2.9942500e+06   6.2866211e+01
   2.9942910e+06   6.3049316e+01
   2.9943350e+06   3.9062500e+01
   2.9943510e+06   3.0822754e+01
   2.9943830e+06   5.0476074e+01
   2.9944000e+06   4.4372559e+01
   2.9945190e+06   3.0639648e+01
   2.9945390e+06   3.0883789e+01
   2.9945890e+06   3.6132813e+01
   2.9947310e+06   3.8269043e+01
   2.9948100e+06   3.2409668e+01
   2.9950530e+06   3.7536621e+01
   2.9950680e+06   3.5827637e+01
   2.9952350e+06   3.2470703e+01
   2.9953450e+06   3.5705566e+01
   2.9954400e+06   3.8513184e+01
   2.9957680e+06   3.1066895e+01
   2.9968940e+06   3.1677246e+01
   2.9971290e+06   3.3142090e+01
   2.9972900e+06   3.3386230e+01
   2.9990590e+06   3.1677246e+01
   2.9997100e+06   3.3020020e+01
