   3.0000000e+06   0.0000000e+00
   4.1201000e+04   3.4484863e+01
   5.9992000e+04   3.3813477e+01
   6.3155000e+04   3.4790039e+01
   7.1591000e+04   3.4545898e+01
   7.6572000e+04   4.8889160e+01
   7.6640000e+04   6.2377930e+01
   7.6674000e+04   4.6081543e+01
   7.6690000e+04   5.6274414e+01
   7.6706000e+04   7.9772949e+01
   7.6721000e+04   2.2027588e+02
   7.6753000e+04   2.8924561e+02
   7.6777000e+04   1.0644531e+02
   7.6797000e+04   9.5275879e+01
   7.6809000e+04   8.7890625e+01
   7.6820000e+04   7.4523926e+01
   7.6845000e+04   1.1395264e+02
   7.6873000e+04   6.1340332e+01
   7.6908000e+04   4.4372559e+01
   7.6919000e+04   7.4035645e+01
   7.6932000e+04   4.5715332e+01
   7.6943000e+04   7.2998047e+01
   7.6959000e+04   4.1809082e+01
   7.6972000e+04   3.5217285e+01
   7.7002000e+04   5.3833008e+01
   7.7028000e+04   4.2724609e+01
   7.7038000e+04   4.8583984e+01
   7.7083000e+04   3.6254883e+01
   7.7108000e+04   5.3161621e+01
   7.7133000e+04   4.2907715e+01
   7.7204000e+04   4.0588379e+01
   7.7259000e+04   3.6560059e+01
   7.7333000e+04   5.0598145e+01
   7.7518000e+04   3.8879395e+01
   7.7613000e+04   4.3212891e+01
   7.7666000e+04   4.2846680e+01
   7.7716000e+04   3.5705566e+01
   7.7830000e+04   3.8818359e+01
   7.7885000e+04   6.0241699e+01
   7.7980000e+04   3.4790039e+01
   7.8026000e+04   4.2114258e+01
   7.8127000e+04   6.2744141e+01
   7.8148000e+04   9.8754883e+01
   7.8170000e+04   4.2968750e+01
   7.8240000e+04   3.9733887e+01
   7.8300000e+04   5.4077148e+01
   7.8336000e+04   3.3691406e+01
   7.8355000e+04   3.3203125e+01
   7.8409000e+04   5.8959961e+01
   7.8440000e+04   5.4321289e+01
   7.8460000e+04   4.4799805e+01
   7.8472000e+04   3.3691406e+01
   7.8504000e+04   6.7932129e+01
   7.8537000e+04   8.7463379e+01
   7.8565000e+04   4.3151855e+01
   7.8579000e+04   4.7058105e+01
   7.8621000e+04   3.3203125e+01
   7.8676000e+04   3.3203125e+01
   7.8703000e+04   3.4973145e+01
   7.8724000e+04   5.5969238e+01
   7.8751000e+04   3.3142090e+01
   7.8769000e+04   3.4912109e+01
   7.8884000e+04   3.3508301e+01
   7.8982000e+04   7.4645996e+01
   7.9018000e+04   3.7109375e+01
   7.9087000e+04   3.4973145e+01
   7.9141000e+04   3.5034180e+01
   7.9308000e+04   3.7414551e+01
   7.9445000e+04   3.3142090e+01
   8.0201000e+04   3.3691406e+01
   8.8886000e+04   6.7626953e+01
   8.9580000e+04   5.8105469e+01
   9.0074000e+04   5.4687500e+01
   9.0440000e+04   5.0659180e+01
   9.0737000e+04   5.8715820e+01
   9.1047000e+04   5.2246094e+01
   9.1350000e+04   5.1330566e+01
   9.1621000e+04   3.6254883e+01
   9.1914000e+04   3.4606934e+01
   9.2215000e+04   4.0466309e+01
   9.2545000e+04   3.6621094e+01
   9.2949000e+04   4.2358398e+01
   9.3433000e+04   5.3039551e+01
   9.3990000e+04   3.8818359e+01
   9.8364000e+04   5.6762695e+01
   1.0264600e+05   4.8400879e+01
   1.5090000e+05   3.3447266e+01
   1.5195200e+05   3.6560059e+01
   1.7128600e+05   3.4179688e+01
   1.7797100e+05   3.3874512e+01
   2.0075200e+05   3.3203125e+01
   2.0815800e+05   3.4729004e+01
   2.4433600e+05   3.9916992e+01
   2.4563100e+05   3.8208008e+01
   2.4571200e+05   6.6162109e+01
   2.4576800e+05   5.4626465e+01
   2.4578200e+05   3.4362793e+01
   2.4579900e+05   1.5716553e+02
   2.4581600e+05   1.3311768e+02
   2.4583800e+05   2.3083496e+02
   2.4587200e+05   1.1676025e+02
   2.4590400e+05   1.3543701e+02
   2.4591800e+05   4.8400879e+01
   2.4593000e+05   6.9641113e+01
   2.4595100e+05   8.7341309e+01
   2.4596400e+05   4.3518066e+01
   2.4597500e+05   5.1147461e+01
   2.4600400e+05   5.9020996e+01
   2.4601600e+05   4.8156738e+01
   2.4602600e+05   3.4179688e+01
   2.4604800e+05   5.9814453e+01
   2.4605800e+05   4.8095703e+01
   2.4609400e+05   4.9194336e+01
   2.4610500e+05   6.7993164e+01
   2.4613300e+05   3.6376953e+01
   2.4614300e+05   6.1950684e+01
   2.4616300e+05   5.1086426e+01
   2.4617600e+05   4.6630859e+01
   2.4622600e+05   4.1320801e+01
   2.4633000e+05   3.3325195e+01
   2.4651400e+05   3.3752441e+01
   2.4655400e+05   3.4301758e+01
   2.4676300e+05   3.4057617e+01
   2.4689200e+05   3.3813477e+01
   2.4696500e+05   5.8715820e+01
   2.4703400e+05   4.2236328e+01
   2.4704900e+05   7.5988770e+01
   2.4713400e+05   3.9306641e+01
   2.4715200e+05   5.1086426e+01
   2.4718300e+05   3.7780762e+01
   2.4721500e+05   3.5156250e+01
   2.4724600e+05   3.6987305e+01
   2.4726200e+05   7.8002930e+01
   2.4733400e+05   4.8950195e+01
   2.4735100e+05   3.3752441e+01
   2.4737000e+05   5.3955078e+01
   2.4739100e+05   3.6132813e+01
   2.4745300e+05   4.0710449e+01
   2.4748100e+05   8.6120605e+01
   2.4755800e+05   3.7841797e+01
   2.4764700e+05   3.5339355e+01
   2.4768600e+05   3.7414551e+01
   2.4770100e+05   4.4250488e+01
   2.4780200e+05   3.6376953e+01
   2.4782400e+05   3.5400391e+01
   2.4785300e+05   6.4758301e+01
   2.4791700e+05   3.8208008e+01
   2.4804800e+05   3.6865234e+01
   2.4827200e+05   3.3935547e+01
   2.5844100e+05   6.1096191e+01
   2.5928700e+05   5.9814453e+01
   2.5993200e+05   5.7128906e+01
   2.6031800e+05   5.4504395e+01
   2.6065900e+05   5.6396484e+01
   2.6098900e+05   5.1879883e+01
   2.6127900e+05   4.2663574e+01
   2.6157600e+05   3.4423828e+01
   2.6161200e+05   3.5095215e+01
   2.6187800e+05   4.2236328e+01
   2.6219600e+05   4.7058105e+01
   2.6251300e+05   4.1931152e+01
   2.6253200e+05   5.7739258e+01
   2.6288900e+05   3.3264160e+01
   2.6343700e+05   3.6743164e+01
   2.6415500e+05   4.6569824e+01
   2.6748300e+05   4.9621582e+01
   2.7149200e+05   5.4687500e+01
   2.7556600e+05   3.4057617e+01
   2.8964600e+05   3.7475586e+01
   3.1304700e+05   3.3386230e+01
   3.2631000e+05   3.3325195e+01
   3.3182100e+05   3.3447266e+01
   3.5040500e+05   3.5461426e+01
   3.6440000e+05   3.9428711e+01
   3.6443500e+05   6.9763184e+01
   3.6449800e+05   3.7475586e+01
   3.6452400e+05   4.1809082e+01
   3.6453600e+05   2.9876709e+02
   3.6456600e+05   2.4841309e+02
   3.6458000e+05   1.0260010e+02
   3.6459500e+05   8.2336426e+01
   3.6461400e+05   8.9233398e+01
   3.6463500e+05   1.3647461e+02
   3.6465000e+05   4.7607422e+01
   3.6466400e+05   7.7819824e+01
   3.6468400e+05   6.9152832e+01
   3.6469900e+05   5.1269531e+01
   3.6473200e+05   5.4504395e+01
   3.6474200e+05   7.9284668e+01
   3.6476300e+05   4.2907715e+01
   3.6477700e+05   9.5336914e+01
   3.6479500e+05   4.3518066e+01
   3.6480700e+05   5.1879883e+01
   3.6483100e+05   4.4067383e+01
   3.6484100e+05   5.0781250e+01
   3.6487300e+05   8.5876465e+01
   3.6491700e+05   3.6315918e+01
   3.6494300e+05   5.1452637e+01
   3.6538800e+05   3.3691406e+01
   3.6549100e+05   4.6508789e+01
   3.6562600e+05   3.8940430e+01
   3.6570700e+05   4.4921875e+01
   3.6580400e+05   3.8208008e+01
   3.6581700e+05   7.7148438e+01
   3.6585300e+05   3.7475586e+01
   3.6589400e+05   3.9550781e+01
   3.6590900e+05   4.3884277e+01
   3.6594300e+05   3.5766602e+01
   3.6597400e+05   3.3142090e+01
   3.6599400e+05   5.6030273e+01
   3.6606000e+05   4.3029785e+01
   3.6609600e+05   4.6020508e+01
   3.6613200e+05   6.3903809e+01
   3.6616300e+05   6.4575195e+01
   3.6627700e+05   5.8227539e+01
   3.6634100e+05   6.4758301e+01
   3.6637200e+05   3.7292480e+01
   3.6644900e+05   5.6640625e+01
   3.6650800e+05   3.8208008e+01
   3.6652400e+05   4.5959473e+01
   3.6656500e+05   4.1442871e+01
   3.6661000e+05   3.5766602e+01
   3.6666700e+05   3.7353516e+01
   3.6675000e+05   3.5705566e+01
   3.6681000e+05   5.1452637e+01
   3.6683800e+05   3.4606934e+01
   3.6687200e+05   3.9428711e+01
   3.6703000e+05   3.3386230e+01
   3.6714100e+05   3.8452148e+01
   3.6724000e+05   3.3935547e+01
   3.6760600e+05   3.5034180e+01
   3.7705000e+05   5.2307129e+01
   3.7808200e+05   5.7861328e+01
   3.7880200e+05   5.9997559e+01
   3.7931500e+05   5.3955078e+01
   3.7973400e+05   5.6213379e+01
   3.8014100e+05   6.6406250e+01
   3.8055300e+05   5.9753418e+01
   3.8108600e+05   5.6884766e+01
   3.8146200e+05   5.9570313e+01
   3.8149100e+05   3.6926270e+01
   3.8154300e+05   8.1359863e+01
   3.8160500e+05   1.2023926e+02
   3.8162700e+05   3.7597656e+01
   3.8166900e+05   7.2753906e+01
   3.8168700e+05   3.8269043e+01
   3.8171200e+05   3.4301758e+01
   3.8172900e+05   5.2734375e+01
   3.8175200e+05   5.9875488e+01
   3.8177800e+05   1.1224365e+02
   3.8179400e+05   6.1645508e+01
   3.8181100e+05   9.8327637e+01
   3.8183100e+05   6.7321777e+01
   3.8184500e+05   1.4532471e+02
   3.8188000e+05   3.8940430e+01
   3.8190500e+05   1.2396240e+02
   3.8192600e+05   9.5153809e+01
   3.8194200e+05   4.2358398e+01
   3.8197600e+05   1.9683838e+02
   3.8200000e+05   5.9326172e+01
   3.8201200e+05   6.1828613e+01
   3.8202600e+05   4.3823242e+01
   3.8204100e+05   6.9763184e+01
   3.8206000e+05   6.3781738e+01
   3.8207500e+05   3.4729004e+01
   3.8209000e+05   8.9965820e+01
   3.8212400e+05   5.7922363e+01
   3.8215700e+05   4.1198730e+01
   3.8217000e+05   3.7963867e+01
   3.8220400e+05   5.3955078e+01
   3.8221400e+05   5.8105469e+01
   3.8224100e+05   5.6762695e+01
   3.8229200e+05   4.1015625e+01
   3.8231700e+05   7.4584961e+01
   3.8233800e+05   7.6843262e+01
   3.8234900e+05   4.7851563e+01
   3.8237400e+05   3.4729004e+01
   3.8240100e+05   4.4799805e+01
   3.8242400e+05   4.0161133e+01
   3.8247400e+05   4.2053223e+01
   3.8253500e+05   5.5908203e+01
   3.8255200e+05   3.5278320e+01
   3.8260000e+05   4.0161133e+01
   3.8267000e+05   4.5104980e+01
   3.8274200e+05   4.1503906e+01
   3.8276600e+05   3.7170410e+01
   3.8289600e+05   5.2062988e+01
   3.8293500e+05   4.0832520e+01
   3.8301600e+05   3.6254883e+01
   3.8310500e+05   4.5227051e+01
   3.8334800e+05   3.4912109e+01
   3.8347600e+05   3.7536621e+01
   3.8369900e+05   3.7475586e+01
   3.8378300e+05   4.2053223e+01
   3.8443400e+05   3.4423828e+01
   3.9233500e+05   4.9865723e+01
   3.9405800e+05   5.3894043e+01
   3.9413400e+05   3.5034180e+01
   3.9520100e+05   3.6132813e+01
   3.9531600e+05   6.0119629e+01
   3.9539600e+05   4.4311523e+01
   3.9542000e+05   4.1748047e+01
   3.9555400e+05   4.8706055e+01
   3.9558100e+05   1.1871338e+02
   3.9561600e+05   7.0312500e+01
   3.9565000e+05   4.6936035e+01
   3.9568700e+05   4.8217773e+01
   3.9569900e+05   7.4645996e+01
   3.9572400e+05   5.2795410e+01
   3.9574000e+05   5.2673340e+01
   3.9576400e+05   6.7871094e+01
   3.9578100e+05   2.7349854e+02
   3.9580800e+05   6.4941406e+01
   3.9582300e+05   3.4484863e+01
   3.9585900e+05   1.2280273e+02
   3.9587500e+05   2.4401855e+02
   3.9590100e+05   1.5539551e+02
   3.9591300e+05   1.0882568e+02
   3.9594800e+05   6.0607910e+01
   3.9596600e+05   1.2664795e+02
   3.9598700e+05   1.0925293e+02
   3.9601400e+05   6.6101074e+01
   3.9603200e+05   6.5612793e+01
   3.9604600e+05   7.8491211e+01
   3.9608000e+05   8.3801270e+01
   3.9610300e+05   3.9184570e+01
   3.9613900e+05   1.2213135e+02
   3.9616400e+05   5.4565430e+01
   3.9617400e+05   3.4606934e+01
   3.9619300e+05   4.2907715e+01
   3.9621000e+05   5.9204102e+01
   3.9622200e+05   3.6743164e+01
   3.9623700e+05   3.4057617e+01
   3.9625200e+05   3.4973145e+01
   3.9627300e+05   4.4250488e+01
   3.9628400e+05   1.3647461e+02
   3.9631400e+05   4.6325684e+01
   3.9633000e+05   5.8715820e+01
   3.9635500e+05   3.3142090e+01
   3.9637300e+05   3.3386230e+01
   3.9640200e+05   4.9682617e+01
   3.9642900e+05   4.2724609e+01
   3.9649800e+05   3.7170410e+01
   3.9659000e+05   4.1442871e+01
   3.9662400e+05   3.4057617e+01
   3.9664800e+05   4.4860840e+01
   3.9667700e+05   3.4301758e+01
   3.9668700e+05   3.6987305e+01
   3.9669900e+05   4.1198730e+01
   3.9675900e+05   3.4912109e+01
   3.9677200e+05   3.8085938e+01
   3.9679300e+05   5.1208496e+01
   3.9681000e+05   5.2856445e+01
   3.9684800e+05   3.4423828e+01
   3.9698800e+05   4.9682617e+01
   3.9709500e+05   3.3142090e+01
   3.9717300e+05   4.1809082e+01
   3.9723900e+05   6.5979004e+01
   3.9734800e+05   3.5522461e+01
   4.0637900e+05   3.3630371e+01
   4.0654400e+05   5.5297852e+01
   4.0665400e+05   5.3955078e+01
   4.0693400e+05   3.4851074e+01
   4.0695100e+05   6.5002441e+01
   4.0698000e+05   3.4423828e+01
   4.0703700e+05   3.6621094e+01
   4.0715300e+05   3.9672852e+01
   4.0717400e+05   1.1090088e+02
   4.0719100e+05   4.7668457e+01
   4.0726700e+05   3.6560059e+01
   4.0728200e+05   4.5104980e+01
   4.0732700e+05   3.6865234e+01
   4.0737300e+05   4.6447754e+01
   4.0741000e+05   3.8879395e+01
   4.0744800e+05   4.1381836e+01
   4.0746000e+05   1.5478516e+02
   4.0748600e+05   4.6203613e+01
   4.0751400e+05   8.6242676e+01
   4.0753800e+05   8.8195801e+01
   4.0756800e+05   1.0504150e+02
   4.0759000e+05   7.1166992e+01
   4.0761500e+05   1.0986328e+02
   4.0764300e+05   6.4147949e+01
   4.0766400e+05   4.1320801e+01
   4.0768200e+05   6.9458008e+01
   4.0771400e+05   8.6975098e+01
   4.0772400e+05   5.4199219e+01
   4.0774600e+05   4.4494629e+01
   4.0776000e+05   6.1645508e+01
   4.0778600e+05   7.9895020e+01
   4.0779600e+05   5.6823730e+01
   4.0782300e+05   3.7841797e+01
   4.0785900e+05   1.5435791e+02
   4.0787100e+05   3.5583496e+01
   4.0790100e+05   8.3190918e+01
   4.0791400e+05   5.3466797e+01
   4.0793200e+05   6.2988281e+01
   4.0794200e+05   4.7363281e+01
   4.0795300e+05   9.7229004e+01
   4.0799400e+05   6.5979004e+01
   4.0800500e+05   6.1218262e+01
   4.0804400e+05   5.7861328e+01
   4.0806900e+05   1.6540527e+02
   4.0808700e+05   7.9284668e+01
   4.0811100e+05   4.1442871e+01
   4.0813400e+05   3.3264160e+01
   4.0815900e+05   6.9824219e+01
   4.0817600e+05   3.8391113e+01
   4.0820400e+05   8.5632324e+01
   4.0821700e+05   4.7912598e+01
   4.0824200e+05   4.9987793e+01
   4.0826200e+05   3.7292480e+01
   4.0829100e+05   3.7597656e+01
   4.0831100e+05   3.8757324e+01
   4.0834900e+05   3.4362793e+01
   4.0838400e+05   3.4301758e+01
   4.0841000e+05   3.9733887e+01
   4.0845700e+05   3.8391113e+01
   4.0847500e+05   5.4565430e+01
   4.0852000e+05   3.7719727e+01
   4.0864300e+05   6.1340332e+01
   4.0865600e+05   5.9448242e+01
   4.0888500e+05   6.7077637e+01
   4.1821100e+05   3.4057617e+01
   4.1831800e+05   5.7373047e+01
   4.1848500e+05   5.0231934e+01
   4.1855800e+05   3.4423828e+01
   4.1871800e+05   4.4616699e+01
   4.1881700e+05   3.7658691e+01
   4.1898200e+05   4.3762207e+01
   4.1908800e+05   4.8706055e+01
   4.1917200e+05   3.3813477e+01
   4.1922200e+05   3.9550781e+01
   4.1931800e+05   3.7231445e+01
   4.1935500e+05   4.8950195e+01
   4.1936900e+05   4.1809082e+01
   4.1940700e+05   5.8593750e+01
   4.1943000e+05   1.0852051e+02
   4.1945000e+05   9.1674805e+01
   4.1947300e+05   6.1340332e+01
   4.1949000e+05   5.3466797e+01
   4.1951200e+05   5.1635742e+01
   4.1954200e+05   7.4890137e+01
   4.1957200e+05   1.1425781e+02
   4.1960900e+05   1.0150146e+02
   4.1962800e+05   1.9061279e+02
   4.1965100e+05   5.7373047e+01
   4.1966100e+05   3.6865234e+01
   4.1967500e+05   8.0932617e+01
   4.1971300e+05   6.3110352e+01
   4.1974300e+05   1.0205078e+02
   4.1976200e+05   4.4433594e+01
   4.1977700e+05   6.5307617e+01
   4.1981500e+05   1.3446045e+02
   4.1984100e+05   1.6021729e+02
   4.1985400e+05   4.5166016e+01
   4.1986500e+05   5.5419922e+01
   4.1989100e+05   8.4472656e+01
   4.1990500e+05   7.8979492e+01
   4.1993800e+05   4.6813965e+01
   4.1996700e+05   5.0720215e+01
   4.1998100e+05   3.3203125e+01
   4.1999800e+05   3.9489746e+01
   4.2001000e+05   4.0771484e+01
   4.2004500e+05   4.8828125e+01
   4.2005900e+05   7.5073242e+01
   4.2008600e+05   6.1401367e+01
   4.2013600e+05   3.3691406e+01
   4.2017300e+05   4.2358398e+01
   4.2018800e+05   4.8034668e+01
   4.2020600e+05   5.9143066e+01
   4.2024500e+05   5.5114746e+01
   4.2027500e+05   3.3142090e+01
   4.2030200e+05   4.6813965e+01
   4.2033900e+05   5.9753418e+01
   4.2037700e+05   3.5949707e+01
   4.2042700e+05   3.4301758e+01
   4.2046900e+05   5.1757813e+01
   4.2049400e+05   4.3395996e+01
   4.2065100e+05   5.5175781e+01
   4.2076800e+05   4.2907715e+01
   4.2091700e+05   6.2500000e+01
   4.2641200e+05   3.5949707e+01
   4.3037300e+05   5.5419922e+01
   4.3045000e+05   5.6579590e+01
   4.3052500e+05   4.6691895e+01
   4.3066300e+05   4.2724609e+01
   4.3069100e+05   5.5603027e+01
   4.3070900e+05   3.4973145e+01
   4.3077400e+05   5.6030273e+01
   4.3078800e+05   3.7109375e+01
   4.3080800e+05   1.3439941e+02
   4.3092800e+05   3.8940430e+01
   4.3095500e+05   4.3518066e+01
   4.3098800e+05   5.0170898e+01
   4.3101900e+05   9.7839355e+01
   4.3103900e+05   3.6743164e+01
   4.3106100e+05   9.7900391e+01
   4.3109400e+05   5.9020996e+01
   4.3110500e+05   4.9621582e+01
   4.3112400e+05   4.6997070e+01
   4.3116000e+05   1.3171387e+02
   4.3118400e+05   7.0861816e+01
   4.3119500e+05   7.3181152e+01
   4.3122300e+05   1.2622070e+02
   4.3124000e+05   4.0405273e+01
   4.3126600e+05   5.2551270e+01
   4.3128300e+05   1.8518066e+02
   4.3131600e+05   6.0607910e+01
   4.3135000e+05   5.8898926e+01
   4.3136100e+05   5.8288574e+01
   4.3141300e+05   8.9721680e+01
   4.3144600e+05   5.9936523e+01
   4.3146500e+05   1.4703369e+02
   4.3149800e+05   6.3903809e+01
   4.3152100e+05   5.8471680e+01
   4.3153600e+05   5.5114746e+01
   4.3157300e+05   6.5063477e+01
   4.3158600e+05   8.8867188e+01
   4.3161700e+05   5.7861328e+01
   4.3163800e+05   3.6621094e+01
   4.3166100e+05   3.6254883e+01
   4.3168200e+05   3.5034180e+01
   4.3169800e+05   4.7119141e+01
   4.3172500e+05   4.5532227e+01
   4.3175900e+05   7.2570801e+01
   4.3178900e+05   4.6875000e+01
   4.3183500e+05   5.7617188e+01
   4.3184600e+05   3.9367676e+01
   4.3187000e+05   7.3181152e+01
   4.3188100e+05   3.3569336e+01
   4.3189900e+05   5.2673340e+01
   4.3192100e+05   3.4118652e+01
   4.3202400e+05   6.4392090e+01
   4.3203500e+05   4.2175293e+01
   4.3210600e+05   3.9794922e+01
   4.3221100e+05   4.7729492e+01
   4.3244800e+05   5.1757813e+01
   4.3296500e+05   3.6193848e+01
   4.3808100e+05   3.3752441e+01
   4.4021300e+05   3.3386230e+01
   4.4159000e+05   3.9306641e+01
   4.4218600e+05   4.3762207e+01
   4.4227200e+05   3.9367676e+01
   4.4382500e+05   4.4738770e+01
   4.4414600e+05   5.5419922e+01
   4.4417500e+05   6.0241699e+01
   4.4422300e+05   5.4870605e+01
   4.4428500e+05   4.7668457e+01
   4.4432700e+05   6.9580078e+01
   4.4441400e+05   4.0100098e+01
   4.4444000e+05   4.3090820e+01
   4.4446100e+05   4.1442871e+01
   4.4449000e+05   5.1635742e+01
   4.4451700e+05   5.4504395e+01
   4.4455100e+05   3.9611816e+01
   4.4456900e+05   8.0627441e+01
   4.4458100e+05   6.5856934e+01
   4.4459400e+05   6.0241699e+01
   4.4461400e+05   4.5837402e+01
   4.4462800e+05   1.4318848e+02
   4.4466000e+05   6.3598633e+01
   4.4468300e+05   1.3989258e+02
   4.4471700e+05   1.0864258e+02
   4.4473300e+05   5.4992676e+01
   4.4476000e+05   5.9387207e+01
   4.4477100e+05   2.4304199e+02
   4.4478700e+05   7.6904297e+01
   4.4480300e+05   5.8288574e+01
   4.4482100e+05   8.9477539e+01
   4.4483300e+05   7.3669434e+01
   4.4485700e+05   4.2785645e+01
   4.4488100e+05   4.3395996e+01
   4.4489200e+05   5.8044434e+01
   4.4491700e+05   7.5195313e+01
   4.4493500e+05   5.1818848e+01
   4.4495800e+05   1.3256836e+02
   4.4497300e+05   6.3598633e+01
   4.4499600e+05   6.3903809e+01
   4.4501300e+05   4.2785645e+01
   4.4504200e+05   1.1877441e+02
   4.4505700e+05   4.3029785e+01
   4.4506800e+05   4.6691895e+01
   4.4509400e+05   3.5827637e+01
   4.4514000e+05   7.0129395e+01
   4.4516400e+05   6.8359375e+01
   4.4518700e+05   4.3457031e+01
   4.4520400e+05   3.9733887e+01
   4.4522800e+05   5.3039551e+01
   4.4527000e+05   5.6396484e+01
   4.4530500e+05   3.9062500e+01
   4.4532100e+05   4.1198730e+01
   4.4533800e+05   3.4301758e+01
   4.4538000e+05   3.7475586e+01
   4.4539100e+05   5.7617188e+01
   4.4541200e+05   3.5888672e+01
   4.4543900e+05   4.5288086e+01
   4.4549000e+05   4.1748047e+01
   4.4553000e+05   3.8085938e+01
   4.4561900e+05   4.7668457e+01
   4.4564700e+05   3.5888672e+01
   4.4577700e+05   3.3264160e+01
   4.4581000e+05   3.5461426e+01
   4.4583800e+05   4.4067383e+01
   4.4591300e+05   3.5644531e+01
   4.4613800e+05   3.6560059e+01
   4.4614800e+05   6.9030762e+01
   4.4669900e+05   3.6437988e+01
   4.5248200e+05   3.5522461e+01
   4.5452700e+05   3.7353516e+01
   4.5475300e+05   4.4128418e+01
   4.5488500e+05   4.2480469e+01
   4.5497500e+05   3.6621094e+01
   4.5507200e+05   3.7597656e+01
   4.5512600e+05   1.1187744e+02
   4.5525900e+05   3.8757324e+01
   4.5528100e+05   3.5461426e+01
   4.5531600e+05   3.8452148e+01
   4.5544100e+05   3.4301758e+01
   4.5548300e+05   3.6254883e+01
   4.5549500e+05   1.0241699e+02
   4.5561900e+05   6.6650391e+01
   4.5566400e+05   5.0659180e+01
   4.5568700e+05   1.0498047e+02
   4.5572400e+05   9.7229004e+01
   4.5574600e+05   8.7097168e+01
   4.5576000e+05   3.5156250e+01
   4.5579200e+05   3.5888672e+01
   4.5582700e+05   5.8776855e+01
   4.5585500e+05   9.2773438e+01
   4.5587300e+05   5.8715820e+01
   4.5590300e+05   7.4462891e+01
   4.5591800e+05   1.1944580e+02
   4.5593500e+05   7.9833984e+01
   4.5596300e+05   3.6987305e+01
   4.5599400e+05   3.6010742e+01
   4.5601000e+05   3.8574219e+01
   4.5603700e+05   7.4890137e+01
   4.5605500e+05   6.7932129e+01
   4.5606800e+05   5.6457520e+01
   4.5609700e+05   5.5236816e+01
   4.5611300e+05   4.4799805e+01
   4.5614800e+05   6.4819336e+01
   4.5616600e+05   6.5551758e+01
   4.5618900e+05   7.1594238e+01
   4.5620600e+05   6.4819336e+01
   4.5621800e+05   4.2968750e+01
   4.5624900e+05   4.2724609e+01
   4.5626400e+05   3.6071777e+01
   4.5629300e+05   6.5368652e+01
   4.5630600e+05   9.0881348e+01
   4.5635500e+05   5.1879883e+01
   4.5637500e+05   4.4555664e+01
   4.5640400e+05   4.2907715e+01
   4.5641600e+05   4.1442871e+01
   4.5642700e+05   5.7373047e+01
   4.5645500e+05   4.6203613e+01
   4.5649900e+05   4.5104980e+01
   4.5651900e+05   4.3762207e+01
   4.5653500e+05   3.4118652e+01
   4.5657200e+05   5.7556152e+01
   4.5660400e+05   4.5715332e+01
   4.5663500e+05   4.3823242e+01
   4.5665300e+05   4.2419434e+01
   4.5673900e+05   3.5583496e+01
   4.5677400e+05   3.5156250e+01
   4.5678800e+05   5.4321289e+01
   4.5681800e+05   3.4484863e+01
   4.5685700e+05   3.3752441e+01
   4.5687500e+05   3.7048340e+01
   4.5693500e+05   4.1931152e+01
   4.5697900e+05   5.5175781e+01
   4.5709600e+05   4.1931152e+01
   4.6495200e+05   4.5227051e+01
   4.6615500e+05   4.8583984e+01
   4.6618200e+05   3.7475586e+01
   4.6630500e+05   5.5114746e+01
   4.6655700e+05   4.7973633e+01
   4.6659000e+05   4.1748047e+01
   4.6667000e+05   1.0174561e+02
   4.6669000e+05   4.6081543e+01
   4.6671400e+05   4.5959473e+01
   4.6678300e+05   4.4006348e+01
   4.6680200e+05   3.6804199e+01
   4.6687000e+05   6.0852051e+01
   4.6692900e+05   1.0638428e+02
   4.6702400e+05   8.6364746e+01
   4.6704000e+05   8.5205078e+01
   4.6706500e+05   4.0771484e+01
   4.6707800e+05   8.5083008e+01
   4.6710200e+05   4.4067383e+01
   4.6712100e+05   3.8330078e+01
   4.6714900e+05   6.5734863e+01
   4.6716700e+05   6.5673828e+01
   4.6718900e+05   1.3165283e+02
   4.6722200e+05   1.2652588e+02
   4.6723600e+05   4.3090820e+01
   4.6724800e+05   6.3598633e+01
   4.6728400e+05   6.6589355e+01
   4.6729800e+05   4.0893555e+01
   4.6733900e+05   1.1010742e+02
   4.6735200e+05   7.8125000e+01
   4.6736900e+05   5.4565430e+01
   4.6739400e+05   5.4443359e+01
   4.6741100e+05   6.8908691e+01
   4.6742700e+05   3.6010742e+01
   4.6745700e+05   4.6997070e+01
   4.6747200e+05   4.3945312e+01
   4.6748300e+05   5.4626465e+01
   4.6753300e+05   7.9711914e+01
   4.6754600e+05   7.4951172e+01
   4.6756700e+05   4.9743652e+01
   4.6757800e+05   5.5114746e+01
   4.6761900e+05   4.5227051e+01
   4.6763200e+05   4.1320801e+01
   4.6766000e+05   4.1198730e+01
   4.6769200e+05   5.3344727e+01
   4.6771300e+05   5.7189941e+01
   4.6774300e+05   3.4301758e+01
   4.6780200e+05   3.7658691e+01
   4.6783000e+05   3.5095215e+01
   4.6784700e+05   3.6010742e+01
   4.6787000e+05   3.3874512e+01
   4.6790100e+05   4.3029785e+01
   4.6794600e+05   4.6630859e+01
   4.6795700e+05   4.9377441e+01
   4.6799200e+05   3.4545898e+01
   4.6801700e+05   4.0466309e+01
   4.6805100e+05   6.7077637e+01
   4.6808400e+05   3.4790039e+01
   4.6819600e+05   4.5043945e+01
   4.6824600e+05   3.4790039e+01
   4.6841400e+05   6.7138672e+01
   4.7584400e+05   3.5339355e+01
   4.7656500e+05   3.7597656e+01
   4.7744500e+05   3.7841797e+01
   4.7837000e+05   3.3996582e+01
   4.7892300e+05   4.4677734e+01
   4.7900800e+05   3.7231445e+01
   4.8196100e+05   4.6630859e+01
   4.8227700e+05   4.5104980e+01
   4.8248100e+05   4.6081543e+01
   4.8249900e+05   3.6926270e+01
   4.8256500e+05   1.1975098e+02
   4.8260400e+05   4.3273926e+01
   4.8262600e+05   3.9611816e+01
   4.8264600e+05   5.4443359e+01
   4.8267100e+05   7.2082520e+01
   4.8270300e+05   4.4921875e+01
   4.8273000e+05   1.0198975e+02
   4.8276000e+05   7.7880859e+01
   4.8277600e+05   6.2377930e+01
   4.8279800e+05   9.9060059e+01
   4.8281100e+05   1.2036133e+02
   4.8284600e+05   9.8205566e+01
   4.8286900e+05   1.5875244e+02
   4.8289800e+05   2.2601318e+02
   4.8291400e+05   6.3110352e+01
   4.8294700e+05   9.0942383e+01
   4.8297900e+05   9.6313477e+01
   4.8300900e+05   5.0231934e+01
   4.8302600e+05   4.3579102e+01
   4.8306000e+05   8.0932617e+01
   4.8308800e+05   6.8847656e+01
   4.8311100e+05   1.7877197e+02
   4.8313200e+05   4.4738770e+01
   4.8314500e+05   8.5266113e+01
   4.8316800e+05   7.8247070e+01
   4.8320200e+05   6.4758301e+01
   4.8322400e+05   4.6447754e+01
   4.8324600e+05   5.2673340e+01
   4.8327500e+05   4.1198730e+01
   4.8329100e+05   4.5654297e+01
   4.8332200e+05   4.1442871e+01
   4.8335200e+05   6.4514160e+01
   4.8338300e+05   3.7170410e+01
   4.8339700e+05   5.1391602e+01
   4.8341700e+05   7.2998047e+01
   4.8343300e+05   4.8034668e+01
   4.8344900e+05   3.4545898e+01
   4.8347000e+05   4.2663574e+01
   4.8350900e+05   4.0527344e+01
   4.8352200e+05   6.3293457e+01
   4.8353800e+05   3.9123535e+01
   4.8357000e+05   7.2021484e+01
   4.8363100e+05   3.5217285e+01
   4.8371000e+05   3.5278320e+01
   4.8373200e+05   4.5837402e+01
   4.8396800e+05   5.4870605e+01
   4.9274100e+05   4.0222168e+01
   4.9354800e+05   3.5888672e+01
   4.9491900e+05   5.3283691e+01
   4.9505800e+05   1.1553955e+02
   4.9508900e+05   5.6457520e+01
   4.9517900e+05   3.4362793e+01
   4.9521400e+05   3.4606934e+01
   4.9524100e+05   3.3813477e+01
   4.9525600e+05   5.1574707e+01
   4.9530000e+05   3.7170410e+01
   4.9533700e+05   5.1513672e+01
   4.9534700e+05   4.4067383e+01
   4.9537400e+05   4.4433594e+01
   4.9539400e+05   4.9621582e+01
   4.9542300e+05   9.9731445e+01
   4.9545500e+05   4.3334961e+01
   4.9548400e+05   7.7392578e+01
   4.9549400e+05   6.6284180e+01
   4.9552100e+05   6.6467285e+01
   4.9555000e+05   9.9365234e+01
   4.9557100e+05   8.4350586e+01
   4.9560600e+05   7.1960449e+01
   4.9563000e+05   7.6293945e+01
   4.9567100e+05   1.0430908e+02
   4.9568800e+05   4.8339844e+01
   4.9570700e+05   5.4138184e+01
   4.9573700e+05   4.1076660e+01
   4.9575100e+05   5.2490234e+01
   4.9577800e+05   6.1584473e+01
   4.9579500e+05   4.7424316e+01
   4.9583800e+05   6.8603516e+01
   4.9585000e+05   2.0660400e+02
   4.9587800e+05   6.6772461e+01
   4.9590100e+05   5.1879883e+01
   4.9592300e+05   3.5461426e+01
   4.9593700e+05   3.3935547e+01
   4.9596300e+05   5.0170898e+01
   4.9597600e+05   5.4626465e+01
   4.9599300e+05   5.5786133e+01
   4.9601500e+05   3.3874512e+01
   4.9602500e+05   5.2124023e+01
   4.9604900e+05   5.8532715e+01
   4.9606800e+05   4.4250488e+01
   4.9610300e+05   3.6132813e+01
   4.9612600e+05   5.5664063e+01
   4.9614300e+05   4.3579102e+01
   4.9620400e+05   3.9855957e+01
   4.9623500e+05   5.2062988e+01
   4.9625500e+05   4.7180176e+01
   4.9632500e+05   3.6743164e+01
   4.9635700e+05   3.6010742e+01
   4.9639900e+05   5.7556152e+01
   4.9641000e+05   4.4189453e+01
   4.9649200e+05   3.9001465e+01
   4.9664300e+05   6.7993164e+01
   4.9676300e+05   3.4545898e+01
   5.0752400e+05   5.4687500e+01
   5.0760200e+05   3.6071777e+01
   5.0766900e+05   1.0559082e+02
   5.0769700e+05   3.8208008e+01
   5.0779500e+05   3.8269043e+01
   5.0788500e+05   4.5288086e+01
   5.0791000e+05   3.7963867e+01
   5.0794000e+05   1.2329102e+02
   5.0795200e+05   5.3222656e+01
   5.0798600e+05   5.4321289e+01
   5.0801200e+05   9.2529297e+01
   5.0802900e+05   4.6630859e+01
   5.0803900e+05   3.8208008e+01
   5.0806600e+05   4.2663574e+01
   5.0809300e+05   7.0312500e+01
   5.0812800e+05   4.7546387e+01
   5.0815400e+05   8.8989258e+01
   5.0816800e+05   4.6569824e+01
   5.0819600e+05   8.5388184e+01
   5.0820700e+05   7.5378418e+01
   5.0823100e+05   6.0791016e+01
   5.0825300e+05   7.3425293e+01
   5.0826400e+05   4.4738770e+01
   5.0829000e+05   9.4482422e+01
   5.0831100e+05   6.9396973e+01
   5.0832600e+05   5.4870605e+01
   5.0834400e+05   3.4973145e+01
   5.0836900e+05   8.4838867e+01
   5.0839400e+05   8.1665039e+01
   5.0840600e+05   5.1696777e+01
   5.0843800e+05   5.5419922e+01
   5.0844900e+05   4.4677734e+01
   5.0847300e+05   6.3720703e+01
   5.0849800e+05   5.8471680e+01
   5.0851900e+05   5.3955078e+01
   5.0853200e+05   4.2114258e+01
   5.0855400e+05   4.8645020e+01
   5.0858700e+05   1.1267090e+02
   5.0860700e+05   4.4677734e+01
   5.0864000e+05   4.2358398e+01
   5.0867800e+05   4.8156738e+01
   5.0869900e+05   3.6560059e+01
   5.0873600e+05   3.5156250e+01
   5.0875100e+05   7.4401855e+01
   5.0878600e+05   3.8085938e+01
   5.0882000e+05   3.4545898e+01
   5.0884300e+05   3.4423828e+01
   5.0886400e+05   3.4057617e+01
   5.0890300e+05   3.5766602e+01
   5.0893300e+05   6.3720703e+01
   5.0909400e+05   3.8330078e+01
   5.0912700e+05   6.1645508e+01
   5.0917200e+05   5.0231934e+01
   5.0939600e+05   6.3537598e+01
   5.1947400e+05   4.0954590e+01
   5.1977500e+05   3.6437988e+01
   5.1992600e+05   3.7536621e+01
   5.2012900e+05   4.8400879e+01
   5.2016200e+05   4.8645020e+01
   5.2019800e+05   9.3505859e+01
   5.2031100e+05   3.3630371e+01
   5.2035200e+05   6.2805176e+01
   5.2036400e+05   7.5988770e+01
   5.2039500e+05   9.6435547e+01
   5.2042000e+05   4.9011230e+01
   5.2043600e+05   4.3762207e+01
   5.2046400e+05   6.2805176e+01
   5.2047800e+05   6.6833496e+01
   5.2051000e+05   5.4260254e+01
   5.2052500e+05   8.9904785e+01
   5.2056200e+05   5.4565430e+01
   5.2058700e+05   5.2978516e+01
   5.2060100e+05   6.7382813e+01
   5.2062200e+05   3.9245605e+01
   5.2063800e+05   4.8095703e+01
   5.2066200e+05   6.2500000e+01
   5.2067800e+05   5.8471680e+01
   5.2070100e+05   5.3100586e+01
   5.2072300e+05   6.0180664e+01
   5.2074200e+05   5.6640625e+01
   5.2079900e+05   7.7392578e+01
   5.2081600e+05   4.1259766e+01
   5.2082700e+05   5.0415039e+01
   5.2085400e+05   7.0068359e+01
   5.2088200e+05   3.9123535e+01
   5.2091100e+05   4.8034668e+01
   5.2092700e+05   3.7658691e+01
   5.2096100e+05   5.5664063e+01
   5.2097400e+05   3.8818359e+01
   5.2099800e+05   5.7678223e+01
   5.2101000e+05   3.6132813e+01
   5.2102400e+05   3.3142090e+01
   5.2104400e+05   4.9072266e+01
   5.2106600e+05   6.3659668e+01
   5.2113400e+05   4.4433594e+01
   5.2117000e+05   8.6608887e+01
   5.2119500e+05   4.8339844e+01
   5.2121200e+05   4.0466309e+01
   5.2123300e+05   4.0832520e+01
   5.2126400e+05   5.4016113e+01
   5.2132600e+05   4.2907715e+01
   5.2137000e+05   6.1279297e+01
   5.2140100e+05   3.3142090e+01
   5.2141700e+05   3.3813477e+01
   5.2147700e+05   3.9733887e+01
   5.2156100e+05   4.1748047e+01
   5.2163500e+05   3.9672852e+01
   5.2185000e+05   6.9152832e+01
   5.3279800e+05   3.4545898e+01
   5.3296200e+05   5.4199219e+01
   5.3304700e+05   3.3996582e+01
   5.3310400e+05   3.7719727e+01
   5.3315100e+05   1.1236572e+02
   5.3347700e+05   4.2602539e+01
   5.3350700e+05   8.7219238e+01
   5.3353200e+05   5.3344727e+01
   5.3377700e+05   4.7729492e+01
   5.3380300e+05   9.4116211e+01
   5.3383700e+05   3.6560059e+01
   5.3385700e+05   3.7719727e+01
   5.3389100e+05   4.3945313e+01
   5.3391000e+05   1.0125732e+02
   5.3393800e+05   5.1391602e+01
   5.3396800e+05   7.6477051e+01
   5.3398900e+05   8.2702637e+01
   5.3401700e+05   8.2580566e+01
   5.3404300e+05   7.6171875e+01
   5.3405700e+05   6.4025879e+01
   5.3407700e+05   1.1334229e+02
   5.3410900e+05   5.6152344e+01
   5.3412100e+05   1.0253906e+02
   5.3415400e+05   8.2458496e+01
   5.3420200e+05   4.5898438e+01
   5.3421600e+05   1.0498047e+02
   5.3425000e+05   5.7373047e+01
   5.3428600e+05   6.1828613e+01
   5.3429600e+05   3.9916992e+01
   5.3431100e+05   4.6875000e+01
   5.3434300e+05   5.1818848e+01
   5.3435300e+05   7.3303223e+01
   5.3437400e+05   5.0048828e+01
   5.3439000e+05   3.7170410e+01
   5.3442200e+05   5.1086426e+01
   5.3444800e+05   6.1096191e+01
   5.3445800e+05   4.1503906e+01
   5.3449400e+05   8.2336426e+01
   5.3451100e+05   3.8085938e+01
   5.3454400e+05   5.4504395e+01
   5.3456800e+05   5.6152344e+01
   5.3459400e+05   6.9091797e+01
   5.3462100e+05   3.6682129e+01
   5.3463300e+05   5.2246094e+01
   5.3466000e+05   3.6987305e+01
   5.3468300e+05   4.6997070e+01
   5.3471500e+05   3.7902832e+01
   5.3472900e+05   4.7424316e+01
   5.3478100e+05   3.3386230e+01
   5.3482700e+05   5.2001953e+01
   5.3484800e+05   3.6926270e+01
   5.3488400e+05   3.9306641e+01
   5.3502300e+05   4.0710449e+01
   5.3505300e+05   4.9438477e+01
   5.3518800e+05   3.5461426e+01
   5.4777600e+05   3.3935547e+01
   5.5213800e+05   3.7597656e+01
   5.5553800e+05   4.4921875e+01
   5.5620300e+05   3.5217285e+01
   5.5635200e+05   4.8889160e+01
   5.5636300e+05   3.6254883e+01
   5.5641500e+05   3.6743164e+01
   5.5644500e+05   1.3458252e+02
   5.5646300e+05   4.1625977e+01
   5.5650300e+05   4.9987793e+01
   5.5652100e+05   5.7922363e+01
   5.5653700e+05   3.4118652e+01
   5.5655600e+05   3.4240723e+01
   5.5656900e+05   1.1981201e+02
   5.5659600e+05   8.9111328e+01
   5.5662100e+05   8.0505371e+01
   5.5663600e+05   7.9162598e+01
   5.5665700e+05   4.1381836e+01
   5.5666900e+05   1.2329102e+02
   5.5670300e+05   9.8388672e+01
   5.5672900e+05   5.8898926e+01
   5.5676400e+05   1.7803955e+02
   5.5679100e+05   1.0595703e+02
   5.5680600e+05   3.9367676e+01
   5.5681900e+05   6.6894531e+01
   5.5684000e+05   3.4484863e+01
   5.5686000e+05   5.1696777e+01
   5.5688600e+05   9.4848633e+01
   5.5691300e+05   8.8562012e+01
   5.5693000e+05   6.2316895e+01
   5.5696000e+05   3.3325195e+01
   5.5698200e+05   4.7607422e+01
   5.5699900e+05   1.6003418e+02
   5.5702500e+05   1.0076904e+02
   5.5703500e+05   8.2641602e+01
   5.5706100e+05   4.0283203e+01
   5.5707900e+05   4.4555664e+01
   5.5709800e+05   4.4555664e+01
   5.5712700e+05   6.6101074e+01
   5.5714300e+05   4.2541504e+01
   5.5717200e+05   5.4138184e+01
   5.5718800e+05   5.6823730e+01
   5.5722100e+05   3.9367676e+01
   5.5726200e+05   7.3059082e+01
   5.5728200e+05   3.5400391e+01
   5.5735200e+05   4.0222168e+01
   5.5740700e+05   3.9428711e+01
   5.5742700e+05   5.5114746e+01
   5.5750600e+05   3.6499023e+01
   5.5764200e+05   4.8950195e+01
   5.5773500e+05   3.7658691e+01
   5.5780100e+05   3.3508301e+01
   5.7504900e+05   3.3752441e+01
   5.7841200e+05   5.0109863e+01
   5.8343300e+05   3.8085938e+01
   5.8464900e+05   3.4545898e+01
   5.8588000e+05   3.3203125e+01
   5.8709900e+05   3.3569336e+01
   5.8858000e+05   3.4179688e+01
   5.8993600e+05   3.7414551e+01
   5.9131500e+05   4.2602539e+01
   5.9262000e+05   3.6926270e+01
   5.9439700e+05   4.2785645e+01
   5.9563500e+05   3.3325195e+01
   5.9630500e+05   3.5400391e+01
   5.9785400e+05   3.6499023e+01
   5.9960600e+05   4.2602539e+01
   6.0144400e+05   3.6865234e+01
   6.0350700e+05   3.5583496e+01
   6.0539600e+05   3.5400391e+01
   6.0759200e+05   3.9733887e+01
   6.0990300e+05   3.4118652e+01
   6.1305700e+05   4.2541504e+01
   6.1487100e+05   3.7658691e+01
   6.1786500e+05   3.7658691e+01
   6.2182500e+05   4.4128418e+01
   6.2571000e+05   4.5104980e+01
   6.3460400e+05   4.4494629e+01
   8.3099600e+05   3.3203125e+01
   8.3820500e+05   3.4851074e+01
   8.5972800e+05   3.4729004e+01
   1.0308640e+06   4.1564941e+01
   1.0309000e+06   6.8176270e+01
   1.0309720e+06   4.2541504e+01
   1.0310030e+06   3.9550781e+01
   1.0310140e+06   5.3649902e+01
   1.0310380e+06   1.0461426e+02
   1.0310560e+06   1.9641113e+02
   1.0310870e+06   2.1954346e+02
   1.0311060e+06   1.7089844e+02
   1.0311320e+06   7.4035645e+01
   1.0311460e+06   1.0217285e+02
   1.0311630e+06   4.1870117e+01
   1.0311730e+06   1.1865234e+02
   1.0312040e+06   6.8725586e+01
   1.0312190e+06   4.6264648e+01
   1.0312370e+06   6.6589355e+01
   1.0312590e+06   4.6630859e+01
   1.0312770e+06   3.7475586e+01
   1.0312890e+06   6.3293457e+01
   1.0313110e+06   5.2917480e+01
   1.0313290e+06   4.6997070e+01
   1.0313490e+06   5.1452637e+01
   1.0313640e+06   4.3945312e+01
   1.0313830e+06   3.4118652e+01
   1.0314140e+06   3.5827637e+01
   1.0314340e+06   3.3569336e+01
   1.0314680e+06   4.3640137e+01
   1.0315020e+06   3.5583496e+01
   1.0315180e+06   4.2602539e+01
   1.0315620e+06   3.9062500e+01
   1.0316510e+06   3.8696289e+01
   1.0317060e+06   4.3701172e+01
   1.0318570e+06   3.3508301e+01
   1.0322110e+06   3.4362793e+01
   1.0322280e+06   4.1809082e+01
   1.0323610e+06   3.4484863e+01
   1.0324440e+06   5.9448242e+01
   1.0325510e+06   4.6813965e+01
   1.0325840e+06   3.5949707e+01
   1.0326710e+06   6.4758301e+01
   1.0326900e+06   5.6579590e+01
   1.0327040e+06   5.6030273e+01
   1.0328150e+06   3.3874512e+01
   1.0328490e+06   4.1992188e+01
   1.0328690e+06   3.6132813e+01
   1.0328830e+06   3.4667969e+01
   1.0329280e+06   3.9001465e+01
   1.0329390e+06   4.7912598e+01
   1.0329700e+06   3.5156250e+01
   1.0329880e+06   3.4240723e+01
   1.0330600e+06   3.3264160e+01
   1.0330890e+06   5.9814453e+01
   1.0331050e+06   3.9550781e+01
   1.0331800e+06   3.7048340e+01
   1.0332030e+06   4.6569824e+01
   1.0332940e+06   3.4790039e+01
   1.0333390e+06   5.2429199e+01
   1.0333500e+06   3.9794922e+01
   1.0334260e+06   3.4545898e+01
   1.0334570e+06   3.9733887e+01
   1.0336620e+06   5.9326172e+01
   1.0337090e+06   3.6987305e+01
   1.0447780e+06   6.1218262e+01
   1.0462710e+06   6.1218262e+01
   1.0471510e+06   4.9255371e+01
   1.0478740e+06   5.2612305e+01
   1.0486520e+06   5.7373047e+01
   1.0492540e+06   5.5541992e+01
   1.0684920e+06   3.4301758e+01
   1.0931050e+06   3.4362793e+01
   1.0941120e+06   3.4362793e+01
   1.1087980e+06   3.6010742e+01
   1.1100160e+06   3.4057617e+01
   1.1199260e+06   3.7353516e+01
   1.1378650e+06   3.3386230e+01
   1.1516040e+06   3.3325195e+01
   1.2037520e+06   3.4362793e+01
   1.2245980e+06   3.3508301e+01
   1.2254240e+06   3.3142090e+01
   1.2387860e+06   4.0222168e+01
   1.2388410e+06   6.2133789e+01
   1.2389090e+06   3.3447266e+01
   1.2389220e+06   7.8979492e+01
   1.2389510e+06   7.4401855e+01
   1.2389610e+06   7.6660156e+01
   1.2389750e+06   1.3031006e+02
   1.2389860e+06   3.0084229e+02
   1.2390090e+06   1.0839844e+02
   1.2390200e+06   1.7132568e+02
   1.2390630e+06   1.9970703e+02
   1.2391060e+06   5.9692383e+01
   1.2391310e+06   4.7058105e+01
   1.2391440e+06   5.3466797e+01
   1.2391640e+06   5.1269531e+01
   1.2391840e+06   4.6081543e+01
   1.2392060e+06   5.6701660e+01
   1.2392160e+06   5.0292969e+01
   1.2392330e+06   3.7902832e+01
   1.2392460e+06   3.5522461e+01
   1.2392620e+06   3.5522461e+01
   1.2392840e+06   3.8024902e+01
   1.2393150e+06   3.5644531e+01
   1.2393270e+06   3.8208008e+01
   1.2393610e+06   3.6987305e+01
   1.2394210e+06   3.8879395e+01
   1.2395050e+06   5.2246094e+01
   1.2399120e+06   4.2175293e+01
   1.2399920e+06   3.4179688e+01
   1.2400210e+06   3.5339355e+01
   1.2400320e+06   3.3508301e+01
   1.2401170e+06   4.8461914e+01
   1.2401590e+06   3.3752441e+01
   1.2401990e+06   4.1625977e+01
   1.2402960e+06   4.7485352e+01
   1.2404340e+06   4.0222168e+01
   1.2404910e+06   7.7575684e+01
   1.2405030e+06   3.8635254e+01
   1.2405290e+06   3.5400391e+01
   1.2405770e+06   4.7607422e+01
   1.2406050e+06   3.6315918e+01
   1.2406220e+06   4.1870117e+01
   1.2406520e+06   4.9011230e+01
   1.2406800e+06   6.2927246e+01
   1.2407030e+06   7.8125000e+01
   1.2407430e+06   3.7719727e+01
   1.2407660e+06   4.5837402e+01
   1.2407800e+06   3.9489746e+01
   1.2407970e+06   3.3569336e+01
   1.2408220e+06   3.5217285e+01
   1.2408450e+06   4.0527344e+01
   1.2408650e+06   3.6560059e+01
   1.2408930e+06   4.3151855e+01
   1.2409180e+06   3.4118652e+01
   1.2409640e+06   3.3996582e+01
   1.2409800e+06   6.4392090e+01
   1.2410490e+06   4.8034668e+01
   1.2410800e+06   5.1391602e+01
   1.2410990e+06   3.9978027e+01
   1.2411900e+06   3.3325195e+01
   1.2412230e+06   3.8635254e+01
   1.2412540e+06   3.7597656e+01
   1.2412960e+06   4.0283203e+01
   1.2413490e+06   3.4667969e+01
   1.2413880e+06   5.9020996e+01
   1.2414030e+06   3.9367676e+01
   1.2416070e+06   3.4179688e+01
   1.2418700e+06   3.5583496e+01
   1.2517480e+06   7.0068359e+01
   1.2534210e+06   5.6396484e+01
   1.2568340e+06   5.6396484e+01
   1.2578220e+06   3.4484863e+01
   1.2581390e+06   5.7128906e+01
   1.2602150e+06   5.3894043e+01
   1.2622640e+06   5.3771973e+01
   1.2863830e+06   4.3945313e+01
   1.2983190e+06   3.3874512e+01
   1.2989180e+06   3.4667969e+01
   1.3063820e+06   3.4851074e+01
   1.3275110e+06   3.5888672e+01
   1.3317290e+06   3.4484863e+01
   1.3385510e+06   3.7353516e+01
   1.3699700e+06   3.3325195e+01
   1.3719310e+06   3.4973145e+01
   1.3958990e+06   3.4118652e+01
   1.4086020e+06   3.5766602e+01
   1.4537640e+06   3.3142090e+01
   1.4628860e+06   3.4240723e+01
   1.4630530e+06   4.5288086e+01
   1.4630660e+06   6.2316895e+01
   1.4631220e+06   6.9763184e+01
   1.4631560e+06   1.2188721e+02
   1.4631720e+06   7.2875977e+01
   1.4631920e+06   2.4639893e+02
   1.4632100e+06   8.0139160e+01
   1.4632390e+06   1.1425781e+02
   1.4632620e+06   1.0083008e+02
   1.4633030e+06   9.5825195e+01
   1.4633180e+06   6.9702148e+01
   1.4633380e+06   6.4392090e+01
   1.4633480e+06   4.6386719e+01
   1.4633660e+06   4.1015625e+01
   1.4633830e+06   3.9245605e+01
   1.4634000e+06   6.3476563e+01
   1.4634300e+06   4.8645020e+01
   1.4634410e+06   5.7800293e+01
   1.4634590e+06   5.9082031e+01
   1.4634820e+06   5.6762695e+01
   1.4634970e+06   4.0161133e+01
   1.4635170e+06   4.9926758e+01
   1.4635330e+06   4.1809082e+01
   1.4635750e+06   3.7597656e+01
   1.4638910e+06   3.7170410e+01
   1.4641140e+06   4.4677734e+01
   1.4642330e+06   3.5705566e+01
   1.4642820e+06   3.6499023e+01
   1.4643370e+06   3.5156250e+01
   1.4643920e+06   5.2856445e+01
   1.4644770e+06   3.4606934e+01
   1.4645190e+06   5.1391602e+01
   1.4646540e+06   4.7363281e+01
   1.4646660e+06   3.4484863e+01
   1.4647220e+06   3.6437988e+01
   1.4647500e+06   3.5888672e+01
   1.4648150e+06   5.8471680e+01
   1.4648420e+06   3.7292480e+01
   1.4648730e+06   3.4362793e+01
   1.4649100e+06   3.4484863e+01
   1.4649640e+06   3.4912109e+01
   1.4649930e+06   8.4960938e+01
   1.4650490e+06   3.4667969e+01
   1.4650930e+06   3.4667969e+01
   1.4651030e+06   3.3630371e+01
   1.4651260e+06   3.5888672e+01
   1.4651920e+06   5.3710938e+01
   1.4652160e+06   3.4301758e+01
   1.4652480e+06   3.3874512e+01
   1.4653450e+06   4.0344238e+01
   1.4654040e+06   6.2438965e+01
   1.4654960e+06   8.0444336e+01
   1.4656940e+06   5.4077148e+01
   1.4658380e+06   3.7170410e+01
   1.4662790e+06   3.9733887e+01
   1.4663560e+06   3.3142090e+01
   1.4759860e+06   5.7006836e+01
   1.4771420e+06   5.9753418e+01
   1.4777770e+06   6.7138672e+01
   1.4779780e+06   3.7963867e+01
   1.4785060e+06   5.7373047e+01
   1.4790170e+06   5.5969238e+01
   1.4794180e+06   4.8156738e+01
   1.4797290e+06   4.5593262e+01
   1.4798230e+06   5.9692383e+01
   1.4800360e+06   4.5959473e+01
   1.4800690e+06   3.4912109e+01
   1.4803840e+06   4.2724609e+01
   1.4807010e+06   4.1870117e+01
   1.4810430e+06   4.2419434e+01
   1.4814500e+06   4.4372559e+01
   1.4822110e+06   4.1320801e+01
   1.4891280e+06   5.3649902e+01
   1.4918320e+06   3.3142090e+01
   1.5146170e+06   3.4362793e+01
   1.5196580e+06   3.3874512e+01
   1.5203260e+06   4.4738770e+01
   1.5532290e+06   3.5156250e+01
   1.5988190e+06   3.4912109e+01
   1.5997320e+06   3.4790039e+01
   1.6097010e+06   3.6315918e+01
   1.6164390e+06   3.5766602e+01
   1.6224700e+06   3.6682129e+01
   1.6305770e+06   3.3142090e+01
   1.6313570e+06   3.4606934e+01
   1.6352550e+06   4.1015625e+01
   1.6352790e+06   6.9641113e+01
   1.6353600e+06   5.2856445e+01
   1.6353940e+06   1.1303711e+02
   1.6354080e+06   9.9426270e+01
   1.6354270e+06   1.9531250e+02
   1.6354610e+06   1.4379883e+02
   1.6354960e+06   1.7089844e+02
   1.6355080e+06   1.0430908e+02
   1.6355350e+06   7.9284668e+01
   1.6355480e+06   3.5217285e+01
   1.6355580e+06   4.2602539e+01
   1.6355790e+06   6.9213867e+01
   1.6355930e+06   6.6955566e+01
   1.6356050e+06   4.5410156e+01
   1.6356250e+06   6.5856934e+01
   1.6356420e+06   5.9326172e+01
   1.6356550e+06   4.8522949e+01
   1.6356940e+06   3.8024902e+01
   1.6357290e+06   4.5166016e+01
   1.6357390e+06   3.8330078e+01
   1.6357580e+06   3.4423828e+01
   1.6357810e+06   5.2795410e+01
   1.6358120e+06   3.4606934e+01
   1.6358580e+06   3.9062500e+01
   1.6358780e+06   3.9916992e+01
   1.6359510e+06   3.7658691e+01
   1.6359890e+06   3.5949707e+01
   1.6361370e+06   3.4362793e+01
   1.6362950e+06   3.5095215e+01
   1.6363530e+06   3.6926270e+01
   1.6364420e+06   4.5715332e+01
   1.6364520e+06   4.4677734e+01
   1.6365200e+06   3.7536621e+01
   1.6365540e+06   4.2663574e+01
   1.6366330e+06   5.0354004e+01
   1.6366530e+06   5.0415039e+01
   1.6367370e+06   4.0954590e+01
   1.6367770e+06   3.7109375e+01
   1.6368060e+06   4.8889160e+01
   1.6368260e+06   3.7658691e+01
   1.6368870e+06   3.3996582e+01
   1.6369110e+06   4.0100098e+01
   1.6369890e+06   6.5490723e+01
   1.6370150e+06   3.8269043e+01
   1.6370340e+06   7.5561523e+01
   1.6370580e+06   4.2175293e+01
   1.6370880e+06   4.6203613e+01
   1.6371040e+06   3.5888672e+01
   1.6371640e+06   4.3823242e+01
   1.6371800e+06   5.3161621e+01
   1.6372080e+06   5.9875488e+01
   1.6372770e+06   4.4494629e+01
   1.6372870e+06   3.4057617e+01
   1.6373170e+06   3.8146973e+01
   1.6373870e+06   5.1086426e+01
   1.6374030e+06   3.3325195e+01
   1.6374210e+06   3.3752441e+01
   1.6374610e+06   3.4484863e+01
   1.6375740e+06   3.3447266e+01
   1.6376100e+06   7.9833984e+01
   1.6376340e+06   3.9123535e+01
   1.6377280e+06   3.3203125e+01
   1.6377580e+06   3.5705566e+01
   1.6378030e+06   3.4606934e+01
   1.6379180e+06   6.1035156e+01
   1.6393660e+06   3.5034180e+01
   1.6472380e+06   3.5766602e+01
   1.6488410e+06   5.6518555e+01
   1.6498970e+06   5.1696777e+01
   1.6504010e+06   5.5664063e+01
   1.6508910e+06   6.3171387e+01
   1.6512560e+06   5.3955078e+01
   1.6514890e+06   3.5644531e+01
   1.6516060e+06   4.0649414e+01
   1.6517000e+06   5.9387207e+01
   1.6519770e+06   4.6508789e+01
   1.6523880e+06   4.2602539e+01
   1.6528520e+06   4.4372559e+01
   1.6589190e+06   4.7424316e+01
   1.6599900e+06   5.4992676e+01
   1.6609820e+06   3.4057617e+01
   1.6635190e+06   4.4616699e+01
   1.6662250e+06   5.0598145e+01
   1.6787300e+06   3.3142090e+01
   1.7039860e+06   3.6743164e+01
   1.7209790e+06   3.3996582e+01
   1.7442780e+06   3.4240723e+01
   1.7531100e+06   3.3264160e+01
   1.7643480e+06   3.3203125e+01
   1.7978350e+06   3.3630371e+01
   1.8387000e+06   3.3325195e+01
   1.8388060e+06   6.0913086e+01
   1.8388900e+06   3.6621094e+01
   1.8389460e+06   7.6416016e+01
   1.8389670e+06   7.8796387e+01
   1.8389790e+06   1.2554932e+02
   1.8390070e+06   1.3891602e+02
   1.8390240e+06   8.5815430e+01
   1.8390410e+06   6.0913086e+01
   1.8390700e+06   8.9416504e+01
   1.8390860e+06   1.5191650e+02
   1.8391310e+06   1.8865967e+02
   1.8391410e+06   4.3029785e+01
   1.8391680e+06   6.1096191e+01
   1.8391820e+06   5.5480957e+01
   1.8392090e+06   4.6081543e+01
   1.8392220e+06   3.6682129e+01
   1.8392460e+06   5.2795410e+01
   1.8392640e+06   6.9946289e+01
   1.8392850e+06   4.4555664e+01
   1.8393140e+06   3.6621094e+01
   1.8393240e+06   4.0527344e+01
   1.8393420e+06   4.2907715e+01
   1.8393660e+06   3.7475586e+01
   1.8393960e+06   4.0405273e+01
   1.8394320e+06   5.5541992e+01
   1.8394470e+06   4.4128418e+01
   1.8394810e+06   3.6254883e+01
   1.8394990e+06   4.5715332e+01
   1.8395320e+06   3.6315918e+01
   1.8397920e+06   3.3264160e+01
   1.8402030e+06   4.5104980e+01
   1.8402930e+06   3.5156250e+01
   1.8403830e+06   6.6284180e+01
   1.8404660e+06   4.2297363e+01
   1.8405310e+06   3.5522461e+01
   1.8405830e+06   7.4218750e+01
   1.8406550e+06   3.8696289e+01
   1.8407270e+06   3.3203125e+01
   1.8408000e+06   3.6132813e+01
   1.8408480e+06   7.3547363e+01
   1.8408970e+06   3.7109375e+01
   1.8409700e+06   3.4606934e+01
   1.8410040e+06   3.3874512e+01
   1.8410560e+06   3.7902832e+01
   1.8410830e+06   7.2204590e+01
   1.8411720e+06   3.5644531e+01
   1.8412070e+06   3.6437988e+01
   1.8413040e+06   3.3569336e+01
   1.8413510e+06   7.2937012e+01
   1.8413950e+06   3.3752441e+01
   1.8415200e+06   3.6437988e+01
   1.8416230e+06   3.4667969e+01
   1.8448130e+06   3.3203125e+01
   1.8514130e+06   5.6152344e+01
   1.8520980e+06   5.7617188e+01
   1.8521230e+06   5.5969238e+01
   1.8526380e+06   4.9438477e+01
   1.8528730e+06   6.3171387e+01
   1.8530090e+06   4.8828125e+01
   1.8531190e+06   4.1625977e+01
   1.8531790e+06   5.1330566e+01
   1.8531890e+06   7.3364258e+01
   1.8532160e+06   1.7114258e+02
   1.8532270e+06   4.2968750e+01
   1.8532530e+06   6.5673828e+01
   1.8532670e+06   7.0861816e+01
   1.8532900e+06   7.4523926e+01
   1.8533120e+06   1.9842529e+02
   1.8533250e+06   1.1260986e+02
   1.8533480e+06   1.0516357e+02
   1.8533720e+06   6.6223145e+01
   1.8533850e+06   1.0839844e+02
   1.8534120e+06   1.9714355e+02
   1.8534310e+06   6.6284180e+01
   1.8534460e+06   3.7414551e+01
   1.8534640e+06   7.4279785e+01
   1.8534930e+06   9.2224121e+01
   1.8535110e+06   5.1635742e+01
   1.8535300e+06   6.3171387e+01
   1.8535530e+06   8.4045410e+01
   1.8535870e+06   4.8889160e+01
   1.8536030e+06   3.3508301e+01
   1.8536280e+06   4.6386719e+01
   1.8536600e+06   5.2307129e+01
   1.8536720e+06   3.9489746e+01
   1.8537010e+06   3.9062500e+01
   1.8537130e+06   4.1198730e+01
   1.8537440e+06   4.5959473e+01
   1.8537690e+06   3.9062500e+01
   1.8537950e+06   4.9255371e+01
   1.8538160e+06   3.8635254e+01
   1.8538800e+06   4.6142578e+01
   1.8539580e+06   3.9672852e+01
   1.8539940e+06   4.9377441e+01
   1.8540200e+06   3.8696289e+01
   1.8540400e+06   3.7719727e+01
   1.8540570e+06   4.4250488e+01
   1.8542000e+06   4.0649414e+01
   1.8542290e+06   3.5827637e+01
   1.8543360e+06   3.4362793e+01
   1.8543950e+06   3.9306641e+01
   1.8544630e+06   3.3935547e+01
   1.8545020e+06   4.6569824e+01
   1.8546540e+06   3.4118652e+01
   1.8546670e+06   4.2663574e+01
   1.8546980e+06   5.9936523e+01
   1.8547690e+06   4.0649414e+01
   1.8548850e+06   3.3142090e+01
   1.8550160e+06   5.9265137e+01
   1.8551400e+06   3.3569336e+01
   1.8551650e+06   3.7597656e+01
   1.8650760e+06   5.6152344e+01
   1.8661310e+06   5.8349609e+01
   1.8662450e+06   3.7963867e+01
   1.8663170e+06   3.4973145e+01
   1.8663720e+06   4.6569824e+01
   1.8664010e+06   4.1748047e+01
   1.8664390e+06   4.7424316e+01
   1.8664640e+06   5.1025391e+01
   1.8664850e+06   1.5551758e+02
   1.8665010e+06   3.7048340e+01
   1.8665320e+06   4.1076660e+01
   1.8665660e+06   4.3884277e+01
   1.8665780e+06   8.3312988e+01
   1.8666120e+06   1.0095215e+02
   1.8666390e+06   1.0882568e+02
   1.8666590e+06   8.0993652e+01
   1.8666760e+06   1.0931396e+02
   1.8667120e+06   6.1645508e+01
   1.8667340e+06   1.0119629e+02
   1.8667540e+06   1.8487549e+02
   1.8667750e+06   1.0437012e+02
   1.8668060e+06   7.0556641e+01
   1.8668240e+06   5.9143066e+01
   1.8668420e+06   3.4667969e+01
   1.8668550e+06   6.5673828e+01
   1.8668860e+06   1.6333008e+02
   1.8669160e+06   7.4218750e+01
   1.8669310e+06   4.7607422e+01
   1.8669630e+06   5.9265137e+01
   1.8669730e+06   8.4777832e+01
   1.8670060e+06   1.4898682e+02
   1.8670290e+06   5.6701660e+01
   1.8670580e+06   6.1279297e+01
   1.8670840e+06   4.9011230e+01
   1.8670970e+06   5.9326172e+01
   1.8671180e+06   6.0119629e+01
   1.8671310e+06   5.3527832e+01
   1.8671510e+06   4.5410156e+01
   1.8671920e+06   3.3874512e+01
   1.8672210e+06   5.5419922e+01
   1.8672420e+06   4.2541504e+01
   1.8672650e+06   4.1076660e+01
   1.8672970e+06   3.3386230e+01
   1.8673230e+06   3.3569336e+01
   1.8673450e+06   6.0974121e+01
   1.8673740e+06   3.3142090e+01
   1.8674610e+06   4.1809082e+01
   1.8674710e+06   3.4606934e+01
   1.8674890e+06   3.6437988e+01
   1.8675060e+06   3.9794922e+01
   1.8676310e+06   3.5949707e+01
   1.8676680e+06   5.1025391e+01
   1.8677040e+06   3.3996582e+01
   1.8677310e+06   3.7841797e+01
   1.8677550e+06   4.9499512e+01
   1.8677880e+06   3.7780762e+01
   1.8678260e+06   3.7719727e+01
   1.8678720e+06   3.7231445e+01
   1.8679510e+06   3.4362793e+01
   1.8680600e+06   5.2429199e+01
   1.8683140e+06   6.1035156e+01
   1.8686670e+06   6.0180664e+01
   1.8777850e+06   5.0842285e+01
   1.8781860e+06   5.7434082e+01
   1.8783400e+06   5.2185059e+01
   1.8788300e+06   4.9682617e+01
   1.8790650e+06   4.8828125e+01
   1.8792410e+06   6.1096191e+01
   1.8792700e+06   4.1870117e+01
   1.8793130e+06   4.6630859e+01
   1.8793290e+06   1.0351563e+02
   1.8794970e+06   4.9926758e+01
   1.8795300e+06   3.8635254e+01
   1.8795480e+06   4.4555664e+01
   1.8795580e+06   3.5461426e+01
   1.8795940e+06   1.2316895e+02
   1.8796080e+06   8.2092285e+01
   1.8796420e+06   5.7128906e+01
   1.8796690e+06   6.6528320e+01
   1.8796970e+06   4.0771484e+01
   1.8797210e+06   1.2030029e+02
   1.8797390e+06   1.4099121e+02
   1.8797650e+06   2.0812988e+02
   1.8797950e+06   7.3913574e+01
   1.8798120e+06   4.8889160e+01
   1.8798350e+06   3.5888672e+01
   1.8798690e+06   9.7839355e+01
   1.8798930e+06   1.1242676e+02
   1.8799110e+06   6.4575195e+01
   1.8799410e+06   1.3049316e+02
   1.8799730e+06   9.8083496e+01
   1.8800020e+06   8.6242676e+01
   1.8800160e+06   5.6640625e+01
   1.8800430e+06   6.2988281e+01
   1.8800580e+06   6.6284180e+01
   1.8800880e+06   4.6997070e+01
   1.8801210e+06   7.3486328e+01
   1.8801400e+06   3.5583496e+01
   1.8801520e+06   4.4189453e+01
   1.8801890e+06   5.2856445e+01
   1.8802240e+06   4.3090820e+01
   1.8802420e+06   4.6203613e+01
   1.8802720e+06   6.1645508e+01
   1.8803050e+06   3.4667969e+01
   1.8803340e+06   4.7546387e+01
   1.8803490e+06   4.5349121e+01
   1.8803720e+06   3.3142090e+01
   1.8804080e+06   7.0434570e+01
   1.8804180e+06   3.7414551e+01
   1.8804530e+06   4.8339844e+01
   1.8804640e+06   4.8889160e+01
   1.8804840e+06   3.5644531e+01
   1.8805460e+06   3.5217285e+01
   1.8805740e+06   4.5410156e+01
   1.8806290e+06   3.7780762e+01
   1.8806800e+06   4.1564941e+01
   1.8807440e+06   5.6762695e+01
   1.8808260e+06   3.7170410e+01
   1.8809590e+06   3.8208008e+01
   1.8809770e+06   5.6335449e+01
   1.8810780e+06   3.3264160e+01
   1.8812830e+06   5.5725098e+01
   1.8814740e+06   3.3630371e+01
   1.8901600e+06   3.6010742e+01
   1.8906240e+06   4.3640137e+01
   1.8907730e+06   4.8400879e+01
   1.8916750e+06   4.1381836e+01
   1.8921970e+06   4.0954590e+01
   1.8927370e+06   3.6865234e+01
   1.8928230e+06   5.4992676e+01
   1.8933120e+06   3.3752441e+01
   1.8972750e+06   4.3762207e+01
   1.8974760e+06   5.7067871e+01
   1.9006980e+06   3.5339355e+01
   1.9015980e+06   5.0598145e+01
   1.9028430e+06   3.9062500e+01
   1.9028680e+06   4.7546387e+01
   1.9029860e+06   6.5307617e+01
   1.9030110e+06   3.6315918e+01
   1.9031280e+06   4.8950195e+01
   1.9031700e+06   1.1010742e+02
   1.9032110e+06   3.5217285e+01
   1.9032260e+06   5.9631348e+01
   1.9032570e+06   7.2631836e+01
   1.9032800e+06   5.8715820e+01
   1.9033080e+06   8.7158203e+01
   1.9033200e+06   1.6168213e+02
   1.9033410e+06   9.8449707e+01
   1.9033570e+06   7.9528809e+01
   1.9033990e+06   1.0784912e+02
   1.9034110e+06   4.6691895e+01
   1.9034310e+06   7.4157715e+01
   1.9034440e+06   5.7800293e+01
   1.9034670e+06   1.6595459e+02
   1.9034860e+06   6.8176270e+01
   1.9035150e+06   5.4870605e+01
   1.9035260e+06   9.6435547e+01
   1.9035620e+06   1.2152100e+02
   1.9035880e+06   4.9011230e+01
   1.9035990e+06   5.9509277e+01
   1.9036220e+06   6.7138672e+01
   1.9036350e+06   5.0354004e+01
   1.9036530e+06   6.0424805e+01
   1.9036700e+06   4.5715332e+01
   1.9037050e+06   1.2805176e+02
   1.9037250e+06   5.6274414e+01
   1.9037530e+06   5.5175781e+01
   1.9037790e+06   5.3222656e+01
   1.9037920e+06   4.9560547e+01
   1.9038180e+06   4.0832520e+01
   1.9038380e+06   3.9855957e+01
   1.9038720e+06   3.3142090e+01
   1.9039120e+06   4.7546387e+01
   1.9039230e+06   5.1330566e+01
   1.9039440e+06   3.7658691e+01
   1.9039790e+06   3.4118652e+01
   1.9039970e+06   6.3781738e+01
   1.9040370e+06   4.4738770e+01
   1.9040870e+06   4.6569824e+01
   1.9041240e+06   4.9255371e+01
   1.9041500e+06   4.1625977e+01
   1.9042800e+06   3.3813477e+01
   1.9043010e+06   4.4494629e+01
   1.9043300e+06   4.5471191e+01
   1.9044800e+06   5.8471680e+01
   1.9046790e+06   6.4392090e+01
   1.9049670e+06   6.4575195e+01
   1.9112170e+06   3.5400391e+01
   1.9135460e+06   4.2419434e+01
   1.9149330e+06   4.7363281e+01
   1.9152360e+06   4.3823242e+01
   1.9155320e+06   4.1076660e+01
   1.9164490e+06   3.8940430e+01
   1.9200540e+06   4.6325684e+01
   1.9222580e+06   4.6508789e+01
   1.9223280e+06   4.8095703e+01
   1.9223700e+06   5.2368164e+01
   1.9224370e+06   3.9306641e+01
   1.9224670e+06   1.1614990e+02
   1.9224840e+06   7.0800781e+01
   1.9225050e+06   4.6081543e+01
   1.9225320e+06   5.3222656e+01
   1.9225480e+06   3.5888672e+01
   1.9225710e+06   6.6040039e+01
   1.9226030e+06   1.1425781e+02
   1.9226180e+06   5.9448242e+01
   1.9226380e+06   1.0321045e+02
   1.9226600e+06   9.8510742e+01
   1.9226700e+06   8.6791992e+01
   1.9226830e+06   5.1635742e+01
   1.9227060e+06   6.5795898e+01
   1.9227220e+06   1.1053467e+02
   1.9227620e+06   2.6300049e+02
   1.9227750e+06   8.3129883e+01
   1.9228170e+06   7.6232910e+01
   1.9228430e+06   4.2114258e+01
   1.9228540e+06   5.8654785e+01
   1.9228830e+06   1.8499756e+02
   1.9229110e+06   5.9692383e+01
   1.9229270e+06   5.7983398e+01
   1.9229380e+06   4.2663574e+01
   1.9229600e+06   5.8227539e+01
   1.9229780e+06   3.9306641e+01
   1.9229880e+06   4.2724609e+01
   1.9230170e+06   1.1187744e+02
   1.9230410e+06   6.6223145e+01
   1.9230630e+06   5.2185059e+01
   1.9230810e+06   3.7719727e+01
   1.9230980e+06   4.1381836e+01
   1.9231220e+06   3.7841797e+01
   1.9231370e+06   4.4494629e+01
   1.9231570e+06   3.9489746e+01
   1.9231760e+06   3.4362793e+01
   1.9232170e+06   4.2480469e+01
   1.9232470e+06   3.8635254e+01
   1.9232660e+06   3.8269043e+01
   1.9232910e+06   5.8044434e+01
   1.9233050e+06   3.8879395e+01
   1.9233330e+06   3.7902832e+01
   1.9233600e+06   3.3691406e+01
   1.9233820e+06   3.5949707e+01
   1.9234330e+06   4.7729492e+01
   1.9234920e+06   5.2978516e+01
   1.9235630e+06   3.4240723e+01
   1.9236330e+06   3.9489746e+01
   1.9237330e+06   4.9316406e+01
   1.9237800e+06   3.6926270e+01
   1.9239150e+06   7.3181152e+01
   1.9239580e+06   3.7536621e+01
   1.9241320e+06   5.8471680e+01
   1.9242930e+06   3.9367676e+01
   1.9305070e+06   4.8645020e+01
   1.9315580e+06   3.9001465e+01
   1.9327140e+06   4.1442871e+01
   1.9342790e+06   4.6203613e+01
   1.9350930e+06   4.4738770e+01
   1.9359160e+06   5.3955078e+01
   1.9360030e+06   3.8024902e+01
   1.9375770e+06   3.5217285e+01
   1.9376090e+06   4.0588379e+01
   1.9378620e+06   5.4016113e+01
   1.9380230e+06   4.2175293e+01
   1.9380480e+06   4.3029785e+01
   1.9380770e+06   1.1859131e+02
   1.9380980e+06   4.8828125e+01
   1.9381290e+06   4.9255371e+01
   1.9382020e+06   8.1665039e+01
   1.9382390e+06   6.9458008e+01
   1.9382490e+06   6.2622070e+01
   1.9382610e+06   7.6721191e+01
   1.9382820e+06   4.9133301e+01
   1.9382930e+06   6.1584473e+01
   1.9383160e+06   6.6833496e+01
   1.9383440e+06   9.8571777e+01
   1.9383590e+06   1.1071777e+02
   1.9383700e+06   7.8552246e+01
   1.9383840e+06   6.0180664e+01
   1.9384180e+06   1.9537354e+02
   1.9384420e+06   8.2214355e+01
   1.9384530e+06   3.9001465e+01
   1.9384860e+06   7.2753906e+01
   1.9384970e+06   7.9101563e+01
   1.9385130e+06   4.8095703e+01
   1.9385360e+06   4.9865723e+01
   1.9385620e+06   1.5472412e+02
   1.9385820e+06   4.6997070e+01
   1.9385990e+06   8.0444336e+01
   1.9386190e+06   6.8542480e+01
   1.9386330e+06   4.1687012e+01
   1.9386580e+06   5.4077148e+01
   1.9386700e+06   4.0405273e+01
   1.9387020e+06   4.5959473e+01
   1.9387140e+06   5.2978516e+01
   1.9387290e+06   4.5959473e+01
   1.9387500e+06   4.2846680e+01
   1.9387820e+06   5.7373047e+01
   1.9388190e+06   4.4555664e+01
   1.9388620e+06   4.1259766e+01
   1.9388830e+06   3.5522461e+01
   1.9389070e+06   3.9611816e+01
   1.9389520e+06   4.4128418e+01
   1.9389640e+06   4.9987793e+01
   1.9389880e+06   3.9794922e+01
   1.9390760e+06   4.0588379e+01
   1.9391090e+06   4.1564941e+01
   1.9391220e+06   5.8959961e+01
   1.9391750e+06   3.4423828e+01
   1.9392710e+06   4.4250488e+01
   1.9393320e+06   3.6743164e+01
   1.9393460e+06   3.6193848e+01
   1.9393640e+06   3.4118652e+01
   1.9394370e+06   4.4189453e+01
   1.9394690e+06   3.4484863e+01
   1.9396420e+06   5.9326172e+01
   1.9397890e+06   3.5461426e+01
   1.9398950e+06   4.9987793e+01
   1.9401610e+06   5.5541992e+01
   1.9482370e+06   3.5705566e+01
   1.9493490e+06   3.5827637e+01
   1.9503380e+06   4.1503906e+01
   1.9505380e+06   5.3955078e+01
   1.9506380e+06   3.6560059e+01
   1.9506560e+06   5.0415039e+01
   1.9507080e+06   3.8757324e+01
   1.9507500e+06   4.0771484e+01
   1.9507880e+06   4.0039063e+01
   1.9508170e+06   3.9001465e+01
   1.9508430e+06   1.2487793e+02
   1.9508660e+06   4.1931152e+01
   1.9508890e+06   4.3273926e+01
   1.9509120e+06   3.7170410e+01
   1.9509410e+06   1.2512207e+02
   1.9509670e+06   5.0720215e+01
   1.9509880e+06   9.9487305e+01
   1.9510070e+06   1.2750244e+02
   1.9510290e+06   5.2062988e+01
   1.9510470e+06   6.9091797e+01
   1.9510730e+06   7.7087402e+01
   1.9510960e+06   7.0861816e+01
   1.9511140e+06   4.8156738e+01
   1.9511260e+06   2.6983643e+02
   1.9511630e+06   3.5522461e+01
   1.9511810e+06   1.0198975e+02
   1.9512110e+06   6.8176270e+01
   1.9512340e+06   7.4279785e+01
   1.9512530e+06   3.6682129e+01
   1.9512800e+06   7.2143555e+01
   1.9513010e+06   4.4555664e+01
   1.9513120e+06   4.5715332e+01
   1.9513250e+06   8.2824707e+01
   1.9513650e+06   5.9997559e+01
   1.9513810e+06   3.6193848e+01
   1.9513980e+06   3.9916992e+01
   1.9514220e+06   5.1025391e+01
   1.9514440e+06   6.0302734e+01
   1.9514590e+06   3.4057617e+01
   1.9514750e+06   3.5278320e+01
   1.9514980e+06   3.4545898e+01
   1.9515120e+06   3.9306641e+01
   1.9515360e+06   1.5319824e+02
   1.9515610e+06   4.8828125e+01
   1.9516000e+06   6.6589355e+01
   1.9516200e+06   6.8969727e+01
   1.9516450e+06   4.7790527e+01
   1.9517060e+06   3.9367676e+01
   1.9517240e+06   4.8706055e+01
   1.9517370e+06   8.1481934e+01
   1.9517780e+06   5.5175781e+01
   1.9518170e+06   3.4423828e+01
   1.9518290e+06   3.8696289e+01
   1.9518870e+06   4.4311523e+01
   1.9519190e+06   4.8278809e+01
   1.9519300e+06   3.4484863e+01
   1.9519500e+06   6.0424805e+01
   1.9520020e+06   3.5644531e+01
   1.9520500e+06   6.6955566e+01
   1.9521030e+06   3.8818359e+01
   1.9521640e+06   3.8085938e+01
   1.9522110e+06   3.3142090e+01
   1.9522340e+06   5.4748535e+01
   1.9524980e+06   4.8889160e+01
   1.9607780e+06   3.3874512e+01
   1.9611360e+06   4.3029785e+01
   1.9614650e+06   3.4851074e+01
   1.9621810e+06   3.4667969e+01
   1.9633770e+06   3.4545898e+01
   1.9661770e+06   3.3630371e+01
   1.9680200e+06   3.4301758e+01
   1.9683380e+06   5.1940918e+01
   1.9684050e+06   3.9733887e+01
   1.9684520e+06   1.2341309e+02
   1.9685050e+06   4.1503906e+01
   1.9685490e+06   6.8420410e+01
   1.9685740e+06   4.0588379e+01
   1.9686160e+06   5.4321289e+01
   1.9686340e+06   1.4959717e+02
   1.9686580e+06   6.0302734e+01
   1.9686780e+06   5.1818848e+01
   1.9686930e+06   5.1696777e+01
   1.9687080e+06   1.2896729e+02
   1.9687250e+06   5.0109863e+01
   1.9687400e+06   7.0495605e+01
   1.9687530e+06   5.6823730e+01
   1.9687790e+06   1.7828369e+02
   1.9688080e+06   1.0021973e+02
   1.9688310e+06   3.3935547e+01
   1.9688460e+06   5.2246094e+01
   1.9688700e+06   7.3608398e+01
   1.9688960e+06   7.7941895e+01
   1.9689250e+06   4.1137695e+01
   1.9689520e+06   7.3425293e+01
   1.9689700e+06   4.6325684e+01
   1.9689800e+06   5.2246094e+01
   1.9689930e+06   7.8125000e+01
   1.9690220e+06   4.7607422e+01
   1.9690500e+06   5.2795410e+01
   1.9690660e+06   3.9428711e+01
   1.9690960e+06   7.1899414e+01
   1.9691300e+06   7.2021484e+01
   1.9691430e+06   4.5104980e+01
   1.9691730e+06   3.3386230e+01
   1.9692090e+06   3.9672852e+01
   1.9692200e+06   4.3762207e+01
   1.9692540e+06   3.9611816e+01
   1.9692840e+06   3.5888672e+01
   1.9693080e+06   6.3110352e+01
   1.9693230e+06   3.5583496e+01
   1.9693930e+06   4.3273926e+01
   1.9694330e+06   3.3630371e+01
   1.9695180e+06   5.2124023e+01
   1.9695300e+06   4.3334961e+01
   1.9695420e+06   3.8085938e+01
   1.9696060e+06   3.5766602e+01
   1.9696210e+06   3.8024902e+01
   1.9697270e+06   5.1574707e+01
   1.9697580e+06   3.9245605e+01
   1.9698580e+06   3.6499023e+01
   1.9699680e+06   5.1330566e+01
   1.9702510e+06   5.2246094e+01
   1.9733930e+06   3.7414551e+01
   1.9787380e+06   3.4057617e+01
   1.9808920e+06   3.3386230e+01
   1.9812890e+06   5.0048828e+01
   1.9814440e+06   3.5217285e+01
   1.9814600e+06   3.4790039e+01
   1.9815430e+06   3.8818359e+01
   1.9816250e+06   1.0150146e+02
   1.9816600e+06   5.6945801e+01
   1.9816870e+06   4.5288086e+01
   1.9817410e+06   5.0170898e+01
   1.9817740e+06   4.8522949e+01
   1.9817850e+06   3.5583496e+01
   1.9818140e+06   5.2368164e+01
   1.9818370e+06   5.7617188e+01
   1.9818620e+06   6.0241699e+01
   1.9818740e+06   3.4912109e+01
   1.9819020e+06   5.1574707e+01
   1.9819310e+06   1.2689209e+02
   1.9819440e+06   1.1846924e+02
   1.9819900e+06   1.3702393e+02
   1.9820070e+06   6.2194824e+01
   1.9820270e+06   9.4177246e+01
   1.9820450e+06   6.3659668e+01
   1.9820780e+06   5.3833008e+01
   1.9820920e+06   7.9223633e+01
   1.9821290e+06   5.6396484e+01
   1.9821400e+06   2.4975586e+02
   1.9821810e+06   5.0659180e+01
   1.9822110e+06   6.6345215e+01
   1.9822330e+06   7.3547363e+01
   1.9822450e+06   4.9865723e+01
   1.9822830e+06   5.6579590e+01
   1.9823110e+06   3.4179688e+01
   1.9823240e+06   3.3996582e+01
   1.9823400e+06   4.6997070e+01
   1.9823730e+06   9.5336914e+01
   1.9823870e+06   4.8400879e+01
   1.9824270e+06   4.8522949e+01
   1.9824430e+06   4.0954590e+01
   1.9824740e+06   7.4523926e+01
   1.9824840e+06   5.0292969e+01
   1.9825020e+06   4.8706055e+01
   1.9825450e+06   5.0354004e+01
   1.9825800e+06   3.8696289e+01
   1.9826150e+06   7.4523926e+01
   1.9826270e+06   4.0710449e+01
   1.9826520e+06   3.7963867e+01
   1.9826760e+06   5.1025391e+01
   1.9827080e+06   3.9978027e+01
   1.9827360e+06   3.6804199e+01
   1.9827590e+06   3.5522461e+01
   1.9828040e+06   5.8471680e+01
   1.9829420e+06   5.4992676e+01
   1.9829600e+06   3.9855957e+01
   1.9829710e+06   3.3203125e+01
   1.9831320e+06   4.4921875e+01
   1.9833830e+06   5.9326172e+01
   1.9908030e+06   3.3813477e+01
   1.9925120e+06   3.4057617e+01
   1.9931660e+06   5.3527832e+01
   1.9937330e+06   4.1503906e+01
   1.9939810e+06   1.0314941e+02
   1.9940470e+06   3.3447266e+01
   1.9940730e+06   5.1208496e+01
   1.9941240e+06   5.7556152e+01
   1.9941470e+06   5.7250977e+01
   1.9941630e+06   3.5949707e+01
   1.9941880e+06   6.7932129e+01
   1.9941980e+06   4.1076660e+01
   1.9942080e+06   1.0552979e+02
   1.9942500e+06   4.9438477e+01
   1.9942700e+06   3.4667969e+01
   1.9942870e+06   5.3588867e+01
   1.9943080e+06   3.4729004e+01
   1.9943310e+06   7.3791504e+01
   1.9943630e+06   4.1870117e+01
   1.9943890e+06   1.0272217e+02
   1.9944280e+06   5.4077148e+01
   1.9944390e+06   4.0222168e+01
   1.9944790e+06   9.6496582e+01
   1.9945180e+06   7.7026367e+01
   1.9945450e+06   6.7260742e+01
   1.9945710e+06   2.4072266e+02
   1.9945990e+06   4.2968750e+01
   1.9946230e+06   6.6650391e+01
   1.9946410e+06   4.2541504e+01
   1.9946520e+06   7.1716309e+01
   1.9946750e+06   4.9194336e+01
   1.9947180e+06   3.3752441e+01
   1.9947520e+06   5.1086426e+01
   1.9947850e+06   4.1381836e+01
   1.9948110e+06   8.8012695e+01
   1.9948660e+06   3.8940430e+01
   1.9948950e+06   4.5776367e+01
   1.9949140e+06   4.0161133e+01
   1.9949400e+06   4.3457031e+01
   1.9949650e+06   4.8339844e+01
   1.9949970e+06   7.8308105e+01
   1.9950260e+06   4.4799805e+01
   1.9950530e+06   5.3955078e+01
   1.9950790e+06   6.2744141e+01
   1.9951230e+06   3.4240723e+01
   1.9951490e+06   4.3579102e+01
   1.9951940e+06   3.6132813e+01
   1.9952360e+06   3.3996582e+01
   1.9952580e+06   4.1748047e+01
   1.9952730e+06   3.6193848e+01
   1.9952920e+06   3.4790039e+01
   1.9953090e+06   3.7597656e+01
   1.9953800e+06   4.5104980e+01
   1.9954760e+06   7.2998047e+01
   1.9954930e+06   4.0893555e+01
   1.9957860e+06   5.3894043e+01
   1.9965440e+06   3.5522461e+01
   2.0084510e+06   3.6682129e+01
   2.0084930e+06   1.0693359e+02
   2.0086800e+06   5.3222656e+01
   2.0086940e+06   4.3457031e+01
   2.0087460e+06   4.2236328e+01
   2.0087700e+06   3.3203125e+01
   2.0088020e+06   4.4982910e+01
   2.0088270e+06   3.3203125e+01
   2.0088560e+06   6.0607910e+01
   2.0088790e+06   6.9396973e+01
   2.0088900e+06   5.8532715e+01
   2.0089190e+06   6.5307617e+01
   2.0089340e+06   8.0810547e+01
   2.0089680e+06   6.9030762e+01
   2.0089940e+06   6.8115234e+01
   2.0090080e+06   4.7363281e+01
   2.0090310e+06   6.5429688e+01
   2.0090580e+06   5.5053711e+01
   2.0090880e+06   9.9914551e+01
   2.0091080e+06   4.8522949e+01
   2.0091190e+06   5.1513672e+01
   2.0091360e+06   3.7414551e+01
   2.0091540e+06   7.5134277e+01
   2.0091800e+06   4.5837402e+01
   2.0091940e+06   8.8378906e+01
   2.0092220e+06   5.1147461e+01
   2.0092650e+06   1.0321045e+02
   2.0092800e+06   3.8085938e+01
   2.0092990e+06   3.7841797e+01
   2.0093200e+06   8.2763672e+01
   2.0093460e+06   5.0598145e+01
   2.0093650e+06   4.7180176e+01
   2.0093760e+06   1.0784912e+02
   2.0093980e+06   3.5461426e+01
   2.0094220e+06   4.0893555e+01
   2.0094480e+06   4.7119141e+01
   2.0094700e+06   4.0954590e+01
   2.0094890e+06   6.0913086e+01
   2.0095360e+06   4.8461914e+01
   2.0095880e+06   6.8176270e+01
   2.0096330e+06   4.9560547e+01
   2.0096530e+06   3.6376953e+01
   2.0096650e+06   3.9184570e+01
   2.0096910e+06   5.9692383e+01
   2.0097020e+06   5.1818848e+01
   2.0097670e+06   4.5593262e+01
   2.0097870e+06   6.4758301e+01
   2.0099390e+06   3.7353516e+01
   2.0100000e+06   6.2683105e+01
   2.0102790e+06   6.4575195e+01
   2.0214420e+06   4.4677734e+01
   2.0216340e+06   3.3935547e+01
   2.0217900e+06   4.0161133e+01
   2.0218220e+06   3.5766602e+01
   2.0218490e+06   4.0222168e+01
   2.0220170e+06   4.4982910e+01
   2.0220270e+06   8.4289551e+01
   2.0220430e+06   4.6813965e+01
   2.0220640e+06   8.4106445e+01
   2.0220920e+06   6.0058594e+01
   2.0221230e+06   3.9489746e+01
   2.0221440e+06   4.3518066e+01
   2.0221590e+06   4.5288086e+01
   2.0221880e+06   3.7414551e+01
   2.0222090e+06   8.7158203e+01
   2.0222320e+06   6.3476563e+01
   2.0222660e+06   5.1879883e+01
   2.0222920e+06   3.9794922e+01
   2.0223090e+06   6.6650391e+01
   2.0223450e+06   5.8898926e+01
   2.0223740e+06   7.6660156e+01
   2.0223900e+06   7.9223633e+01
   2.0224080e+06   4.9438477e+01
   2.0224280e+06   8.0871582e+01
   2.0224390e+06   4.4067383e+01
   2.0224630e+06   3.3508301e+01
   2.0224910e+06   5.3710938e+01
   2.0225110e+06   4.4372559e+01
   2.0225470e+06   7.0251465e+01
   2.0225610e+06   5.0109863e+01
   2.0225840e+06   3.4606934e+01
   2.0226000e+06   3.3447266e+01
   2.0226100e+06   4.9011230e+01
   2.0226250e+06   6.0180664e+01
   2.0226440e+06   4.6875000e+01
   2.0226760e+06   5.5236816e+01
   2.0226870e+06   5.2062988e+01
   2.0227400e+06   5.0720215e+01
   2.0227720e+06   5.1330566e+01
   2.0227900e+06   3.4667969e+01
   2.0228040e+06   4.5715332e+01
   2.0228390e+06   5.6518555e+01
   2.0228610e+06   5.1147461e+01
   2.0228790e+06   4.1076660e+01
   2.0229050e+06   7.1655273e+01
   2.0229380e+06   3.9428711e+01
   2.0229520e+06   3.9855957e+01
   2.0229850e+06   3.7536621e+01
   2.0230570e+06   3.4362793e+01
   2.0230760e+06   3.6437988e+01
   2.0230930e+06   3.4057617e+01
   2.0231350e+06   3.8024902e+01
   2.0231460e+06   4.3395996e+01
   2.0231630e+06   4.9682617e+01
   2.0231760e+06   3.3264160e+01
   2.0232360e+06   3.7963867e+01
   2.0232760e+06   3.8513184e+01
   2.0233550e+06   3.4545898e+01
   2.0233950e+06   6.2805176e+01
   2.0235120e+06   4.1442871e+01
   2.0237830e+06   6.0485840e+01
   2.0360120e+06   4.3212891e+01
   2.0362290e+06   3.8940430e+01
   2.0363290e+06   6.1889648e+01
   2.0363530e+06   4.2419434e+01
   2.0363660e+06   3.5949707e+01
   2.0363930e+06   4.5593262e+01
   2.0364640e+06   4.6752930e+01
   2.0364890e+06   4.0527344e+01
   2.0365260e+06   8.8684082e+01
   2.0365590e+06   6.6650391e+01
   2.0365700e+06   8.8439941e+01
   2.0366100e+06   4.5349121e+01
   2.0366370e+06   8.5510254e+01
   2.0366550e+06   1.3049316e+02
   2.0366750e+06   3.9367676e+01
   2.0366970e+06   8.1176758e+01
   2.0367220e+06   6.4392090e+01
   2.0367340e+06   4.6630859e+01
   2.0367690e+06   4.5776367e+01
   2.0367860e+06   3.5827637e+01
   2.0367960e+06   4.4189453e+01
   2.0368120e+06   4.5776367e+01
   2.0368380e+06   4.5410156e+01
   2.0368700e+06   5.7067871e+01
   2.0368860e+06   7.0190430e+01
   2.0369060e+06   6.2438965e+01
   2.0369270e+06   4.3579102e+01
   2.0369560e+06   5.8166504e+01
   2.0369740e+06   6.6955566e+01
   2.0369840e+06   5.2795410e+01
   2.0370160e+06   5.4321289e+01
   2.0370450e+06   3.5705566e+01
   2.0370770e+06   4.0771484e+01
   2.0371170e+06   5.8654785e+01
   2.0371370e+06   5.1696777e+01
   2.0371750e+06   5.0659180e+01
   2.0371940e+06   3.3996582e+01
   2.0372240e+06   5.7678223e+01
   2.0372510e+06   3.3325195e+01
   2.0372660e+06   3.4851074e+01
   2.0373050e+06   5.4504395e+01
   2.0373270e+06   4.9743652e+01
   2.0373500e+06   3.8940430e+01
   2.0373850e+06   4.7302246e+01
   2.0374070e+06   4.2602539e+01
   2.0374570e+06   3.3447266e+01
   2.0374840e+06   4.7180176e+01
   2.0375980e+06   3.4912109e+01
   2.0376900e+06   7.1960449e+01
   2.0377050e+06   3.7170410e+01
   2.0486800e+06   3.4484863e+01
   2.0490620e+06   3.7841797e+01
   2.0491630e+06   3.5400391e+01
   2.0493150e+06   1.2170410e+02
   2.0493490e+06   4.7424316e+01
   2.0493700e+06   3.4729004e+01
   2.0494910e+06   4.4555664e+01
   2.0495560e+06   6.1767578e+01
   2.0495720e+06   1.3452148e+02
   2.0496290e+06   4.5959473e+01
   2.0496450e+06   3.8757324e+01
   2.0496680e+06   3.3630371e+01
   2.0497310e+06   7.5988770e+01
   2.0497580e+06   5.6640625e+01
   2.0497760e+06   1.2677002e+02
   2.0497970e+06   7.5561523e+01
   2.0498250e+06   9.2895508e+01
   2.0498420e+06   9.3994141e+01
   2.0498650e+06   4.4128418e+01
   2.0498960e+06   4.8217773e+01
   2.0499180e+06   5.3833008e+01
   2.0499460e+06   3.9672852e+01
   2.0499700e+06   8.0566406e+01
   2.0499830e+06   1.8499756e+02
   2.0500070e+06   5.7800293e+01
   2.0500270e+06   4.5532227e+01
   2.0500480e+06   4.2114258e+01
   2.0500810e+06   3.4729004e+01
   2.0500960e+06   3.6865234e+01
   2.0501310e+06   7.2631836e+01
   2.0501410e+06   4.0954590e+01
   2.0501760e+06   4.2175293e+01
   2.0501940e+06   4.7058105e+01
   2.0502220e+06   8.0078125e+01
   2.0502560e+06   4.2907715e+01
   2.0502890e+06   6.2561035e+01
   2.0503270e+06   3.8269043e+01
   2.0503760e+06   3.9123535e+01
   2.0503980e+06   7.7209473e+01
   2.0504480e+06   3.6254883e+01
   2.0504700e+06   9.1186523e+01
   2.0505090e+06   3.7963867e+01
   2.0505580e+06   3.6254883e+01
   2.0506310e+06   6.0607910e+01
   2.0506540e+06   3.5705566e+01
   2.0507160e+06   3.5278320e+01
   2.0507540e+06   5.6091309e+01
   2.0508070e+06   4.9865723e+01
   2.0508600e+06   3.8879395e+01
   2.0509550e+06   3.9855957e+01
   2.0513420e+06   3.7475586e+01
   2.0675370e+06   3.3691406e+01
   2.0713550e+06   3.4057617e+01
   2.0731050e+06   3.9062500e+01
   2.0731370e+06   4.6508789e+01
   2.0731870e+06   4.7912598e+01
   2.0732260e+06   1.1059570e+02
   2.0732410e+06   5.7312012e+01
   2.0732730e+06   3.9733887e+01
   2.0732900e+06   3.9794922e+01
   2.0733130e+06   3.8635254e+01
   2.0733740e+06   4.1381836e+01
   2.0733930e+06   4.9133301e+01
   2.0734240e+06   1.6137695e+02
   2.0734440e+06   5.4992676e+01
   2.0734650e+06   6.7687988e+01
   2.0734820e+06   6.1523438e+01
   2.0735070e+06   4.5043945e+01
   2.0735320e+06   8.1787109e+01
   2.0735500e+06   1.0821533e+02
   2.0735740e+06   7.7270508e+01
   2.0736120e+06   7.6538086e+01
   2.0736570e+06   1.8035889e+02
   2.0736680e+06   5.3283691e+01
   2.0736840e+06   6.2438965e+01
   2.0737110e+06   8.6730957e+01
   2.0737470e+06   5.9936523e+01
   2.0737680e+06   4.8950195e+01
   2.0737840e+06   4.8645020e+01
   2.0737990e+06   4.5227051e+01
   2.0738170e+06   4.5715332e+01
   2.0738560e+06   7.9528809e+01
   2.0738660e+06   8.1726074e+01
   2.0738970e+06   5.7250977e+01
   2.0739100e+06   5.1696777e+01
   2.0739470e+06   4.9133301e+01
   2.0739570e+06   4.9194336e+01
   2.0739850e+06   6.5307617e+01
   2.0740120e+06   3.9428711e+01
   2.0740240e+06   4.0161133e+01
   2.0740390e+06   5.9143066e+01
   2.0740760e+06   3.8574219e+01
   2.0740980e+06   6.4025879e+01
   2.0741150e+06   4.1625977e+01
   2.0741440e+06   3.3752441e+01
   2.0741570e+06   3.5095215e+01
   2.0742360e+06   4.5898438e+01
   2.0742740e+06   5.5847168e+01
   2.0742930e+06   3.7231445e+01
   2.0743530e+06   3.4240723e+01
   2.0744150e+06   4.5776367e+01
   2.0744540e+06   4.2785645e+01
   2.0746230e+06   5.3344727e+01
   2.1118050e+06   3.3691406e+01
   2.1145630e+06   3.5583496e+01
   2.1178390e+06   3.4973145e+01
   2.1231000e+06   3.4973145e+01
   2.1248400e+06   3.4118652e+01
   2.1292070e+06   3.5278320e+01
   2.1317930e+06   3.5888672e+01
   2.1341190e+06   4.2480469e+01
   2.1366120e+06   3.4179688e+01
   2.1400210e+06   3.8879395e+01
   2.1421700e+06   3.4851074e+01
   2.1453050e+06   4.4311523e+01
   2.1486530e+06   3.6621094e+01
   2.1520490e+06   3.7353516e+01
   2.1583880e+06   3.8208008e+01
   2.4013430e+06   3.7475586e+01
   2.5416940e+06   4.2846680e+01
   2.5417920e+06   6.1828613e+01
   2.5418130e+06   6.4331055e+01
   2.5418420e+06   5.5419922e+01
   2.5418520e+06   1.5325928e+02
   2.5418880e+06   2.2167969e+02
   2.5419020e+06   2.2058105e+02
   2.5419290e+06   1.1993408e+02
   2.5419420e+06   1.4282227e+02
   2.5419670e+06   7.3425293e+01
   2.5419840e+06   8.9111328e+01
   2.5420120e+06   7.4157715e+01
   2.5420280e+06   3.9550781e+01
   2.5420460e+06   7.4890137e+01
   2.5420610e+06   5.2429199e+01
   2.5420770e+06   4.0527344e+01
   2.5420930e+06   7.5561523e+01
   2.5421280e+06   3.4851074e+01
   2.5421530e+06   3.3752441e+01
   2.5421710e+06   4.3762207e+01
   2.5422080e+06   3.5217285e+01
   2.5422550e+06   3.6071777e+01
   2.5422940e+06   3.4484863e+01
   2.5423120e+06   4.3945313e+01
   2.5424180e+06   4.6203613e+01
   2.5425580e+06   3.8635254e+01
   2.5429610e+06   3.7292480e+01
   2.5430280e+06   4.0161133e+01
   2.5430420e+06   3.6010742e+01
   2.5431360e+06   3.5583496e+01
   2.5431760e+06   3.5400391e+01
   2.5432070e+06   6.6467285e+01
   2.5432440e+06   3.4545898e+01
   2.5433890e+06   7.3608398e+01
   2.5434310e+06   4.1381836e+01
   2.5434860e+06   3.3264160e+01
   2.5435850e+06   6.4331055e+01
   2.5436060e+06   3.4606934e+01
   2.5436410e+06   3.8330078e+01
   2.5437200e+06   3.8146973e+01
   2.5437340e+06   4.2175293e+01
   2.5437500e+06   3.8574219e+01
   2.5437640e+06   3.5705566e+01
   2.5437860e+06   5.6091309e+01
   2.5438140e+06   3.4057617e+01
   2.5438860e+06   3.4057617e+01
   2.5438990e+06   4.3762207e+01
   2.5439350e+06   4.2907715e+01
   2.5439940e+06   6.5063477e+01
   2.5440480e+06   3.7841797e+01
   2.5441230e+06   4.3090820e+01
   2.5442510e+06   3.8024902e+01
   2.5443230e+06   3.3142090e+01
   2.5447210e+06   3.7231445e+01
   2.5451150e+06   3.8391113e+01
   2.5564520e+06   5.4199219e+01
   2.5586650e+06   4.8645020e+01
   2.5599060e+06   5.1330566e+01
   2.5875350e+06   3.8757324e+01
   2.5998410e+06   3.4729004e+01
   2.6037890e+06   3.4545898e+01
   2.6199480e+06   3.4729004e+01
   2.6795990e+06   3.6315918e+01
   2.6926050e+06   3.8757324e+01
   2.7134450e+06   3.5583496e+01
   2.7427390e+06   3.4729004e+01
   2.7703460e+06   3.5156250e+01
   2.8051680e+06   3.3691406e+01
   2.8326620e+06   3.5827637e+01
   2.8326810e+06   6.9519043e+01
   2.8327000e+06   7.8979492e+01
   2.8327350e+06   5.3100586e+01
   2.8327550e+06   1.6040039e+02
   2.8327760e+06   2.1014404e+02
   2.8328080e+06   1.4514160e+02
   2.8328240e+06   1.8182373e+02
   2.8328430e+06   1.0485840e+02
   2.8328670e+06   5.1086426e+01
   2.8328830e+06   5.2917480e+01
   2.8328990e+06   6.5612793e+01
   2.8329150e+06   6.3720703e+01
   2.8329370e+06   3.4973145e+01
   2.8329540e+06   6.0119629e+01
   2.8329980e+06   6.5490723e+01
   2.8330340e+06   3.7841797e+01
   2.8330460e+06   3.8452148e+01
   2.8330700e+06   4.2053223e+01
   2.8330820e+06   3.4667969e+01
   2.8331140e+06   4.8461914e+01
   2.8331320e+06   4.9926758e+01
   2.8331710e+06   3.7292480e+01
   2.8331890e+06   3.6010742e+01
   2.8332050e+06   3.9611816e+01
   2.8332790e+06   4.1076660e+01
   2.8336610e+06   3.7658691e+01
   2.8337740e+06   3.9123535e+01
   2.8338930e+06   3.8696289e+01
   2.8339250e+06   4.6752930e+01
   2.8340010e+06   3.3142090e+01
   2.8341110e+06   5.8959961e+01
   2.8341220e+06   4.7851563e+01
   2.8341490e+06   5.2429199e+01
   2.8342940e+06   4.3579102e+01
   2.8343110e+06   3.5339355e+01
   2.8343220e+06   3.3691406e+01
   2.8344530e+06   3.9306641e+01
   2.8344960e+06   7.3120117e+01
   2.8345270e+06   4.0344238e+01
   2.8345570e+06   4.5043945e+01
   2.8345890e+06   3.3874512e+01
   2.8346590e+06   3.9001465e+01
   2.8347030e+06   6.7138672e+01
   2.8348390e+06   4.0954590e+01
   2.8348770e+06   3.4118652e+01
   2.8349340e+06   5.7800293e+01
   2.8349580e+06   3.5156250e+01
   2.8353090e+06   3.3264160e+01
   2.8353840e+06   4.1564941e+01
   2.8362180e+06   3.6926270e+01
   2.8476960e+06   5.5114746e+01
   2.8484740e+06   5.8410645e+01
   2.8489540e+06   5.7373047e+01
   2.8493470e+06   5.0903320e+01
   2.8496650e+06   4.9865723e+01
   2.8499750e+06   3.9306641e+01
   2.8502040e+06   6.2377930e+01
   2.8502680e+06   3.7048340e+01
   2.8505620e+06   3.8208008e+01
   2.8506030e+06   3.5461426e+01
   2.8506410e+06   4.1564941e+01
   2.8506640e+06   7.3364258e+01
   2.8507600e+06   3.6743164e+01
   2.8507890e+06   1.6583252e+02
   2.8508070e+06   1.3818359e+02
   2.8508290e+06   5.9936523e+01
   2.8508500e+06   2.4902344e+02
   2.8508760e+06   6.6467285e+01
   2.8509040e+06   1.2371826e+02
   2.8509210e+06   1.1401367e+02
   2.8509390e+06   1.0284424e+02
   2.8509560e+06   5.9936523e+01
   2.8509800e+06   4.5471191e+01
   2.8509930e+06   1.3812256e+02
   2.8510210e+06   3.4790039e+01
   2.8510350e+06   4.3579102e+01
   2.8510480e+06   4.3212891e+01
   2.8510680e+06   6.0302734e+01
   2.8510850e+06   4.8156738e+01
   2.8511040e+06   4.6142578e+01
   2.8511210e+06   3.4423828e+01
   2.8511340e+06   9.2285156e+01
   2.8511720e+06   3.9367676e+01
   2.8511870e+06   3.6560059e+01
   2.8512230e+06   4.2419434e+01
   2.8512580e+06   6.2011719e+01
   2.8512710e+06   3.5522461e+01
   2.8513080e+06   3.4545898e+01
   2.8513270e+06   4.7058105e+01
   2.8513580e+06   3.3203125e+01
   2.8513710e+06   4.0893555e+01
   2.8513930e+06   3.4484863e+01
   2.8514400e+06   3.4057617e+01
   2.8514640e+06   3.5644531e+01
   2.8515490e+06   3.9123535e+01
   2.8515820e+06   4.0649414e+01
   2.8516110e+06   3.4912109e+01
   2.8516300e+06   4.2175293e+01
   2.8516640e+06   3.7048340e+01
   2.8516960e+06   5.4504395e+01
   2.8517460e+06   4.3884277e+01
   2.8518300e+06   5.4504395e+01
   2.8519580e+06   3.7780762e+01
   2.8519960e+06   7.2692871e+01
   2.8520280e+06   3.8085938e+01
   2.8521370e+06   3.6865234e+01
   2.8521980e+06   5.9326172e+01
   2.8523340e+06   3.4851074e+01
   2.8523480e+06   3.6010742e+01
   2.8523870e+06   4.3701172e+01
   2.8534700e+06   3.3142090e+01
   2.8623810e+06   3.4362793e+01
   2.8645730e+06   5.2551270e+01
   2.8680620e+06   4.9926758e+01
   2.8682400e+06   3.5644531e+01
   2.8706190e+06   5.5664063e+01
   2.8707700e+06   6.1706543e+01
   2.8708090e+06   3.9855957e+01
   2.8708200e+06   4.6325684e+01
   2.8708590e+06   1.3891602e+02
   2.8708690e+06   1.2255859e+02
   2.8708910e+06   1.0601807e+02
   2.8709050e+06   8.1298828e+01
   2.8709190e+06   2.3675537e+02
   2.8709470e+06   1.1285400e+02
   2.8709710e+06   7.1960449e+01
   2.8710020e+06   1.1700439e+02
   2.8710140e+06   4.8767090e+01
   2.8710360e+06   7.9772949e+01
   2.8710510e+06   5.4809570e+01
   2.8710690e+06   1.4202881e+02
   2.8710840e+06   9.5581055e+01
   2.8711120e+06   5.8349609e+01
   2.8711270e+06   4.6203613e+01
   2.8711520e+06   7.4035645e+01
   2.8711820e+06   5.2612305e+01
   2.8711970e+06   5.2978516e+01
   2.8712180e+06   5.6884766e+01
   2.8712310e+06   4.9316406e+01
   2.8712570e+06   4.6447754e+01
   2.8712810e+06   3.5034180e+01
   2.8712970e+06   7.8063965e+01
   2.8713170e+06   3.5095215e+01
   2.8713520e+06   5.4260254e+01
   2.8713680e+06   6.2988281e+01
   2.8714050e+06   3.3996582e+01
   2.8714210e+06   3.4667969e+01
   2.8714430e+06   4.6020508e+01
   2.8714560e+06   3.9184570e+01
   2.8714700e+06   4.5471191e+01
   2.8714800e+06   3.3325195e+01
   2.8715260e+06   9.5520020e+01
   2.8715390e+06   4.4433594e+01
   2.8715790e+06   3.5949707e+01
   2.8716110e+06   3.8269043e+01
   2.8716300e+06   4.1015625e+01
   2.8717060e+06   5.2734375e+01
   2.8717350e+06   3.3935547e+01
   2.8717920e+06   4.4921875e+01
   2.8718310e+06   3.9306641e+01
   2.8718620e+06   4.4128418e+01
   2.8718940e+06   3.3752441e+01
   2.8719130e+06   3.3813477e+01
   2.8720140e+06   5.1696777e+01
   2.8720740e+06   4.1748047e+01
   2.8722240e+06   6.3781738e+01
   2.8725580e+06   5.8532715e+01
   2.8841430e+06   6.4453125e+01
   2.8931500e+06   4.3701172e+01
   2.8931720e+06   5.4870605e+01
   2.8934170e+06   5.3833008e+01
   2.8961170e+06   5.4321289e+01
   2.8961630e+06   7.8735352e+01
   2.8961950e+06   1.8511963e+02
   2.8962300e+06   9.5031738e+01
   2.8962480e+06   1.1328125e+02
   2.8962740e+06   1.6247559e+02
   2.8963100e+06   1.6180420e+02
   2.8963210e+06   6.8969727e+01
   2.8963310e+06   4.9987793e+01
   2.8963640e+06   1.0913086e+02
   2.8963840e+06   4.6203613e+01
   2.8963950e+06   8.9843750e+01
   2.8964070e+06   7.9284668e+01
   2.8964220e+06   6.3049316e+01
   2.8964330e+06   6.1401367e+01
   2.8964590e+06   1.3922119e+02
   2.8964760e+06   1.0632324e+02
   2.8965140e+06   4.6264648e+01
   2.8965320e+06   6.6223145e+01
   2.8965520e+06   6.3720703e+01
   2.8965870e+06   5.2856445e+01
   2.8966220e+06   6.1462402e+01
   2.8966390e+06   3.4240723e+01
   2.8966490e+06   3.6010742e+01
   2.8966640e+06   4.3212891e+01
   2.8966870e+06   3.5888672e+01
   2.8967230e+06   4.6997070e+01
   2.8967400e+06   4.2968750e+01
   2.8967750e+06   5.6152344e+01
   2.8968250e+06   3.8146973e+01
   2.8968360e+06   1.0668945e+02
   2.8968540e+06   3.9611816e+01
   2.8969250e+06   3.8696289e+01
   2.8969500e+06   5.3527832e+01
   2.8970000e+06   3.6315918e+01
   2.8970730e+06   3.5156250e+01
   2.8971180e+06   3.7963867e+01
   2.8971600e+06   3.4179688e+01
   2.8972070e+06   4.4738770e+01
   2.8972180e+06   3.4301758e+01
   2.8972300e+06   3.7353516e+01
   2.8973330e+06   3.4118652e+01
   2.8973760e+06   5.5725098e+01
   2.8974840e+06   3.4423828e+01
   2.8975350e+06   4.0466309e+01
   2.8975660e+06   5.4077148e+01
   2.8976020e+06   4.2968750e+01
   2.8976500e+06   3.4301758e+01
   2.8977720e+06   6.8969727e+01
   2.8979560e+06   3.5827637e+01
   2.8981120e+06   4.1076660e+01
   2.8981420e+06   3.3691406e+01
   2.9109790e+06   5.1025391e+01
   2.9114530e+06   5.2307129e+01
   2.9118050e+06   5.4870605e+01
   2.9272750e+06   6.5856934e+01
   2.9273470e+06   5.5847168e+01
   2.9273650e+06   1.4599609e+02
   2.9273940e+06   7.9467773e+01
   2.9274210e+06   1.9934082e+02
   2.9274480e+06   9.4360352e+01
   2.9274750e+06   1.7047119e+02
   2.9274920e+06   7.3425293e+01
   2.9275150e+06   5.7434082e+01
   2.9275270e+06   7.3425293e+01
   2.9275530e+06   1.0003662e+02
   2.9275800e+06   7.8796387e+01
   2.9276010e+06   3.9367676e+01
   2.9276180e+06   3.7780762e+01
   2.9276280e+06   1.0955811e+02
   2.9276600e+06   4.9194336e+01
   2.9276760e+06   4.7912598e+01
   2.9276950e+06   4.0527344e+01
   2.9277430e+06   3.9245605e+01
   2.9277570e+06   3.6743164e+01
   2.9277840e+06   4.9926758e+01
   2.9278130e+06   4.4982910e+01
   2.9278440e+06   4.4494629e+01
   2.9278540e+06   3.9611816e+01
   2.9278880e+06   4.6752930e+01
   2.9279060e+06   3.7353516e+01
   2.9279370e+06   3.7414551e+01
   2.9280110e+06   5.4626465e+01
   2.9281150e+06   3.9611816e+01
   2.9281370e+06   4.0161133e+01
   2.9281680e+06   3.5827637e+01
   2.9282160e+06   4.1442871e+01
   2.9282430e+06   3.4179688e+01
   2.9282670e+06   3.7902832e+01
   2.9283490e+06   3.4606934e+01
   2.9283680e+06   4.4677734e+01
   2.9283940e+06   3.5156250e+01
   2.9284290e+06   3.8635254e+01
   2.9284630e+06   4.6081543e+01
   2.9284730e+06   3.5156250e+01
   2.9285180e+06   5.3039551e+01
   2.9286900e+06   4.5410156e+01
   2.9288720e+06   5.0292969e+01
   2.9289420e+06   4.1748047e+01
   2.9290680e+06   3.6132813e+01
   2.9291070e+06   4.9194336e+01
   2.9293470e+06   5.2124023e+01
   2.9401250e+06   4.4189453e+01
   2.9402430e+06   4.6630859e+01
   2.9437630e+06   4.9987793e+01
   2.9441470e+06   5.9020996e+01
   2.9443220e+06   4.4494629e+01
   2.9446280e+06   6.2194824e+01
   2.9446910e+06   5.4748535e+01
   2.9447320e+06   4.8828125e+01
   2.9447660e+06   3.8391113e+01
   2.9447820e+06   6.1096191e+01
   2.9448000e+06   4.4494629e+01
   2.9448120e+06   5.9753418e+01
   2.9448500e+06   1.5057373e+02
   2.9448780e+06   4.0893555e+01
   2.9449040e+06   1.0083008e+02
   2.9449170e+06   6.9030762e+01
   2.9449360e+06   1.2304687e+02
   2.9449500e+06   1.0272217e+02
   2.9449830e+06   5.3161621e+01
   2.9450150e+06   7.0007324e+01
   2.9450270e+06   1.0662842e+02
   2.9450460e+06   4.8400879e+01
   2.9450770e+06   1.0095215e+02
   2.9451020e+06   1.4685059e+02
   2.9451140e+06   8.1970215e+01
   2.9451510e+06   9.1186523e+01
   2.9451720e+06   1.1730957e+02
   2.9452220e+06   1.6516113e+02
   2.9452480e+06   3.4667969e+01
   2.9452840e+06   7.3303223e+01
   2.9453040e+06   6.4758301e+01
   2.9453230e+06   3.4362793e+01
   2.9453740e+06   1.1169434e+02
   2.9453920e+06   3.3996582e+01
   2.9454020e+06   3.6682129e+01
   2.9454320e+06   3.7353516e+01
   2.9454610e+06   3.3142090e+01
   2.9454920e+06   5.0292969e+01
   2.9455020e+06   3.3691406e+01
   2.9455340e+06   1.0467529e+02
   2.9455600e+06   3.9062500e+01
   2.9455700e+06   5.0170898e+01
   2.9455960e+06   4.0649414e+01
   2.9456330e+06   3.7536621e+01
   2.9456510e+06   5.3161621e+01
   2.9456800e+06   3.8635254e+01
   2.9457240e+06   4.2175293e+01
   2.9457650e+06   3.4973145e+01
   2.9458690e+06   4.9865723e+01
   2.9459190e+06   5.9020996e+01
   2.9461010e+06   4.7302246e+01
   2.9463090e+06   4.9194336e+01
   2.9465360e+06   6.4331055e+01
   2.9468150e+06   3.6499023e+01
   2.9536810e+06   3.4240723e+01
   2.9556920e+06   3.7414551e+01
   2.9584280e+06   4.4555664e+01
   2.9590330e+06   4.9560547e+01
   2.9592350e+06   3.8696289e+01
   2.9598320e+06   4.4311523e+01
   2.9626200e+06   4.1687012e+01
   2.9659040e+06   9.6557617e+01
   2.9664930e+06   4.2541504e+01
   2.9665330e+06   4.2602539e+01
   2.9666060e+06   3.5461426e+01
   2.9667530e+06   3.4057617e+01
   2.9668400e+06   3.4362793e+01
   2.9668620e+06   5.3039551e+01
   2.9669490e+06   4.4250488e+01
   2.9669980e+06   1.0748291e+02
   2.9670760e+06   6.0485840e+01
   2.9670950e+06   6.5002441e+01
   2.9671250e+06   4.4860840e+01
   2.9671610e+06   3.5034180e+01
   2.9671830e+06   1.3873291e+02
   2.9671990e+06   7.1594238e+01
   2.9672190e+06   6.5673828e+01
   2.9672390e+06   8.9355469e+01
   2.9672700e+06   7.9223633e+01
   2.9673010e+06   9.0698242e+01
   2.9673270e+06   1.0552979e+02
   2.9673430e+06   8.5449219e+01
   2.9673610e+06   6.3476563e+01
   2.9673890e+06   6.8237305e+01
   2.9674070e+06   5.4931641e+01
   2.9674390e+06   1.3830566e+02
   2.9674490e+06   4.6752930e+01
   2.9674700e+06   4.7424316e+01
   2.9674900e+06   5.4992676e+01
   2.9675110e+06   4.3884277e+01
   2.9675230e+06   6.7504883e+01
   2.9675390e+06   5.0964355e+01
   2.9675730e+06   1.4135742e+02
   2.9676040e+06   4.3029785e+01
   2.9676170e+06   5.6640625e+01
   2.9676410e+06   5.7800293e+01
   2.9676590e+06   4.7241211e+01
   2.9676720e+06   4.7485352e+01
   2.9676850e+06   4.4860840e+01
   2.9677080e+06   1.1376953e+02
   2.9677200e+06   4.6997070e+01
   2.9677370e+06   3.3752441e+01
   2.9677470e+06   3.5278320e+01
   2.9677710e+06   5.4260254e+01
   2.9677970e+06   7.1594238e+01
   2.9678340e+06   6.2072754e+01
   2.9678500e+06   4.3029785e+01
   2.9678720e+06   4.1320801e+01
   2.9678910e+06   3.3874512e+01
   2.9679410e+06   3.4057617e+01
   2.9679770e+06   5.4565430e+01
   2.9679930e+06   4.5654297e+01
   2.9681080e+06   3.7475586e+01
   2.9682600e+06   4.2175293e+01
   2.9682850e+06   3.4423828e+01
   2.9684440e+06   5.2612305e+01
   2.9686550e+06   7.9223633e+01
   2.9689780e+06   5.8593750e+01
   2.9754800e+06   3.4301758e+01
   2.9776010e+06   4.0100098e+01
   2.9792030e+06   3.5217285e+01
   2.9802320e+06   5.0964355e+01
   2.9817130e+06   4.2968750e+01
   2.9824910e+06   3.5949707e+01
   2.9831070e+06   4.2846680e+01
   2.9843420e+06   4.4860840e+01
   2.9847240e+06   4.5715332e+01
   2.9850030e+06   4.2480469e+01
   2.9863470e+06   3.8635254e+01
   2.9877870e+06   3.3203125e+01
   2.9886400e+06   3.8024902e+01
   2.9906820e+06   3.9855957e+01
   2.9930920e+06   3.5095215e+01
   2.9931720e+06   3.4118652e+01
   2.9933420e+06   5.0598145e+01
   2.9934020e+06   4.3212891e+01
   2.9934310e+06   4.3029785e+01
   2.9934560e+06   5.6884766e+01
   2.9935000e+06   3.5705566e+01
   2.9935860e+06   6.3903809e+01
   2.9936280e+06   3.7597656e+01
   2.9936490e+06   1.0626221e+02
   2.9936600e+06   1.0534668e+02
   2.9936740e+06   5.8166504e+01
   2.9937040e+06   5.8532715e+01
   2.9937190e+06   7.0068359e+01
   2.9937310e+06   5.7312012e+01
   2.9937570e+06   7.7941895e+01
   2.9937880e+06   1.3342285e+02
   2.9937990e+06   1.2866211e+02
   2.9938260e+06   4.9499512e+01
   2.9938360e+06   4.1870117e+01
   2.9938660e+06   7.8796387e+01
   2.9938870e+06   1.9689941e+02
   2.9939060e+06   3.8330078e+01
   2.9939190e+06   4.5654297e+01
   2.9939410e+06   4.0466309e+01
   2.9939590e+06   9.9365234e+01
   2.9939940e+06   1.0382080e+02
   2.9940170e+06   8.3129883e+01
   2.9940460e+06   1.0650635e+02
   2.9940800e+06   9.7351074e+01
   2.9940930e+06   3.3935547e+01
   2.9941110e+06   8.1420898e+01
   2.9941330e+06   8.3374023e+01
   2.9941570e+06   7.2631836e+01
   2.9941680e+06   6.5490723e+01
   2.9941950e+06   6.0974121e+01
   2.9942280e+06   5.0659180e+01
   2.9942510e+06   4.3212891e+01
   2.9942780e+06   1.0852051e+02
   2.9943130e+06   5.0720215e+01
   2.9943310e+06   4.5288086e+01
   2.9943780e+06   3.6193848e+01
   2.9944140e+06   3.5156250e+01
   2.9944370e+06   4.7912598e+01
   2.9944660e+06   4.7790527e+01
   2.9944790e+06   3.5034180e+01
   2.9945300e+06   5.1330566e+01
   2.9946150e+06   3.8574219e+01
   2.9946660e+06   4.8278809e+01
   2.9946810e+06   3.8513184e+01
   2.9948880e+06   3.8940430e+01
   2.9949080e+06   4.4372559e+01
   2.9949760e+06   3.5583496e+01
   2.9950900e+06   6.1157227e+01
   2.9953150e+06   4.8645020e+01
   2.9955470e+06   5.3283691e+01
   2.9962640e+06   3.8391113e+01
