   3.0000000e+06   0.0000000e+00
   7.6434000e+04   4.2114258e+01
   7.6452000e+04   4.1320801e+01
   7.6509000e+04   6.8542480e+01
   7.6525000e+04   5.1147461e+01
   7.6556000e+04   5.2124023e+01
   7.6579000e+04   5.1818848e+01
   7.6603000e+04   5.4260254e+01
   7.6617000e+04   1.2963867e+02
   7.6636000e+04   4.7302246e+01
   7.6658000e+04   7.2692871e+01
   7.6681000e+04   3.4851074e+01
   7.6697000e+04   3.8391113e+01
   7.6708000e+04   6.4208984e+01
   7.6722000e+04   3.5644531e+01
   7.6757000e+04   3.3813477e+01
   7.6771000e+04   4.0039063e+01
   7.6787000e+04   5.2124023e+01
   7.6816000e+04   4.4677734e+01
   7.6828000e+04   4.4250488e+01
   7.6854000e+04   3.7719727e+01
   7.6874000e+04   4.2663574e+01
   7.6889000e+04   3.4118652e+01
   7.6909000e+04   3.3447266e+01
   7.6988000e+04   3.4362793e+01
   7.7429000e+04   3.9733887e+01
   7.7611000e+04   3.2958984e+01
   7.7706000e+04   3.3996582e+01
   7.8155000e+04   3.7719727e+01
   7.8283000e+04   3.6682129e+01
   7.8475000e+04   3.4301758e+01
   7.8547000e+04   3.3935547e+01
   7.8693000e+04   3.4606934e+01
   7.8736000e+04   3.7658691e+01
   7.8800000e+04   3.4423828e+01
   7.8876000e+04   3.3447266e+01
   7.9038000e+04   3.2836914e+01
   7.9049000e+04   3.5278320e+01
   7.9140000e+04   3.5339355e+01
   7.9617000e+04   3.7292480e+01
   7.9695000e+04   3.4057617e+01
   7.9830000e+04   3.3508301e+01
   8.0099000e+04   3.4667969e+01
   8.0366000e+04   4.4189453e+01
   8.0528000e+04   4.3640137e+01
   8.0765000e+04   4.3579102e+01
   8.1498000e+04   5.2856445e+01
   2.4556500e+05   5.3344727e+01
   2.4559500e+05   7.3547363e+01
   2.4562800e+05   3.6437988e+01
   2.4565100e+05   5.7678223e+01
   2.4567700e+05   7.1960449e+01
   2.4568900e+05   9.2468262e+01
   2.4570100e+05   5.9448242e+01
   2.4574800e+05   5.5114746e+01
   2.4575800e+05   6.1950684e+01
   2.4578200e+05   3.7292480e+01
   2.4579200e+05   5.5175781e+01
   2.4580800e+05   4.0283203e+01
   2.4582700e+05   3.9245605e+01
   2.4583700e+05   4.3701172e+01
   2.4585000e+05   5.1574707e+01
   2.4587000e+05   4.4128418e+01
   2.4590500e+05   4.5043945e+01
   2.4592100e+05   5.6213379e+01
   2.4595000e+05   4.7729492e+01
   2.4599300e+05   3.3386230e+01
   2.4602200e+05   3.5827637e+01
   2.4616400e+05   3.6804199e+01
   2.4618800e+05   4.2724609e+01
   2.4624700e+05   3.4606934e+01
   2.4640400e+05   3.4057617e+01
   2.4648700e+05   3.4362793e+01
   2.4650000e+05   3.5034180e+01
   2.4682600e+05   3.5278320e+01
   2.4699100e+05   3.2958984e+01
   2.4705500e+05   3.2897949e+01
   2.4733100e+05   3.3203125e+01
   2.4735900e+05   4.1442871e+01
   2.4737800e+05   3.3020020e+01
   2.4741900e+05   3.4179688e+01
   2.4761100e+05   3.3020020e+01
   2.4763400e+05   3.4301758e+01
   2.4767200e+05   3.3020020e+01
   2.4784800e+05   3.5278320e+01
   2.4792300e+05   3.5278320e+01
   2.4795100e+05   3.6437988e+01
   2.4799900e+05   3.4912109e+01
   2.4806900e+05   3.7292480e+01
   2.4821100e+05   4.4433594e+01
   2.4839000e+05   3.4912109e+01
   2.4884800e+05   3.3569336e+01
   2.4975200e+05   5.2551270e+01
   2.5113100e+05   3.7536621e+01
   2.5175300e+05   3.5461426e+01
   3.6396700e+05   3.3264160e+01
   3.6417500e+05   3.9489746e+01
   3.6429200e+05   3.6499023e+01
   3.6431700e+05   7.7636719e+01
   3.6439100e+05   5.1330566e+01
   3.6441300e+05   4.2785645e+01
   3.6443900e+05   4.5227051e+01
   3.6445900e+05   5.4687500e+01
   3.6447600e+05   9.5581055e+01
   3.6449200e+05   4.5410156e+01
   3.6451500e+05   4.2541504e+01
   3.6453800e+05   5.9692383e+01
   3.6455300e+05   4.1137695e+01
   3.6457300e+05   3.8696289e+01
   3.6458700e+05   4.9499512e+01
   3.6461200e+05   3.5339355e+01
   3.6462700e+05   4.3823242e+01
   3.6469300e+05   3.4729004e+01
   3.6471600e+05   3.6804199e+01
   3.6474500e+05   3.3935547e+01
   3.6476000e+05   3.7231445e+01
   3.6478000e+05   3.5095215e+01
   3.6481800e+05   3.5888672e+01
   3.6483700e+05   3.5278320e+01
   3.6488100e+05   3.4484863e+01
   3.6505000e+05   3.3264160e+01
   3.6520600e+05   3.5400391e+01
   3.6560000e+05   3.5156250e+01
   3.6584400e+05   3.3264160e+01
   3.6610700e+05   3.4118652e+01
   3.6625000e+05   3.7658691e+01
   3.6630100e+05   3.3264160e+01
   3.6636100e+05   3.3325195e+01
   3.6656200e+05   4.0893555e+01
   3.6661200e+05   3.2958984e+01
   3.6670300e+05   4.5410156e+01
   3.6706700e+05   3.3447266e+01
   3.6719100e+05   3.4729004e+01
   3.6762200e+05   4.1259766e+01
   3.6792900e+05   3.8208008e+01
   3.6835300e+05   5.0537109e+01
   3.6856200e+05   6.1401367e+01
   3.7002000e+05   3.7109375e+01
   3.8193000e+05   3.3203125e+01
   3.8194600e+05   1.0498047e+02
   3.8197200e+05   5.2246094e+01
   3.8200200e+05   7.8491211e+01
   3.8202000e+05   7.6416016e+01
   3.8204300e+05   4.7729492e+01
   3.8207400e+05   6.0852051e+01
   3.8208600e+05   6.2194824e+01
   3.8212800e+05   4.1320801e+01
   3.8214000e+05   3.9062500e+01
   3.8215300e+05   6.7810059e+01
   3.8217300e+05   5.0109863e+01
   3.8220600e+05   3.6376953e+01
   3.8222500e+05   5.8105469e+01
   3.8226600e+05   4.0039063e+01
   3.8229500e+05   3.8696289e+01
   3.8231300e+05   4.6447754e+01
   3.8232300e+05   4.5104980e+01
   3.8235500e+05   5.0354004e+01
   3.8240400e+05   3.3020020e+01
   3.8243900e+05   3.6437988e+01
   3.8246300e+05   4.4189453e+01
   3.8251800e+05   3.4301758e+01
   3.8252900e+05   3.4790039e+01
   3.8272900e+05   3.3142090e+01
   3.8284300e+05   4.1870117e+01
   3.8506500e+05   4.1137695e+01
   3.9585300e+05   4.7729492e+01
   3.9595200e+05   4.0832520e+01
   3.9596300e+05   5.2795410e+01
   3.9599600e+05   5.5786133e+01
   3.9601400e+05   7.7636719e+01
   3.9603100e+05   4.4189453e+01
   3.9604900e+05   4.3212891e+01
   3.9609300e+05   5.5175781e+01
   3.9612100e+05   5.9814453e+01
   3.9613300e+05   4.9316406e+01
   3.9617000e+05   3.5766602e+01
   3.9620600e+05   4.2114258e+01
   3.9621700e+05   4.9011230e+01
   3.9624600e+05   4.5288086e+01
   3.9627700e+05   3.4057617e+01
   3.9628700e+05   3.3996582e+01
   3.9631000e+05   4.5593262e+01
   3.9632000e+05   4.1687012e+01
   3.9635200e+05   3.3935547e+01
   3.9636900e+05   3.5644531e+01
   3.9638200e+05   3.5400391e+01
   3.9642400e+05   4.4006348e+01
   3.9645500e+05   3.5156250e+01
   3.9648700e+05   3.6987305e+01
   3.9650700e+05   3.8879395e+01
   3.9652300e+05   3.4240723e+01
   3.9655300e+05   3.3081055e+01
   3.9663300e+05   4.4677734e+01
   3.9666000e+05   3.5949707e+01
   3.9671200e+05   3.6621094e+01
   3.9692400e+05   4.2419434e+01
   3.9726000e+05   3.3386230e+01
   3.9737700e+05   3.9794922e+01
   3.9785900e+05   3.4179688e+01
   3.9808300e+05   3.7048340e+01
   3.9815400e+05   3.7170410e+01
   3.9827600e+05   3.7048340e+01
   4.0750100e+05   4.3151855e+01
   4.0771000e+05   6.6955566e+01
   4.0773900e+05   3.6682129e+01
   4.0776800e+05   3.5888672e+01
   4.0781000e+05   3.9855957e+01
   4.0783900e+05   4.1870117e+01
   4.0785400e+05   4.1748047e+01
   4.0788800e+05   3.8208008e+01
   4.0789800e+05   4.1381836e+01
   4.0793100e+05   8.4167480e+01
   4.0795700e+05   3.3020020e+01
   4.0797700e+05   3.3996582e+01
   4.0798800e+05   4.0954590e+01
   4.0802700e+05   3.7475586e+01
   4.0806400e+05   4.3212891e+01
   4.0814500e+05   3.7048340e+01
   4.0820400e+05   3.7475586e+01
   4.0826100e+05   3.3264160e+01
   4.0838000e+05   4.2114258e+01
   4.0840000e+05   3.3813477e+01
   4.0841700e+05   3.4057617e+01
   4.0850000e+05   3.4667969e+01
   4.0861700e+05   3.3142090e+01
   4.0907100e+05   3.3752441e+01
   4.0965700e+05   3.6987305e+01
   4.0986700e+05   3.4179688e+01
   4.1767900e+05   3.5217285e+01
   4.1805400e+05   4.1564941e+01
   4.1949600e+05   3.5156250e+01
   4.1969800e+05   5.2673340e+01
   4.1972700e+05   3.7475586e+01
   4.1974100e+05   4.6142578e+01
   4.1976500e+05   3.3691406e+01
   4.1979000e+05   6.9091797e+01
   4.1981100e+05   3.8818359e+01
   4.1984100e+05   3.7536621e+01
   4.1986400e+05   4.0466309e+01
   4.1989900e+05   3.4240723e+01
   4.1991100e+05   6.5856934e+01
   4.1992100e+05   3.2897949e+01
   4.1995500e+05   3.3264160e+01
   4.1997800e+05   5.1757812e+01
   4.2000400e+05   3.7353516e+01
   4.2002700e+05   5.2551270e+01
   4.2005600e+05   3.9611816e+01
   4.2007700e+05   3.4790039e+01
   4.2009000e+05   4.3762207e+01
   4.2013200e+05   3.8757324e+01
   4.2015600e+05   3.6315918e+01
   4.2018300e+05   3.3996582e+01
   4.2025200e+05   3.4118652e+01
   4.2051100e+05   3.4973145e+01
   4.2057100e+05   3.6132813e+01
   4.2062400e+05   3.4851074e+01
   4.2109900e+05   3.7536621e+01
   4.2144700e+05   3.7170410e+01
   4.3070300e+05   4.5471191e+01
   4.3117700e+05   3.8146973e+01
   4.3131200e+05   3.8208008e+01
   4.3133800e+05   4.5654297e+01
   4.3139100e+05   7.7209473e+01
   4.3143000e+05   4.1992187e+01
   4.3145300e+05   4.6630859e+01
   4.3148000e+05   4.0588379e+01
   4.3149200e+05   4.3518066e+01
   4.3152400e+05   5.0842285e+01
   4.3154300e+05   3.3447266e+01
   4.3159400e+05   3.8635254e+01
   4.3162300e+05   4.1259766e+01
   4.3163700e+05   3.3447266e+01
   4.3170600e+05   3.6010742e+01
   4.3172300e+05   3.4973145e+01
   4.3177600e+05   3.4729004e+01
   4.3181600e+05   4.6264648e+01
   4.3219900e+05   3.3203125e+01
   4.3254500e+05   3.7536621e+01
   4.3355700e+05   3.9672852e+01
   4.4151100e+05   3.4301758e+01
   4.4191700e+05   3.7170410e+01
   4.4246200e+05   3.6560059e+01
   4.4470800e+05   3.4667969e+01
   4.4478500e+05   3.6071777e+01
   4.4480700e+05   3.7109375e+01
   4.4482600e+05   3.4973145e+01
   4.4484200e+05   3.4973145e+01
   4.4487600e+05   7.1289063e+01
   4.4489600e+05   4.5898438e+01
   4.4492200e+05   3.5705566e+01
   4.4493300e+05   5.0354004e+01
   4.4494500e+05   6.6711426e+01
   4.4497100e+05   3.6071777e+01
   4.4500000e+05   4.9133301e+01
   4.4502600e+05   3.6621094e+01
   4.4505200e+05   3.3752441e+01
   4.4507800e+05   3.3691406e+01
   4.4511700e+05   3.7536621e+01
   4.4514500e+05   3.5522461e+01
   4.4517500e+05   3.6376953e+01
   4.4519900e+05   3.9794922e+01
   4.4522500e+05   3.6743164e+01
   4.4524500e+05   3.2897949e+01
   4.4531000e+05   3.9672852e+01
   4.4539800e+05   3.4912109e+01
   4.4545300e+05   3.2897949e+01
   4.4549000e+05   3.5644531e+01
   4.4578000e+05   3.3447266e+01
   4.5586400e+05   3.7963867e+01
   4.5604600e+05   3.7475586e+01
   4.5608000e+05   4.3640137e+01
   4.5611700e+05   3.3691406e+01
   4.5616200e+05   8.9172363e+01
   4.5618200e+05   3.7902832e+01
   4.5622100e+05   4.8706055e+01
   4.5625200e+05   4.0893555e+01
   4.5629100e+05   6.5429688e+01
   4.5631000e+05   4.1809082e+01
   4.5639900e+05   3.9123535e+01
   4.5642500e+05   4.4128418e+01
   4.5643500e+05   3.9611816e+01
   4.5647700e+05   3.5949707e+01
   4.5651100e+05   3.6926270e+01
   4.5655400e+05   6.0729980e+01
   4.5670100e+05   4.0588379e+01
   4.6720900e+05   3.4362793e+01
   4.6733800e+05   3.5339355e+01
   4.6736900e+05   4.0405273e+01
   4.6739100e+05   3.3081055e+01
   4.6741400e+05   4.1870117e+01
   4.6747900e+05   6.5551758e+01
   4.6750200e+05   4.4250488e+01
   4.6752000e+05   3.4667969e+01
   4.6753800e+05   4.1381836e+01
   4.6756300e+05   3.2958984e+01
   4.6760300e+05   5.4260254e+01
   4.6762500e+05   3.5095215e+01
   4.6767600e+05   3.3996582e+01
   4.6772800e+05   4.0161133e+01
   4.6776400e+05   6.2683105e+01
   4.6779100e+05   3.9001465e+01
   4.6780400e+05   4.3457031e+01
   4.6783200e+05   4.1442871e+01
   4.6790600e+05   3.4362793e+01
   4.6794400e+05   3.8269043e+01
   4.6798000e+05   4.0527344e+01
   4.6800200e+05   3.8208008e+01
   4.6841000e+05   3.8574219e+01
   4.6983600e+05   3.7231445e+01
   4.8061600e+05   3.4545898e+01
   4.8122200e+05   3.3081055e+01
   4.8186500e+05   3.3020020e+01
   4.8288800e+05   3.7841797e+01
   4.8297600e+05   3.9367676e+01
   4.8301000e+05   3.2836914e+01
   4.8304900e+05   3.6010742e+01
   4.8307200e+05   4.0100098e+01
   4.8308800e+05   4.1503906e+01
   4.8313800e+05   3.3996582e+01
   4.8317200e+05   4.7363281e+01
   4.8318600e+05   3.6254883e+01
   4.8322500e+05   3.3691406e+01
   4.8328600e+05   3.3142090e+01
   4.8331400e+05   3.3447266e+01
   4.8333300e+05   3.5339355e+01
   4.8335100e+05   3.5278320e+01
   4.8336800e+05   4.3518066e+01
   4.8343200e+05   3.2836914e+01
   4.8351800e+05   4.2968750e+01
   4.8355200e+05   3.4851074e+01
   4.8359400e+05   3.3386230e+01
   4.8366200e+05   3.4973145e+01
   4.8381600e+05   3.2958984e+01
   4.8384500e+05   3.2836914e+01
   4.8576100e+05   3.5766602e+01
   4.9557100e+05   3.3752441e+01
   4.9567100e+05   3.3691406e+01
   4.9570600e+05   3.4362793e+01
   4.9575500e+05   5.0659180e+01
   4.9581500e+05   6.4025879e+01
   4.9584900e+05   4.1015625e+01
   4.9587700e+05   4.0405273e+01
   4.9589400e+05   4.8156738e+01
   4.9592700e+05   4.2724609e+01
   4.9595700e+05   4.0039063e+01
   4.9598800e+05   3.8391113e+01
   4.9603800e+05   3.6926270e+01
   4.9606700e+05   3.6621094e+01
   4.9610000e+05   4.8156738e+01
   4.9613800e+05   4.2663574e+01
   4.9619100e+05   3.3813477e+01
   4.9630800e+05   3.4301758e+01
   4.9631800e+05   3.4118652e+01
   4.9636000e+05   4.1564941e+01
   4.9649600e+05   3.4545898e+01
   4.9677500e+05   3.4362793e+01
   4.9789200e+05   3.3630371e+01
   5.0821500e+05   3.5339355e+01
   5.0842000e+05   7.0068359e+01
   5.0843700e+05   3.3386230e+01
   5.0847500e+05   3.5034180e+01
   5.0848700e+05   4.0710449e+01
   5.0851000e+05   3.4667969e+01
   5.0853400e+05   3.7414551e+01
   5.0855200e+05   4.5776367e+01
   5.0857400e+05   3.4301758e+01
   5.0859800e+05   3.8024902e+01
   5.0864900e+05   3.8879395e+01
   5.0867800e+05   4.6691895e+01
   5.0869500e+05   4.7973633e+01
   5.0873900e+05   3.4301758e+01
   5.0878100e+05   3.7597656e+01
   5.0884600e+05   4.8583984e+01
   5.0885800e+05   3.4057617e+01
   5.0891300e+05   3.3264160e+01
   5.0894000e+05   3.8452148e+01
   5.0938600e+05   3.3020020e+01
   5.2057800e+05   3.4118652e+01
   5.2074800e+05   3.3874512e+01
   5.2078200e+05   5.4992676e+01
   5.2080000e+05   3.7475586e+01
   5.2084900e+05   6.4819336e+01
   5.2088500e+05   3.5095215e+01
   5.2090900e+05   4.0649414e+01
   5.2093900e+05   3.6376953e+01
   5.2095700e+05   3.9489746e+01
   5.2099500e+05   5.9875488e+01
   5.2102000e+05   3.7841797e+01
   5.2106500e+05   3.4851074e+01
   5.2110400e+05   4.7302246e+01
   5.2111800e+05   3.3874512e+01
   5.2114600e+05   4.1870117e+01
   5.2122500e+05   4.7790527e+01
   5.2127800e+05   3.4240723e+01
   5.2152600e+05   3.6010742e+01
   5.2302700e+05   3.9428711e+01
   5.2331900e+05   4.5288086e+01
   5.2360400e+05   4.1992188e+01
   5.3412300e+05   3.9428711e+01
   5.3425400e+05   3.7841797e+01
   5.3430400e+05   3.4118652e+01
   5.3431600e+05   3.4240723e+01
   5.3434000e+05   6.4453125e+01
   5.3439300e+05   3.5095215e+01
   5.3447700e+05   5.9204102e+01
   5.3453100e+05   4.1381836e+01
   5.3455500e+05   3.7719727e+01
   5.3459400e+05   3.7780762e+01
   5.3462400e+05   3.7170410e+01
   5.3469800e+05   4.3640137e+01
   5.3476000e+05   3.5156250e+01
   5.3487500e+05   3.7048340e+01
   5.3492500e+05   3.8940430e+01
   5.3507900e+05   3.7170410e+01
   5.3546300e+05   3.7719727e+01
   5.4914500e+05   3.6193848e+01
   5.5667200e+05   5.2612305e+01
   5.5677800e+05   3.4912109e+01
   5.5680400e+05   4.8522949e+01
   5.5685600e+05   7.1655273e+01
   5.5688900e+05   3.8574219e+01
   5.5691200e+05   3.5644531e+01
   5.5693500e+05   3.6254883e+01
   5.5696100e+05   5.1696777e+01
   5.5698900e+05   3.8330078e+01
   5.5701100e+05   4.3518066e+01
   5.5703000e+05   4.1503906e+01
   5.5707700e+05   4.1809082e+01
   5.5711300e+05   3.3142090e+01
   5.5714300e+05   5.3466797e+01
   5.5716000e+05   4.1198730e+01
   5.5718200e+05   3.3935547e+01
   5.5721600e+05   3.5583496e+01
   5.5726300e+05   3.9001465e+01
   5.5728700e+05   4.5227051e+01
   5.5737400e+05   3.9123535e+01
   5.5787700e+05   3.5034180e+01
   5.5791500e+05   3.3081055e+01
   5.5820200e+05   3.3447266e+01
   5.6128400e+05   5.4504395e+01
   5.6240400e+05   5.4931641e+01
   5.7300400e+05   3.8085938e+01
   1.0307550e+06   3.8269043e+01
   1.0308720e+06   5.0231934e+01
   1.0308920e+06   3.5522461e+01
   1.0309150e+06   5.0598145e+01
   1.0309430e+06   7.1716309e+01
   1.0309660e+06   7.6232910e+01
   1.0309850e+06   5.3955078e+01
   1.0310000e+06   6.1401367e+01
   1.0310250e+06   5.1269531e+01
   1.0310410e+06   7.4890137e+01
   1.0310530e+06   5.3283691e+01
   1.0310850e+06   5.2673340e+01
   1.0311190e+06   4.6569824e+01
   1.0311550e+06   4.8583984e+01
   1.0311690e+06   3.7170410e+01
   1.0312040e+06   7.1105957e+01
   1.0312260e+06   3.4362793e+01
   1.0312800e+06   4.5959473e+01
   1.0312900e+06   4.2419434e+01
   1.0313250e+06   3.6315918e+01
   1.0313600e+06   4.4433594e+01
   1.0314090e+06   3.5400391e+01
   1.0314330e+06   3.5827637e+01
   1.0314480e+06   3.2958984e+01
   1.0315710e+06   3.6560059e+01
   1.0317450e+06   3.5644531e+01
   1.0322180e+06   3.3874512e+01
   1.0325580e+06   3.4179688e+01
   1.0331400e+06   3.6926270e+01
   1.0337820e+06   3.5156250e+01
   1.2377470e+06   3.3325195e+01
   1.2386840e+06   3.2897949e+01
   1.2387120e+06   4.4494629e+01
   1.2387270e+06   5.5175781e+01
   1.2387430e+06   3.3020020e+01
   1.2387680e+06   4.4616699e+01
   1.2387890e+06   9.3444824e+01
   1.2388180e+06   7.5988770e+01
   1.2388350e+06   5.7250977e+01
   1.2388590e+06   6.9458008e+01
   1.2388800e+06   5.8654785e+01
   1.2388930e+06   5.2551270e+01
   1.2389220e+06   3.3142090e+01
   1.2389380e+06   4.3579102e+01
   1.2389510e+06   3.4362793e+01
   1.2389880e+06   4.2114258e+01
   1.2390080e+06   3.6315918e+01
   1.2390300e+06   3.8146973e+01
   1.2390840e+06   4.1442871e+01
   1.2391220e+06   3.4667969e+01
   1.2392620e+06   3.9733887e+01
   1.2392770e+06   3.7963867e+01
   1.2393510e+06   3.3142090e+01
   1.2393980e+06   3.8757324e+01
   1.2394740e+06   3.9184570e+01
   1.2396540e+06   3.3752441e+01
   1.2397850e+06   4.0832520e+01
   1.2398880e+06   3.7353516e+01
   1.2404290e+06   3.5827637e+01
   1.2406160e+06   3.6560059e+01
   1.2408050e+06   3.3203125e+01
   1.2409560e+06   3.4667969e+01
   1.2411270e+06   3.3020020e+01
   1.2414550e+06   3.9855957e+01
   1.2415050e+06   3.7841797e+01
   1.2417720e+06   3.3081055e+01
   1.2419360e+06   3.8696289e+01
   1.2424990e+06   3.5278320e+01
   1.2433530e+06   4.6752930e+01
   1.2438340e+06   6.2255859e+01
   1.2495960e+06   3.3874512e+01
   1.2524830e+06   3.6437988e+01
   1.2790080e+06   3.5217285e+01
   1.4410590e+06   3.9428711e+01
   1.4627950e+06   3.5095215e+01
   1.4628870e+06   3.3935547e+01
   1.4629420e+06   5.7678223e+01
   1.4629700e+06   3.9978027e+01
   1.4630090e+06   7.0800781e+01
   1.4630250e+06   7.3730469e+01
   1.4630500e+06   7.3547363e+01
   1.4630630e+06   5.9509277e+01
   1.4630780e+06   4.2968750e+01
   1.4631040e+06   6.3232422e+01
   1.4631280e+06   6.5551758e+01
   1.4631430e+06   5.6823730e+01
   1.4631750e+06   3.9428711e+01
   1.4631910e+06   3.5705566e+01
   1.4632020e+06   3.3874512e+01
   1.4632320e+06   4.9133301e+01
   1.4632710e+06   4.0039063e+01
   1.4633000e+06   4.7424316e+01
   1.4633530e+06   4.4799805e+01
   1.4634100e+06   3.6437988e+01
   1.4634340e+06   3.4667969e+01
   1.4635290e+06   3.5278320e+01
   1.4639800e+06   3.3996582e+01
   1.4641070e+06   3.6254883e+01
   1.4644480e+06   3.7231445e+01
   1.4644670e+06   3.3142090e+01
   1.4645080e+06   3.5278320e+01
   1.4648470e+06   3.5522461e+01
   1.4649090e+06   3.6865234e+01
   1.4649670e+06   3.4545898e+01
   1.4650500e+06   3.7841797e+01
   1.4651810e+06   3.5949707e+01
   1.4653190e+06   3.6499023e+01
   1.4657290e+06   4.3640137e+01
   1.4662720e+06   3.8574219e+01
   1.4664390e+06   3.4606934e+01
   1.4665430e+06   3.5034180e+01
   1.4667690e+06   3.7414551e+01
   1.4866260e+06   3.3508301e+01
   1.6343810e+06   3.5705566e+01
   1.6350910e+06   3.6865234e+01
   1.6351550e+06   3.3569336e+01
   1.6351670e+06   6.7565918e+01
   1.6352440e+06   4.2663574e+01
   1.6352620e+06   6.4819336e+01
   1.6352900e+06   8.3984375e+01
   1.6353060e+06   4.0832520e+01
   1.6353170e+06   7.4584961e+01
   1.6353390e+06   8.3374023e+01
   1.6353690e+06   3.8269043e+01
   1.6353940e+06   4.2297363e+01
   1.6354040e+06   3.6132813e+01
   1.6354150e+06   3.9550781e+01
   1.6354510e+06   3.4545898e+01
   1.6354820e+06   4.2968750e+01
   1.6354970e+06   3.5400391e+01
   1.6355410e+06   3.4729004e+01
   1.6355680e+06   3.8452148e+01
   1.6355960e+06   3.4179688e+01
   1.6356200e+06   4.4067383e+01
   1.6356720e+06   3.3081055e+01
   1.6357810e+06   3.5888672e+01
   1.6360040e+06   3.3508301e+01
   1.6362510e+06   4.9255371e+01
   1.6367670e+06   3.4606934e+01
   1.6371200e+06   3.5339355e+01
   1.6372530e+06   3.3447266e+01
   1.6372680e+06   3.7048340e+01
   1.6377710e+06   3.6926270e+01
   1.6380970e+06   3.4545898e+01
   1.6384240e+06   3.4729004e+01
   1.6389520e+06   3.4851074e+01
   1.6391920e+06   3.9367676e+01
   1.8391020e+06   6.9763184e+01
   1.8391140e+06   6.3171387e+01
   1.8391610e+06   1.2988281e+02
   1.8391720e+06   6.2438965e+01
   1.8391940e+06   8.3435059e+01
   1.8392110e+06   5.9997559e+01
   1.8392230e+06   4.4189453e+01
   1.8392480e+06   4.2724609e+01
   1.8392640e+06   5.5541992e+01
   1.8392970e+06   4.5898438e+01
   1.8393200e+06   5.1330566e+01
   1.8393520e+06   4.3518066e+01
   1.8393660e+06   3.3142090e+01
   1.8394060e+06   3.8208008e+01
   1.8394760e+06   3.8269043e+01
   1.8395960e+06   4.6447754e+01
   1.8397120e+06   3.4606934e+01
   1.8402120e+06   3.6315918e+01
   1.8403320e+06   3.4912109e+01
   1.8403620e+06   3.4423828e+01
   1.8407500e+06   3.5278320e+01
   1.8409270e+06   3.5400391e+01
   1.8411620e+06   3.8940430e+01
   1.8412750e+06   3.4057617e+01
   1.8413670e+06   3.6315918e+01
   1.8427570e+06   3.2897949e+01
   1.8430430e+06   3.4118652e+01
   1.8433290e+06   3.3996582e+01
   1.8434820e+06   4.4006348e+01
   1.8533470e+06   6.1462402e+01
   1.8534040e+06   3.9794922e+01
   1.8534470e+06   7.1105957e+01
   1.8534680e+06   8.7341309e+01
   1.8534920e+06   4.1687012e+01
   1.8535190e+06   6.1035156e+01
   1.8535390e+06   5.0842285e+01
   1.8535700e+06   4.5227051e+01
   1.8536130e+06   3.7841797e+01
   1.8536340e+06   4.9560547e+01
   1.8536580e+06   3.5583496e+01
   1.8536730e+06   4.1259766e+01
   1.8537050e+06   3.5034180e+01
   1.8537260e+06   4.4128418e+01
   1.8537460e+06   3.4606934e+01
   1.8537720e+06   3.8635254e+01
   1.8538080e+06   3.5949707e+01
   1.8538570e+06   3.9611816e+01
   1.8539400e+06   4.2053223e+01
   1.8540120e+06   3.3813477e+01
   1.8542250e+06   3.5827637e+01
   1.8543100e+06   3.3813477e+01
   1.8545000e+06   3.5339355e+01
   1.8548650e+06   3.8269043e+01
   1.8568270e+06   5.5419922e+01
   1.8570500e+06   4.5349121e+01
   1.8660420e+06   4.7546387e+01
   1.8667460e+06   4.1687012e+01
   1.8668170e+06   3.8391113e+01
   1.8668660e+06   3.9672852e+01
   1.8668780e+06   6.9519043e+01
   1.8668980e+06   8.2153320e+01
   1.8669200e+06   3.9794922e+01
   1.8669510e+06   6.3903809e+01
   1.8669840e+06   4.7912598e+01
   1.8669960e+06   3.3508301e+01
   1.8670070e+06   6.8908691e+01
   1.8670420e+06   3.5644531e+01
   1.8670730e+06   5.3405762e+01
   1.8670930e+06   3.5888672e+01
   1.8671170e+06   4.0100098e+01
   1.8671410e+06   3.9062500e+01
   1.8672040e+06   3.9428711e+01
   1.8672790e+06   3.6071777e+01
   1.8673000e+06   3.4362793e+01
   1.8673580e+06   3.5278320e+01
   1.8674280e+06   4.4006348e+01
   1.8675860e+06   3.5156250e+01
   1.8681420e+06   3.5583496e+01
   1.8686210e+06   4.0222168e+01
   1.8688000e+06   3.4484863e+01
   1.8689210e+06   3.3691406e+01
   1.8691020e+06   4.1748047e+01
   1.8780250e+06   3.9184570e+01
   1.8797550e+06   3.3020020e+01
   1.8798360e+06   4.3273926e+01
   1.8798940e+06   4.6447754e+01
   1.8799230e+06   4.1564941e+01
   1.8799450e+06   5.3161621e+01
   1.8799640e+06   3.7536621e+01
   1.8800110e+06   3.7109375e+01
   1.8800380e+06   3.5095215e+01
   1.8800570e+06   6.2988281e+01
   1.8800720e+06   3.3386230e+01
   1.8800960e+06   4.6020508e+01
   1.8801200e+06   4.8400879e+01
   1.8801320e+06   4.3029785e+01
   1.8801740e+06   4.2297363e+01
   1.8802250e+06   3.9245605e+01
   1.8802440e+06   3.2958984e+01
   1.8802670e+06   3.4057617e+01
   1.8802920e+06   3.6437988e+01
   1.8803870e+06   4.2175293e+01
   1.8804000e+06   4.1687012e+01
   1.8804270e+06   3.5827637e+01
   1.8805060e+06   3.3935547e+01
   1.8805530e+06   3.3630371e+01
   1.8806250e+06   3.5095215e+01
   1.8806660e+06   3.2897949e+01
   1.8806890e+06   3.2897949e+01
   1.8807170e+06   3.4057617e+01
   1.8807760e+06   4.2968750e+01
   1.8825220e+06   4.4189453e+01
   1.8826970e+06   4.9560547e+01
   1.8924850e+06   4.4677734e+01
   1.8940380e+06   4.8950195e+01
   1.8955160e+06   3.5827637e+01
   1.8999320e+06   4.9194336e+01
   1.9003900e+06   4.9865723e+01
   1.9034370e+06   4.8706055e+01
   1.9034870e+06   3.9855957e+01
   1.9035060e+06   3.4912109e+01
   1.9035220e+06   5.5297852e+01
   1.9035530e+06   5.9082031e+01
   1.9035840e+06   4.2724609e+01
   1.9036200e+06   3.8696289e+01
   1.9036430e+06   5.2307129e+01
   1.9036540e+06   5.3039551e+01
   1.9036750e+06   3.8391113e+01
   1.9036920e+06   4.4433594e+01
   1.9037170e+06   3.5705566e+01
   1.9037390e+06   4.7973633e+01
   1.9037610e+06   3.7231445e+01
   1.9037840e+06   5.3771973e+01
   1.9038140e+06   5.3100586e+01
   1.9038250e+06   3.9062500e+01
   1.9038480e+06   3.3935547e+01
   1.9038790e+06   3.9733887e+01
   1.9039120e+06   3.4790039e+01
   1.9040010e+06   3.3020020e+01
   1.9040530e+06   3.3569336e+01
   1.9041420e+06   3.4545898e+01
   1.9041610e+06   3.3386230e+01
   1.9042740e+06   3.8940430e+01
   1.9043700e+06   3.5949707e+01
   1.9046440e+06   3.6926270e+01
   1.9048780e+06   3.3630371e+01
   1.9151300e+06   3.6865234e+01
   1.9155520e+06   3.9978027e+01
   1.9160880e+06   3.6254883e+01
   1.9167300e+06   3.9611816e+01
   1.9220720e+06   4.7729492e+01
   1.9227600e+06   5.7495117e+01
   1.9228270e+06   4.4555664e+01
   1.9228390e+06   3.7170410e+01
   1.9228830e+06   7.1655273e+01
   1.9228950e+06   4.3945313e+01
   1.9229350e+06   5.8471680e+01
   1.9229580e+06   3.7109375e+01
   1.9229900e+06   3.4973145e+01
   1.9230190e+06   5.6091309e+01
   1.9230360e+06   4.2907715e+01
   1.9230680e+06   4.0588379e+01
   1.9230850e+06   4.0405273e+01
   1.9231180e+06   3.5522461e+01
   1.9231480e+06   3.9672852e+01
   1.9231790e+06   3.3813477e+01
   1.9232030e+06   5.1269531e+01
   1.9232210e+06   3.3691406e+01
   1.9232330e+06   3.4790039e+01
   1.9232780e+06   3.3386230e+01
   1.9232880e+06   3.9611816e+01
   1.9233300e+06   3.3142090e+01
   1.9233760e+06   3.6621094e+01
   1.9233900e+06   4.5471191e+01
   1.9254870e+06   3.3630371e+01
   1.9376900e+06   3.5278320e+01
   1.9384190e+06   3.4423828e+01
   1.9384990e+06   3.9978027e+01
   1.9385680e+06   7.4401855e+01
   1.9385930e+06   3.3325195e+01
   1.9386190e+06   3.7597656e+01
   1.9386430e+06   3.3142090e+01
   1.9386590e+06   5.3771973e+01
   1.9386920e+06   6.0607910e+01
   1.9387220e+06   3.8940430e+01
   1.9387570e+06   4.4799805e+01
   1.9387830e+06   4.1503906e+01
   1.9387970e+06   5.6579590e+01
   1.9388770e+06   4.1381836e+01
   1.9389580e+06   3.5034180e+01
   1.9390160e+06   3.5278320e+01
   1.9390740e+06   3.5034180e+01
   1.9391220e+06   3.5766602e+01
   1.9392170e+06   3.3203125e+01
   1.9392770e+06   4.3518066e+01
   1.9398250e+06   3.6621094e+01
   1.9510310e+06   3.4851074e+01
   1.9511980e+06   4.3701172e+01
   1.9512440e+06   9.7961426e+01
   1.9512550e+06   4.0344238e+01
   1.9512770e+06   3.4301758e+01
   1.9512920e+06   3.3508301e+01
   1.9513500e+06   3.4912109e+01
   1.9513730e+06   3.7414551e+01
   1.9514020e+06   5.2978516e+01
   1.9514360e+06   3.9794922e+01
   1.9514690e+06   4.3151855e+01
   1.9515050e+06   3.8818359e+01
   1.9515210e+06   3.6254883e+01
   1.9515400e+06   3.3935547e+01
   1.9515930e+06   3.5278320e+01
   1.9516860e+06   3.9855957e+01
   1.9517300e+06   3.3020020e+01
   1.9517810e+06   3.6132813e+01
   1.9518300e+06   3.6987305e+01
   1.9518780e+06   3.4057617e+01
   1.9518930e+06   4.5715332e+01
   1.9519670e+06   3.6315918e+01
   1.9525300e+06   3.5400391e+01
   1.9643640e+06   3.6804199e+01
   1.9675620e+06   3.6254883e+01
   1.9684100e+06   3.7353516e+01
   1.9686530e+06   4.1076660e+01
   1.9688020e+06   4.3762207e+01
   1.9688420e+06   7.3852539e+01
   1.9688740e+06   4.9133301e+01
   1.9688940e+06   4.4189453e+01
   1.9689320e+06   3.6743164e+01
   1.9689650e+06   7.6171875e+01
   1.9690280e+06   3.4729004e+01
   1.9690870e+06   6.2377930e+01
   1.9691540e+06   3.9794922e+01
   1.9692250e+06   3.3081055e+01
   1.9692410e+06   4.3029785e+01
   1.9693080e+06   3.7658691e+01
   1.9693670e+06   3.5461426e+01
   1.9695220e+06   3.3203125e+01
   1.9697240e+06   3.4973145e+01
   1.9700370e+06   3.3508301e+01
   1.9720920e+06   3.5400391e+01
   1.9821890e+06   4.0832520e+01
   1.9822280e+06   6.1645508e+01
   1.9822800e+06   5.1452637e+01
   1.9823060e+06   3.6376953e+01
   1.9823730e+06   6.5856934e+01
   1.9824050e+06   4.6569824e+01
   1.9824820e+06   3.7048340e+01
   1.9825050e+06   3.9978027e+01
   1.9825620e+06   3.8757324e+01
   1.9825840e+06   4.0222168e+01
   1.9826280e+06   3.6682129e+01
   1.9826720e+06   3.6743164e+01
   1.9945540e+06   3.3813477e+01
   1.9946410e+06   4.2785645e+01
   1.9946670e+06   4.1015625e+01
   1.9946810e+06   6.2194824e+01
   1.9947620e+06   3.5156250e+01
   1.9947980e+06   3.5949707e+01
   1.9948290e+06   7.7209473e+01
   1.9948390e+06   3.6865234e+01
   1.9949340e+06   3.3203125e+01
   1.9949470e+06   3.6804199e+01
   1.9949790e+06   4.7424316e+01
   1.9951610e+06   4.6203613e+01
   1.9952440e+06   3.3630371e+01
   1.9953390e+06   3.7048340e+01
   1.9966780e+06   3.4667969e+01
   2.0092260e+06   4.2602539e+01
   2.0092810e+06   8.0749512e+01
   2.0093470e+06   4.4738770e+01
   2.0093850e+06   3.6376953e+01
   2.0094140e+06   5.6579590e+01
   2.0094490e+06   3.6376953e+01
   2.0094680e+06   4.1992188e+01
   2.0095060e+06   3.7963867e+01
   2.0095360e+06   5.0109863e+01
   2.0096340e+06   3.7963867e+01
   2.0096790e+06   4.1137695e+01
   2.0097090e+06   3.3020020e+01
   2.0097320e+06   3.5644531e+01
   2.0097990e+06   3.6621094e+01
   2.0099200e+06   3.4606934e+01
   2.0223860e+06   3.3142090e+01
   2.0225100e+06   3.9672852e+01
   2.0226100e+06   3.6010742e+01
   2.0226270e+06   6.0729980e+01
   2.0226420e+06   3.6804199e+01
   2.0226770e+06   4.3273926e+01
   2.0227190e+06   3.8818359e+01
   2.0227510e+06   4.2968750e+01
   2.0227610e+06   4.5288086e+01
   2.0228450e+06   3.6376953e+01
   2.0228790e+06   4.5349121e+01
   2.0228970e+06   3.7963867e+01
   2.0230580e+06   5.2734375e+01
   2.0231010e+06   3.3630371e+01
   2.0232260e+06   3.3630371e+01
   2.0234280e+06   3.4729004e+01
   2.0235840e+06   3.3142090e+01
   2.0237810e+06   4.1809082e+01
   2.0368620e+06   3.9184570e+01
   2.0369380e+06   4.6264648e+01
   2.0369950e+06   4.4494629e+01
   2.0370250e+06   3.4301758e+01
   2.0370550e+06   3.6987305e+01
   2.0370740e+06   5.8776855e+01
   2.0370980e+06   3.8757324e+01
   2.0371640e+06   3.3447266e+01
   2.0372100e+06   4.3334961e+01
   2.0372440e+06   3.2897949e+01
   2.0372740e+06   3.4118652e+01
   2.0373800e+06   3.5644531e+01
   2.0373970e+06   4.7363281e+01
   2.0374260e+06   3.4606934e+01
   2.0374540e+06   3.3569336e+01
   2.0375060e+06   3.7048340e+01
   2.0375490e+06   3.3935547e+01
   2.0375840e+06   3.5644531e+01
   2.0379360e+06   3.4057617e+01
   2.0379680e+06   3.2836914e+01
   2.0382260e+06   3.3752441e+01
   2.0500730e+06   3.2836914e+01
   2.0501940e+06   6.1584473e+01
   2.0502570e+06   4.0466309e+01
   2.0503390e+06   6.3659668e+01
   2.0503600e+06   3.5400391e+01
   2.0503700e+06   4.0039063e+01
   2.0504130e+06   3.3325195e+01
   2.0504280e+06   3.6621094e+01
   2.0504940e+06   3.9978027e+01
   2.0506290e+06   3.3752441e+01
   2.0506810e+06   3.4790039e+01
   2.0507840e+06   3.5217285e+01
   2.0508100e+06   3.5156250e+01
   2.0508410e+06   3.3081055e+01
   2.0512710e+06   4.0222168e+01
   2.0714430e+06   3.9306641e+01
   2.0736440e+06   4.6752930e+01
   2.0736750e+06   4.4616699e+01
   2.0737010e+06   4.9072266e+01
   2.0737110e+06   3.5583496e+01
   2.0737540e+06   8.5327148e+01
   2.0737860e+06   3.3447266e+01
   2.0737990e+06   4.2907715e+01
   2.0738280e+06   3.5644531e+01
   2.0738490e+06   4.1442871e+01
   2.0738680e+06   5.5419922e+01
   2.0738840e+06   3.7536621e+01
   2.0739080e+06   3.3447266e+01
   2.0739330e+06   3.3630371e+01
   2.0739610e+06   3.3386230e+01
   2.0739870e+06   5.3833008e+01
   2.0740060e+06   3.7780762e+01
   2.0740380e+06   3.6621094e+01
   2.0740810e+06   3.3813477e+01
   2.0741100e+06   3.3264160e+01
   2.0741430e+06   3.4057617e+01
   2.0741560e+06   4.3945313e+01
   2.0742240e+06   3.9245605e+01
   2.0742520e+06   3.8879395e+01
   2.0771200e+06   4.1320801e+01
   2.0773410e+06   3.7719727e+01
   2.5415380e+06   3.7475586e+01
   2.5416730e+06   3.4118652e+01
   2.5416910e+06   3.8818359e+01
   2.5417200e+06   7.4523926e+01
   2.5417720e+06   5.4626465e+01
   2.5417930e+06   1.1322021e+02
   2.5418100e+06   4.6081543e+01
   2.5418340e+06   7.3913574e+01
   2.5418490e+06   5.9570313e+01
   2.5418840e+06   6.6040039e+01
   2.5419200e+06   5.4931641e+01
   2.5419360e+06   3.7902832e+01
   2.5419560e+06   4.3884277e+01
   2.5419840e+06   3.3752441e+01
   2.5419970e+06   4.0466309e+01
   2.5420320e+06   4.1320801e+01
   2.5420450e+06   3.4423828e+01
   2.5420750e+06   3.5156250e+01
   2.5421880e+06   4.3884277e+01
   2.5423040e+06   3.2897949e+01
   2.5424140e+06   3.6376953e+01
   2.5430720e+06   3.3386230e+01
   2.5432240e+06   3.3813477e+01
   2.5433810e+06   3.2958984e+01
   2.5436800e+06   3.3447266e+01
   2.5437890e+06   3.3325195e+01
   2.5438120e+06   3.7414551e+01
   2.5449450e+06   3.6560059e+01
   2.5451060e+06   3.8696289e+01
   2.5453040e+06   3.6315918e+01
   2.5453600e+06   4.0466309e+01
   2.5458870e+06   3.3752441e+01
   2.5462450e+06   5.1757813e+01
   2.5514790e+06   3.3325195e+01
   2.7065750e+06   3.9489746e+01
   2.8325980e+06   3.7231445e+01
   2.8326370e+06   4.4128418e+01
   2.8326540e+06   6.7321777e+01
   2.8326870e+06   1.0656738e+02
   2.8327150e+06   5.6579590e+01
   2.8327330e+06   6.7932129e+01
   2.8327650e+06   5.0537109e+01
   2.8327830e+06   4.5349121e+01
   2.8328120e+06   4.7729492e+01
   2.8328260e+06   5.2612305e+01
   2.8328440e+06   3.6560059e+01
   2.8328580e+06   6.3598633e+01
   2.8328800e+06   3.9367676e+01
   2.8328960e+06   3.6499023e+01
   2.8329130e+06   3.5644531e+01
   2.8329240e+06   3.6010742e+01
   2.8329460e+06   3.8330078e+01
   2.8329760e+06   3.4851074e+01
   2.8330060e+06   4.4738770e+01
   2.8330380e+06   3.6437988e+01
   2.8330490e+06   3.8940430e+01
   2.8331520e+06   4.1015625e+01
   2.8332400e+06   3.6804199e+01
   2.8332900e+06   3.3447266e+01
   2.8335930e+06   3.3874512e+01
   2.8337280e+06   3.5705566e+01
   2.8342670e+06   3.8146973e+01
   2.8342930e+06   3.4301758e+01
   2.8343540e+06   3.7475586e+01
   2.8343800e+06   3.8940430e+01
   2.8347740e+06   4.2602539e+01
   2.8351720e+06   4.2846680e+01
   2.8356470e+06   3.3020020e+01
   2.8362120e+06   3.7536621e+01
   2.8363540e+06   3.8024902e+01
   2.8370750e+06   3.9733887e+01
   2.8506890e+06   5.6030273e+01
   2.8507020e+06   3.5461426e+01
   2.8507360e+06   6.5429688e+01
   2.8507560e+06   4.6691895e+01
   2.8507800e+06   4.1015625e+01
   2.8508040e+06   5.0842285e+01
   2.8508340e+06   5.9509277e+01
   2.8508530e+06   3.6376953e+01
   2.8508720e+06   4.7485352e+01
   2.8508990e+06   4.0100098e+01
   2.8509100e+06   6.6955566e+01
   2.8509320e+06   3.8452148e+01
   2.8509440e+06   3.3081055e+01
   2.8509810e+06   3.4729004e+01
   2.8510010e+06   5.3710938e+01
   2.8510120e+06   5.1513672e+01
   2.8510420e+06   4.6203613e+01
   2.8510740e+06   3.4912109e+01
   2.8510920e+06   4.6752930e+01
   2.8511120e+06   3.7414551e+01
   2.8511230e+06   3.3142090e+01
   2.8511510e+06   3.6376953e+01
   2.8512150e+06   3.4667969e+01
   2.8512420e+06   3.6437988e+01
   2.8514750e+06   3.6926270e+01
   2.8515470e+06   3.7109375e+01
   2.8515960e+06   3.4790039e+01
   2.8516590e+06   3.2836914e+01
   2.8519690e+06   3.3569336e+01
   2.8522280e+06   3.8330078e+01
   2.8522840e+06   3.3874512e+01
   2.8528290e+06   3.4179688e+01
   2.8529230e+06   3.5400391e+01
   2.8536390e+06   3.4240723e+01
   2.8540820e+06   3.4545898e+01
   2.8706200e+06   5.7983398e+01
   2.8707410e+06   9.1186523e+01
   2.8707560e+06   7.2143555e+01
   2.8707680e+06   3.9978027e+01
   2.8708010e+06   3.5339355e+01
   2.8708340e+06   4.9682617e+01
   2.8708530e+06   3.3935547e+01
   2.8708690e+06   3.6437988e+01
   2.8709000e+06   3.7353516e+01
   2.8709120e+06   5.1086426e+01
   2.8709300e+06   4.0771484e+01
   2.8709450e+06   5.8898926e+01
   2.8709850e+06   4.2663574e+01
   2.8709960e+06   4.3762207e+01
   2.8710300e+06   3.6254883e+01
   2.8710550e+06   3.4179688e+01
   2.8710670e+06   3.8696289e+01
   2.8710990e+06   3.4606934e+01
   2.8711340e+06   3.4973145e+01
   2.8711640e+06   3.5583496e+01
   2.8712070e+06   3.8208008e+01
   2.8712740e+06   3.9001465e+01
   2.8713000e+06   4.1870117e+01
   2.8713240e+06   3.8696289e+01
   2.8713480e+06   4.1625977e+01
   2.8713770e+06   3.6743164e+01
   2.8714080e+06   3.5034180e+01
   2.8714840e+06   3.4301758e+01
   2.8715490e+06   3.5522461e+01
   2.8715920e+06   4.1564941e+01
   2.8733930e+06   4.2907715e+01
   2.8735690e+06   4.0344238e+01
   2.8737100e+06   3.7475586e+01
   2.8739770e+06   4.3701172e+01
   2.8839980e+06   4.6081543e+01
   2.8892980e+06   5.2612305e+01
   2.8951260e+06   5.0109863e+01
   2.8958990e+06   3.4545898e+01
   2.8959670e+06   4.6081543e+01
   2.8960550e+06   3.6254883e+01
   2.8960890e+06   1.1114502e+02
   2.8961160e+06   4.6142578e+01
   2.8961320e+06   6.1706543e+01
   2.8961510e+06   3.5522461e+01
   2.8961860e+06   7.4340820e+01
   2.8962380e+06   3.3630371e+01
   2.8962490e+06   4.2419434e+01
   2.8963080e+06   4.5166016e+01
   2.8963380e+06   3.8330078e+01
   2.8963640e+06   4.5349121e+01
   2.8963830e+06   3.3325195e+01
   2.8964020e+06   3.9855957e+01
   2.8964310e+06   3.4240723e+01
   2.8964680e+06   3.6560059e+01
   2.8964850e+06   3.9001465e+01
   2.8965140e+06   3.9550781e+01
   2.8965450e+06   3.5400391e+01
   2.8965880e+06   3.3447266e+01
   2.8966220e+06   3.6132813e+01
   2.8966390e+06   3.4179688e+01
   2.8970340e+06   3.5461426e+01
   2.8971550e+06   3.5339355e+01
   2.8972920e+06   3.2836914e+01
   2.8977330e+06   3.3691406e+01
   2.8996040e+06   4.2541504e+01
   2.9100180e+06   4.4921875e+01
   2.9137690e+06   4.6569824e+01
   2.9151050e+06   4.1687012e+01
   2.9193680e+06   4.8950195e+01
   2.9264390e+06   5.0476074e+01
   2.9271340e+06   4.6081543e+01
   2.9272500e+06   4.4433594e+01
   2.9272670e+06   3.6743164e+01
   2.9272870e+06   6.7138672e+01
   2.9273090e+06   3.6010742e+01
   2.9273380e+06   3.7109375e+01
   2.9273650e+06   6.7504883e+01
   2.9273810e+06   3.8574219e+01
   2.9274210e+06   6.1157227e+01
   2.9274390e+06   3.7658691e+01
   2.9274510e+06   4.9499512e+01
   2.9275090e+06   4.5959473e+01
   2.9275370e+06   3.7536621e+01
   2.9275610e+06   3.2836914e+01
   2.9275850e+06   3.3325195e+01
   2.9276290e+06   3.6743164e+01
   2.9277230e+06   3.6499023e+01
   2.9279380e+06   3.7048340e+01
   2.9281290e+06   3.5766602e+01
   2.9283580e+06   3.3203125e+01
   2.9290190e+06   3.4057617e+01
   2.9290770e+06   3.4545898e+01
   2.9296800e+06   3.2897949e+01
   2.9376260e+06   3.3508301e+01
   2.9394880e+06   3.5949707e+01
   2.9399690e+06   3.8146973e+01
   2.9426980e+06   3.4179688e+01
   2.9433550e+06   4.6752930e+01
   2.9440030e+06   4.1503906e+01
   2.9448130e+06   3.7597656e+01
   2.9450110e+06   4.7485352e+01
   2.9450350e+06   3.8146973e+01
   2.9450740e+06   5.6091309e+01
   2.9451090e+06   8.2153320e+01
   2.9451390e+06   5.5603027e+01
   2.9451600e+06   5.1879883e+01
   2.9451930e+06   4.5043945e+01
   2.9452110e+06   4.8278809e+01
   2.9452520e+06   4.4128418e+01
   2.9452850e+06   5.1513672e+01
   2.9453170e+06   4.4189453e+01
   2.9453450e+06   3.6499023e+01
   2.9453940e+06   4.2053223e+01
   2.9454850e+06   3.9123535e+01
   2.9455120e+06   3.6865234e+01
   2.9455290e+06   3.4973145e+01
   2.9455690e+06   3.5461426e+01
   2.9455990e+06   3.5827637e+01
   2.9456950e+06   3.3386230e+01
   2.9458180e+06   3.7597656e+01
   2.9458490e+06   4.7058105e+01
   2.9461290e+06   3.4545898e+01
   2.9464490e+06   3.4851074e+01
   2.9467670e+06   3.3508301e+01
   2.9608530e+06   3.9367676e+01
   2.9644820e+06   3.9550781e+01
   2.9648960e+06   3.6376953e+01
   2.9673320e+06   4.7058105e+01
   2.9674120e+06   4.0588379e+01
   2.9674490e+06   3.9978027e+01
   2.9674630e+06   6.3171387e+01
   2.9675070e+06   7.2387695e+01
   2.9675460e+06   4.6875000e+01
   2.9675790e+06   6.3964844e+01
   2.9675980e+06   3.9611816e+01
   2.9676150e+06   6.4575195e+01
   2.9676360e+06   3.3325195e+01
   2.9676600e+06   3.6376953e+01
   2.9676830e+06   3.6926270e+01
   2.9676970e+06   3.7475586e+01
   2.9677320e+06   4.5593262e+01
   2.9677510e+06   4.3823242e+01
   2.9677620e+06   3.7231445e+01
   2.9678100e+06   4.4250488e+01
   2.9678530e+06   3.4118652e+01
   2.9678710e+06   3.5766602e+01
   2.9680060e+06   4.2968750e+01
   2.9683750e+06   3.9611816e+01
   2.9824190e+06   3.3264160e+01
   2.9851140e+06   3.8818359e+01
   2.9862010e+06   3.9855957e+01
   2.9928250e+06   3.6010742e+01
   2.9939180e+06   4.6325684e+01
   2.9939850e+06   3.6376953e+01
   2.9940280e+06   1.1157227e+02
   2.9940530e+06   4.1503906e+01
   2.9940880e+06   4.8339844e+01
   2.9941050e+06   4.4738770e+01
   2.9941270e+06   7.1960449e+01
   2.9941680e+06   3.9062500e+01
   2.9941810e+06   5.9082031e+01
   2.9942140e+06   4.5715332e+01
   2.9942370e+06   3.3386230e+01
   2.9942540e+06   3.5034180e+01
   2.9943050e+06   3.3996582e+01
   2.9943610e+06   3.2897949e+01
   2.9945760e+06   3.4729004e+01
   2.9946190e+06   3.9184570e+01
   2.9977070e+06   3.8879395e+01
   2.9979310e+06   4.9987793e+01
