   3.0000000e+06   0.0000000e+00
   7.8210000e+03   3.5461426e+01
   1.0054500e+05   3.1616211e+01
   1.0056300e+05   3.2897949e+01
   1.0059600e+05   6.2744141e+01
   1.0061000e+05   6.6162109e+01
   1.0062200e+05   4.3945313e+01
   1.0064300e+05   3.8757324e+01
   1.0068400e+05   3.6315918e+01
   1.0069700e+05   4.5654297e+01
   1.0070700e+05   2.9846191e+01
   1.0073000e+05   5.1879883e+01
   1.0074500e+05   3.1860352e+01
   1.0077700e+05   2.9602051e+01
   1.0080800e+05   3.2226563e+01
   1.0083100e+05   3.1433105e+01
   1.0085500e+05   3.3569336e+01
   1.0101900e+05   3.1799316e+01
   1.0209800e+05   2.9724121e+01
   1.0991400e+05   2.9357910e+01
   1.1243700e+05   3.1311035e+01
   1.1380600e+05   3.1188965e+01
   1.1621800e+05   2.9785156e+01
   1.5562800e+05   3.1921387e+01
   1.5828000e+05   2.9052734e+01
   1.8576200e+05   3.1433105e+01
   1.8955400e+05   2.9418945e+01
   2.1703400e+05   3.9306641e+01
   2.1706800e+05   3.6804199e+01
   2.1709800e+05   7.9162598e+01
   2.1710900e+05   3.1799316e+01
   2.1713400e+05   4.6936035e+01
   2.1715900e+05   4.9560547e+01
   2.1717700e+05   4.8950195e+01
   2.1718700e+05   4.2907715e+01
   2.1720700e+05   3.5644531e+01
   2.1722100e+05   3.1372070e+01
   2.1723600e+05   3.5095215e+01
   2.1725400e+05   2.9235840e+01
   2.1728300e+05   3.0151367e+01
   2.1733000e+05   3.3142090e+01
   2.1781000e+05   2.9113770e+01
   2.2763500e+05   3.5034180e+01
   2.2812800e+05   3.2287598e+01
   2.2870400e+05   3.2470703e+01
   2.7019300e+05   3.0456543e+01
   3.1693500e+05   3.9062500e+01
   3.1703500e+05   4.9316406e+01
   3.1708100e+05   2.9785156e+01
   3.1710200e+05   3.7719727e+01
   3.1713000e+05   3.8818359e+01
   3.1715700e+05   3.6560059e+01
   3.1718000e+05   3.3752441e+01
   3.1720700e+05   3.3630371e+01
   3.1722800e+05   2.9541016e+01
   3.1726800e+05   4.1870117e+01
   3.1727900e+05   3.6437988e+01
   3.1732100e+05   2.9174805e+01
   3.1737200e+05   2.8930664e+01
   3.1741300e+05   3.1860352e+01
   3.1811400e+05   2.9541016e+01
   3.2561900e+05   2.9174805e+01
   3.2753700e+05   3.1555176e+01
   3.3992700e+05   3.3264160e+01
   4.0193400e+05   3.6071777e+01
   4.6443100e+05   2.9968262e+01
   4.6445800e+05   3.3142090e+01
   4.6447400e+05   5.5725098e+01
   4.6450400e+05   4.4738770e+01
   4.6452500e+05   4.4860840e+01
   4.6454600e+05   4.9926758e+01
   4.6455600e+05   3.4790039e+01
   4.6460200e+05   3.9367676e+01
   4.6463500e+05   3.9733887e+01
   4.6465900e+05   3.6132813e+01
   4.6469400e+05   3.2104492e+01
   4.6473400e+05   3.0090332e+01
   4.6477900e+05   2.9357910e+01
   4.6484400e+05   2.9785156e+01
   4.6515500e+05   3.3691406e+01
   4.6522300e+05   3.0456543e+01
   4.7459500e+05   3.4240723e+01
   4.7707500e+05   3.9611816e+01
   4.7773000e+05   3.2653809e+01
   4.7816700e+05   3.1616211e+01
   5.0592400e+05   3.5522461e+01
   5.5091500e+05   3.6743164e+01
   5.5092500e+05   3.1860352e+01
   5.5095600e+05   7.5866699e+01
   5.5098600e+05   6.6467285e+01
   5.5099800e+05   4.8095703e+01
   5.5104000e+05   3.6804199e+01
   5.5107100e+05   5.7250977e+01
   5.5110100e+05   5.7922363e+01
   5.5115300e+05   3.0334473e+01
   5.5121400e+05   4.0954590e+01
   5.5123700e+05   3.6193848e+01
   5.5150200e+05   3.0029297e+01
   5.5217500e+05   3.1127930e+01
   5.5998800e+05   3.2409668e+01
   5.6165200e+05   3.3325195e+01
   5.6300700e+05   3.2775879e+01
   6.2383900e+05   3.9001465e+01
   6.5976300e+05   3.0151367e+01
   6.9797100e+05   3.1799316e+01
   6.9815500e+05   5.1086426e+01
   6.9818200e+05   7.4890137e+01
   6.9820400e+05   4.2907715e+01
   6.9822100e+05   4.4311523e+01
   6.9824200e+05   2.9235840e+01
   6.9827300e+05   4.5104980e+01
   6.9829800e+05   4.3823242e+01
   6.9833000e+05   3.9001465e+01
   6.9834700e+05   5.3405762e+01
   6.9836400e+05   3.6254883e+01
   6.9837900e+05   3.5705566e+01
   6.9842900e+05   3.3142090e+01
   6.9871500e+05   3.0029297e+01
   6.9892500e+05   3.0639648e+01
   6.9937600e+05   3.1372070e+01
   6.9940600e+05   2.9785156e+01
   7.0004200e+05   2.8869629e+01
   7.0961000e+05   3.3691406e+01
   7.1057400e+05   3.1738281e+01
   7.6832400e+05   3.7414551e+01
   7.9202600e+05   3.2104492e+01
   7.9204700e+05   3.3935547e+01
   7.9206300e+05   3.0761719e+01
   7.9209100e+05   9.2834473e+01
   7.9210900e+05   3.4606934e+01
   7.9212400e+05   4.6508789e+01
   7.9213900e+05   4.3518066e+01
   7.9217400e+05   4.7546387e+01
   7.9219400e+05   4.8889160e+01
   7.9220600e+05   3.1494141e+01
   7.9222100e+05   4.0710449e+01
   7.9224700e+05   3.5461426e+01
   7.9226600e+05   3.0395508e+01
   7.9227800e+05   3.7780762e+01
   7.9230200e+05   3.1555176e+01
   7.9231800e+05   3.2958984e+01
   7.9234500e+05   3.6926270e+01
   7.9245200e+05   3.1311035e+01
   7.9251100e+05   2.9296875e+01
   7.9272500e+05   2.8991699e+01
   7.9284800e+05   4.0527344e+01
   8.0110400e+05   3.4606934e+01
   8.0287800e+05   2.9418945e+01
   8.0727800e+05   3.6743164e+01
   8.4450700e+05   3.3386230e+01
   8.4453800e+05   3.6804199e+01
   8.4455600e+05   6.9946289e+01
   8.4459100e+05   5.4931641e+01
   8.4461900e+05   3.7353516e+01
   8.4464200e+05   3.7536621e+01
   8.4465500e+05   3.1250000e+01
   8.4468500e+05   4.2541504e+01
   8.4469600e+05   5.5969238e+01
   8.4471400e+05   3.2592773e+01
   8.4473400e+05   3.2592773e+01
   8.4478700e+05   4.1076660e+01
   8.4482900e+05   3.1066895e+01
   8.5379800e+05   3.0151367e+01
   8.5600900e+05   3.8452148e+01
   8.8841400e+05   3.3630371e+01
   8.8875400e+05   3.9245605e+01
   9.4331400e+05   2.8869629e+01
   1.0054270e+06   2.9541016e+01
   1.0055270e+06   3.0395508e+01
   1.0055620e+06   8.1665039e+01
   1.0055900e+06   4.0466309e+01
   1.0056180e+06   5.0537109e+01
   1.0056520e+06   3.1250000e+01
   1.0056680e+06   4.2724609e+01
   1.0056860e+06   3.2409668e+01
   1.0057260e+06   3.7780762e+01
   1.0057480e+06   4.0832520e+01
   1.0057880e+06   2.9052734e+01
   1.0058050e+06   3.2775879e+01
   1.0060380e+06   3.2165527e+01
   1.0061270e+06   3.1066895e+01
   1.0062060e+06   3.6743164e+01
   1.0072550e+06   2.9541016e+01
   1.0143270e+06   3.0639648e+01
   1.0149730e+06   2.9846191e+01
   1.0179080e+06   3.1677246e+01
   1.0476140e+06   3.6865234e+01
   1.0477390e+06   4.9438477e+01
   1.0477640e+06   4.5410156e+01
   1.0477820e+06   5.1757813e+01
   1.0477990e+06   5.2856445e+01
   1.0478150e+06   3.7414551e+01
   1.0478400e+06   5.8349609e+01
   1.0478500e+06   3.6682129e+01
   1.0478750e+06   3.5644531e+01
   1.0479000e+06   2.9846191e+01
   1.0479250e+06   3.5217285e+01
   1.0479490e+06   3.7231445e+01
   1.0479670e+06   3.2470703e+01
   1.0479960e+06   3.1005859e+01
   1.0480240e+06   3.7719727e+01
   1.0485810e+06   3.4301758e+01
   1.0486180e+06   2.9357910e+01
   1.0489710e+06   3.3508301e+01
   1.0490630e+06   3.0334473e+01
   1.0495360e+06   2.9418945e+01
   1.0559160e+06   3.0578613e+01
   1.0577420e+06   3.1738281e+01
   1.1132120e+06   3.6804199e+01
   1.1132420e+06   2.9907227e+01
   1.1132750e+06   7.8308105e+01
   1.1133040e+06   5.0476074e+01
   1.1133280e+06   4.7851563e+01
   1.1133390e+06   3.3203125e+01
   1.1133620e+06   4.9743652e+01
   1.1133790e+06   3.3813477e+01
   1.1133950e+06   4.0344238e+01
   1.1134200e+06   3.5278320e+01
   1.1134440e+06   2.9907227e+01
   1.1134720e+06   3.7597656e+01
   1.1134920e+06   2.9846191e+01
   1.1135300e+06   3.1677246e+01
   1.1135520e+06   3.4179688e+01
   1.1135980e+06   3.1921387e+01
   1.1136130e+06   2.9785156e+01
   1.1137360e+06   2.9357910e+01
   1.2004200e+06   3.5583496e+01
   1.2005090e+06   3.4851074e+01
   1.2005250e+06   4.1198730e+01
   1.2005590e+06   4.5959473e+01
   1.2005770e+06   5.1696777e+01
   1.2006030e+06   6.1645508e+01
   1.2006160e+06   3.7109375e+01
   1.2006480e+06   3.6621094e+01
   1.2006650e+06   4.2175293e+01
   1.2006760e+06   2.8930664e+01
   1.2007000e+06   3.1555176e+01
   1.2007230e+06   3.3142090e+01
   1.2007570e+06   3.1860352e+01
   1.2008380e+06   3.0822754e+01
   1.2008620e+06   3.1738281e+01
   1.2011010e+06   3.1127930e+01
   1.2028830e+06   4.8645020e+01
   1.2952430e+06   3.2958984e+01
   1.2953680e+06   3.2470703e+01
   1.2954400e+06   2.9724121e+01
   1.2954680e+06   3.2409668e+01
   1.2955050e+06   3.5095215e+01
   1.2955150e+06   6.7626953e+01
   1.2955430e+06   4.5104980e+01
   1.2955600e+06   4.1015625e+01
   1.2955890e+06   3.9428711e+01
   1.2956100e+06   3.8330078e+01
   1.2956310e+06   3.2897949e+01
   1.2956460e+06   3.3081055e+01
   1.2956660e+06   4.3762207e+01
   1.2957280e+06   3.0517578e+01
   1.2957710e+06   3.5888672e+01
   1.2957930e+06   3.2226563e+01
   1.2959950e+06   3.6254883e+01
   1.2962140e+06   3.0029297e+01
   1.3046300e+06   3.5400391e+01
   1.3292900e+06   3.1860352e+01
   1.3293750e+06   2.9724121e+01
   1.3294070e+06   2.9235840e+01
   1.3294300e+06   3.3630371e+01
   1.3294510e+06   4.6936035e+01
   1.3294630e+06   3.6621094e+01
   1.3294920e+06   3.7597656e+01
   1.3295170e+06   3.3020020e+01
   1.3295470e+06   3.0029297e+01
   1.3295810e+06   3.0944824e+01
   1.3295990e+06   2.9785156e+01
   1.3296670e+06   3.0944824e+01
   1.3297000e+06   3.0029297e+01
   1.3298820e+06   3.0151367e+01
   1.3304590e+06   2.9541016e+01
   1.3308560e+06   2.9663086e+01
   1.3312570e+06   3.0883789e+01
   1.3393250e+06   3.1127930e+01
   1.3931210e+06   2.9174805e+01
   1.3931500e+06   5.1696777e+01
   1.3931680e+06   3.6010742e+01
   1.3931990e+06   4.1748047e+01
   1.3932240e+06   3.9611816e+01
   1.3932520e+06   5.0537109e+01
   1.3932670e+06   3.8330078e+01
   1.3932980e+06   4.8706055e+01
   1.3933210e+06   3.0395508e+01
   1.3933560e+06   3.7658691e+01
   1.3933820e+06   3.2470703e+01
   1.3934030e+06   2.8869629e+01
   1.3934360e+06   3.5461426e+01
   1.3934670e+06   3.0334473e+01
   1.3934990e+06   3.2531738e+01
   1.3935560e+06   3.5278320e+01
   1.3937290e+06   3.0212402e+01
   1.3937970e+06   3.0151367e+01
   1.3942390e+06   2.8869629e+01
   1.3949270e+06   3.0761719e+01
   1.4025760e+06   2.9968262e+01
   1.4081600e+06   3.4057617e+01
   1.5746010e+06   3.1738281e+01
   1.5809780e+06   3.9916992e+01
   1.5810640e+06   3.3447266e+01
   1.5810750e+06   4.8583984e+01
   1.5811020e+06   6.9458008e+01
   1.5811210e+06   4.1259766e+01
   1.5811350e+06   3.9123535e+01
   1.5811670e+06   3.2226563e+01
   1.5811800e+06   3.0883789e+01
   1.5812090e+06   3.4606934e+01
   1.5812360e+06   5.9387207e+01
   1.5812620e+06   3.7658691e+01
   1.5813140e+06   2.9174805e+01
   1.5813310e+06   3.3142090e+01
   1.5813760e+06   3.0151367e+01
   1.5814860e+06   3.2714844e+01
   1.5815200e+06   3.2470703e+01
   1.5815470e+06   3.0517578e+01
   1.5823020e+06   2.9113770e+01
   1.5823960e+06   3.0578613e+01
   1.5906330e+06   3.6865234e+01
   1.5934140e+06   4.0039063e+01
   1.6733930e+06   3.1982422e+01
   1.6734930e+06   2.9968262e+01
   1.6735210e+06   4.1992188e+01
   1.6735340e+06   8.6669922e+01
   1.6735570e+06   3.6193848e+01
   1.6735940e+06   4.0954590e+01
   1.6736120e+06   3.9062500e+01
   1.6736380e+06   3.6804199e+01
   1.6736540e+06   4.3701172e+01
   1.6736760e+06   3.6682129e+01
   1.6737020e+06   3.1494141e+01
   1.6737130e+06   3.4301758e+01
   1.6737500e+06   3.1738281e+01
   1.6737750e+06   3.4667969e+01
   1.6739080e+06   3.2897949e+01
   1.6739230e+06   2.9785156e+01
   1.6740810e+06   3.1250000e+01
   1.6746800e+06   2.9113770e+01
   1.6748390e+06   2.8991699e+01
   1.6749460e+06   2.9968262e+01
   1.6750870e+06   3.0944824e+01
   1.6753510e+06   3.0273438e+01
   1.6808730e+06   3.2775879e+01
   1.6834910e+06   3.7902832e+01
   1.6844770e+06   3.4790039e+01
   1.6861960e+06   3.6071777e+01
   1.6870470e+06   2.9052734e+01
   1.8323710e+06   3.3691406e+01
   1.8323880e+06   3.6926270e+01
   1.8324170e+06   9.0332031e+01
   1.8324310e+06   5.2185059e+01
   1.8324550e+06   3.5217285e+01
   1.8324750e+06   3.8940430e+01
   1.8324950e+06   3.6315918e+01
   1.8325200e+06   4.4250488e+01
   1.8325470e+06   4.4860840e+01
   1.8325610e+06   3.8574219e+01
   1.8325830e+06   3.2348633e+01
   1.8326300e+06   3.6743164e+01
   1.8326450e+06   2.9541016e+01
   1.8326760e+06   3.1005859e+01
   1.8332150e+06   3.1250000e+01
   1.8333200e+06   3.0395508e+01
   1.8335780e+06   2.9479980e+01
   1.8336760e+06   2.9296875e+01
   1.8418900e+06   3.4912109e+01
   1.8432720e+06   3.2653809e+01
   1.8447270e+06   3.0639648e+01
   1.8459040e+06   2.9052734e+01
   1.8478550e+06   3.5034180e+01
   1.9172490e+06   3.6499023e+01
   1.9172920e+06   5.2917480e+01
   1.9173130e+06   4.8889160e+01
   1.9173480e+06   5.1025391e+01
   1.9173670e+06   3.4545898e+01
   1.9174040e+06   5.6152344e+01
   1.9174320e+06   3.1005859e+01
   1.9174590e+06   3.1005859e+01
   1.9174760e+06   3.8146973e+01
   1.9177570e+06   2.9724121e+01
   1.9184590e+06   3.0639648e+01
   1.9186150e+06   3.1066895e+01
   1.9280610e+06   2.9296875e+01
   1.9980290e+06   3.0883789e+01
   2.0001940e+06   2.9907227e+01
   2.0350930e+06   3.5034180e+01
   2.0351610e+06   3.4484863e+01
   2.0351710e+06   7.8308105e+01
   2.0352000e+06   6.1401367e+01
   2.0352180e+06   3.6865234e+01
   2.0352350e+06   3.0883789e+01
   2.0352560e+06   3.4729004e+01
   2.0352880e+06   4.2724609e+01
   2.0352980e+06   3.8574219e+01
   2.0353250e+06   4.1015625e+01
   2.0353440e+06   2.9785156e+01
   2.0353810e+06   3.5705566e+01
   2.0353950e+06   3.7658691e+01
   2.0354320e+06   3.3630371e+01
   2.0361970e+06   2.9907227e+01
   2.0465040e+06   3.0456543e+01
   2.2078100e+06   4.0039063e+01
   2.2078380e+06   3.0273438e+01
   2.2078610e+06   3.3935547e+01
   2.2078860e+06   3.2531738e+01
   2.2079200e+06   3.2958984e+01
   2.2079350e+06   4.6203613e+01
   2.2079550e+06   2.9968262e+01
   2.2079730e+06   3.0456543e+01
   2.2079950e+06   3.0029297e+01
   2.2080250e+06   3.1372070e+01
   2.2080480e+06   3.3203125e+01
   2.2080830e+06   3.8818359e+01
   2.2081030e+06   3.1616211e+01
   2.2090630e+06   3.0822754e+01
   2.2094080e+06   3.3569336e+01
   2.2178260e+06   3.2165527e+01
   2.2193980e+06   3.1921387e+01
   2.2234400e+06   3.2897949e+01
   2.2251490e+06   2.9479980e+01
   2.3820190e+06   3.5461426e+01
   2.3820910e+06   3.7780762e+01
   2.3821210e+06   6.0668945e+01
   2.3821360e+06   3.5949707e+01
   2.3821540e+06   3.9916992e+01
   2.3821770e+06   4.5654297e+01
   2.3822000e+06   3.1250000e+01
   2.3822170e+06   3.5034180e+01
   2.3822540e+06   3.4667969e+01
   2.3822650e+06   4.2419434e+01
   2.3822890e+06   3.5522461e+01
   2.3823000e+06   3.6437988e+01
   2.3823430e+06   3.4301758e+01
   2.3824700e+06   3.6315918e+01
   2.3826630e+06   2.9418945e+01
   2.3827110e+06   3.0090332e+01
   2.3832890e+06   3.0334473e+01
   2.3846640e+06   3.0578613e+01
   2.3945080e+06   3.3386230e+01
   2.3959640e+06   2.9602051e+01
   2.4323550e+06   2.9724121e+01
   2.4822320e+06   2.9418945e+01
   2.4823640e+06   3.3142090e+01
   2.4823860e+06   3.5583496e+01
   2.4824300e+06   3.2470703e+01
   2.4824510e+06   4.1442871e+01
   2.4824800e+06   7.7148438e+01
   2.4824930e+06   4.4982910e+01
   2.4825120e+06   5.6152344e+01
   2.4825290e+06   3.4667969e+01
   2.4825400e+06   3.0944824e+01
   2.4825580e+06   3.6560059e+01
   2.4825780e+06   2.8869629e+01
   2.4826320e+06   3.2592773e+01
   2.4826600e+06   4.3334961e+01
   2.4826730e+06   3.7048340e+01
   2.4827910e+06   3.7414551e+01
   2.4854450e+06   4.6264648e+01
   2.5379790e+06   3.1311035e+01
   2.5380980e+06   4.1870117e+01
   2.5381260e+06   5.2001953e+01
   2.5381560e+06   4.1442871e+01
   2.5381820e+06   3.9794922e+01
   2.5382080e+06   3.0517578e+01
   2.5382370e+06   4.1381836e+01
   2.5382480e+06   3.1188965e+01
   2.5382740e+06   3.1555176e+01
   2.5383000e+06   4.2114258e+01
   2.5383620e+06   3.1005859e+01
   2.5384040e+06   3.2104492e+01
   2.5384970e+06   3.2714844e+01
   2.5385130e+06   2.9602051e+01
   2.5390540e+06   2.8869629e+01
   2.5783200e+06   3.4790039e+01
   2.5784180e+06   3.3386230e+01
   2.5784330e+06   5.6701660e+01
   2.5784620e+06   4.0344238e+01
   2.5784950e+06   5.9387207e+01
   2.5785080e+06   4.4250488e+01
   2.5785300e+06   5.2734375e+01
   2.5785500e+06   4.9194336e+01
   2.5785730e+06   4.0893555e+01
   2.5785960e+06   3.2409668e+01
   2.5786060e+06   3.2043457e+01
   2.5786610e+06   2.9602051e+01
   2.5786980e+06   3.4423828e+01
   2.5787260e+06   4.2541504e+01
   2.5788050e+06   3.4057617e+01
   2.5789710e+06   3.0395508e+01
   2.5792450e+06   2.9846191e+01
   2.5795970e+06   3.3447266e+01
   2.5799070e+06   2.9968262e+01
   2.5805380e+06   3.1188965e+01
   2.5816580e+06   2.9052734e+01
   2.6565270e+06   3.3020020e+01
   2.6566160e+06   2.9663086e+01
   2.6566570e+06   4.2602539e+01
   2.6566810e+06   3.8635254e+01
   2.6566960e+06   3.9245605e+01
   2.6567170e+06   2.8869629e+01
   2.6567450e+06   3.2653809e+01
   2.6567900e+06   3.4301758e+01
   2.6568020e+06   3.4606934e+01
   2.6568170e+06   2.9052734e+01
   2.6568320e+06   3.1860352e+01
   2.6568430e+06   3.6499023e+01
   2.6568800e+06   3.0700684e+01
   2.6569040e+06   3.4179688e+01
   2.6569470e+06   3.2409668e+01
   2.6569690e+06   3.0761719e+01
   2.6570810e+06   2.8991699e+01
   2.6571970e+06   2.9296875e+01
   2.6681550e+06   4.2175293e+01
   2.7467620e+06   3.0273438e+01
   2.7468620e+06   3.5034180e+01
   2.7469060e+06   6.1279297e+01
   2.7469240e+06   3.0761719e+01
   2.7469520e+06   5.3466797e+01
   2.7469650e+06   3.8391113e+01
   2.7469840e+06   4.4433594e+01
   2.7469970e+06   3.0029297e+01
   2.7470210e+06   3.7292480e+01
   2.7470400e+06   4.1625977e+01
   2.7470520e+06   4.1503906e+01
   2.7470950e+06   3.9245605e+01
   2.7471140e+06   4.7119141e+01
   2.7471430e+06   4.3090820e+01
   2.7471760e+06   2.9846191e+01
   2.7471890e+06   3.0151367e+01
   2.7472390e+06   3.6621094e+01
   2.7474650e+06   3.4545898e+01
   2.7483770e+06   2.9052734e+01
   2.8301630e+06   4.9194336e+01
   2.8301860e+06   3.1127930e+01
   2.8301990e+06   5.1818848e+01
   2.8302370e+06   5.9509277e+01
   2.8302470e+06   3.7231445e+01
   2.8302710e+06   4.4982910e+01
   2.8302900e+06   5.0048828e+01
   2.8303120e+06   2.9602051e+01
   2.8303290e+06   3.4606934e+01
   2.8303580e+06   5.3161621e+01
   2.8303890e+06   3.1372070e+01
   2.8304160e+06   3.7963867e+01
   2.8304850e+06   2.8930664e+01
   2.8307620e+06   3.0944824e+01
   2.8406970e+06   3.3569336e+01
   2.9442560e+06   4.1931152e+01
   2.9442890e+06   8.5510254e+01
   2.9442990e+06   4.6875000e+01
   2.9443290e+06   3.0578613e+01
   2.9443540e+06   3.8696289e+01
   2.9443670e+06   3.0334473e+01
   2.9443910e+06   5.2612305e+01
   2.9444060e+06   3.1311035e+01
   2.9444280e+06   3.7109375e+01
   2.9444580e+06   3.8330078e+01
   2.9445020e+06   2.9296875e+01
   2.9446070e+06   2.9785156e+01
   2.9447720e+06   2.9907227e+01
   2.9458570e+06   3.0212402e+01
   2.9462000e+06   3.0151367e+01
