   3.0000000e+06   0.0000000e+00
   1.3086000e+04   2.9479980e+01
   2.0094000e+04   2.9174805e+01
   3.3271000e+04   3.3386230e+01
   6.5189000e+04   3.2348633e+01
   6.9132000e+04   3.5278320e+01
   6.9853000e+04   2.6977539e+01
   7.8160000e+04   3.5400391e+01
   7.9800000e+04   2.8259277e+01
   8.0996000e+04   3.5156250e+01
   8.8180000e+04   2.9418945e+01
   9.3616000e+04   2.8259277e+01
   9.4861000e+04   2.6489258e+01
   9.8004000e+04   3.1311035e+01
   9.8194000e+04   3.5461426e+01
   1.0040100e+05   3.0029297e+01
   1.0051600e+05   5.9570313e+01
   1.0054100e+05   4.9865723e+01
   1.0057200e+05   7.5439453e+01
   1.0060500e+05   7.6049805e+01
   1.0062500e+05   7.7697754e+01
   1.0064000e+05   5.4687500e+01
   1.0066200e+05   6.6894531e+01
   1.0067700e+05   4.9682617e+01
   1.0069500e+05   3.3264160e+01
   1.0070700e+05   4.3457031e+01
   1.0073100e+05   5.6396484e+01
   1.0074400e+05   4.6875000e+01
   1.0077000e+05   3.8085938e+01
   1.0080300e+05   5.6396484e+01
   1.0082600e+05   7.2021484e+01
   1.0083600e+05   6.1279297e+01
   1.0085700e+05   3.8879395e+01
   1.0089000e+05   3.2104492e+01
   1.0090700e+05   3.0273438e+01
   1.0092400e+05   4.2114258e+01
   1.0095400e+05   3.5156250e+01
   1.0096700e+05   4.3151855e+01
   1.0098700e+05   6.0119629e+01
   1.0102800e+05   3.3264160e+01
   1.0104100e+05   2.7038574e+01
   1.0106300e+05   5.6701660e+01
   1.0108600e+05   2.8442383e+01
   1.0110000e+05   2.8137207e+01
   1.0112100e+05   3.2165527e+01
   1.0114500e+05   3.0944824e+01
   1.0117400e+05   2.8259277e+01
   1.0119500e+05   2.8503418e+01
   1.0121200e+05   2.6672363e+01
   1.0124700e+05   3.1005859e+01
   1.0127700e+05   4.5715332e+01
   1.0129000e+05   3.3691406e+01
   1.0133700e+05   3.3020020e+01
   1.0135100e+05   2.9907227e+01
   1.0140500e+05   2.6245117e+01
   1.0143400e+05   3.2836914e+01
   1.0145500e+05   3.0883789e+01
   1.0146600e+05   3.8879395e+01
   1.0153600e+05   3.0029297e+01
   1.0154800e+05   3.5095215e+01
   1.0157800e+05   3.0273438e+01
   1.0160400e+05   3.5766602e+01
   1.0162000e+05   5.1940918e+01
   1.0163200e+05   2.6550293e+01
   1.0165200e+05   2.6184082e+01
   1.0170000e+05   2.9418945e+01
   1.0172100e+05   3.2226563e+01
   1.0173700e+05   2.8259277e+01
   1.0176700e+05   3.1799316e+01
   1.0180800e+05   3.3508301e+01
   1.0183300e+05   4.0466309e+01
   1.0190400e+05   2.5207520e+01
   1.0193800e+05   3.4423828e+01
   1.0196800e+05   2.7832031e+01
   1.0199300e+05   3.9245605e+01
   1.0201200e+05   2.6184082e+01
   1.0209900e+05   2.7526855e+01
   1.0213300e+05   4.8522949e+01
   1.0215000e+05   2.9968262e+01
   1.0224100e+05   3.6926270e+01
   1.0229000e+05   2.6672363e+01
   1.0232300e+05   3.0883789e+01
   1.0236400e+05   3.9611816e+01
   1.0245400e+05   2.7343750e+01
   1.0251100e+05   3.6621094e+01
   1.0262800e+05   2.5329590e+01
   1.0269700e+05   2.9235840e+01
   1.0278200e+05   2.6794434e+01
   1.0314800e+05   3.1127930e+01
   1.0323400e+05   2.8686523e+01
   1.0365000e+05   3.9367676e+01
   1.0653200e+05   2.8503418e+01
   1.1234600e+05   2.8503418e+01
   1.1453500e+05   2.6245117e+01
   1.1538300e+05   2.7465820e+01
   1.5467900e+05   3.0578613e+01
   1.5834100e+05   4.2236328e+01
   1.5852900e+05   2.8320313e+01
   1.5865300e+05   2.8869629e+01
   1.5889800e+05   2.5878906e+01
   1.5901600e+05   3.4301758e+01
   1.5910900e+05   3.5339355e+01
   1.5926300e+05   2.7893066e+01
   1.5939100e+05   2.6123047e+01
   1.5954400e+05   3.6987305e+01
   1.5975300e+05   2.6489258e+01
   1.5979900e+05   3.8085938e+01
   1.6003100e+05   2.7038574e+01
   1.6009100e+05   3.0639648e+01
   1.6037200e+05   3.5034180e+01
   1.6041800e+05   2.7282715e+01
   1.7562100e+05   2.7526855e+01
   1.8537600e+05   3.8208008e+01
   1.8934800e+05   3.1433105e+01
   1.8959300e+05   3.2165527e+01
   1.8974200e+05   2.9724121e+01
   1.8984000e+05   2.5085449e+01
   1.9018800e+05   3.2226563e+01
   1.9034000e+05   2.6672363e+01
   1.9043800e+05   2.7038574e+01
   1.9051800e+05   2.4963379e+01
   1.9055200e+05   2.6062012e+01
   1.9057100e+05   3.1799316e+01
   1.9069400e+05   2.5207520e+01
   1.9147800e+05   2.7648926e+01
   1.9265200e+05   2.5207520e+01
   2.0725200e+05   3.3813477e+01
   2.1192900e+05   2.6916504e+01
   2.1686800e+05   2.7038574e+01
   2.1693500e+05   3.8330078e+01
   2.1700700e+05   6.6650391e+01
   2.1701900e+05   3.9550781e+01
   2.1704000e+05   3.9794922e+01
   2.1706600e+05   5.6701660e+01
   2.1710000e+05   8.2946777e+01
   2.1711500e+05   1.0815430e+02
   2.1714400e+05   3.7475586e+01
   2.1717200e+05   6.4270020e+01
   2.1718400e+05   5.2368164e+01
   2.1720400e+05   4.4067383e+01
   2.1722800e+05   8.2763672e+01
   2.1724300e+05   2.7038574e+01
   2.1727000e+05   4.8583984e+01
   2.1729300e+05   5.5725098e+01
   2.1732500e+05   7.3486328e+01
   2.1734100e+05   3.7780762e+01
   2.1735100e+05   4.8889160e+01
   2.1737700e+05   3.9916992e+01
   2.1740200e+05   5.2246094e+01
   2.1744000e+05   3.9001465e+01
   2.1746700e+05   4.2785645e+01
   2.1748600e+05   4.2480469e+01
   2.1750800e+05   2.5573730e+01
   2.1752400e+05   2.5085449e+01
   2.1756600e+05   5.0964355e+01
   2.1759500e+05   4.3823242e+01
   2.1761900e+05   3.1066895e+01
   2.1765400e+05   2.9418945e+01
   2.1770100e+05   3.4667969e+01
   2.1771600e+05   4.4128418e+01
   2.1773600e+05   2.6245117e+01
   2.1774800e+05   5.1635742e+01
   2.1782600e+05   2.6855469e+01
   2.1784100e+05   3.6499023e+01
   2.1786200e+05   2.5390625e+01
   2.1789300e+05   3.7536621e+01
   2.1792200e+05   2.7648926e+01
   2.1794600e+05   4.6020508e+01
   2.1798000e+05   4.1320801e+01
   2.1799800e+05   3.0944824e+01
   2.1807500e+05   2.6733398e+01
   2.1810800e+05   4.4616699e+01
   2.1823100e+05   3.0090332e+01
   2.1824200e+05   3.8146973e+01
   2.1826900e+05   2.6977539e+01
   2.1830100e+05   5.0720215e+01
   2.1832200e+05   4.1992188e+01
   2.1835100e+05   2.6245117e+01
   2.1837900e+05   2.5207520e+01
   2.1840900e+05   3.0334473e+01
   2.1846900e+05   3.3508301e+01
   2.1859600e+05   2.4902344e+01
   2.1860800e+05   2.8869629e+01
   2.1864100e+05   3.6132813e+01
   2.1868100e+05   2.9968262e+01
   2.1873000e+05   2.5634766e+01
   2.1879900e+05   3.3081055e+01
   2.1887800e+05   2.9052734e+01
   2.1906300e+05   2.6428223e+01
   2.1920400e+05   2.6367188e+01
   2.1943000e+05   2.5634766e+01
   2.1992800e+05   2.5390625e+01
   2.2022500e+05   2.5695801e+01
   2.2121100e+05   2.9235840e+01
   2.2749500e+05   3.4362793e+01
   2.3046400e+05   3.4545898e+01
   2.6727100e+05   3.0334473e+01
   2.6859800e+05   3.2897949e+01
   2.6875200e+05   2.4963379e+01
   2.6893600e+05   2.7770996e+01
   2.6900200e+05   2.5756836e+01
   2.6903500e+05   4.0344238e+01
   2.6924000e+05   2.9968262e+01
   2.6939400e+05   3.6315918e+01
   2.6962100e+05   3.0334473e+01
   2.6992700e+05   2.9724121e+01
   2.7003400e+05   2.7770996e+01
   2.7129000e+05   2.8076172e+01
   2.8315400e+05   3.6865234e+01
   3.0622000e+05   3.3264160e+01
   3.1158500e+05   3.1250000e+01
   3.1685300e+05   7.1044922e+01
   3.1686800e+05   3.7780762e+01
   3.1694200e+05   3.6804199e+01
   3.1696800e+05   2.9174805e+01
   3.1698000e+05   7.2814941e+01
   3.1701500e+05   6.0546875e+01
   3.1704800e+05   5.9875488e+01
   3.1705800e+05   5.6884766e+01
   3.1707200e+05   6.3049316e+01
   3.1709400e+05   4.0832520e+01
   3.1711900e+05   5.5786133e+01
   3.1714000e+05   2.7465820e+01
   3.1715500e+05   4.1870117e+01
   3.1716700e+05   2.6489258e+01
   3.1719100e+05   6.3232422e+01
   3.1720600e+05   5.2551270e+01
   3.1722800e+05   4.0893555e+01
   3.1725600e+05   9.0576172e+01
   3.1727400e+05   5.5603027e+01
   3.1729400e+05   3.5949707e+01
   3.1732600e+05   5.8593750e+01
   3.1733900e+05   3.0395508e+01
   3.1738100e+05   3.3630371e+01
   3.1739800e+05   3.0456543e+01
   3.1744200e+05   4.2480469e+01
   3.1750200e+05   3.8757324e+01
   3.1755100e+05   2.8198242e+01
   3.1757900e+05   5.1147461e+01
   3.1760400e+05   2.7282715e+01
   3.1763600e+05   2.5085449e+01
   3.1764700e+05   2.5268555e+01
   3.1767500e+05   3.2226563e+01
   3.1772000e+05   2.9541016e+01
   3.1775300e+05   4.1137695e+01
   3.1776700e+05   2.5512695e+01
   3.1780600e+05   4.0100098e+01
   3.1782600e+05   3.0761719e+01
   3.1784100e+05   3.8391113e+01
   3.1785900e+05   2.5695801e+01
   3.1788300e+05   2.7587891e+01
   3.1794300e+05   3.1799316e+01
   3.1797300e+05   3.0822754e+01
   3.1799700e+05   2.6916504e+01
   3.1801300e+05   3.1616211e+01
   3.1804900e+05   3.1860352e+01
   3.1807700e+05   3.0212402e+01
   3.1810100e+05   4.2846680e+01
   3.1813100e+05   2.9052734e+01
   3.1817900e+05   2.5695801e+01
   3.1824100e+05   4.6508789e+01
   3.1825200e+05   3.2897949e+01
   3.1827200e+05   3.0151367e+01
   3.1832500e+05   2.6855469e+01
   3.1837700e+05   3.3020020e+01
   3.1844000e+05   3.5461426e+01
   3.1846200e+05   5.0537109e+01
   3.1847700e+05   2.8503418e+01
   3.1849700e+05   2.4963379e+01
   3.1854200e+05   2.5085449e+01
   3.1856200e+05   2.7648926e+01
   3.1860200e+05   2.6855469e+01
   3.1865100e+05   3.0517578e+01
   3.1869300e+05   2.8808594e+01
   3.1871800e+05   2.8381348e+01
   3.1874500e+05   2.5146484e+01
   3.1890400e+05   3.4179688e+01
   3.1894900e+05   2.6733398e+01
   3.1903200e+05   2.8564453e+01
   3.1909700e+05   2.6611328e+01
   3.1919700e+05   2.8930664e+01
   3.1928900e+05   3.5766602e+01
   3.1948500e+05   3.2531738e+01
   3.2452300e+05   3.4423828e+01
   3.2745100e+05   3.1860352e+01
   3.2955500e+05   3.2104492e+01
   3.3911300e+05   3.1005859e+01
   3.3919700e+05   3.8757324e+01
   3.3973600e+05   2.6733398e+01
   3.6991900e+05   2.8991699e+01
   3.7370700e+05   2.8015137e+01
   3.8295200e+05   3.0456543e+01
   3.8775300e+05   3.6071777e+01
   3.9343400e+05   3.2836914e+01
   3.9947300e+05   2.9479980e+01
   4.0260200e+05   3.3264160e+01
   4.0265800e+05   3.3569336e+01
   4.0280800e+05   2.6367188e+01
   4.0283800e+05   2.5146484e+01
   4.0294100e+05   3.0395508e+01
   4.0299100e+05   2.5512695e+01
   4.0300400e+05   2.7832031e+01
   4.0312700e+05   2.6367188e+01
   4.0322200e+05   2.7893066e+01
   4.0324100e+05   2.6550293e+01
   4.0332700e+05   2.7160645e+01
   4.0339000e+05   3.4423828e+01
   4.0344800e+05   2.9968262e+01
   4.0346400e+05   5.0231934e+01
   4.0354500e+05   2.7893066e+01
   4.0356500e+05   2.5695801e+01
   4.0363700e+05   2.9479980e+01
   4.0383300e+05   2.8076172e+01
   4.0388200e+05   3.7658691e+01
   4.0404700e+05   2.5146484e+01
   4.0410100e+05   2.9296875e+01
   4.0465200e+05   2.7526855e+01
   4.1762400e+05   4.0954590e+01
   4.1970900e+05   3.1127930e+01
   4.2779600e+05   2.9235840e+01
   4.2884900e+05   2.9174805e+01
   4.3397400e+05   3.9367676e+01
   4.3820700e+05   3.4973145e+01
   4.4105400e+05   2.7343750e+01
   4.4382100e+05   3.5766602e+01
   4.4863300e+05   2.9907227e+01
   4.5124000e+05   3.4851074e+01
   4.5433600e+05   2.7343750e+01
   4.5435400e+05   2.8442383e+01
   4.5768300e+05   3.4057617e+01
   4.6272800e+05   3.3081055e+01
   4.6429300e+05   3.3874512e+01
   4.6431900e+05   2.6306152e+01
   4.6435700e+05   2.6245117e+01
   4.6439600e+05   6.1218262e+01
   4.6440600e+05   4.2114258e+01
   4.6442200e+05   3.7719727e+01
   4.6445200e+05   6.3049316e+01
   4.6447400e+05   6.2133789e+01
   4.6448600e+05   5.7861328e+01
   4.6450300e+05   4.6081543e+01
   4.6452700e+05   5.8227539e+01
   4.6454100e+05   6.4208984e+01
   4.6456500e+05   7.7636719e+01
   4.6457800e+05   6.3842773e+01
   4.6460800e+05   5.6518555e+01
   4.6462800e+05   4.0893555e+01
   4.6465800e+05   6.1584473e+01
   4.6468500e+05   7.7636719e+01
   4.6471200e+05   4.4128418e+01
   4.6473800e+05   4.7546387e+01
   4.6476800e+05   4.7058105e+01
   4.6479500e+05   3.4301758e+01
   4.6480500e+05   2.8747559e+01
   4.6482100e+05   3.5400391e+01
   4.6483900e+05   4.9438477e+01
   4.6485100e+05   3.9733887e+01
   4.6488400e+05   2.6794434e+01
   4.6491000e+05   3.4240723e+01
   4.6492000e+05   3.3874512e+01
   4.6495700e+05   2.7770996e+01
   4.6498200e+05   5.1330566e+01
   4.6500100e+05   3.1066895e+01
   4.6502100e+05   2.8137207e+01
   4.6503900e+05   4.2602539e+01
   4.6507500e+05   3.5949707e+01
   4.6509000e+05   3.9550781e+01
   4.6511500e+05   3.0151367e+01
   4.6515300e+05   2.6489258e+01
   4.6517800e+05   2.9846191e+01
   4.6520200e+05   2.9235840e+01
   4.6522900e+05   2.5024414e+01
   4.6527900e+05   2.7343750e+01
   4.6529500e+05   4.0588379e+01
   4.6533000e+05   2.9052734e+01
   4.6536300e+05   3.3996582e+01
   4.6539500e+05   3.7048340e+01
   4.6541600e+05   3.0944824e+01
   4.6544800e+05   3.0578613e+01
   4.6547600e+05   2.5329590e+01
   4.6550000e+05   3.6315918e+01
   4.6555200e+05   5.1879883e+01
   4.6556700e+05   3.5095215e+01
   4.6560100e+05   3.1372070e+01
   4.6564900e+05   2.9479980e+01
   4.6566500e+05   3.2714844e+01
   4.6569200e+05   2.9235840e+01
   4.6572100e+05   3.8940430e+01
   4.6573500e+05   3.3996582e+01
   4.6575400e+05   3.2958984e+01
   4.6578800e+05   3.4362793e+01
   4.6584000e+05   2.7587891e+01
   4.6588100e+05   2.5024414e+01
   4.6590900e+05   2.8198242e+01
   4.6594300e+05   2.6428223e+01
   4.6597000e+05   2.7465820e+01
   4.6599300e+05   4.7912598e+01
   4.6602000e+05   2.8625488e+01
   4.6605800e+05   2.5512695e+01
   4.6609300e+05   2.5451660e+01
   4.6617400e+05   2.5695801e+01
   4.6627100e+05   2.7282715e+01
   4.6635400e+05   3.1066895e+01
   4.6640700e+05   2.8442383e+01
   4.6646100e+05   2.8320313e+01
   4.6658200e+05   3.0639648e+01
   4.6681000e+05   2.5268555e+01
   4.6729100e+05   2.5024414e+01
   4.6748600e+05   2.9052734e+01
   4.6867600e+05   2.7221680e+01
   4.7115400e+05   2.7893066e+01
   4.7545600e+05   2.7526855e+01
   4.8136000e+05   2.7038574e+01
   4.8447100e+05   2.9541016e+01
   4.8549400e+05   3.2836914e+01
   4.8834200e+05   3.6743164e+01
   5.0282400e+05   3.0090332e+01
   5.1713500e+05   3.4362793e+01
   5.2211700e+05   3.2165527e+01
   5.2523100e+05   2.5085449e+01
   5.2525600e+05   2.5878906e+01
   5.2529300e+05   3.4973145e+01
   5.2538200e+05   2.9418945e+01
   5.2552000e+05   2.8991699e+01
   5.2561700e+05   3.3142090e+01
   5.2574500e+05   3.1982422e+01
   5.2605500e+05   4.0527344e+01
   5.2627200e+05   2.8320313e+01
   5.2660900e+05   2.7709961e+01
   5.2667900e+05   3.1311035e+01
   5.2684600e+05   3.3691406e+01
   5.2707300e+05   2.6184082e+01
   5.2753500e+05   2.8686523e+01
   5.4185100e+05   3.1372070e+01
   5.4624800e+05   3.4606934e+01
   5.5066300e+05   3.0029297e+01
   5.5085200e+05   6.6223145e+01
   5.5087700e+05   3.0822754e+01
   5.5089600e+05   5.3894043e+01
   5.5091100e+05   5.8471680e+01
   5.5093600e+05   7.3974609e+01
   5.5095700e+05   7.8369141e+01
   5.5097400e+05   5.2673340e+01
   5.5098400e+05   6.3659668e+01
   5.5100900e+05   6.6894531e+01
   5.5103500e+05   4.2297363e+01
   5.5107100e+05   5.1330566e+01
   5.5108400e+05   4.0893555e+01
   5.5109900e+05   2.8930664e+01
   5.5113600e+05   5.3039551e+01
   5.5114900e+05   4.0527344e+01
   5.5117100e+05   4.6020508e+01
   5.5121700e+05   4.5471191e+01
   5.5124800e+05   3.5034180e+01
   5.5128100e+05   5.4992676e+01
   5.5129600e+05   2.5024414e+01
   5.5131100e+05   3.0822754e+01
   5.5136400e+05   4.4555664e+01
   5.5138600e+05   4.4799805e+01
   5.5142600e+05   2.8076172e+01
   5.5145500e+05   4.7729492e+01
   5.5146700e+05   4.7302246e+01
   5.5151800e+05   3.1799316e+01
   5.5153100e+05   3.6010742e+01
   5.5154500e+05   3.3569336e+01
   5.5157900e+05   3.0395508e+01
   5.5161300e+05   2.8991699e+01
   5.5163300e+05   5.7312012e+01
   5.5169000e+05   2.7038574e+01
   5.5173500e+05   2.6123047e+01
   5.5177500e+05   2.4902344e+01
   5.5178900e+05   3.2958984e+01
   5.5180500e+05   3.8879395e+01
   5.5184300e+05   3.4179688e+01
   5.5186500e+05   2.7832031e+01
   5.5190300e+05   4.0832520e+01
   5.5192100e+05   3.5766602e+01
   5.5194600e+05   2.8869629e+01
   5.5199800e+05   2.5939941e+01
   5.5201000e+05   2.9479980e+01
   5.5203600e+05   2.9724121e+01
   5.5205000e+05   3.8208008e+01
   5.5207000e+05   2.9479980e+01
   5.5208800e+05   3.6865234e+01
   5.5211500e+05   2.6245117e+01
   5.5213400e+05   2.6123047e+01
   5.5217300e+05   2.7587891e+01
   5.5219300e+05   3.5949707e+01
   5.5225000e+05   3.0456543e+01
   5.5227000e+05   2.4902344e+01
   5.5231900e+05   3.8146973e+01
   5.5234100e+05   3.6071777e+01
   5.5238300e+05   5.3222656e+01
   5.5245500e+05   3.2897949e+01
   5.5258100e+05   3.1860352e+01
   5.5259100e+05   4.6325684e+01
   5.5264200e+05   2.8076172e+01
   5.5288200e+05   2.9541016e+01
   5.5299100e+05   2.9174805e+01
   5.5313000e+05   2.6733398e+01
   5.5318800e+05   2.5146484e+01
   5.5326700e+05   2.5634766e+01
   5.5348200e+05   3.7658691e+01
   5.5353600e+05   3.0822754e+01
   5.5398700e+05   2.8930664e+01
   5.5523900e+05   3.2531738e+01
   5.5621600e+05   2.9724121e+01
   5.5652300e+05   2.7099609e+01
   5.5869400e+05   3.2653809e+01
   5.5913000e+05   2.8930664e+01
   5.5927900e+05   2.7404785e+01
   5.5955000e+05   2.7954102e+01
   5.5967200e+05   2.7526855e+01
   5.6227200e+05   2.5268555e+01
   5.6369900e+05   3.1250000e+01
   5.6399700e+05   3.7231445e+01
   5.6663300e+05   2.5146484e+01
   5.6693600e+05   2.8686523e+01
   5.6737300e+05   2.5024414e+01
   5.6932300e+05   2.5695801e+01
   5.8011000e+05   2.5085449e+01
   5.9492400e+05   3.1738281e+01
   6.0737300e+05   3.7048340e+01
   6.1060500e+05   3.2592773e+01
   6.1495700e+05   2.8930664e+01
   6.1591900e+05   2.5146484e+01
   6.1830800e+05   2.7648926e+01
   6.1867700e+05   3.5034180e+01
   6.2314000e+05   2.9541016e+01
   6.2315500e+05   2.4902344e+01
   6.2329000e+05   3.7353516e+01
   6.2330300e+05   2.5512695e+01
   6.2343400e+05   2.7038574e+01
   6.2348100e+05   2.5451660e+01
   6.2355300e+05   5.9570313e+01
   6.2357700e+05   4.5043945e+01
   6.2361000e+05   2.5451660e+01
   6.2366800e+05   2.5146484e+01
   6.2375000e+05   2.9418945e+01
   6.2379500e+05   3.6865234e+01
   6.2380500e+05   3.1616211e+01
   6.2394300e+05   4.5166016e+01
   6.2396500e+05   3.0151367e+01
   6.2397800e+05   2.7099609e+01
   6.2401000e+05   2.6855469e+01
   6.2405300e+05   2.6489258e+01
   6.2412800e+05   3.2958984e+01
   6.2415800e+05   2.8991699e+01
   6.2417300e+05   2.5329590e+01
   6.2423300e+05   2.7893066e+01
   6.2424900e+05   4.7973633e+01
   6.2428900e+05   2.8076172e+01
   6.2447200e+05   2.6428223e+01
   6.2456800e+05   2.8747559e+01
   6.2484100e+05   3.5156250e+01
   6.2519700e+05   2.9479980e+01
   6.3358100e+05   3.3752441e+01
   6.4423200e+05   3.0273438e+01
   6.4611900e+05   2.6916504e+01
   6.4718900e+05   3.2348633e+01
   6.5603700e+05   2.9479980e+01
   6.5609100e+05   2.6733398e+01
   6.5637300e+05   3.8513184e+01
   6.5724900e+05   3.1372070e+01
   6.5789000e+05   2.7099609e+01
   6.5808500e+05   2.5939941e+01
   6.5816200e+05   2.9418945e+01
   6.5859700e+05   3.0395508e+01
   6.5869300e+05   2.6245117e+01
   6.5920900e+05   2.8076172e+01
   6.5942600e+05   2.9663086e+01
   6.5966600e+05   2.7526855e+01
   6.5970000e+05   3.8208008e+01
   6.5988000e+05   2.8686523e+01
   6.6004300e+05   3.7902832e+01
   6.6018400e+05   2.4963379e+01
   6.6040600e+05   2.6123047e+01
   6.6045500e+05   2.6428223e+01
   6.6129800e+05   3.1311035e+01
   6.6857300e+05   2.9602051e+01
   6.7273000e+05   2.8747559e+01
   6.7338400e+05   3.2043457e+01
   6.8250200e+05   3.6315918e+01
   6.8425800e+05   2.8625488e+01
   6.8833900e+05   3.3325195e+01
   6.8909300e+05   2.6062012e+01
   6.9330800e+05   3.3996582e+01
   6.9494200e+05   3.0517578e+01
   6.9778400e+05   3.2470703e+01
   6.9792200e+05   2.5024414e+01
   6.9800800e+05   3.4362793e+01
   6.9808300e+05   2.7893066e+01
   6.9809600e+05   7.7819824e+01
   6.9812100e+05   7.3547363e+01
   6.9816200e+05   6.2072754e+01
   6.9818600e+05   7.6904297e+01
   6.9820600e+05   4.2602539e+01
   6.9823300e+05   4.6020508e+01
   6.9824900e+05   9.2590332e+01
   6.9826500e+05   4.7546387e+01
   6.9828400e+05   3.6071777e+01
   6.9832100e+05   5.9875488e+01
   6.9833700e+05   3.6499023e+01
   6.9835900e+05   4.1992188e+01
   6.9837500e+05   2.5390625e+01
   6.9839800e+05   5.7189941e+01
   6.9841000e+05   5.6274414e+01
   6.9843900e+05   3.1921387e+01
   6.9847400e+05   3.0883789e+01
   6.9848700e+05   5.3039551e+01
   6.9851900e+05   3.1555176e+01
   6.9854200e+05   2.5573730e+01
   6.9855300e+05   3.2104492e+01
   6.9857100e+05   4.3823242e+01
   6.9859900e+05   3.6376953e+01
   6.9864100e+05   2.7160645e+01
   6.9867200e+05   3.8391113e+01
   6.9869700e+05   3.1005859e+01
   6.9872500e+05   2.9602051e+01
   6.9874900e+05   3.1188965e+01
   6.9882300e+05   2.6123047e+01
   6.9883900e+05   2.7099609e+01
   6.9888500e+05   2.8808594e+01
   6.9889600e+05   2.8930664e+01
   6.9897100e+05   4.7485352e+01
   6.9900900e+05   4.5898438e+01
   6.9903100e+05   2.8991699e+01
   6.9906500e+05   3.5034180e+01
   6.9908900e+05   3.1616211e+01
   6.9909900e+05   3.3630371e+01
   6.9911900e+05   3.5095215e+01
   6.9914900e+05   2.6611328e+01
   6.9919600e+05   2.5146484e+01
   6.9929000e+05   5.8776855e+01
   6.9930200e+05   2.8869629e+01
   6.9939000e+05   2.8320313e+01
   6.9943400e+05   4.3884277e+01
   6.9945900e+05   3.6315918e+01
   6.9947900e+05   2.5817871e+01
   6.9950400e+05   3.4545898e+01
   6.9951600e+05   4.0100098e+01
   6.9954100e+05   3.1433105e+01
   6.9959800e+05   2.7099609e+01
   6.9964600e+05   3.7902832e+01
   6.9968200e+05   2.6855469e+01
   6.9974100e+05   3.1372070e+01
   6.9976200e+05   3.9611816e+01
   6.9985600e+05   2.8503418e+01
   6.9987500e+05   3.8024902e+01
   7.0002900e+05   3.3935547e+01
   7.0006000e+05   2.6428223e+01
   7.0012200e+05   2.5939941e+01
   7.0013400e+05   3.7719727e+01
   7.0024000e+05   2.7709961e+01
   7.0046600e+05   2.5146484e+01
   7.0069800e+05   2.6245117e+01
   7.0087300e+05   2.5390625e+01
   7.0110700e+05   2.8686523e+01
   7.0112200e+05   2.6611328e+01
   7.0129900e+05   2.5268555e+01
   7.0150000e+05   3.7902832e+01
   7.0212900e+05   2.9846191e+01
   7.0326200e+05   2.6611328e+01
   7.0467300e+05   2.9785156e+01
   7.0495800e+05   3.3874512e+01
   7.0654700e+05   2.7893066e+01
   7.0684600e+05   2.6062012e+01
   7.0703700e+05   2.9357910e+01
   7.0717100e+05   2.8869629e+01
   7.0726500e+05   2.5634766e+01
   7.0999800e+05   2.6611328e+01
   7.1009600e+05   2.6245117e+01
   7.1105900e+05   2.4963379e+01
   7.1288900e+05   2.7343750e+01
   7.1317300e+05   2.9602051e+01
   7.1917700e+05   2.6123047e+01
   7.2208600e+05   2.5878906e+01
   7.4961200e+05   4.1259766e+01
   7.5304700e+05   3.5949707e+01
   7.5787400e+05   3.4179688e+01
   7.6410900e+05   3.3691406e+01
   7.6840300e+05   2.9968262e+01
   7.6850000e+05   3.2470703e+01
   7.6863600e+05   4.9926758e+01
   7.6877300e+05   3.2531738e+01
   7.6887400e+05   2.6977539e+01
   7.6894400e+05   4.7912598e+01
   7.6898000e+05   2.5695801e+01
   7.6899600e+05   2.9541016e+01
   7.6903900e+05   4.8706055e+01
   7.6907000e+05   3.0212402e+01
   7.6915000e+05   3.0578613e+01
   7.6920800e+05   3.2958984e+01
   7.6929800e+05   2.6306152e+01
   7.6938400e+05   3.1250000e+01
   7.6941800e+05   2.5756836e+01
   7.6953300e+05   2.6611328e+01
   7.6955600e+05   3.2043457e+01
   7.6964100e+05   3.4973145e+01
   7.6966200e+05   6.9824219e+01
   7.6978600e+05   2.6245117e+01
   7.6988100e+05   2.5207520e+01
   7.6998800e+05   2.8686523e+01
   7.7000900e+05   2.9663086e+01
   7.7011700e+05   2.7343750e+01
   7.7025700e+05   3.2104492e+01
   7.7034700e+05   2.5451660e+01
   7.7040300e+05   2.9541016e+01
   7.7057800e+05   2.8686523e+01
   7.7678400e+05   2.8503418e+01
   7.8401800e+05   2.8625488e+01
   7.8661000e+05   3.4973145e+01
   7.8960700e+05   2.7160645e+01
   7.9059800e+05   3.1982422e+01
   7.9198000e+05   2.5817871e+01
   7.9199000e+05   2.8198242e+01
   7.9200500e+05   5.2307129e+01
   7.9204100e+05   3.1433105e+01
   7.9205300e+05   6.9458008e+01
   7.9207500e+05   3.8574219e+01
   7.9208500e+05   5.3283691e+01
   7.9209600e+05   5.3222656e+01
   7.9212000e+05   4.7851563e+01
   7.9213500e+05   6.1706543e+01
   7.9215800e+05   4.5471191e+01
   7.9218800e+05   3.7963867e+01
   7.9220700e+05   5.6457520e+01
   7.9223700e+05   4.8156738e+01
   7.9226600e+05   4.3579102e+01
   7.9229100e+05   3.7231445e+01
   7.9231600e+05   5.3771973e+01
   7.9232900e+05   2.5268555e+01
   7.9234500e+05   4.1442871e+01
   7.9236100e+05   3.4851074e+01
   7.9238500e+05   4.1076660e+01
   7.9240300e+05   3.2287598e+01
   7.9242000e+05   4.0710449e+01
   7.9244100e+05   2.7954102e+01
   7.9245900e+05   3.7719727e+01
   7.9249000e+05   2.8625488e+01
   7.9250100e+05   3.7841797e+01
   7.9253600e+05   3.7597656e+01
   7.9256000e+05   5.6823730e+01
   7.9259700e+05   2.8930664e+01
   7.9261700e+05   4.2297363e+01
   7.9265300e+05   3.0029297e+01
   7.9267300e+05   3.3874512e+01
   7.9273600e+05   3.7902832e+01
   7.9275900e+05   2.8137207e+01
   7.9278500e+05   2.6245117e+01
   7.9283400e+05   3.4484863e+01
   7.9284500e+05   3.2653809e+01
   7.9286500e+05   4.2236328e+01
   7.9289700e+05   4.0100098e+01
   7.9292600e+05   2.8381348e+01
   7.9297800e+05   2.4963379e+01
   7.9301100e+05   4.5715332e+01
   7.9302200e+05   3.0517578e+01
   7.9304700e+05   2.7587891e+01
   7.9306300e+05   4.0161133e+01
   7.9309600e+05   3.7780762e+01
   7.9310600e+05   2.9418945e+01
   7.9315700e+05   2.7160645e+01
   7.9317400e+05   3.6682129e+01
   7.9319900e+05   3.2714844e+01
   7.9322500e+05   2.6611328e+01
   7.9325900e+05   2.7343750e+01
   7.9328400e+05   3.1127930e+01
   7.9332200e+05   2.6428223e+01
   7.9337800e+05   3.0517578e+01
   7.9341200e+05   3.2043457e+01
   7.9344800e+05   3.8513184e+01
   7.9354200e+05   2.8808594e+01
   7.9358200e+05   2.6916504e+01
   7.9362800e+05   2.5634766e+01
   7.9364300e+05   2.6611328e+01
   7.9370000e+05   2.6916504e+01
   7.9378800e+05   4.5837402e+01
   7.9382400e+05   3.0700684e+01
   7.9390500e+05   2.5268555e+01
   7.9399300e+05   3.8269043e+01
   7.9409200e+05   2.8808594e+01
   7.9414700e+05   2.7709961e+01
   7.9421400e+05   3.0456543e+01
   7.9439700e+05   2.5085449e+01
   7.9450700e+05   2.5756836e+01
   7.9452600e+05   3.0334473e+01
   7.9455500e+05   3.5644531e+01
   7.9472900e+05   3.7780762e+01
   7.9508200e+05   2.7404785e+01
   7.9528000e+05   2.5207520e+01
   7.9554200e+05   2.5573730e+01
   7.9690100e+05   3.1188965e+01
   7.9714700e+05   2.4902344e+01
   7.9732200e+05   2.8686523e+01
   7.9748000e+05   2.8198242e+01
   7.9760000e+05   2.6977539e+01
   7.9782100e+05   2.7343750e+01
   8.0155900e+05   2.6428223e+01
   8.0717100e+05   2.5451660e+01
   8.0730700e+05   2.6062012e+01
   8.1149600e+05   2.6367188e+01
   8.2322200e+05   2.7893066e+01
   8.2724300e+05   2.7954102e+01
   8.3970700e+05   2.9174805e+01
   8.4431800e+05   2.8503418e+01
   8.4443900e+05   4.9011230e+01
   8.4445400e+05   3.9001465e+01
   8.4450800e+05   6.4147949e+01
   8.4452700e+05   4.4799805e+01
   8.4455800e+05   6.9763184e+01
   8.4457900e+05   7.8857422e+01
   8.4461100e+05   9.0332031e+01
   8.4464200e+05   5.6091309e+01
   8.4466300e+05   3.9001465e+01
   8.4468500e+05   7.2143555e+01
   8.4469900e+05   5.7312012e+01
   8.4471300e+05   3.7048340e+01
   8.4474700e+05   5.8471680e+01
   8.4477000e+05   3.0944824e+01
   8.4478400e+05   3.4179688e+01
   8.4480800e+05   2.8015137e+01
   8.4483500e+05   4.5837402e+01
   8.4484800e+05   6.0913086e+01
   8.4487900e+05   3.2348633e+01
   8.4489700e+05   2.9846191e+01
   8.4494300e+05   4.2297363e+01
   8.4495700e+05   4.1320801e+01
   8.4497400e+05   2.5878906e+01
   8.4499100e+05   3.2836914e+01
   8.4501600e+05   2.5756836e+01
   8.4502800e+05   3.5217285e+01
   8.4506400e+05   3.5156250e+01
   8.4511400e+05   3.2348633e+01
   8.4513700e+05   4.8645020e+01
   8.4515400e+05   2.8564453e+01
   8.4518400e+05   2.5695801e+01
   8.4523200e+05   3.5705566e+01
   8.4527100e+05   3.6193848e+01
   8.4529300e+05   3.0029297e+01
   8.4535000e+05   2.6855469e+01
   8.4538700e+05   3.5522461e+01
   8.4541000e+05   3.4423828e+01
   8.4544000e+05   3.8635254e+01
   8.4545200e+05   2.6062012e+01
   8.4547700e+05   4.3762207e+01
   8.4551900e+05   2.9296875e+01
   8.4554000e+05   4.3579102e+01
   8.4555700e+05   3.8940430e+01
   8.4557100e+05   3.1433105e+01
   8.4562100e+05   3.1799316e+01
   8.4563300e+05   3.1250000e+01
   8.4566200e+05   3.6010742e+01
   8.4568900e+05   2.8137207e+01
   8.4573100e+05   6.1401367e+01
   8.4574800e+05   3.4729004e+01
   8.4576600e+05   2.5451660e+01
   8.4581400e+05   2.9479980e+01
   8.4582400e+05   2.8564453e+01
   8.4584200e+05   3.1066895e+01
   8.4588100e+05   2.8625488e+01
   8.4590200e+05   2.9479980e+01
   8.4593900e+05   2.4902344e+01
   8.4595400e+05   2.7832031e+01
   8.4596900e+05   3.0639648e+01
   8.4602300e+05   4.5410156e+01
   8.4603600e+05   3.3325195e+01
   8.4608700e+05   2.5268555e+01
   8.4611300e+05   3.4057617e+01
   8.4616200e+05   2.8808594e+01
   8.4619800e+05   4.2480469e+01
   8.4628500e+05   2.6794434e+01
   8.4631300e+05   4.9560547e+01
   8.4638400e+05   3.0822754e+01
   8.4639600e+05   2.6977539e+01
   8.4644600e+05   2.6672363e+01
   8.4651600e+05   2.6245117e+01
   8.4659000e+05   3.3020020e+01
   8.4676700e+05   2.6855469e+01
   8.4705300e+05   2.5939941e+01
   8.4728400e+05   2.4963379e+01
   8.4736200e+05   2.9907227e+01
   8.4754400e+05   3.6865234e+01
   8.4763200e+05   2.7587891e+01
   8.4785100e+05   2.7709961e+01
   8.4806600e+05   2.6794434e+01
   8.4831700e+05   2.7282715e+01
   8.4850100e+05   2.8381348e+01
   8.4862800e+05   2.5695801e+01
   8.4971600e+05   2.6000977e+01
   8.5003000e+05   2.5207520e+01
   8.5309100e+05   3.6376953e+01
   8.5314400e+05   2.6367188e+01
   8.5671100e+05   3.2287598e+01
   8.5675900e+05   3.0700684e+01
   8.6095100e+05   3.1738281e+01
   8.6279100e+05   2.6123047e+01
   8.6299200e+05   2.6672363e+01
   8.6826600e+05   2.6611328e+01
   8.6954200e+05   3.3447266e+01
   8.8779400e+05   2.8747559e+01
   8.8816100e+05   3.3020020e+01
   8.8826000e+05   2.5268555e+01
   8.8843500e+05   3.3081055e+01
   8.8856000e+05   3.0029297e+01
   8.8862300e+05   3.2287598e+01
   8.8872200e+05   6.3720703e+01
   8.8895400e+05   3.9367676e+01
   8.8897100e+05   2.6245117e+01
   8.8914000e+05   2.9724121e+01
   8.8934800e+05   2.7160645e+01
   8.8935800e+05   3.1250000e+01
   8.8943100e+05   2.6367188e+01
   8.8958000e+05   2.5817871e+01
   8.8959400e+05   2.5207520e+01
   8.8963500e+05   2.5634766e+01
   8.8968900e+05   2.8198242e+01
   8.9015000e+05   2.8076172e+01
   8.9024100e+05   2.6489258e+01
   8.9040000e+05   2.6977539e+01
   8.9155900e+05   2.6306152e+01
   9.0715100e+05   3.0090332e+01
   9.1296400e+05   2.6245117e+01
   9.1387900e+05   2.9602051e+01
   9.1785600e+05   3.0578613e+01
   9.2286200e+05   2.6245117e+01
   9.2342500e+05   2.9663086e+01
   9.3631400e+05   2.5085449e+01
   9.3660500e+05   3.1066895e+01
   9.3911100e+05   3.1738281e+01
   9.4140900e+05   3.2592773e+01
   9.4211400e+05   3.9550781e+01
   9.4217500e+05   3.1860352e+01
   9.4231500e+05   2.8869629e+01
   9.4249000e+05   2.6245117e+01
   9.4250800e+05   2.5634766e+01
   9.4277100e+05   2.5329590e+01
   9.4289100e+05   2.7404785e+01
   9.4312200e+05   2.5085449e+01
   9.4333900e+05   3.2836914e+01
   9.4348100e+05   2.7038574e+01
   9.4350800e+05   2.6123047e+01
   9.4353800e+05   4.0771484e+01
   9.4363600e+05   2.6245117e+01
   9.4370400e+05   2.4963379e+01
   9.4380900e+05   2.5390625e+01
   9.4388800e+05   3.4729004e+01
   9.4408800e+05   2.5024414e+01
   9.4416700e+05   3.3386230e+01
   9.4428600e+05   2.8137207e+01
   9.5122200e+05   3.1799316e+01
   9.5398400e+05   2.6184082e+01
   9.5440200e+05   3.3569336e+01
   9.6068500e+05   3.2470703e+01
   9.6307400e+05   3.2897949e+01
   9.6993300e+05   3.6682129e+01
   9.7246200e+05   2.8747559e+01
   9.7814200e+05   3.1860352e+01
   9.7878800e+05   2.5512695e+01
   9.8211600e+05   3.0334473e+01
   9.8527000e+05   3.6193848e+01
   9.8850300e+05   3.0578613e+01
   9.9298200e+05   3.2409668e+01
   9.9730000e+05   3.2714844e+01
   9.9782600e+05   2.6489258e+01
   1.0007240e+06   2.7893066e+01
   1.0040440e+06   3.7719727e+01
   1.0049870e+06   2.5207520e+01
   1.0053700e+06   3.7902832e+01
   1.0053950e+06   6.1767578e+01
   1.0054620e+06   3.2592773e+01
   1.0054860e+06   3.5949707e+01
   1.0054990e+06   4.8889160e+01
   1.0055110e+06   2.5817871e+01
   1.0055410e+06   3.9916992e+01
   1.0055550e+06   8.7585449e+01
   1.0055720e+06   3.0883789e+01
   1.0055820e+06   5.5419922e+01
   1.0056020e+06   5.0109863e+01
   1.0056240e+06   5.9020996e+01
   1.0056360e+06   8.6364746e+01
   1.0056690e+06   7.8063965e+01
   1.0056820e+06   5.2124023e+01
   1.0056950e+06   4.4494629e+01
   1.0057300e+06   5.0598145e+01
   1.0057400e+06   4.9072266e+01
   1.0057710e+06   5.6579590e+01
   1.0057820e+06   2.6611328e+01
   1.0057990e+06   3.6193848e+01
   1.0058270e+06   3.8146973e+01
   1.0058380e+06   2.9846191e+01
   1.0058560e+06   3.9306641e+01
   1.0059050e+06   3.1066895e+01
   1.0059390e+06   3.3386230e+01
   1.0059630e+06   5.3344727e+01
   1.0060120e+06   2.5634766e+01
   1.0060270e+06   4.1320801e+01
   1.0060450e+06   3.4240723e+01
   1.0060800e+06   4.2663574e+01
   1.0061080e+06   3.0334473e+01
   1.0061210e+06   3.9672852e+01
   1.0061580e+06   2.7343750e+01
   1.0061710e+06   3.1982422e+01
   1.0061910e+06   3.2287598e+01
   1.0062040e+06   3.7597656e+01
   1.0062320e+06   3.7719727e+01
   1.0062640e+06   4.4494629e+01
   1.0062880e+06   2.5085449e+01
   1.0063000e+06   3.1799316e+01
   1.0063260e+06   2.7160645e+01
   1.0063460e+06   2.8015137e+01
   1.0063720e+06   3.9855957e+01
   1.0064190e+06   2.5451660e+01
   1.0064530e+06   2.7038574e+01
   1.0065260e+06   2.8869629e+01
   1.0065700e+06   3.8879395e+01
   1.0066160e+06   2.7709961e+01
   1.0066310e+06   2.9052734e+01
   1.0066440e+06   2.7587891e+01
   1.0067310e+06   3.5339355e+01
   1.0067440e+06   4.5471191e+01
   1.0067590e+06   3.5888672e+01
   1.0067720e+06   2.6550293e+01
   1.0068220e+06   3.2470703e+01
   1.0068540e+06   2.9968262e+01
   1.0069160e+06   2.8503418e+01
   1.0069670e+06   2.7465820e+01
   1.0070430e+06   3.2653809e+01
   1.0071140e+06   2.5695801e+01
   1.0071750e+06   3.0090332e+01
   1.0072090e+06   2.9113770e+01
   1.0072440e+06   2.9602051e+01
   1.0073270e+06   2.6000977e+01
   1.0074030e+06   2.7282715e+01
   1.0074520e+06   3.3264160e+01
   1.0074730e+06   2.9785156e+01
   1.0075310e+06   2.9602051e+01
   1.0075510e+06   2.6916504e+01
   1.0076980e+06   2.7221680e+01
   1.0079950e+06   2.6306152e+01
   1.0081820e+06   2.7038574e+01
   1.0083830e+06   2.5756836e+01
   1.0084850e+06   2.6245117e+01
   1.0085740e+06   2.7465820e+01
   1.0092370e+06   2.7404785e+01
   1.0100120e+06   2.6550293e+01
   1.0121070e+06   2.8015137e+01
   1.0123680e+06   3.1677246e+01
   1.0141580e+06   3.3081055e+01
   1.0164360e+06   3.5949707e+01
   1.0191050e+06   3.7475586e+01
   1.0212480e+06   2.5634766e+01
   1.0232840e+06   3.0090332e+01
   1.0270180e+06   2.6916504e+01
   1.0421550e+06   2.5390625e+01
   1.0449790e+06   3.1066895e+01
   1.0476420e+06   5.7861328e+01
   1.0476630e+06   4.5471191e+01
   1.0477040e+06   3.5217285e+01
   1.0477340e+06   3.4790039e+01
   1.0477570e+06   2.8747559e+01
   1.0477740e+06   4.6691895e+01
   1.0478020e+06   7.7697754e+01
   1.0478120e+06   1.1688232e+02
   1.0478300e+06   4.5288086e+01
   1.0478680e+06   7.6416016e+01
   1.0478890e+06   3.6193848e+01
   1.0479140e+06   6.9152832e+01
   1.0479340e+06   2.8137207e+01
   1.0479490e+06   7.1777344e+01
   1.0479770e+06   3.9916992e+01
   1.0479880e+06   2.9113770e+01
   1.0480020e+06   6.7687988e+01
   1.0480260e+06   4.4311523e+01
   1.0480380e+06   3.3935547e+01
   1.0480610e+06   4.3395996e+01
   1.0480710e+06   3.0944824e+01
   1.0480930e+06   3.1066895e+01
   1.0481150e+06   4.0283203e+01
   1.0481420e+06   3.7658691e+01
   1.0481600e+06   2.5146484e+01
   1.0481730e+06   3.5705566e+01
   1.0482080e+06   3.4790039e+01
   1.0482410e+06   3.6071777e+01
   1.0482530e+06   2.9968262e+01
   1.0482770e+06   3.3752441e+01
   1.0482920e+06   3.2226563e+01
   1.0483200e+06   3.7902832e+01
   1.0483400e+06   2.6916504e+01
   1.0483980e+06   2.5756836e+01
   1.0484240e+06   4.8767090e+01
   1.0484520e+06   2.8564453e+01
   1.0484750e+06   3.2226563e+01
   1.0485370e+06   2.5878906e+01
   1.0485710e+06   3.7231445e+01
   1.0486080e+06   2.6733398e+01
   1.0486360e+06   2.7099609e+01
   1.0486780e+06   3.2348633e+01
   1.0487020e+06   2.6977539e+01
   1.0487430e+06   5.5419922e+01
   1.0487660e+06   4.4250488e+01
   1.0487850e+06   2.6733398e+01
   1.0488160e+06   2.8015137e+01
   1.0488460e+06   2.7954102e+01
   1.0488590e+06   2.9113770e+01
   1.0488820e+06   6.4758301e+01
   1.0488970e+06   4.0466309e+01
   1.0489410e+06   4.0710449e+01
   1.0490400e+06   2.6672363e+01
   1.0490780e+06   5.4504395e+01
   1.0490890e+06   2.6794434e+01
   1.0491190e+06   2.6794434e+01
   1.0491330e+06   3.3142090e+01
   1.0491530e+06   3.3935547e+01
   1.0491810e+06   3.3752441e+01
   1.0492540e+06   3.8391113e+01
   1.0492710e+06   3.2043457e+01
   1.0493650e+06   2.6733398e+01
   1.0493830e+06   2.6977539e+01
   1.0494460e+06   3.2226563e+01
   1.0495060e+06   2.5085449e+01
   1.0495210e+06   3.1372070e+01
   1.0495490e+06   2.6000977e+01
   1.0496520e+06   3.5278320e+01
   1.0497740e+06   2.6306152e+01
   1.0498040e+06   3.2226563e+01
   1.0500540e+06   2.6916504e+01
   1.0500920e+06   2.7038574e+01
   1.0501960e+06   2.5451660e+01
   1.0502540e+06   2.9174805e+01
   1.0504100e+06   2.5817871e+01
   1.0508290e+06   3.0456543e+01
   1.0510330e+06   2.8625488e+01
   1.0517190e+06   2.8137207e+01
   1.0525600e+06   2.8625488e+01
   1.0529420e+06   2.8137207e+01
   1.0565080e+06   3.0212402e+01
   1.0602450e+06   2.5817871e+01
   1.0907060e+06   3.1494141e+01
   1.0986350e+06   3.1066895e+01
   1.0995570e+06   2.7832031e+01
   1.1037990e+06   2.8137207e+01
   1.1109530e+06   3.4179688e+01
   1.1114520e+06   2.5451660e+01
   1.1130020e+06   2.6489258e+01
   1.1131630e+06   5.3161621e+01
   1.1131930e+06   5.3833008e+01
   1.1132120e+06   3.8330078e+01
   1.1132360e+06   8.4960938e+01
   1.1132670e+06   3.8696289e+01
   1.1132790e+06   3.0395508e+01
   1.1132940e+06   2.7038574e+01
   1.1133070e+06   3.9367676e+01
   1.1133170e+06   5.8288574e+01
   1.1133490e+06   9.2895508e+01
   1.1133650e+06   2.6123047e+01
   1.1133780e+06   3.5400391e+01
   1.1133890e+06   6.2927246e+01
   1.1134110e+06   3.8452148e+01
   1.1134450e+06   3.4667969e+01
   1.1134570e+06   3.4851074e+01
   1.1134820e+06   5.0964355e+01
   1.1134920e+06   4.8889160e+01
   1.1135170e+06   3.1433105e+01
   1.1135450e+06   5.1391602e+01
   1.1135630e+06   4.0466309e+01
   1.1135830e+06   3.5522461e+01
   1.1136010e+06   3.6865234e+01
   1.1136220e+06   3.1066895e+01
   1.1136360e+06   2.8442383e+01
   1.1136620e+06   4.2541504e+01
   1.1136750e+06   4.7058105e+01
   1.1136930e+06   2.8198242e+01
   1.1137270e+06   2.5817871e+01
   1.1137390e+06   5.6274414e+01
   1.1137640e+06   2.7893066e+01
   1.1137940e+06   3.2043457e+01
   1.1138230e+06   3.1066895e+01
   1.1138470e+06   3.2775879e+01
   1.1138570e+06   3.1494141e+01
   1.1138730e+06   3.5095215e+01
   1.1138880e+06   2.6733398e+01
   1.1139370e+06   2.9479980e+01
   1.1139720e+06   3.3264160e+01
   1.1139890e+06   2.7587891e+01
   1.1140190e+06   3.1677246e+01
   1.1140370e+06   4.1137695e+01
   1.1140520e+06   4.1442871e+01
   1.1140960e+06   2.5268555e+01
   1.1141090e+06   4.4982910e+01
   1.1141410e+06   3.0029297e+01
   1.1141690e+06   3.0944824e+01
   1.1141930e+06   2.9541016e+01
   1.1142110e+06   3.6010742e+01
   1.1142400e+06   2.6000977e+01
   1.1142590e+06   4.3395996e+01
   1.1142750e+06   2.6733398e+01
   1.1143220e+06   2.8259277e+01
   1.1143370e+06   2.8381348e+01
   1.1143630e+06   2.8320313e+01
   1.1143840e+06   3.0334473e+01
   1.1143970e+06   2.8198242e+01
   1.1144300e+06   3.5888672e+01
   1.1144460e+06   3.9001465e+01
   1.1144740e+06   3.8452148e+01
   1.1144970e+06   2.6062012e+01
   1.1145360e+06   2.6489258e+01
   1.1145840e+06   3.4423828e+01
   1.1146310e+06   4.3762207e+01
   1.1146640e+06   2.7893066e+01
   1.1146920e+06   3.2470703e+01
   1.1147100e+06   3.6865234e+01
   1.1147410e+06   3.3569336e+01
   1.1148590e+06   2.7526855e+01
   1.1148800e+06   3.1066895e+01
   1.1149050e+06   2.9541016e+01
   1.1149360e+06   5.9265137e+01
   1.1150730e+06   2.7404785e+01
   1.1150880e+06   2.9846191e+01
   1.1151930e+06   2.4963379e+01
   1.1155580e+06   2.8808594e+01
   1.1155770e+06   2.5512695e+01
   1.1156510e+06   3.4057617e+01
   1.1156990e+06   2.8503418e+01
   1.1158990e+06   2.6733398e+01
   1.1160930e+06   3.0456543e+01
   1.1164900e+06   3.0090332e+01
   1.1165630e+06   2.8442383e+01
   1.1167280e+06   2.7282715e+01
   1.1169070e+06   3.3813477e+01
   1.1170390e+06   2.8625488e+01
   1.1174580e+06   2.9541016e+01
   1.1196660e+06   3.5583496e+01
   1.1221440e+06   3.0212402e+01
   1.1244170e+06   3.4301758e+01
   1.1246050e+06   2.7282715e+01
   1.1262080e+06   2.5939941e+01
   1.1270920e+06   3.0212402e+01
   1.1272660e+06   2.7160645e+01
   1.1314530e+06   2.5756836e+01
   1.1346840e+06   2.5207520e+01
   1.1355580e+06   2.7465820e+01
   1.1357970e+06   2.5268555e+01
   1.1583920e+06   2.5024414e+01
   1.1590230e+06   3.4790039e+01
   1.1730360e+06   2.8869629e+01
   1.1787140e+06   3.2409668e+01
   1.1827640e+06   3.2287598e+01
   1.1950580e+06   3.6987305e+01
   1.1996610e+06   2.8381348e+01
   1.1997130e+06   3.2897949e+01
   1.2000320e+06   2.8015137e+01
   1.2000660e+06   2.7343750e+01
   1.2001480e+06   3.2531738e+01
   1.2002160e+06   2.6672363e+01
   1.2002390e+06   5.2856445e+01
   1.2002640e+06   2.9541016e+01
   1.2003280e+06   4.0100098e+01
   1.2003440e+06   3.7658691e+01
   1.2003760e+06   2.6245117e+01
   1.2004170e+06   6.4636230e+01
   1.2004730e+06   4.4677734e+01
   1.2004940e+06   4.7729492e+01
   1.2005110e+06   5.0354004e+01
   1.2005300e+06   4.8034668e+01
   1.2005620e+06   9.2163086e+01
   1.2005770e+06   3.7414551e+01
   1.2005870e+06   4.1442871e+01
   1.2006060e+06   6.3354492e+01
   1.2006210e+06   4.9621582e+01
   1.2006370e+06   5.4321289e+01
   1.2006640e+06   3.2775879e+01
   1.2006890e+06   6.2316895e+01
   1.2007010e+06   5.3527832e+01
   1.2007260e+06   3.4606934e+01
   1.2007430e+06   6.2500000e+01
   1.2007580e+06   2.5573730e+01
   1.2007850e+06   5.1208496e+01
   1.2008110e+06   3.9428711e+01
   1.2008270e+06   3.6743164e+01
   1.2008570e+06   7.5744629e+01
   1.2008720e+06   3.0944824e+01
   1.2008950e+06   3.0639648e+01
   1.2009220e+06   3.6499023e+01
   1.2009360e+06   4.3090820e+01
   1.2009650e+06   3.5522461e+01
   1.2009890e+06   3.0517578e+01
   1.2010250e+06   3.5949707e+01
   1.2010430e+06   3.5644531e+01
   1.2010600e+06   3.8513184e+01
   1.2010900e+06   2.9541016e+01
   1.2011020e+06   4.0039063e+01
   1.2011480e+06   3.2836914e+01
   1.2011830e+06   2.7282715e+01
   1.2012160e+06   3.8452148e+01
   1.2012280e+06   4.2358398e+01
   1.2012510e+06   4.0527344e+01
   1.2012860e+06   3.0334473e+01
   1.2013140e+06   3.0517578e+01
   1.2013320e+06   3.8879395e+01
   1.2013770e+06   3.0273438e+01
   1.2014020e+06   3.1311035e+01
   1.2014260e+06   2.8747559e+01
   1.2014720e+06   3.5217285e+01
   1.2014830e+06   2.8076172e+01
   1.2015250e+06   2.6245117e+01
   1.2015550e+06   2.9296875e+01
   1.2015720e+06   2.6367188e+01
   1.2016330e+06   2.7893066e+01
   1.2016630e+06   3.1250000e+01
   1.2017080e+06   3.9184570e+01
   1.2017300e+06   4.2480469e+01
   1.2017730e+06   3.0761719e+01
   1.2017910e+06   2.9296875e+01
   1.2018270e+06   3.8574219e+01
   1.2018890e+06   5.7189941e+01
   1.2019290e+06   3.6926270e+01
   1.2019780e+06   2.4902344e+01
   1.2020690e+06   2.6306152e+01
   1.2021230e+06   3.3691406e+01
   1.2021340e+06   2.9724121e+01
   1.2022030e+06   3.5400391e+01
   1.2022580e+06   2.6367188e+01
   1.2022930e+06   2.8747559e+01
   1.2024100e+06   2.5207520e+01
   1.2024820e+06   3.1372070e+01
   1.2025620e+06   3.2104492e+01
   1.2026920e+06   3.2775879e+01
   1.2028390e+06   2.9174805e+01
   1.2029280e+06   3.0822754e+01
   1.2030500e+06   2.6611328e+01
   1.2032560e+06   3.0822754e+01
   1.2034240e+06   2.7038574e+01
   1.2035870e+06   2.6184082e+01
   1.2044490e+06   2.4902344e+01
   1.2047000e+06   2.8076172e+01
   1.2072070e+06   3.2104492e+01
   1.2085690e+06   3.2287598e+01
   1.2134970e+06   2.7038574e+01
   1.2179910e+06   3.2531738e+01
   1.2192420e+06   2.4963379e+01
   1.2259360e+06   2.5329590e+01
   1.2474030e+06   3.5705566e+01
   1.2614420e+06   2.5024414e+01
   1.2738280e+06   3.3935547e+01
   1.2798230e+06   3.6193848e+01
   1.2860580e+06   3.1677246e+01
   1.2891470e+06   2.7282715e+01
   1.2941240e+06   3.0334473e+01
   1.2947900e+06   3.0578613e+01
   1.2948300e+06   2.7954102e+01
   1.2948840e+06   2.6977539e+01
   1.2950010e+06   2.6306152e+01
   1.2950650e+06   2.5146484e+01
   1.2952230e+06   5.4626465e+01
   1.2952410e+06   2.9968262e+01
   1.2952640e+06   2.6062012e+01
   1.2952820e+06   4.0039063e+01
   1.2952920e+06   2.6123047e+01
   1.2953300e+06   2.6611328e+01
   1.2953650e+06   2.8259277e+01
   1.2954060e+06   5.3405762e+01
   1.2954380e+06   3.7902832e+01
   1.2954540e+06   2.8625488e+01
   1.2954640e+06   3.1127930e+01
   1.2954920e+06   7.9772949e+01
   1.2955020e+06   5.7556152e+01
   1.2955280e+06   1.0455322e+02
   1.2955410e+06   2.8747559e+01
   1.2955600e+06   6.5673828e+01
   1.2955800e+06   5.0476074e+01
   1.2955960e+06   3.7109375e+01
   1.2956120e+06   4.2175293e+01
   1.2956270e+06   4.8828125e+01
   1.2956640e+06   4.6142578e+01
   1.2956810e+06   4.3640137e+01
   1.2957120e+06   3.7963867e+01
   1.2957260e+06   3.7536621e+01
   1.2957530e+06   6.0668945e+01
   1.2957690e+06   3.7109375e+01
   1.2957960e+06   4.1503906e+01
   1.2958290e+06   6.8725586e+01
   1.2958540e+06   4.1564941e+01
   1.2958640e+06   2.7526855e+01
   1.2958820e+06   4.9804688e+01
   1.2959000e+06   4.4311523e+01
   1.2959610e+06   2.8869629e+01
   1.2959980e+06   2.5817871e+01
   1.2960130e+06   4.0771484e+01
   1.2960310e+06   2.6062012e+01
   1.2960710e+06   2.6245117e+01
   1.2961110e+06   3.7353516e+01
   1.2961300e+06   3.4667969e+01
   1.2961540e+06   3.9978027e+01
   1.2961710e+06   3.1005859e+01
   1.2961940e+06   3.6437988e+01
   1.2962130e+06   3.1982422e+01
   1.2962510e+06   4.6203613e+01
   1.2962720e+06   3.0151367e+01
   1.2963080e+06   4.0344238e+01
   1.2963310e+06   3.3630371e+01
   1.2963880e+06   2.9846191e+01
   1.2964150e+06   2.6733398e+01
   1.2964310e+06   2.5695801e+01
   1.2964480e+06   2.8625488e+01
   1.2964760e+06   2.8320313e+01
   1.2964990e+06   3.6071777e+01
   1.2965330e+06   3.4179688e+01
   1.2965650e+06   2.9052734e+01
   1.2965770e+06   2.4963379e+01
   1.2966240e+06   2.6306152e+01
   1.2966850e+06   2.8808594e+01
   1.2967040e+06   2.8137207e+01
   1.2967150e+06   3.5949707e+01
   1.2967490e+06   3.1738281e+01
   1.2967620e+06   2.5451660e+01
   1.2967890e+06   2.6367188e+01
   1.2968190e+06   3.3081055e+01
   1.2968450e+06   3.3142090e+01
   1.2969230e+06   2.7893066e+01
   1.2969740e+06   5.3039551e+01
   1.2970350e+06   2.9968262e+01
   1.2970710e+06   2.5939941e+01
   1.2971880e+06   2.5512695e+01
   1.2972000e+06   2.8381348e+01
   1.2973180e+06   2.9296875e+01
   1.2973400e+06   3.2470703e+01
   1.2973840e+06   4.2724609e+01
   1.2974990e+06   3.1677246e+01
   1.2976020e+06   2.7099609e+01
   1.2976950e+06   3.2531738e+01
   1.2977330e+06   2.9663086e+01
   1.2978460e+06   2.5207520e+01
   1.2980360e+06   3.0761719e+01
   1.2985290e+06   2.9052734e+01
   1.3020660e+06   2.6123047e+01
   1.3022580e+06   3.6621094e+01
   1.3056580e+06   3.2226563e+01
   1.3085880e+06   2.8503418e+01
   1.3091560e+06   3.1921387e+01
   1.3099070e+06   2.6062012e+01
   1.3118390e+06   2.6489258e+01
   1.3119280e+06   3.3142090e+01
   1.3147750e+06   2.5451660e+01
   1.3212930e+06   2.6428223e+01
   1.3290950e+06   3.3874512e+01
   1.3292510e+06   2.5085449e+01
   1.3292960e+06   6.0913086e+01
   1.3293220e+06   4.7302246e+01
   1.3293490e+06   3.4301758e+01
   1.3293710e+06   5.5786133e+01
   1.3293910e+06   4.6752930e+01
   1.3294070e+06   2.6733398e+01
   1.3294220e+06   3.3142090e+01
   1.3294320e+06   6.1828613e+01
   1.3294680e+06   9.8937988e+01
   1.3294890e+06   7.0129395e+01
   1.3294990e+06   6.5307617e+01
   1.3295310e+06   3.8696289e+01
   1.3295440e+06   3.8574219e+01
   1.3295570e+06   4.6936035e+01
   1.3295860e+06   5.3222656e+01
   1.3295960e+06   4.1320801e+01
   1.3296200e+06   3.4301758e+01
   1.3296400e+06   3.0273438e+01
   1.3296600e+06   4.0100098e+01
   1.3296760e+06   5.3039551e+01
   1.3296930e+06   5.0231934e+01
   1.3297270e+06   3.1982422e+01
   1.3297580e+06   6.4392090e+01
   1.3297850e+06   3.3508301e+01
   1.3298090e+06   2.6672363e+01
   1.3298320e+06   3.8024902e+01
   1.3298460e+06   4.0710449e+01
   1.3298780e+06   3.2531738e+01
   1.3298880e+06   4.9499512e+01
   1.3299220e+06   4.3945313e+01
   1.3299330e+06   2.7282715e+01
   1.3299620e+06   3.0578613e+01
   1.3299870e+06   3.5827637e+01
   1.3300150e+06   3.0517578e+01
   1.3300350e+06   4.8156738e+01
   1.3300520e+06   3.1188965e+01
   1.3300800e+06   3.1250000e+01
   1.3301040e+06   2.8869629e+01
   1.3301380e+06   4.6997070e+01
   1.3301590e+06   3.1494141e+01
   1.3301980e+06   4.1809082e+01
   1.3302090e+06   4.2419434e+01
   1.3302470e+06   2.5817871e+01
   1.3302740e+06   3.1921387e+01
   1.3302990e+06   4.3151855e+01
   1.3303430e+06   3.8208008e+01
   1.3303580e+06   3.4545898e+01
   1.3304040e+06   2.4963379e+01
   1.3304310e+06   2.9052734e+01
   1.3304990e+06   3.9916992e+01
   1.3305290e+06   2.9846191e+01
   1.3305570e+06   3.1982422e+01
   1.3306180e+06   4.3029785e+01
   1.3306460e+06   2.8320313e+01
   1.3306950e+06   3.3752441e+01
   1.3307090e+06   2.9602051e+01
   1.3307340e+06   4.2968750e+01
   1.3307750e+06   4.3945313e+01
   1.3307920e+06   2.8625488e+01
   1.3308320e+06   3.1555176e+01
   1.3308830e+06   2.8625488e+01
   1.3309040e+06   3.2836914e+01
   1.3309610e+06   2.7648926e+01
   1.3310000e+06   4.3579102e+01
   1.3311350e+06   3.3813477e+01
   1.3311660e+06   2.5268555e+01
   1.3313160e+06   2.5451660e+01
   1.3313600e+06   2.6000977e+01
   1.3314290e+06   3.1188965e+01
   1.3315230e+06   2.9846191e+01
   1.3315580e+06   2.6184082e+01
   1.3316200e+06   2.5634766e+01
   1.3316860e+06   2.5695801e+01
   1.3321770e+06   2.8320313e+01
   1.3324770e+06   3.3447266e+01
   1.3325370e+06   2.5878906e+01
   1.3326700e+06   2.5878906e+01
   1.3327320e+06   2.7526855e+01
   1.3328740e+06   2.8015137e+01
   1.3331010e+06   3.1066895e+01
   1.3333060e+06   3.1860352e+01
   1.3344290e+06   3.0639648e+01
   1.3348100e+06   2.5268555e+01
   1.3428250e+06   3.2104492e+01
   1.3438810e+06   2.5756836e+01
   1.3498110e+06   2.5146484e+01
   1.3756970e+06   3.4484863e+01
   1.3927560e+06   2.8686523e+01
   1.3930570e+06   3.2226563e+01
   1.3930760e+06   5.9997559e+01
   1.3930990e+06   2.9602051e+01
   1.3931390e+06   2.5085449e+01
   1.3931560e+06   3.9001465e+01
   1.3931790e+06   4.1198730e+01
   1.3931980e+06   7.2753906e+01
   1.3932160e+06   6.2255859e+01
   1.3932280e+06   3.9672852e+01
   1.3932440e+06   7.1594238e+01
   1.3932640e+06   5.8654785e+01
   1.3932880e+06   4.0405273e+01
   1.3933070e+06   5.3955078e+01
   1.3933170e+06   4.6875000e+01
   1.3933400e+06   4.0466309e+01
   1.3933500e+06   6.7077637e+01
   1.3933680e+06   2.6611328e+01
   1.3933850e+06   2.7343750e+01
   1.3934070e+06   6.5917969e+01
   1.3934270e+06   4.6264648e+01
   1.3934580e+06   4.0832520e+01
   1.3934730e+06   4.2602539e+01
   1.3935120e+06   2.6855469e+01
   1.3935290e+06   3.0029297e+01
   1.3935560e+06   5.7617188e+01
   1.3936000e+06   4.0222168e+01
   1.3936330e+06   5.4504395e+01
   1.3936640e+06   3.0029297e+01
   1.3936790e+06   2.5939941e+01
   1.3936980e+06   4.9133301e+01
   1.3937230e+06   4.3762207e+01
   1.3937390e+06   3.9794922e+01
   1.3937680e+06   3.7963867e+01
   1.3938150e+06   2.5512695e+01
   1.3938510e+06   5.9753418e+01
   1.3938880e+06   2.7282715e+01
   1.3939060e+06   2.6245117e+01
   1.3939160e+06   2.7954102e+01
   1.3939450e+06   3.3691406e+01
   1.3939640e+06   4.0344238e+01
   1.3940140e+06   2.7587891e+01
   1.3940280e+06   4.6752930e+01
   1.3940530e+06   3.5461426e+01
   1.3940640e+06   2.4963379e+01
   1.3941100e+06   3.1066895e+01
   1.3941370e+06   3.4240723e+01
   1.3941600e+06   2.7038574e+01
   1.3941770e+06   2.9479980e+01
   1.3942110e+06   4.2297363e+01
   1.3942620e+06   3.3203125e+01
   1.3943130e+06   3.7658691e+01
   1.3943490e+06   2.6916504e+01
   1.3943870e+06   2.7648926e+01
   1.3944260e+06   3.0700684e+01
   1.3944850e+06   2.7465820e+01
   1.3945030e+06   3.3203125e+01
   1.3945410e+06   2.6794434e+01
   1.3945610e+06   2.6184082e+01
   1.3945790e+06   2.9296875e+01
   1.3946150e+06   2.5146484e+01
   1.3946580e+06   2.8137207e+01
   1.3947690e+06   2.6367188e+01
   1.3947930e+06   4.2419434e+01
   1.3948260e+06   2.5207520e+01
   1.3948930e+06   2.6123047e+01
   1.3949070e+06   2.8686523e+01
   1.3951550e+06   3.4545898e+01
   1.3951860e+06   2.4902344e+01
   1.3952700e+06   2.5024414e+01
   1.3952900e+06   2.8808594e+01
   1.3953390e+06   2.6550293e+01
   1.3955080e+06   2.8076172e+01
   1.3959800e+06   2.6733398e+01
   1.3963860e+06   2.7893066e+01
   1.3964550e+06   2.4963379e+01
   1.3968190e+06   2.9418945e+01
   1.3971000e+06   2.9968262e+01
   1.3973470e+06   2.6672363e+01
   1.3980920e+06   2.6123047e+01
   1.4012040e+06   3.2226563e+01
   1.4049950e+06   2.6977539e+01
   1.4067900e+06   2.6794434e+01
   1.4068380e+06   2.4902344e+01
   1.4184980e+06   3.4729004e+01
   1.4224330e+06   2.5146484e+01
   1.4437740e+06   3.2470703e+01
   1.4735650e+06   3.0212402e+01
   1.4863850e+06   3.1188965e+01
   1.5031440e+06   3.2165527e+01
   1.5035760e+06   2.5024414e+01
   1.5045510e+06   3.2897949e+01
   1.5047170e+06   2.5695801e+01
   1.5048940e+06   3.0395508e+01
   1.5052670e+06   3.0883789e+01
   1.5053080e+06   2.6550293e+01
   1.5055800e+06   2.6000977e+01
   1.5058190e+06   3.0029297e+01
   1.5058920e+06   3.6071777e+01
   1.5060850e+06   2.6184082e+01
   1.5061710e+06   2.7343750e+01
   1.5155130e+06   3.2531738e+01
   1.5232200e+06   3.1127930e+01
   1.5465000e+06   2.6977539e+01
   1.5526520e+06   3.4301758e+01
   1.5568970e+06   3.2348633e+01
   1.5724140e+06   3.1311035e+01
   1.5808780e+06   3.5522461e+01
   1.5810040e+06   3.5766602e+01
   1.5810220e+06   5.9753418e+01
   1.5810320e+06   3.0273438e+01
   1.5810520e+06   6.5673828e+01
   1.5810840e+06   6.5795898e+01
   1.5811030e+06   4.5776367e+01
   1.5811200e+06   8.0688477e+01
   1.5811360e+06   7.8491211e+01
   1.5811470e+06   2.7160645e+01
   1.5811690e+06   5.4687500e+01
   1.5811850e+06   4.7790527e+01
   1.5812040e+06   6.7565918e+01
   1.5812350e+06   5.0964355e+01
   1.5812580e+06   4.6569824e+01
   1.5812730e+06   6.1401367e+01
   1.5813080e+06   3.0029297e+01
   1.5813230e+06   5.4748535e+01
   1.5813500e+06   5.7495117e+01
   1.5813620e+06   2.7343750e+01
   1.5813960e+06   3.1738281e+01
   1.5814270e+06   3.4423828e+01
   1.5814440e+06   3.4973145e+01
   1.5814770e+06   2.5329590e+01
   1.5814990e+06   5.0109863e+01
   1.5815260e+06   3.5034180e+01
   1.5815590e+06   4.0405273e+01
   1.5815760e+06   5.7678223e+01
   1.5815990e+06   2.6672363e+01
   1.5816270e+06   4.1809082e+01
   1.5816820e+06   5.0109863e+01
   1.5817060e+06   2.7526855e+01
   1.5817170e+06   4.1015625e+01
   1.5817500e+06   2.5085449e+01
   1.5817630e+06   3.0517578e+01
   1.5818000e+06   3.0517578e+01
   1.5818270e+06   3.2592773e+01
   1.5818520e+06   3.0395508e+01
   1.5818950e+06   2.6184082e+01
   1.5819230e+06   3.4667969e+01
   1.5819350e+06   3.4301758e+01
   1.5819780e+06   4.2297363e+01
   1.5819920e+06   2.4963379e+01
   1.5820200e+06   2.7709961e+01
   1.5820380e+06   5.3161621e+01
   1.5821280e+06   2.7526855e+01
   1.5821570e+06   3.3264160e+01
   1.5822130e+06   2.6306152e+01
   1.5822250e+06   3.9062500e+01
   1.5822550e+06   2.5390625e+01
   1.5823180e+06   3.6560059e+01
   1.5823590e+06   2.8381348e+01
   1.5823840e+06   3.4423828e+01
   1.5824310e+06   3.9367676e+01
   1.5824590e+06   2.6550293e+01
   1.5825000e+06   2.5207520e+01
   1.5826580e+06   3.9001465e+01
   1.5827930e+06   3.6743164e+01
   1.5828300e+06   2.7282715e+01
   1.5829450e+06   2.5878906e+01
   1.5829620e+06   2.8198242e+01
   1.5830410e+06   2.8747559e+01
   1.5830730e+06   3.4545898e+01
   1.5831350e+06   2.5756836e+01
   1.5833830e+06   2.5024414e+01
   1.5837100e+06   2.5268555e+01
   1.5839310e+06   2.4902344e+01
   1.5841990e+06   2.8869629e+01
   1.5852790e+06   2.8808594e+01
   1.5856350e+06   2.9846191e+01
   1.5903280e+06   2.7221680e+01
   1.5932070e+06   2.7526855e+01
   1.6013140e+06   3.2226563e+01
   1.6234790e+06   2.9174805e+01
   1.6476290e+06   3.4118652e+01
   1.6549560e+06   2.6000977e+01
   1.6551110e+06   3.6621094e+01
   1.6556840e+06   2.6855469e+01
   1.6559160e+06   2.8991699e+01
   1.6561320e+06   3.4118652e+01
   1.6567530e+06   4.4921875e+01
   1.6573860e+06   2.6123047e+01
   1.6575360e+06   3.4729004e+01
   1.6576010e+06   2.9479980e+01
   1.6576190e+06   2.9479980e+01
   1.6580040e+06   2.5207520e+01
   1.6581860e+06   2.9846191e+01
   1.6732860e+06   2.6367188e+01
   1.6733080e+06   2.8930664e+01
   1.6734660e+06   5.7373047e+01
   1.6735040e+06   4.1198730e+01
   1.6735190e+06   3.2043457e+01
   1.6735380e+06   7.5927734e+01
   1.6735550e+06   6.5002441e+01
   1.6735720e+06   9.2285156e+01
   1.6736000e+06   4.3151855e+01
   1.6736220e+06   3.8513184e+01
   1.6736350e+06   5.8654785e+01
   1.6736600e+06   5.6518555e+01
   1.6736720e+06   4.7485352e+01
   1.6736920e+06   4.0466309e+01
   1.6737020e+06   5.0659180e+01
   1.6737480e+06   5.8715820e+01
   1.6737690e+06   4.5593262e+01
   1.6738020e+06   4.2541504e+01
   1.6738180e+06   3.7536621e+01
   1.6738340e+06   3.5522461e+01
   1.6738520e+06   3.0517578e+01
   1.6738710e+06   2.8259277e+01
   1.6738930e+06   5.3527832e+01
   1.6739170e+06   2.7648926e+01
   1.6739450e+06   3.4118652e+01
   1.6739590e+06   2.6306152e+01
   1.6739740e+06   4.4494629e+01
   1.6740050e+06   3.4179688e+01
   1.6740210e+06   3.7780762e+01
   1.6740540e+06   5.7800293e+01
   1.6740950e+06   3.1921387e+01
   1.6741090e+06   5.2368164e+01
   1.6741300e+06   3.0273438e+01
   1.6741430e+06   2.5878906e+01
   1.6741910e+06   4.0954590e+01
   1.6742050e+06   3.1677246e+01
   1.6742260e+06   2.5817871e+01
   1.6742530e+06   3.3020020e+01
   1.6742750e+06   2.6672363e+01
   1.6743320e+06   3.1738281e+01
   1.6743850e+06   4.5654297e+01
   1.6744020e+06   3.1677246e+01
   1.6744230e+06   3.2958984e+01
   1.6744600e+06   2.5207520e+01
   1.6744890e+06   3.7048340e+01
   1.6745080e+06   3.5766602e+01
   1.6745400e+06   3.5522461e+01
   1.6745820e+06   3.6254883e+01
   1.6745930e+06   3.0517578e+01
   1.6746150e+06   3.7475586e+01
   1.6746420e+06   4.4616699e+01
   1.6746880e+06   2.7160645e+01
   1.6747070e+06   3.3813477e+01
   1.6747190e+06   3.0151367e+01
   1.6747830e+06   3.0883789e+01
   1.6748030e+06   2.7404785e+01
   1.6748880e+06   3.0639648e+01
   1.6749350e+06   3.7902832e+01
   1.6749770e+06   2.8564453e+01
   1.6750770e+06   3.0029297e+01
   1.6750890e+06   5.6274414e+01
   1.6752320e+06   2.7954102e+01
   1.6752540e+06   4.4555664e+01
   1.6753100e+06   2.4902344e+01
   1.6753460e+06   4.2419434e+01
   1.6754200e+06   2.6489258e+01
   1.6754450e+06   4.0588379e+01
   1.6756050e+06   2.6062012e+01
   1.6757040e+06   2.6184082e+01
   1.6757630e+06   2.7893066e+01
   1.6759160e+06   2.5451660e+01
   1.6762600e+06   2.5146484e+01
   1.6768310e+06   2.5695801e+01
   1.6770840e+06   3.0334473e+01
   1.6790390e+06   2.7893066e+01
   1.6800910e+06   2.8442383e+01
   1.6807700e+06   3.0944824e+01
   1.6842450e+06   3.6743164e+01
   1.6844590e+06   2.4963379e+01
   1.6871660e+06   3.2165527e+01
   1.6883080e+06   2.5024414e+01
   1.6928380e+06   2.6977539e+01
   1.7286190e+06   3.5827637e+01
   1.7643950e+06   3.7109375e+01
   1.7781800e+06   2.9418945e+01
   1.7934830e+06   3.3508301e+01
   1.7952540e+06   2.9052734e+01
   1.8032150e+06   2.9846191e+01
   1.8183730e+06   3.1921387e+01
   1.8320820e+06   2.6306152e+01
   1.8321570e+06   4.0710449e+01
   1.8323150e+06   3.1127930e+01
   1.8323420e+06   5.9753418e+01
   1.8323710e+06   3.0883789e+01
   1.8323980e+06   5.9814453e+01
   1.8324130e+06   5.3161621e+01
   1.8324290e+06   4.6691895e+01
   1.8324470e+06   7.9895020e+01
   1.8324650e+06   5.5358887e+01
   1.8324790e+06   4.0405273e+01
   1.8324930e+06   5.8288574e+01
   1.8325180e+06   2.8625488e+01
   1.8325360e+06   6.3598633e+01
   1.8325530e+06   5.6030273e+01
   1.8325680e+06   3.1188965e+01
   1.8325920e+06   7.1411133e+01
   1.8326100e+06   4.1931152e+01
   1.8326280e+06   3.2714844e+01
   1.8326420e+06   3.2104492e+01
   1.8326570e+06   3.6682129e+01
   1.8326830e+06   2.6672363e+01
   1.8327120e+06   5.9204102e+01
   1.8327280e+06   7.0617676e+01
   1.8327450e+06   2.9052734e+01
   1.8328030e+06   2.4902344e+01
   1.8328290e+06   4.9072266e+01
   1.8328480e+06   2.6184082e+01
   1.8328940e+06   3.0334473e+01
   1.8329050e+06   2.8198242e+01
   1.8329250e+06   2.5817871e+01
   1.8329510e+06   3.5156250e+01
   1.8329720e+06   2.9541016e+01
   1.8330210e+06   2.5817871e+01
   1.8330400e+06   5.0903320e+01
   1.8330760e+06   2.6855469e+01
   1.8331220e+06   2.4902344e+01
   1.8331720e+06   3.5827637e+01
   1.8331890e+06   2.8381348e+01
   1.8332120e+06   4.1259766e+01
   1.8332600e+06   3.6071777e+01
   1.8333010e+06   3.8024902e+01
   1.8333130e+06   2.7160645e+01
   1.8333240e+06   2.9724121e+01
   1.8333620e+06   2.8747559e+01
   1.8333920e+06   2.6489258e+01
   1.8334210e+06   2.8015137e+01
   1.8334410e+06   3.0822754e+01
   1.8334840e+06   3.0944824e+01
   1.8334990e+06   2.9785156e+01
   1.8335750e+06   2.8442383e+01
   1.8335940e+06   2.8320313e+01
   1.8336160e+06   2.6672363e+01
   1.8336510e+06   3.5583496e+01
   1.8336800e+06   4.0344238e+01
   1.8336970e+06   3.5034180e+01
   1.8337420e+06   4.0100098e+01
   1.8337600e+06   2.7343750e+01
   1.8337950e+06   3.3325195e+01
   1.8338730e+06   2.8320313e+01
   1.8338890e+06   2.5817871e+01
   1.8339130e+06   3.9733887e+01
   1.8339420e+06   2.8625488e+01
   1.8339800e+06   3.0822754e+01
   1.8340510e+06   2.7465820e+01
   1.8341300e+06   2.8015137e+01
   1.8341950e+06   2.6123047e+01
   1.8342340e+06   2.6611328e+01
   1.8343920e+06   2.5268555e+01
   1.8345400e+06   2.5695801e+01
   1.8346180e+06   2.9724121e+01
   1.8347060e+06   2.9907227e+01
   1.8350520e+06   3.5278320e+01
   1.8352850e+06   3.1250000e+01
   1.8354820e+06   3.5644531e+01
   1.8357850e+06   2.7038574e+01
   1.8359920e+06   3.2470703e+01
   1.8441500e+06   3.1433105e+01
   1.8481510e+06   2.5634766e+01
   1.8482430e+06   2.9968262e+01
   1.8600700e+06   3.4484863e+01
   1.9169680e+06   2.6489258e+01
   1.9171760e+06   2.6062012e+01
   1.9172230e+06   7.9101563e+01
   1.9172420e+06   3.2531738e+01
   1.9172730e+06   3.8635254e+01
   1.9173030e+06   6.8603516e+01
   1.9173200e+06   7.2021484e+01
   1.9173610e+06   8.2153320e+01
   1.9173780e+06   1.0339355e+02
   1.9174130e+06   8.0383301e+01
   1.9174400e+06   4.9926758e+01
   1.9174540e+06   6.5856934e+01
   1.9174860e+06   3.5522461e+01
   1.9174960e+06   4.6997070e+01
   1.9175190e+06   3.7292480e+01
   1.9175400e+06   5.4321289e+01
   1.9175540e+06   4.9743652e+01
   1.9175720e+06   3.6254883e+01
   1.9175860e+06   4.7424316e+01
   1.9176200e+06   4.5776367e+01
   1.9176380e+06   3.1921387e+01
   1.9176620e+06   4.6813965e+01
   1.9176970e+06   3.9245605e+01
   1.9177300e+06   4.1503906e+01
   1.9177790e+06   3.0700684e+01
   1.9178200e+06   4.7241211e+01
   1.9178410e+06   2.8869629e+01
   1.9178520e+06   2.5878906e+01
   1.9178830e+06   2.7465820e+01
   1.9179120e+06   5.2673340e+01
   1.9179480e+06   2.5024414e+01
   1.9179760e+06   2.6550293e+01
   1.9179890e+06   2.5634766e+01
   1.9180170e+06   3.5949707e+01
   1.9180290e+06   2.5207520e+01
   1.9180500e+06   5.4626465e+01
   1.9180650e+06   2.6306152e+01
   1.9181030e+06   3.8757324e+01
   1.9181300e+06   4.0161133e+01
   1.9181400e+06   2.9174805e+01
   1.9181720e+06   4.8767090e+01
   1.9182010e+06   4.0954590e+01
   1.9182390e+06   2.6184082e+01
   1.9182750e+06   3.6560059e+01
   1.9182910e+06   2.5695801e+01
   1.9183230e+06   2.8869629e+01
   1.9183580e+06   3.2104492e+01
   1.9183920e+06   2.9113770e+01
   1.9184120e+06   2.7465820e+01
   1.9184490e+06   3.1616211e+01
   1.9185030e+06   2.8503418e+01
   1.9185330e+06   8.2153320e+01
   1.9185690e+06   2.9113770e+01
   1.9186110e+06   3.1066895e+01
   1.9186460e+06   2.9357910e+01
   1.9186860e+06   5.0598145e+01
   1.9187700e+06   2.8930664e+01
   1.9188260e+06   3.8757324e+01
   1.9188550e+06   2.6306152e+01
   1.9189130e+06   2.8808594e+01
   1.9189690e+06   2.6977539e+01
   1.9189980e+06   2.9235840e+01
   1.9190090e+06   3.3142090e+01
   1.9190880e+06   3.4667969e+01
   1.9191010e+06   3.4729004e+01
   1.9191140e+06   3.3813477e+01
   1.9191270e+06   2.7893066e+01
   1.9192530e+06   2.9052734e+01
   1.9193200e+06   2.9296875e+01
   1.9194450e+06   3.3752441e+01
   1.9195150e+06   2.5634766e+01
   1.9197940e+06   2.6306152e+01
   1.9200260e+06   2.6916504e+01
   1.9202240e+06   2.7526855e+01
   1.9206830e+06   3.6376953e+01
   1.9208930e+06   3.3752441e+01
   1.9211530e+06   3.2531738e+01
   1.9221040e+06   3.1982422e+01
   1.9250360e+06   3.1555176e+01
   1.9293990e+06   3.1250000e+01
   1.9302350e+06   2.7099609e+01
   1.9371660e+06   2.5634766e+01
   1.9662760e+06   3.1005859e+01
   1.9693990e+06   2.7099609e+01
   1.9696460e+06   3.1860352e+01
   1.9697240e+06   2.7404785e+01
   1.9698390e+06   2.5695801e+01
   1.9701250e+06   2.5451660e+01
   1.9701350e+06   3.4851074e+01
   1.9704400e+06   2.6916504e+01
   1.9705850e+06   4.0161133e+01
   1.9707240e+06   3.0273438e+01
   1.9708550e+06   2.6794434e+01
   1.9710140e+06   2.9296875e+01
   1.9711770e+06   2.8442383e+01
   1.9714280e+06   2.5085449e+01
   1.9716880e+06   2.6245117e+01
   1.9985880e+06   2.6367188e+01
   1.9990040e+06   2.8442383e+01
   1.9992260e+06   2.8808594e+01
   1.9993770e+06   2.5512695e+01
   1.9994470e+06   2.6733398e+01
   1.9996210e+06   3.0456543e+01
   1.9997390e+06   2.4963379e+01
   1.9999850e+06   2.6062012e+01
   2.0000710e+06   3.1188965e+01
   2.0002180e+06   3.9123535e+01
   2.0003730e+06   3.3569336e+01
   2.0007990e+06   2.5512695e+01
   2.0008110e+06   3.0761719e+01
   2.0011600e+06   3.0395508e+01
   2.0015310e+06   3.5034180e+01
   2.0016630e+06   2.7954102e+01
   2.0134290e+06   2.9907227e+01
   2.0349160e+06   3.8330078e+01
   2.0350100e+06   2.5146484e+01
   2.0351100e+06   5.0720215e+01
   2.0351200e+06   5.6274414e+01
   2.0351480e+06   2.7404785e+01
   2.0351690e+06   1.2695313e+02
   2.0352020e+06   7.6843262e+01
   2.0352140e+06   6.9213867e+01
   2.0352430e+06   3.6926270e+01
   2.0352710e+06   6.0058594e+01
   2.0352910e+06   7.2265625e+01
   2.0353080e+06   5.2368164e+01
   2.0353230e+06   5.4138184e+01
   2.0353380e+06   2.8869629e+01
   2.0353560e+06   4.1870117e+01
   2.0353760e+06   5.4870605e+01
   2.0354000e+06   4.8645020e+01
   2.0354300e+06   7.0129395e+01
   2.0354550e+06   3.6193848e+01
   2.0354830e+06   5.0354004e+01
   2.0354940e+06   3.2104492e+01
   2.0355150e+06   3.5400391e+01
   2.0355410e+06   4.3823242e+01
   2.0355540e+06   3.8513184e+01
   2.0355780e+06   2.4902344e+01
   2.0356040e+06   2.6855469e+01
   2.0356310e+06   4.1320801e+01
   2.0356750e+06   3.1250000e+01
   2.0357090e+06   2.6367188e+01
   2.0357200e+06   3.6743164e+01
   2.0357420e+06   3.8208008e+01
   2.0357940e+06   3.2775879e+01
   2.0358140e+06   3.9245605e+01
   2.0358390e+06   3.1433105e+01
   2.0358680e+06   4.3518066e+01
   2.0359080e+06   2.7893066e+01
   2.0359210e+06   3.1799316e+01
   2.0359620e+06   2.6000977e+01
   2.0359940e+06   3.7170410e+01
   2.0360160e+06   3.4851074e+01
   2.0360380e+06   2.6184082e+01
   2.0360480e+06   3.0273438e+01
   2.0360680e+06   2.7282715e+01
   2.0360880e+06   5.1208496e+01
   2.0361050e+06   3.0334473e+01
   2.0361240e+06   3.6193848e+01
   2.0361700e+06   3.1555176e+01
   2.0361850e+06   2.6428223e+01
   2.0362220e+06   4.1809082e+01
   2.0362500e+06   2.8808594e+01
   2.0362690e+06   2.9052734e+01
   2.0363090e+06   4.3151855e+01
   2.0363200e+06   5.2001953e+01
   2.0363520e+06   2.5817871e+01
   2.0364080e+06   2.7587891e+01
   2.0364640e+06   2.8869629e+01
   2.0364890e+06   3.2348633e+01
   2.0365140e+06   2.5268555e+01
   2.0365540e+06   2.8015137e+01
   2.0365730e+06   3.2226563e+01
   2.0366130e+06   2.5085449e+01
   2.0366650e+06   3.1921387e+01
   2.0366920e+06   2.8747559e+01
   2.0367080e+06   2.9968262e+01
   2.0367790e+06   2.9113770e+01
   2.0367950e+06   3.8879395e+01
   2.0368410e+06   3.0517578e+01
   2.0369840e+06   3.3752441e+01
   2.0370420e+06   2.7465820e+01
   2.0370850e+06   2.7282715e+01
   2.0371440e+06   2.6977539e+01
   2.0372030e+06   3.0700684e+01
   2.0373760e+06   3.8513184e+01
   2.0373860e+06   2.7282715e+01
   2.0376920e+06   2.8747559e+01
   2.0379130e+06   2.8442383e+01
   2.0380150e+06   2.6062012e+01
   2.0387980e+06   2.4902344e+01
   2.0390060e+06   2.5573730e+01
   2.0401330e+06   3.1250000e+01
   2.0404980e+06   2.8015137e+01
   2.0421220e+06   2.6611328e+01
   2.0513370e+06   2.5634766e+01
   2.0524570e+06   3.1555176e+01
   2.0876330e+06   2.6672363e+01
   2.0882100e+06   2.4902344e+01
   2.1032610e+06   2.5085449e+01
   2.1032970e+06   2.5451660e+01
   2.1034780e+06   2.6672363e+01
   2.1036280e+06   2.5695801e+01
   2.1037210e+06   2.7160645e+01
   2.1038640e+06   2.8686523e+01
   2.1042380e+06   3.0273438e+01
   2.1043620e+06   2.6855469e+01
   2.1045900e+06   3.1921387e+01
   2.1046010e+06   5.2795410e+01
   2.1048470e+06   3.1311035e+01
   2.1049360e+06   2.8442383e+01
   2.1050140e+06   2.5268555e+01
   2.1052520e+06   3.8940430e+01
   2.1058170e+06   2.6550293e+01
   2.1162950e+06   2.4902344e+01
   2.1240280e+06   3.6071777e+01
   2.1268740e+06   3.4729004e+01
   2.1359540e+06   3.1066895e+01
   2.1421240e+06   3.5888672e+01
   2.1449100e+06   3.7109375e+01
   2.1510870e+06   2.7282715e+01
   2.1634420e+06   3.3813477e+01
   2.1700010e+06   2.7832031e+01
   2.1770720e+06   3.4179688e+01
   2.1826090e+06   3.1127930e+01
   2.1848270e+06   2.7526855e+01
   2.1853270e+06   3.3630371e+01
   2.1859180e+06   2.7221680e+01
   2.1860950e+06   3.0029297e+01
   2.1862760e+06   2.6977539e+01
   2.1863880e+06   3.4057617e+01
   2.1864900e+06   2.8503418e+01
   2.1866680e+06   3.1188965e+01
   2.1867740e+06   3.0029297e+01
   2.1868280e+06   2.7038574e+01
   2.1869080e+06   4.2602539e+01
   2.1873410e+06   3.0334473e+01
   2.2055170e+06   3.0944824e+01
   2.2076480e+06   2.9663086e+01
   2.2077720e+06   7.5256348e+01
   2.2077900e+06   2.9113770e+01
   2.2078210e+06   3.5400391e+01
   2.2078470e+06   5.2795410e+01
   2.2078740e+06   8.7585449e+01
   2.2078880e+06   5.1086426e+01
   2.2079180e+06   3.9916992e+01
   2.2079420e+06   6.1096191e+01
   2.2079590e+06   3.7597656e+01
   2.2079800e+06   4.5410156e+01
   2.2079980e+06   6.3293457e+01
   2.2080120e+06   2.8137207e+01
   2.2080360e+06   3.7902832e+01
   2.2080540e+06   3.4851074e+01
   2.2080730e+06   3.1555176e+01
   2.2080940e+06   4.7119141e+01
   2.2081160e+06   2.8808594e+01
   2.2081270e+06   3.1188965e+01
   2.2081590e+06   6.3171387e+01
   2.2081980e+06   3.3508301e+01
   2.2082150e+06   4.5349121e+01
   2.2082330e+06   4.3701172e+01
   2.2082630e+06   3.2897949e+01
   2.2082930e+06   2.4902344e+01
   2.2083180e+06   4.3518066e+01
   2.2083330e+06   2.6367188e+01
   2.2083620e+06   4.6142578e+01
   2.2084040e+06   2.9541016e+01
   2.2084650e+06   3.3874512e+01
   2.2084910e+06   3.1738281e+01
   2.2085210e+06   2.6489258e+01
   2.2085330e+06   2.8930664e+01
   2.2086000e+06   3.9611816e+01
   2.2086120e+06   2.6428223e+01
   2.2086240e+06   3.0151367e+01
   2.2086390e+06   2.5207520e+01
   2.2086730e+06   3.2470703e+01
   2.2087050e+06   4.8645020e+01
   2.2087620e+06   2.9663086e+01
   2.2088000e+06   2.5268555e+01
   2.2088580e+06   3.1799316e+01
   2.2088980e+06   2.5512695e+01
   2.2089240e+06   2.5024414e+01
   2.2089430e+06   2.5695801e+01
   2.2089640e+06   2.5024414e+01
   2.2089840e+06   3.1188965e+01
   2.2090370e+06   2.5329590e+01
   2.2090670e+06   2.7221680e+01
   2.2090910e+06   2.9602051e+01
   2.2091120e+06   3.0090332e+01
   2.2091500e+06   3.8513184e+01
   2.2091740e+06   2.6306152e+01
   2.2092130e+06   3.5461426e+01
   2.2092430e+06   2.9541016e+01
   2.2092700e+06   2.5207520e+01
   2.2092890e+06   2.8930664e+01
   2.2093250e+06   2.8869629e+01
   2.2093560e+06   2.6855469e+01
   2.2093660e+06   2.5390625e+01
   2.2093930e+06   4.8278809e+01
   2.2094340e+06   2.8198242e+01
   2.2094710e+06   2.9541016e+01
   2.2095600e+06   2.7160645e+01
   2.2095720e+06   2.8137207e+01
   2.2097610e+06   3.3081055e+01
   2.2097950e+06   2.8747559e+01
   2.2099310e+06   2.5817871e+01
   2.2100310e+06   2.7160645e+01
   2.2101200e+06   2.4963379e+01
   2.2102480e+06   2.9602051e+01
   2.2103540e+06   2.5878906e+01
   2.2103960e+06   2.5817871e+01
   2.2105780e+06   2.7282715e+01
   2.2106590e+06   2.9174805e+01
   2.2108600e+06   3.0273438e+01
   2.2110510e+06   3.2287598e+01
   2.2112850e+06   4.0771484e+01
   2.2121970e+06   3.0212402e+01
   2.2125760e+06   2.5451660e+01
   2.2127670e+06   2.6672363e+01
   2.2169650e+06   3.0883789e+01
   2.2204300e+06   3.1616211e+01
   2.2225980e+06   2.6428223e+01
   2.2241470e+06   2.9846191e+01
   2.2314540e+06   3.1066895e+01
   2.2395060e+06   3.4790039e+01
   2.2543250e+06   2.4902344e+01
   2.2550310e+06   3.2897949e+01
   2.2646270e+06   3.0822754e+01
   2.2732870e+06   2.8076172e+01
   2.2783860e+06   2.5939941e+01
   2.2788980e+06   3.3020020e+01
   2.2793260e+06   2.5329590e+01
   2.2793680e+06   3.3203125e+01
   2.2793990e+06   3.3996582e+01
   2.2795220e+06   2.6489258e+01
   2.2796660e+06   2.7221680e+01
   2.2799100e+06   2.5817871e+01
   2.2799310e+06   2.8930664e+01
   2.2801930e+06   2.8686523e+01
   2.2802560e+06   2.7465820e+01
   2.2803570e+06   2.6306152e+01
   2.2804650e+06   3.0029297e+01
   2.2805880e+06   3.5156250e+01
   2.2808620e+06   3.1616211e+01
   2.2808780e+06   2.8503418e+01
   2.2810240e+06   2.8320313e+01
   2.2812880e+06   2.6306152e+01
   2.2869360e+06   3.4851074e+01
   2.2919110e+06   2.5573730e+01
   2.2965210e+06   3.5644531e+01
   2.2979460e+06   3.1616211e+01
   2.2992680e+06   2.9907227e+01
   2.3013800e+06   3.0578613e+01
   2.3033720e+06   2.6550293e+01
   2.3069020e+06   2.7465820e+01
   2.3088880e+06   2.7893066e+01
   2.3138060e+06   3.7963867e+01
   2.3173690e+06   3.7170410e+01
   2.3194290e+06   2.7282715e+01
   2.3252350e+06   3.9001465e+01
   2.3269780e+06   2.6916504e+01
   2.3319420e+06   2.5573730e+01
   2.3369910e+06   2.6184082e+01
   2.3446740e+06   2.5390625e+01
   2.3463470e+06   3.5034180e+01
   2.3522570e+06   3.0151367e+01
   2.3555640e+06   3.0151367e+01
   2.3572090e+06   3.0334473e+01
   2.3577790e+06   2.6733398e+01
   2.3609170e+06   2.5634766e+01
   2.3632450e+06   2.5573730e+01
   2.3660110e+06   3.6743164e+01
   2.3670510e+06   2.6245117e+01
   2.3728770e+06   3.2531738e+01
   2.3757140e+06   3.6071777e+01
   2.3814390e+06   2.8015137e+01
   2.3818720e+06   2.7465820e+01
   2.3820490e+06   7.4645996e+01
   2.3820820e+06   4.7424316e+01
   2.3821060e+06   6.4025879e+01
   2.3821230e+06   9.8510742e+01
   2.3821670e+06   6.3537598e+01
   2.3821800e+06   6.4025879e+01
   2.3821980e+06   7.0556641e+01
   2.3822150e+06   4.8156738e+01
   2.3822250e+06   5.6457520e+01
   2.3822490e+06   5.6579590e+01
   2.3822800e+06   4.3579102e+01
   2.3822940e+06   4.9621582e+01
   2.3823210e+06   2.8076172e+01
   2.3823450e+06   4.1381836e+01
   2.3823550e+06   4.3395996e+01
   2.3823650e+06   5.3771973e+01
   2.3824080e+06   3.3020020e+01
   2.3824330e+06   4.5043945e+01
   2.3824490e+06   5.7556152e+01
   2.3824860e+06   3.5827637e+01
   2.3824960e+06   3.1250000e+01
   2.3825720e+06   7.3181152e+01
   2.3826070e+06   3.7841797e+01
   2.3826450e+06   6.3415527e+01
   2.3826690e+06   3.2836914e+01
   2.3826830e+06   3.1738281e+01
   2.3827000e+06   2.9724121e+01
   2.3827160e+06   2.7832031e+01
   2.3827600e+06   4.2297363e+01
   2.3827890e+06   2.5512695e+01
   2.3828210e+06   3.3508301e+01
   2.3828520e+06   6.4575195e+01
   2.3828790e+06   2.5390625e+01
   2.3829000e+06   3.3386230e+01
   2.3829130e+06   2.9907227e+01
   2.3829580e+06   3.2836914e+01
   2.3829910e+06   2.7343750e+01
   2.3830120e+06   5.7006836e+01
   2.3830680e+06   2.5207520e+01
   2.3831170e+06   3.1188965e+01
   2.3831340e+06   3.5339355e+01
   2.3831550e+06   2.5268555e+01
   2.3831760e+06   5.4321289e+01
   2.3831880e+06   2.8137207e+01
   2.3832140e+06   4.5837402e+01
   2.3832360e+06   4.1442871e+01
   2.3832640e+06   4.0222168e+01
   2.3832840e+06   2.6245117e+01
   2.3833010e+06   3.4973145e+01
   2.3833320e+06   3.2531738e+01
   2.3833550e+06   2.7282715e+01
   2.3833830e+06   3.0822754e+01
   2.3833980e+06   2.8747559e+01
   2.3834760e+06   2.7221680e+01
   2.3835150e+06   3.6804199e+01
   2.3835590e+06   2.8015137e+01
   2.3835690e+06   2.8076172e+01
   2.3835900e+06   2.7709961e+01
   2.3836170e+06   3.3630371e+01
   2.3836630e+06   2.5207520e+01
   2.3836810e+06   2.6062012e+01
   2.3837210e+06   2.8442383e+01
   2.3837490e+06   2.5878906e+01
   2.3838550e+06   3.9245605e+01
   2.3838650e+06   3.6437988e+01
   2.3839430e+06   3.0761719e+01
   2.3840530e+06   3.0578613e+01
   2.3840650e+06   2.7893066e+01
   2.3840960e+06   2.5573730e+01
   2.3841170e+06   2.9052734e+01
   2.3842090e+06   2.7465820e+01
   2.3842440e+06   3.4118652e+01
   2.3842730e+06   2.6245117e+01
   2.3843740e+06   2.7954102e+01
   2.3844400e+06   2.8320313e+01
   2.3845850e+06   2.5146484e+01
   2.3846230e+06   3.0517578e+01
   2.3848190e+06   2.5695801e+01
   2.3849080e+06   2.8198242e+01
   2.3851100e+06   2.7038574e+01
   2.3852670e+06   2.8625488e+01
   2.3856830e+06   2.8015137e+01
   2.3858940e+06   2.7954102e+01
   2.3863770e+06   2.7709961e+01
   2.3869080e+06   2.7526855e+01
   2.3871110e+06   2.8015137e+01
   2.3884560e+06   2.7038574e+01
   2.3890630e+06   2.5207520e+01
   2.3894810e+06   2.8503418e+01
   2.3898200e+06   2.6184082e+01
   2.3899290e+06   2.6367188e+01
   2.3900200e+06   2.6733398e+01
   2.3923040e+06   2.6062012e+01
   2.3948450e+06   2.6977539e+01
   2.3966220e+06   2.6428223e+01
   2.3983010e+06   2.6245117e+01
   2.3998310e+06   2.5817871e+01
   2.4012430e+06   2.5451660e+01
   2.4035910e+06   2.7709961e+01
   2.4053990e+06   2.7648926e+01
   2.4072940e+06   2.6916504e+01
   2.4189710e+06   2.6550293e+01
   2.4276550e+06   2.6611328e+01
   2.4326920e+06   2.7526855e+01
   2.4384190e+06   3.0822754e+01
   2.4498150e+06   3.2348633e+01
   2.4520260e+06   2.9663086e+01
   2.4590800e+06   2.5207520e+01
   2.4617740e+06   3.4606934e+01
   2.4642950e+06   2.5634766e+01
   2.4691090e+06   3.2226563e+01
   2.4758310e+06   2.7893066e+01
   2.4766700e+06   3.2470703e+01
   2.4790680e+06   2.6794434e+01
   2.4810690e+06   2.5512695e+01
   2.4820540e+06   2.9052734e+01
   2.4821140e+06   2.6123047e+01
   2.4822180e+06   3.7048340e+01
   2.4823040e+06   5.6762695e+01
   2.4823260e+06   2.5817871e+01
   2.4823730e+06   5.4199219e+01
   2.4824050e+06   4.9682617e+01
   2.4824160e+06   4.8461914e+01
   2.4824480e+06   3.8085938e+01
   2.4824730e+06   8.5815430e+01
   2.4824860e+06   4.8156738e+01
   2.4825170e+06   5.5847168e+01
   2.4825400e+06   1.0845947e+02
   2.4825620e+06   4.9865723e+01
   2.4825890e+06   5.5358887e+01
   2.4826150e+06   6.1889648e+01
   2.4826270e+06   4.4189453e+01
   2.4826420e+06   2.8808594e+01
   2.4826570e+06   3.2409668e+01
   2.4826760e+06   2.7526855e+01
   2.4826890e+06   3.4973145e+01
   2.4827270e+06   5.7800293e+01
   2.4827430e+06   3.4057617e+01
   2.4827580e+06   3.4545898e+01
   2.4827790e+06   3.6743164e+01
   2.4827930e+06   5.7800293e+01
   2.4828410e+06   3.9855957e+01
   2.4828570e+06   4.0771484e+01
   2.4828680e+06   3.0517578e+01
   2.4828980e+06   2.7587891e+01
   2.4829270e+06   3.5278320e+01
   2.4829390e+06   2.8015137e+01
   2.4829780e+06   4.7729492e+01
   2.4830140e+06   2.5329590e+01
   2.4830420e+06   3.5644531e+01
   2.4830540e+06   2.6306152e+01
   2.4831010e+06   2.5451660e+01
   2.4831850e+06   2.8747559e+01
   2.4832270e+06   2.6123047e+01
   2.4832740e+06   3.0761719e+01
   2.4832930e+06   2.8564453e+01
   2.4833120e+06   2.5024414e+01
   2.4833390e+06   3.3264160e+01
   2.4833810e+06   3.4240723e+01
   2.4834350e+06   5.4931641e+01
   2.4834610e+06   2.7221680e+01
   2.4834860e+06   3.0761719e+01
   2.4835160e+06   3.0151367e+01
   2.4835460e+06   2.5329590e+01
   2.4835580e+06   2.5329590e+01
   2.4835810e+06   2.9235840e+01
   2.4836010e+06   2.6977539e+01
   2.4836180e+06   2.7709961e+01
   2.4836310e+06   4.3518066e+01
   2.4836510e+06   2.7099609e+01
   2.4837170e+06   2.8869629e+01
   2.4837410e+06   2.5085449e+01
   2.4837710e+06   3.0395508e+01
   2.4838050e+06   2.6489258e+01
   2.4838390e+06   2.7282715e+01
   2.4838540e+06   3.1677246e+01
   2.4838800e+06   2.6184082e+01
   2.4838960e+06   2.5207520e+01
   2.4839470e+06   3.8635254e+01
   2.4839580e+06   4.9499512e+01
   2.4840010e+06   2.5268555e+01
   2.4840400e+06   2.7648926e+01
   2.4841110e+06   2.5695801e+01
   2.4841360e+06   2.6916504e+01
   2.4841650e+06   2.8137207e+01
   2.4841980e+06   2.6794434e+01
   2.4842800e+06   2.7404785e+01
   2.4843580e+06   3.1860352e+01
   2.4844840e+06   3.1372070e+01
   2.4845890e+06   2.8625488e+01
   2.4846240e+06   2.8320313e+01
   2.4846660e+06   2.7770996e+01
   2.4847390e+06   3.0578613e+01
   2.4848210e+06   3.4667969e+01
   2.4849500e+06   3.5095215e+01
   2.4850210e+06   2.5817871e+01
   2.4850360e+06   2.9235840e+01
   2.4851670e+06   2.7954102e+01
   2.4854130e+06   3.3020020e+01
   2.4858040e+06   2.5817871e+01
   2.4858460e+06   2.7099609e+01
   2.4860010e+06   2.6062012e+01
   2.4862600e+06   2.8930664e+01
   2.4863950e+06   2.6672363e+01
   2.4864790e+06   2.7343750e+01
   2.4872740e+06   3.0029297e+01
   2.4884200e+06   2.6916504e+01
   2.4913080e+06   2.8076172e+01
   2.4929290e+06   3.3508301e+01
   2.4953650e+06   2.7770996e+01
   2.4953880e+06   3.0029297e+01
   2.4969310e+06   2.5085449e+01
   2.5000760e+06   2.7954102e+01
   2.5015560e+06   2.6794434e+01
   2.5034640e+06   2.5024414e+01
   2.5051180e+06   2.5024414e+01
   2.5265620e+06   2.8381348e+01
   2.5336990e+06   3.7170410e+01
   2.5376060e+06   2.7221680e+01
   2.5379650e+06   3.6865234e+01
   2.5380150e+06   2.9418945e+01
   2.5380270e+06   3.6499023e+01
   2.5380570e+06   3.0151367e+01
   2.5380770e+06   4.3823242e+01
   2.5381120e+06   6.1950684e+01
   2.5381240e+06   8.2336426e+01
   2.5381410e+06   8.4655762e+01
   2.5381690e+06   8.8928223e+01
   2.5381840e+06   8.7768555e+01
   2.5382180e+06   5.5541992e+01
   2.5382340e+06   6.0791016e+01
   2.5382490e+06   3.2409668e+01
   2.5382610e+06   3.9672852e+01
   2.5382860e+06   3.9672852e+01
   2.5383000e+06   5.8532715e+01
   2.5383200e+06   4.2053223e+01
   2.5383340e+06   3.7963867e+01
   2.5383600e+06   5.3771973e+01
   2.5383720e+06   3.3813477e+01
   2.5384210e+06   6.8420410e+01
   2.5384380e+06   3.3630371e+01
   2.5384670e+06   3.5217285e+01
   2.5384820e+06   4.2358398e+01
   2.5385060e+06   4.2419434e+01
   2.5385370e+06   2.9052734e+01
   2.5385470e+06   5.2673340e+01
   2.5385570e+06   3.1311035e+01
   2.5385940e+06   3.1860352e+01
   2.5386120e+06   4.5227051e+01
   2.5386560e+06   2.7587891e+01
   2.5386830e+06   3.8330078e+01
   2.5387090e+06   2.8259277e+01
   2.5387330e+06   3.8879395e+01
   2.5387560e+06   3.2287598e+01
   2.5387740e+06   3.6376953e+01
   2.5388130e+06   2.8320313e+01
   2.5388300e+06   2.6916504e+01
   2.5388570e+06   2.9968262e+01
   2.5388890e+06   2.7954102e+01
   2.5389150e+06   3.2531738e+01
   2.5389300e+06   3.8696289e+01
   2.5389980e+06   3.3142090e+01
   2.5390690e+06   3.0700684e+01
   2.5390880e+06   2.8076172e+01
   2.5391030e+06   2.5146484e+01
   2.5391210e+06   2.6062012e+01
   2.5391520e+06   2.5695801e+01
   2.5391690e+06   2.8503418e+01
   2.5391880e+06   2.9541016e+01
   2.5392140e+06   2.8808594e+01
   2.5392530e+06   2.5207520e+01
   2.5392670e+06   2.7282715e+01
   2.5393300e+06   2.6184082e+01
   2.5393500e+06   3.8635254e+01
   2.5393770e+06   3.7597656e+01
   2.5394170e+06   2.7038574e+01
   2.5394310e+06   2.5390625e+01
   2.5394580e+06   2.7160645e+01
   2.5394910e+06   2.7587891e+01
   2.5395050e+06   7.7148438e+01
   2.5395470e+06   3.4301758e+01
   2.5395590e+06   3.7231445e+01
   2.5396010e+06   3.6499023e+01
   2.5396390e+06   2.9296875e+01
   2.5397010e+06   2.6367188e+01
   2.5397600e+06   2.7709961e+01
   2.5397790e+06   2.6733398e+01
   2.5398370e+06   5.5419922e+01
   2.5398930e+06   2.6062012e+01
   2.5399240e+06   2.6000977e+01
   2.5399770e+06   2.6000977e+01
   2.5400300e+06   2.9968262e+01
   2.5400410e+06   2.5451660e+01
   2.5401490e+06   3.1494141e+01
   2.5402160e+06   2.5207520e+01
   2.5403350e+06   3.1860352e+01
   2.5405260e+06   2.9174805e+01
   2.5405800e+06   2.7465820e+01
   2.5406510e+06   2.6611328e+01
   2.5409690e+06   2.8381348e+01
   2.5410040e+06   2.6367188e+01
   2.5412220e+06   2.7038574e+01
   2.5415950e+06   2.8076172e+01
   2.5416350e+06   2.9113770e+01
   2.5419140e+06   3.1188965e+01
   2.5420190e+06   2.6550293e+01
   2.5422610e+06   3.1738281e+01
   2.5424970e+06   2.5268555e+01
   2.5427180e+06   3.3203125e+01
   2.5432260e+06   2.7648926e+01
   2.5440520e+06   2.5512695e+01
   2.5480570e+06   3.0700684e+01
   2.5530070e+06   2.5329590e+01
   2.5576480e+06   2.7709961e+01
   2.5605020e+06   2.5573730e+01
   2.5677550e+06   2.5207520e+01
   2.5731920e+06   2.6245117e+01
   2.5781920e+06   2.5390625e+01
   2.5783090e+06   4.5227051e+01
   2.5783220e+06   5.9387207e+01
   2.5783630e+06   4.4311523e+01
   2.5783830e+06   3.3752441e+01
   2.5784000e+06   2.4902344e+01
   2.5784250e+06   5.7739258e+01
   2.5784570e+06   8.1848145e+01
   2.5784720e+06   4.6386719e+01
   2.5784850e+06   5.8044434e+01
   2.5785220e+06   4.0588379e+01
   2.5785370e+06   6.9458008e+01
   2.5785630e+06   3.3813477e+01
   2.5785810e+06   3.5644531e+01
   2.5786020e+06   4.3212891e+01
   2.5786160e+06   4.2236328e+01
   2.5786360e+06   3.6010742e+01
   2.5786570e+06   4.6936035e+01
   2.5786710e+06   2.5573730e+01
   2.5786910e+06   5.3161621e+01
   2.5787050e+06   2.7465820e+01
   2.5787310e+06   3.3569336e+01
   2.5787520e+06   4.1137695e+01
   2.5787630e+06   4.0710449e+01
   2.5787910e+06   4.1259766e+01
   2.5788110e+06   4.6569824e+01
   2.5788320e+06   3.3813477e+01
   2.5788600e+06   4.4067383e+01
   2.5788770e+06   2.5268555e+01
   2.5789070e+06   2.6184082e+01
   2.5789230e+06   3.1311035e+01
   2.5789390e+06   3.4729004e+01
   2.5789750e+06   4.1442871e+01
   2.5789910e+06   3.0395508e+01
   2.5790020e+06   2.9296875e+01
   2.5790180e+06   5.0903320e+01
   2.5790580e+06   3.1677246e+01
   2.5790790e+06   2.8991699e+01
   2.5790980e+06   3.7048340e+01
   2.5791240e+06   4.4982910e+01
   2.5791430e+06   2.8625488e+01
   2.5791950e+06   3.1738281e+01
   2.5792310e+06   2.9113770e+01
   2.5792780e+06   3.7841797e+01
   2.5793330e+06   3.4790039e+01
   2.5793600e+06   4.8095703e+01
   2.5793880e+06   2.6550293e+01
   2.5794680e+06   4.2053223e+01
   2.5795060e+06   2.7526855e+01
   2.5795400e+06   2.8503418e+01
   2.5795580e+06   4.5288086e+01
   2.5796130e+06   6.6589355e+01
   2.5796520e+06   2.6245117e+01
   2.5796850e+06   3.5705566e+01
   2.5797180e+06   2.8442383e+01
   2.5797790e+06   2.5085449e+01
   2.5797930e+06   3.8818359e+01
   2.5798130e+06   2.6611328e+01
   2.5798800e+06   2.9663086e+01
   2.5799040e+06   2.6062012e+01
   2.5799330e+06   3.3996582e+01
   2.5799570e+06   3.2897949e+01
   2.5799930e+06   3.3203125e+01
   2.5801310e+06   3.1738281e+01
   2.5802010e+06   2.7282715e+01
   2.5802110e+06   2.5085449e+01
   2.5805100e+06   3.4057617e+01
   2.5806750e+06   3.0090332e+01
   2.5809600e+06   3.0944824e+01
   2.5810320e+06   3.1066895e+01
   2.5811990e+06   2.6000977e+01
   2.5815820e+06   2.7893066e+01
   2.5815930e+06   2.7465820e+01
   2.5819530e+06   2.6062012e+01
   2.5819940e+06   2.9235840e+01
   2.5826200e+06   2.6367188e+01
   2.5828920e+06   2.9479980e+01
   2.5830500e+06   2.7343750e+01
   2.5831110e+06   3.0944824e+01
   2.5837490e+06   2.7465820e+01
   2.5849430e+06   2.7648926e+01
   2.5878830e+06   3.5034180e+01
   2.5906740e+06   2.5573730e+01
   2.5919850e+06   2.5573730e+01
   2.5926360e+06   2.9541016e+01
   2.5947730e+06   2.9113770e+01
   2.6273990e+06   2.5512695e+01
   2.6560580e+06   2.9052734e+01
   2.6563590e+06   2.7343750e+01
   2.6564030e+06   2.8137207e+01
   2.6564310e+06   5.9204102e+01
   2.6564880e+06   3.1127930e+01
   2.6565190e+06   3.2470703e+01
   2.6565470e+06   3.3142090e+01
   2.6566030e+06   6.1218262e+01
   2.6566360e+06   3.7353516e+01
   2.6566660e+06   3.0212402e+01
   2.6566900e+06   5.9631348e+01
   2.6567010e+06   8.5937500e+01
   2.6567300e+06   5.4626465e+01
   2.6567480e+06   3.3142090e+01
   2.6567780e+06   8.0505371e+01
   2.6568000e+06   4.9011230e+01
   2.6568100e+06   7.8369141e+01
   2.6568240e+06   3.6071777e+01
   2.6568410e+06   2.5146484e+01
   2.6568570e+06   5.8593750e+01
   2.6568670e+06   4.8767090e+01
   2.6569010e+06   5.4565430e+01
   2.6569220e+06   4.0527344e+01
   2.6569540e+06   4.1870117e+01
   2.6569890e+06   8.5205078e+01
   2.6570110e+06   4.1320801e+01
   2.6570260e+06   3.2287598e+01
   2.6570570e+06   2.8198242e+01
   2.6570830e+06   3.4790039e+01
   2.6570970e+06   5.0170898e+01
   2.6571150e+06   5.0720215e+01
   2.6571580e+06   3.0029297e+01
   2.6571880e+06   4.0832520e+01
   2.6572040e+06   3.6865234e+01
   2.6572850e+06   2.9479980e+01
   2.6573140e+06   2.5634766e+01
   2.6573290e+06   3.5095215e+01
   2.6573650e+06   4.0222168e+01
   2.6574110e+06   2.6367188e+01
   2.6574410e+06   3.8452148e+01
   2.6574560e+06   6.1035156e+01
   2.6574750e+06   2.9113770e+01
   2.6574900e+06   3.2043457e+01
   2.6575200e+06   3.2043457e+01
   2.6575520e+06   3.0456543e+01
   2.6576190e+06   2.8076172e+01
   2.6576490e+06   3.3447266e+01
   2.6576850e+06   3.9733887e+01
   2.6577170e+06   5.3649902e+01
   2.6577520e+06   3.0090332e+01
   2.6577750e+06   2.7465820e+01
   2.6577950e+06   3.7292480e+01
   2.6578320e+06   2.8076172e+01
   2.6578460e+06   3.7109375e+01
   2.6578780e+06   2.6123047e+01
   2.6578980e+06   2.9174805e+01
   2.6579170e+06   4.7607422e+01
   2.6579350e+06   2.6855469e+01
   2.6579850e+06   2.7221680e+01
   2.6580360e+06   2.6916504e+01
   2.6580840e+06   2.5756836e+01
   2.6581240e+06   2.7465820e+01
   2.6581890e+06   2.5817871e+01
   2.6582300e+06   2.7038574e+01
   2.6582490e+06   2.7404785e+01
   2.6582860e+06   2.7526855e+01
   2.6583630e+06   3.4973145e+01
   2.6583980e+06   2.7404785e+01
   2.6584830e+06   3.2592773e+01
   2.6585340e+06   3.6499023e+01
   2.6586840e+06   2.8869629e+01
   2.6587250e+06   2.4902344e+01
   2.6588410e+06   2.5939941e+01
   2.6589980e+06   2.9968262e+01
   2.6591920e+06   2.5939941e+01
   2.6597650e+06   2.7954102e+01
   2.6599630e+06   3.1677246e+01
   2.6606380e+06   3.0761719e+01
   2.6609110e+06   2.7099609e+01
   2.6612640e+06   2.5268555e+01
   2.6615640e+06   2.8564453e+01
   2.6619590e+06   2.7099609e+01
   2.6654700e+06   3.3325195e+01
   2.6682240e+06   2.8625488e+01
   2.6710640e+06   2.8442383e+01
   2.7049600e+06   2.5634766e+01
   2.7160910e+06   2.5451660e+01
   2.7466440e+06   3.0334473e+01
   2.7467410e+06   2.4963379e+01
   2.7467970e+06   5.1208496e+01
   2.7468200e+06   3.6499023e+01
   2.7468490e+06   3.1921387e+01
   2.7468750e+06   6.9335938e+01
   2.7468860e+06   3.5583496e+01
   2.7469080e+06   5.4382324e+01
   2.7469340e+06   5.9814453e+01
   2.7469460e+06   5.8105469e+01
   2.7469580e+06   5.0903320e+01
   2.7469750e+06   3.7902832e+01
   2.7469860e+06   9.4421387e+01
   2.7470260e+06   8.5571289e+01
   2.7470440e+06   7.4890137e+01
   2.7470780e+06   6.1401367e+01
   2.7470980e+06   3.3813477e+01
   2.7471080e+06   4.5043945e+01
   2.7471360e+06   5.2429199e+01
   2.7471550e+06   3.5827637e+01
   2.7471710e+06   2.9846191e+01
   2.7471960e+06   2.7587891e+01
   2.7472100e+06   3.8146973e+01
   2.7472500e+06   3.5583496e+01
   2.7473090e+06   2.5207520e+01
   2.7473310e+06   3.3874512e+01
   2.7473670e+06   3.4912109e+01
   2.7473980e+06   3.4851074e+01
   2.7474660e+06   3.7475586e+01
   2.7474860e+06   3.0578613e+01
   2.7475310e+06   2.9907227e+01
   2.7475860e+06   5.6823730e+01
   2.7476150e+06   2.9296875e+01
   2.7476390e+06   2.8869629e+01
   2.7476680e+06   2.6855469e+01
   2.7476920e+06   2.6672363e+01
   2.7477370e+06   2.6794434e+01
   2.7477590e+06   2.5024414e+01
   2.7477840e+06   3.8085938e+01
   2.7477960e+06   2.6550293e+01
   2.7478420e+06   2.5878906e+01
   2.7478560e+06   3.0029297e+01
   2.7478960e+06   2.5207520e+01
   2.7479200e+06   2.9418945e+01
   2.7479420e+06   3.2836914e+01
   2.7479610e+06   2.9602051e+01
   2.7479940e+06   3.7597656e+01
   2.7480180e+06   3.3447266e+01
   2.7480690e+06   4.6936035e+01
   2.7480940e+06   2.6123047e+01
   2.7481560e+06   2.5146484e+01
   2.7481780e+06   3.8879395e+01
   2.7482140e+06   2.6672363e+01
   2.7482240e+06   2.6489258e+01
   2.7482570e+06   3.4606934e+01
   2.7484100e+06   2.6916504e+01
   2.7484580e+06   3.0517578e+01
   2.7484840e+06   2.5085449e+01
   2.7485110e+06   2.8076172e+01
   2.7485440e+06   3.1799316e+01
   2.7486260e+06   5.7556152e+01
   2.7487130e+06   4.4555664e+01
   2.7488040e+06   2.6794434e+01
   2.7488510e+06   3.0822754e+01
   2.7489460e+06   2.5451660e+01
   2.7490710e+06   2.6733398e+01
   2.7492510e+06   2.9968262e+01
   2.7493590e+06   2.5451660e+01
   2.7494290e+06   2.6306152e+01
   2.7498330e+06   3.2226563e+01
   2.7499110e+06   2.5085449e+01
   2.7501940e+06   3.3203125e+01
   2.7504620e+06   2.7404785e+01
   2.7509080e+06   2.5207520e+01
   2.7532960e+06   2.5878906e+01
   2.7577270e+06   3.4484863e+01
   2.7617610e+06   2.5451660e+01
   2.7857130e+06   2.5634766e+01
   2.8232310e+06   3.2348633e+01
   2.8301050e+06   3.1982422e+01
   2.8301340e+06   4.0161133e+01
   2.8301440e+06   5.7739258e+01
   2.8301680e+06   5.6091309e+01
   2.8301930e+06   3.4667969e+01
   2.8302130e+06   4.1809082e+01
   2.8302240e+06   5.4626465e+01
   2.8302420e+06   4.1564941e+01
   2.8302610e+06   8.1176758e+01
   2.8302760e+06   5.3466797e+01
   2.8303060e+06   4.3945313e+01
   2.8303250e+06   3.8940430e+01
   2.8303560e+06   6.5551758e+01
   2.8303730e+06   4.5410156e+01
   2.8303950e+06   4.2175293e+01
   2.8304100e+06   6.8115234e+01
   2.8304310e+06   4.9011230e+01
   2.8304430e+06   3.2287598e+01
   2.8304650e+06   2.8869629e+01
   2.8304810e+06   3.3569336e+01
   2.8305220e+06   6.1157227e+01
   2.8305370e+06   4.5593262e+01
   2.8305590e+06   2.6672363e+01
   2.8305870e+06   4.1503906e+01
   2.8305990e+06   2.6489258e+01
   2.8306190e+06   5.8593750e+01
   2.8306520e+06   2.7343750e+01
   2.8306770e+06   3.6315918e+01
   2.8307090e+06   4.0588379e+01
   2.8307270e+06   4.3273926e+01
   2.8307450e+06   3.5522461e+01
   2.8307550e+06   3.4729004e+01
   2.8307650e+06   2.8320313e+01
   2.8308270e+06   2.7099609e+01
   2.8308370e+06   4.3395996e+01
   2.8308540e+06   7.7209473e+01
   2.8309130e+06   3.1860352e+01
   2.8309580e+06   3.1982422e+01
   2.8309900e+06   4.1198730e+01
   2.8310070e+06   5.1391602e+01
   2.8310870e+06   2.6916504e+01
   2.8311060e+06   3.9489746e+01
   2.8311360e+06   2.6550293e+01
   2.8311640e+06   3.1127930e+01
   2.8311760e+06   3.1433105e+01
   2.8312140e+06   2.5268555e+01
   2.8312350e+06   2.6916504e+01
   2.8312680e+06   2.9724121e+01
   2.8313020e+06   2.8503418e+01
   2.8313130e+06   4.4433594e+01
   2.8313840e+06   2.5695801e+01
   2.8314060e+06   3.2287598e+01
   2.8314460e+06   2.7038574e+01
   2.8315070e+06   3.6132813e+01
   2.8315790e+06   2.5085449e+01
   2.8316310e+06   2.9235840e+01
   2.8317000e+06   3.2897949e+01
   2.8317170e+06   2.9724121e+01
   2.8318040e+06   2.7099609e+01
   2.8318280e+06   4.1015625e+01
   2.8318740e+06   4.0466309e+01
   2.8319530e+06   2.7893066e+01
   2.8321280e+06   4.6203613e+01
   2.8323020e+06   2.8747559e+01
   2.8324600e+06   2.6367188e+01
   2.8330790e+06   2.5939941e+01
   2.8332420e+06   2.5817871e+01
   2.8334340e+06   2.7160645e+01
   2.8336640e+06   2.5939941e+01
   2.8338530e+06   2.8503418e+01
   2.8347890e+06   2.7404785e+01
   2.8384000e+06   3.3203125e+01
   2.8447100e+06   2.7893066e+01
   2.8495970e+06   3.7658691e+01
   2.8544160e+06   3.3264160e+01
   2.8914490e+06   2.8564453e+01
   2.8997650e+06   3.9428711e+01
   2.9002170e+06   2.5390625e+01
   2.9094350e+06   2.6000977e+01
   2.9185750e+06   2.9174805e+01
   2.9280800e+06   3.7719727e+01
   2.9441280e+06   2.6794434e+01
   2.9441900e+06   5.0109863e+01
   2.9442120e+06   4.0405273e+01
   2.9442500e+06   3.4057617e+01
   2.9442660e+06   7.3059082e+01
   2.9443030e+06   8.3007813e+01
   2.9443210e+06   6.7382813e+01
   2.9443360e+06   7.3425293e+01
   2.9443590e+06   4.3395996e+01
   2.9443800e+06   5.8227539e+01
   2.9444050e+06   5.3833008e+01
   2.9444260e+06   4.8339844e+01
   2.9444420e+06   7.1350098e+01
   2.9444860e+06   3.9123535e+01
   2.9445030e+06   3.6315918e+01
   2.9445260e+06   4.2419434e+01
   2.9445800e+06   4.8522949e+01
   2.9446090e+06   4.6630859e+01
   2.9446290e+06   3.2531738e+01
   2.9446390e+06   2.9968262e+01
   2.9446660e+06   3.9367676e+01
   2.9446770e+06   6.3842773e+01
   2.9447130e+06   3.0944824e+01
   2.9447230e+06   3.1494141e+01
   2.9447540e+06   2.5756836e+01
   2.9447650e+06   4.4189453e+01
   2.9448010e+06   3.5156250e+01
   2.9448270e+06   3.9672852e+01
   2.9448370e+06   3.5522461e+01
   2.9448650e+06   4.6386719e+01
   2.9449100e+06   3.6010742e+01
   2.9449290e+06   3.6010742e+01
   2.9449950e+06   4.9194336e+01
   2.9450340e+06   3.5217285e+01
   2.9450440e+06   2.5695801e+01
   2.9451040e+06   2.5085449e+01
   2.9451170e+06   3.8085938e+01
   2.9451420e+06   4.1259766e+01
   2.9451560e+06   2.5634766e+01
   2.9452090e+06   2.7282715e+01
   2.9452390e+06   2.7648926e+01
   2.9453050e+06   3.4729004e+01
   2.9453270e+06   2.6916504e+01
   2.9454230e+06   3.5644531e+01
   2.9454510e+06   2.9846191e+01
   2.9454870e+06   2.8930664e+01
   2.9455280e+06   3.3691406e+01
   2.9455910e+06   2.7282715e+01
   2.9456190e+06   4.2663574e+01
   2.9456780e+06   3.5034180e+01
   2.9457030e+06   3.4240723e+01
   2.9457720e+06   2.7038574e+01
   2.9458090e+06   2.8381348e+01
   2.9459780e+06   3.2043457e+01
   2.9460220e+06   2.6123047e+01
   2.9461850e+06   3.8330078e+01
   2.9463370e+06   2.8686523e+01
   2.9465250e+06   2.5512695e+01
   2.9466420e+06   3.0151367e+01
   2.9466550e+06   3.2104492e+01
   2.9467220e+06   3.5522461e+01
   2.9469430e+06   3.0212402e+01
   2.9471510e+06   2.6855469e+01
   2.9473460e+06   2.6611328e+01
   2.9475800e+06   2.9846191e+01
   2.9485830e+06   2.8625488e+01
   2.9530870e+06   3.1860352e+01
   2.9562170e+06   3.4851074e+01
   2.9584450e+06   2.8076172e+01
   2.9661910e+06   2.6672363e+01
   2.9679800e+06   2.5390625e+01
   2.9693210e+06   3.4667969e+01
   2.9795740e+06   2.7404785e+01
