   7.5250000e+06   0.0000000e+00
   3.9000000e+01   1.0000000e+00
   8.2772000e+04   1.0000000e+00
   1.3742200e+05   1.0000000e+00
   1.7481600e+05   1.0000000e+00
   2.4197200e+05   1.0000000e+00
   8.2935800e+05   1.0000000e+00
   1.2556490e+06   1.0000000e+00
   1.3032880e+06   1.0000000e+00
   1.4660400e+06   1.0000000e+00
   1.7944460e+06   1.0000000e+00
   2.1152050e+06   1.0000000e+00
   2.6258840e+06   1.0000000e+00
   2.6317500e+06   1.0000000e+00
   2.6985360e+06   1.0000000e+00
   3.0539260e+06   1.0000000e+00
   3.0640020e+06   1.0000000e+00
   3.0799860e+06   1.0000000e+00
   3.4264240e+06   1.0000000e+00
   3.6219510e+06   1.0000000e+00
   4.1804340e+06   1.0000000e+00
   4.8249320e+06   1.0000000e+00
   4.8496980e+06   1.0000000e+00
   5.1138420e+06   1.0000000e+00
   5.1236310e+06   1.0000000e+00
   5.1606150e+06   1.0000000e+00
   5.3422640e+06   1.0000000e+00
   5.4388290e+06   1.0000000e+00
   5.4411340e+06   1.0000000e+00
   5.4428270e+06   1.0000000e+00
   5.4430110e+06   1.0000000e+00
   5.5755170e+06   1.0000000e+00
   5.5915610e+06   1.0000000e+00
   5.8758310e+06   1.0000000e+00
   5.8807190e+06   1.0000000e+00
   6.1245570e+06   1.0000000e+00
   6.7423820e+06   1.0000000e+00
   6.8228740e+06   1.0000000e+00
   7.0921200e+06   1.0000000e+00
   7.2130230e+06   1.0000000e+00
   7.2405940e+06   1.0000000e+00
