   7.5250000e+06   0.0000000e+00
   1.1000000e+02   1.0000000e+00
   3.5331000e+04   1.0000000e+00
   9.2650000e+04   1.0000000e+00
   1.3740200e+05   1.0000000e+00
   1.6596800e+05   1.0000000e+00
   1.7481600e+05   1.0000000e+00
   1.8118000e+05   1.0000000e+00
   1.8351000e+05   1.0000000e+00
   4.3421400e+05   1.0000000e+00
   5.5719900e+05   1.0000000e+00
   8.2999400e+05   1.0000000e+00
   8.5508700e+05   1.0000000e+00
   1.0289890e+06   1.0000000e+00
   1.1139540e+06   1.0000000e+00
   1.2415830e+06   1.0000000e+00
   1.2510160e+06   1.0000000e+00
   1.2523910e+06   1.0000000e+00
   1.2535450e+06   1.0000000e+00
   1.2545310e+06   1.0000000e+00
   1.2552160e+06   1.0000000e+00
   1.2556680e+06   1.0000000e+00
   1.2570860e+06   1.0000000e+00
   1.2580350e+06   1.0000000e+00
   1.2610440e+06   1.0000000e+00
   1.3032880e+06   1.0000000e+00
   1.8895810e+06   1.0000000e+00
   2.0106220e+06   1.0000000e+00
   2.1824780e+06   1.0000000e+00
   2.1828940e+06   1.0000000e+00
   2.5714420e+06   1.0000000e+00
   2.6698420e+06   1.0000000e+00
   2.8282860e+06   1.0000000e+00
   2.9940670e+06   1.0000000e+00
   3.0641680e+06   1.0000000e+00
   3.2925030e+06   1.0000000e+00
   3.3529590e+06   1.0000000e+00
   3.4264230e+06   1.0000000e+00
   3.5537170e+06   1.0000000e+00
   3.5552520e+06   1.0000000e+00
   3.6573650e+06   1.0000000e+00
   3.6577560e+06   1.0000000e+00
   3.6580610e+06   1.0000000e+00
   3.6580870e+06   1.0000000e+00
   3.6584820e+06   1.0000000e+00
   3.6586600e+06   1.0000000e+00
   3.6590470e+06   1.0000000e+00
   3.6606260e+06   1.0000000e+00
   3.6625810e+06   1.0000000e+00
   4.2775950e+06   1.0000000e+00
   4.3797320e+06   1.0000000e+00
   4.3861890e+06   1.0000000e+00
   4.4940250e+06   1.0000000e+00
   4.5244450e+06   1.0000000e+00
   4.6951940e+06   1.0000000e+00
   4.8496980e+06   1.0000000e+00
   4.9229900e+06   1.0000000e+00
   5.0013610e+06   1.0000000e+00
   5.1117100e+06   1.0000000e+00
   5.1993180e+06   1.0000000e+00
   5.2187600e+06   1.0000000e+00
   5.3335620e+06   1.0000000e+00
   5.4400880e+06   1.0000000e+00
   5.4410900e+06   1.0000000e+00
   5.4411340e+06   1.0000000e+00
   5.4419640e+06   1.0000000e+00
   5.4423560e+06   1.0000000e+00
   5.4428240e+06   1.0000000e+00
   5.4430100e+06   1.0000000e+00
   5.4433570e+06   1.0000000e+00
   5.4446600e+06   1.0000000e+00
   5.4456520e+06   1.0000000e+00
   5.4459760e+06   1.0000000e+00
   5.4460820e+06   1.0000000e+00
   5.4568720e+06   1.0000000e+00
   5.5784710e+06   1.0000000e+00
   5.6811390e+06   1.0000000e+00
   5.7429920e+06   1.0000000e+00
   5.7960720e+06   1.0000000e+00
   5.8760530e+06   1.0000000e+00
   5.8762320e+06   1.0000000e+00
   5.8786840e+06   1.0000000e+00
   6.1245570e+06   1.0000000e+00
   6.1275500e+06   1.0000000e+00
   6.1315230e+06   1.0000000e+00
   6.1893300e+06   1.0000000e+00
   6.1911120e+06   1.0000000e+00
   6.1920690e+06   1.0000000e+00
   6.2933610e+06   1.0000000e+00
   6.3120650e+06   1.0000000e+00
   6.3234980e+06   1.0000000e+00
   6.3993600e+06   1.0000000e+00
   6.5074330e+06   1.0000000e+00
   6.5304180e+06   1.0000000e+00
   6.5874900e+06   1.0000000e+00
   6.8566380e+06   1.0000000e+00
   6.8573110e+06   1.0000000e+00
   6.8585990e+06   1.0000000e+00
   6.8987300e+06   1.0000000e+00
   6.8992050e+06   1.0000000e+00
   6.8993790e+06   1.0000000e+00
   6.9744540e+06   1.0000000e+00
   6.9754030e+06   1.0000000e+00
   6.9760800e+06   1.0000000e+00
   7.0940520e+06   1.0000000e+00
   7.0973160e+06   1.0000000e+00
   7.1469610e+06   1.0000000e+00
   7.2413680e+06   1.0000000e+00
   7.2433410e+06   1.0000000e+00
   7.3428380e+06   1.0000000e+00
   7.4311270e+06   1.0000000e+00
   7.4786870e+06   1.0000000e+00
