   7.5250000e+06   0.0000000e+00
   2.0300000e+02   1.0000000e+00
   1.5271000e+04   1.0000000e+00
   8.3770000e+04   1.0000000e+00
   8.8219000e+04   1.0000000e+00
   1.7421900e+05   1.0000000e+00
   1.7428200e+05   1.0000000e+00
   1.7454500e+05   1.0000000e+00
   1.7548400e+05   1.0000000e+00
   1.7565600e+05   1.0000000e+00
   1.7574900e+05   1.0000000e+00
   1.7590000e+05   1.0000000e+00
   1.7925600e+05   1.0000000e+00
   1.8120000e+05   1.0000000e+00
   2.8785300e+05   1.0000000e+00
   3.3629800e+05   1.0000000e+00
   5.6964900e+05   1.0000000e+00
   6.2378000e+05   1.0000000e+00
   6.7520500e+05   1.0000000e+00
   7.1560200e+05   1.0000000e+00
   8.2989800e+05   1.0000000e+00
   8.3024500e+05   1.0000000e+00
   8.5410600e+05   1.0000000e+00
   1.0291400e+06   1.0000000e+00
   1.1178400e+06   1.0000000e+00
   1.2233300e+06   1.0000000e+00
   1.2246980e+06   1.0000000e+00
   1.2260900e+06   1.0000000e+00
   1.2534310e+06   1.0000000e+00
   1.2543050e+06   1.0000000e+00
   1.2545360e+06   1.0000000e+00
   1.2549320e+06   1.0000000e+00
   1.2553720e+06   1.0000000e+00
   1.2554350e+06   1.0000000e+00
   1.2557010e+06   1.0000000e+00
   1.2557730e+06   1.0000000e+00
   1.2575060e+06   1.0000000e+00
   1.2578040e+06   1.0000000e+00
   1.2580630e+06   1.0000000e+00
   1.2611010e+06   1.0000000e+00
   1.2995350e+06   1.0000000e+00
   1.3787740e+06   1.0000000e+00
   1.7449570e+06   1.0000000e+00
   1.8657650e+06   1.0000000e+00
   1.9706870e+06   1.0000000e+00
   2.1255680e+06   1.0000000e+00
   2.1294720e+06   1.0000000e+00
   2.1776290e+06   1.0000000e+00
   2.1804250e+06   1.0000000e+00
   2.3774290e+06   1.0000000e+00
   2.3784130e+06   1.0000000e+00
   2.3786930e+06   1.0000000e+00
   2.3800830e+06   1.0000000e+00
   2.5707810e+06   1.0000000e+00
   2.5742590e+06   1.0000000e+00
   2.6453410e+06   1.0000000e+00
   2.6565610e+06   1.0000000e+00
   2.6633500e+06   1.0000000e+00
   2.8222300e+06   1.0000000e+00
   3.0627370e+06   1.0000000e+00
   3.0628200e+06   1.0000000e+00
   3.0640750e+06   1.0000000e+00
   3.0642490e+06   1.0000000e+00
   3.1317350e+06   1.0000000e+00
   3.2890840e+06   1.0000000e+00
   3.3525650e+06   1.0000000e+00
   3.3533700e+06   1.0000000e+00
   3.3537280e+06   1.0000000e+00
   3.3541300e+06   1.0000000e+00
   3.4264200e+06   1.0000000e+00
   3.5552130e+06   1.0000000e+00
   3.6347060e+06   1.0000000e+00
   3.6552750e+06   1.0000000e+00
   3.6560070e+06   1.0000000e+00
   3.6572780e+06   1.0000000e+00
   3.6577760e+06   1.0000000e+00
   3.6580590e+06   1.0000000e+00
   3.6584400e+06   1.0000000e+00
   3.6584790e+06   1.0000000e+00
   3.6586650e+06   1.0000000e+00
   3.6590590e+06   1.0000000e+00
   3.6593460e+06   1.0000000e+00
   3.6594680e+06   1.0000000e+00
   3.6597860e+06   1.0000000e+00
   3.6601990e+06   1.0000000e+00
   3.6602300e+06   1.0000000e+00
   3.6606290e+06   1.0000000e+00
   3.6619170e+06   1.0000000e+00
   3.6638710e+06   1.0000000e+00
   3.6642150e+06   1.0000000e+00
   3.6644400e+06   1.0000000e+00
   3.7201850e+06   1.0000000e+00
   3.8065940e+06   1.0000000e+00
   3.8934550e+06   1.0000000e+00
   4.0307130e+06   1.0000000e+00
   4.0326570e+06   1.0000000e+00
   4.1175210e+06   1.0000000e+00
   4.2697000e+06   1.0000000e+00
   4.2775870e+06   1.0000000e+00
   4.3805430e+06   1.0000000e+00
   4.3861880e+06   1.0000000e+00
   4.4308770e+06   1.0000000e+00
   4.4310580e+06   1.0000000e+00
   4.4339350e+06   1.0000000e+00
   4.5228950e+06   1.0000000e+00
   4.5233790e+06   1.0000000e+00
   4.6292150e+06   1.0000000e+00
   4.6974880e+06   1.0000000e+00
   4.7573680e+06   1.0000000e+00
   4.7803630e+06   1.0000000e+00
   4.7819280e+06   1.0000000e+00
   4.7822990e+06   1.0000000e+00
   4.7825550e+06   1.0000000e+00
   4.7826890e+06   1.0000000e+00
   4.7946210e+06   1.0000000e+00
   4.8497170e+06   1.0000000e+00
   4.9239870e+06   1.0000000e+00
   4.9242780e+06   1.0000000e+00
   5.0116540e+06   1.0000000e+00
   5.1097660e+06   1.0000000e+00
   5.1110070e+06   1.0000000e+00
   5.1113200e+06   1.0000000e+00
   5.1115090e+06   1.0000000e+00
   5.1960360e+06   1.0000000e+00
   5.1960660e+06   1.0000000e+00
   5.1962840e+06   1.0000000e+00
   5.1963980e+06   1.0000000e+00
   5.1971760e+06   1.0000000e+00
   5.3123510e+06   1.0000000e+00
   5.3312280e+06   1.0000000e+00
   5.4394010e+06   1.0000000e+00
   5.4396180e+06   1.0000000e+00
   5.4411230e+06   1.0000000e+00
   5.4418440e+06   1.0000000e+00
   5.4419360e+06   1.0000000e+00
   5.4420130e+06   1.0000000e+00
   5.4420660e+06   1.0000000e+00
   5.4421320e+06   1.0000000e+00
   5.4425900e+06   1.0000000e+00
   5.4427150e+06   1.0000000e+00
   5.4428480e+06   1.0000000e+00
   5.4429420e+06   1.0000000e+00
   5.4429860e+06   1.0000000e+00
   5.4435740e+06   1.0000000e+00
   5.4438010e+06   1.0000000e+00
   5.4455410e+06   1.0000000e+00
   5.4460900e+06   1.0000000e+00
   5.4489240e+06   1.0000000e+00
   5.5774580e+06   1.0000000e+00
   5.5794590e+06   1.0000000e+00
   5.5809040e+06   1.0000000e+00
   5.6804250e+06   1.0000000e+00
   5.7429890e+06   1.0000000e+00
   5.8759210e+06   1.0000000e+00
   5.8768730e+06   1.0000000e+00
   5.8778920e+06   1.0000000e+00
   5.9984280e+06   1.0000000e+00
   6.0088280e+06   1.0000000e+00
   6.0548400e+06   1.0000000e+00
   6.1287040e+06   1.0000000e+00
   6.1287810e+06   1.0000000e+00
   6.1288070e+06   1.0000000e+00
   6.1296830e+06   1.0000000e+00
   6.1312580e+06   1.0000000e+00
   6.1326260e+06   1.0000000e+00
   6.1857190e+06   1.0000000e+00
   6.1889800e+06   1.0000000e+00
   6.1925450e+06   1.0000000e+00
   6.2920630e+06   1.0000000e+00
   6.2933500e+06   1.0000000e+00
   6.2935230e+06   1.0000000e+00
   6.2937230e+06   1.0000000e+00
   6.2965620e+06   1.0000000e+00
   6.4501540e+06   1.0000000e+00
   6.4506890e+06   1.0000000e+00
   6.4510200e+06   1.0000000e+00
   6.5874860e+06   1.0000000e+00
   6.5881140e+06   1.0000000e+00
   6.5903510e+06   1.0000000e+00
   6.6841700e+06   1.0000000e+00
   6.6869510e+06   1.0000000e+00
   6.8277350e+06   1.0000000e+00
   6.8973580e+06   1.0000000e+00
   6.9744520e+06   1.0000000e+00
   6.9749230e+06   1.0000000e+00
   6.9749600e+06   1.0000000e+00
   6.9759930e+06   1.0000000e+00
   6.9761150e+06   1.0000000e+00
   6.9770330e+06   1.0000000e+00
   6.9773220e+06   1.0000000e+00
   6.9782940e+06   1.0000000e+00
   7.0304990e+06   1.0000000e+00
   7.0355290e+06   1.0000000e+00
   7.0984310e+06   1.0000000e+00
   7.1469840e+06   1.0000000e+00
   7.2411870e+06   1.0000000e+00
   7.2423020e+06   1.0000000e+00
   7.2425990e+06   1.0000000e+00
   7.2434560e+06   1.0000000e+00
   7.3415630e+06   1.0000000e+00
   7.3425940e+06   1.0000000e+00
   7.4775080e+06   1.0000000e+00
   7.4786800e+06   1.0000000e+00
   7.4795240e+06   1.0000000e+00
   7.4802120e+06   1.0000000e+00
