   7.5250000e+06   0.0000000e+00
   2.1710000e+03   1.0000000e+00
   5.4130000e+03   1.0000000e+00
   5.4440000e+03   1.0000000e+00
   5.1443000e+04   1.0000000e+00
   5.1575000e+04   1.0000000e+00
   5.1605000e+04   1.0000000e+00
   6.0926000e+04   1.0000000e+00
   6.1152000e+04   1.0000000e+00
   6.1640000e+04   1.0000000e+00
   8.6362000e+04   1.0000000e+00
   8.6388000e+04   1.0000000e+00
   8.6666000e+04   1.0000000e+00
   8.8757000e+04   1.0000000e+00
   8.9435000e+04   1.0000000e+00
   8.9883000e+04   1.0000000e+00
   9.2520000e+04   1.0000000e+00
   9.2606000e+04   1.0000000e+00
   9.2833000e+04   1.0000000e+00
   9.3065000e+04   1.0000000e+00
   9.3095000e+04   1.0000000e+00
   9.3140000e+04   1.0000000e+00
   1.0002100e+05   1.0000000e+00
   1.0008400e+05   1.0000000e+00
   1.3837400e+05   1.0000000e+00
   1.7294400e+05   1.0000000e+00
   1.7398300e+05   1.0000000e+00
   1.7557600e+05   1.0000000e+00
   2.1835400e+05   1.0000000e+00
   2.1856100e+05   1.0000000e+00
   2.2609800e+05   1.0000000e+00
   2.8544900e+05   1.0000000e+00
   2.8547400e+05   1.0000000e+00
   2.8666900e+05   1.0000000e+00
   2.8669500e+05   1.0000000e+00
   2.8735700e+05   1.0000000e+00
   2.8970300e+05   1.0000000e+00
   3.1798500e+05   1.0000000e+00
   3.3010000e+05   1.0000000e+00
   3.3634300e+05   1.0000000e+00
   3.3646600e+05   1.0000000e+00
   3.3656000e+05   1.0000000e+00
   3.3661200e+05   1.0000000e+00
   3.6064500e+05   1.0000000e+00
   3.6621000e+05   1.0000000e+00
   3.6634700e+05   1.0000000e+00
   3.6657000e+05   1.0000000e+00
   3.6823000e+05   1.0000000e+00
   3.6825900e+05   1.0000000e+00
   3.6965500e+05   1.0000000e+00
   3.7037900e+05   1.0000000e+00
   4.4166200e+05   1.0000000e+00
   4.4168800e+05   1.0000000e+00
   4.4185300e+05   1.0000000e+00
   4.4469600e+05   1.0000000e+00
   4.4473000e+05   1.0000000e+00
   4.4932600e+05   1.0000000e+00
   4.6541100e+05   1.0000000e+00
   4.6560800e+05   1.0000000e+00
   4.6568700e+05   1.0000000e+00
   4.6612700e+05   1.0000000e+00
   4.6649600e+05   1.0000000e+00
   4.6759800e+05   1.0000000e+00
   4.6773500e+05   1.0000000e+00
   4.6875400e+05   1.0000000e+00
   4.6880900e+05   1.0000000e+00
   4.6887600e+05   1.0000000e+00
   4.7048600e+05   1.0000000e+00
   4.7101500e+05   1.0000000e+00
   5.1266800e+05   1.0000000e+00
   5.1320500e+05   1.0000000e+00
   5.3556700e+05   1.0000000e+00
   5.4759800e+05   1.0000000e+00
   5.4789700e+05   1.0000000e+00
   5.5435000e+05   1.0000000e+00
   5.5468400e+05   1.0000000e+00
   5.5482900e+05   1.0000000e+00
   5.6891000e+05   1.0000000e+00
   6.1869800e+05   1.0000000e+00
   6.1901600e+05   1.0000000e+00
   6.5200500e+05   1.0000000e+00
   6.5203100e+05   1.0000000e+00
   6.6195900e+05   1.0000000e+00
   6.6198500e+05   1.0000000e+00
   6.6218100e+05   1.0000000e+00
   6.6271900e+05   1.0000000e+00
   6.6295100e+05   1.0000000e+00
   6.6743200e+05   1.0000000e+00
   6.7005300e+05   1.0000000e+00
   6.7025800e+05   1.0000000e+00
   6.7028300e+05   1.0000000e+00
   6.7451600e+05   1.0000000e+00
   6.7479000e+05   1.0000000e+00
   6.7485600e+05   1.0000000e+00
   6.7502400e+05   1.0000000e+00
   6.7525600e+05   1.0000000e+00
   6.7579500e+05   1.0000000e+00
   7.1603400e+05   1.0000000e+00
   7.1606500e+05   1.0000000e+00
   7.1641900e+05   1.0000000e+00
   7.1708200e+05   1.0000000e+00
   7.1710800e+05   1.0000000e+00
   7.1803900e+05   1.0000000e+00
   7.1806400e+05   1.0000000e+00
   7.1997400e+05   1.0000000e+00
   7.2106800e+05   1.0000000e+00
   7.5393600e+05   1.0000000e+00
   7.5398200e+05   1.0000000e+00
   7.5429800e+05   1.0000000e+00
   7.5750500e+05   1.0000000e+00
   7.6755700e+05   1.0000000e+00
   8.2574900e+05   1.0000000e+00
   8.2595000e+05   1.0000000e+00
   8.2597700e+05   1.0000000e+00
   8.2783800e+05   1.0000000e+00
   8.2808400e+05   1.0000000e+00
   8.2811200e+05   1.0000000e+00
   8.2840000e+05   1.0000000e+00
   8.2860700e+05   1.0000000e+00
   8.2888100e+05   1.0000000e+00
   8.2905800e+05   1.0000000e+00
   8.2908300e+05   1.0000000e+00
   8.2969600e+05   1.0000000e+00
   8.2978800e+05   1.0000000e+00
   8.2994600e+05   1.0000000e+00
   8.3007500e+05   1.0000000e+00
   8.3010100e+05   1.0000000e+00
   8.3050400e+05   1.0000000e+00
   8.3070300e+05   1.0000000e+00
   8.3256400e+05   1.0000000e+00
   8.3259100e+05   1.0000000e+00
   8.3469700e+05   1.0000000e+00
   8.3680500e+05   1.0000000e+00
   8.3687500e+05   1.0000000e+00
   8.3972600e+05   1.0000000e+00
   8.4014900e+05   1.0000000e+00
   8.5082000e+05   1.0000000e+00
   8.5090100e+05   1.0000000e+00
   8.5093300e+05   1.0000000e+00
   8.5126500e+05   1.0000000e+00
   8.5188500e+05   1.0000000e+00
   8.5286100e+05   1.0000000e+00
   8.5359500e+05   1.0000000e+00
   8.5362000e+05   1.0000000e+00
   8.5461200e+05   1.0000000e+00
   8.5463900e+05   1.0000000e+00
   8.5518500e+05   1.0000000e+00
   8.5540800e+05   1.0000000e+00
   8.5544100e+05   1.0000000e+00
   8.5698500e+05   1.0000000e+00
   8.5701000e+05   1.0000000e+00
   8.5803500e+05   1.0000000e+00
   8.5806700e+05   1.0000000e+00
   8.9403900e+05   1.0000000e+00
   8.9406400e+05   1.0000000e+00
   8.9430400e+05   1.0000000e+00
   8.9434500e+05   1.0000000e+00
   8.9575400e+05   1.0000000e+00
   8.9605100e+05   1.0000000e+00
   8.9639800e+05   1.0000000e+00
   9.0021900e+05   1.0000000e+00
   9.1658000e+05   1.0000000e+00
   9.1836000e+05   1.0000000e+00
   9.1838800e+05   1.0000000e+00
   9.3152300e+05   1.0000000e+00
   9.3159500e+05   1.0000000e+00
   9.3206000e+05   1.0000000e+00
   1.0057490e+06   1.0000000e+00
   1.0076660e+06   1.0000000e+00
   1.0078280e+06   1.0000000e+00
   1.0264180e+06   1.0000000e+00
   1.0270880e+06   1.0000000e+00
   1.0273850e+06   1.0000000e+00
   1.0286420e+06   1.0000000e+00
   1.0291010e+06   1.0000000e+00
   1.0291290e+06   1.0000000e+00
   1.0292770e+06   1.0000000e+00
   1.0293400e+06   1.0000000e+00
   1.0302660e+06   1.0000000e+00
   1.0302940e+06   1.0000000e+00
   1.0303260e+06   1.0000000e+00
   1.0305590e+06   1.0000000e+00
   1.0308030e+06   1.0000000e+00
   1.0333340e+06   1.0000000e+00
   1.1013920e+06   1.0000000e+00
   1.1019040e+06   1.0000000e+00
   1.1086890e+06   1.0000000e+00
   1.1087950e+06   1.0000000e+00
   1.1088760e+06   1.0000000e+00
   1.1135750e+06   1.0000000e+00
   1.1156170e+06   1.0000000e+00
   1.1161990e+06   1.0000000e+00
   1.1167780e+06   1.0000000e+00
   1.1177300e+06   1.0000000e+00
   1.2181500e+06   1.0000000e+00
   1.2225450e+06   1.0000000e+00
   1.2225710e+06   1.0000000e+00
   1.2228120e+06   1.0000000e+00
   1.2238720e+06   1.0000000e+00
   1.2249870e+06   1.0000000e+00
   1.2258130e+06   1.0000000e+00
   1.2259580e+06   1.0000000e+00
   1.2261540e+06   1.0000000e+00
   1.2261790e+06   1.0000000e+00
   1.2262530e+06   1.0000000e+00
   1.2268720e+06   1.0000000e+00
   1.2269020e+06   1.0000000e+00
   1.2277050e+06   1.0000000e+00
   1.2321580e+06   1.0000000e+00
   1.2403850e+06   1.0000000e+00
   1.2404820e+06   1.0000000e+00
   1.2407870e+06   1.0000000e+00
   1.2408120e+06   1.0000000e+00
   1.2410960e+06   1.0000000e+00
   1.2413860e+06   1.0000000e+00
   1.2414140e+06   1.0000000e+00
   1.2416070e+06   1.0000000e+00
   1.2430320e+06   1.0000000e+00
   1.2444340e+06   1.0000000e+00
   1.2474490e+06   1.0000000e+00
   1.2519480e+06   1.0000000e+00
   1.2519740e+06   1.0000000e+00
   1.2545360e+06   1.0000000e+00
   1.2558100e+06   1.0000000e+00
   1.2558380e+06   1.0000000e+00
   1.2566200e+06   1.0000000e+00
   1.2567140e+06   1.0000000e+00
   1.2576020e+06   1.0000000e+00
   1.2576310e+06   1.0000000e+00
   1.2576960e+06   1.0000000e+00
   1.2577270e+06   1.0000000e+00
   1.2586450e+06   1.0000000e+00
   1.2644090e+06   1.0000000e+00
   1.2733540e+06   1.0000000e+00
   1.2928200e+06   1.0000000e+00
   1.2997110e+06   1.0000000e+00
   1.2999560e+06   1.0000000e+00
   1.3000670e+06   1.0000000e+00
   1.3000920e+06   1.0000000e+00
   1.4007950e+06   1.0000000e+00
   1.4072560e+06   1.0000000e+00
   1.4703560e+06   1.0000000e+00
   1.4705660e+06   1.0000000e+00
   1.4706230e+06   1.0000000e+00
   1.4722420e+06   1.0000000e+00
   1.4722690e+06   1.0000000e+00
   1.4728530e+06   1.0000000e+00
   1.4753990e+06   1.0000000e+00
   1.4766960e+06   1.0000000e+00
   1.4772550e+06   1.0000000e+00
   1.4772810e+06   1.0000000e+00
   1.4780310e+06   1.0000000e+00
   1.4780860e+06   1.0000000e+00
   1.4781130e+06   1.0000000e+00
   1.4809990e+06   1.0000000e+00
   1.5105220e+06   1.0000000e+00
   1.5105490e+06   1.0000000e+00
   1.5556750e+06   1.0000000e+00
   1.5560440e+06   1.0000000e+00
   1.5594120e+06   1.0000000e+00
   1.5651550e+06   1.0000000e+00
   1.5653370e+06   1.0000000e+00
   1.5666270e+06   1.0000000e+00
   1.5669180e+06   1.0000000e+00
   1.5669560e+06   1.0000000e+00
   1.5676510e+06   1.0000000e+00
   1.5684670e+06   1.0000000e+00
   1.5690850e+06   1.0000000e+00
   1.5691100e+06   1.0000000e+00
   1.5692570e+06   1.0000000e+00
   1.5693230e+06   1.0000000e+00
   1.5694460e+06   1.0000000e+00
   1.5695400e+06   1.0000000e+00
   1.5699040e+06   1.0000000e+00
   1.5704430e+06   1.0000000e+00
   1.5705550e+06   1.0000000e+00
   1.5706050e+06   1.0000000e+00
   1.5711350e+06   1.0000000e+00
   1.5713830e+06   1.0000000e+00
   1.5714880e+06   1.0000000e+00
   1.5724900e+06   1.0000000e+00
   1.5725280e+06   1.0000000e+00
   1.5747090e+06   1.0000000e+00
   1.5747540e+06   1.0000000e+00
   1.5748650e+06   1.0000000e+00
   1.5754300e+06   1.0000000e+00
   1.5765030e+06   1.0000000e+00
   1.5766550e+06   1.0000000e+00
   1.5815570e+06   1.0000000e+00
   1.5823870e+06   1.0000000e+00
   1.5827750e+06   1.0000000e+00
   1.5839460e+06   1.0000000e+00
   1.5852340e+06   1.0000000e+00
   1.5869940e+06   1.0000000e+00
   1.5979070e+06   1.0000000e+00
   1.6909200e+06   1.0000000e+00
   1.6930050e+06   1.0000000e+00
   1.6931440e+06   1.0000000e+00
   1.6932130e+06   1.0000000e+00
   1.7875200e+06   1.0000000e+00
   1.7878050e+06   1.0000000e+00
   1.7910500e+06   1.0000000e+00
   1.7916530e+06   1.0000000e+00
   1.7948110e+06   1.0000000e+00
   1.7948670e+06   1.0000000e+00
   1.7949460e+06   1.0000000e+00
   1.7983680e+06   1.0000000e+00
   1.8012450e+06   1.0000000e+00
   1.8217880e+06   1.0000000e+00
   1.8218840e+06   1.0000000e+00
   1.8219930e+06   1.0000000e+00
   1.8224250e+06   1.0000000e+00
   1.8227750e+06   1.0000000e+00
   1.8270150e+06   1.0000000e+00
   1.8272650e+06   1.0000000e+00
   1.8275860e+06   1.0000000e+00
   1.8782760e+06   1.0000000e+00
   1.8784950e+06   1.0000000e+00
   1.8788390e+06   1.0000000e+00
   1.8794950e+06   1.0000000e+00
   1.8904690e+06   1.0000000e+00
   1.8914670e+06   1.0000000e+00
   1.8938550e+06   1.0000000e+00
   1.9635790e+06   1.0000000e+00
   1.9639620e+06   1.0000000e+00
   1.9678030e+06   1.0000000e+00
   1.9692010e+06   1.0000000e+00
   1.9696540e+06   1.0000000e+00
   1.9698670e+06   1.0000000e+00
   1.9698930e+06   1.0000000e+00
   1.9707530e+06   1.0000000e+00
   1.9708110e+06   1.0000000e+00
   1.9708730e+06   1.0000000e+00
   2.0540270e+06   1.0000000e+00
   2.0542340e+06   1.0000000e+00
   2.0542590e+06   1.0000000e+00
   2.0550870e+06   1.0000000e+00
   2.0553830e+06   1.0000000e+00
   2.0558710e+06   1.0000000e+00
   2.0558960e+06   1.0000000e+00
   2.0585370e+06   1.0000000e+00
   2.0585670e+06   1.0000000e+00
   2.1043320e+06   1.0000000e+00
   2.1192350e+06   1.0000000e+00
   2.1194530e+06   1.0000000e+00
   2.1197660e+06   1.0000000e+00
   2.1197930e+06   1.0000000e+00
   2.1220070e+06   1.0000000e+00
   2.1220330e+06   1.0000000e+00
   2.1222430e+06   1.0000000e+00
   2.1242660e+06   1.0000000e+00
   2.1245520e+06   1.0000000e+00
   2.1245790e+06   1.0000000e+00
   2.1267560e+06   1.0000000e+00
   2.1267840e+06   1.0000000e+00
   2.1268190e+06   1.0000000e+00
   2.1270990e+06   1.0000000e+00
   2.1272120e+06   1.0000000e+00
   2.1272430e+06   1.0000000e+00
   2.1276430e+06   1.0000000e+00
   2.1280880e+06   1.0000000e+00
   2.1281820e+06   1.0000000e+00
   2.1290070e+06   1.0000000e+00
   2.1292600e+06   1.0000000e+00
   2.1293180e+06   1.0000000e+00
   2.1294750e+06   1.0000000e+00
   2.1311370e+06   1.0000000e+00
   2.1318840e+06   1.0000000e+00
   2.1319120e+06   1.0000000e+00
   2.1321380e+06   1.0000000e+00
   2.1321640e+06   1.0000000e+00
   2.1372710e+06   1.0000000e+00
   2.1373020e+06   1.0000000e+00
   2.1593480e+06   1.0000000e+00
   2.1669750e+06   1.0000000e+00
   2.1672680e+06   1.0000000e+00
   2.1781600e+06   1.0000000e+00
   2.1792380e+06   1.0000000e+00
   2.1793430e+06   1.0000000e+00
   2.1802130e+06   1.0000000e+00
   2.1843940e+06   1.0000000e+00
   2.1844240e+06   1.0000000e+00
   2.1850270e+06   1.0000000e+00
   2.1850560e+06   1.0000000e+00
   2.2031600e+06   1.0000000e+00
   2.2355960e+06   1.0000000e+00
   2.2358550e+06   1.0000000e+00
   2.2358880e+06   1.0000000e+00
   2.2368480e+06   1.0000000e+00
   2.2413330e+06   1.0000000e+00
   2.2414820e+06   1.0000000e+00
   2.2415070e+06   1.0000000e+00
   2.2415680e+06   1.0000000e+00
   2.2416030e+06   1.0000000e+00
   2.2420350e+06   1.0000000e+00
   2.2420600e+06   1.0000000e+00
   2.2428530e+06   1.0000000e+00
   2.2480640e+06   1.0000000e+00
   2.2500360e+06   1.0000000e+00
   2.2542290e+06   1.0000000e+00
   2.2999600e+06   1.0000000e+00
   2.3027240e+06   1.0000000e+00
   2.3056180e+06   1.0000000e+00
   2.3061950e+06   1.0000000e+00
   2.3083230e+06   1.0000000e+00
   2.3083480e+06   1.0000000e+00
   2.3084300e+06   1.0000000e+00
   2.3407130e+06   1.0000000e+00
   2.3407970e+06   1.0000000e+00
   2.3409260e+06   1.0000000e+00
   2.3409530e+06   1.0000000e+00
   2.3411970e+06   1.0000000e+00
   2.3423430e+06   1.0000000e+00
   2.3428170e+06   1.0000000e+00
   2.3429060e+06   1.0000000e+00
   2.3446370e+06   1.0000000e+00
   2.3446760e+06   1.0000000e+00
   2.3456680e+06   1.0000000e+00
   2.3459380e+06   1.0000000e+00
   2.3478170e+06   1.0000000e+00
   2.3523980e+06   1.0000000e+00
   2.3758340e+06   1.0000000e+00
   2.3767340e+06   1.0000000e+00
   2.3770110e+06   1.0000000e+00
   2.3770360e+06   1.0000000e+00
   2.3774930e+06   1.0000000e+00
   2.3775200e+06   1.0000000e+00
   2.3775680e+06   1.0000000e+00
   2.3776070e+06   1.0000000e+00
   2.3776720e+06   1.0000000e+00
   2.3785220e+06   1.0000000e+00
   2.3785500e+06   1.0000000e+00
   2.3786770e+06   1.0000000e+00
   2.3787110e+06   1.0000000e+00
   2.3787790e+06   1.0000000e+00
   2.3801540e+06   1.0000000e+00
   2.3804450e+06   1.0000000e+00
   2.3811700e+06   1.0000000e+00
   2.3814560e+06   1.0000000e+00
   2.4182810e+06   1.0000000e+00
   2.4220460e+06   1.0000000e+00
   2.4678270e+06   1.0000000e+00
   2.4681100e+06   1.0000000e+00
   2.4687600e+06   1.0000000e+00
   2.4689530e+06   1.0000000e+00
   2.4704440e+06   1.0000000e+00
   2.4707890e+06   1.0000000e+00
   2.4708180e+06   1.0000000e+00
   2.4709210e+06   1.0000000e+00
   2.4709530e+06   1.0000000e+00
   2.4710720e+06   1.0000000e+00
   2.4714690e+06   1.0000000e+00
   2.4715100e+06   1.0000000e+00
   2.4727730e+06   1.0000000e+00
   2.4730280e+06   1.0000000e+00
   2.4735480e+06   1.0000000e+00
   2.4752350e+06   1.0000000e+00
   2.4752610e+06   1.0000000e+00
   2.4771030e+06   1.0000000e+00
   2.4771350e+06   1.0000000e+00
   2.4946500e+06   1.0000000e+00
   2.4946770e+06   1.0000000e+00
   2.5158430e+06   1.0000000e+00
   2.5158710e+06   1.0000000e+00
   2.5424410e+06   1.0000000e+00
   2.5426810e+06   1.0000000e+00
   2.5428630e+06   1.0000000e+00
   2.5442170e+06   1.0000000e+00
   2.5446370e+06   1.0000000e+00
   2.5698690e+06   1.0000000e+00
   2.5699040e+06   1.0000000e+00
   2.5712950e+06   1.0000000e+00
   2.5716570e+06   1.0000000e+00
   2.5717080e+06   1.0000000e+00
   2.5717540e+06   1.0000000e+00
   2.5719380e+06   1.0000000e+00
   2.5719640e+06   1.0000000e+00
   2.5728580e+06   1.0000000e+00
   2.5728910e+06   1.0000000e+00
   2.5729300e+06   1.0000000e+00
   2.5729750e+06   1.0000000e+00
   2.5734060e+06   1.0000000e+00
   2.5738170e+06   1.0000000e+00
   2.5740510e+06   1.0000000e+00
   2.5741550e+06   1.0000000e+00
   2.5746830e+06   1.0000000e+00
   2.5747090e+06   1.0000000e+00
   2.5758730e+06   1.0000000e+00
   2.5764730e+06   1.0000000e+00
   2.5765020e+06   1.0000000e+00
   2.5765600e+06   1.0000000e+00
   2.5775040e+06   1.0000000e+00
   2.5777250e+06   1.0000000e+00
   2.5786730e+06   1.0000000e+00
   2.5801300e+06   1.0000000e+00
   2.5817100e+06   1.0000000e+00
   2.5821140e+06   1.0000000e+00
   2.5848080e+06   1.0000000e+00
   2.5848340e+06   1.0000000e+00
   2.5986540e+06   1.0000000e+00
   2.5986800e+06   1.0000000e+00
   2.5988380e+06   1.0000000e+00
   2.6002160e+06   1.0000000e+00
   2.6079190e+06   1.0000000e+00
   2.6396060e+06   1.0000000e+00
   2.6415210e+06   1.0000000e+00
   2.6418160e+06   1.0000000e+00
   2.6420450e+06   1.0000000e+00
   2.6426160e+06   1.0000000e+00
   2.6441980e+06   1.0000000e+00
   2.6447350e+06   1.0000000e+00
   2.6447620e+06   1.0000000e+00
   2.6449160e+06   1.0000000e+00
   2.6450360e+06   1.0000000e+00
   2.6452930e+06   1.0000000e+00
   2.6453200e+06   1.0000000e+00
   2.6456710e+06   1.0000000e+00
   2.6456990e+06   1.0000000e+00
   2.6460940e+06   1.0000000e+00
   2.6464430e+06   1.0000000e+00
   2.6475900e+06   1.0000000e+00
   2.6477130e+06   1.0000000e+00
   2.6489820e+06   1.0000000e+00
   2.6498900e+06   1.0000000e+00
   2.6499180e+06   1.0000000e+00
   2.6501400e+06   1.0000000e+00
   2.6512530e+06   1.0000000e+00
   2.6514670e+06   1.0000000e+00
   2.6519820e+06   1.0000000e+00
   2.6523380e+06   1.0000000e+00
   2.6523730e+06   1.0000000e+00
   2.6527950e+06   1.0000000e+00
   2.6538370e+06   1.0000000e+00
   2.6539130e+06   1.0000000e+00
   2.6543690e+06   1.0000000e+00
   2.6546200e+06   1.0000000e+00
   2.6554040e+06   1.0000000e+00
   2.6554350e+06   1.0000000e+00
   2.6555560e+06   1.0000000e+00
   2.6555960e+06   1.0000000e+00
   2.6563530e+06   1.0000000e+00
   2.6571560e+06   1.0000000e+00
   2.6595370e+06   1.0000000e+00
   2.6595630e+06   1.0000000e+00
   2.6599290e+06   1.0000000e+00
   2.6680950e+06   1.0000000e+00
   2.6767280e+06   1.0000000e+00
   2.6786930e+06   1.0000000e+00
   2.6795490e+06   1.0000000e+00
   2.6928790e+06   1.0000000e+00
   2.6929100e+06   1.0000000e+00
   2.7200490e+06   1.0000000e+00
   2.7200750e+06   1.0000000e+00
   2.7202060e+06   1.0000000e+00
   2.7205820e+06   1.0000000e+00
   2.7206130e+06   1.0000000e+00
   2.7695070e+06   1.0000000e+00
   2.7697430e+06   1.0000000e+00
   2.7697690e+06   1.0000000e+00
   2.7715930e+06   1.0000000e+00
   2.7929130e+06   1.0000000e+00
   2.8151870e+06   1.0000000e+00
   2.8152130e+06   1.0000000e+00
   2.8153630e+06   1.0000000e+00
   2.8153880e+06   1.0000000e+00
   2.8156150e+06   1.0000000e+00
   2.8202920e+06   1.0000000e+00
   2.8211840e+06   1.0000000e+00
   2.8213050e+06   1.0000000e+00
   2.8215200e+06   1.0000000e+00
   2.8216240e+06   1.0000000e+00
   2.8218030e+06   1.0000000e+00
   2.8220350e+06   1.0000000e+00
   2.8220740e+06   1.0000000e+00
   2.8221850e+06   1.0000000e+00
   2.8224660e+06   1.0000000e+00
   2.8225000e+06   1.0000000e+00
   2.8235710e+06   1.0000000e+00
   2.8235980e+06   1.0000000e+00
   2.8243560e+06   1.0000000e+00
   2.8253300e+06   1.0000000e+00
   2.8268780e+06   1.0000000e+00
   2.8269510e+06   1.0000000e+00
   2.8282850e+06   1.0000000e+00
   2.8842890e+06   1.0000000e+00
   2.8843160e+06   1.0000000e+00
   2.8844000e+06   1.0000000e+00
   2.8850150e+06   1.0000000e+00
   2.8853260e+06   1.0000000e+00
   2.8856630e+06   1.0000000e+00
   2.8857720e+06   1.0000000e+00
   2.8860010e+06   1.0000000e+00
   2.8869410e+06   1.0000000e+00
   2.8871430e+06   1.0000000e+00
   2.8871740e+06   1.0000000e+00
   2.8873930e+06   1.0000000e+00
   2.8874180e+06   1.0000000e+00
   2.8875060e+06   1.0000000e+00
   2.8877000e+06   1.0000000e+00
   2.8886940e+06   1.0000000e+00
   2.8894560e+06   1.0000000e+00
   2.8904380e+06   1.0000000e+00
   2.9918820e+06   1.0000000e+00
   2.9923300e+06   1.0000000e+00
   2.9927970e+06   1.0000000e+00
   2.9928230e+06   1.0000000e+00
   2.9932580e+06   1.0000000e+00
   2.9942900e+06   1.0000000e+00
   2.9955170e+06   1.0000000e+00
   3.0557790e+06   1.0000000e+00
   3.0609840e+06   1.0000000e+00
   3.0613530e+06   1.0000000e+00
   3.0614060e+06   1.0000000e+00
   3.0617450e+06   1.0000000e+00
   3.0617860e+06   1.0000000e+00
   3.0618450e+06   1.0000000e+00
   3.0619210e+06   1.0000000e+00
   3.0619500e+06   1.0000000e+00
   3.0629790e+06   1.0000000e+00
   3.0631160e+06   1.0000000e+00
   3.0633090e+06   1.0000000e+00
   3.0642540e+06   1.0000000e+00
   3.0642930e+06   1.0000000e+00
   3.0643230e+06   1.0000000e+00
   3.0644160e+06   1.0000000e+00
   3.0656090e+06   1.0000000e+00
   3.0667250e+06   1.0000000e+00
   3.0667520e+06   1.0000000e+00
   3.0669740e+06   1.0000000e+00
   3.0669990e+06   1.0000000e+00
   3.0734220e+06   1.0000000e+00
   3.0743710e+06   1.0000000e+00
   3.0743980e+06   1.0000000e+00
   3.0747720e+06   1.0000000e+00
   3.0752020e+06   1.0000000e+00
   3.0752530e+06   1.0000000e+00
   3.0752780e+06   1.0000000e+00
   3.0755040e+06   1.0000000e+00
   3.0755330e+06   1.0000000e+00
   3.0760330e+06   1.0000000e+00
   3.0760780e+06   1.0000000e+00
   3.0762920e+06   1.0000000e+00
   3.0763890e+06   1.0000000e+00
   3.0767520e+06   1.0000000e+00
   3.0772130e+06   1.0000000e+00
   3.0775540e+06   1.0000000e+00
   3.0777830e+06   1.0000000e+00
   3.0791020e+06   1.0000000e+00
   3.0814050e+06   1.0000000e+00
   3.0822310e+06   1.0000000e+00
   3.0822560e+06   1.0000000e+00
   3.0825370e+06   1.0000000e+00
   3.0829640e+06   1.0000000e+00
   3.1960020e+06   1.0000000e+00
   3.1961730e+06   1.0000000e+00
   3.1964580e+06   1.0000000e+00
   3.1985210e+06   1.0000000e+00
   3.2593010e+06   1.0000000e+00
   3.2625870e+06   1.0000000e+00
   3.2626160e+06   1.0000000e+00
   3.2717030e+06   1.0000000e+00
   3.2717600e+06   1.0000000e+00
   3.2846780e+06   1.0000000e+00
   3.2853090e+06   1.0000000e+00
   3.2854590e+06   1.0000000e+00
   3.2856520e+06   1.0000000e+00
   3.2890410e+06   1.0000000e+00
   3.2890790e+06   1.0000000e+00
   3.2895030e+06   1.0000000e+00
   3.2895470e+06   1.0000000e+00
   3.2898110e+06   1.0000000e+00
   3.2902570e+06   1.0000000e+00
   3.2903760e+06   1.0000000e+00
   3.2904010e+06   1.0000000e+00
   3.2907860e+06   1.0000000e+00
   3.2912850e+06   1.0000000e+00
   3.2913500e+06   1.0000000e+00
   3.2921220e+06   1.0000000e+00
   3.2923040e+06   1.0000000e+00
   3.2923520e+06   1.0000000e+00
   3.2923810e+06   1.0000000e+00
   3.2928920e+06   1.0000000e+00
   3.2946090e+06   1.0000000e+00
   3.3361710e+06   1.0000000e+00
   3.3369710e+06   1.0000000e+00
   3.3369970e+06   1.0000000e+00
   3.3472700e+06   1.0000000e+00
   3.3490390e+06   1.0000000e+00
   3.3502940e+06   1.0000000e+00
   3.3503440e+06   1.0000000e+00
   3.3511180e+06   1.0000000e+00
   3.3511830e+06   1.0000000e+00
   3.3513320e+06   1.0000000e+00
   3.3516270e+06   1.0000000e+00
   3.3518680e+06   1.0000000e+00
   3.3519590e+06   1.0000000e+00
   3.3520470e+06   1.0000000e+00
   3.3532480e+06   1.0000000e+00
   3.3534990e+06   1.0000000e+00
   3.3535340e+06   1.0000000e+00
   3.3545810e+06   1.0000000e+00
   3.3548300e+06   1.0000000e+00
   3.3548550e+06   1.0000000e+00
   3.3549170e+06   1.0000000e+00
   3.3563880e+06   1.0000000e+00
   3.3583300e+06   1.0000000e+00
   3.3590010e+06   1.0000000e+00
   3.4099020e+06   1.0000000e+00
   3.4212290e+06   1.0000000e+00
   3.4212560e+06   1.0000000e+00
   3.4227710e+06   1.0000000e+00
   3.4255620e+06   1.0000000e+00
   3.4257960e+06   1.0000000e+00
   3.4263860e+06   1.0000000e+00
   3.4265340e+06   1.0000000e+00
   3.4273590e+06   1.0000000e+00
   3.4275160e+06   1.0000000e+00
   3.4277920e+06   1.0000000e+00
   3.4289620e+06   1.0000000e+00
   3.4289880e+06   1.0000000e+00
   3.4300500e+06   1.0000000e+00
   3.4942470e+06   1.0000000e+00
   3.4944970e+06   1.0000000e+00
   3.4945440e+06   1.0000000e+00
   3.4947460e+06   1.0000000e+00
   3.4948270e+06   1.0000000e+00
   3.4973840e+06   1.0000000e+00
   3.4974360e+06   1.0000000e+00
   3.4975720e+06   1.0000000e+00
   3.4986500e+06   1.0000000e+00
   3.4991710e+06   1.0000000e+00
   3.4991990e+06   1.0000000e+00
   3.5005890e+06   1.0000000e+00
   3.5024040e+06   1.0000000e+00
   3.5026580e+06   1.0000000e+00
   3.5037200e+06   1.0000000e+00
   3.5037950e+06   1.0000000e+00
   3.5043960e+06   1.0000000e+00
   3.5047660e+06   1.0000000e+00
   3.5077190e+06   1.0000000e+00
   3.5089340e+06   1.0000000e+00
   3.5273440e+06   1.0000000e+00
   3.5498040e+06   1.0000000e+00
   3.5498820e+06   1.0000000e+00
   3.5499100e+06   1.0000000e+00
   3.5500770e+06   1.0000000e+00
   3.5508080e+06   1.0000000e+00
   3.5518810e+06   1.0000000e+00
   3.5520910e+06   1.0000000e+00
   3.5521240e+06   1.0000000e+00
   3.5524420e+06   1.0000000e+00
   3.5525930e+06   1.0000000e+00
   3.5529760e+06   1.0000000e+00
   3.5533930e+06   1.0000000e+00
   3.5534910e+06   1.0000000e+00
   3.5540160e+06   1.0000000e+00
   3.5542750e+06   1.0000000e+00
   3.5544610e+06   1.0000000e+00
   3.5544900e+06   1.0000000e+00
   3.5548890e+06   1.0000000e+00
   3.5550590e+06   1.0000000e+00
   3.5550990e+06   1.0000000e+00
   3.5551490e+06   1.0000000e+00
   3.5568370e+06   1.0000000e+00
   3.5572010e+06   1.0000000e+00
   3.5572960e+06   1.0000000e+00
   3.5582820e+06   1.0000000e+00
   3.5600820e+06   1.0000000e+00
   3.6332280e+06   1.0000000e+00
   3.6333090e+06   1.0000000e+00
   3.6333370e+06   1.0000000e+00
   3.6424710e+06   1.0000000e+00
   3.6425110e+06   1.0000000e+00
   3.6425780e+06   1.0000000e+00
   3.6428850e+06   1.0000000e+00
   3.6457010e+06   1.0000000e+00
   3.6460020e+06   1.0000000e+00
   3.6461010e+06   1.0000000e+00
   3.6461300e+06   1.0000000e+00
   3.6467130e+06   1.0000000e+00
   3.6490730e+06   1.0000000e+00
   3.6496960e+06   1.0000000e+00
   3.6509140e+06   1.0000000e+00
   3.6539630e+06   1.0000000e+00
   3.6541470e+06   1.0000000e+00
   3.6541790e+06   1.0000000e+00
   3.6542200e+06   1.0000000e+00
   3.6542470e+06   1.0000000e+00
   3.6558370e+06   1.0000000e+00
   3.6558660e+06   1.0000000e+00
   3.6559090e+06   1.0000000e+00
   3.6565230e+06   1.0000000e+00
   3.6565490e+06   1.0000000e+00
   3.6573030e+06   1.0000000e+00
   3.6575230e+06   1.0000000e+00
   3.6586300e+06   1.0000000e+00
   3.6586780e+06   1.0000000e+00
   3.6593960e+06   1.0000000e+00
   3.6594230e+06   1.0000000e+00
   3.6603060e+06   1.0000000e+00
   3.6603410e+06   1.0000000e+00
   3.6615230e+06   1.0000000e+00
   3.6987840e+06   1.0000000e+00
   3.7159400e+06   1.0000000e+00
   3.7177520e+06   1.0000000e+00
   3.7178480e+06   1.0000000e+00
   3.7178740e+06   1.0000000e+00
   3.7180720e+06   1.0000000e+00
   3.7180980e+06   1.0000000e+00
   3.7181870e+06   1.0000000e+00
   3.7182170e+06   1.0000000e+00
   3.7182610e+06   1.0000000e+00
   3.7183560e+06   1.0000000e+00
   3.7193340e+06   1.0000000e+00
   3.7817870e+06   1.0000000e+00
   3.7818180e+06   1.0000000e+00
   3.8029380e+06   1.0000000e+00
   3.8029740e+06   1.0000000e+00
   3.8031730e+06   1.0000000e+00
   3.8037170e+06   1.0000000e+00
   3.8043900e+06   1.0000000e+00
   3.8046460e+06   1.0000000e+00
   3.8047110e+06   1.0000000e+00
   3.8047640e+06   1.0000000e+00
   3.8051950e+06   1.0000000e+00
   3.8052330e+06   1.0000000e+00
   3.8053050e+06   1.0000000e+00
   3.8053590e+06   1.0000000e+00
   3.8054630e+06   1.0000000e+00
   3.8060630e+06   1.0000000e+00
   3.8061630e+06   1.0000000e+00
   3.8062850e+06   1.0000000e+00
   3.8066120e+06   1.0000000e+00
   3.8066450e+06   1.0000000e+00
   3.8067750e+06   1.0000000e+00
   3.8075130e+06   1.0000000e+00
   3.8076960e+06   1.0000000e+00
   3.8077210e+06   1.0000000e+00
   3.8078180e+06   1.0000000e+00
   3.8078610e+06   1.0000000e+00
   3.8083120e+06   1.0000000e+00
   3.8089450e+06   1.0000000e+00
   3.8091650e+06   1.0000000e+00
   3.8105070e+06   1.0000000e+00
   3.8107150e+06   1.0000000e+00
   3.8122920e+06   1.0000000e+00
   3.8149750e+06   1.0000000e+00
   3.8150020e+06   1.0000000e+00
   3.8913150e+06   1.0000000e+00
   3.8913450e+06   1.0000000e+00
   3.8916570e+06   1.0000000e+00
   3.8923010e+06   1.0000000e+00
   3.8923260e+06   1.0000000e+00
   3.8926130e+06   1.0000000e+00
   3.8926400e+06   1.0000000e+00
   3.8930540e+06   1.0000000e+00
   3.8930800e+06   1.0000000e+00
   3.8934150e+06   1.0000000e+00
   3.8934410e+06   1.0000000e+00
   3.8937110e+06   1.0000000e+00
   3.8937440e+06   1.0000000e+00
   3.8944240e+06   1.0000000e+00
   3.8945940e+06   1.0000000e+00
   3.8946410e+06   1.0000000e+00
   3.8947390e+06   1.0000000e+00
   3.8951560e+06   1.0000000e+00
   3.8951830e+06   1.0000000e+00
   3.8958540e+06   1.0000000e+00
   3.8961270e+06   1.0000000e+00
   3.8967910e+06   1.0000000e+00
   3.8968390e+06   1.0000000e+00
   3.8970020e+06   1.0000000e+00
   3.8978080e+06   1.0000000e+00
   3.8981020e+06   1.0000000e+00
   3.8981470e+06   1.0000000e+00
   3.8989900e+06   1.0000000e+00
   3.8991680e+06   1.0000000e+00
   3.9005700e+06   1.0000000e+00
   3.9007370e+06   1.0000000e+00
   3.9994090e+06   1.0000000e+00
   4.0026570e+06   1.0000000e+00
   4.0284820e+06   1.0000000e+00
   4.0287200e+06   1.0000000e+00
   4.0287990e+06   1.0000000e+00
   4.0288440e+06   1.0000000e+00
   4.0289640e+06   1.0000000e+00
   4.0290900e+06   1.0000000e+00
   4.0300970e+06   1.0000000e+00
   4.0315930e+06   1.0000000e+00
   4.0316580e+06   1.0000000e+00
   4.0323640e+06   1.0000000e+00
   4.0324410e+06   1.0000000e+00
   4.0324660e+06   1.0000000e+00
   4.0326010e+06   1.0000000e+00
   4.0327620e+06   1.0000000e+00
   4.0331030e+06   1.0000000e+00
   4.0331340e+06   1.0000000e+00
   4.0354820e+06   1.0000000e+00
   4.0364900e+06   1.0000000e+00
   4.0403040e+06   1.0000000e+00
   4.0403310e+06   1.0000000e+00
   4.0595390e+06   1.0000000e+00
   4.0717240e+06   1.0000000e+00
   4.0717690e+06   1.0000000e+00
   4.0752220e+06   1.0000000e+00
   4.0760980e+06   1.0000000e+00
   4.0763550e+06   1.0000000e+00
   4.0764750e+06   1.0000000e+00
   4.0768010e+06   1.0000000e+00
   4.0771560e+06   1.0000000e+00
   4.0775360e+06   1.0000000e+00
   4.0780070e+06   1.0000000e+00
   4.0789040e+06   1.0000000e+00
   4.0789370e+06   1.0000000e+00
   4.1020380e+06   1.0000000e+00
   4.1027840e+06   1.0000000e+00
   4.1107250e+06   1.0000000e+00
   4.1107640e+06   1.0000000e+00
   4.1108140e+06   1.0000000e+00
   4.1110760e+06   1.0000000e+00
   4.1111020e+06   1.0000000e+00
   4.1131380e+06   1.0000000e+00
   4.1153690e+06   1.0000000e+00
   4.1155090e+06   1.0000000e+00
   4.1155360e+06   1.0000000e+00
   4.1157880e+06   1.0000000e+00
   4.1165280e+06   1.0000000e+00
   4.1165570e+06   1.0000000e+00
   4.1180180e+06   1.0000000e+00
   4.1188560e+06   1.0000000e+00
   4.1200420e+06   1.0000000e+00
   4.1210460e+06   1.0000000e+00
   4.1213690e+06   1.0000000e+00
   4.1227440e+06   1.0000000e+00
   4.1228060e+06   1.0000000e+00
   4.1245550e+06   1.0000000e+00
   4.1245800e+06   1.0000000e+00
   4.1750540e+06   1.0000000e+00
   4.1754000e+06   1.0000000e+00
   4.1754280e+06   1.0000000e+00
   4.1755290e+06   1.0000000e+00
   4.1771260e+06   1.0000000e+00
   4.1819070e+06   1.0000000e+00
   4.1914880e+06   1.0000000e+00
   4.2182930e+06   1.0000000e+00
   4.2186240e+06   1.0000000e+00
   4.2191530e+06   1.0000000e+00
   4.2383860e+06   1.0000000e+00
   4.2583150e+06   1.0000000e+00
   4.2583400e+06   1.0000000e+00
   4.2584070e+06   1.0000000e+00
   4.2616900e+06   1.0000000e+00
   4.2619100e+06   1.0000000e+00
   4.2629830e+06   1.0000000e+00
   4.2631540e+06   1.0000000e+00
   4.2637080e+06   1.0000000e+00
   4.2637360e+06   1.0000000e+00
   4.2641240e+06   1.0000000e+00
   4.2643310e+06   1.0000000e+00
   4.2645410e+06   1.0000000e+00
   4.2648440e+06   1.0000000e+00
   4.2655080e+06   1.0000000e+00
   4.2658750e+06   1.0000000e+00
   4.2662030e+06   1.0000000e+00
   4.2663160e+06   1.0000000e+00
   4.2678100e+06   1.0000000e+00
   4.2682920e+06   1.0000000e+00
   4.2683580e+06   1.0000000e+00
   4.2688030e+06   1.0000000e+00
   4.2694100e+06   1.0000000e+00
   4.2697550e+06   1.0000000e+00
   4.2699210e+06   1.0000000e+00
   4.2700140e+06   1.0000000e+00
   4.2701480e+06   1.0000000e+00
   4.2707390e+06   1.0000000e+00
   4.2710500e+06   1.0000000e+00
   4.2710850e+06   1.0000000e+00
   4.2716780e+06   1.0000000e+00
   4.2718050e+06   1.0000000e+00
   4.2726240e+06   1.0000000e+00
   4.2727250e+06   1.0000000e+00
   4.2728700e+06   1.0000000e+00
   4.2737490e+06   1.0000000e+00
   4.2738900e+06   1.0000000e+00
   4.2739170e+06   1.0000000e+00
   4.2749710e+06   1.0000000e+00
   4.2761050e+06   1.0000000e+00
   4.2770390e+06   1.0000000e+00
   4.2779290e+06   1.0000000e+00
   4.2784690e+06   1.0000000e+00
   4.2801980e+06   1.0000000e+00
   4.2947550e+06   1.0000000e+00
   4.2991120e+06   1.0000000e+00
   4.3734810e+06   1.0000000e+00
   4.3735070e+06   1.0000000e+00
   4.3768990e+06   1.0000000e+00
   4.3769460e+06   1.0000000e+00
   4.3771030e+06   1.0000000e+00
   4.3773250e+06   1.0000000e+00
   4.3776150e+06   1.0000000e+00
   4.3778350e+06   1.0000000e+00
   4.3786650e+06   1.0000000e+00
   4.3806850e+06   1.0000000e+00
   4.3807710e+06   1.0000000e+00
   4.3807980e+06   1.0000000e+00
   4.3811330e+06   1.0000000e+00
   4.3825550e+06   1.0000000e+00
   4.3835990e+06   1.0000000e+00
   4.3836920e+06   1.0000000e+00
   4.3847450e+06   1.0000000e+00
   4.3864230e+06   1.0000000e+00
   4.3864550e+06   1.0000000e+00
   4.3867340e+06   1.0000000e+00
   4.3871610e+06   1.0000000e+00
   4.3883460e+06   1.0000000e+00
   4.3890410e+06   1.0000000e+00
   4.3898780e+06   1.0000000e+00
   4.3905180e+06   1.0000000e+00
   4.3905430e+06   1.0000000e+00
   4.3908240e+06   1.0000000e+00
   4.3917370e+06   1.0000000e+00
   4.3917650e+06   1.0000000e+00
   4.3941590e+06   1.0000000e+00
   4.3941880e+06   1.0000000e+00
   4.3966290e+06   1.0000000e+00
   4.4061820e+06   1.0000000e+00
   4.4062100e+06   1.0000000e+00
   4.4301990e+06   1.0000000e+00
   4.4302520e+06   1.0000000e+00
   4.4308400e+06   1.0000000e+00
   4.4310370e+06   1.0000000e+00
   4.4311080e+06   1.0000000e+00
   4.4313490e+06   1.0000000e+00
   4.4323420e+06   1.0000000e+00
   4.4324470e+06   1.0000000e+00
   4.4326080e+06   1.0000000e+00
   4.4327310e+06   1.0000000e+00
   4.4331420e+06   1.0000000e+00
   4.4331880e+06   1.0000000e+00
   4.4332420e+06   1.0000000e+00
   4.4334870e+06   1.0000000e+00
   4.4336210e+06   1.0000000e+00
   4.4337780e+06   1.0000000e+00
   4.4338850e+06   1.0000000e+00
   4.4341850e+06   1.0000000e+00
   4.4342420e+06   1.0000000e+00
   4.4345500e+06   1.0000000e+00
   4.4350730e+06   1.0000000e+00
   4.4353400e+06   1.0000000e+00
   4.4365450e+06   1.0000000e+00
   4.4365820e+06   1.0000000e+00
   4.4366240e+06   1.0000000e+00
   4.4366550e+06   1.0000000e+00
   4.4392510e+06   1.0000000e+00
   4.4392800e+06   1.0000000e+00
   4.4758970e+06   1.0000000e+00
   4.4759460e+06   1.0000000e+00
   4.4761510e+06   1.0000000e+00
   4.4807890e+06   1.0000000e+00
   4.4810660e+06   1.0000000e+00
   4.4815860e+06   1.0000000e+00
   4.4816410e+06   1.0000000e+00
   4.4816740e+06   1.0000000e+00
   4.4852670e+06   1.0000000e+00
   4.5210960e+06   1.0000000e+00
   4.5211210e+06   1.0000000e+00
   4.5213240e+06   1.0000000e+00
   4.5216070e+06   1.0000000e+00
   4.5216800e+06   1.0000000e+00
   4.5217170e+06   1.0000000e+00
   4.5220700e+06   1.0000000e+00
   4.5223200e+06   1.0000000e+00
   4.5224200e+06   1.0000000e+00
   4.5224520e+06   1.0000000e+00
   4.5224770e+06   1.0000000e+00
   4.5231450e+06   1.0000000e+00
   4.5235650e+06   1.0000000e+00
   4.5237630e+06   1.0000000e+00
   4.5238590e+06   1.0000000e+00
   4.5246940e+06   1.0000000e+00
   4.5264210e+06   1.0000000e+00
   4.5264520e+06   1.0000000e+00
   4.5266000e+06   1.0000000e+00
   4.5276670e+06   1.0000000e+00
   4.5307100e+06   1.0000000e+00
   4.5308200e+06   1.0000000e+00
   4.5328750e+06   1.0000000e+00
   4.5349030e+06   1.0000000e+00
   4.5354700e+06   1.0000000e+00
   4.5373360e+06   1.0000000e+00
   4.5377000e+06   1.0000000e+00
   4.5377290e+06   1.0000000e+00
   4.5379330e+06   1.0000000e+00
   4.5379580e+06   1.0000000e+00
   4.5446060e+06   1.0000000e+00
   4.6338930e+06   1.0000000e+00
   4.6346000e+06   1.0000000e+00
   4.6346250e+06   1.0000000e+00
   4.6353790e+06   1.0000000e+00
   4.6869710e+06   1.0000000e+00
   4.6941330e+06   1.0000000e+00
   4.6941610e+06   1.0000000e+00
   4.6943880e+06   1.0000000e+00
   4.6944720e+06   1.0000000e+00
   4.6950570e+06   1.0000000e+00
   4.6955390e+06   1.0000000e+00
   4.6964610e+06   1.0000000e+00
   4.6967130e+06   1.0000000e+00
   4.6967420e+06   1.0000000e+00
   4.6973170e+06   1.0000000e+00
   4.6973520e+06   1.0000000e+00
   4.6975040e+06   1.0000000e+00
   4.6975290e+06   1.0000000e+00
   4.6976230e+06   1.0000000e+00
   4.6976650e+06   1.0000000e+00
   4.6999150e+06   1.0000000e+00
   4.7048290e+06   1.0000000e+00
   4.7062700e+06   1.0000000e+00
   4.7062970e+06   1.0000000e+00
   4.7080750e+06   1.0000000e+00
   4.7109580e+06   1.0000000e+00
   4.7128720e+06   1.0000000e+00
   4.7369400e+06   1.0000000e+00
   4.7794530e+06   1.0000000e+00
   4.7800670e+06   1.0000000e+00
   4.7803690e+06   1.0000000e+00
   4.7805550e+06   1.0000000e+00
   4.7806240e+06   1.0000000e+00
   4.7806750e+06   1.0000000e+00
   4.7808340e+06   1.0000000e+00
   4.7809390e+06   1.0000000e+00
   4.7813670e+06   1.0000000e+00
   4.7813970e+06   1.0000000e+00
   4.7815850e+06   1.0000000e+00
   4.7818450e+06   1.0000000e+00
   4.7818870e+06   1.0000000e+00
   4.7826290e+06   1.0000000e+00
   4.7827420e+06   1.0000000e+00
   4.7828580e+06   1.0000000e+00
   4.7837220e+06   1.0000000e+00
   4.7837780e+06   1.0000000e+00
   4.7841360e+06   1.0000000e+00
   4.7852600e+06   1.0000000e+00
   4.7855370e+06   1.0000000e+00
   4.7856830e+06   1.0000000e+00
   4.7858460e+06   1.0000000e+00
   4.7871510e+06   1.0000000e+00
   4.7879040e+06   1.0000000e+00
   4.7894650e+06   1.0000000e+00
   4.7894900e+06   1.0000000e+00
   4.7896810e+06   1.0000000e+00
   4.7898280e+06   1.0000000e+00
   4.7925880e+06   1.0000000e+00
   4.8485140e+06   1.0000000e+00
   4.8486270e+06   1.0000000e+00
   4.8488720e+06   1.0000000e+00
   4.8494350e+06   1.0000000e+00
   4.8494840e+06   1.0000000e+00
   4.8496050e+06   1.0000000e+00
   4.8497090e+06   1.0000000e+00
   4.8498310e+06   1.0000000e+00
   4.8501300e+06   1.0000000e+00
   4.8505270e+06   1.0000000e+00
   4.8508640e+06   1.0000000e+00
   4.8510360e+06   1.0000000e+00
   4.8519160e+06   1.0000000e+00
   4.8525710e+06   1.0000000e+00
   4.8525990e+06   1.0000000e+00
   4.8543890e+06   1.0000000e+00
   4.8650130e+06   1.0000000e+00
   4.9015150e+06   1.0000000e+00
   4.9043240e+06   1.0000000e+00
   4.9074490e+06   1.0000000e+00
   4.9074740e+06   1.0000000e+00
   4.9076850e+06   1.0000000e+00
   4.9109050e+06   1.0000000e+00
   4.9116630e+06   1.0000000e+00
   4.9120250e+06   1.0000000e+00
   4.9126110e+06   1.0000000e+00
   4.9218500e+06   1.0000000e+00
   4.9219510e+06   1.0000000e+00
   4.9220280e+06   1.0000000e+00
   4.9220530e+06   1.0000000e+00
   4.9222260e+06   1.0000000e+00
   4.9222640e+06   1.0000000e+00
   4.9225040e+06   1.0000000e+00
   4.9228640e+06   1.0000000e+00
   4.9228930e+06   1.0000000e+00
   4.9231710e+06   1.0000000e+00
   4.9234430e+06   1.0000000e+00
   4.9235580e+06   1.0000000e+00
   4.9235840e+06   1.0000000e+00
   4.9243150e+06   1.0000000e+00
   4.9243480e+06   1.0000000e+00
   4.9250010e+06   1.0000000e+00
   4.9251370e+06   1.0000000e+00
   4.9263900e+06   1.0000000e+00
   4.9859610e+06   1.0000000e+00
   5.0004650e+06   1.0000000e+00
   5.0007130e+06   1.0000000e+00
   5.0012580e+06   1.0000000e+00
   5.0012860e+06   1.0000000e+00
   5.0020510e+06   1.0000000e+00
   5.0020770e+06   1.0000000e+00
   5.0057650e+06   1.0000000e+00
   5.0062890e+06   1.0000000e+00
   5.0063140e+06   1.0000000e+00
   5.0075690e+06   1.0000000e+00
   5.0110870e+06   1.0000000e+00
   5.0113900e+06   1.0000000e+00
   5.0114550e+06   1.0000000e+00
   5.0118070e+06   1.0000000e+00
   5.0118330e+06   1.0000000e+00
   5.0125010e+06   1.0000000e+00
   5.0125400e+06   1.0000000e+00
   5.0126040e+06   1.0000000e+00
   5.0128300e+06   1.0000000e+00
   5.0128570e+06   1.0000000e+00
   5.0132660e+06   1.0000000e+00
   5.0132910e+06   1.0000000e+00
   5.0524500e+06   1.0000000e+00
   5.0644390e+06   1.0000000e+00
   5.0648850e+06   1.0000000e+00
   5.0656000e+06   1.0000000e+00
   5.0658230e+06   1.0000000e+00
   5.0661480e+06   1.0000000e+00
   5.0708980e+06   1.0000000e+00
   5.0995970e+06   1.0000000e+00
   5.0996270e+06   1.0000000e+00
   5.1087110e+06   1.0000000e+00
   5.1088710e+06   1.0000000e+00
   5.1089030e+06   1.0000000e+00
   5.1094090e+06   1.0000000e+00
   5.1097170e+06   1.0000000e+00
   5.1097630e+06   1.0000000e+00
   5.1098130e+06   1.0000000e+00
   5.1098390e+06   1.0000000e+00
   5.1106430e+06   1.0000000e+00
   5.1107930e+06   1.0000000e+00
   5.1110320e+06   1.0000000e+00
   5.1111720e+06   1.0000000e+00
   5.1112310e+06   1.0000000e+00
   5.1113850e+06   1.0000000e+00
   5.1114600e+06   1.0000000e+00
   5.1122200e+06   1.0000000e+00
   5.1123350e+06   1.0000000e+00
   5.1123680e+06   1.0000000e+00
   5.1124490e+06   1.0000000e+00
   5.1132720e+06   1.0000000e+00
   5.1133030e+06   1.0000000e+00
   5.1133500e+06   1.0000000e+00
   5.1133750e+06   1.0000000e+00
   5.1141850e+06   1.0000000e+00
   5.1142350e+06   1.0000000e+00
   5.1151130e+06   1.0000000e+00
   5.1151400e+06   1.0000000e+00
   5.1160980e+06   1.0000000e+00
   5.1170010e+06   1.0000000e+00
   5.1188280e+06   1.0000000e+00
   5.1210100e+06   1.0000000e+00
   5.1527450e+06   1.0000000e+00
   5.1527740e+06   1.0000000e+00
   5.1541600e+06   1.0000000e+00
   5.1855080e+06   1.0000000e+00
   5.1931730e+06   1.0000000e+00
   5.1934920e+06   1.0000000e+00
   5.1935180e+06   1.0000000e+00
   5.1944580e+06   1.0000000e+00
   5.1947460e+06   1.0000000e+00
   5.1952500e+06   1.0000000e+00
   5.1952770e+06   1.0000000e+00
   5.1953130e+06   1.0000000e+00
   5.1955690e+06   1.0000000e+00
   5.1956110e+06   1.0000000e+00
   5.1957260e+06   1.0000000e+00
   5.1957510e+06   1.0000000e+00
   5.1961550e+06   1.0000000e+00
   5.1962510e+06   1.0000000e+00
   5.1962840e+06   1.0000000e+00
   5.1964240e+06   1.0000000e+00
   5.1976620e+06   1.0000000e+00
   5.1978690e+06   1.0000000e+00
   5.1981480e+06   1.0000000e+00
   5.1981750e+06   1.0000000e+00
   5.1988070e+06   1.0000000e+00
   5.1990800e+06   1.0000000e+00
   5.1997510e+06   1.0000000e+00
   5.2005470e+06   1.0000000e+00
   5.2005760e+06   1.0000000e+00
   5.2012080e+06   1.0000000e+00
   5.2016780e+06   1.0000000e+00
   5.2019210e+06   1.0000000e+00
   5.2021630e+06   1.0000000e+00
   5.2033200e+06   1.0000000e+00
   5.2043740e+06   1.0000000e+00
   5.2045220e+06   1.0000000e+00
   5.2057250e+06   1.0000000e+00
   5.2068340e+06   1.0000000e+00
   5.2099770e+06   1.0000000e+00
   5.2143200e+06   1.0000000e+00
   5.2146640e+06   1.0000000e+00
   5.2151100e+06   1.0000000e+00
   5.2151400e+06   1.0000000e+00
   5.2157330e+06   1.0000000e+00
   5.2168440e+06   1.0000000e+00
   5.2168690e+06   1.0000000e+00
   5.2570790e+06   1.0000000e+00
   5.2936940e+06   1.0000000e+00
   5.2943770e+06   1.0000000e+00
   5.3075240e+06   1.0000000e+00
   5.3084810e+06   1.0000000e+00
   5.3136010e+06   1.0000000e+00
   5.3136900e+06   1.0000000e+00
   5.3154560e+06   1.0000000e+00
   5.3160130e+06   1.0000000e+00
   5.3169390e+06   1.0000000e+00
   5.3170780e+06   1.0000000e+00
   5.3171050e+06   1.0000000e+00
   5.3174690e+06   1.0000000e+00
   5.3183120e+06   1.0000000e+00
   5.3185650e+06   1.0000000e+00
   5.3188740e+06   1.0000000e+00
   5.3195490e+06   1.0000000e+00
   5.3195850e+06   1.0000000e+00
   5.3197080e+06   1.0000000e+00
   5.3197580e+06   1.0000000e+00
   5.3201210e+06   1.0000000e+00
   5.3212540e+06   1.0000000e+00
   5.3214500e+06   1.0000000e+00
   5.3214760e+06   1.0000000e+00
   5.3222770e+06   1.0000000e+00
   5.3223590e+06   1.0000000e+00
   5.3223880e+06   1.0000000e+00
   5.3229650e+06   1.0000000e+00
   5.3232880e+06   1.0000000e+00
   5.3240200e+06   1.0000000e+00
   5.3244050e+06   1.0000000e+00
   5.3244330e+06   1.0000000e+00
   5.3258520e+06   1.0000000e+00
   5.3260450e+06   1.0000000e+00
   5.3294400e+06   1.0000000e+00
   5.3332010e+06   1.0000000e+00
   5.3332280e+06   1.0000000e+00
   5.3335100e+06   1.0000000e+00
   5.3338730e+06   1.0000000e+00
   5.3345980e+06   1.0000000e+00
   5.3359150e+06   1.0000000e+00
   5.3359440e+06   1.0000000e+00
   5.3359850e+06   1.0000000e+00
   5.3360110e+06   1.0000000e+00
   5.3692410e+06   1.0000000e+00
   5.4261990e+06   1.0000000e+00
   5.4263610e+06   1.0000000e+00
   5.4355110e+06   1.0000000e+00
   5.4389550e+06   1.0000000e+00
   5.4390700e+06   1.0000000e+00
   5.4392100e+06   1.0000000e+00
   5.4393540e+06   1.0000000e+00
   5.4400960e+06   1.0000000e+00
   5.4401980e+06   1.0000000e+00
   5.4402880e+06   1.0000000e+00
   5.4408320e+06   1.0000000e+00
   5.4418660e+06   1.0000000e+00
   5.4418910e+06   1.0000000e+00
   5.4419460e+06   1.0000000e+00
   5.4422530e+06   1.0000000e+00
   5.4426140e+06   1.0000000e+00
   5.4426390e+06   1.0000000e+00
   5.4427860e+06   1.0000000e+00
   5.4430140e+06   1.0000000e+00
   5.4431170e+06   1.0000000e+00
   5.4431420e+06   1.0000000e+00
   5.4435710e+06   1.0000000e+00
   5.4436220e+06   1.0000000e+00
   5.4439720e+06   1.0000000e+00
   5.4440350e+06   1.0000000e+00
   5.4444050e+06   1.0000000e+00
   5.4444860e+06   1.0000000e+00
   5.4446140e+06   1.0000000e+00
   5.4446490e+06   1.0000000e+00
   5.4449870e+06   1.0000000e+00
   5.4450640e+06   1.0000000e+00
   5.4456700e+06   1.0000000e+00
   5.4465920e+06   1.0000000e+00
   5.4477680e+06   1.0000000e+00
   5.4491250e+06   1.0000000e+00
   5.4503290e+06   1.0000000e+00
   5.4581220e+06   1.0000000e+00
   5.4876700e+06   1.0000000e+00
   5.4891060e+06   1.0000000e+00
   5.4892100e+06   1.0000000e+00
   5.4892350e+06   1.0000000e+00
   5.4898110e+06   1.0000000e+00
   5.4902900e+06   1.0000000e+00
   5.4930070e+06   1.0000000e+00
   5.4969370e+06   1.0000000e+00
   5.5087840e+06   1.0000000e+00
   5.5093000e+06   1.0000000e+00
   5.5093750e+06   1.0000000e+00
   5.5298130e+06   1.0000000e+00
   5.5449140e+06   1.0000000e+00
   5.5450390e+06   1.0000000e+00
   5.5727110e+06   1.0000000e+00
   5.5754460e+06   1.0000000e+00
   5.5755290e+06   1.0000000e+00
   5.5756200e+06   1.0000000e+00
   5.5759210e+06   1.0000000e+00
   5.5759500e+06   1.0000000e+00
   5.5761000e+06   1.0000000e+00
   5.5763690e+06   1.0000000e+00
   5.5764010e+06   1.0000000e+00
   5.5767870e+06   1.0000000e+00
   5.5770360e+06   1.0000000e+00
   5.5770610e+06   1.0000000e+00
   5.5772310e+06   1.0000000e+00
   5.5775140e+06   1.0000000e+00
   5.5778030e+06   1.0000000e+00
   5.5778360e+06   1.0000000e+00
   5.5783600e+06   1.0000000e+00
   5.5783880e+06   1.0000000e+00
   5.5786680e+06   1.0000000e+00
   5.5790320e+06   1.0000000e+00
   5.5793840e+06   1.0000000e+00
   5.5794390e+06   1.0000000e+00
   5.5799250e+06   1.0000000e+00
   5.5799840e+06   1.0000000e+00
   5.5800100e+06   1.0000000e+00
   5.5809200e+06   1.0000000e+00
   5.5810800e+06   1.0000000e+00
   5.5818820e+06   1.0000000e+00
   5.5834020e+06   1.0000000e+00
   5.5883110e+06   1.0000000e+00
   5.6218410e+06   1.0000000e+00
   5.6397260e+06   1.0000000e+00
   5.6425230e+06   1.0000000e+00
   5.6432410e+06   1.0000000e+00
   5.6547130e+06   1.0000000e+00
   5.6550980e+06   1.0000000e+00
   5.6765000e+06   1.0000000e+00
   5.6769510e+06   1.0000000e+00
   5.6775340e+06   1.0000000e+00
   5.6775840e+06   1.0000000e+00
   5.6777370e+06   1.0000000e+00
   5.6777660e+06   1.0000000e+00
   5.6788780e+06   1.0000000e+00
   5.6790660e+06   1.0000000e+00
   5.6795730e+06   1.0000000e+00
   5.6801030e+06   1.0000000e+00
   5.6815290e+06   1.0000000e+00
   5.6816930e+06   1.0000000e+00
   5.6817240e+06   1.0000000e+00
   5.6818630e+06   1.0000000e+00
   5.6822350e+06   1.0000000e+00
   5.6833880e+06   1.0000000e+00
   5.6848060e+06   1.0000000e+00
   5.6853330e+06   1.0000000e+00
   5.6855310e+06   1.0000000e+00
   5.6879510e+06   1.0000000e+00
   5.6889300e+06   1.0000000e+00
   5.6889610e+06   1.0000000e+00
   5.6892550e+06   1.0000000e+00
   5.6913320e+06   1.0000000e+00
   5.6928810e+06   1.0000000e+00
   5.7441470e+06   1.0000000e+00
   5.7441750e+06   1.0000000e+00
   5.7442350e+06   1.0000000e+00
   5.7443810e+06   1.0000000e+00
   5.7451990e+06   1.0000000e+00
   5.7586760e+06   1.0000000e+00
   5.7587880e+06   1.0000000e+00
   5.7588890e+06   1.0000000e+00
   5.7594900e+06   1.0000000e+00
   5.7599070e+06   1.0000000e+00
   5.7604970e+06   1.0000000e+00
   5.7617400e+06   1.0000000e+00
   5.7621320e+06   1.0000000e+00
   5.7623920e+06   1.0000000e+00
   5.7625480e+06   1.0000000e+00
   5.7637810e+06   1.0000000e+00
   5.7638120e+06   1.0000000e+00
   5.7644230e+06   1.0000000e+00
   5.7645430e+06   1.0000000e+00
   5.7653060e+06   1.0000000e+00
   5.7673730e+06   1.0000000e+00
   5.7679030e+06   1.0000000e+00
   5.7679330e+06   1.0000000e+00
   5.7679700e+06   1.0000000e+00
   5.7689240e+06   1.0000000e+00
   5.7691250e+06   1.0000000e+00
   5.7699230e+06   1.0000000e+00
   5.7699600e+06   1.0000000e+00
   5.7703110e+06   1.0000000e+00
   5.7706740e+06   1.0000000e+00
   5.7710200e+06   1.0000000e+00
   5.7723380e+06   1.0000000e+00
   5.7725050e+06   1.0000000e+00
   5.7735250e+06   1.0000000e+00
   5.7741910e+06   1.0000000e+00
   5.7747620e+06   1.0000000e+00
   5.7760280e+06   1.0000000e+00
   5.7767240e+06   1.0000000e+00
   5.7780750e+06   1.0000000e+00
   5.7782880e+06   1.0000000e+00
   5.7790070e+06   1.0000000e+00
   5.7801030e+06   1.0000000e+00
   5.7815130e+06   1.0000000e+00
   5.7819130e+06   1.0000000e+00
   5.7935750e+06   1.0000000e+00
   5.7999930e+06   1.0000000e+00
   5.8018150e+06   1.0000000e+00
   5.8032270e+06   1.0000000e+00
   5.8312420e+06   1.0000000e+00
   5.8422930e+06   1.0000000e+00
   5.8732980e+06   1.0000000e+00
   5.8733290e+06   1.0000000e+00
   5.8734700e+06   1.0000000e+00
   5.8739400e+06   1.0000000e+00
   5.8739690e+06   1.0000000e+00
   5.8741120e+06   1.0000000e+00
   5.8750040e+06   1.0000000e+00
   5.8750940e+06   1.0000000e+00
   5.8755390e+06   1.0000000e+00
   5.8755950e+06   1.0000000e+00
   5.8759850e+06   1.0000000e+00
   5.8760350e+06   1.0000000e+00
   5.8762550e+06   1.0000000e+00
   5.8764030e+06   1.0000000e+00
   5.8765270e+06   1.0000000e+00
   5.8767690e+06   1.0000000e+00
   5.8767990e+06   1.0000000e+00
   5.8778560e+06   1.0000000e+00
   5.8778820e+06   1.0000000e+00
   5.8786570e+06   1.0000000e+00
   5.8787140e+06   1.0000000e+00
   5.8796700e+06   1.0000000e+00
   5.9328690e+06   1.0000000e+00
   5.9464470e+06   1.0000000e+00
   5.9470320e+06   1.0000000e+00
   5.9788620e+06   1.0000000e+00
   5.9788890e+06   1.0000000e+00
   5.9790210e+06   1.0000000e+00
   5.9980600e+06   1.0000000e+00
   5.9981150e+06   1.0000000e+00
   5.9981810e+06   1.0000000e+00
   5.9983320e+06   1.0000000e+00
   5.9983580e+06   1.0000000e+00
   5.9984090e+06   1.0000000e+00
   5.9985320e+06   1.0000000e+00
   5.9994740e+06   1.0000000e+00
   6.0004580e+06   1.0000000e+00
   6.0007240e+06   1.0000000e+00
   6.0014250e+06   1.0000000e+00
   6.0025270e+06   1.0000000e+00
   6.0038570e+06   1.0000000e+00
   6.0083250e+06   1.0000000e+00
   6.0457150e+06   1.0000000e+00
   6.0540530e+06   1.0000000e+00
   6.0547070e+06   1.0000000e+00
   6.0549960e+06   1.0000000e+00
   6.0552510e+06   1.0000000e+00
   6.0554380e+06   1.0000000e+00
   6.0555700e+06   1.0000000e+00
   6.0559040e+06   1.0000000e+00
   6.0561170e+06   1.0000000e+00
   6.0561420e+06   1.0000000e+00
   6.0562320e+06   1.0000000e+00
   6.0562630e+06   1.0000000e+00
   6.0562920e+06   1.0000000e+00
   6.0563300e+06   1.0000000e+00
   6.0577820e+06   1.0000000e+00
   6.0579070e+06   1.0000000e+00
   6.0581960e+06   1.0000000e+00
   6.0582340e+06   1.0000000e+00
   6.0587970e+06   1.0000000e+00
   6.0589030e+06   1.0000000e+00
   6.0589730e+06   1.0000000e+00
   6.0601570e+06   1.0000000e+00
   6.0612660e+06   1.0000000e+00
   6.0613000e+06   1.0000000e+00
   6.0618440e+06   1.0000000e+00
   6.0627380e+06   1.0000000e+00
   6.0627700e+06   1.0000000e+00
   6.0640580e+06   1.0000000e+00
   6.0648920e+06   1.0000000e+00
   6.0651380e+06   1.0000000e+00
   6.0669200e+06   1.0000000e+00
   6.0670210e+06   1.0000000e+00
   6.0679070e+06   1.0000000e+00
   6.1028750e+06   1.0000000e+00
   6.1198360e+06   1.0000000e+00
   6.1199950e+06   1.0000000e+00
   6.1200250e+06   1.0000000e+00
   6.1247630e+06   1.0000000e+00
   6.1248170e+06   1.0000000e+00
   6.1248430e+06   1.0000000e+00
   6.1250700e+06   1.0000000e+00
   6.1264730e+06   1.0000000e+00
   6.1265970e+06   1.0000000e+00
   6.1266660e+06   1.0000000e+00
   6.1266910e+06   1.0000000e+00
   6.1268920e+06   1.0000000e+00
   6.1269810e+06   1.0000000e+00
   6.1270180e+06   1.0000000e+00
   6.1275060e+06   1.0000000e+00
   6.1275980e+06   1.0000000e+00
   6.1276860e+06   1.0000000e+00
   6.1280140e+06   1.0000000e+00
   6.1281460e+06   1.0000000e+00
   6.1282880e+06   1.0000000e+00
   6.1283280e+06   1.0000000e+00
   6.1283780e+06   1.0000000e+00
   6.1288720e+06   1.0000000e+00
   6.1290050e+06   1.0000000e+00
   6.1290320e+06   1.0000000e+00
   6.1291140e+06   1.0000000e+00
   6.1291430e+06   1.0000000e+00
   6.1298320e+06   1.0000000e+00
   6.1299260e+06   1.0000000e+00
   6.1302560e+06   1.0000000e+00
   6.1309080e+06   1.0000000e+00
   6.1311980e+06   1.0000000e+00
   6.1312550e+06   1.0000000e+00
   6.1312950e+06   1.0000000e+00
   6.1314000e+06   1.0000000e+00
   6.1323110e+06   1.0000000e+00
   6.1332920e+06   1.0000000e+00
   6.1347780e+06   1.0000000e+00
   6.1348050e+06   1.0000000e+00
   6.1860050e+06   1.0000000e+00
   6.1868390e+06   1.0000000e+00
   6.1869470e+06   1.0000000e+00
   6.1889130e+06   1.0000000e+00
   6.1891430e+06   1.0000000e+00
   6.1892040e+06   1.0000000e+00
   6.1893530e+06   1.0000000e+00
   6.1906250e+06   1.0000000e+00
   6.1907690e+06   1.0000000e+00
   6.1908000e+06   1.0000000e+00
   6.1908260e+06   1.0000000e+00
   6.1913870e+06   1.0000000e+00
   6.1914150e+06   1.0000000e+00
   6.1918500e+06   1.0000000e+00
   6.1918770e+06   1.0000000e+00
   6.1924340e+06   1.0000000e+00
   6.1934880e+06   1.0000000e+00
   6.1937230e+06   1.0000000e+00
   6.1945390e+06   1.0000000e+00
   6.2041790e+06   1.0000000e+00
   6.2043480e+06   1.0000000e+00
   6.2043740e+06   1.0000000e+00
   6.2059850e+06   1.0000000e+00
   6.2060100e+06   1.0000000e+00
   6.2060420e+06   1.0000000e+00
   6.2076580e+06   1.0000000e+00
   6.2125750e+06   1.0000000e+00
   6.2302260e+06   1.0000000e+00
   6.2320070e+06   1.0000000e+00
   6.2320360e+06   1.0000000e+00
   6.2533220e+06   1.0000000e+00
   6.2639680e+06   1.0000000e+00
   6.2656340e+06   1.0000000e+00
   6.2656960e+06   1.0000000e+00
   6.2660300e+06   1.0000000e+00
   6.2668440e+06   1.0000000e+00
   6.2670120e+06   1.0000000e+00
   6.2909550e+06   1.0000000e+00
   6.2911850e+06   1.0000000e+00
   6.2912100e+06   1.0000000e+00
   6.2912810e+06   1.0000000e+00
   6.2921210e+06   1.0000000e+00
   6.2922090e+06   1.0000000e+00
   6.2922380e+06   1.0000000e+00
   6.2926720e+06   1.0000000e+00
   6.2927230e+06   1.0000000e+00
   6.2931440e+06   1.0000000e+00
   6.2932130e+06   1.0000000e+00
   6.2932510e+06   1.0000000e+00
   6.2932760e+06   1.0000000e+00
   6.2933130e+06   1.0000000e+00
   6.2934910e+06   1.0000000e+00
   6.2936950e+06   1.0000000e+00
   6.2937790e+06   1.0000000e+00
   6.2940460e+06   1.0000000e+00
   6.2940730e+06   1.0000000e+00
   6.2948810e+06   1.0000000e+00
   6.2949060e+06   1.0000000e+00
   6.2949340e+06   1.0000000e+00
   6.2960620e+06   1.0000000e+00
   6.2961040e+06   1.0000000e+00
   6.2964950e+06   1.0000000e+00
   6.2965210e+06   1.0000000e+00
   6.2966390e+06   1.0000000e+00
   6.2968010e+06   1.0000000e+00
   6.2968450e+06   1.0000000e+00
   6.2975070e+06   1.0000000e+00
   6.2975320e+06   1.0000000e+00
   6.2978270e+06   1.0000000e+00
   6.2986250e+06   1.0000000e+00
   6.2995300e+06   1.0000000e+00
   6.2995610e+06   1.0000000e+00
   6.3002870e+06   1.0000000e+00
   6.3009270e+06   1.0000000e+00
   6.3320960e+06   1.0000000e+00
   6.3528330e+06   1.0000000e+00
   6.3533430e+06   1.0000000e+00
   6.3701460e+06   1.0000000e+00
   6.3702380e+06   1.0000000e+00
   6.3703150e+06   1.0000000e+00
   6.3703720e+06   1.0000000e+00
   6.3787390e+06   1.0000000e+00
   6.3943930e+06   1.0000000e+00
   6.3944300e+06   1.0000000e+00
   6.4000080e+06   1.0000000e+00
   6.4010490e+06   1.0000000e+00
   6.4010740e+06   1.0000000e+00
   6.4012040e+06   1.0000000e+00
   6.4012290e+06   1.0000000e+00
   6.4012770e+06   1.0000000e+00
   6.4334790e+06   1.0000000e+00
   6.4483780e+06   1.0000000e+00
   6.4488280e+06   1.0000000e+00
   6.4490530e+06   1.0000000e+00
   6.4491040e+06   1.0000000e+00
   6.4492100e+06   1.0000000e+00
   6.4492360e+06   1.0000000e+00
   6.4494170e+06   1.0000000e+00
   6.4495780e+06   1.0000000e+00
   6.4496250e+06   1.0000000e+00
   6.4497740e+06   1.0000000e+00
   6.4498110e+06   1.0000000e+00
   6.4498470e+06   1.0000000e+00
   6.4500900e+06   1.0000000e+00
   6.4502880e+06   1.0000000e+00
   6.4507330e+06   1.0000000e+00
   6.4508160e+06   1.0000000e+00
   6.4508920e+06   1.0000000e+00
   6.4515510e+06   1.0000000e+00
   6.4518390e+06   1.0000000e+00
   6.4519680e+06   1.0000000e+00
   6.4525040e+06   1.0000000e+00
   6.4525310e+06   1.0000000e+00
   6.4526820e+06   1.0000000e+00
   6.4528150e+06   1.0000000e+00
   6.4528440e+06   1.0000000e+00
   6.4528910e+06   1.0000000e+00
   6.4541820e+06   1.0000000e+00
   6.4551920e+06   1.0000000e+00
   6.4552200e+06   1.0000000e+00
   6.4567060e+06   1.0000000e+00
   6.4575910e+06   1.0000000e+00
   6.5005580e+06   1.0000000e+00
   6.5275120e+06   1.0000000e+00
   6.5275530e+06   1.0000000e+00
   6.5283910e+06   1.0000000e+00
   6.5291420e+06   1.0000000e+00
   6.5292290e+06   1.0000000e+00
   6.5294440e+06   1.0000000e+00
   6.5294910e+06   1.0000000e+00
   6.5296390e+06   1.0000000e+00
   6.5297620e+06   1.0000000e+00
   6.5302350e+06   1.0000000e+00
   6.5303810e+06   1.0000000e+00
   6.5304260e+06   1.0000000e+00
   6.5304710e+06   1.0000000e+00
   6.5320060e+06   1.0000000e+00
   6.5338190e+06   1.0000000e+00
   6.5339880e+06   1.0000000e+00
   6.5340180e+06   1.0000000e+00
   6.5351780e+06   1.0000000e+00
   6.5365610e+06   1.0000000e+00
   6.5371620e+06   1.0000000e+00
   6.5419220e+06   1.0000000e+00
   6.5854640e+06   1.0000000e+00
   6.5857340e+06   1.0000000e+00
   6.5857600e+06   1.0000000e+00
   6.5858610e+06   1.0000000e+00
   6.5862060e+06   1.0000000e+00
   6.5866990e+06   1.0000000e+00
   6.5867400e+06   1.0000000e+00
   6.5868360e+06   1.0000000e+00
   6.5869840e+06   1.0000000e+00
   6.5873420e+06   1.0000000e+00
   6.5874150e+06   1.0000000e+00
   6.5876080e+06   1.0000000e+00
   6.5876650e+06   1.0000000e+00
   6.5877570e+06   1.0000000e+00
   6.5878500e+06   1.0000000e+00
   6.5883450e+06   1.0000000e+00
   6.5884090e+06   1.0000000e+00
   6.5884710e+06   1.0000000e+00
   6.5885050e+06   1.0000000e+00
   6.5887910e+06   1.0000000e+00
   6.5889120e+06   1.0000000e+00
   6.5889430e+06   1.0000000e+00
   6.5891020e+06   1.0000000e+00
   6.5894170e+06   1.0000000e+00
   6.5896340e+06   1.0000000e+00
   6.5900880e+06   1.0000000e+00
   6.5902440e+06   1.0000000e+00
   6.5902690e+06   1.0000000e+00
   6.5903960e+06   1.0000000e+00
   6.5912200e+06   1.0000000e+00
   6.5916320e+06   1.0000000e+00
   6.5921760e+06   1.0000000e+00
   6.5922010e+06   1.0000000e+00
   6.5924120e+06   1.0000000e+00
   6.5936460e+06   1.0000000e+00
   6.5937990e+06   1.0000000e+00
   6.5952410e+06   1.0000000e+00
   6.5969410e+06   1.0000000e+00
   6.6002480e+06   1.0000000e+00
   6.6191200e+06   1.0000000e+00
   6.6397110e+06   1.0000000e+00
   6.6554370e+06   1.0000000e+00
   6.6760990e+06   1.0000000e+00
   6.6836590e+06   1.0000000e+00
   6.6837950e+06   1.0000000e+00
   6.6838290e+06   1.0000000e+00
   6.6843830e+06   1.0000000e+00
   6.6848500e+06   1.0000000e+00
   6.6849160e+06   1.0000000e+00
   6.6859540e+06   1.0000000e+00
   6.6865060e+06   1.0000000e+00
   6.6868790e+06   1.0000000e+00
   6.6875370e+06   1.0000000e+00
   6.6875620e+06   1.0000000e+00
   6.6877560e+06   1.0000000e+00
   6.6928700e+06   1.0000000e+00
   6.6929610e+06   1.0000000e+00
   6.6931340e+06   1.0000000e+00
   6.6939430e+06   1.0000000e+00
   6.6946190e+06   1.0000000e+00
   6.6965520e+06   1.0000000e+00
   6.6973670e+06   1.0000000e+00
   6.7040910e+06   1.0000000e+00
   6.7178180e+06   1.0000000e+00
   6.7423860e+06   1.0000000e+00
   6.7424480e+06   1.0000000e+00
   6.7428700e+06   1.0000000e+00
   6.7794180e+06   1.0000000e+00
   6.7802820e+06   1.0000000e+00
   6.7803110e+06   1.0000000e+00
   6.7813700e+06   1.0000000e+00
   6.7831540e+06   1.0000000e+00
   6.7845490e+06   1.0000000e+00
   6.7845760e+06   1.0000000e+00
   6.7849170e+06   1.0000000e+00
   6.7849420e+06   1.0000000e+00
   6.7888800e+06   1.0000000e+00
   6.7889080e+06   1.0000000e+00
   6.7901640e+06   1.0000000e+00
   6.7914150e+06   1.0000000e+00
   6.7987950e+06   1.0000000e+00
   6.8005140e+06   1.0000000e+00
   6.8032410e+06   1.0000000e+00
   6.8047920e+06   1.0000000e+00
   6.8062560e+06   1.0000000e+00
   6.8106640e+06   1.0000000e+00
   6.8205890e+06   1.0000000e+00
   6.8246990e+06   1.0000000e+00
   6.8547860e+06   1.0000000e+00
   6.8548320e+06   1.0000000e+00
   6.8550990e+06   1.0000000e+00
   6.8551460e+06   1.0000000e+00
   6.8551760e+06   1.0000000e+00
   6.8557220e+06   1.0000000e+00
   6.8557600e+06   1.0000000e+00
   6.8561670e+06   1.0000000e+00
   6.8562450e+06   1.0000000e+00
   6.8564410e+06   1.0000000e+00
   6.8564680e+06   1.0000000e+00
   6.8567120e+06   1.0000000e+00
   6.8568650e+06   1.0000000e+00
   6.8569360e+06   1.0000000e+00
   6.8569760e+06   1.0000000e+00
   6.8570870e+06   1.0000000e+00
   6.8586940e+06   1.0000000e+00
   6.8595240e+06   1.0000000e+00
   6.8613140e+06   1.0000000e+00
   6.8614400e+06   1.0000000e+00
   6.8614650e+06   1.0000000e+00
   6.8615270e+06   1.0000000e+00
   6.8630030e+06   1.0000000e+00
   6.8644450e+06   1.0000000e+00
   6.8666660e+06   1.0000000e+00
   6.8742030e+06   1.0000000e+00
   6.8945310e+06   1.0000000e+00
   6.8946310e+06   1.0000000e+00
   6.8951390e+06   1.0000000e+00
   6.8952460e+06   1.0000000e+00
   6.8953200e+06   1.0000000e+00
   6.8957140e+06   1.0000000e+00
   6.8957630e+06   1.0000000e+00
   6.8960970e+06   1.0000000e+00
   6.8973750e+06   1.0000000e+00
   6.8974000e+06   1.0000000e+00
   6.8975680e+06   1.0000000e+00
   6.8978510e+06   1.0000000e+00
   6.8980570e+06   1.0000000e+00
   6.8980890e+06   1.0000000e+00
   6.8984090e+06   1.0000000e+00
   6.8985630e+06   1.0000000e+00
   6.8985930e+06   1.0000000e+00
   6.8993730e+06   1.0000000e+00
   6.8996740e+06   1.0000000e+00
   6.8997750e+06   1.0000000e+00
   6.8998080e+06   1.0000000e+00
   6.9011590e+06   1.0000000e+00
   6.9013450e+06   1.0000000e+00
   6.9018150e+06   1.0000000e+00
   6.9029140e+06   1.0000000e+00
   6.9121910e+06   1.0000000e+00
   6.9160550e+06   1.0000000e+00
   6.9614690e+06   1.0000000e+00
   6.9616130e+06   1.0000000e+00
   6.9671610e+06   1.0000000e+00
   6.9671870e+06   1.0000000e+00
   6.9685160e+06   1.0000000e+00
   6.9685410e+06   1.0000000e+00
   6.9702700e+06   1.0000000e+00
   6.9709860e+06   1.0000000e+00
   6.9710110e+06   1.0000000e+00
   6.9715750e+06   1.0000000e+00
   6.9716630e+06   1.0000000e+00
   6.9722970e+06   1.0000000e+00
   6.9723220e+06   1.0000000e+00
   6.9732450e+06   1.0000000e+00
   6.9740800e+06   1.0000000e+00
   6.9741880e+06   1.0000000e+00
   6.9742270e+06   1.0000000e+00
   6.9745050e+06   1.0000000e+00
   6.9747830e+06   1.0000000e+00
   6.9748120e+06   1.0000000e+00
   6.9749540e+06   1.0000000e+00
   6.9749830e+06   1.0000000e+00
   6.9755630e+06   1.0000000e+00
   6.9756110e+06   1.0000000e+00
   6.9761560e+06   1.0000000e+00
   6.9764600e+06   1.0000000e+00
   6.9768800e+06   1.0000000e+00
   6.9771110e+06   1.0000000e+00
   6.9780560e+06   1.0000000e+00
   6.9808690e+06   1.0000000e+00
   6.9914400e+06   1.0000000e+00
   6.9917740e+06   1.0000000e+00
   6.9945650e+06   1.0000000e+00
   6.9946070e+06   1.0000000e+00
   6.9985640e+06   1.0000000e+00
   6.9985940e+06   1.0000000e+00
   7.0053550e+06   1.0000000e+00
   7.0053800e+06   1.0000000e+00
   7.0188140e+06   1.0000000e+00
   7.0190520e+06   1.0000000e+00
   7.0218940e+06   1.0000000e+00
   7.0220750e+06   1.0000000e+00
   7.0311130e+06   1.0000000e+00
   7.0313560e+06   1.0000000e+00
   7.0325200e+06   1.0000000e+00
   7.0326170e+06   1.0000000e+00
   7.0326450e+06   1.0000000e+00
   7.0327580e+06   1.0000000e+00
   7.0327930e+06   1.0000000e+00
   7.0334940e+06   1.0000000e+00
   7.0335200e+06   1.0000000e+00
   7.0336250e+06   1.0000000e+00
   7.0338290e+06   1.0000000e+00
   7.0342880e+06   1.0000000e+00
   7.0343130e+06   1.0000000e+00
   7.0344210e+06   1.0000000e+00
   7.0344520e+06   1.0000000e+00
   7.0353420e+06   1.0000000e+00
   7.0355920e+06   1.0000000e+00
   7.0356800e+06   1.0000000e+00
   7.0357370e+06   1.0000000e+00
   7.0357640e+06   1.0000000e+00
   7.0384530e+06   1.0000000e+00
   7.0387750e+06   1.0000000e+00
   7.0781550e+06   1.0000000e+00
   7.0781830e+06   1.0000000e+00
   7.0929110e+06   1.0000000e+00
   7.0929380e+06   1.0000000e+00
   7.0931860e+06   1.0000000e+00
   7.0932120e+06   1.0000000e+00
   7.0935450e+06   1.0000000e+00
   7.0941490e+06   1.0000000e+00
   7.0941740e+06   1.0000000e+00
   7.0942380e+06   1.0000000e+00
   7.0952640e+06   1.0000000e+00
   7.0958620e+06   1.0000000e+00
   7.0960620e+06   1.0000000e+00
   7.0960990e+06   1.0000000e+00
   7.0973840e+06   1.0000000e+00
   7.0974110e+06   1.0000000e+00
   7.0978950e+06   1.0000000e+00
   7.0982220e+06   1.0000000e+00
   7.0991980e+06   1.0000000e+00
   7.0992770e+06   1.0000000e+00
   7.0995560e+06   1.0000000e+00
   7.1023930e+06   1.0000000e+00
   7.1024190e+06   1.0000000e+00
   7.1041610e+06   1.0000000e+00
   7.1041860e+06   1.0000000e+00
   7.1057940e+06   1.0000000e+00
   7.1087120e+06   1.0000000e+00
   7.1107250e+06   1.0000000e+00
   7.1139290e+06   1.0000000e+00
   7.1166060e+06   1.0000000e+00
   7.1198510e+06   1.0000000e+00
   7.1198760e+06   1.0000000e+00
   7.1248810e+06   1.0000000e+00
   7.1252510e+06   1.0000000e+00
   7.1252780e+06   1.0000000e+00
   7.1301230e+06   1.0000000e+00
   7.1301480e+06   1.0000000e+00
   7.1400610e+06   1.0000000e+00
   7.1408610e+06   1.0000000e+00
   7.1440960e+06   1.0000000e+00
   7.1441210e+06   1.0000000e+00
   7.1444100e+06   1.0000000e+00
   7.1448360e+06   1.0000000e+00
   7.1451510e+06   1.0000000e+00
   7.1452650e+06   1.0000000e+00
   7.1453190e+06   1.0000000e+00
   7.1454320e+06   1.0000000e+00
   7.1454640e+06   1.0000000e+00
   7.1464560e+06   1.0000000e+00
   7.1465370e+06   1.0000000e+00
   7.1468180e+06   1.0000000e+00
   7.1471640e+06   1.0000000e+00
   7.1486610e+06   1.0000000e+00
   7.1486860e+06   1.0000000e+00
   7.1490490e+06   1.0000000e+00
   7.1500250e+06   1.0000000e+00
   7.1503960e+06   1.0000000e+00
   7.1519590e+06   1.0000000e+00
   7.1539210e+06   1.0000000e+00
   7.1590900e+06   1.0000000e+00
   7.1719340e+06   1.0000000e+00
   7.1859950e+06   1.0000000e+00
   7.1864230e+06   1.0000000e+00
   7.1864490e+06   1.0000000e+00
   7.1873000e+06   1.0000000e+00
   7.1873550e+06   1.0000000e+00
   7.1890270e+06   1.0000000e+00
   7.1890530e+06   1.0000000e+00
   7.2083440e+06   1.0000000e+00
   7.2397710e+06   1.0000000e+00
   7.2400790e+06   1.0000000e+00
   7.2408790e+06   1.0000000e+00
   7.2409240e+06   1.0000000e+00
   7.2411960e+06   1.0000000e+00
   7.2412250e+06   1.0000000e+00
   7.2412840e+06   1.0000000e+00
   7.2414810e+06   1.0000000e+00
   7.2416350e+06   1.0000000e+00
   7.2418210e+06   1.0000000e+00
   7.2418640e+06   1.0000000e+00
   7.2419040e+06   1.0000000e+00
   7.2422120e+06   1.0000000e+00
   7.2422380e+06   1.0000000e+00
   7.2422670e+06   1.0000000e+00
   7.2426550e+06   1.0000000e+00
   7.2427720e+06   1.0000000e+00
   7.2428150e+06   1.0000000e+00
   7.2428930e+06   1.0000000e+00
   7.2433900e+06   1.0000000e+00
   7.2436230e+06   1.0000000e+00
   7.2437140e+06   1.0000000e+00
   7.2438040e+06   1.0000000e+00
   7.2439170e+06   1.0000000e+00
   7.2444900e+06   1.0000000e+00
   7.2447000e+06   1.0000000e+00
   7.2447320e+06   1.0000000e+00
   7.2448840e+06   1.0000000e+00
   7.2460620e+06   1.0000000e+00
   7.2464490e+06   1.0000000e+00
   7.2464770e+06   1.0000000e+00
   7.2467860e+06   1.0000000e+00
   7.2473740e+06   1.0000000e+00
   7.2481530e+06   1.0000000e+00
   7.2481900e+06   1.0000000e+00
   7.2516470e+06   1.0000000e+00
   7.2516720e+06   1.0000000e+00
   7.2520520e+06   1.0000000e+00
   7.2534760e+06   1.0000000e+00
   7.2557430e+06   1.0000000e+00
   7.2916340e+06   1.0000000e+00
   7.3277000e+06   1.0000000e+00
   7.3311290e+06   1.0000000e+00
   7.3311630e+06   1.0000000e+00
   7.3325590e+06   1.0000000e+00
   7.3390980e+06   1.0000000e+00
   7.3400360e+06   1.0000000e+00
   7.3401040e+06   1.0000000e+00
   7.3403880e+06   1.0000000e+00
   7.3406370e+06   1.0000000e+00
   7.3406650e+06   1.0000000e+00
   7.3413410e+06   1.0000000e+00
   7.3413660e+06   1.0000000e+00
   7.3415060e+06   1.0000000e+00
   7.3422240e+06   1.0000000e+00
   7.3422530e+06   1.0000000e+00
   7.3425540e+06   1.0000000e+00
   7.3426520e+06   1.0000000e+00
   7.3427150e+06   1.0000000e+00
   7.3427880e+06   1.0000000e+00
   7.3430450e+06   1.0000000e+00
   7.3431680e+06   1.0000000e+00
   7.3431950e+06   1.0000000e+00
   7.3435780e+06   1.0000000e+00
   7.3440710e+06   1.0000000e+00
   7.3442960e+06   1.0000000e+00
   7.3445800e+06   1.0000000e+00
   7.3466920e+06   1.0000000e+00
   7.3483080e+06   1.0000000e+00
   7.3483380e+06   1.0000000e+00
   7.3773950e+06   1.0000000e+00
   7.3892970e+06   1.0000000e+00
   7.3893220e+06   1.0000000e+00
   7.4295690e+06   1.0000000e+00
   7.4303150e+06   1.0000000e+00
   7.4317330e+06   1.0000000e+00
   7.4320130e+06   1.0000000e+00
   7.4331280e+06   1.0000000e+00
   7.4331680e+06   1.0000000e+00
   7.4333580e+06   1.0000000e+00
   7.4342430e+06   1.0000000e+00
   7.4349220e+06   1.0000000e+00
   7.4362480e+06   1.0000000e+00
   7.4394710e+06   1.0000000e+00
   7.4525740e+06   1.0000000e+00
   7.4747940e+06   1.0000000e+00
   7.4756110e+06   1.0000000e+00
   7.4763240e+06   1.0000000e+00
   7.4764790e+06   1.0000000e+00
   7.4765360e+06   1.0000000e+00
   7.4765610e+06   1.0000000e+00
   7.4769460e+06   1.0000000e+00
   7.4769780e+06   1.0000000e+00
   7.4772390e+06   1.0000000e+00
   7.4772930e+06   1.0000000e+00
   7.4774370e+06   1.0000000e+00
   7.4774690e+06   1.0000000e+00
   7.4783150e+06   1.0000000e+00
   7.4784220e+06   1.0000000e+00
   7.4785220e+06   1.0000000e+00
   7.4786940e+06   1.0000000e+00
   7.4787240e+06   1.0000000e+00
   7.4788880e+06   1.0000000e+00
   7.4791930e+06   1.0000000e+00
   7.4795250e+06   1.0000000e+00
   7.4799710e+06   1.0000000e+00
   7.4799960e+06   1.0000000e+00
   7.4801720e+06   1.0000000e+00
   7.4802000e+06   1.0000000e+00
   7.4806660e+06   1.0000000e+00
   7.4806970e+06   1.0000000e+00
   7.4810120e+06   1.0000000e+00
   7.4811740e+06   1.0000000e+00
   7.4815210e+06   1.0000000e+00
   7.4817100e+06   1.0000000e+00
   7.4819910e+06   1.0000000e+00
   7.4825130e+06   1.0000000e+00
   7.4835910e+06   1.0000000e+00
   7.4836160e+06   1.0000000e+00
   7.4838760e+06   1.0000000e+00
   7.4841590e+06   1.0000000e+00
   7.4842390e+06   1.0000000e+00
   7.4868380e+06   1.0000000e+00
   7.4914020e+06   1.0000000e+00
   7.4920420e+06   1.0000000e+00
   7.5155980e+06   1.0000000e+00
   7.5156250e+06   1.0000000e+00
