   7.5250000e+06   0.0000000e+00
   4.7000000e+01   1.0000000e+00
   1.3742200e+05   1.0000000e+00
   1.8118000e+05   1.0000000e+00
   5.9827600e+05   1.0000000e+00
   7.6873900e+05   1.0000000e+00
   8.2999400e+05   1.0000000e+00
   8.8938300e+05   1.0000000e+00
   9.9012500e+05   1.0000000e+00
   1.1139540e+06   1.0000000e+00
   1.2545620e+06   1.0000000e+00
   1.2552160e+06   1.0000000e+00
   1.2580330e+06   1.0000000e+00
   1.3032880e+06   1.0000000e+00
   1.3980950e+06   1.0000000e+00
   2.5705380e+06   1.0000000e+00
   2.5726460e+06   1.0000000e+00
   2.8871410e+06   1.0000000e+00
   3.0631120e+06   1.0000000e+00
   3.0641680e+06   1.0000000e+00
   3.4264240e+06   1.0000000e+00
   3.6566930e+06   1.0000000e+00
   3.6577560e+06   1.0000000e+00
   3.6584820e+06   1.0000000e+00
   3.8049110e+06   1.0000000e+00
   3.8949620e+06   1.0000000e+00
   4.3783170e+06   1.0000000e+00
   4.8497030e+06   1.0000000e+00
   4.9229900e+06   1.0000000e+00
   5.4411340e+06   1.0000000e+00
   5.4419670e+06   1.0000000e+00
   5.4428190e+06   1.0000000e+00
   5.4443230e+06   1.0000000e+00
   5.4446600e+06   1.0000000e+00
   5.4587970e+06   1.0000000e+00
   5.5498680e+06   1.0000000e+00
   5.7812260e+06   1.0000000e+00
   5.9869200e+06   1.0000000e+00
   6.1245570e+06   1.0000000e+00
   6.1888330e+06   1.0000000e+00
   6.3760860e+06   1.0000000e+00
   6.5332490e+06   1.0000000e+00
   6.5872220e+06   1.0000000e+00
   6.9744540e+06   1.0000000e+00
   6.9751470e+06   1.0000000e+00
   7.2405940e+06   1.0000000e+00
   7.3020130e+06   1.0000000e+00
   7.4485640e+06   1.0000000e+00
   7.4701590e+06   1.0000000e+00
