   7.5250000e+06   0.0000000e+00
   6.3000000e+01   1.0000000e+00
   1.2498100e+05   1.0000000e+00
   6.4852600e+05   1.0000000e+00
   6.7203400e+05   1.0000000e+00
   6.7216300e+05   1.0000000e+00
   8.1445300e+05   1.0000000e+00
   8.2971600e+05   1.0000000e+00
   8.2999100e+05   1.0000000e+00
   8.3122900e+05   1.0000000e+00
   1.1139540e+06   1.0000000e+00
   1.6164540e+06   1.0000000e+00
   1.8062050e+06   1.0000000e+00
   1.8209490e+06   1.0000000e+00
   1.8657650e+06   1.0000000e+00
   1.8956700e+06   1.0000000e+00
   2.1270130e+06   1.0000000e+00
   2.1828940e+06   1.0000000e+00
   2.2410830e+06   1.0000000e+00
   2.5670360e+06   1.0000000e+00
   2.5714410e+06   1.0000000e+00
   2.5992830e+06   1.0000000e+00
   2.6555930e+06   1.0000000e+00
   2.6875160e+06   1.0000000e+00
   3.0641540e+06   1.0000000e+00
   3.0642520e+06   1.0000000e+00
   3.0880000e+06   1.0000000e+00
   3.3536130e+06   1.0000000e+00
   3.5172310e+06   1.0000000e+00
   3.5617980e+06   1.0000000e+00
   3.6570600e+06   1.0000000e+00
   3.6584820e+06   1.0000000e+00
   3.8051950e+06   1.0000000e+00
   3.8949810e+06   1.0000000e+00
   4.1748940e+06   1.0000000e+00
   4.3036400e+06   1.0000000e+00
   4.8497020e+06   1.0000000e+00
   4.8565060e+06   1.0000000e+00
   4.9229890e+06   1.0000000e+00
   4.9233870e+06   1.0000000e+00
   5.0654300e+06   1.0000000e+00
   5.4411340e+06   1.0000000e+00
   5.4428270e+06   1.0000000e+00
   5.4434330e+06   1.0000000e+00
   5.4443230e+06   1.0000000e+00
   5.5613760e+06   1.0000000e+00
   5.8419640e+06   1.0000000e+00
   5.8720600e+06   1.0000000e+00
   5.8762320e+06   1.0000000e+00
   5.8786840e+06   1.0000000e+00
   5.9460460e+06   1.0000000e+00
   6.1245570e+06   1.0000000e+00
   6.1273820e+06   1.0000000e+00
   6.2787900e+06   1.0000000e+00
   6.2933400e+06   1.0000000e+00
   6.5411420e+06   1.0000000e+00
   6.7828590e+06   1.0000000e+00
   6.8987300e+06   1.0000000e+00
   6.8992050e+06   1.0000000e+00
   6.9744540e+06   1.0000000e+00
   6.9768060e+06   1.0000000e+00
   7.0921150e+06   1.0000000e+00
   7.2405710e+06   1.0000000e+00
   7.2414320e+06   1.0000000e+00
   7.3415670e+06   1.0000000e+00
