   7.5250000e+06   0.0000000e+00
   1.4100000e+02   1.0000000e+00
   1.5271000e+04   1.0000000e+00
   1.1646700e+05   1.0000000e+00
   1.7440500e+05   1.0000000e+00
   1.7565600e+05   1.0000000e+00
   1.8120000e+05   1.0000000e+00
   3.3632000e+05   1.0000000e+00
   3.6608600e+05   1.0000000e+00
   3.6768400e+05   1.0000000e+00
   4.2201800e+05   1.0000000e+00
   4.7210200e+05   1.0000000e+00
   6.6220700e+05   1.0000000e+00
   1.1173710e+06   1.0000000e+00
   1.2454870e+06   1.0000000e+00
   1.2536270e+06   1.0000000e+00
   1.2545370e+06   1.0000000e+00
   1.2553720e+06   1.0000000e+00
   1.2574880e+06   1.0000000e+00
   1.3787740e+06   1.0000000e+00
   1.5189950e+06   1.0000000e+00
   1.5667580e+06   1.0000000e+00
   1.5694780e+06   1.0000000e+00
   1.5754760e+06   1.0000000e+00
   1.5844730e+06   1.0000000e+00
   1.6319570e+06   1.0000000e+00
   1.7866150e+06   1.0000000e+00
   1.9138930e+06   1.0000000e+00
   2.3792380e+06   1.0000000e+00
   2.6645140e+06   1.0000000e+00
   2.8214380e+06   1.0000000e+00
   2.9939440e+06   1.0000000e+00
   3.2889370e+06   1.0000000e+00
   3.4264200e+06   1.0000000e+00
   3.4974760e+06   1.0000000e+00
   3.5039100e+06   1.0000000e+00
   3.6572850e+06   1.0000000e+00
   3.6576730e+06   1.0000000e+00
   3.6580670e+06   1.0000000e+00
   3.6584400e+06   1.0000000e+00
   3.6584780e+06   1.0000000e+00
   3.6586650e+06   1.0000000e+00
   3.6588900e+06   1.0000000e+00
   3.6589780e+06   1.0000000e+00
   3.6593850e+06   1.0000000e+00
   3.6606300e+06   1.0000000e+00
   3.6608610e+06   1.0000000e+00
   3.6617670e+06   1.0000000e+00
   3.6618990e+06   1.0000000e+00
   3.6638610e+06   1.0000000e+00
   3.6642150e+06   1.0000000e+00
   3.7179900e+06   1.0000000e+00
   4.1749080e+06   1.0000000e+00
   4.2685250e+06   1.0000000e+00
   4.2694810e+06   1.0000000e+00
   4.2725020e+06   1.0000000e+00
   4.3991590e+06   1.0000000e+00
   4.5233790e+06   1.0000000e+00
   4.5234850e+06   1.0000000e+00
   4.5456020e+06   1.0000000e+00
   4.6974880e+06   1.0000000e+00
   4.7049620e+06   1.0000000e+00
   4.7822990e+06   1.0000000e+00
   4.7825730e+06   1.0000000e+00
   4.7826960e+06   1.0000000e+00
   4.8496150e+06   1.0000000e+00
   4.9054320e+06   1.0000000e+00
   4.9229850e+06   1.0000000e+00
   4.9238780e+06   1.0000000e+00
   4.9239860e+06   1.0000000e+00
   4.9247600e+06   1.0000000e+00
   4.9923830e+06   1.0000000e+00
   5.0026510e+06   1.0000000e+00
   5.0121420e+06   1.0000000e+00
   5.1123350e+06   1.0000000e+00
   5.1971120e+06   1.0000000e+00
   5.1990110e+06   1.0000000e+00
   5.2018250e+06   1.0000000e+00
   5.2028030e+06   1.0000000e+00
   5.2047110e+06   1.0000000e+00
   5.2056000e+06   1.0000000e+00
   5.3189060e+06   1.0000000e+00
   5.3202990e+06   1.0000000e+00
   5.3229140e+06   1.0000000e+00
   5.3370550e+06   1.0000000e+00
   5.4411360e+06   1.0000000e+00
   5.4413560e+06   1.0000000e+00
   5.4419460e+06   1.0000000e+00
   5.4425730e+06   1.0000000e+00
   5.4428780e+06   1.0000000e+00
   5.4429420e+06   1.0000000e+00
   5.4430070e+06   1.0000000e+00
   5.4433440e+06   1.0000000e+00
   5.4435760e+06   1.0000000e+00
   5.4437190e+06   1.0000000e+00
   5.4446640e+06   1.0000000e+00
   5.4455350e+06   1.0000000e+00
   5.4587940e+06   1.0000000e+00
   5.5774620e+06   1.0000000e+00
   5.6777130e+06   1.0000000e+00
   5.7703470e+06   1.0000000e+00
   5.7704000e+06   1.0000000e+00
   5.7764690e+06   1.0000000e+00
   5.7799620e+06   1.0000000e+00
   5.8738840e+06   1.0000000e+00
   5.8752770e+06   1.0000000e+00
   5.8758480e+06   1.0000000e+00
   5.9382020e+06   1.0000000e+00
   5.9985310e+06   1.0000000e+00
   6.0088280e+06   1.0000000e+00
   6.0562140e+06   1.0000000e+00
   6.1245600e+06   1.0000000e+00
   6.1288020e+06   1.0000000e+00
   6.1326260e+06   1.0000000e+00
   6.2204470e+06   1.0000000e+00
   6.2933500e+06   1.0000000e+00
   6.2936580e+06   1.0000000e+00
   6.2961030e+06   1.0000000e+00
   6.3993420e+06   1.0000000e+00
   6.4517640e+06   1.0000000e+00
   6.5022770e+06   1.0000000e+00
   6.5873120e+06   1.0000000e+00
   6.5874870e+06   1.0000000e+00
   6.6938580e+06   1.0000000e+00
   6.8557540e+06   1.0000000e+00
   6.9049410e+06   1.0000000e+00
   6.9738420e+06   1.0000000e+00
   6.9744520e+06   1.0000000e+00
   6.9750510e+06   1.0000000e+00
   6.9755460e+06   1.0000000e+00
   6.9759930e+06   1.0000000e+00
   6.9768040e+06   1.0000000e+00
   6.9768930e+06   1.0000000e+00
   6.9770530e+06   1.0000000e+00
   6.9773220e+06   1.0000000e+00
   6.9774510e+06   1.0000000e+00
   7.1836230e+06   1.0000000e+00
   7.2416050e+06   1.0000000e+00
   7.2592660e+06   1.0000000e+00
   7.4785660e+06   1.0000000e+00
   7.4797360e+06   1.0000000e+00
   7.4797940e+06   1.0000000e+00
   7.4817590e+06   1.0000000e+00
