   7.5250000e+06   0.0000000e+00
   9.6200000e+02   1.0000000e+00
   1.5271000e+04   1.0000000e+00
   2.0059000e+04   1.0000000e+00
   3.5331000e+04   1.0000000e+00
   5.9890000e+04   1.0000000e+00
   6.2840000e+04   1.0000000e+00
   6.8202000e+04   1.0000000e+00
   8.3770000e+04   1.0000000e+00
   8.9823000e+04   1.0000000e+00
   9.0423000e+04   1.0000000e+00
   9.0999000e+04   1.0000000e+00
   9.2158000e+04   1.0000000e+00
   9.2782000e+04   1.0000000e+00
   9.3631000e+04   1.0000000e+00
   9.8791000e+04   1.0000000e+00
   1.0080600e+05   1.0000000e+00
   1.2675400e+05   1.0000000e+00
   1.3774600e+05   1.0000000e+00
   1.3870400e+05   1.0000000e+00
   1.3988400e+05   1.0000000e+00
   1.7307400e+05   1.0000000e+00
   1.7389600e+05   1.0000000e+00
   1.7415900e+05   1.0000000e+00
   1.7422000e+05   1.0000000e+00
   1.7426600e+05   1.0000000e+00
   1.7434700e+05   1.0000000e+00
   1.7459900e+05   1.0000000e+00
   1.7548400e+05   1.0000000e+00
   1.7565600e+05   1.0000000e+00
   1.7578200e+05   1.0000000e+00
   1.7610800e+05   1.0000000e+00
   1.7669700e+05   1.0000000e+00
   1.7823200e+05   1.0000000e+00
   1.7925600e+05   1.0000000e+00
   1.7994200e+05   1.0000000e+00
   1.8118300e+05   1.0000000e+00
   2.1314900e+05   1.0000000e+00
   2.2308800e+05   1.0000000e+00
   2.2365400e+05   1.0000000e+00
   2.2769200e+05   1.0000000e+00
   2.2958800e+05   1.0000000e+00
   2.3215200e+05   1.0000000e+00
   2.8486900e+05   1.0000000e+00
   2.9414200e+05   1.0000000e+00
   3.2902100e+05   1.0000000e+00
   3.2971700e+05   1.0000000e+00
   3.3024000e+05   1.0000000e+00
   3.3141100e+05   1.0000000e+00
   3.3629800e+05   1.0000000e+00
   3.3646200e+05   1.0000000e+00
   3.6580900e+05   1.0000000e+00
   3.6638500e+05   1.0000000e+00
   3.6719800e+05   1.0000000e+00
   3.6770200e+05   1.0000000e+00
   3.6817300e+05   1.0000000e+00
   3.9301000e+05   1.0000000e+00
   4.2277900e+05   1.0000000e+00
   4.2367800e+05   1.0000000e+00
   4.2373300e+05   1.0000000e+00
   4.5477200e+05   1.0000000e+00
   4.6632900e+05   1.0000000e+00
   4.6777000e+05   1.0000000e+00
   4.6894200e+05   1.0000000e+00
   4.7305400e+05   1.0000000e+00
   4.7549800e+05   1.0000000e+00
   5.1562000e+05   1.0000000e+00
   5.2137900e+05   1.0000000e+00
   5.5719900e+05   1.0000000e+00
   5.7251100e+05   1.0000000e+00
   5.7827400e+05   1.0000000e+00
   5.9057800e+05   1.0000000e+00
   5.9133000e+05   1.0000000e+00
   5.9841100e+05   1.0000000e+00
   6.3332200e+05   1.0000000e+00
   6.5410000e+05   1.0000000e+00
   6.7472500e+05   1.0000000e+00
   6.7483700e+05   1.0000000e+00
   6.7545600e+05   1.0000000e+00
   6.7608000e+05   1.0000000e+00
   6.7778000e+05   1.0000000e+00
   7.3244200e+05   1.0000000e+00
   7.3743800e+05   1.0000000e+00
   7.5843600e+05   1.0000000e+00
   7.6523500e+05   1.0000000e+00
   7.9412200e+05   1.0000000e+00
   8.0163000e+05   1.0000000e+00
   8.1639800e+05   1.0000000e+00
   8.2845600e+05   1.0000000e+00
   8.2980700e+05   1.0000000e+00
   8.3034500e+05   1.0000000e+00
   8.3091500e+05   1.0000000e+00
   8.3122200e+05   1.0000000e+00
   8.3198400e+05   1.0000000e+00
   8.3695300e+05   1.0000000e+00
   8.5345200e+05   1.0000000e+00
   8.5579400e+05   1.0000000e+00
   8.5639600e+05   1.0000000e+00
   8.5719000e+05   1.0000000e+00
   8.5759900e+05   1.0000000e+00
   8.5959200e+05   1.0000000e+00
   8.9409100e+05   1.0000000e+00
   9.1583000e+05   1.0000000e+00
   9.1643800e+05   1.0000000e+00
   9.1760000e+05   1.0000000e+00
   9.3013400e+05   1.0000000e+00
   9.6944000e+05   1.0000000e+00
   9.9057900e+05   1.0000000e+00
   1.0269280e+06   1.0000000e+00
   1.0290850e+06   1.0000000e+00
   1.0307220e+06   1.0000000e+00
   1.0606010e+06   1.0000000e+00
   1.0943360e+06   1.0000000e+00
   1.1067060e+06   1.0000000e+00
   1.1092330e+06   1.0000000e+00
   1.1103190e+06   1.0000000e+00
   1.1127210e+06   1.0000000e+00
   1.1137330e+06   1.0000000e+00
   1.1139690e+06   1.0000000e+00
   1.1147360e+06   1.0000000e+00
   1.1168060e+06   1.0000000e+00
   1.1171260e+06   1.0000000e+00
   1.1173300e+06   1.0000000e+00
   1.1432810e+06   1.0000000e+00
   1.1820630e+06   1.0000000e+00
   1.2203380e+06   1.0000000e+00
   1.2228040e+06   1.0000000e+00
   1.2258340e+06   1.0000000e+00
   1.2263510e+06   1.0000000e+00
   1.2268700e+06   1.0000000e+00
   1.2274530e+06   1.0000000e+00
   1.2357270e+06   1.0000000e+00
   1.2405720e+06   1.0000000e+00
   1.2432360e+06   1.0000000e+00
   1.2441980e+06   1.0000000e+00
   1.2465740e+06   1.0000000e+00
   1.2545370e+06   1.0000000e+00
   1.2545690e+06   1.0000000e+00
   1.2557010e+06   1.0000000e+00
   1.2567530e+06   1.0000000e+00
   1.2571370e+06   1.0000000e+00
   1.2578120e+06   1.0000000e+00
   1.2578470e+06   1.0000000e+00
   1.2579700e+06   1.0000000e+00
   1.2587800e+06   1.0000000e+00
   1.2591180e+06   1.0000000e+00
   1.2601850e+06   1.0000000e+00
   1.2995510e+06   1.0000000e+00
   1.3430870e+06   1.0000000e+00
   1.3787740e+06   1.0000000e+00
   1.3841230e+06   1.0000000e+00
   1.4015400e+06   1.0000000e+00
   1.4207730e+06   1.0000000e+00
   1.4578000e+06   1.0000000e+00
   1.4728230e+06   1.0000000e+00
   1.4745690e+06   1.0000000e+00
   1.4765060e+06   1.0000000e+00
   1.4773810e+06   1.0000000e+00
   1.5435670e+06   1.0000000e+00
   1.5540420e+06   1.0000000e+00
   1.5561900e+06   1.0000000e+00
   1.5567530e+06   1.0000000e+00
   1.5665780e+06   1.0000000e+00
   1.5672250e+06   1.0000000e+00
   1.5682870e+06   1.0000000e+00
   1.5689310e+06   1.0000000e+00
   1.5692900e+06   1.0000000e+00
   1.5695290e+06   1.0000000e+00
   1.5704220e+06   1.0000000e+00
   1.5710910e+06   1.0000000e+00
   1.5724440e+06   1.0000000e+00
   1.5746880e+06   1.0000000e+00
   1.5754940e+06   1.0000000e+00
   1.5775400e+06   1.0000000e+00
   1.5828040e+06   1.0000000e+00
   1.5834190e+06   1.0000000e+00
   1.5848940e+06   1.0000000e+00
   1.5861650e+06   1.0000000e+00
   1.5879590e+06   1.0000000e+00
   1.5885600e+06   1.0000000e+00
   1.5986240e+06   1.0000000e+00
   1.6023530e+06   1.0000000e+00
   1.6056180e+06   1.0000000e+00
   1.6057060e+06   1.0000000e+00
   1.6152390e+06   1.0000000e+00
   1.6905500e+06   1.0000000e+00
   1.6937780e+06   1.0000000e+00
   1.6963650e+06   1.0000000e+00
   1.6993710e+06   1.0000000e+00
   1.7261970e+06   1.0000000e+00
   1.7533260e+06   1.0000000e+00
   1.7667580e+06   1.0000000e+00
   1.7753270e+06   1.0000000e+00
   1.7952360e+06   1.0000000e+00
   1.7969400e+06   1.0000000e+00
   1.8027430e+06   1.0000000e+00
   1.8222150e+06   1.0000000e+00
   1.8282800e+06   1.0000000e+00
   1.8927130e+06   1.0000000e+00
   1.8940300e+06   1.0000000e+00
   1.9061960e+06   1.0000000e+00
   1.9406050e+06   1.0000000e+00
   1.9694000e+06   1.0000000e+00
   1.9729880e+06   1.0000000e+00
   1.9730200e+06   1.0000000e+00
   1.9811690e+06   1.0000000e+00
   1.9894640e+06   1.0000000e+00
   2.0248050e+06   1.0000000e+00
   2.0571660e+06   1.0000000e+00
   2.0578110e+06   1.0000000e+00
   2.0641400e+06   1.0000000e+00
   2.1047420e+06   1.0000000e+00
   2.1270500e+06   1.0000000e+00
   2.1294950e+06   1.0000000e+00
   2.1298540e+06   1.0000000e+00
   2.1316720e+06   1.0000000e+00
   2.1327980e+06   1.0000000e+00
   2.1330010e+06   1.0000000e+00
   2.1762560e+06   1.0000000e+00
   2.1763320e+06   1.0000000e+00
   2.1776990e+06   1.0000000e+00
   2.1828430e+06   1.0000000e+00
   2.1828920e+06   1.0000000e+00
   2.1875250e+06   1.0000000e+00
   2.2371250e+06   1.0000000e+00
   2.2424180e+06   1.0000000e+00
   2.2480200e+06   1.0000000e+00
   2.2501480e+06   1.0000000e+00
   2.2515750e+06   1.0000000e+00
   2.3424590e+06   1.0000000e+00
   2.3435520e+06   1.0000000e+00
   2.3454010e+06   1.0000000e+00
   2.3653440e+06   1.0000000e+00
   2.3775400e+06   1.0000000e+00
   2.3778460e+06   1.0000000e+00
   2.3784580e+06   1.0000000e+00
   2.3790000e+06   1.0000000e+00
   2.3797640e+06   1.0000000e+00
   2.3806150e+06   1.0000000e+00
   2.4048650e+06   1.0000000e+00
   2.4183510e+06   1.0000000e+00
   2.4416960e+06   1.0000000e+00
   2.4713790e+06   1.0000000e+00
   2.4725540e+06   1.0000000e+00
   2.4730190e+06   1.0000000e+00
   2.4730620e+06   1.0000000e+00
   2.4739820e+06   1.0000000e+00
   2.4762480e+06   1.0000000e+00
   2.4786280e+06   1.0000000e+00
   2.5217620e+06   1.0000000e+00
   2.5561230e+06   1.0000000e+00
   2.5703890e+06   1.0000000e+00
   2.5718320e+06   1.0000000e+00
   2.5728470e+06   1.0000000e+00
   2.5728850e+06   1.0000000e+00
   2.5758520e+06   1.0000000e+00
   2.5787300e+06   1.0000000e+00
   2.5809300e+06   1.0000000e+00
   2.6177630e+06   1.0000000e+00
   2.6258580e+06   1.0000000e+00
   2.6415650e+06   1.0000000e+00
   2.6451060e+06   1.0000000e+00
   2.6504110e+06   1.0000000e+00
   2.6514430e+06   1.0000000e+00
   2.6521510e+06   1.0000000e+00
   2.6526540e+06   1.0000000e+00
   2.6531630e+06   1.0000000e+00
   2.6535580e+06   1.0000000e+00
   2.6550410e+06   1.0000000e+00
   2.6559300e+06   1.0000000e+00
   2.6559590e+06   1.0000000e+00
   2.6569530e+06   1.0000000e+00
   2.6574530e+06   1.0000000e+00
   2.6580670e+06   1.0000000e+00
   2.6587300e+06   1.0000000e+00
   2.6595770e+06   1.0000000e+00
   2.6650240e+06   1.0000000e+00
   2.6755970e+06   1.0000000e+00
   2.6934940e+06   1.0000000e+00
   2.6963310e+06   1.0000000e+00
   2.7198510e+06   1.0000000e+00
   2.7249720e+06   1.0000000e+00
   2.7613380e+06   1.0000000e+00
   2.7785790e+06   1.0000000e+00
   2.8200210e+06   1.0000000e+00
   2.8215670e+06   1.0000000e+00
   2.8216600e+06   1.0000000e+00
   2.8219890e+06   1.0000000e+00
   2.8223620e+06   1.0000000e+00
   2.8230900e+06   1.0000000e+00
   2.8248880e+06   1.0000000e+00
   2.8472840e+06   1.0000000e+00
   2.8599220e+06   1.0000000e+00
   2.8858960e+06   1.0000000e+00
   2.8868060e+06   1.0000000e+00
   2.8876820e+06   1.0000000e+00
   2.8886250e+06   1.0000000e+00
   2.8997460e+06   1.0000000e+00
   2.9099080e+06   1.0000000e+00
   2.9266140e+06   1.0000000e+00
   2.9558220e+06   1.0000000e+00
   2.9889960e+06   1.0000000e+00
   2.9934030e+06   1.0000000e+00
   2.9950540e+06   1.0000000e+00
   2.9983150e+06   1.0000000e+00
   3.0500990e+06   1.0000000e+00
   3.0618140e+06   1.0000000e+00
   3.0627450e+06   1.0000000e+00
   3.0627910e+06   1.0000000e+00
   3.0636770e+06   1.0000000e+00
   3.0645350e+06   1.0000000e+00
   3.0763940e+06   1.0000000e+00
   3.0772870e+06   1.0000000e+00
   3.0797180e+06   1.0000000e+00
   3.1582070e+06   1.0000000e+00
   3.2069410e+06   1.0000000e+00
   3.2588090e+06   1.0000000e+00
   3.2623080e+06   1.0000000e+00
   3.2712550e+06   1.0000000e+00
   3.2890840e+06   1.0000000e+00
   3.2897920e+06   1.0000000e+00
   3.2904340e+06   1.0000000e+00
   3.2920010e+06   1.0000000e+00
   3.2920300e+06   1.0000000e+00
   3.2923770e+06   1.0000000e+00
   3.3516290e+06   1.0000000e+00
   3.3520890e+06   1.0000000e+00
   3.3522300e+06   1.0000000e+00
   3.3529570e+06   1.0000000e+00
   3.3530090e+06   1.0000000e+00
   3.3533790e+06   1.0000000e+00
   3.3536190e+06   1.0000000e+00
   3.3537290e+06   1.0000000e+00
   3.3544940e+06   1.0000000e+00
   3.3568990e+06   1.0000000e+00
   3.3607540e+06   1.0000000e+00
   3.3637140e+06   1.0000000e+00
   3.3746390e+06   1.0000000e+00
   3.4259980e+06   1.0000000e+00
   3.4263670e+06   1.0000000e+00
   3.4264200e+06   1.0000000e+00
   3.4269910e+06   1.0000000e+00
   3.4294190e+06   1.0000000e+00
   3.4951420e+06   1.0000000e+00
   3.4974710e+06   1.0000000e+00
   3.4976780e+06   1.0000000e+00
   3.4987470e+06   1.0000000e+00
   3.4990470e+06   1.0000000e+00
   3.4990980e+06   1.0000000e+00
   3.5004880e+06   1.0000000e+00
   3.5009550e+06   1.0000000e+00
   3.5024870e+06   1.0000000e+00
   3.5031260e+06   1.0000000e+00
   3.5034220e+06   1.0000000e+00
   3.5043150e+06   1.0000000e+00
   3.5089130e+06   1.0000000e+00
   3.5445290e+06   1.0000000e+00
   3.5519480e+06   1.0000000e+00
   3.5521120e+06   1.0000000e+00
   3.5526590e+06   1.0000000e+00
   3.5541040e+06   1.0000000e+00
   3.5550350e+06   1.0000000e+00
   3.5552460e+06   1.0000000e+00
   3.5553490e+06   1.0000000e+00
   3.5555010e+06   1.0000000e+00
   3.5561020e+06   1.0000000e+00
   3.5564850e+06   1.0000000e+00
   3.5581390e+06   1.0000000e+00
   3.5589760e+06   1.0000000e+00
   3.6294230e+06   1.0000000e+00
   3.6429820e+06   1.0000000e+00
   3.6463210e+06   1.0000000e+00
   3.6482250e+06   1.0000000e+00
   3.6560070e+06   1.0000000e+00
   3.6565820e+06   1.0000000e+00
   3.6567100e+06   1.0000000e+00
   3.6572840e+06   1.0000000e+00
   3.6573430e+06   1.0000000e+00
   3.6579090e+06   1.0000000e+00
   3.6580630e+06   1.0000000e+00
   3.6584400e+06   1.0000000e+00
   3.6584790e+06   1.0000000e+00
   3.6589790e+06   1.0000000e+00
   3.6590360e+06   1.0000000e+00
   3.6593050e+06   1.0000000e+00
   3.6593620e+06   1.0000000e+00
   3.6594680e+06   1.0000000e+00
   3.6600140e+06   1.0000000e+00
   3.6602360e+06   1.0000000e+00
   3.6604820e+06   1.0000000e+00
   3.6607870e+06   1.0000000e+00
   3.6608150e+06   1.0000000e+00
   3.6619170e+06   1.0000000e+00
   3.6625870e+06   1.0000000e+00
   3.6638460e+06   1.0000000e+00
   3.6644410e+06   1.0000000e+00
   3.6661800e+06   1.0000000e+00
   3.6950950e+06   1.0000000e+00
   3.6968530e+06   1.0000000e+00
   3.6980810e+06   1.0000000e+00
   3.7065130e+06   1.0000000e+00
   3.7182360e+06   1.0000000e+00
   3.7201850e+06   1.0000000e+00
   3.7571770e+06   1.0000000e+00
   3.7911910e+06   1.0000000e+00
   3.8047280e+06   1.0000000e+00
   3.8050630e+06   1.0000000e+00
   3.8054260e+06   1.0000000e+00
   3.8065900e+06   1.0000000e+00
   3.8072030e+06   1.0000000e+00
   3.8075820e+06   1.0000000e+00
   3.8081520e+06   1.0000000e+00
   3.8081780e+06   1.0000000e+00
   3.8092300e+06   1.0000000e+00
   3.8110430e+06   1.0000000e+00
   3.8116070e+06   1.0000000e+00
   3.8138790e+06   1.0000000e+00
   3.8163890e+06   1.0000000e+00
   3.8933190e+06   1.0000000e+00
   3.8936360e+06   1.0000000e+00
   3.8945610e+06   1.0000000e+00
   3.8962700e+06   1.0000000e+00
   3.8965330e+06   1.0000000e+00
   3.9032440e+06   1.0000000e+00
   4.0280630e+06   1.0000000e+00
   4.0302570e+06   1.0000000e+00
   4.0314050e+06   1.0000000e+00
   4.0322130e+06   1.0000000e+00
   4.0331110e+06   1.0000000e+00
   4.0331390e+06   1.0000000e+00
   4.0335100e+06   1.0000000e+00
   4.0355940e+06   1.0000000e+00
   4.0765940e+06   1.0000000e+00
   4.0774310e+06   1.0000000e+00
   4.1099190e+06   1.0000000e+00
   4.1131880e+06   1.0000000e+00
   4.1148470e+06   1.0000000e+00
   4.1175760e+06   1.0000000e+00
   4.1202410e+06   1.0000000e+00
   4.1210250e+06   1.0000000e+00
   4.1745340e+06   1.0000000e+00
   4.1748850e+06   1.0000000e+00
   4.1752260e+06   1.0000000e+00
   4.1756370e+06   1.0000000e+00
   4.1776510e+06   1.0000000e+00
   4.1783960e+06   1.0000000e+00
   4.1879050e+06   1.0000000e+00
   4.2586760e+06   1.0000000e+00
   4.2592820e+06   1.0000000e+00
   4.2600460e+06   1.0000000e+00
   4.2604820e+06   1.0000000e+00
   4.2635010e+06   1.0000000e+00
   4.2641970e+06   1.0000000e+00
   4.2647520e+06   1.0000000e+00
   4.2665790e+06   1.0000000e+00
   4.2692030e+06   1.0000000e+00
   4.2698200e+06   1.0000000e+00
   4.2701110e+06   1.0000000e+00
   4.2705510e+06   1.0000000e+00
   4.2718250e+06   1.0000000e+00
   4.2718650e+06   1.0000000e+00
   4.2728830e+06   1.0000000e+00
   4.2736150e+06   1.0000000e+00
   4.2738870e+06   1.0000000e+00
   4.2750530e+06   1.0000000e+00
   4.2759410e+06   1.0000000e+00
   4.2768760e+06   1.0000000e+00
   4.2787440e+06   1.0000000e+00
   4.2793460e+06   1.0000000e+00
   4.2805610e+06   1.0000000e+00
   4.2822240e+06   1.0000000e+00
   4.2848200e+06   1.0000000e+00
   4.2906880e+06   1.0000000e+00
   4.2940420e+06   1.0000000e+00
   4.2973320e+06   1.0000000e+00
   4.3003290e+06   1.0000000e+00
   4.3072290e+06   1.0000000e+00
   4.3572890e+06   1.0000000e+00
   4.3660500e+06   1.0000000e+00
   4.3775110e+06   1.0000000e+00
   4.3807110e+06   1.0000000e+00
   4.3816480e+06   1.0000000e+00
   4.3820580e+06   1.0000000e+00
   4.3862080e+06   1.0000000e+00
   4.3863950e+06   1.0000000e+00
   4.3885870e+06   1.0000000e+00
   4.3913070e+06   1.0000000e+00
   4.4310980e+06   1.0000000e+00
   4.4324290e+06   1.0000000e+00
   4.4332520e+06   1.0000000e+00
   4.4336040e+06   1.0000000e+00
   4.4354050e+06   1.0000000e+00
   4.4354380e+06   1.0000000e+00
   4.4378310e+06   1.0000000e+00
   4.4393280e+06   1.0000000e+00
   4.4435000e+06   1.0000000e+00
   4.4453800e+06   1.0000000e+00
   4.4458890e+06   1.0000000e+00
   4.4816760e+06   1.0000000e+00
   4.5221910e+06   1.0000000e+00
   4.5229870e+06   1.0000000e+00
   4.5233990e+06   1.0000000e+00
   4.5239500e+06   1.0000000e+00
   4.5239790e+06   1.0000000e+00
   4.5241370e+06   1.0000000e+00
   4.5251120e+06   1.0000000e+00
   4.5258990e+06   1.0000000e+00
   4.5346200e+06   1.0000000e+00
   4.5385490e+06   1.0000000e+00
   4.5392810e+06   1.0000000e+00
   4.5449130e+06   1.0000000e+00
   4.5478120e+06   1.0000000e+00
   4.5487120e+06   1.0000000e+00
   4.6043940e+06   1.0000000e+00
   4.6288110e+06   1.0000000e+00
   4.6319840e+06   1.0000000e+00
   4.6337060e+06   1.0000000e+00
   4.6351660e+06   1.0000000e+00
   4.6948830e+06   1.0000000e+00
   4.6949750e+06   1.0000000e+00
   4.6951770e+06   1.0000000e+00
   4.6974150e+06   1.0000000e+00
   4.6974880e+06   1.0000000e+00
   4.6975980e+06   1.0000000e+00
   4.6989130e+06   1.0000000e+00
   4.7006140e+06   1.0000000e+00
   4.7045490e+06   1.0000000e+00
   4.7276880e+06   1.0000000e+00
   4.7805970e+06   1.0000000e+00
   4.7806710e+06   1.0000000e+00
   4.7808390e+06   1.0000000e+00
   4.7815320e+06   1.0000000e+00
   4.7822420e+06   1.0000000e+00
   4.7825560e+06   1.0000000e+00
   4.7826060e+06   1.0000000e+00
   4.7832650e+06   1.0000000e+00
   4.7834130e+06   1.0000000e+00
   4.7850880e+06   1.0000000e+00
   4.7858010e+06   1.0000000e+00
   4.7896800e+06   1.0000000e+00
   4.8357680e+06   1.0000000e+00
   4.8491590e+06   1.0000000e+00
   4.8495490e+06   1.0000000e+00
   4.8497210e+06   1.0000000e+00
   4.8502640e+06   1.0000000e+00
   4.8512540e+06   1.0000000e+00
   4.8518930e+06   1.0000000e+00
   4.8524680e+06   1.0000000e+00
   4.8529470e+06   1.0000000e+00
   4.9062950e+06   1.0000000e+00
   4.9216400e+06   1.0000000e+00
   4.9222570e+06   1.0000000e+00
   4.9227250e+06   1.0000000e+00
   4.9229850e+06   1.0000000e+00
   4.9230290e+06   1.0000000e+00
   4.9233960e+06   1.0000000e+00
   4.9239860e+06   1.0000000e+00
   4.9241990e+06   1.0000000e+00
   4.9242780e+06   1.0000000e+00
   4.9247220e+06   1.0000000e+00
   4.9598560e+06   1.0000000e+00
   4.9939190e+06   1.0000000e+00
   5.0015660e+06   1.0000000e+00
   5.0026510e+06   1.0000000e+00
   5.0058160e+06   1.0000000e+00
   5.0105070e+06   1.0000000e+00
   5.0109360e+06   1.0000000e+00
   5.0112520e+06   1.0000000e+00
   5.0115870e+06   1.0000000e+00
   5.0116560e+06   1.0000000e+00
   5.0119220e+06   1.0000000e+00
   5.0121700e+06   1.0000000e+00
   5.0131050e+06   1.0000000e+00
   5.0638260e+06   1.0000000e+00
   5.0652520e+06   1.0000000e+00
   5.0661500e+06   1.0000000e+00
   5.0665540e+06   1.0000000e+00
   5.0812800e+06   1.0000000e+00
   5.1093600e+06   1.0000000e+00
   5.1099610e+06   1.0000000e+00
   5.1107800e+06   1.0000000e+00
   5.1112690e+06   1.0000000e+00
   5.1124390e+06   1.0000000e+00
   5.1139170e+06   1.0000000e+00
   5.1174870e+06   1.0000000e+00
   5.1179850e+06   1.0000000e+00
   5.1784380e+06   1.0000000e+00
   5.1952810e+06   1.0000000e+00
   5.1956790e+06   1.0000000e+00
   5.1962620e+06   1.0000000e+00
   5.1968020e+06   1.0000000e+00
   5.2008730e+06   1.0000000e+00
   5.2017610e+06   1.0000000e+00
   5.2063630e+06   1.0000000e+00
   5.2069510e+06   1.0000000e+00
   5.2086930e+06   1.0000000e+00
   5.2147610e+06   1.0000000e+00
   5.2154470e+06   1.0000000e+00
   5.2160730e+06   1.0000000e+00
   5.2173690e+06   1.0000000e+00
   5.2180630e+06   1.0000000e+00
   5.2194740e+06   1.0000000e+00
   5.2233180e+06   1.0000000e+00
   5.2363610e+06   1.0000000e+00
   5.3014340e+06   1.0000000e+00
   5.3170440e+06   1.0000000e+00
   5.3193820e+06   1.0000000e+00
   5.3194430e+06   1.0000000e+00
   5.3203380e+06   1.0000000e+00
   5.3221880e+06   1.0000000e+00
   5.3242520e+06   1.0000000e+00
   5.3271470e+06   1.0000000e+00
   5.3312280e+06   1.0000000e+00
   5.3367260e+06   1.0000000e+00
   5.4272940e+06   1.0000000e+00
   5.4393680e+06   1.0000000e+00
   5.4399750e+06   1.0000000e+00
   5.4400490e+06   1.0000000e+00
   5.4402970e+06   1.0000000e+00
   5.4411360e+06   1.0000000e+00
   5.4413260e+06   1.0000000e+00
   5.4416430e+06   1.0000000e+00
   5.4419660e+06   1.0000000e+00
   5.4420440e+06   1.0000000e+00
   5.4420810e+06   1.0000000e+00
   5.4421300e+06   1.0000000e+00
   5.4428210e+06   1.0000000e+00
   5.4429140e+06   1.0000000e+00
   5.4429420e+06   1.0000000e+00
   5.4429770e+06   1.0000000e+00
   5.4430070e+06   1.0000000e+00
   5.4433490e+06   1.0000000e+00
   5.4434110e+06   1.0000000e+00
   5.4435760e+06   1.0000000e+00
   5.4436800e+06   1.0000000e+00
   5.4442580e+06   1.0000000e+00
   5.4446260e+06   1.0000000e+00
   5.4455000e+06   1.0000000e+00
   5.4455270e+06   1.0000000e+00
   5.4459530e+06   1.0000000e+00
   5.4461140e+06   1.0000000e+00
   5.4478390e+06   1.0000000e+00
   5.4489240e+06   1.0000000e+00
   5.4587940e+06   1.0000000e+00
   5.4608130e+06   1.0000000e+00
   5.4697900e+06   1.0000000e+00
   5.4839600e+06   1.0000000e+00
   5.4864610e+06   1.0000000e+00
   5.4889810e+06   1.0000000e+00
   5.4897690e+06   1.0000000e+00
   5.5095660e+06   1.0000000e+00
   5.5757940e+06   1.0000000e+00
   5.5760880e+06   1.0000000e+00
   5.5765030e+06   1.0000000e+00
   5.5765280e+06   1.0000000e+00
   5.5768970e+06   1.0000000e+00
   5.5770710e+06   1.0000000e+00
   5.5773100e+06   1.0000000e+00
   5.5774580e+06   1.0000000e+00
   5.5784520e+06   1.0000000e+00
   5.5794590e+06   1.0000000e+00
   5.5800070e+06   1.0000000e+00
   5.5805590e+06   1.0000000e+00
   5.5813980e+06   1.0000000e+00
   5.5819440e+06   1.0000000e+00
   5.5820300e+06   1.0000000e+00
   5.5869020e+06   1.0000000e+00
   5.6552020e+06   1.0000000e+00
   5.6775930e+06   1.0000000e+00
   5.6777040e+06   1.0000000e+00
   5.6780200e+06   1.0000000e+00
   5.6790760e+06   1.0000000e+00
   5.6817070e+06   1.0000000e+00
   5.6832030e+06   1.0000000e+00
   5.6866900e+06   1.0000000e+00
   5.6889240e+06   1.0000000e+00
   5.6891870e+06   1.0000000e+00
   5.6912160e+06   1.0000000e+00
   5.6925110e+06   1.0000000e+00
   5.7245570e+06   1.0000000e+00
   5.7444450e+06   1.0000000e+00
   5.7571440e+06   1.0000000e+00
   5.7596350e+06   1.0000000e+00
   5.7601600e+06   1.0000000e+00
   5.7604500e+06   1.0000000e+00
   5.7608900e+06   1.0000000e+00
   5.7643460e+06   1.0000000e+00
   5.7652170e+06   1.0000000e+00
   5.7669160e+06   1.0000000e+00
   5.7684150e+06   1.0000000e+00
   5.7684490e+06   1.0000000e+00
   5.7700360e+06   1.0000000e+00
   5.7705900e+06   1.0000000e+00
   5.7709720e+06   1.0000000e+00
   5.7710260e+06   1.0000000e+00
   5.7717270e+06   1.0000000e+00
   5.7735570e+06   1.0000000e+00
   5.7777360e+06   1.0000000e+00
   5.7794240e+06   1.0000000e+00
   5.7802390e+06   1.0000000e+00
   5.7802710e+06   1.0000000e+00
   5.7817110e+06   1.0000000e+00
   5.7828060e+06   1.0000000e+00
   5.7843760e+06   1.0000000e+00
   5.7898370e+06   1.0000000e+00
   5.7945360e+06   1.0000000e+00
   5.7973000e+06   1.0000000e+00
   5.7989440e+06   1.0000000e+00
   5.8030310e+06   1.0000000e+00
   5.8076120e+06   1.0000000e+00
   5.8427770e+06   1.0000000e+00
   5.8733070e+06   1.0000000e+00
   5.8737900e+06   1.0000000e+00
   5.8738840e+06   1.0000000e+00
   5.8743220e+06   1.0000000e+00
   5.8752430e+06   1.0000000e+00
   5.8758480e+06   1.0000000e+00
   5.8760010e+06   1.0000000e+00
   5.8763480e+06   1.0000000e+00
   5.8768930e+06   1.0000000e+00
   5.8772100e+06   1.0000000e+00
   5.8781450e+06   1.0000000e+00
   5.8796080e+06   1.0000000e+00
   5.8806840e+06   1.0000000e+00
   5.8816290e+06   1.0000000e+00
   5.9557830e+06   1.0000000e+00
   5.9558460e+06   1.0000000e+00
   5.9954370e+06   1.0000000e+00
   5.9982870e+06   1.0000000e+00
   6.0004220e+06   1.0000000e+00
   6.0043590e+06   1.0000000e+00
   6.0058430e+06   1.0000000e+00
   6.0084540e+06   1.0000000e+00
   6.0094350e+06   1.0000000e+00
   6.0451620e+06   1.0000000e+00
   6.0548400e+06   1.0000000e+00
   6.0551580e+06   1.0000000e+00
   6.0554280e+06   1.0000000e+00
   6.0561840e+06   1.0000000e+00
   6.0563420e+06   1.0000000e+00
   6.0565450e+06   1.0000000e+00
   6.0572800e+06   1.0000000e+00
   6.0579670e+06   1.0000000e+00
   6.0590380e+06   1.0000000e+00
   6.0590860e+06   1.0000000e+00
   6.0692420e+06   1.0000000e+00
   6.1263770e+06   1.0000000e+00
   6.1271150e+06   1.0000000e+00
   6.1276000e+06   1.0000000e+00
   6.1280060e+06   1.0000000e+00
   6.1285880e+06   1.0000000e+00
   6.1287740e+06   1.0000000e+00
   6.1288070e+06   1.0000000e+00
   6.1296720e+06   1.0000000e+00
   6.1300410e+06   1.0000000e+00
   6.1305960e+06   1.0000000e+00
   6.1308670e+06   1.0000000e+00
   6.1323180e+06   1.0000000e+00
   6.1326260e+06   1.0000000e+00
   6.1642480e+06   1.0000000e+00
   6.1819210e+06   1.0000000e+00
   6.1873250e+06   1.0000000e+00
   6.1890660e+06   1.0000000e+00
   6.1905300e+06   1.0000000e+00
   6.1909600e+06   1.0000000e+00
   6.1919610e+06   1.0000000e+00
   6.1941780e+06   1.0000000e+00
   6.1947680e+06   1.0000000e+00
   6.1964110e+06   1.0000000e+00
   6.2025220e+06   1.0000000e+00
   6.2048550e+06   1.0000000e+00
   6.2050390e+06   1.0000000e+00
   6.2590400e+06   1.0000000e+00
   6.2915590e+06   1.0000000e+00
   6.2924540e+06   1.0000000e+00
   6.2929690e+06   1.0000000e+00
   6.2933640e+06   1.0000000e+00
   6.2936850e+06   1.0000000e+00
   6.2937210e+06   1.0000000e+00
   6.2943030e+06   1.0000000e+00
   6.2948170e+06   1.0000000e+00
   6.2952630e+06   1.0000000e+00
   6.2956680e+06   1.0000000e+00
   6.2965570e+06   1.0000000e+00
   6.2966130e+06   1.0000000e+00
   6.2966410e+06   1.0000000e+00
   6.2972900e+06   1.0000000e+00
   6.2973630e+06   1.0000000e+00
   6.2993760e+06   1.0000000e+00
   6.3395810e+06   1.0000000e+00
   6.3992370e+06   1.0000000e+00
   6.3995590e+06   1.0000000e+00
   6.4003060e+06   1.0000000e+00
   6.4492400e+06   1.0000000e+00
   6.4497140e+06   1.0000000e+00
   6.4500030e+06   1.0000000e+00
   6.4504410e+06   1.0000000e+00
   6.4507980e+06   1.0000000e+00
   6.4509200e+06   1.0000000e+00
   6.4510200e+06   1.0000000e+00
   6.4515710e+06   1.0000000e+00
   6.4519370e+06   1.0000000e+00
   6.4527900e+06   1.0000000e+00
   6.4537380e+06   1.0000000e+00
   6.4550200e+06   1.0000000e+00
   6.4557010e+06   1.0000000e+00
   6.5284650e+06   1.0000000e+00
   6.5286310e+06   1.0000000e+00
   6.5291530e+06   1.0000000e+00
   6.5300690e+06   1.0000000e+00
   6.5303590e+06   1.0000000e+00
   6.5306430e+06   1.0000000e+00
   6.5307110e+06   1.0000000e+00
   6.5324520e+06   1.0000000e+00
   6.5387090e+06   1.0000000e+00
   6.5403290e+06   1.0000000e+00
   6.5419520e+06   1.0000000e+00
   6.5421160e+06   1.0000000e+00
   6.5774930e+06   1.0000000e+00
   6.5861230e+06   1.0000000e+00
   6.5869560e+06   1.0000000e+00
   6.5874000e+06   1.0000000e+00
   6.5874860e+06   1.0000000e+00
   6.5875330e+06   1.0000000e+00
   6.5877770e+06   1.0000000e+00
   6.5882220e+06   1.0000000e+00
   6.5887980e+06   1.0000000e+00
   6.5900690e+06   1.0000000e+00
   6.5902470e+06   1.0000000e+00
   6.5920680e+06   1.0000000e+00
   6.5932540e+06   1.0000000e+00
   6.5932890e+06   1.0000000e+00
   6.6483500e+06   1.0000000e+00
   6.6558310e+06   1.0000000e+00
   6.6654290e+06   1.0000000e+00
   6.6796990e+06   1.0000000e+00
   6.6798310e+06   1.0000000e+00
   6.6840340e+06   1.0000000e+00
   6.6841430e+06   1.0000000e+00
   6.6869830e+06   1.0000000e+00
   6.6872840e+06   1.0000000e+00
   6.6884260e+06   1.0000000e+00
   6.6921660e+06   1.0000000e+00
   6.6925600e+06   1.0000000e+00
   6.6930640e+06   1.0000000e+00
   6.6937270e+06   1.0000000e+00
   6.6940770e+06   1.0000000e+00
   6.6943260e+06   1.0000000e+00
   6.6944790e+06   1.0000000e+00
   6.6955150e+06   1.0000000e+00
   6.6962060e+06   1.0000000e+00
   6.6999210e+06   1.0000000e+00
   6.7821480e+06   1.0000000e+00
   6.7828440e+06   1.0000000e+00
   6.7829260e+06   1.0000000e+00
   6.7866920e+06   1.0000000e+00
   6.7874100e+06   1.0000000e+00
   6.7882570e+06   1.0000000e+00
   6.7893870e+06   1.0000000e+00
   6.7904100e+06   1.0000000e+00
   6.7914050e+06   1.0000000e+00
   6.7928150e+06   1.0000000e+00
   6.7991140e+06   1.0000000e+00
   6.8285930e+06   1.0000000e+00
   6.8554390e+06   1.0000000e+00
   6.8557860e+06   1.0000000e+00
   6.8559480e+06   1.0000000e+00
   6.8565240e+06   1.0000000e+00
   6.8570040e+06   1.0000000e+00
   6.8579980e+06   1.0000000e+00
   6.8580450e+06   1.0000000e+00
   6.8586020e+06   1.0000000e+00
   6.8601780e+06   1.0000000e+00
   6.8616520e+06   1.0000000e+00
   6.8930860e+06   1.0000000e+00
   6.8955270e+06   1.0000000e+00
   6.8962010e+06   1.0000000e+00
   6.8976340e+06   1.0000000e+00
   6.8982970e+06   1.0000000e+00
   6.8993080e+06   1.0000000e+00
   6.8998890e+06   1.0000000e+00
   6.9114810e+06   1.0000000e+00
   6.9729630e+06   1.0000000e+00
   6.9743360e+06   1.0000000e+00
   6.9744520e+06   1.0000000e+00
   6.9747800e+06   1.0000000e+00
   6.9748360e+06   1.0000000e+00
   6.9749610e+06   1.0000000e+00
   6.9755420e+06   1.0000000e+00
   6.9760120e+06   1.0000000e+00
   6.9764340e+06   1.0000000e+00
   6.9773540e+06   1.0000000e+00
   6.9902950e+06   1.0000000e+00
   6.9914120e+06   1.0000000e+00
   6.9932410e+06   1.0000000e+00
   6.9939480e+06   1.0000000e+00
   6.9964710e+06   1.0000000e+00
   7.0321180e+06   1.0000000e+00
   7.0327640e+06   1.0000000e+00
   7.0342300e+06   1.0000000e+00
   7.0355440e+06   1.0000000e+00
   7.0355730e+06   1.0000000e+00
   7.0358070e+06   1.0000000e+00
   7.0378650e+06   1.0000000e+00
   7.0640490e+06   1.0000000e+00
   7.0944180e+06   1.0000000e+00
   7.0959880e+06   1.0000000e+00
   7.0973120e+06   1.0000000e+00
   7.0975460e+06   1.0000000e+00
   7.0977440e+06   1.0000000e+00
   7.0987630e+06   1.0000000e+00
   7.0997540e+06   1.0000000e+00
   7.1443560e+06   1.0000000e+00
   7.1460440e+06   1.0000000e+00
   7.1469840e+06   1.0000000e+00
   7.1486850e+06   1.0000000e+00
   7.1497180e+06   1.0000000e+00
   7.1518860e+06   1.0000000e+00
   7.1869860e+06   1.0000000e+00
   7.1878430e+06   1.0000000e+00
   7.1942830e+06   1.0000000e+00
   7.2081360e+06   1.0000000e+00
   7.2226950e+06   1.0000000e+00
   7.2408920e+06   1.0000000e+00
   7.2411860e+06   1.0000000e+00
   7.2412970e+06   1.0000000e+00
   7.2417800e+06   1.0000000e+00
   7.2421450e+06   1.0000000e+00
   7.2423300e+06   1.0000000e+00
   7.2426000e+06   1.0000000e+00
   7.2429090e+06   1.0000000e+00
   7.2433140e+06   1.0000000e+00
   7.2446960e+06   1.0000000e+00
   7.2475480e+06   1.0000000e+00
   7.2480830e+06   1.0000000e+00
   7.2481240e+06   1.0000000e+00
   7.3406090e+06   1.0000000e+00
   7.3411360e+06   1.0000000e+00
   7.3422980e+06   1.0000000e+00
   7.3427180e+06   1.0000000e+00
   7.3431320e+06   1.0000000e+00
   7.4031430e+06   1.0000000e+00
   7.4335330e+06   1.0000000e+00
   7.4431390e+06   1.0000000e+00
   7.4772120e+06   1.0000000e+00
   7.4774970e+06   1.0000000e+00
   7.4775250e+06   1.0000000e+00
   7.4782200e+06   1.0000000e+00
   7.4785660e+06   1.0000000e+00
   7.4787050e+06   1.0000000e+00
   7.4789600e+06   1.0000000e+00
   7.4789990e+06   1.0000000e+00
   7.4797890e+06   1.0000000e+00
   7.4804010e+06   1.0000000e+00
   7.4807950e+06   1.0000000e+00
   7.4811150e+06   1.0000000e+00
   7.4816930e+06   1.0000000e+00
   7.4823120e+06   1.0000000e+00
   7.4835360e+06   1.0000000e+00
   7.4872550e+06   1.0000000e+00
   7.4878420e+06   1.0000000e+00
   7.4897710e+06   1.0000000e+00
   7.4915710e+06   1.0000000e+00
   7.4932530e+06   1.0000000e+00
